4,1.5625,1.7578
8,2.0020,5.2734
12,2.3926,6.8848
16,2.4902,7.8613
20,3.0762,9.4727
24,3.1250,11.2793
28,3.0762,12.0117
32,3.1738,12.9883
36,3.5645,13.7695
40,3.6621,14.3555
44,3.6133,14.3555
48,3.6133,15.6738
52,3.6133,16.3574
56,3.6621,17.3340
60,3.6133,17.9199
64,3.7109,17.8223
68,4.4434,18.1152
72,4.5898,17.7734
76,4.4434,18.8477
80,4.2969,20.8984
84,4.4434,18.7988
88,4.4922,18.9941
92,4.4922,18.8477
96,4.4922,19.4824
100,4.4434,19.6289
104,4.3945,20.2148
108,4.4922,20.8008
112,4.3457,21.0449
116,4.4922,21.7285
120,4.4922,21.4844
124,4.5898,22.5586
128,4.4434,21.7285
132,5.2734,21.9238
136,5.2734,22.8027
140,5.2246,22.3633
144,5.1758,22.3633
148,5.2734,22.7539
152,5.2734,22.6074
156,5.2246,22.9980
160,5.2734,22.7051
164,5.2246,23.3887
168,5.2734,24.4629
172,5.1758,22.7539
176,5.2246,23.5352
180,5.2246,23.3887
184,5.2734,23.6328
188,5.1758,22.6074
192,5.1758,23.3398
196,5.1758,23.2422
200,5.1758,23.5840
204,5.2246,23.9746
208,5.3223,23.8770
212,5.1270,25.2441
216,5.1758,24.8047
220,5.2246,24.5117
224,5.3711,25.0977
228,5.2246,24.9023
232,5.2246,25.1465
236,5.1758,25.7813
240,5.1758,25.6836
244,5.3223,25.4883
248,5.3223,26.0742
252,5.1270,25.9766
256,5.2734,30.2734
260,6.3965,25.9277
264,6.4941,26.1230
268,6.3477,25.8301
272,6.6895,25.8301
276,6.7383,26.1719
280,6.6406,26.1230
284,6.4941,25.6836
288,6.4941,25.4395
292,6.3477,25.8789
296,6.3477,25.5859
300,6.5918,25.5859
304,6.5918,25.6836
308,6.5430,25.0000
312,6.3965,25.2930
316,6.4941,25.2930
320,6.4453,24.9512
324,6.4453,24.8535
328,6.6406,25.3418
332,6.2500,24.9023
336,6.5430,27.4414
340,6.5918,24.6582
344,6.6406,25.0977
348,6.4941,25.1465
352,6.5430,24.8047
356,6.1523,34.3750
360,6.3477,25.3906
364,6.4941,25.0977
368,6.5430,24.8047
372,6.4453,24.9023
376,6.6895,24.7559
380,6.9336,24.7559
384,6.7383,24.5605
388,6.7871,24.6582
392,6.4453,24.3164
396,6.4453,24.5117
400,6.5918,24.8047
404,6.3965,24.3164
408,6.6406,24.6094
412,6.8359,23.9746
416,6.7383,32.4219
420,6.7383,25.2441
424,6.3477,25.0488
428,6.3477,24.7559
432,6.4941,24.8047
436,6.3477,24.9512
440,6.5430,24.6582
444,6.2988,25.4395
448,6.3477,25.2441
452,6.4941,25.4395
456,6.4453,25.0977
460,6.3965,25.4883
464,6.4941,25.3418
468,6.4453,25.0000
472,6.4453,25.7324
476,6.2012,25.6836
480,6.4941,25.4883
484,6.2988,25.4883
488,6.5918,26.0742
492,6.3477,25.1953
496,6.4453,26.4160
500,6.3477,27.6855
504,6.3477,25.9766
508,6.2988,26.4160
512,6.3965,26.1719
516,6.8359,26.2207
520,6.8359,26.4160
524,6.2500,26.1230
528,6.4453,25.9766
532,7.2754,26.5625
536,7.4707,25.9277
540,6.6895,27.6367
544,7.2266,26.1719
548,7.2266,25.3418
552,6.2012,25.8301
556,7.3730,26.0742
560,7.1777,26.1230
564,7.0801,25.8301
568,6.8848,25.6836
572,7.1289,26.1719
576,6.8359,25.8789
580,6.3965,25.7813
584,7.2754,25.9277
588,7.1289,25.8301
592,7.2754,25.5371
596,7.1777,25.2441
600,7.3242,25.6836
604,6.8848,25.5859
608,6.5918,25.7324
612,6.6406,62.3535
616,6.8359,25.6348
620,6.2988,26.1230
624,6.5918,25.9277
628,6.4453,25.2441
632,6.5918,25.4883
636,6.4941,25.7813
640,6.3477,25.4883
644,7.3730,25.5371
648,7.0801,25.3418
652,6.9336,25.3418
656,7.0313,25.5859
660,6.8848,26.5137
664,7.0801,25.1953
668,7.0801,24.8535
672,6.8359,25.1465
676,6.8359,25.3418
680,6.7871,25.6348
684,7.0313,25.3906
688,6.7871,26.0254
692,7.1289,25.0488
696,6.9336,25.0977
700,6.8359,25.0488
704,8.7402,25.3418
708,6.9824,24.8535
712,6.9336,25.5371
716,7.0313,25.2441
720,6.9824,25.1953
724,7.0801,24.9023
728,6.8848,25.1465
732,7.1289,24.7559
736,6.9824,25.0977
740,6.9824,25.0488
744,7.1289,25.9766
748,7.0313,24.6582
752,6.9824,24.8047
756,6.9336,24.8535
760,7.0313,24.4629
764,7.0313,24.1699
768,6.9824,24.9512
772,7.0801,24.9023
776,6.9824,25.1465
780,6.7383,24.6582
784,6.9824,24.8047
788,8.3496,24.4629
792,6.9824,24.6094
796,6.8848,24.3164
800,6.9336,24.5605
804,7.1289,24.5605
808,6.8848,24.7070
812,7.0313,25.0000
816,6.9824,24.3652
820,6.9336,24.6094
824,6.9336,24.4141
828,7.1289,26.5625
832,6.9824,24.3652
836,6.7871,24.7559
840,6.9824,24.8535
844,6.9336,24.9023
848,6.9336,25.1953
852,7.2266,25.0000
856,7.0313,25.2930
860,7.0313,24.7559
864,6.9824,24.5605
868,7.0313,25.1953
872,6.9336,28.1738
876,7.1289,25.1953
880,6.9824,24.8535
884,7.0801,25.0488
888,6.9824,25.0977
892,6.7871,25.1465
896,7.0801,55.9082
900,6.9824,25.1465
904,6.9336,25.7813
908,6.9336,57.0801
912,6.9336,26.0742
916,6.9824,25.0977
920,7.0313,25.2930
924,6.9824,25.3906
928,7.1777,25.7813
932,6.9336,25.2441
936,7.0801,25.6836
940,6.8848,25.4395
944,7.1289,26.0254
948,7.0313,25.7813
952,6.8848,25.6348
956,6.8848,26.1230
960,7.0801,26.1230
964,7.0801,26.1230
968,6.9824,25.5859
972,6.9824,25.6836
976,6.8848,26.0742
980,6.9824,25.4395
984,7.1777,26.5625
988,6.8359,26.6602
992,6.8359,26.2207
996,6.8848,25.7813
1000,6.8848,26.6602
1004,6.9824,26.5625
1008,7.0313,26.8555
1012,7.0313,26.1719
1016,6.9336,26.3672
1020,7.2754,26.5137
1024,7.2266,26.8555
1028,7.6660,28.7598
1032,7.8613,26.9043
1036,8.0566,26.2695
1040,8.0566,26.2695
1044,7.9590,26.3672
1048,8.1543,26.7578
1052,8.1543,26.4648
1056,8.0078,26.0742
1060,7.9590,26.2207
1064,7.7637,26.2695
1068,7.8613,34.0332
1072,6.9336,26.4160
1076,7.9590,26.3184
1080,8.0566,26.2207
1084,7.9590,26.1719
1088,8.0566,26.8066
1092,7.8613,25.8301
1096,7.7637,26.1719
1100,7.3242,26.1719
1104,8.0078,26.2207
1108,8.0566,27.4902
1112,8.0078,26.4160
1116,7.7148,26.3184
1120,7.8613,25.9277
1124,7.7637,25.7813
1128,8.0078,26.0742
1132,8.4961,25.8301
1136,7.9590,26.1719
1140,8.1055,25.8301
1144,8.2520,26.0254
1148,8.0078,27.4414
1152,7.7637,25.5859
1156,8.0566,26.0254
1160,6.2012,25.3906
1164,7.9102,26.1719
1168,7.8613,25.7813
1172,8.2031,62.0605
1176,8.0078,26.9043
1180,8.1055,25.8301
1184,8.0566,27.2461
1188,8.0078,25.6348
1192,8.0566,25.8301
1196,8.1543,25.7324
1200,7.8125,25.9766
1204,9.0332,25.7324
1212,8.1543,25.8301
1220,8.2520,25.7813
1228,6.9336,25.8301
1236,8.0566,25.7324
1244,7.8613,27.8320
1252,7.9590,25.7813
1260,8.0078,25.7324
1268,7.9102,25.6836
1276,8.2031,25.6348
1284,8.1543,26.0742
1292,8.0078,26.0254
1300,8.0078,25.8789
1308,8.1543,25.8301
1316,8.0078,25.1953
1324,8.0566,24.9512
1332,7.9590,25.4883
1340,8.2031,25.4883
1348,8.0566,25.7813
1356,7.9102,25.8301
1364,7.9590,25.9766
1372,8.8867,25.9277
1380,7.7637,25.5371
1388,7.8613,25.1953
1396,7.9102,24.8047
1404,7.9590,25.2441
1412,9.3750,25.1465
1420,7.9590,25.3906
1428,7.9102,25.4395
1436,6.3965,25.4395
1444,8.1055,24.9023
1452,7.8125,25.4395
1460,7.9590,25.0977
1468,8.0566,25.1953
1476,6.8359,25.7813
1484,7.9590,25.1953
1492,7.8613,25.8301
1500,8.0078,25.1465
1508,8.0566,25.1953
1516,8.3496,25.7813
1524,8.5449,25.2441
1532,8.3008,25.1953
1540,8.3008,25.3906
1548,8.0078,24.6582
1556,8.1055,25.1465
1564,8.1055,25.0000
1572,8.0566,26.5137
1580,8.4961,25.2441
1588,7.7148,25.8789
1596,7.8125,25.5859
1604,8.1055,25.1465
1612,8.0566,25.8301
1620,9.3262,24.9512
1628,8.3008,25.3906
1636,7.8125,25.4883
1644,8.7891,25.3906
1652,7.7637,26.3672
1660,7.8613,25.1465
1668,7.2754,25.9766
1676,8.2031,25.7324
1684,7.8613,25.9277
1692,7.7148,26.2207
1700,7.8613,25.5859
1708,7.9102,26.0742
1716,8.0566,25.6348
1724,8.1543,25.5371
1732,11.6699,25.5859
1740,8.2031,25.8789
1748,8.3008,25.5859
1756,7.7637,26.1230
1764,7.4707,25.8301
1772,7.7637,26.1719
1780,7.5195,25.6836
1788,8.1543,25.5371
1796,7.9590,26.1230
1804,7.8613,25.7813
1812,9.4238,25.8789
1820,7.9102,25.9766
1828,8.0078,26.0254
1836,8.3496,26.1230
1844,8.1543,26.4160
1852,7.6172,25.8789
1860,7.7148,26.4160
1868,7.6172,25.8301
1876,8.0566,26.2207
1884,7.2754,26.2207
1892,9.4727,26.4160
1900,7.8613,26.5625
1908,8.1055,26.4160
1916,8.4961,26.4160
1924,8.1055,26.3672
1932,8.3984,26.9531
1940,7.7148,26.8066
1948,8.0078,25.9766
1956,7.6172,26.6602
1964,8.1543,27.0020
1972,8.8867,27.0020
1980,8.1543,26.7578
1988,8.0078,26.8066
1996,7.7148,26.5137
2004,7.6172,27.1973
2012,7.5684,26.5137
2020,7.8125,27.4414
2028,7.3730,26.9043
2036,7.9102,27.3926
2044,8.0566,27.2949
2052,9.0820,27.1973
2060,9.1309,27.1973
2068,9.0332,27.9297
2076,9.1309,27.4902
2084,9.0820,27.3438
2092,9.1309,27.2949
2100,9.0820,27.2949
2108,9.0332,27.0996
2116,9.1309,27.1484
2124,9.1797,28.0273
2132,9.1797,27.2461
2140,9.0820,27.3438
2148,9.1797,27.1484
2156,8.8867,27.3438
2164,9.1309,26.8066
2172,9.1309,27.1973
2180,9.0820,27.1973
2188,8.9844,27.2461
2196,9.1797,31.8359
2204,9.2285,27.2949
2212,9.1797,26.9043
2220,9.1309,27.0508
2228,9.1309,26.7578
2236,9.1309,27.0020
2244,9.1309,26.4160
2252,8.8867,26.6113
2260,9.2285,27.0996
2268,8.9844,27.0996
2276,9.0820,26.3184
2284,9.0820,26.9531
2292,9.1309,26.4648
2300,8.9844,26.4160
2308,9.0820,27.2949
2316,9.1309,26.9531
2324,9.1309,26.6602
2332,8.9844,26.3184
2340,9.1309,26.4648
2348,10.2539,26.7090
2356,9.1309,26.7090
2364,9.0332,26.5137
2372,9.0820,26.2207
2380,8.9844,26.6602
2388,8.9844,26.4648
2396,9.0332,26.5137
2404,9.1309,26.4648
2416,9.1797,26.3184
2428,9.0820,26.0742
2440,9.0332,25.9766
2452,9.1797,26.0254
2464,9.0332,26.5137
2476,9.1309,26.6113
2488,9.0820,26.5137
2500,9.0820,25.9766
2512,9.0332,25.9277
2524,9.0332,26.0742
2536,9.0332,26.4160
2548,8.9355,27.7344
2560,9.0820,26.2207
2572,9.0820,26.7578
2584,9.0332,26.2207
2596,9.1797,26.3184
2608,9.0332,26.2695
2620,9.1309,26.3184
2632,8.9844,25.9766
2644,9.0332,26.2207
2656,9.0332,26.7578
2668,9.0820,26.7090
2680,8.9355,26.1719
2692,9.0332,26.0254
2704,9.0332,26.6113
2716,9.0332,26.4160
2728,8.9844,26.3672
2740,9.0820,26.4648
2752,9.0332,25.9766
2764,8.9844,26.1719
2776,9.0820,26.1230
2788,9.1309,25.7813
2800,9.2285,25.8301
2812,9.1309,25.9766
2824,8.9844,25.6836
2836,8.9844,26.1230
2848,9.0820,26.2695
2860,9.1797,26.2207
2872,9.0820,25.8789
2884,9.0820,26.3672
2896,8.9844,26.2207
2908,9.0332,25.6836
2920,9.0820,25.8789
2932,9.0332,26.0254
2944,9.1309,54.2480
2956,9.1797,25.8301
2968,9.0820,26.2207
2980,9.1309,25.9277
2992,9.1797,25.9766
3004,8.9844,25.9766
3016,10.9375,26.1230
3028,9.0820,26.1719
3040,9.0820,25.2441
3052,9.0332,25.4395
3064,8.9844,25.5859
3076,8.8867,25.8789
3088,9.0820,25.8789
3100,9.0332,25.6348
3112,9.0332,25.6348
3124,8.9844,26.2207
3136,9.0332,25.8789
3148,8.8867,26.0742
3160,9.0820,25.9766
3172,8.9844,25.9277
3184,9.1309,25.4883
3196,9.0820,25.5371
3208,9.0332,25.8789
3220,9.0820,26.1230
3232,8.9844,25.8789
3244,9.0820,27.1484
3256,8.8867,25.4395
3268,9.1309,26.2207
3280,8.9844,25.9277
3292,9.0820,25.6348
3304,8.9844,26.2207
3316,9.1309,25.8789
3328,9.0332,26.1230
3340,9.2773,25.4395
3352,9.1797,25.9277
3364,8.8867,27.6367
3376,9.0820,26.0742
3388,9.6680,25.8301
3400,9.0332,25.9766
3412,9.2285,26.6113
3424,9.5703,25.9766
3436,9.1309,26.3184
3448,9.1309,26.1230
3460,8.9844,26.4160
3472,9.0332,26.6113
3484,8.9355,27.1973
3496,9.2285,25.6348
3508,9.0820,26.3184
3520,9.0820,26.5625
3532,9.1797,26.5137
3544,9.0820,26.5625
3556,9.0332,26.3184
3568,9.1309,26.6602
3580,8.9355,26.5137
3592,9.1309,26.4160
3604,9.0820,26.3672
3620,8.9844,26.5625
3636,9.0332,26.6602
3652,9.0332,26.8555
3668,8.9844,27.0020
3684,8.9844,27.0020
3700,9.1309,26.6602
3716,9.0820,26.9531
3732,8.9844,27.1973
3748,8.8867,27.6855
3764,9.0820,26.8066
3780,8.9844,26.8555
3796,9.1309,56.8848
3812,9.0820,27.2949
3828,8.9844,27.0020
3844,9.0332,26.9043
3860,9.1309,27.0508
3876,9.1309,27.1973
3892,9.0332,28.3691
3908,9.0332,27.6855
3924,9.0820,27.6855
3940,9.0820,27.5879
3956,8.8867,27.6367
3972,9.0332,28.2715
3988,9.0332,28.0762
4004,9.2285,27.6367
4020,8.6914,27.5879
4036,9.0332,28.1250
4052,16.9922,28.2227
4068,9.0332,28.0762
4084,9.0820,28.0273
4100,10.7422,28.1250
4116,10.5469,27.7832
4132,10.5957,28.5645
4148,10.5469,27.8320
4164,10.5957,27.5391
4180,10.5469,28.3203
4196,11.9141,27.9297
4212,10.4980,28.3203
4228,10.5957,28.1250
4244,10.4980,28.0762
4260,10.6934,28.0762
4276,10.5957,27.8809
4292,10.5957,27.8809
4308,10.5957,27.9785
4324,10.6934,27.3438
4340,12.4023,28.1738
4356,11.3281,27.6367
4372,10.5469,27.7344
4388,11.1328,27.9785
4404,10.5957,28.1738
4420,10.5469,27.7344
4436,10.5469,27.2461
4452,10.5957,27.8320
4468,10.6445,27.4414
4484,10.7422,28.2227
4500,10.6445,27.7832
4516,10.6445,27.6855
4532,10.6445,27.3926
4548,10.5957,27.4902
4564,10.6934,27.5879
4580,10.5469,27.1973
4596,10.6445,27.1484
4612,10.7422,27.3438
4628,10.7422,29.2969
4644,10.5469,27.7832
4660,10.5957,27.9297
4676,10.6445,27.4414
4692,10.5957,27.1973
4708,10.6445,26.9531
4724,10.6934,26.9043
4740,10.5957,27.3926
4756,10.6445,26.4648
4772,10.7422,27.0020
4788,10.6445,27.1484
4804,10.4980,27.3438
4824,10.7422,56.4453
4844,10.6445,27.3926
4864,10.5469,27.5879
4884,10.6445,27.3438
4904,10.6934,26.8066
4924,10.5469,27.3926
4944,10.6934,28.0273
4964,10.4980,27.0996
4984,10.6445,26.8066
5004,10.5469,26.7090
5024,10.5469,26.7090
5044,10.6445,26.3184
5064,10.7422,27.2461
5084,10.7910,26.7090
5104,10.5957,26.6602
5124,10.7910,26.9531
5144,10.5957,26.8555
5164,10.7422,26.7578
5184,10.6445,26.9531
5204,10.6445,27.3438
5224,10.6445,26.7090
5244,10.6934,27.2461
5264,10.6934,26.5625
5284,10.6445,26.9531
5304,10.5469,26.5625
5324,13.8672,27.0020
5344,10.7422,26.9531
5364,10.5469,26.6602
5384,10.4492,26.8555
5404,10.4980,26.9531
5424,10.7422,26.4648
5444,10.4980,26.7578
5464,10.5469,26.2207
5484,10.6934,26.9043
5504,11.8652,27.1973
5524,10.7422,26.5137
5544,10.5957,26.5137
5564,10.7910,26.9531
5584,10.6934,26.9043
5604,10.6934,26.6602
5624,10.6445,26.3672
5644,10.5469,26.6113
5664,10.6934,26.5137
5684,10.7910,28.5156
5704,10.7422,26.3672
5724,10.5957,26.6602
5744,10.6445,27.1484
5764,10.5469,26.6113
5784,10.6934,26.8555
5804,10.6934,26.1719
5824,10.5469,26.7090
5844,10.6445,26.9043
5864,10.6934,26.8555
5884,11.7188,26.2695
5904,10.6445,26.5137
5924,10.7422,26.5625
5944,10.4980,26.4160
5964,10.6445,26.2695
5984,10.7910,26.0254
6004,10.5469,26.6113
6028,10.5469,26.5625
6052,10.6934,26.3184
6076,10.6934,28.4668
6100,10.7422,26.2695
6124,10.6445,54.7363
6148,10.4492,26.3672
6172,10.7422,26.2207
6196,10.6445,26.2695
6220,10.6445,26.1719
6244,10.6934,26.0742
6268,10.5957,26.4648
6292,10.5957,28.4180
6316,10.6934,26.6113
6340,10.6934,26.1719
6364,10.7422,26.3184
6388,10.6445,26.6113
6412,10.6445,26.6113
6436,10.7910,26.4160
6460,10.7422,26.4648
6484,10.5469,26.5137
6508,10.6445,27.0508
6532,10.7422,26.9531
6556,10.4980,26.5137
6580,10.4980,26.4160
6604,10.6445,26.6113
6628,10.6445,26.4648
6652,9.7168,26.5137
6676,10.5469,26.8555
6700,10.6934,26.4648
6724,10.6934,26.8555
6748,11.2305,26.7090
6772,11.5234,26.0254
6796,10.9375,26.7090
6820,10.7910,26.2695
6844,10.5957,26.5625
6868,10.7422,26.9531
6892,10.5957,26.6113
6916,10.6934,26.9043
6940,10.6445,26.5137
6964,10.5469,34.6680
6988,10.6934,27.0020
7012,10.6934,26.8066
7036,10.6934,26.4160
7060,10.5469,27.3438
7084,10.7422,26.6602
7108,10.6445,27.0020
7132,10.5469,26.8555
7156,10.6445,27.1484
7180,10.6445,28.5156
7204,10.4492,27.0020
7232,10.6934,27.4414
7260,10.6934,27.0508
7288,10.6934,27.1484
7316,10.5957,27.1973
7344,10.6445,27.1973
7372,10.6934,27.4414
7400,10.6445,26.9043
7428,10.6445,28.7598
7456,10.6445,27.1973
7484,10.6445,27.2461
7512,10.6445,27.8320
7540,10.5469,27.2949
7568,10.6934,27.8320
7596,10.5469,27.8320
7624,10.5957,27.6855
7652,10.5469,27.1973
7680,10.6445,27.8809
7708,10.5469,27.6855
7736,40.8691,28.0273
7764,10.5469,27.4902
7792,10.7910,27.9297
7820,10.6445,27.7344
7848,10.7422,27.8320
7876,10.6445,27.8320
7904,10.6445,28.0762
7932,10.5957,29.1992
7960,10.7422,28.1738
7988,10.6445,28.2715
8016,10.6934,28.1738
8044,10.6445,28.4180
8072,10.5957,28.8086
8100,10.4980,28.5156
8128,10.6445,28.1738
8156,10.6934,28.5156
8184,10.6445,30.3711
8212,11.6211,28.1738
8240,11.4746,28.5645
8268,11.4746,29.0527
8296,11.4746,27.9785
8324,11.4258,28.6133
8352,11.4258,28.0273
8380,11.5723,28.5156
8408,11.6699,28.4180
8440,13.4277,28.5156
8472,11.5723,28.2227
8504,11.6699,28.4180
8536,11.5234,28.3203
8568,11.6211,28.5156
8600,11.6699,28.4668
8632,11.6699,27.9297
8664,11.6699,27.7832
8696,11.4746,27.8809
8728,15.0879,28.2715
8760,11.6699,27.5879
8792,11.6699,27.9297
8824,11.4746,27.7344
8856,11.4258,28.3203
8888,11.6211,28.4180
8920,11.5723,27.7344
8952,11.5234,27.7832
8984,11.6211,27.8809
9016,12.6465,27.2949
9048,11.6699,27.4902
9080,11.6699,27.9297
9112,11.4258,27.7832
9144,11.4746,27.8320
9176,11.5234,27.5879
9208,11.5723,27.3926
9240,11.6211,27.8809
9272,11.6211,27.6855
9304,12.8418,27.4902
9336,11.5723,27.7344
9368,11.4746,27.8809
9400,11.3770,27.4414
9432,11.6211,27.3926
9464,11.4746,27.7832
9496,11.6211,27.0996
9528,11.4746,27.2949
9560,11.7188,27.2461
9592,12.8418,56.1035
9624,11.7188,28.0273
9660,11.4746,27.3926
9696,11.5723,27.3438
9732,11.5723,27.2461
9768,11.4258,27.2949
9804,11.5234,27.3438
9840,11.6211,27.5391
9876,12.9395,27.5879
9912,12.3047,26.9531
9948,11.6211,27.2461
9984,11.6211,27.6855
10020,11.5234,27.0020
10056,11.6211,27.4414
10092,11.5234,26.9043
10128,11.6211,27.3926
10164,11.6211,27.2461
10200,12.4512,26.8555
10236,11.6699,26.8066
10272,11.6699,26.7578
10308,11.6211,27.5879
10344,11.4746,26.9043
10380,11.5723,27.3926
10416,11.6699,27.5391
10452,11.5723,27.0508
10488,11.5723,27.7832
10524,11.4258,28.5156
10560,11.5234,26.9531
10596,11.5234,27.3926
10632,11.6699,27.3438
10668,11.6699,27.3926
10704,11.4258,27.0996
10740,11.4746,27.2461
10776,11.5234,28.1250
10812,11.4746,27.5879
10852,11.5723,28.8086
10892,11.4746,27.0020
10932,11.4258,27.3926
10972,11.6211,27.8320
11012,11.3281,27.2461
11052,12.2070,27.1484
11092,11.5234,27.6855
11132,11.5723,27.2949
11172,11.4746,27.0508
11212,11.5234,28.0762
11252,11.5234,27.0508
11292,11.5234,27.3438
11332,11.6211,26.9043
11372,11.5723,27.0020
11412,11.6699,27.1973
11452,11.6699,26.9043
11492,11.6211,26.8555
11532,11.4258,26.8555
11572,11.5723,35.6445
11612,11.5723,27.6855
11652,11.6699,27.1973
11692,11.6211,27.1484
11732,11.6211,26.7578
11772,11.6699,26.9531
11812,11.4258,27.0020
11852,11.4746,26.6113
11892,11.5723,26.4648
11932,11.4746,58.9844
11972,11.5723,27.0996
12012,11.5234,26.5137
12056,11.6211,26.5137
12100,11.4258,26.1230
12144,11.4746,26.7090
12188,11.5723,26.8555
12232,11.4746,26.6602
12276,11.4258,26.9043
12320,11.5723,26.1719
12364,11.5723,26.7090
12408,11.6211,26.7090
12452,11.5234,26.5625
12496,11.5723,26.6602
12540,11.5723,26.5137
12584,11.6211,26.8555
12628,11.4746,26.7578
12672,11.6699,27.0020
12716,12.4512,26.6602
12760,11.5723,26.4160
12804,11.5234,26.7090
12848,11.5234,26.7090
12892,11.5723,27.4902
12936,11.5723,27.0508
12980,11.5234,27.1973
13024,11.6211,26.8066
13068,11.5723,27.2461
13112,12.6953,27.5879
13156,11.6211,27.0508
13200,11.4746,27.2461
13244,11.6211,27.8320
13292,11.5234,27.5879
13340,11.5234,27.5391
13388,11.6699,26.6602
13436,11.5234,27.1484
13484,11.6211,27.5391
13532,12.6465,27.6855
13580,11.5723,28.0762
13628,11.6211,27.1973
13676,11.5723,27.3926
13724,11.7188,27.8809
13772,11.6211,27.3926
13820,11.6699,27.2461
13868,11.5234,27.3438
13916,11.4746,27.0508
13964,11.6211,27.2461
14012,11.7676,27.4902
14060,11.6211,27.5879
14108,11.5723,27.5391
14156,11.7188,27.6367
14204,11.4258,27.3438
14252,11.4258,27.3926
14300,11.5234,27.1484
14348,11.6699,27.6855
14396,12.9395,27.7344
14444,11.5234,27.1484
14496,11.4258,27.5879
14548,11.5234,27.8809
14600,11.7188,28.0273
14652,11.5723,27.8320
14704,11.5723,28.7109
14756,11.5723,27.9785
14808,11.5234,28.0762
14860,11.6699,28.5156
14912,11.5723,28.3691
14964,11.7188,28.4180
15016,11.5723,27.9785
15068,11.5234,27.6367
15120,11.5234,28.3203
15172,11.5234,28.3691
15224,11.5234,28.0273
15276,11.5723,29.4922
15328,12.0605,28.2227
15380,11.5234,28.5156
15432,11.5234,28.7598
15484,11.6211,28.0273
15536,11.4258,28.9551
15588,11.5723,27.9785
15640,11.5234,28.9063
15696,11.5723,29.2969
15752,11.5723,29.9316
15808,11.6211,28.5156
15864,11.5723,28.7109
15920,11.6699,28.7598
15976,11.6211,28.7109
16032,11.8652,28.7598
16088,11.5234,28.5645
16144,11.6699,29.1992
16200,11.5723,28.7598
16256,11.5723,28.6133
16312,11.7676,29.3457
16368,12.0117,29.6875
16424,12.4512,29.3457
16480,12.4512,28.7598
16536,12.4512,29.5898
16592,12.5000,29.1016
16648,12.4512,29.1504
16704,12.4023,30.0293
16760,12.4023,29.4922
16816,12.4023,29.2969
16876,12.4023,28.8086
16936,12.4023,29.1992
16996,12.4023,28.7109
17056,12.4512,29.1992
17116,12.4512,28.6621
17176,12.5000,29.1016
17236,12.4023,30.0293
17296,12.4512,29.4922
17356,12.4023,28.1250
17416,12.5000,29.1504
17476,12.4023,28.6621
17536,12.4023,28.6133
17596,12.4512,28.6621
17656,12.4023,28.8086
17716,12.4023,28.7109
17776,12.4512,28.9063
17836,12.4512,29.0039
17896,12.4023,28.5156
17956,12.4023,28.7598
18016,12.4023,28.2227
18080,12.4023,28.2715
18144,12.4023,28.4668
18208,12.3047,55.8594
18272,14.0625,27.9297
18336,12.4023,28.6621
18400,12.4023,28.3691
18464,12.4512,28.3691
18528,12.4023,28.6133
18592,12.4023,28.5645
18656,12.5000,28.2227
18720,12.5000,28.0762
18784,12.4512,32.7148
18848,12.4512,28.3691
18912,12.4023,28.3691
18976,12.5000,28.0273
19040,12.4023,28.1250
19104,12.4023,28.1738
19168,12.4023,27.9297
19232,12.4023,28.7109
19300,12.4512,28.2715
19368,12.4023,29.5898
19436,12.4023,28.0273
19504,12.6465,27.3438
19572,12.4512,27.6367
19640,12.4023,27.7344
19708,12.4023,27.9297
19776,12.4512,28.1738
19844,12.4512,28.5645
19912,12.4023,27.4414
19980,14.0137,28.1738
20048,12.4512,27.7832
20116,12.3535,27.0020
20184,12.4512,27.6855
20252,12.4512,27.3926
20320,12.4023,27.4902
20388,12.4023,27.5391
20456,12.4512,27.7344
20528,12.4023,27.6855
20600,12.4512,27.0996
20672,12.4512,27.6855
20744,12.4023,27.9297
20816,12.4512,27.2949
20888,12.3535,27.6855
20960,12.4512,27.7832
21032,12.4512,27.7832
21104,12.3535,27.9785
21176,12.4023,29.5410
21248,12.4023,27.9297
21320,12.4023,27.1484
21392,12.4512,27.1973
21464,12.4023,27.7832
21536,12.4023,27.1973
21608,12.4512,27.5879
21684,12.4023,27.8320
21760,12.5000,28.2227
21836,12.4023,31.1035
21912,12.4512,27.5879
21988,12.3535,27.7832
22064,12.4023,27.7832
22140,12.4023,27.2949
22216,12.4023,28.1738
22292,12.4023,27.3438
22368,12.4023,27.4414
22444,12.4512,28.3691
22520,12.4023,27.2949
22596,12.4023,27.3438
22672,12.4512,27.0020
22748,12.4512,27.0508
22824,12.4512,27.3926
22904,12.4512,27.3926
22984,12.4023,26.9043
23064,12.4023,27.2949
23144,12.4023,28.5645
23224,12.3535,27.5391
23304,12.4512,27.4414
23384,12.4512,27.3926
23464,12.4023,26.8555
23544,12.4023,26.8555
23624,12.4023,27.3926
23704,12.5488,27.3438
23784,12.4023,27.1973
23864,12.5000,28.0273
23944,12.3535,26.9043
24024,12.4512,27.6367
24108,12.4512,27.4902
24192,12.4023,26.8066
24276,12.4023,27.1973
24360,12.4512,27.2949
24444,12.4512,27.0020
24528,12.4023,26.9531
24612,12.4512,27.8809
24696,12.4512,27.0020
24780,12.4023,26.7578
24864,12.4512,26.9043
24948,12.3535,27.6855
25032,12.4512,27.1484
25116,12.4023,26.8555
25200,12.4023,26.8555
25284,12.4512,26.7578
25372,12.4512,28.3691
25460,12.4023,26.9531
25548,12.4512,27.0508
25636,12.5000,27.2949
25724,12.4023,27.2461
25812,12.4512,27.0020
25900,12.4512,27.3438
25988,12.4512,27.2949
26076,12.5000,27.6855
26164,13.8184,27.0996
26252,12.5000,27.2461
26340,12.4023,27.6855
26428,12.4023,27.7344
26520,12.5000,27.3926
26612,12.3535,26.9531
26704,12.5000,27.0508
26796,12.4023,27.0508
26888,12.4023,27.3438
26980,13.8672,27.6855
27072,12.4512,27.5391
27164,12.4023,27.9297
27256,12.4023,27.5391
27348,12.4023,28.0273
27440,12.5000,27.0020
27532,12.4023,27.2949
27624,12.4512,27.2949
27720,13.9160,27.5391
27816,12.3535,27.6367
27912,12.4512,27.4902
28008,12.5977,27.6855
28104,12.7930,27.6367
28200,12.6465,27.8809
28296,12.4023,27.4902
28392,12.4023,27.3438
28488,12.4023,27.6367
28584,12.5000,27.2461
28680,13.0371,27.9297
28776,12.5000,27.9297
28872,12.4023,27.9785
28972,12.4512,28.1738
29072,12.4023,28.1738
29172,12.4512,28.0273
29272,12.4512,27.8809
29372,12.4023,29.3945
29472,12.5000,27.8809
29572,12.4023,27.5391
29672,12.4023,27.9785
29772,12.4512,27.7344
29872,12.4512,27.9785
29972,12.4023,28.3203
30072,12.4512,28.0762
30176,12.4512,28.4668
30280,12.4023,33.7891
30384,12.5000,28.4180
30488,12.4023,28.5156
30592,12.5000,28.3691
30696,12.4023,28.4668
30800,12.4512,28.4668
30904,12.5000,28.5156
31008,12.4512,28.6133
31112,12.4023,28.3203
31216,13.5742,28.3203
31324,12.4512,28.8574
31432,12.4023,29.0039
31540,12.5000,28.9551
31648,12.5000,28.4180
31756,12.4023,28.8086
31864,12.4023,28.9551
31972,12.4023,29.1504
32080,12.4023,29.7852
32188,12.4512,28.8086
32296,12.5488,29.4922
32404,12.5000,29.3945
32516,12.4512,29.3457
32628,12.4023,29.8340
32740,12.4512,29.5898
32852,13.4277,29.4434
32964,13.3301,29.1992
33076,14.9902,28.7598
33188,13.4766,29.7852
33300,13.6230,29.1504
33412,13.5254,29.0527
33524,13.4277,29.1992
33636,13.3789,29.2480
33752,43.9453,29.3457
33868,13.5742,29.4434
33984,13.6230,28.1250
34100,13.5254,29.2969
34216,13.5254,29.1504
34332,13.6230,29.3945
34448,13.4277,28.9063
34564,13.4766,29.0039
34680,13.4277,28.7109
34796,13.5254,29.0039
34912,13.5254,29.8828
35032,13.4766,28.8574
35152,13.5742,29.0527
35272,13.5742,28.7109
35392,13.5254,29.3945
35512,13.5254,28.8574
35632,13.4277,29.4434
35752,13.5742,28.5156
35872,13.4277,30.3711
35992,13.4766,28.6133
36112,13.4277,28.4180
36236,13.4766,28.4180
36360,13.5254,28.6133
36484,13.4277,28.8086
36608,13.4766,28.5645
36732,13.5254,28.5645
36856,13.6719,29.0039
36980,15.0391,28.5156
37104,13.4766,28.4668
37228,13.5254,28.5645
37356,13.4277,28.6621
37484,13.3789,28.8574
37612,13.4277,28.4668
37740,13.6230,28.9551
37868,13.5254,28.9551
37996,13.4766,29.9316
38124,13.4277,28.5156
38252,13.4277,27.8320
38380,13.4766,27.9785
38508,13.4766,28.2715
38640,13.4766,28.2227
38772,13.4277,28.0762
38904,14.3555,27.7832
39036,13.5742,28.0762
39168,14.5020,28.2715
39300,13.5254,28.1738
39432,13.5742,28.1250
39564,13.6719,28.1738
39696,13.4277,27.9297
39832,13.3301,28.9551
39968,13.5254,28.5645
40104,13.5254,28.6133
40240,13.5254,29.4922
40376,13.4766,28.2715
40512,13.3789,27.8809
40648,13.4277,28.7598
40784,13.5254,28.0762
40920,13.3789,27.7344
41060,41.9922,28.4180
41200,13.5742,28.1250
41340,13.2813,29.8828
41480,13.4766,28.2227
41620,13.4766,28.5156
41760,13.5742,28.1250
41900,13.4766,27.4414
42040,13.3301,28.1250
42184,13.4766,28.4668
42328,13.5254,28.2715
42472,13.3789,28.0273
42616,13.4277,27.9785
42760,13.9160,27.7832
42904,13.3301,27.7344
43048,13.3301,28.2715
43192,13.5254,28.0762
43336,13.3789,27.9297
43484,13.4277,28.7109
43632,13.3301,27.9785
43780,13.4766,29.3457
43928,13.4766,28.4180
44076,13.3301,28.0762
44224,13.6230,27.8320
44372,13.4766,27.8320
44520,13.3789,27.8320
44672,13.5254,27.2461
44824,13.5742,27.9297
44976,13.6230,27.8809
45128,13.4766,28.2227
45280,13.4766,27.8809
45432,13.5254,27.8320
45584,13.4277,27.9785
45736,13.5254,27.3926
45892,13.5254,27.8320
46048,13.6230,27.7344
46204,13.5742,28.3203
46360,13.5254,28.9063
46516,13.5742,27.8320
46672,13.5742,27.2949
46828,13.5742,27.8320
46988,13.4277,28.1738
47148,13.4766,27.4414
47308,13.5254,27.8320
47468,13.4277,27.2461
47628,13.4766,27.0508
47788,28.9551,27.6367
47948,13.3789,27.3926
48108,13.4766,27.9785
48272,13.3301,28.1250
48436,13.4277,27.5879
48600,13.4766,26.9043
48764,13.4766,27.3438
48928,13.4277,27.3926
49092,13.5254,28.7109
49256,13.4766,27.5879
49424,13.4766,27.6367
49592,13.4766,27.6367
49760,13.4766,27.4414
49928,13.6230,27.4902
50096,13.4766,27.4902
50264,13.3789,27.9785
50432,13.7207,29.5898
50604,13.4766,27.7832
50776,13.4766,27.6855
50948,13.4766,27.6855
51120,13.5254,27.9297
51292,13.5742,27.7344
51464,13.5254,27.1484
51636,13.3789,28.1250
51812,13.5254,27.7832
51988,13.4766,27.4902
52164,13.5254,28.2715
52340,13.5254,28.2227
52516,13.2324,28.1738
52692,13.8184,28.1250
52868,13.8672,27.3438
53048,13.4766,28.1738
53228,13.4766,27.6855
53408,13.4766,29.2969
53588,13.6719,28.1250
53768,13.4766,28.7109
53948,13.5254,27.5879
54128,13.3301,27.7344
54312,13.5254,28.4180
54496,13.6230,28.0762
54680,13.4766,28.3203
54864,13.4766,28.0762
55048,14.7461,28.2715
55232,13.5254,28.1738
55420,13.4766,27.6855
55608,13.4277,27.8320
55796,13.5254,27.9297
55984,13.4277,28.5156
56172,13.5254,28.4668
56360,13.4766,28.4668
56548,13.5742,28.8574
56740,13.5742,28.0273
56932,13.5742,28.1250
57124,13.5742,28.0762
57316,13.3789,28.6621
57508,13.5742,28.4668
57700,13.5742,28.1250
57896,13.4766,28.1250
58092,13.5742,28.9063
58288,13.4766,28.4668
58484,13.6230,28.4668
58680,13.5742,28.3203
58876,13.4766,28.2715
59076,13.4766,28.2227
59276,13.4766,28.0273
59476,13.4277,29.2480
59676,13.4766,28.9063
59876,13.4766,29.8340
60076,13.5254,29.0527
60280,13.4766,28.5156
60484,13.3789,29.3945
60688,13.5254,57.7637
60892,13.5254,28.5156
61096,13.5254,29.0527
61300,13.5254,29.1016
61508,13.4766,29.0039
61716,13.5254,29.1016
61924,13.3789,28.8574
62132,13.5254,29.1504
62340,13.4277,28.6621
62548,13.5742,28.5156
62760,13.4277,29.4922
62972,13.3789,29.2480
63184,13.4277,30.8594
63396,13.4766,29.4434
63608,13.4277,29.4434
63824,13.5742,29.7852
64040,13.6230,29.3945
64256,13.4277,29.6387
64472,13.5742,29.3457
64688,13.5254,30.0293
64904,13.4766,31.2012
65124,13.4766,30.2246
65344,13.5254,29.7363
65564,14.4043,29.6387
65784,14.4531,29.3945
66004,14.4043,29.6387
66228,14.5508,29.6387
66452,14.4531,29.6387
66676,14.3555,31.6406
66900,14.4043,29.9316
67124,14.4531,29.3945
67348,14.3555,29.6387
67576,14.3066,29.9316
67804,14.4531,29.2480
68032,14.3555,29.7363
68260,14.3555,29.9316
68488,14.4531,30.7129
68720,14.4531,29.5898
68952,14.4043,30.3223
69184,14.4531,29.8828
69416,14.5508,29.7852
69648,14.4043,29.1992
69884,14.4043,29.2969
70120,14.4043,29.6875
70356,14.4043,29.4434
70592,14.3066,29.1504
70828,14.3555,29.4434
71068,14.3066,28.9551
71308,14.5020,28.9063
71548,14.5020,28.9063
71788,14.4531,29.3457
72028,14.4043,29.6387
72272,14.3555,29.0527
72516,15.5273,29.2480
72760,14.5020,29.3945
73004,14.3555,28.7109
73248,14.2578,29.1504
73496,14.3066,29.3457
73744,14.3555,28.8086
73992,14.4531,28.9063
74240,14.3555,34.3750
74488,14.4043,29.2969
74740,14.5996,29.0527
74992,14.2578,29.8828
75244,14.3555,29.2480
75496,14.3066,29.0527
75748,14.3066,29.5410
76004,14.2090,28.9063
76260,14.4531,29.3457
76516,14.2578,29.3457
76772,14.4043,29.1992
77028,15.0391,29.4434
77288,14.5020,28.9063
77548,14.3555,28.7109
77808,14.3066,28.9551
78068,14.2578,29.2480
78332,14.4043,29.1016
78596,19.0918,29.0039
78860,14.3555,29.1016
79124,14.4531,29.2480
79388,14.4531,29.1992
79656,14.4043,28.7109
79924,14.4531,28.5645
80192,14.4531,28.8574
80460,14.4531,28.7598
80732,15.6250,29.3945
81004,14.2090,28.7109
81276,14.4043,28.8086
81548,14.3066,29.3945
81820,14.3066,28.4180
82096,14.2578,28.8574
82372,14.4043,28.9063
82648,14.4043,28.2227
82924,14.2578,29.9805
83204,14.2578,29.1016
83484,14.3066,29.0527
83764,14.4043,28.6621
84044,14.4531,29.2480
84328,14.3066,29.0527
84612,14.4043,29.0039
84896,14.3555,28.7598
85180,14.7949,29.6875
85464,14.3555,29.0527
85752,14.5508,28.7598
86040,14.4043,29.4922
86328,14.2578,28.8574
86616,14.4531,28.7109
86908,14.3555,29.0527
87200,14.4043,29.3457
87492,14.3555,30.4688
87784,14.5508,29.0039
88080,14.1602,28.7109
88376,14.4043,28.8574
88672,44.9707,29.2969
88968,14.4531,28.8086
89268,14.4531,28.3691
89568,14.3555,28.4668
89868,14.5020,29.9805
90168,14.4043,28.5156
90472,14.2578,28.2227
90776,14.4043,28.4668
91080,14.3066,28.4180
91384,14.3555,28.3203
91692,14.4531,28.7598
92000,14.3066,28.6133
92308,14.2090,29.9805
92616,14.5020,28.4668
92928,14.2578,28.5645
93240,14.4043,28.6133
93552,14.4043,28.6133
93864,14.3066,28.4668
94180,14.4531,28.5156
94496,14.5508,28.1738
94812,14.4043,29.8828
95132,14.4043,28.5156
95452,14.2578,28.2227
95772,14.5996,29.0527
96092,14.3555,28.1250
96416,14.4043,28.7109
96740,14.4531,28.3691
97064,14.4531,28.0762
97388,14.5020,28.7109
97716,14.4531,28.2715
98044,14.2578,28.1738
98372,14.9902,28.9551
98700,14.4043,28.0762
99032,14.4531,28.5645
99364,14.5508,29.1016
99696,14.5020,29.2480
100032,14.4531,28.7109
100368,15.6250,28.7598
100704,14.4043,29.0039
101040,14.5020,29.3457
101380,14.3066,29.1992
101720,14.3555,29.1504
102060,14.4531,28.6621
102404,14.3555,28.6621
102748,14.4043,28.7598
103092,15.9668,28.8574
103436,14.3555,28.8086
103784,14.3066,28.7598
104132,14.4043,28.8574
104480,14.3555,29.1992
104832,14.4043,29.2969
105184,14.4531,28.9063
105536,14.3066,29.3945
105888,14.4531,30.5176
106244,14.5020,29.2969
106600,14.4531,29.3457
106956,42.7246,29.1504
107316,14.4531,28.9551
107676,14.3066,28.9551
108036,14.4531,29.4434
108400,14.2578,28.9551
108764,14.3555,29.5898
109128,14.4531,29.6875
109492,14.5020,30.0293
109860,14.2578,29.5898
110228,14.4043,29.0527
110596,14.4043,28.9063
110968,14.5996,29.3945
111340,14.4531,30.1758
111712,15.7227,29.1016
112088,14.4043,30.0781
112464,14.4043,29.6387
112840,14.3555,29.5410
113220,14.5020,30.0293
113600,14.5020,29.5410
113980,14.4043,29.7852
114360,14.3555,29.9805
114744,23.3398,30.1270
115128,14.3066,29.9316
115512,14.4043,29.7363
115900,14.4043,30.0781
116288,14.4531,29.9805
116676,14.3066,30.4199
117068,14.3555,30.3711
117460,14.3555,30.0293
117852,14.4531,30.2246
118248,14.4043,29.6875
118644,14.5020,30.1270
119040,14.4043,30.2734
119440,14.5508,30.1758
119840,14.4043,30.5176
120240,14.5020,30.1270
120644,14.4043,29.9316
121048,14.3066,30.3223
121452,14.4043,30.3711
121860,14.4531,30.1758
122268,14.3066,31.1035
122676,14.4043,30.6152
123088,14.5508,30.8105
123500,14.4531,30.4688
123912,14.4531,31.4453
124328,14.5996,30.6641
124744,14.4043,30.9082
125160,14.4531,31.2012
125580,14.4043,30.2734
126000,14.4531,30.4199
126420,14.4043,30.5664
126844,14.5020,30.6641
127268,14.5020,32.2266
127696,14.5020,31.2988
128124,14.4531,62.8906
128552,14.2090,31.2988
128984,14.4043,30.7617
129416,14.5020,31.7383
129848,14.4531,31.4453
130284,14.4531,33.2031
130720,14.4043,31.6895
131156,16.2109,31.1035
131596,16.4551,31.2988
132036,15.3809,31.3965
132480,15.5273,31.7871
132924,15.3809,31.4453
133368,15.4785,30.7617
133816,15.4297,31.0059
134264,15.5273,30.8594
134712,15.3320,31.1035
135164,15.3809,31.0059
135616,15.5273,31.4453
136072,15.3809,31.3965
136528,15.4785,31.3965
136984,15.4785,30.8594
137444,15.5762,31.2500
137904,15.4297,30.9082
138364,15.3809,31.4941
138828,15.4297,31.3477
139292,41.0156,30.9082
139760,15.2832,31.3477
140228,15.3809,31.0059
140696,17.1875,30.9570
141168,15.4785,30.9570
141640,15.3809,30.4199
142116,15.2832,30.9570
142592,15.5762,30.5664
143068,15.4785,31.3965
143548,15.5273,30.1758
144028,15.3809,31.5918
144512,15.3809,30.6152
144996,15.5273,30.7129
145480,15.4297,31.1523
145968,15.4297,31.0059
146456,16.0645,30.8105
146948,15.5762,30.2246
147440,15.4785,30.9082
147932,15.4785,32.6660
148428,15.4785,30.2246
148924,15.4297,30.6152
149424,15.5762,30.8105
149924,15.4297,30.6152
150424,15.4297,30.2246
150928,15.4785,30.3711
151432,15.4297,30.8105
151940,16.7480,30.4688
152448,15.4297,29.9316
152960,15.4785,29.7852
153472,15.3809,30.4199
153984,15.3809,30.6152
154500,15.4297,30.4688
155016,15.3809,30.6152
155536,15.3809,31.6406
156056,15.4785,30.1758
156580,15.5273,30.4688
157104,15.4297,30.3711
157628,15.5273,30.5176
158156,15.4785,30.4199
158684,15.3809,30.0293
159216,15.6250,30.1758
159748,16.6016,30.6152
160284,15.3809,29.8828
160820,15.4785,30.3223
161360,15.5273,30.6152
161900,15.6250,29.8828
162440,15.4785,29.4434
162984,15.3320,30.2246
163528,15.4297,29.8828
164076,15.3320,30.1270
164624,15.4785,30.2734
165176,15.4297,29.8340
165728,15.3809,30.0781
166284,15.4297,30.2246
166840,15.4785,29.7852
167400,15.3809,30.3711
167960,15.6250,30.8594
168520,15.3809,29.8828
169084,15.4297,30.0781
169648,15.4297,30.2734
170216,15.1855,30.1758
170784,15.4297,30.4688
171356,15.3809,30.2734
171928,15.4785,30.2246
172504,15.5273,42.7246
173080,15.3320,30.0293
173660,15.3320,30.0293
174240,15.5273,29.6387
174824,15.4297,30.3711
175408,15.3809,30.5176
175996,15.4297,30.6641
176584,15.3809,30.6641
177176,15.3320,29.9805
177768,15.3809,30.0781
178364,15.5273,30.0781
178960,15.3320,30.2734
179560,15.5273,30.6152
180160,15.3809,29.8340
180764,15.4785,29.5410
181368,15.4297,32.0313
181976,15.3809,30.0781
182584,15.4297,30.2734
183196,15.4297,29.7363
183808,15.4785,30.2246
184424,15.4297,29.4434
185040,15.5762,29.9316
185660,15.1855,30.0781
186280,15.3320,30.2734
186904,15.5273,30.9570
187528,15.4297,29.6387
188156,15.3320,29.6387
188784,15.5762,29.9316
189416,15.4785,29.5898
190048,15.5762,29.7363
190684,15.5273,31.4941
191320,15.3320,29.9805
191960,15.4297,29.7852
192600,15.3320,29.8340
193244,15.4785,30.2734
193892,15.3320,29.8340
194540,15.3809,29.8340
195192,15.3809,29.3945
195844,15.4297,31.3965
196500,15.3809,29.6875
197156,15.6250,29.7852
197816,15.2832,29.6875
198476,15.4785,29.6875
199140,15.2832,30.0293
199804,15.4297,30.6641
200472,15.3320,29.9805
201144,16.8457,29.5410
201816,15.5273,29.6875
202492,15.3809,29.9316
203168,15.4785,29.7363
203848,15.3809,29.8340
204528,15.3809,29.7852
205212,15.2832,30.0293
205900,15.5273,30.0293
206588,15.5273,30.3223
207280,15.3809,30.3223
207972,15.4297,29.6387
208668,15.4297,29.6387
209364,15.5762,29.9316
210064,15.3320,29.7852
210768,15.3809,30.2246
211472,16.6504,30.3711
212180,15.4785,29.7852
212888,15.5762,30.0293
213600,16.1621,30.5176
214312,15.4785,30.1758
215028,15.3809,30.2734
215748,15.4785,29.7852
216468,15.3809,31.2500
217192,15.4297,60.5957
217916,15.4297,30.3223
218644,15.5273,30.6152
219376,15.3320,29.9316
220108,15.4785,29.7852
220844,15.4297,30.0293
221584,15.4297,31.6406
222324,15.5762,30.1758
223068,15.4297,30.4199
223812,15.4297,30.2246
224560,15.6738,30.3711
225312,15.4785,30.6641
226064,15.4785,30.3223
226820,15.4297,30.4688
227580,15.4785,31.4941
228340,15.4785,30.7129
229104,15.2344,30.2734
229868,15.4297,30.6152
230636,15.5762,30.6152
231408,15.3320,30.7617
232180,15.6738,30.2734
232956,15.4297,30.8594
233736,15.5273,30.6641
234516,15.6250,30.9082
235300,15.3809,30.9570
236088,15.3320,30.7129
236876,15.5273,31.2012
237668,15.5273,30.8594
238464,15.5273,30.5664
239260,15.4785,31.8359
240060,15.3809,30.6641
240864,15.5273,31.1035
241668,15.3809,30.5176
242476,15.4785,31.0059
243288,15.5273,30.8594
244100,15.3809,31.1523
244916,15.3809,30.8594
245736,15.3809,31.5918
246556,15.4297,30.9082
247380,15.4785,31.4941
248208,15.2832,31.2500
249036,15.5762,31.0059
249868,15.4297,31.4941
250704,15.6738,31.3965
251540,15.4297,34.3262
252380,15.5273,31.5430
253224,15.4297,31.3965
254072,15.4785,32.2266
254920,15.4297,31.8848
255772,15.5273,31.7383
256628,15.3809,31.5430
257484,15.4297,31.6895
258344,15.4785,32.2266
259208,15.4297,32.2754
260076,15.3320,32.4707
260944,15.4785,32.2754
261816,15.4785,32.3242
262692,16.6504,32.3242
263568,16.6504,33.3984
264448,17.6270,31.8359
265332,16.6016,31.9824
266220,16.6016,31.5918
267108,16.5527,31.6406
268000,16.5527,32.0801
268896,16.5039,31.3965
269796,16.5527,32.1289
270696,16.6992,32.2754
271600,16.5527,32.0801
272508,16.5039,31.5430
273420,16.6504,31.6406
274332,16.6504,31.6895
275248,16.7969,32.0801
276168,16.7969,31.5430
277092,16.5039,32.2266
278016,16.5527,31.5918
278944,16.6016,31.6895
279876,16.5527,31.7871
280812,16.6016,31.2988
281752,16.4063,31.8359
282692,16.6016,31.0547
283636,17.8711,31.0547
284584,16.6504,31.1035
285536,16.6992,31.6895
286488,16.6016,31.2988
287444,16.4063,31.3477
288404,16.8457,31.3477
289368,16.5527,31.1035
290336,16.6504,32.0313
291304,16.7969,31.6406
292276,16.5527,31.2012
293252,16.6992,31.5918
294232,16.6504,31.9824
295216,16.6016,31.6895
296204,16.6504,31.2012
297192,17.9199,33.2520
298184,16.6016,31.3965
299180,16.6504,31.3477
300180,16.7480,31.0547
301184,16.6016,30.9570
302188,16.5039,31.4941
303196,16.5039,31.2500
304208,16.6016,63.6230
305224,16.7480,30.7129
306244,16.4551,31.0547
307268,16.5527,31.2988
308296,16.4551,31.2012
309324,16.6504,30.6641
310356,16.6992,30.5176
311392,16.6992,32.7637
312432,16.7969,30.6641
313476,16.6016,30.9570
314524,16.4063,30.7129
315576,16.6992,31.0547
316628,16.4551,31.3477
317684,16.5039,31.2012
318744,18.1641,30.8594
319808,16.5527,31.1523
320876,16.6992,30.4688
321948,16.5039,31.0059
323024,16.6016,30.9082
324104,16.5527,30.9082
325188,16.5527,30.8105
326272,16.5039,32.0313
327360,16.7969,30.7617
328452,16.6016,30.4199
329548,16.5039,30.9570
330648,16.6504,30.6152
331752,16.5527,30.4688
332860,16.6016,30.7617
333972,16.6504,32.7637
335088,16.6504,30.5664
336208,16.5527,30.6152
337332,16.5527,30.7617
338460,16.5039,31.0547
339592,16.6504,30.9082
340724,16.5527,31.1523
341860,16.4551,30.9570
343000,16.5039,31.0547
344144,16.4063,30.8594
345292,16.6016,31.4453
346444,16.5527,30.8594
347600,16.5527,30.9570
348760,16.4551,30.8105
349924,16.4551,30.2734
351092,17.7246,30.1758
352264,16.5527,30.0293
353440,16.5527,30.8105
354620,18.6035,30.7129
355804,16.6016,30.9570
356992,16.5039,30.5176
358184,16.6016,59.5703
359380,16.6016,30.8105
360580,16.3086,30.0781
361784,16.6992,31.0059
362992,16.6992,30.6152
364204,16.6504,30.4688
365420,16.5039,30.9082
366640,16.5039,30.4199
367864,18.2617,30.1270
369092,16.6992,30.5664
370324,16.6504,30.3223
371560,16.6016,30.0293
372800,18.6035,30.5664
374044,16.5527,30.6152
375292,16.5527,29.9805
376544,24.9512,32.5195
377800,16.6016,30.6641
379060,16.7480,30.2734
380324,16.4551,30.8594
381592,16.5527,30.2246
382864,16.6504,31.1035
384144,16.5527,30.5176
385428,16.5527,30.8105
386716,16.6504,30.4199
388008,16.6504,30.7617
389304,16.5527,30.6641
390604,16.6504,30.6152
391908,16.8457,30.5176
393216,16.6016,30.5664
394528,16.6504,32.3730
395844,16.5039,30.4199
397164,16.6504,30.9082
398488,16.6504,30.2246
399820,16.4551,31.1523
401156,16.5527,30.3711
402496,16.5039,30.3711
403840,16.6016,32.0313
405188,16.5527,30.0781
406540,16.8457,30.2246
407896,16.7480,30.5664
409256,16.5527,30.6152
410624,16.6992,30.8105
411996,16.6504,30.6152
413372,16.6016,32.0313
414752,16.3086,30.7617
416136,16.7969,30.5176
417524,16.5039,30.2246
418916,16.6504,31.0059
420316,16.5527,30.7129
421720,16.6016,61.3281
423128,16.5527,31.3965
424540,16.6016,31.2500
425956,16.6504,31.3477
427376,16.6016,30.2246
428804,16.6992,30.5664
430236,16.5039,30.6641
431672,16.4551,30.6641
433112,16.5527,31.2500
434556,16.6016,31.1035
436008,16.6016,30.6152
437464,16.5527,30.9082
438924,16.6504,30.8105
440388,16.5527,31.0059
441856,16.7480,31.2012
443332,16.6992,32.7637
444812,16.6504,30.4688
446296,16.6504,31.1035
447784,16.7480,30.7617
449280,16.6016,31.2988
450780,16.6504,31.2012
452284,16.6504,31.6406
453792,16.6504,32.5195
455308,16.6016,31.5430
456828,16.6992,30.9570
458352,16.5527,30.9082
459880,16.5527,31.1523
461416,16.5527,31.1523
462956,16.6016,31.4941
464500,16.5527,32.0801
466052,16.5039,31.6406
467608,16.5527,31.5430
469168,16.6504,31.5918
470732,16.6992,31.2988
472304,16.4063,31.6895
473880,16.7480,31.5430
475460,18.3105,31.5918
477048,16.6016,31.8359
478640,16.5039,31.6406
480236,16.5039,31.5918
481840,16.6016,31.4453
483448,16.5527,31.8359
485060,16.5039,31.7383
486680,16.5527,31.8848
488304,16.5527,31.9336
489932,16.5039,31.6895
491568,16.5039,31.8359
493208,16.5039,31.7871
494856,16.6016,31.9336
496508,16.6992,34.3262
498164,16.6016,32.1777
499828,16.7969,32.3242
501496,16.6992,32.2266
503168,16.5527,32.6172
504848,16.6992,31.9824
506532,16.4551,31.9824
508224,20.3125,32.6172
509920,16.5039,31.9336
511620,16.6504,32.3730
513328,16.8457,31.7871
515040,16.5527,32.4219
516760,16.6992,32.8613
518484,16.4063,32.7637
520216,16.5527,33.2520
521952,16.5527,32.8125
523692,16.6016,33.1543
525440,18.6035,32.4707
527192,18.2129,32.5195
528952,18.3105,33.1055
530716,18.2617,32.6660
532488,18.1641,32.6660
534264,18.4082,32.6660
536048,18.1152,32.6660
537836,18.0664,33.0566
539632,18.1641,32.5195
541432,18.3105,32.3730
543240,24.1699,32.5684
545052,18.2129,32.5684
546872,18.1641,32.5195
548696,18.3594,32.8613
550528,18.1641,32.1289
552364,18.2617,32.6660
554208,18.4570,33.5938
556056,18.2617,32.6660
557912,18.4082,32.3242
559772,18.2129,32.2266
561640,18.4570,32.7148
563516,18.2129,32.3242
565396,18.4082,32.2754
567284,19.5313,31.9824
569176,18.3594,31.7383
571076,18.3105,32.4219
572980,18.4570,32.0313
574892,18.1641,31.7871
576812,18.2617,31.6406
578736,18.5059,33.3496
580668,18.6035,31.6406
582604,18.6035,31.9336
584548,18.5059,31.8848
586500,18.4570,32.1289
588456,18.5059,31.9824
590420,18.5059,31.7871
592392,18.4082,31.5918
594368,18.3105,31.9824
596352,18.2129,32.0313
598340,18.2617,32.0801
600336,18.3105,32.0801
602340,18.4082,31.9336
604348,18.2129,33.4961
606364,17.9199,32.0313
608388,18.2617,31.2988
610416,18.5059,31.8848
612452,18.6523,31.7383
614496,18.6523,31.5430
616548,18.6523,32.0801
618604,20.5078,31.7871
620668,18.6035,31.7383
622740,18.6035,31.2500
624816,18.4570,31.2012
626900,18.3594,31.4453
628992,18.2617,32.0313
631092,18.1641,33.2031
633196,18.0176,31.8359
635308,18.2129,31.4941
637428,18.2617,31.5430
639556,19.1895,31.5430
641688,18.2129,31.3477
643828,18.3105,31.2988
645976,19.5801,31.6406
648132,18.5059,30.7617
650296,18.2617,31.5918
652464,18.2129,31.7383
654640,18.2617,31.5430
656824,18.1152,31.3965
659016,18.0664,32.5195
661216,18.3594,30.9082
663424,18.2617,31.5430
665636,18.3105,31.4941
667856,18.3594,30.8594
670084,18.0664,31.4453
672320,18.6035,32.8125
674564,18.0664,31.8848
676816,18.3105,31.6895
679076,18.3105,31.5918
681340,18.3594,31.4941
683612,18.2617,31.4453
685892,18.3105,31.8359
688180,19.3848,31.6895
690476,18.2129,31.6895
692780,18.3594,31.5430
695092,18.3594,31.5430
697412,18.3594,31.6406
699740,18.2129,31.5430
702076,18.2129,35.6445
704420,18.4570,31.6406
706772,18.2617,31.1523
709128,18.2617,31.4941
711492,18.3594,31.0547
713864,18.4570,31.6895
716244,18.2617,31.2988
718632,18.6035,31.2988
721028,18.4570,31.9824
723432,18.5547,31.7383
725844,18.3105,30.9570
728264,18.2129,31.3477
730692,18.5059,33.1055
733128,18.1641,31.1035
735572,18.3105,31.1035
738024,18.2617,31.1035
740488,18.1641,31.3477
742960,18.5547,31.4453
745440,18.4570,31.2012
747928,19.9707,31.3477
750424,18.5547,31.8359
752928,18.4570,31.3965
755440,18.4570,31.1523
757960,18.4082,31.1523
760488,18.0664,31.5918
763024,18.3594,37.6465
765568,18.2129,31.3965
768120,18.2129,31.7383
770684,18.2129,31.2988
773256,18.2617,31.2500
775836,18.2129,31.3477
778424,18.2617,32.0313
781020,18.1641,31.3965
783624,18.3594,31.1523
786240,18.1641,31.2500
788864,18.2129,30.9570
791496,18.1641,31.1035
794136,18.3594,31.1035
796784,18.5059,31.2012
799440,18.1641,31.5430
802108,18.2617,30.9082
804784,18.1641,30.9082
807468,18.6035,31.2500
810160,18.2129,31.6406
812864,17.8711,31.4941
815576,18.2129,31.1523
818296,18.2617,31.1035
821024,18.1641,31.7871
823764,18.2617,31.2988
826512,18.3105,31.3965
829268,18.2129,32.2266
832036,18.4082,31.7383
834812,18.2617,31.5918
837596,18.4082,31.4941
840388,18.3594,31.6406
843192,18.2129,31.5918
846004,18.3594,31.5430
848828,18.3105,31.4941
851660,18.2617,31.4453
854500,18.2129,31.6895
857352,18.2617,31.6895
860212,18.2617,32.1777
863080,18.3594,31.2988
865960,18.5547,31.3965
868848,18.3105,31.4453
871748,18.2617,32.2266
874656,18.3105,31.4453
877572,18.2129,31.4453
880500,18.2129,31.8848
883436,18.1152,32.9102
886384,18.2617,31.3965
889340,18.1152,31.6895
892308,18.4082,31.5918
895284,18.4570,31.9824
898272,18.2617,31.7871
901268,18.3105,34.2285
904276,18.0664,32.0313
907292,18.2129,32.2754
910320,18.2617,32.1777
913356,18.2617,31.7871
916404,18.2129,32.2266
919460,18.0176,33.7891
922528,18.1641,31.6895
925604,18.3105,32.0313
928692,18.1152,32.0801
931788,18.2129,32.2754
934896,18.1641,32.3730
938016,18.4082,32.1777
941144,18.1641,31.7871
944284,18.1641,31.8848
947432,18.4082,32.4707
950592,18.3594,33.0566
953764,18.8965,32.4219
956944,18.2617,32.5684
960136,18.2129,32.2754
963340,18.3594,32.5684
966552,18.6523,32.8613
969776,18.4082,32.8613
973012,18.0176,32.9590
976256,18.0664,32.3730
979512,18.2617,33.0566
982780,18.4082,32.8613
986056,18.4082,33.3008
989344,18.3105,33.5449
992644,18.2129,32.8613
995956,18.2617,32.8613
999276,19.9707,32.7148
1002608,18.3594,32.5195
1005952,18.3594,33.1543
1009308,18.3105,33.1055
1012676,18.4082,33.2520
1016052,18.1641,33.1543
1019440,18.7012,33.4473
1022840,18.3594,33.1543
1026252,18.4082,33.2520
1029676,18.2617,32.8613
1033112,18.2617,33.2031
1036556,18.2617,34.7168
1040012,18.5547,33.2031
1043480,18.3105,33.1055
1046960,18.2617,33.3496
1050452,19.5801,33.5938
1053956,19.5313,33.6914
1057472,20.3125,39.7949
1061000,19.5801,33.6426
1064540,19.5313,33.5938
1068092,19.6289,33.6914
1071656,19.6289,33.1055
1075232,21.6309,33.6914
1078820,19.6289,33.4473
1082420,19.6777,32.9102
1086032,19.4824,33.5449
1089656,19.6289,33.3984
1093292,19.6777,33.3008
1096940,19.5313,33.4961
1100600,19.6777,33.3496
1104272,19.5313,33.2031
1107956,19.7266,33.1055
1111652,19.6289,33.3496
1115360,19.6777,34.5215
1119080,19.6289,32.6172
1122812,19.7266,33.3496
1126556,19.6289,32.8125
1130312,19.5313,33.0566
1134080,19.5801,33.4473
1137864,19.7266,34.5215
1141660,19.6777,33.1543
1145468,19.5801,33.1055
1149288,19.5801,32.9590
1153120,19.5801,32.8613
1156964,19.5801,32.5684
1160824,21.3379,33.2031
1164696,19.5801,33.2520
1168580,19.5801,62.9883
1172476,19.6289,32.5684
1176388,19.5313,32.9102
1180312,19.5313,34.6680
1184248,19.5313,32.2266
1188196,19.6289,32.6660
1192160,19.6289,32.9590
1196136,19.6777,32.5195
1200124,19.5313,32.7637
1204128,19.4824,33.0078
1208144,19.6777,32.2754
1212172,19.7754,32.5195
1216216,19.5801,33.2031
1220272,19.5313,32.8125
1224340,19.5313,32.1289
1228424,19.8242,32.8125
1232520,19.5313,33.1543
1236632,19.6289,32.3730
1240756,19.6777,32.3730
1244892,19.5801,31.9336
1249044,19.6289,33.5938
1253208,19.6289,33.0078
1257388,19.5801,32.1777
1261580,19.7266,32.5684
1265788,19.5313,32.3730
1270008,19.5313,32.5195
1274244,19.6777,35.2539
1278492,19.6289,32.5195
1282756,19.5313,32.1777
1287032,20.5078,32.6172
1291324,19.7266,32.3242
1295632,19.7754,32.8613
1299952,20.8496,32.1777
1304288,19.6777,32.1289
1308636,19.6289,32.6660
1313000,19.5313,32.3242
1317380,19.4824,32.3242
1321772,19.5801,34.1797
1326180,19.7266,32.3242
1330604,19.5313,62.6953
1335040,19.5801,32.2266
1339492,19.5801,32.2266
1343960,19.7754,32.2266
1348440,19.5801,32.3242
1352936,19.5801,31.6895
1357448,19.5313,31.4941
1361976,19.5801,32.6660
1366516,19.5801,31.9824
1371072,19.5801,34.9121
1375644,19.3848,32.1289
1380232,19.4824,31.9824
1384836,19.6289,32.2266
1389456,19.5801,31.9824
1394088,19.6289,32.4707
1398736,21.4844,32.4707
1403400,19.6777,32.4707
1408080,19.5801,32.5684
1412776,19.5801,32.6660
1417488,20.3613,32.4707
1422216,20.3125,32.0801
1426960,20.1660,33.9844
1431720,20.4590,32.8125
1436496,20.0684,33.0078
1441288,20.2148,32.9590
1446096,20.0684,32.6172
1450920,22.7539,32.5195
1455760,19.5313,32.6660
1460616,19.6289,31.9824
1465488,19.5801,32.0801
1470376,19.7266,32.7148
1475280,19.6777,33.7402
1480200,19.6777,32.4707
1485136,20.2637,31.4941
1490088,20.1660,32.1289
1495056,20.5566,31.9824
1500040,21.2402,31.8848
1505044,22.0703,31.7383
1510064,20.1660,32.3242
1515100,20.1172,32.4219
1520152,19.5313,31.7383
1525220,19.6289,31.4453
1530308,19.5313,33.3984
1535412,19.6289,32.0313
1540532,19.6777,32.3730
1545668,19.6289,32.0801
1550824,19.6777,31.9336
1555996,19.5801,31.6895
1561184,19.5801,31.7871
1566388,19.5801,32.0313
1571612,19.6289,32.1289
1576852,19.6289,31.6895
1582112,19.6289,31.9824
1587388,19.5801,33.5449
1592680,19.4824,32.2266
1597992,19.5801,32.3730
1603320,19.5801,32.1777
1608668,21.5332,32.1777
1614032,19.6289,31.8848
1619416,19.6289,32.5684
1624816,19.6289,32.3242
1630236,19.7754,32.4219
1635672,21.5820,31.2988
1641128,19.5801,32.3242
1646600,19.4824,32.5195
1652092,19.5801,31.4453
1657600,19.5801,32.2266
1663128,19.5313,36.7676
1668672,19.5801,32.3242
1674236,19.5801,31.9336
1679820,19.6289,31.9336
1685420,19.5313,32.2266
1691040,19.6777,32.3242
1696680,19.6777,32.4219
1702336,50.8301,32.6660
1708012,19.5313,32.1777
1713708,19.6777,32.3730
1719424,19.6289,32.2266
1725156,19.7266,31.8359
1730908,19.6289,32.6172
1736680,19.7266,32.6172
1742472,19.5313,32.7148
1748284,19.6289,32.9102
1754112,21.1914,32.3730
1759960,19.5313,32.3730
1765828,20.3613,32.4707
1771716,19.5801,32.1289
1777624,19.6289,32.8125
1783552,19.6289,33.3984
1789500,19.4824,32.7148
1795468,19.5313,32.2754
1801456,19.6777,32.7148
1807464,19.4824,32.7148
1813492,19.6289,33.1543
1819540,19.6289,32.5684
1825608,19.5313,32.8613
1831696,19.6289,32.5684
1837804,20.2148,33.3008
1843932,20.5078,32.8125
1850080,19.5801,33.0566
1856248,19.5801,32.2754
1862436,19.5313,33.3008
1868648,19.5801,33.3008
1874880,19.6289,33.2031
1881132,27.2949,32.9590
1887404,19.5313,32.9102
1893696,19.5313,32.9590
1900012,19.7266,32.8613
1906348,19.5801,33.7891
1912704,19.6777,33.3496
1919080,48.7305,32.8125
1925480,19.4824,33.1055
1931900,19.4824,32.8125
1938340,19.5313,33.0566
1944804,21.5820,33.5449
1951288,19.5313,33.1543
1957796,19.6777,33.4473
1964324,19.4336,33.6914
1970872,19.4336,33.5938
1977444,20.9961,33.3008
1984036,19.7266,33.3008
1990652,19.6777,33.6914
1997288,19.7266,34.0332
2003948,19.6777,34.3262
2010628,19.6289,33.8379
2017332,19.6289,33.5449
2024060,19.6289,33.6426
2030808,19.5313,33.9844
2037580,19.6289,33.7402
2044372,19.5801,33.8867
2051188,19.6289,33.8867
2058028,19.6289,33.3496
2064892,19.6289,34.1309
2071776,19.5801,34.4238
2078684,19.7266,34.0820
2085616,19.6777,34.7656
2092572,19.6777,34.1797
2099548,21.7773,33.9355
2106548,21.7285,34.2285
2113572,23.0957,33.6914
2120620,21.7285,34.2773
2127692,21.8262,34.6680
2134788,21.7285,34.2773
2141904,22.5586,34.6680
2149044,25.5371,64.4531
2156208,21.7773,33.5449
2163396,22.1680,33.7402
2170608,21.7285,33.7891
2177844,21.7285,35.1563
2185104,21.8262,33.6914
2192388,21.7285,33.9844
2199696,21.7285,34.2285
2207032,21.6309,33.9355
2214392,21.7773,33.7402
2221776,21.6309,34.2773
2229184,21.7285,33.9355
2236616,21.7285,33.5938
2244072,21.7285,33.7891
2251556,23.1445,33.7891
2259064,21.7285,33.8867
2266596,21.7285,33.7891
2274152,21.6797,33.9355
2281736,21.6797,33.5449
2289344,21.6797,33.9844
2296976,21.8262,33.9844
2304636,21.8262,33.4473
2312320,21.7285,33.4473
2320028,21.5820,35.3027
2327764,21.6309,33.3984
2335524,21.7773,34.1797
2343312,21.7773,33.1055
2351124,21.6797,33.3984
2358964,21.7285,33.3984
2366828,21.7285,33.2031
2374720,21.7285,33.8867
2382636,21.8262,33.2031
2390580,21.7773,33.5938
2398552,21.7285,33.9844
2406548,21.7773,33.8379
2414572,21.5820,33.8379
2422624,21.7285,33.0566
2430700,32.2754,35.6934
2438804,22.5098,33.1055
2446936,21.8750,32.8613
2455096,21.8262,33.1543
2463280,21.8262,33.1543
2471492,21.7285,33.6426
2479732,21.8262,33.0566
2488000,21.7773,33.2520
2496296,21.8262,33.2520
2504620,21.7285,33.4961
2512972,21.7285,34.2285
2521352,21.8262,33.6914
2529760,21.6797,33.4473
2538196,21.6797,33.3984
2546660,21.6797,33.0566
2555152,21.8750,33.6914
2563672,21.6797,33.3496
2572220,21.7285,33.3984
2580796,21.6797,33.2031
2589400,22.2656,33.1055
2598032,21.8262,33.3008
2606696,21.8750,33.1543
2615388,21.7773,33.1543
2624108,21.6797,33.4961
2632856,21.7773,33.3496
2641636,21.6797,32.7148
2650444,21.5820,33.1543
2659280,21.7773,32.7148
2668148,22.2168,33.4961
2677044,21.7285,33.5449
2685968,21.8262,33.1055
2694924,21.6797,33.1543
2703908,21.6797,33.3008
2712924,21.8262,33.0566
2721968,21.8750,33.5449
2731044,21.8262,33.2520
2740148,21.7285,33.1543
2749284,21.7285,32.9590
2758452,21.7773,33.0566
2767648,21.6797,32.9102
2776876,21.6309,33.0566
2786136,21.8262,32.8125
2795424,21.6797,33.4473
2804744,21.6797,32.5684
2814096,21.8262,32.8125
2823480,21.7285,33.2031
2832892,21.6797,33.2520
2842336,21.7773,33.0078
2851812,21.8262,33.0078
2861320,21.8750,33.3008
2870860,21.5820,32.3242
2880432,21.8262,32.6172
2890036,21.6797,32.7148
2899672,21.7773,32.8613
2909340,21.7285,33.0078
2919040,21.6797,34.3750
2928772,21.7773,32.8613
2938536,21.8262,32.7637
2948332,21.7285,33.1543
2958160,21.7285,33.1055
2968024,21.7285,32.8125
2977920,21.6797,32.7637
2987848,21.6797,32.9102
2997808,21.7285,33.1055
3007804,21.8750,32.9590
3017832,21.5820,32.8613
3027892,21.7773,33.0566
3037988,21.9238,32.8613
3048116,21.8262,38.8184
3058280,27.8809,38.7207
3068476,28.0273,36.8164
3078708,28.1738,37.6465
3088972,27.6367,33.3984
3099272,21.6309,33.1055
3109604,21.7773,32.8613
3119972,21.6797,32.4707
3130372,21.7773,34.8145
3140808,21.8262,33.0566
3151280,21.6309,32.7637
3161788,21.8750,33.0566
3172328,21.8262,32.8125
3182904,21.8262,33.3496
3193516,21.6309,32.8613
3204164,21.8262,32.7148
3214848,21.6309,65.6250
3225568,21.6309,32.6660
3236320,22.0703,33.1055
3247108,21.6797,32.9102
3257932,21.5820,32.8125
3268792,21.8262,33.3984
3279688,21.7285,33.1543
3290624,21.7285,32.7637
3301596,21.6797,32.8125
3312604,21.6797,32.6172
3323648,21.6797,33.3984
3334728,21.7773,32.6660
3345844,21.6797,33.0566
3357000,21.7773,34.2285
3368192,21.8262,33.5449
3379420,21.7285,33.2031
3390688,21.6309,33.3496
3401992,21.6797,34.7168
3413332,21.6797,33.0566
3424712,21.8262,33.1543
3436128,21.7773,33.0078
3447584,21.7285,32.7637
3459076,21.7773,33.4961
3470608,21.7285,33.5938
3482180,21.7285,33.5938
3493788,21.7773,33.5938
3505436,21.7285,33.0566
3517124,21.8750,33.4961
3528848,21.7773,33.3984
3540612,21.7285,33.4961
3552416,21.7773,33.7402
3564260,22.2656,33.6426
3576144,21.6797,33.1543
3588068,21.7285,33.3984
3600032,21.7773,33.6426
3612036,21.7773,34.9121
3624080,21.7773,33.3496
3636164,21.9727,33.7402
3648288,21.6797,33.8379
3660452,21.8262,33.7891
3672656,21.6797,34.0332
3684900,21.6797,33.5449
3697184,21.7773,33.6914
3709508,21.6309,34.1309
3721876,21.7285,34.2773
3734284,21.8750,33.6914
3746732,21.8262,34.1309
3759224,21.7773,34.3262
3771756,21.6797,33.4961
3784332,21.6797,33.4961
3796948,21.7285,34.1309
3809608,21.7285,34.1309
3822308,21.8262,34.2285
3835052,21.8262,34.1309
3847836,21.7285,64.8438
3860664,21.5820,33.5938
3873536,21.8262,34.1797
3886448,21.7285,34.1309
3899404,21.8750,34.2285
3912404,21.6797,34.5215
3925448,21.6797,34.3262
3938536,21.7773,34.6680
3951668,21.9238,34.2773
3964844,23.5352,34.1309
3978064,21.7773,34.5215
3991328,21.7285,34.8145
4004636,21.8262,34.7168
4017988,21.8262,34.5215
4031384,21.6797,34.8633
4044824,21.8262,34.7168
4058308,21.7773,34.2773
4071836,21.8750,34.6680
4085412,21.6309,34.9609
4099032,21.7773,35.5469
4112696,21.7773,36.7188
4126408,21.7285,34.7168
4140164,21.6797,35.2051
4153968,21.7285,35.0586
4167816,21.6309,36.6699
4181712,21.8262,34.9121
4195652,22.9980,35.0098
4209640,23.0469,35.1074
4223676,23.0957,35.3027
4237756,23.0469,34.6680
4251884,22.9980,34.6191
4266060,22.9492,34.7656
4280284,22.8516,34.3262
4294552,22.9980,34.2773
4308868,22.8027,34.0332
4323232,23.0469,36.6699
4337644,22.8516,34.8145
4352104,23.1445,34.5215
4366612,23.0469,34.8145
4381168,25.0977,34.3750
4395772,22.9980,34.6680
4410428,22.9004,34.4727
4425132,22.9980,34.5703
4439884,23.0957,35.0586
4454684,22.9004,34.4727
4469536,23.1934,34.9121
4484436,23.2910,36.9629
4499388,23.0469,34.5703
4514388,23.1934,34.7656
4529436,22.9492,34.8633
4544536,24.5117,34.6191
4559688,22.9980,34.5703
4574888,22.9980,34.4727
4590140,22.8516,44.3359
4605444,23.0469,34.8633
4620796,22.9492,34.3262
4636200,22.9980,34.4727
4651656,23.1445,34.3262
4667164,22.9980,34.6191
4682724,22.9492,34.5215
4698336,22.9980,35.8398
4714000,22.9980,34.2285
4729716,23.0469,34.2773
4745484,22.9004,33.9844
4761304,24.1211,34.4727
4777176,22.9492,34.2285
4793100,22.9980,33.7891
4809080,23.0469,37.9883
4825112,22.9980,33.8379
4841196,23.1934,33.9844
4857336,22.7539,33.7891
4873528,24.3652,33.9355
4889776,22.9004,34.0332
4906076,23.0957,33.9844
4922432,22.9980,36.2793
4938844,23.0469,34.1309
4955308,23.0469,65.8203
4971828,22.9980,34.4727
4988404,22.9492,34.1797
5005036,22.9004,34.4238
5021720,23.0469,33.9844
5038460,22.9492,33.4473
5055256,22.9004,34.6680
5072108,22.9980,33.9844
5089016,23.0469,34.0820
5105980,23.0469,33.8379
5123000,23.0957,34.4238
5140080,23.0957,34.0332
5157216,22.9492,33.8379
5174408,22.9492,33.7402
5191660,23.0957,34.2285
5208968,23.0469,34.1309
5226332,23.0957,33.8379
5243756,22.9980,34.0820
5261236,23.0469,34.1797
5278776,24.2188,34.0820
5296372,22.9004,33.9355
5314028,22.8516,34.2285
5331744,23.1445,35.7910
5349520,22.9004,34.3262
5367352,53.2715,33.5938
5385244,22.9980,35.1563
5403196,22.9004,34.1309
5421208,22.9492,33.8867
5439280,23.0469,34.2773
5457412,22.9492,36.0840
5475604,23.0469,34.9609
5493860,23.0957,34.5215
5512176,23.2422,37.5488
5530552,22.9980,33.6426
5548988,22.9492,34.0820
5567488,22.9980,34.3750
5586048,23.0957,34.0332
5604672,22.9492,33.3496
5623356,22.9004,33.8379
5642104,22.9980,34.1797
5660912,22.9980,33.9844
5679784,22.8027,33.4961
5698720,23.1934,35.2051
5717716,22.8027,33.4473
5736776,23.1445,34.0820
5755900,23.0469,35.3516
5775088,23.0957,33.5938
5794340,23.0469,34.1309
5813656,22.9980,33.2031
5833036,23.0469,33.9355
5852480,22.9004,34.3262
5871992,22.9980,33.9844
5891568,24.1699,33.3008
5911208,22.9980,33.7891
5930916,22.9980,33.8867
5950688,23.0957,34.0332
5970524,23.1445,33.6426
5990428,22.9004,33.6914
6010400,23.0957,35.2051
6030436,22.9004,33.5938
6050540,22.9980,33.8379
6070712,23.0469,35.8887
6090948,22.8516,34.0820
6111252,22.9492,33.8379
6131624,22.9980,33.6914
6152064,23.0469,33.5938
6172572,22.9980,33.4961
6193148,23.0469,33.3496
6213792,23.0469,33.4473
6234508,22.9004,33.5938
6255292,23.2910,33.5938
6276144,22.9004,33.8867
6297068,22.9980,33.3496
6318060,22.9980,33.2520
6339124,22.9004,33.6914
6360256,23.0957,33.5938
6381460,23.1445,34.2773
6402732,24.4141,33.4961
6424076,23.0469,34.1309
6445492,23.1445,33.6914
6466980,27.8320,33.8867
6488540,23.0957,33.7402
6510172,23.0469,33.5449
6531876,24.1699,33.5938
6553652,22.8516,33.8379
6575500,22.9980,34.4238
6597420,23.0957,34.0820
6619412,51.9531,34.1797
6641480,22.9980,34.3262
6663620,24.2676,33.6914
6685836,22.9492,33.7402
6708124,23.0957,33.9355
6730488,24.7559,34.1797
6752924,22.9980,33.7402
6775436,23.0957,34.2773
6798024,22.9980,34.1309
6820688,22.9492,33.7402
6843424,22.9492,34.1309
6866236,22.9492,34.0332
6889124,22.9980,34.5703
6912088,22.9492,34.2285
6935132,23.0469,34.0332
6958252,22.9980,34.4238
6981448,23.0469,33.6914
7004720,22.9980,33.9844
7028072,23.0469,33.5938
7051500,22.9980,34.1309
7075008,22.8516,34.0332
7098592,23.1445,34.4238
7122256,22.8516,35.7422
7146000,22.9492,34.4727
7169820,22.9492,34.2285
7193720,22.9004,34.0820
7217700,22.9492,33.9844
7241760,22.8027,34.4238
7265900,22.9004,34.3262
7290120,23.1445,34.6191
7314424,22.9980,34.9609
7338808,24.1211,34.4727
7363272,23.1445,34.1797
7387820,22.9980,34.1797
7412448,22.9004,35.0586
7437160,22.9492,34.9121
7461952,22.9004,34.5215
7486828,22.9004,34.4238
7511788,22.9004,34.9121
7536828,23.0957,41.0156
7561952,23.7305,35.5957
7587160,23.0469,34.6680
7612452,26.7578,35.5469
7637828,22.8027,35.3027
7663288,22.9980,34.8633
7688836,26.0742,35.0098
7714468,22.9492,34.8145
7740184,22.8516,36.5234
7765988,22.9492,35.5957
7791876,23.0957,35.4980
7817852,22.9980,35.6934
7843912,23.0957,34.9609
7870060,22.9004,35.2051
7896296,24.2188,35.2051
7922620,22.9980,35.0098
7949032,22.9492,35.3027
7975532,22.9492,35.2539
8002120,23.0957,35.2051
8028796,22.9980,37.0605
8055560,22.9492,35.5957
8082412,22.9492,35.1563
8109356,22.9980,36.0352
8136388,22.9492,35.6445
8163512,23.1445,35.7422
8190724,22.9492,35.4980
8218028,23.0957,35.5469
8245424,23.0469,35.4004
8272912,22.9980,35.4980
8300492,24.8535,36.2305
8328164,22.9492,36.1328
8355928,22.9004,36.2793
8383784,22.9492,36.3281
8411732,24.8535,36.3281
8439772,24.9512,36.0352
8467908,24.9023,35.4004
8496136,24.8535,35.6445
8524460,24.8047,35.5469
8552876,24.9023,35.4004
8581388,25.0977,35.4980
8609996,24.9023,35.6934
8638696,25.0488,35.8887
8667492,24.9023,35.8887
8696384,24.8535,35.8398
8725372,24.9023,35.4980
8754460,24.9512,35.4004
8783644,25.0000,35.1563
8812924,25.0488,35.4004
8842304,25.0977,35.4492
8871780,24.8535,35.4492
8901356,24.9023,35.2539
8931028,24.8535,68.0176
8960800,24.8535,35.3516
8990672,24.9023,35.6934
9020644,25.0000,35.6445
9050716,25.0977,35.4980
9080888,24.8047,36.2793
9111160,25.0000,34.8145
9141532,24.9512,35.3027
9172004,25.0977,35.5469
9202580,24.9023,34.6191
9233256,25.0977,35.4980
9264036,24.8535,35.4980
9294920,24.9023,35.0098
9325904,24.8535,35.5957
9356992,25.0488,35.2539
9388184,24.9512,35.2051
9419480,24.9023,35.3027
9450880,24.8535,37.3047
9482384,25.2930,34.9609
9513992,25.0977,34.8145
9545708,25.0488,35.5469
9577528,25.0488,35.5957
9609456,24.8535,34.7656
9641488,24.9512,35.4492
9673628,25.0977,35.2539
9705876,25.0000,35.4004
9738232,24.8535,34.7656
9770696,30.4688,34.5215
9803268,24.9023,34.4238
9835948,25.0977,35.0098
9868736,24.9512,35.1074
9901632,25.0488,35.0586
9934640,24.9023,35.2051
9967756,24.9512,34.6680
10000984,25.0000,35.1563
10034324,24.8535,35.2539
10067772,24.8047,35.4980
10101332,25.0977,35.1563
10135004,24.8047,35.6445
10168788,24.9023,34.7656
10202684,24.8047,35.0098
10236696,24.9023,35.5957
10270820,24.9512,34.9121
10305060,26.2695,35.0098
10339412,24.9512,35.2539
10373880,24.9023,35.3516
10408460,24.9023,34.9121
10443156,24.8535,34.9609
10477968,24.9023,34.6680
10512896,24.8535,34.3750
10547940,25.1465,34.4238
10583100,24.9023,34.8633
10618380,25.1953,34.7656
10653776,25.0488,35.1074
10689292,24.8535,34.6680
10724924,24.9023,34.6680
10760676,24.8535,35.7422
10796548,24.9512,34.1309
10832540,24.9023,34.5703
10868652,24.9512,34.1797
10904884,25.0488,34.5215
10941236,25.0000,34.1797
10977708,24.9512,34.8145
11014304,30.1270,34.4238
11051020,25.1953,35.0098
11087860,26.1719,34.6191
11124820,24.9023,34.6680
11161904,24.9023,34.5215
11199112,24.8535,34.7168
11236444,24.9512,36.8652
11273900,24.9023,34.6680
11311480,24.8047,35.7422
11349188,24.9512,34.6191
11387020,24.9023,34.9609
11424980,24.8535,34.4727
11463064,24.8047,33.9355
11501276,24.8535,34.8633
11539616,24.9512,34.0820
11578084,26.5137,34.4238
11616680,25.0000,34.4727
11655404,25.1953,34.7656
11694256,24.9512,34.8145
11733240,26.0742,34.4727
11772352,24.9512,34.6191
11811596,24.8535,34.5703
11850968,24.8535,34.3750
11890472,24.9512,36.7676
11930108,28.7598,36.0840
11969876,30.0781,35.2539
12009776,24.8535,35.2051
12049812,24.9023,34.1797
12089980,24.8535,35.1563
12130280,25.0977,34.9121
12170716,24.9512,35.4492
12211288,24.9512,34.8145
12251996,25.0000,34.2285
12292836,25.0977,34.4727
12333816,24.9512,34.8145
12374932,24.9512,34.5215
12416184,24.9512,34.3262
12457572,25.0488,34.1797
12499100,24.9023,33.8379
12540764,25.0000,34.6680
12582568,25.0488,64.2090
12624512,24.9023,35.7910
12666596,24.9023,34.1309
12708820,24.9512,36.4746
12751184,25.0000,34.4238
12793688,24.8535,35.5957
12836336,24.8047,34.3750
12879124,24.9023,34.5703
12922056,24.8535,34.7168
12965132,25.0000,34.2773
13008352,25.1953,34.5703
13051716,25.0488,34.3750
13095224,25.2441,34.4238
13138876,25.1465,34.4238
13182676,55.3711,34.4727
13226620,26.2207,34.4727
13270712,25.0488,35.1074
13314948,26.1719,34.5703
13359332,24.9023,34.5703
13403864,24.8535,35.1074
13448544,24.9023,34.6680
13493376,24.8535,35.2051
13538356,25.0000,34.7168
13583484,25.0488,34.5703
13628764,25.3418,34.8633
13674196,24.8535,34.8633
13719780,25.0000,36.5234
13765516,25.0000,35.7910
13811404,24.8535,35.2051
13857444,24.8535,35.3027
13903636,24.9023,35.5469
13949984,25.1465,35.3516
13996484,26.3672,34.9609
14043140,25.0000,35.4980
14089952,24.8535,34.7656
14136920,25.0977,34.3750
14184044,24.9023,34.5703
14231328,24.9023,40.1367
14278768,25.1953,35.1074
14326364,24.9512,34.5703
14374120,24.9512,35.3027
14422036,26.5625,35.4492
14470112,24.9512,35.2051
14518348,24.8535,34.5703
14566744,25.0488,35.1074
14615300,24.8047,35.2539
14664020,25.2441,36.4746
14712904,25.0000,34.8145
14761948,25.0488,35.3516
14811156,24.8535,35.4980
14860528,26.0254,35.6934
14910064,25.0977,35.3516
14959768,24.9023,36.0352
15009636,24.9512,35.3516
15059672,25.0977,35.3516
15109872,25.0000,36.1816
15160240,25.0000,35.7422
15210776,25.0000,35.4004
15261480,25.0977,36.1328
15312352,25.0000,36.1816
15363396,24.8535,36.2305
15414608,25.0000,35.7910
15465992,25.0488,36.0840
15517548,24.8535,36.2305
15569276,24.9023,36.4746
15621176,25.0000,45.2637
15673248,25.0977,36.2305
15725496,24.9512,36.1816
15777916,24.8047,36.0352
15830512,24.8047,36.2305
15883284,24.8535,37.1582
15936232,25.1953,35.8398
15989356,24.8535,36.2793
16042656,24.9023,36.4258
16096132,24.9023,36.2305
16149788,24.8535,38.5742
16203624,24.8047,36.8652
16257640,24.9512,36.6211
16311836,25.0000,36.0840
16366212,24.8535,36.7676
16420768,24.9512,37.5000
16475504,24.8047,36.6699
16530424,26.5625,36.2793
16585528,25.0000,36.0840
16640816,24.8047,36.8652
16696288,24.8535,37.3535
16751944,24.8047,36.6211
16807784,26.8066,36.8164
16863812,26.1719,36.2793
16920028,26.4160,36.2305
16976432,27.8809,36.8164
17033024,26.5137,36.2305
17089804,26.6602,37.3047
17146772,26.3672,36.3281
17203928,26.6602,36.1816
17261276,26.4160,36.7676
17318816,26.2207,35.4980
17376548,26.4160,37.0117
17434472,26.3184,36.8652
17492588,26.4648,36.4746
17550900,26.5137,36.5234
17609404,26.3672,36.0352
17668104,26.2695,36.2793
17727000,26.3672,36.6211
17786092,30.3223,35.7910
17845380,26.5137,37.5977
17904868,26.4160,36.2305
17964552,28.6133,36.1816
18024436,26.2695,66.2109
18084520,26.4160,36.1328
18144804,28.3203,35.8887
18205288,26.4160,36.3770
18265976,26.4160,35.9375
18326864,26.4648,35.9863
18387956,26.4160,36.1328
18449252,26.3672,35.7910
18510752,26.2207,36.2305
18572456,26.7090,35.9863
18634368,26.2695,36.3770
18696484,26.4648,36.1328
18758808,26.1230,36.0840
18821340,26.3184,35.6934
18884080,26.3184,36.0352
18947028,26.3184,35.4492
19010188,27.4414,35.9863
19073556,26.5625,37.7930
19137136,26.5137,35.6445
19200928,26.1719,35.8398
19264932,26.2207,36.4258
19329152,26.3672,36.4746
19393584,26.3672,35.8398
19458232,26.4648,36.4258
19523096,26.4160,35.5469
19588176,26.3672,36.3281
19653472,34.5703,37.0117
19718984,26.3184,36.1816
19784716,26.3184,35.8398
19850668,26.6602,36.2305
19916840,26.1719,35.5957
19983232,26.5625,35.3516
20049844,26.5137,36.1328
20116680,28.1738,35.8887
20183736,26.3672,35.6445
20251016,26.4648,36.1328
20318520,26.3672,35.5957
20386252,26.6602,35.9375
20454208,26.2695,37.5000
20522392,26.5625,35.4492
20590800,26.4648,36.0352
20659436,26.3672,35.3027
20728304,26.4160,35.3516
20797400,26.4648,35.6934
20866728,28.1738,35.7910
20936284,26.6602,36.1816
21006072,26.5625,35.4492
21076096,26.4160,35.4492
21146352,31.4941,35.3516
21216840,26.3184,35.6934
21287564,26.3184,35.9863
21358524,26.0742,35.4980
21429720,27.7344,35.8398
21501156,26.5137,35.6934
21572828,26.3672,35.4980
21644740,26.6113,35.5469
21716892,26.2695,35.2539
21789284,26.2207,35.2539
21861916,26.5137,35.4492
21934792,26.2695,35.1563
22007908,26.3672,36.0840
22081268,26.3672,35.6445
22154876,26.4648,36.6699
22228728,26.4160,35.4004
22302824,26.4160,35.4492
22377168,27.8320,35.7422
22451760,26.2695,35.5469
22526600,26.7090,35.3516
22601692,26.0254,35.2539
22677032,26.4648,35.4492
22752624,26.2695,35.1074
22828468,26.2207,35.6445
22904564,26.2695,36.6211
22980916,26.6602,35.1563
23057520,26.4648,36.0352
23134380,27.7344,35.6934
23211496,26.5137,35.6934
23288868,26.3184,36.4746
23366500,26.6602,35.2051
23444392,26.3672,34.9609
23522540,27.7832,34.6191
23600952,26.4648,35.1563
23679624,26.4648,35.4004
23758560,26.3672,35.5957
23837756,26.2207,35.5469
23917216,26.3672,35.7422
23996944,26.3672,35.5469
24076936,26.2207,35.6934
24157196,26.2695,35.1563
24237720,26.1230,35.8398
24318516,26.4160,35.9863
24399580,26.0742,35.3516
24480912,26.5137,36.7676
24562516,26.4160,34.8145
24644392,26.5137,35.5957
24726540,26.2695,35.6445
24808964,26.4648,35.3027
24891664,26.8066,35.4004
24974640,26.5625,34.9609
25057892,26.6113,34.8633
25141420,26.6113,35.7422
25225228,26.2207,35.3516
25309316,26.2695,35.3516
25393684,26.3184,35.4492
25478332,26.2695,35.5469
25563260,26.4648,35.5957
25648472,26.6602,35.3027
25733968,26.4160,35.9375
25819748,27.7832,35.5469
25905816,28.5645,35.3027
25992172,26.1719,35.4980
26078816,26.5137,35.5469
26165748,26.3672,35.5957
26252968,26.3672,34.5703
26340480,26.4160,35.4004
26428284,26.4648,37.3047
26516380,26.4160,69.9707
26604768,26.3184,35.6445
26693452,26.4160,35.5957
26782432,26.3672,35.8887
26871708,26.2695,36.1328
26961284,26.3184,35.2051
27051156,26.3672,36.1328
27141328,26.5625,35.6934
27231800,26.4160,36.8164
27322576,26.6602,35.7422
27413652,26.3672,35.4492
27505032,26.3672,36.1816
27596716,26.4160,37.4512
27688708,26.2207,36.6699
27781004,26.4160,35.8398
27873608,26.4648,36.4746
27966524,26.6602,36.2305
28059748,26.4160,36.4258
28153284,26.5625,36.1328
28247132,26.4160,36.7188
28341292,26.3184,36.4746
28435764,26.0742,36.1816
28530552,26.1719,36.0840
28625656,26.6113,36.3281
28721076,26.2207,36.4258
28816816,26.6113,38.2813
28912876,26.4160,36.9629
29009256,26.5137,36.4258
29105956,26.1230,36.5234
29202976,26.3184,35.9375
29300320,26.4160,36.2305
29397988,26.5625,36.4746
29495984,26.3184,38.1348
29594304,26.3672,36.7676
29692952,26.3184,36.4258
29791932,26.3672,36.3281
29891240,26.3184,36.7676
29990880,26.6113,36.6211
30090852,26.5137,36.6211
30191156,26.3672,36.6211
30291796,27.4902,36.3281
30392772,26.3672,36.9141
30494084,26.3672,36.6211
30595732,26.5625,38.0859
30697720,26.1719,36.9141
30800048,26.8066,36.6211
30902716,26.4648,37.3047
31005728,27.3926,37.6465
31109084,26.3672,37.4023
31212784,26.5625,37.7930
31316828,26.4648,36.4258
31421220,26.5625,36.5723
31525960,26.3672,37.5000
31631048,26.2695,37.3047
31736488,26.4160,37.5488
31842280,26.4160,37.2070
31948424,26.4160,37.5488
32054920,26.3672,37.4023
32161772,26.7090,37.8906
32268980,26.1719,37.6953
32376544,26.2695,37.5488
32484468,26.3672,37.2559
32592752,26.3184,37.9395
32701396,26.5137,37.7930
32810404,27.7344,39.0137
32919776,26.4160,38.7207
33029512,26.5137,37.5488
33139612,26.4160,39.5996
33250080,26.6602,39.0137
33360916,27.7344,38.0371
33472120,26.7090,38.2813
33583696,27.6855,37.8906
33695644,28.8086,37.6465
33807964,27.6855,37.6465
33920660,27.7344,38.6719
34033732,28.4668,37.9883
34147180,27.6367,37.4512
34261004,27.6855,37.8418
34375208,27.5879,36.8652
34489796,27.5879,37.9883
34604764,29.1016,38.1836
34720116,28.8086,37.8906
34835852,28.9551,37.5977
34951972,27.8320,37.1094
35068480,27.6855,37.2559
35185376,27.7832,37.8418
35302664,27.8320,37.9883
35420340,27.7832,38.7695
35538408,27.5879,37.7441
35656872,27.6855,37.5000
35775732,27.7344,36.6699
35894988,27.7344,37.5977
36014640,27.6855,37.1094
36134692,27.6855,37.1094
36255144,27.6855,38.8672
36375996,27.6855,37.1582
36497252,30.9082,37.3535
36618912,28.9063,37.7441
36740976,27.6367,37.0117
36863448,27.8320,37.2070
36986328,27.6855,37.3535
37109616,27.9297,36.7676
37233316,27.7344,37.3047
37357428,27.9297,37.5000
37481956,27.7832,36.7188
37606896,27.5879,39.1113
37732256,28.9551,37.0605
37858032,27.6367,37.3047
37984228,27.6855,36.9629
38110844,27.6855,37.0605
38237884,27.5879,37.0117
38365344,27.7832,36.9629
38493232,27.6855,37.0605
38621544,27.5391,36.6211
38750284,27.6367,36.4746
38879452,27.8320,37.2559
39009052,27.9297,36.3770
39139084,27.6855,36.8164
39269548,27.7344,37.0605
39400448,27.7344,36.7676
39531784,27.7344,36.8164
39663560,27.6855,38.3301
39795772,27.9297,36.9629
39928428,27.5879,36.7676
40061524,27.7344,36.6699
40195064,27.6367,36.1816
40329048,27.7344,36.6699
40463480,27.7344,36.8164
40598360,29.1016,37.1582
40733688,27.6855,36.8164
40869468,27.6367,36.9629
41005700,27.5879,37.0117
41142388,27.6855,36.7676
41279532,27.7344,37.1094
41417132,27.7344,36.1816
41555192,27.7344,37.0605
41693712,27.4902,36.8652
41832692,26.9043,36.0352
41972136,27.6367,36.7676
42112044,27.6855,36.5234
42252420,26.9043,36.4746
42393264,26.9043,37.0117
42534576,27.6855,35.7910
42676360,27.6855,36.6699
42818616,26.8555,36.2793
42961348,27.6855,37.3535
43104556,27.7344,36.9629
43248240,27.4902,36.6211
43392404,27.6855,36.4746
43537048,30.0781,35.6445
43682172,27.6855,36.6699
43827780,27.6855,36.4258
43973876,27.5391,36.4258
44120456,27.5391,37.1094
44267528,27.6855,36.7676
44415088,27.5879,37.2070
44563140,27.6367,36.7188
44711684,27.6855,36.6211
44860724,27.6367,37.4023
45010260,27.9297,36.2305
45160296,27.6367,36.7676
45310832,27.7344,36.4258
45461872,27.7344,35.7910
45613412,27.7832,36.1328
45765460,27.6855,36.6211
45918012,27.7832,36.8164
46071076,27.7344,35.6934
46224648,27.8320,36.8164
46378732,27.6367,36.5723
46533328,27.5879,36.4746
46688440,27.4902,35.9863
46844072,27.6855,36.4258
47000220,27.7344,36.7188
47156888,27.9297,36.6211
47314080,27.6855,36.6211
47471796,27.6367,36.9141
47630036,27.8320,37.0605
47788804,27.7832,36.5723
47948104,27.6855,35.9863
48107932,27.7832,36.2305
48268292,27.6367,46.1914
48429188,27.6855,37.0605
48590620,27.5879,36.0840
48752592,27.7832,36.2793
48915104,27.0508,36.0352
49078156,27.7832,36.6211
49241752,27.4414,36.5234
49405892,26.8555,36.3770
49570580,27.5879,36.6211
49735816,27.8809,36.6699
49901604,27.9297,36.2793
50067944,27.8320,36.1816
50234840,27.6367,36.6211
50402292,27.6367,35.9375
50570300,27.7344,36.0840
50738868,27.5391,36.8164
50908000,26.8555,36.5234
51077696,27.7832,36.5234
51247956,27.7832,36.6211
51418784,27.8320,38.1348
51590180,27.5879,36.2793
51762148,27.6367,36.7188
51934692,27.6367,36.1328
52107808,27.6855,36.5723
52281504,27.6367,36.7676
52455776,27.7832,35.7910
52630632,27.7832,36.6211
52806068,27.7832,36.6699
52982092,26.8555,36.9629
53158700,27.6367,36.6211
53335896,27.6367,36.5723
53513684,28.4180,37.2559
53692064,27.6855,37.1094
53871040,27.7832,36.4258
54050612,27.7344,37.5977
54230784,26.8555,36.6211
54411556,27.6367,36.5723
54592928,28.7598,36.4746
54774908,27.6855,36.3281
54957492,27.6855,36.1328
55140684,26.8555,36.6699
55324488,29.4434,36.8652
55508904,27.5879,36.7676
55693936,27.6855,36.8164
55879584,27.2949,37.2070
56065852,27.6367,37.1582
56252740,27.7344,36.4258
56440252,27.6855,36.9629
56628388,27.7832,36.7676
56817152,27.5391,37.2559
57006544,30.2246,36.7676
57196568,27.9297,37.4512
57387224,27.6367,37.7930
57578516,27.8809,37.9883
57770448,28.1250,38.3789
57963020,36.6699,37.3047
58156232,29.3457,37.5488
58350088,27.5879,37.5977
58544592,27.7344,37.6465
58739744,27.5391,37.7930
58935544,27.6855,37.2559
59131996,27.9297,37.9883
59329104,27.6855,37.7930
59526868,27.5879,38.5254
59725292,27.6367,83.5449
59924380,29.1504,40.6738
60124128,27.6367,38.7695
60324544,27.5879,37.7930
60525628,28.9063,40.4297
60727384,26.9043,37.5977
60929812,27.8809,79.9316
61132912,27.7832,38.1348
61336692,30.5664,37.8418
61541148,27.6855,37.9395
61746288,27.5879,38.5742
61952112,27.7344,38.5254
62158620,29.2969,38.4766
62365816,27.5879,38.6230
62573704,27.6367,38.0371
62782284,27.3438,41.1621
62991560,27.7832,38.9648
63201532,27.6855,38.0859
63412204,27.5879,38.5254
63623580,69.7266,38.5254
63835660,27.7832,38.2813
64048448,27.6367,38.7207
64261944,27.6367,38.3301
64476152,27.6367,38.9160
64691076,27.7344,38.4766
64906716,27.7344,38.4766
65123072,27.6855,38.3301
65340152,27.7344,38.7695
65557956,29.2969,38.2813
65776484,29.2480,39.1602
65995740,26.9043,38.4766
66215728,27.7344,38.7695
66436448,27.7832,38.5254
66657904,30.5176,38.7695
66880100,27.5391,39.4043
67103036,27.7832,38.9648
