4,1.1719,1.6602
8,2.0508,3.7109
12,2.4414,4.1992
16,2.5391,5.3711
20,5.4688,6.6406
24,5.3711,8.0078
28,5.2734,8.4961
32,4.7852,8.3984
36,7.0313,10.5469
40,7.7148,8.3984
44,6.5430,8.3008
48,5.9570,8.3008
52,3.7109,7.0313
56,3.8086,7.5195
60,3.7109,8.0078
64,3.6133,8.8867
68,4.4922,8.5938
72,4.9805,7.8125
76,4.2969,7.8125
80,4.3945,8.2031
84,3.9063,8.3008
88,4.1016,8.4961
92,4.3945,8.7891
96,4.5898,8.4961
100,3.9063,9.2773
104,4.2969,8.5938
108,4.7852,8.2031
112,4.7852,9.2773
116,4.8828,9.6680
120,4.3945,9.8633
124,3.8086,8.9844
128,4.4922,9.4727
132,5.3711,9.8633
136,5.3711,10.3516
140,5.2734,9.8633
144,5.2734,9.1797
148,5.1758,10.0586
152,5.2734,9.7656
156,5.3711,9.6680
160,5.4688,10.6445
164,5.3711,9.1797
168,5.3711,10.5469
172,5.4688,11.3281
176,5.1758,10.8398
180,5.2734,10.0586
184,5.2734,11.3281
188,5.2734,10.1563
192,5.2734,10.0586
196,5.2734,10.6445
200,5.3711,10.0586
204,5.1758,10.1563
208,5.1758,10.0586
212,5.3711,10.5469
216,5.3711,10.4492
220,5.2734,11.0352
224,5.2734,10.1563
228,5.1758,10.0586
232,5.2734,11.6211
236,8.3984,12.5000
240,5.3711,10.5469
244,5.2734,13.5742
248,8.5938,12.8906
252,5.1758,10.0586
256,5.1758,12.1094
260,6.1523,11.3281
264,6.3477,12.0117
268,6.1523,11.8164
272,6.2500,11.5234
276,6.2500,11.2305
280,6.2500,11.0352
284,6.4453,10.5469
288,6.2500,11.0352
292,6.2500,12.2070
296,6.1523,11.3281
300,6.4453,11.3281
304,6.1523,11.7188
308,6.2500,12.0117
312,6.1523,11.0352
316,6.1523,11.3281
320,6.2500,11.1328
324,6.3477,10.2539
328,6.2500,11.1328
332,6.1523,10.2539
336,6.2500,11.3281
340,6.2500,12.0117
344,6.2500,12.3047
348,6.2500,10.4492
352,6.5430,10.8398
356,6.2500,10.7422
360,6.3477,11.5234
364,6.3477,12.2070
368,6.3477,13.5742
372,6.2500,10.5469
376,6.2500,11.1328
380,6.3477,11.6211
384,6.4453,11.2305
388,6.2500,11.7188
392,6.3477,10.3516
396,6.1523,11.6211
400,6.4453,11.8164
404,6.1523,11.5234
408,6.2500,11.9141
412,6.1523,11.6211
416,6.2500,10.4492
420,6.1523,11.9141
424,6.1523,11.0352
428,6.6406,11.7188
432,6.2500,12.1094
436,6.1523,12.3047
440,6.2500,11.2305
444,6.1523,11.3281
448,6.1523,10.7422
452,6.1523,11.7188
456,6.1523,11.9141
460,6.1523,11.5234
464,6.1523,12.5000
468,6.4453,12.2070
472,6.1523,12.4023
476,6.1523,12.0117
480,6.2500,11.3281
484,6.2500,13.2813
488,6.2500,12.2070
492,6.3477,11.8164
496,6.2500,12.6953
500,6.1523,13.3789
504,6.2500,12.7930
508,6.1523,12.8906
512,6.1523,14.0625
516,7.7148,13.3789
520,7.1289,12.1094
524,6.9336,12.7930
528,7.4219,11.6211
532,7.1289,12.7930
536,7.2266,12.5977
540,7.3242,12.5977
544,7.2266,13.2813
548,7.3242,13.1836
552,6.8359,12.7930
556,7.1289,12.8906
560,7.0313,11.5234
564,6.7383,13.1836
568,7.8125,12.9883
572,7.3242,12.4023
576,7.3242,12.1094
580,7.1289,11.7188
584,7.6172,13.0859
588,7.5195,12.8906
592,7.1289,12.5000
596,7.4219,13.8672
600,7.2266,12.1094
604,7.1289,12.7930
608,7.6172,12.7930
612,7.4219,12.6953
616,6.9336,12.2070
620,8.2031,12.6953
624,7.2266,13.9648
628,7.3242,12.1094
632,6.8359,12.2070
636,7.3242,12.8906
640,7.2266,13.1836
644,7.2266,12.7930
648,7.1289,13.1836
652,7.1289,12.5977
656,7.3242,13.0859
660,7.2266,13.2813
664,7.4219,12.9883
668,7.3242,13.4766
672,7.1289,12.1094
676,7.1289,12.9883
680,7.2266,12.4023
684,7.2266,13.3789
688,7.1289,12.5000
692,7.1289,12.8906
696,7.0313,12.9883
700,7.0313,15.4297
704,7.2266,13.4766
708,7.1289,12.9883
712,7.2266,12.0117
716,7.1289,12.3047
720,7.6172,12.5977
724,7.0313,13.4766
728,7.2266,13.1836
732,7.0313,13.7695
736,7.3242,12.5977
740,7.4219,12.4023
744,7.4219,12.6953
748,7.4219,13.4766
752,7.2266,12.5977
756,7.4219,12.5977
760,7.0313,13.0859
764,7.5195,14.3555
768,7.0313,13.3789
772,7.1289,13.4766
776,7.2266,13.2813
780,7.3242,13.6719
784,7.1289,12.5000
788,7.3242,12.9883
792,7.2266,12.5000
796,7.3242,13.9648
800,7.1289,13.1836
804,7.4219,12.7930
812,8.9844,15.5273
820,8.6914,13.4766
828,7.2266,13.9648
836,7.2266,12.5000
844,7.3242,13.4766
852,7.3242,13.2813
860,7.4219,13.6719
868,7.3242,12.7930
876,7.4219,13.9648
884,9.5703,15.0391
892,9.8633,13.9648
900,7.0313,13.5742
908,7.5195,13.6719
916,7.4219,13.8672
924,7.2266,12.8906
932,7.4219,14.1602
940,7.2266,14.1602
948,7.5195,13.5742
956,7.0313,12.6953
964,7.3242,13.4766
972,7.2266,13.9648
980,7.4219,13.4766
988,7.3242,12.6953
996,7.1289,13.4766
1004,7.1289,12.9883
1012,7.5195,14.0625
1020,7.4219,13.2813
1028,8.6914,13.6719
1036,8.2031,13.7695
1044,8.1055,15.4297
1052,8.0078,14.9414
1060,8.6914,14.0625
1068,8.5938,14.1602
1076,8.6914,14.1602
1084,8.1055,13.2813
1092,8.3984,14.7461
1100,7.9102,13.6719
1108,8.2031,14.1602
1116,8.4961,14.7461
1124,8.3984,14.6484
1132,8.4961,14.3555
1140,8.2031,14.7461
1148,8.5938,15.4297
1156,8.3984,14.1602
1164,8.4961,14.4531
1172,8.3008,14.1602
1180,8.5938,15.2344
1188,8.3008,14.5508
1196,8.4961,13.7695
1204,8.3984,13.7695
1212,8.2031,15.4297
1220,10.3516,14.8438
1228,8.6914,13.9648
1236,8.3008,13.8672
1244,8.3008,13.5742
1252,8.3008,14.1602
1260,8.4961,14.3555
1268,8.5938,13.9648
1276,8.5938,15.1367
1284,8.2031,14.5508
1292,8.5938,13.8672
1300,7.9102,14.5508
1308,8.7891,14.4531
1316,8.3984,15.0391
1324,7.9102,13.9648
1332,8.3984,14.7461
1340,8.2031,13.4766
1348,8.2031,13.6719
1356,8.2031,14.3555
1364,8.3984,14.4531
1372,8.5938,18.1641
1380,12.1094,16.6992
1388,11.7188,17.9688
1396,8.4961,14.8438
1404,8.6914,15.8203
1412,7.9102,12.9883
1420,8.3008,14.2578
1428,8.3984,14.3555
1436,8.4961,14.5508
1444,8.3984,13.8672
1452,8.3984,14.6484
1460,8.3008,14.7461
1468,8.3008,13.9648
1476,8.5938,14.4531
1484,8.3984,13.3789
1492,8.3008,13.8672
1500,8.2031,14.4531
1508,8.3984,15.8203
1516,8.4961,14.7461
1524,8.3008,14.2578
1532,8.3984,15.3320
1540,8.3984,15.6250
1548,8.3984,14.6484
1556,8.6914,15.4297
1564,8.3984,15.0391
1572,8.4961,14.3555
1580,8.1055,14.7461
1588,8.3984,14.4531
1596,8.1055,14.2578
1604,8.3984,14.4531
1616,8.6914,13.7695
1628,8.1055,14.6484
1640,8.4961,14.2578
1652,8.1055,14.9414
1664,7.9102,14.5508
1676,8.2031,14.8438
1688,8.1055,15.1367
1700,8.0078,16.8945
1712,8.3984,14.3555
1724,8.6914,15.4297
1736,8.3008,15.1367
1748,8.3984,14.7461
1760,8.3008,13.9648
1772,8.9844,15.1367
1784,8.4961,14.5508
1796,8.1055,14.6484
1808,8.2031,14.7461
1820,8.7891,15.3320
1832,8.3984,16.0156
1844,8.3008,15.6250
1856,8.2031,14.5508
1868,8.2031,15.1367
1880,8.2031,14.9414
1892,8.8867,14.2578
1904,8.6914,14.3555
1916,8.4961,14.9414
1928,8.8867,16.0156
1940,8.2031,15.1367
1952,8.0078,14.1602
1964,8.4961,13.8672
1976,8.5938,14.4531
1988,8.5938,18.9453
2000,11.4258,17.0898
2012,9.2773,18.0664
2024,8.4961,15.1367
2036,8.2031,14.0625
2048,8.3984,17.2852
2060,9.6680,17.1875
2072,10.2539,16.9922
2084,10.1563,16.9922
2096,9.8633,15.3320
2108,9.8633,15.9180
2120,9.7656,15.8203
2132,9.1797,16.2109
2144,10.0586,18.8477
2156,8.9844,16.3086
2168,10.1563,16.3086
2180,9.7656,15.1367
2192,10.1563,17.3828
2204,10.5469,15.7227
2216,9.6680,16.8945
2228,9.4727,16.1133
2240,10.5469,17.0898
2252,9.6680,16.4063
2264,9.2773,15.9180
2276,9.6680,14.7461
2288,9.6680,16.5039
2300,9.7656,15.5273
2312,9.5703,16.7969
2324,9.7656,16.6992
2336,9.7656,15.9180
2348,10.1563,16.4063
2360,11.7188,16.6016
2372,10.0586,15.5273
2384,9.7656,14.7461
2396,10.0586,15.2344
2408,9.7656,15.7227
2424,9.4727,15.4297
2440,9.6680,15.7227
2456,9.9609,16.6992
2472,9.7656,15.6250
2488,9.8633,17.5781
2504,12.7930,16.3086
2520,9.7656,17.0898
2536,12.5000,16.3086
2552,9.8633,16.6016
2568,10.0586,16.5039
2584,9.5703,15.7227
2600,9.7656,15.8203
2616,9.6680,15.9180
2632,9.5703,15.5273
2648,9.7656,16.1133
2664,9.7656,16.0156
2680,9.5703,15.3320
2696,9.6680,15.6250
2712,10.2539,15.3320
2728,9.7656,16.0156
2744,9.7656,16.4063
2760,10.5469,16.2109
2776,10.2539,15.3320
2792,9.8633,15.4297
2808,10.6445,17.5781
2824,10.4492,17.7734
2840,10.4492,16.7969
2856,10.4492,16.7969
2872,10.0586,16.1133
2888,10.3516,16.5039
2904,10.2539,16.4063
2920,10.1563,16.6992
2936,9.8633,16.3086
2952,10.1563,15.7227
2968,10.5469,15.9180
2984,10.8398,17.1875
3000,10.1563,16.2109
3016,9.7656,15.8203
3032,10.2539,17.1875
3048,10.4492,16.7969
3064,10.3516,16.3086
3080,10.5469,17.0898
3096,10.4492,16.2109
3112,9.7656,17.5781
3128,10.4492,17.0898
3144,9.7656,16.2109
3160,10.6445,16.9922
3176,9.9609,15.6250
3192,9.8633,21.4844
3208,9.5703,16.8945
3228,9.5703,17.1875
3248,9.8633,16.5039
3268,10.0586,17.5781
3288,10.1563,17.7734
3308,10.3516,16.0156
3328,9.3750,16.6016
3348,9.9609,17.3828
3368,9.6680,16.7969
3388,9.9609,17.4805
3408,9.4727,16.1133
3428,10.0586,16.9922
3448,10.1563,17.0898
3468,9.8633,15.7227
3488,10.4492,16.6016
3508,9.8633,17.6758
3528,10.0586,19.1406
3548,9.4727,14.9414
3568,9.8633,16.4063
3588,9.7656,16.4063
3608,10.0586,16.2109
3628,9.6680,15.5273
3648,10.0586,16.4063
3668,9.4727,17.8711
3688,9.3750,17.0898
3708,10.3516,17.6758
3728,9.1797,15.3320
3748,9.6680,16.4063
3768,9.1797,15.4297
3788,9.4727,16.8945
3808,9.1797,16.1133
3828,9.8633,16.0156
3848,9.8633,16.5039
3868,10.1563,16.6992
3888,9.9609,18.6523
3908,9.7656,16.9922
3928,9.0820,16.6016
3948,9.4727,16.4063
3968,13.1836,18.9453
3988,10.1563,17.1875
4008,9.7656,17.2852
4032,10.2539,16.4063
4056,9.8633,16.9922
4080,9.8633,21.2891
4104,14.2578,18.9453
4128,12.1094,17.6758
4152,11.1328,17.8711
4176,11.1328,19.0430
4200,11.6211,18.9453
4224,11.4258,17.6758
4248,11.9141,18.3594
4272,11.2305,17.7734
4296,11.6211,16.0156
4320,11.7188,18.2617
4344,10.5469,16.0156
4368,10.9375,16.9922
4392,10.4492,17.6758
4416,10.6445,16.6016
4440,11.8164,16.6016
4464,11.4258,16.6992
4488,11.4258,17.6758
4512,11.7188,17.8711
4536,11.0352,17.0898
4560,11.4258,16.8945
4584,12.0117,18.4570
4608,12.4023,18.7500
4632,11.6211,18.7500
4656,11.2305,18.9453
4680,10.6445,17.7734
4704,10.7422,17.0898
4728,10.9375,17.6758
4752,10.8398,17.8711
4776,11.8164,17.4805
4800,11.3281,16.9922
4824,10.6445,17.3828
4852,10.7422,17.0898
4880,10.8398,17.5781
4908,11.0352,18.0664
4936,11.5234,17.9688
4964,11.0352,18.9453
4992,10.8398,17.5781
5020,11.2305,17.2852
5048,10.9375,18.5547
5076,11.2305,17.9688
5104,11.1328,17.9688
5132,11.4258,17.9688
5160,10.3516,17.1875
5188,12.0117,17.4805
5216,10.7422,17.7734
5244,10.6445,18.0664
5272,11.1328,16.5039
5300,10.6445,17.2852
5328,11.6211,17.4805
5356,10.8398,17.4805
5384,10.7422,17.5781
5412,12.0117,18.0664
5440,11.1328,18.0664
5468,11.1328,17.1875
5496,11.2305,17.2852
5524,11.6211,18.1641
5552,10.5469,17.7734
5580,10.7422,18.5547
5608,11.7188,17.7734
5640,10.6445,17.1875
5672,10.4492,17.0898
5704,11.5234,18.5547
5736,11.8164,17.9688
5768,11.4258,16.9922
5800,11.1328,17.6758
5832,11.7188,17.6758
5864,11.4258,17.9688
5896,11.0352,18.7500
5928,12.1094,19.0430
5960,11.5234,17.0898
5992,11.6211,17.5781
6024,11.6211,16.4063
6056,11.4258,17.9688
6088,11.1328,17.8711
6120,11.2305,18.2617
6152,10.9375,17.2852
6184,10.3516,18.4570
6216,11.3281,17.4805
6248,11.3281,18.6523
6280,11.3281,18.0664
6312,11.9141,18.4570
6344,11.3281,17.9688
6376,11.1328,17.9688
6408,12.0117,19.7266
6444,10.5469,17.3828
6480,11.5234,19.0430
6516,10.9375,17.6758
6552,11.5234,17.8711
6588,10.8398,18.0664
6624,11.7188,17.3828
6660,11.0352,18.3594
6696,11.3281,19.8242
6732,14.8438,18.4570
6768,10.9375,18.1641
6804,10.9375,17.7734
6840,11.4258,18.2617
6876,10.9375,17.7734
6912,10.8398,17.8711
6948,11.6211,19.3359
6984,11.1328,17.5781
7020,11.1328,18.4570
7056,10.1563,18.3594
7092,11.5234,17.0898
7128,11.6211,16.9922
7164,11.2305,17.2852
7200,10.6445,18.8477
7236,11.2305,18.1641
7276,11.0352,17.7734
7316,13.4766,18.7500
7356,11.7188,18.5547
7396,11.3281,21.4844
7436,14.4531,17.8711
7476,11.2305,19.1406
7516,10.8398,18.3594
7556,11.4258,18.7500
7596,11.0352,19.3359
7636,11.6211,17.3828
7676,11.1328,17.6758
7716,11.5234,19.3359
7756,11.0352,17.9688
7796,11.2305,19.4336
7836,9.9609,20.8984
7876,10.8398,18.1641
7916,10.6445,20.8984
7956,12.6953,18.2617
7996,10.9375,17.8711
8036,11.5234,19.0430
8080,11.4258,19.6289
8124,10.6445,18.0664
8168,10.7422,19.0430
8212,13.1836,21.3867
8256,12.2070,19.8242
8300,12.5977,19.9219
8344,12.4023,18.6523
8388,12.5000,18.6523
8432,12.9883,19.7266
8476,12.4023,19.8242
8520,12.5977,18.3594
8564,12.8906,19.5313
8608,12.5000,19.4336
8652,12.5977,18.5547
8696,12.5977,18.3594
8740,11.7188,18.3594
8784,12.7930,20.1172
8828,12.1094,18.7500
8876,12.5000,18.0664
8924,12.3047,18.7500
8972,12.2070,18.4570
9020,12.0117,19.0430
9068,12.3047,19.0430
9116,12.5977,20.1172
9164,12.2070,18.5547
9212,12.7930,18.3594
9260,12.1094,18.1641
9308,12.2070,18.9453
9356,12.4023,19.1406
9404,12.3047,19.8242
9452,12.5977,19.5313
9500,12.9883,20.7031
9548,12.3047,18.9453
9596,12.5000,18.4570
9644,11.8164,18.3594
9696,12.0117,17.1875
9748,12.4023,18.9453
9800,12.5000,18.8477
9852,13.1836,18.6523
9904,11.5234,18.1641
9956,12.7930,20.2148
10008,12.2070,19.1406
10060,13.0859,20.2148
10112,12.0117,19.2383
10164,12.9883,19.5313
10216,12.5000,19.2383
10268,12.5000,17.6758
10320,12.5977,18.0664
10372,12.4023,18.2617
10424,12.3047,19.5313
10480,12.5977,19.1406
10536,12.2070,18.8477
10592,12.4023,18.5547
10648,11.4258,18.1641
10704,11.9141,17.5781
10760,12.5977,17.6758
10816,12.6953,19.1406
10872,13.0859,19.4336
10928,12.6953,20.5078
10984,12.3047,19.0430
11040,12.4023,19.1406
11096,12.1094,18.3594
11152,12.5977,18.6523
11208,13.0859,20.2148
11268,12.4023,18.7500
11328,12.5977,19.9219
11388,12.1094,18.3594
11448,12.5000,19.1406
11508,12.7930,19.1406
11568,11.9141,18.5547
11628,12.2070,18.5547
11688,12.4023,20.2148
11748,13.0859,20.0195
11808,12.2070,18.9453
11868,12.5977,19.4336
11928,11.7188,18.5547
11988,12.6953,18.5547
12048,12.0117,18.7500
12112,13.2813,21.0938
12176,12.5000,18.2617
12240,12.2070,19.6289
12304,12.5000,19.5313
12368,12.0117,18.0664
12432,12.5000,19.8242
12496,12.3047,17.8711
12560,12.0117,18.9453
12624,12.1094,18.5547
12688,12.3047,19.6289
12752,12.8906,20.1172
12816,12.3047,18.8477
12884,11.9141,18.4570
12952,12.4023,19.4336
13020,11.7188,19.5313
13088,12.4023,19.3359
13156,12.2070,19.9219
13224,16.5039,21.6797
13292,12.5977,19.7266
13360,12.8906,19.4336
13428,12.6953,18.9453
13496,12.5977,18.4570
13564,12.8906,20.2148
13632,13.0859,20.0195
13704,12.0117,19.5313
13776,11.7188,18.7500
13848,12.5000,20.0195
13920,12.3047,20.4102
13992,11.8164,18.3594
14064,12.2070,19.2383
14136,12.1094,18.2617
14208,12.1094,19.0430
14280,12.7930,19.4336
14352,11.5234,18.8477
14424,12.5000,19.5313
14500,12.3047,18.8477
14576,12.1094,19.4336
14652,12.6953,20.4102
14728,12.7930,17.8711
14804,12.6953,18.7500
14880,12.5977,19.6289
14956,12.3047,19.1406
15032,12.9883,20.5078
15108,12.2070,17.8711
15184,12.3047,20.1172
15260,12.7930,19.6289
15340,12.4023,18.0664
15420,12.7930,19.3359
15500,11.8164,19.4336
15580,12.3047,18.6523
15660,13.0859,19.6289
15740,12.0117,18.5547
15820,12.6953,20.8008
15900,12.8906,19.8242
15980,12.5977,19.9219
16060,12.5977,19.0430
16144,12.1094,19.8242
16228,11.8164,18.2617
16312,12.5000,19.0430
16396,14.4531,19.4336
16480,14.0625,19.8242
16564,13.3789,19.2383
16648,14.2578,20.0195
16732,14.2578,22.3633
16816,13.3789,19.2383
16904,13.7695,20.6055
16992,13.0859,19.1406
17080,13.7695,19.7266
17168,13.7695,18.5547
17256,14.0625,19.9219
17344,13.7695,20.3125
17432,13.6719,19.3359
17520,13.2813,19.2383
17608,13.4766,19.9219
17700,13.4766,20.0195
17792,14.2578,21.3867
17884,13.3789,19.9219
17976,13.4766,19.8242
18068,13.3789,19.6289
18160,15.6250,20.1172
18252,13.4766,19.3359
18344,13.9648,19.7266
18436,13.7695,19.0430
18532,13.5742,19.3359
18628,13.6719,19.5313
18724,13.6719,19.4336
18820,14.0625,19.3359
18916,13.6719,20.6055
19012,13.6719,19.3359
19108,14.2578,20.3125
19204,13.5742,19.7266
19304,13.4766,19.4336
19404,13.6719,19.6289
19504,13.6719,18.9453
19604,13.6719,21.7773
19704,13.4766,19.7266
19804,13.9648,19.6289
19904,14.0625,20.6055
20004,14.0625,19.2383
20108,12.5000,18.9453
20212,13.6719,19.4336
20316,14.0625,20.8008
20420,13.4766,19.9219
20524,13.5742,19.6289
20628,13.3789,20.8984
20732,13.3789,19.1406
20836,13.2813,19.5313
20944,13.6719,20.0195
21052,14.5508,19.9219
21160,12.9883,19.2383
21268,15.7227,19.2383
21376,13.9648,19.9219
21484,13.4766,20.6055
21592,13.3789,19.1406
21700,13.5742,20.1172
21812,13.7695,19.7266
21924,13.9648,19.3359
22036,13.6719,20.7031
22148,14.0625,19.9219
22260,13.7695,20.5078
22372,13.5742,19.7266
22484,13.8672,20.2148
22600,14.0625,19.3359
22716,13.9648,20.1172
22832,13.9648,21.4844
22948,13.8672,22.3633
23064,16.7969,20.8984
23180,13.0859,19.1406
23296,14.1602,19.9219
23416,13.5742,20.0195
23536,13.1836,19.4336
23656,14.1602,20.7031
23776,14.0625,20.2148
23896,13.3789,19.2383
24016,13.2813,19.8242
24140,15.0391,21.2891
24264,13.5742,20.4102
24388,13.6719,20.4102
24512,14.0625,20.8008
24636,14.1602,21.5820
24760,18.7500,21.6797
24884,16.0156,20.3125
25012,13.4766,19.1406
25140,13.8672,20.7031
25268,13.8672,20.0195
25396,13.2813,19.9219
25524,14.1602,20.8984
25652,13.8672,18.2617
25784,14.0625,19.7266
25916,13.7695,20.0195
26048,14.3555,20.0195
26180,14.1602,20.4102
26312,14.3555,19.9219
26444,13.8672,19.7266
26580,13.8672,20.2148
26716,15.2344,20.5078
26852,13.8672,19.6289
26988,13.6719,20.5078
27124,13.5742,18.8477
27260,13.5742,19.3359
27400,13.3789,20.3125
27540,13.9648,20.9961
27680,13.5742,20.5078
27820,13.8672,21.1914
27960,13.5742,21.0938
28100,14.1602,20.0195
28244,13.4766,20.3125
28388,14.4531,20.5078
28532,14.2578,22.2656
28676,14.1602,21.1914
28820,15.6250,19.8242
28968,12.9883,19.4336
29116,14.0625,20.8008
29264,13.8672,20.3125
29412,13.8672,20.5078
29560,14.2578,20.9961
29708,13.4766,21.0938
29860,13.6719,20.5078
30012,14.3555,20.8984
30164,13.5742,20.6055
30316,13.7695,20.8008
30468,13.4766,19.4336
30624,13.3789,20.9961
30780,13.0859,20.2148
30936,14.0625,20.6055
31092,13.7695,22.1680
31248,13.9648,20.0195
31408,13.4766,20.4102
31568,13.5742,20.2148
31728,13.8672,20.3125
31888,13.6719,20.3125
32048,13.4766,20.7031
32212,13.1836,20.0195
32376,13.6719,20.8984
32540,14.5508,22.4609
32704,13.5742,19.5313
32868,15.9180,21.8750
33036,15.3320,22.0703
33204,15.4297,21.8750
33372,14.2578,21.5820
33540,15.9180,24.2188
33708,15.3320,20.8008
33880,14.8438,20.0195
34052,14.6484,20.2148
34224,15.5273,21.3867
34396,16.1133,22.5586
34568,14.6484,22.0703
34744,14.8438,21.9727
34920,15.5273,20.7031
35096,15.0391,20.9961
35272,15.4297,21.9727
35452,14.5508,20.8008
35632,14.8438,20.2148
35812,15.4297,22.5586
35992,14.3555,21.5820
36172,17.0898,19.7266
36356,14.9414,21.6797
36540,15.1367,20.3125
36724,14.9414,21.9727
36908,15.0391,21.5820
37096,15.9180,22.4609
37284,14.7461,20.7031
37472,14.8438,21.9727
37660,15.7227,22.1680
37852,15.0391,21.5820
38044,15.0391,21.2891
38236,15.0391,21.7773
38428,15.0391,20.4102
38624,14.5508,21.3867
38820,20.3125,25.3906
39016,15.0391,20.8984
39212,15.8203,21.0938
39412,15.4297,21.0938
39612,16.1133,21.2891
39812,15.4297,20.5078
40012,14.3555,20.1172
40216,15.3320,20.9961
40420,14.1602,19.6289
40624,14.6484,20.7031
40828,15.0391,21.1914
41036,16.0156,22.4609
41244,15.0391,21.6797
41452,15.2344,21.3867
41660,15.0391,21.1914
41872,15.3320,22.0703
42084,14.8438,20.8984
42296,15.0391,22.1680
42508,15.7227,21.1914
42724,14.9414,21.1914
42940,15.3320,20.8008
43156,15.6250,22.0703
43372,15.2344,22.6563
43592,15.2344,21.5820
43812,15.3320,21.9727
44032,14.8438,20.2148
44256,15.2344,21.5820
44480,15.5273,22.3633
44704,16.6992,22.9492
44928,14.8438,23.0469
45156,15.1367,20.6055
45384,14.1602,20.6055
45612,15.5273,23.3398
45844,14.9414,22.6563
46076,15.4297,22.1680
46308,15.6250,22.3633
46540,15.0391,21.8750
46776,15.0391,22.0703
47012,14.8438,21.3867
47248,15.7227,23.5352
47488,15.4297,22.1680
47728,15.5273,22.3633
47968,14.6484,20.6055
48208,15.2344,22.2656
48452,15.5273,22.2656
48696,14.7461,21.0938
48940,15.4297,22.2656
49188,15.7227,23.4375
49436,15.3320,21.7773
49684,15.2344,22.2656
49936,15.4297,22.2656
50188,15.4297,21.4844
50440,15.6250,21.9727
50696,15.3320,23.2422
50952,15.3320,22.6563
51208,15.5273,22.2656
51468,15.5273,22.2656
51728,15.6250,22.0703
51988,14.5508,21.9727
52248,15.5273,22.7539
52512,14.8438,21.9727
52776,15.3320,22.0703
53040,15.8203,23.5352
53308,14.9414,21.7773
53576,15.6250,21.4844
53844,15.0391,21.3867
54116,15.9180,23.2422
54388,14.3555,20.6055
54660,15.7227,23.7305
54936,15.6250,21.9727
55212,16.5039,22.9492
55492,15.3320,20.6055
55772,17.0898,21.2891
56052,15.9180,22.0703
56336,15.8203,21.3867
56620,14.5508,21.8750
56904,15.4297,22.7539
57192,15.7227,21.8750
57480,14.0625,21.8750
57768,15.2344,22.6563
58060,15.4297,22.1680
58352,15.2344,21.5820
58644,15.4297,21.8750
58940,15.2344,22.1680
59236,15.4297,22.4609
59536,15.1367,23.1445
59836,15.8203,24.3164
60136,15.1367,21.8750
60440,15.5273,22.2656
60744,15.7227,22.7539
61048,15.7227,22.9492
61356,15.6250,23.9258
61664,15.5273,22.4609
61976,15.4297,23.3398
62288,15.2344,22.1680
62600,15.1367,21.7773
62916,14.9414,22.8516
63232,15.6250,21.7773
63552,16.0156,22.9492
63872,20.9961,23.3398
64192,16.4063,22.9492
64516,15.9180,22.0703
64840,14.8438,21.5820
65168,16.1133,22.3633
65496,16.6992,23.1445
65824,18.5547,26.7578
66156,17.4805,25.9766
66488,16.9922,25.5859
66824,17.0898,24.3164
67160,16.9922,22.7539
67496,17.2852,25.2930
67836,16.0156,24.1211
68176,16.5039,24.9023
68520,17.1875,25.7813
68864,16.4063,23.3398
69212,16.8945,25.0000
69560,16.8945,24.1211
69908,17.9688,26.7578
70260,16.2109,22.7539
70612,16.6992,24.1211
70968,16.4063,23.7305
71324,16.5039,23.6328
71684,16.4063,23.2422
72044,16.5039,24.0234
72408,16.6992,24.5117
72772,17.7734,26.6602
73136,17.0898,25.0000
73504,19.4336,25.2930
73872,16.8945,25.9766
74244,17.5781,25.4883
74616,16.4063,23.8281
74992,16.5039,23.5352
75368,16.7969,24.7070
75748,15.8203,23.2422
76128,17.0898,25.6836
76512,16.1133,23.5352
76896,17.7734,25.6836
77284,16.8945,24.9023
77672,15.6250,24.0234
78064,16.6016,24.3164
78456,16.8945,36.4258
78852,17.6758,25.2930
79248,17.3828,28.2227
79648,16.6016,24.4141
80048,17.5781,25.4883
80452,16.4063,24.1211
80856,16.9922,24.2188
81264,16.8945,24.7070
81672,18.0664,26.5625
82084,17.0898,25.4883
82496,17.0898,25.7813
82912,16.3086,24.5117
83328,17.4805,25.0977
83748,16.7969,32.6172
84168,16.6992,24.0234
84592,17.1875,24.5117
85016,16.9922,26.4648
85444,16.6992,24.4141
85872,18.0664,25.7813
86304,17.4805,25.6836
86736,16.8945,24.8047
87172,16.6992,24.9023
87608,17.5781,25.3906
88048,16.8945,25.6836
88492,16.0156,23.9258
88936,16.3086,25.5859
89384,16.6992,25.5859
89832,16.8945,24.5117
90284,16.9922,24.9023
90736,16.4063,23.7305
91192,17.3828,26.3672
91648,17.7734,25.5859
92108,16.8945,24.4141
92572,16.6992,25.4883
93036,16.4063,24.7070
93504,16.2109,24.3164
93972,17.0898,24.6094
94444,17.0898,24.9023
94920,17.2852,26.6602
95396,18.8477,22.7539
95876,16.5039,24.4141
96356,17.4805,26.0742
96840,17.5781,25.3906
97328,16.3086,24.0234
97816,16.6016,25.8789
98308,16.6992,26.4648
98800,16.4063,24.2188
99296,17.4805,25.8789
99796,17.6758,25.8789
100296,17.7734,26.3672
100800,23.0469,28.6133
101304,16.7969,25.8789
101812,18.4570,24.7070
102324,17.1875,26.3672
102836,22.4609,25.8789
103352,16.9922,24.2188
103872,16.8945,27.3438
104392,17.5781,25.2930
104916,20.0195,27.7344
105444,16.1133,24.3164
105972,16.9922,25.1953
106504,17.3828,25.2930
107040,17.0898,25.0977
107576,16.6016,24.7070
108116,17.0898,25.5859
108660,16.9922,24.5117
109204,17.1875,26.2695
109752,16.7969,26.0742
110304,16.2109,24.4141
110856,16.8945,24.5117
111412,16.6016,24.9023
111972,17.5781,25.8789
112532,16.5039,23.5352
113096,17.4805,26.4648
113664,17.8711,26.9531
114236,17.4805,26.2695
114808,16.4063,25.0000
115384,17.8711,26.3672
115964,17.0898,25.8789
116544,18.0664,25.5859
117128,17.3828,24.8047
117716,17.4805,25.9766
118308,16.5039,24.6094
118900,16.6992,23.7305
119496,15.9180,25.5859
120096,17.8711,26.3672
120700,17.4805,24.9023
121304,16.1133,23.7305
121912,16.5039,25.6836
122524,16.7969,25.4883
123140,17.0898,25.7813
123756,16.9922,25.3906
124376,17.1875,25.7813
125000,16.6016,24.8047
125628,17.0898,26.4648
126260,17.7734,26.9531
126892,16.8945,25.1953
127528,17.1875,25.5859
128168,17.5781,25.9766
128812,16.7969,25.2930
129460,16.8945,24.6094
130108,16.9922,26.0742
130760,17.1875,26.1719
131416,20.0195,29.6875
132076,19.5313,27.1484
132740,18.3594,25.9766
133404,19.2383,26.6602
134072,18.4570,25.6836
134744,18.3594,24.5117
135420,19.5313,26.4648
136100,19.7266,27.9297
136784,18.5547,25.1953
137468,19.7266,28.2227
138156,19.2383,27.6367
138848,18.8477,26.4648
139544,18.5547,25.9766
140244,18.6523,25.9766
140948,19.0430,27.2461
141656,18.7500,26.8555
142368,18.8477,26.1719
143080,18.8477,26.1719
143796,18.6523,25.9766
144516,18.4570,26.0742
145240,18.5547,26.9531
145968,18.2617,27.8320
146700,19.6289,26.8555
147436,18.7500,25.9766
148176,18.1641,24.9023
148920,20.8984,26.0742
149668,18.5547,25.2930
150420,18.9453,27.5391
151176,18.6523,26.8555
151932,19.3359,26.0742
152692,18.4570,26.1719
153456,19.4336,26.1719
154224,19.2383,26.7578
154996,19.1406,27.3438
155772,19.4336,30.3711
156552,22.0703,26.9531
157336,19.5313,26.7578
158124,19.0430,26.6602
158916,18.2617,26.2695
159712,18.6523,26.8555
160512,18.9453,28.3203
161316,19.0430,27.4414
162124,18.8477,26.7578
162936,19.1406,27.6367
163752,19.2383,28.3203
164572,18.2617,25.9766
165396,18.3594,26.3672
166224,18.9453,27.3438
167056,18.1641,26.2695
167892,18.5547,28.5156
168732,18.2617,25.5859
169576,19.5313,26.4648
170424,18.9453,26.3672
171280,19.1406,26.2695
172140,18.1641,26.0742
173004,17.6758,26.0742
173872,18.7500,26.3672
174744,19.2383,26.2695
175620,18.8477,25.9766
176500,18.6523,28.2227
177384,18.9453,27.7344
178272,19.0430,26.6602
179164,18.6523,25.6836
180060,19.4336,28.9063
180964,19.1406,24.9023
181872,18.0664,25.1953
182784,18.5547,27.0508
183700,20.2148,27.8320
184620,19.7266,27.3438
185544,18.0664,26.2695
186472,18.9453,27.9297
187408,19.0430,27.0508
188348,18.1641,25.6836
189292,18.8477,27.3438
190240,18.4570,25.3906
191192,19.4336,28.1250
192148,19.0430,28.2227
193112,17.7734,26.1719
194080,18.7500,25.9766
195052,18.7500,27.7344
196028,18.2617,26.6602
197012,18.9453,27.8320
198000,18.4570,26.6602
198992,19.5313,28.2227
199988,18.3594,26.1719
200988,18.8477,26.4648
201996,19.4336,27.3438
203008,18.8477,27.2461
204024,18.9453,27.9297
205048,18.2617,26.6602
206076,18.9453,26.9531
207108,18.8477,27.0508
208144,19.5313,28.7109
209188,19.0430,27.2461
210236,18.9453,27.5391
211288,17.7734,25.8789
212348,17.9688,26.7578
213412,33.4961,26.4648
214480,20.6055,28.0273
215556,18.4570,26.7578
216636,19.5313,27.7344
217720,19.1406,29.1016
218812,19.6289,26.3672
219908,18.8477,26.4648
221008,18.2617,27.6367
222116,20.3125,28.8086
223228,18.4570,26.9531
224348,19.2383,28.8086
225472,18.8477,35.2539
226600,18.7500,26.2695
227736,18.8477,27.1484
228876,18.3594,25.9766
230024,19.1406,28.5156
231176,18.8477,26.3672
232332,19.3359,27.6367
233496,18.8477,26.3672
234664,18.9453,27.7344
235840,26.3672,27.9297
237020,18.9453,27.7344
238208,19.7266,29.1016
239400,20.8008,25.4883
240600,18.8477,25.7813
241804,18.8477,26.9531
243016,19.2383,27.7344
244232,18.9453,26.9531
245456,19.5313,28.8086
246684,19.5313,28.1250
247920,18.4570,27.2461
249160,18.8477,29.8828
250408,19.2383,27.2461
251664,18.9453,27.3438
252924,19.5313,28.7109
254192,19.7266,28.1250
255464,18.5547,26.8555
256744,18.7500,27.1484
258028,18.7500,27.0508
259320,18.5547,26.5625
260620,19.1406,25.8789
261924,20.3125,28.8086
263236,21.5820,28.0273
264556,21.1914,29.9805
265880,20.8008,27.4414
267212,20.8984,27.4414
268552,20.4102,31.6406
269896,20.6055,26.7578
271248,22.1680,28.6133
272608,21.2891,28.1250
273972,22.3633,30.3711
275344,21.5820,29.2969
276724,20.7031,28.0273
278108,21.1914,27.3438
279500,20.6055,28.2227
280900,21.1914,28.8086
282308,21.6797,28.7109
283720,20.3125,29.5898
285140,20.8984,26.9531
286568,21.1914,27.6367
288004,20.8984,27.3438
289448,20.4102,26.7578
290896,20.6055,26.7578
292352,20.5078,27.9297
293816,21.5820,28.4180
295288,20.5078,27.0508
296768,21.4844,28.6133
298252,20.8008,26.4648
299744,21.2891,26.9531
301244,20.7031,27.4414
302752,21.4844,29.5898
304268,21.2891,29.5898
305792,19.9219,27.8320
307324,20.6055,27.4414
308864,20.9961,28.0273
310412,20.6055,28.6133
311968,19.6289,27.4414
313528,20.7031,28.6133
315096,20.6055,28.2227
316672,22.7539,30.6641
318256,20.7031,27.9297
319848,20.8984,28.8086
321448,21.6797,28.3203
323056,22.6563,30.4688
324672,20.5078,26.8555
326296,20.6055,26.2695
327928,21.7773,28.8086
329568,20.6055,27.9297
331216,21.9727,29.2969
332876,21.3867,28.1250
334544,21.3867,29.8828
336220,21.2891,28.7109
337904,20.8984,28.8086
339596,20.0195,28.2227
341296,21.1914,28.1250
343004,21.1914,28.7109
344720,20.8008,27.5391
346444,21.7773,28.9063
348180,29.7852,27.8320
349924,21.9727,29.6875
351676,21.7773,28.7109
353436,21.4844,30.3711
355204,21.0938,28.3203
356984,21.8750,29.5898
358772,21.9727,29.6875
360568,21.6797,29.1992
362372,21.1914,27.8320
364184,21.0938,28.2227
366008,21.1914,29.5898
367840,22.2656,27.2461
369680,21.8750,28.9063
371532,21.6797,28.6133
373392,24.2188,28.7109
375260,21.2891,28.6133
377140,21.4844,28.2227
379028,22.0703,29.5898
380924,20.6055,27.0508
382832,21.3867,28.2227
384748,21.8750,28.7109
386672,20.2148,27.2461
388608,20.7031,28.6133
390552,22.0703,29.3945
392508,22.0703,30.1758
394472,21.6797,29.1016
396448,22.3633,30.1758
398432,22.1680,29.8828
400428,22.0703,30.3711
402432,21.8750,29.2969
404448,22.5586,30.7617
406472,21.6797,29.0039
408508,22.5586,29.1992
410552,22.3633,29.2969
412608,22.0703,29.1016
414672,23.4375,30.7617
416748,21.0938,27.9297
418832,23.0469,30.7617
420928,23.2422,31.8359
423036,21.4844,29.2969
425152,21.5820,29.1992
427280,21.6797,28.9063
429420,22.9492,29.6875
431568,22.6563,29.1992
433728,21.9727,29.1992
435900,22.1680,30.9570
438080,21.9727,28.9063
440272,22.4609,30.1758
442476,22.4609,29.7852
444692,22.7539,30.2734
446916,23.1445,30.6641
449152,21.5820,29.2969
451400,22.2656,30.0781
453660,21.7773,30.8594
455932,22.0703,30.7617
458212,22.9492,30.7617
460504,23.1445,29.5898
462808,21.8750,28.2227
465124,22.3633,29.2969
467452,21.7773,28.3203
469792,23.6328,31.5430
472144,22.1680,30.9570
474508,21.9727,29.8828
476884,22.8516,30.4688
479272,21.9727,29.1016
481672,25.4883,30.2734
484084,23.3398,30.4688
486508,21.8750,29.6875
488944,22.4609,29.6875
491392,22.4609,31.1523
493852,22.5586,28.3203
496324,29.4922,31.6406
498808,23.5352,30.6641
501304,22.2656,29.4922
503812,23.4375,30.4688
506332,26.7578,30.3711
508864,23.5352,30.7617
511412,25.5859,29.6875
513972,23.0469,30.1758
516544,22.1680,29.8828
519128,23.2422,31.9336
521724,22.7539,29.9805
524336,25.6836,31.3477
526960,23.5352,29.1016
529596,25.2930,35.1563
532244,24.0234,31.4453
534908,25.4883,31.5430
537584,23.5352,29.2969
540272,24.2188,32.0313
542976,24.5117,29.7852
545692,24.8047,30.6641
548424,23.9258,29.8828
551168,24.9023,30.8594
553924,24.7070,31.9336
556696,24.2188,29.9805
559480,25.0000,30.7617
562280,25.0000,30.8594
565092,24.9023,29.9805
567920,25.7813,32.2266
570760,24.9023,30.6641
573616,24.1211,29.9805
576488,24.2188,30.3711
579372,24.3164,30.5664
582272,23.7305,32.9102
585184,25.7813,32.1289
588112,25.3906,31.4453
591056,25.0000,32.1289
594012,25.2930,31.1523
596984,24.8047,30.6641
599972,25.0000,31.8359
602972,24.6094,31.7383
605988,25.0000,30.6641
609020,25.0000,33.6914
612068,26.2695,31.9336
615132,24.7070,30.4688
618208,24.1211,30.6641
621300,25.1953,32.0313
624408,24.9023,31.4453
627532,24.8047,31.1523
630672,25.0000,30.5664
633828,25.9766,32.7148
637000,25.8789,31.0547
640188,24.2188,30.0781
643392,24.6094,31.2500
646612,26.0742,33.2031
649848,25.7813,32.0313
653100,25.0977,30.3711
656368,25.0000,31.8359
659652,24.1211,31.1523
662952,25.1953,31.3477
666268,24.6094,30.6641
669600,24.7070,30.4688
672948,24.4141,30.4688
676316,25.1953,30.7617
679700,25.0977,30.7617
683100,24.7070,32.1289
686516,29.1992,30.3711
689952,26.2695,32.4219
693404,25.5859,31.8359
696872,23.3398,28.8086
700360,25.6836,32.7148
703864,26.5625,33.0078
707384,25.6836,30.3711
710924,26.6602,31.5430
714480,25.8789,33.0078
718056,24.3164,30.3711
721648,25.6836,32.3242
725260,24.0234,29.3945
728888,25.6836,32.8125
732536,25.6836,31.3477
736200,24.2188,30.0781
739884,23.7305,29.6875
743584,25.9766,32.6172
747304,25.1953,32.4219
751044,25.0000,31.1523
754800,25.9766,32.6172
758576,24.9023,31.5430
762372,25.3906,32.4219
766184,25.2930,32.4219
770016,24.1211,30.6641
773868,24.5117,30.3711
777740,25.0000,30.8594
781632,23.9258,29.9805
785544,24.4141,30.6641
789472,26.0742,32.8125
793420,24.2188,30.8594
797388,25.4883,32.2266
801376,25.2930,31.2500
805384,25.3906,32.0313
809412,25.6836,32.1289
813460,25.0977,31.5430
817528,24.5117,31.7383
821616,25.4883,31.8359
825728,25.5859,32.0313
829860,25.5859,35.2539
834012,25.6836,30.8594
838184,26.0742,33.1055
842376,25.4883,33.1055
846588,24.6094,31.0547
850824,25.0977,31.9336
855080,25.1953,32.1289
859356,25.5859,33.5938
863656,26.3672,32.4219
867976,26.0742,29.9805
872316,24.4141,30.9570
876680,27.0508,33.8867
881064,26.0742,32.6172
885472,25.3906,32.1289
889900,25.8789,31.5430
894352,25.4883,33.0078
898824,27.5391,34.2773
903320,24.9023,29.9805
907840,27.9297,35.0586
912380,25.6836,31.8359
916944,25.0977,31.7383
921532,25.4883,34.5703
926140,26.4648,32.5195
930772,27.6367,33.5938
935428,26.5625,33.3984
940108,25.1953,32.0313
944812,27.1484,33.3984
949540,26.5625,34.1797
954288,26.3672,34.1797
959060,25.6836,33.3008
963856,26.4648,32.5195
968676,26.1719,32.8125
973520,26.9531,33.9844
978388,26.1719,33.8867
983280,26.5625,33.6914
988200,26.0742,32.5195
993144,25.6836,32.4219
998112,26.3672,32.5195
1003104,26.0742,33.1055
1008120,27.4414,34.9609
1013164,27.1484,34.1797
1018232,26.4648,33.8867
1023324,35.2539,35.3516
1028444,27.1484,33.9844
1033588,27.4414,35.0586
1038756,26.4648,33.5938
1043952,27.8320,35.1563
1049172,29.2969,35.6445
1054420,27.9297,34.9609
1059696,28.6133,34.7656
1064996,29.2969,33.9844
1070324,31.1523,34.5703
1075676,27.0508,32.2266
1081056,27.8320,34.6680
1086464,28.0273,33.8867
1091900,27.3438,33.3008
1097360,28.4180,36.0352
1102848,26.9531,32.3242
1108364,27.5391,33.4961
1113908,29.2969,35.5469
1119480,27.8320,32.1289
1125080,29.2969,36.2305
1130708,26.6602,33.2031
1136364,28.4180,35.6445
1142048,27.1484,30.5664
1147760,28.2227,34.9609
1153500,28.1250,34.4727
1159268,29.0039,34.7656
1165068,29.1992,34.2773
1170896,28.2227,33.7891
1176752,29.3945,35.2539
1182636,29.1992,38.1836
1188552,29.1992,33.5938
1194496,28.1250,32.5195
1200472,28.3203,36.4258
1206476,28.9063,33.3008
1212512,28.0273,33.7891
1218576,27.3438,31.9336
1224672,27.7344,32.8125
1230796,30.8594,32.5195
1236952,28.0273,33.6914
1243140,28.9063,34.7656
1249356,28.4180,33.9844
1255604,26.7578,33.7891
1261884,27.7344,32.7148
1268196,26.7578,32.4219
1274540,28.5156,34.9609
1280916,26.2695,30.6641
1287324,27.8320,33.5938
1293764,28.6133,34.4727
1300236,29.4922,35.9375
1306740,28.2227,34.7656
1313276,27.7344,32.8125
1319844,27.9297,33.2031
1326444,30.9570,37.6953
1333080,28.9063,36.5234
1339748,29.4922,36.5234
1346448,28.0273,33.9844
1353184,27.9297,33.3008
1359952,28.8086,33.5938
1366752,29.1992,35.1563
1373588,28.7109,36.7188
1380456,28.7109,34.2773
1387360,27.4414,32.8125
1394300,28.6133,36.0352
1401272,29.5898,35.9375
1408280,28.1250,33.3008
1415324,29.4922,34.4727
1422404,29.1992,35.2539
1429520,28.6133,36.1328
1436668,30.0781,35.9375
1443852,28.3203,34.1797
1451072,28.4180,35.1563
1458328,29.6875,35.4492
1465620,29.7852,35.0586
1472952,29.9805,35.4492
1480320,29.3945,33.7891
1487724,30.8594,36.4258
1495164,30.3711,36.2305
1502640,29.1992,35.2539
1510156,28.2227,32.6172
1517708,30.5664,36.9141
1525300,29.2969,36.2305
1532928,29.8828,36.3281
1540596,28.9063,34.9609
1548300,29.1016,39.4531
1556044,29.4922,36.2305
1563828,29.7852,37.8906
1571648,28.8086,35.1563
1579508,29.1992,34.4727
1587408,31.0547,37.6953
1595348,30.4688,36.1328
1603328,46.4844,37.6953
1611348,32.6172,37.0117
1619408,34.2773,37.4023
1627508,29.9805,37.6953
1635648,30.6641,35.5469
1643828,29.8828,36.4258
1652048,28.5156,34.2773
1660312,30.7617,37.1094
1668616,31.0547,39.8438
1676960,29.2969,34.2773
1685348,30.2734,36.7188
1693776,30.4688,36.2305
1702248,30.7617,36.9141
1710760,29.8828,36.1328
1719316,31.3477,37.1094
1727916,29.1992,35.3516
1736556,30.4688,36.0352
1745240,30.0781,36.6211
1753968,29.4922,35.7422
1762740,30.7617,37.8906
1771556,29.4922,35.5469
1780416,29.6875,34.3750
1789320,44.4336,46.3867
1798268,31.6406,37.9883
1807260,31.2500,36.7188
1816300,31.6406,36.6211
1825384,31.8359,38.6719
1834512,30.2734,35.4492
1843688,34.7656,39.1602
1852908,32.0313,41.0156
1862176,31.3477,37.9883
1871488,30.6641,37.4023
1880848,29.0039,34.2773
1890256,29.1016,35.3516
1899708,30.8594,36.2305
1909208,31.8359,38.7695
1918756,30.6641,38.5742
1928352,29.7852,35.1563
1937996,30.2734,37.0117
1947688,31.9336,39.6484
1957428,30.4688,37.5977
1967216,32.1289,38.7695
1977056,31.3477,38.5742
1986944,31.7383,37.5977
1996880,29.1016,35.9375
2006868,31.5430,36.0352
2016904,30.3711,36.2305
2026992,29.5898,37.0117
2037128,32.4219,39.2578
2047316,32.0313,37.7930
2057556,31.2500,38.3789
2067844,31.0547,37.3047
2078184,32.9102,39.0625
2088576,33.7891,35.9375
2099020,32.8125,40.7227
2109516,31.6406,37.4023
2120064,31.2500,37.1094
2130668,33.5938,40.1367
2141324,31.5430,37.9883
2152032,36.4258,38.5742
2162796,35.2539,41.3086
2173612,33.1055,38.7695
2184484,33.3008,38.4766
2195408,33.3008,38.6719
2206388,33.3008,38.4766
2217420,32.2266,37.6953
2228508,32.9102,37.5000
2239652,33.0078,38.4766
2250852,31.9336,38.5742
2262108,32.1289,38.5742
2273420,33.0078,39.6484
2284788,31.4453,36.7188
2296212,33.3008,39.4531
2307696,33.5938,39.9414
2319236,31.4453,36.9141
2330836,31.9336,37.2070
2342492,32.6172,38.7695
2354208,31.3477,36.7188
2365980,30.5664,38.7695
2377812,33.2031,37.9883
2389704,33.5938,39.3555
2401656,37.4023,41.7969
2413668,31.3477,35.6445
2425740,32.7148,37.5977
2437872,33.2031,41.2109
2450064,30.8594,35.8398
2462316,32.1289,38.0859
2474628,32.2266,38.5742
2487004,32.4219,37.5977
2499440,32.2266,38.0859
2511940,34.6680,37.5000
2524500,32.1289,38.3789
2537124,34.5703,39.4531
2549812,33.1055,39.4531
2562564,32.3242,38.5742
2575380,32.7148,38.4766
2588260,35.0586,42.1875
2601204,34.2773,40.1367
2614212,31.6406,37.5000
2627284,33.1055,38.9648
2640424,32.3242,38.4766
2653628,33.5938,39.4531
2666900,32.4219,37.5000
2680236,33.3008,37.8906
2693640,31.6406,38.4766
2707112,34.7656,42.4805
2720648,34.5703,40.3320
2734252,32.8125,37.5000
2747924,34.0820,39.5508
2761664,34.3750,39.5508
2775476,31.9336,36.4258
2789356,32.2266,37.6953
2803304,35.9375,42.1875
2817324,33.1055,44.6289
2831412,33.3008,40.6250
2845572,33.9844,39.7461
2859800,34.2773,40.5273
2874100,34.8633,42.9688
2888472,32.4219,37.6953
2902916,36.5234,44.3359
2917432,34.2773,40.7227
2932020,34.5703,41.1133
2946684,33.0078,38.1836
2961420,35.1563,40.6250
2976228,31.4453,37.4023
2991112,33.3984,40.0391
3006068,35.8398,42.7734
3021100,34.5703,42.4805
3036208,33.2031,40.3320
3051392,34.7656,41.6992
3066652,33.2031,38.7695
3081988,33.5938,39.2578
3097400,32.7148,40.0391
3112888,34.9609,41.2109
3128456,33.3008,36.9141
3144100,34.7656,41.6992
3159824,34.3750,39.5508
3175624,34.1797,40.2344
3191504,34.3750,41.2109
3207464,35.4492,40.7227
3223504,33.1055,40.2344
3239624,33.0078,38.0859
3255824,33.7891,38.6719
3272104,33.8867,39.4531
3288468,34.3750,39.4531
3304912,35.6445,41.5039
3321440,33.3984,39.4531
3338048,34.6680,41.2109
3354740,34.6680,41.2109
3371516,36.0352,41.2109
3388376,34.7656,41.2109
3405320,37.0117,43.3594
3422348,33.6914,39.7461
3439460,33.3984,38.0859
3456660,32.7148,39.1602
3473944,34.5703,41.2109
3491316,35.2539,42.1875
3508776,35.1563,42.5781
3526320,36.3281,43.9453
3543952,36.4258,42.2852
3561672,34.2773,43.1641
3579484,32.9102,39.1602
3597384,66.2109,50.0000
3615372,52.4414,46.4844
3633452,36.5234,42.1875
3651620,36.1328,42.6758
3669880,37.4023,44.1406
3688232,35.4492,42.2852
3706676,36.1328,43.2617
3725212,34.8633,39.4531
3743840,34.8633,41.0156
3762560,35.3516,44.4336
3781376,36.8164,43.8477
3800284,32.7148,37.8906
3819288,35.3516,41.2109
3838388,36.7188,43.2617
3857580,36.1328,45.2148
3876868,34.5703,40.0391
3896256,35.1563,41.3086
3915740,34.7656,41.6992
3935320,36.0352,46.5820
3955000,34.7656,39.2578
3974776,35.9375,41.7969
3994652,33.8867,40.6250
4014628,35.5469,40.4297
4034704,49.9023,41.6016
4054880,34.3750,39.5508
4075156,33.5938,40.5273
4095532,36.8164,44.2383
4116012,34.4727,39.7461
4136596,33.6914,38.3789
4157280,35.7422,42.3828
4178068,35.7422,41.9922
4198960,37.1094,45.1172
4219956,35.5469,41.6992
4241056,37.3047,44.8242
4262264,34.3750,41.3086
4283576,34.8633,41.7969
4304996,38.8672,43.9453
4326524,34.9609,41.3086
4348160,37.9883,44.4336
4369904,35.5469,41.5039
4391756,36.4258,44.8242
4413716,35.1563,42.2852
4435788,34.9609,43.1641
4457968,37.1094,44.2383
4480260,37.9883,46.7773
4502664,37.4023,44.0430
4525180,37.5000,44.3359
4547808,34.8633,42.6758
4570548,35.0586,41.3086
4593404,37.5000,43.6523
4616372,34.7656,40.6250
4639456,37.5000,43.5547
4662656,36.5234,44.6289
4685972,35.3516,41.6992
4709404,35.8398,42.7734
4732952,37.2070,44.2383
4756620,36.7188,43.1641
4780404,38.0859,45.7031
4804308,35.1563,40.7227
4828332,37.1094,42.4805
4852476,38.0859,44.5313
4876740,36.5234,43.0664
4901124,34.5703,41.0156
4925632,36.0352,42.3828
4950264,36.2305,42.1875
4975016,37.4023,43.9453
4999892,35.4492,42.3828
5024892,37.4023,43.1641
5050020,39.2578,49.2188
5075272,36.6211,42.9688
5100652,35.2539,41.6016
5126156,36.8164,42.5781
5151788,36.0352,46.5820
5177548,36.7188,42.4805
5203436,37.2070,43.1641
5229456,37.0117,44.7266
5255604,36.1328,42.5781
5281884,37.6953,44.2383
5308296,36.9141,41.1133
5334840,37.6953,44.0430
5361516,38.0859,43.8477
5388324,37.3047,43.5547
5415268,39.1602,45.6055
5442348,41.6992,53.3203
5469560,37.7930,44.1406
5496908,39.4531,46.5820
5524396,38.1836,45.9961
5552020,38.2813,44.5313
5579784,38.0859,43.4570
5607684,36.0352,43.5547
5635724,37.8906,45.8008
5663904,37.6953,44.7266
5692224,38.7695,46.8750
5720688,37.5000,46.9727
5749292,39.3555,47.5586
5778040,36.6211,42.7734
5806932,37.2070,43.5547
5835968,40.6250,45.9961
5865148,37.1094,44.7266
5894476,36.5234,42.4805
5923952,39.2578,47.4609
5953572,36.1328,43.0664
5983340,38.0859,46.3867
6013260,36.5234,42.9688
6043328,41.7969,45.3125
6073548,37.4023,45.4102
6103916,37.5000,43.6523
6134436,39.7461,47.1680
6165112,37.8906,45.4102
6195940,38.2813,44.9219
6226920,37.0117,43.9453
6258056,40.4297,46.5820
6289348,39.2578,45.6055
6320796,37.6953,44.1406
6352400,37.5977,45.8984
6384164,38.1836,45.0195
6416088,38.4766,43.9453
6448172,39.6484,46.0938
6480416,37.7930,44.0430
6512820,38.6719,44.6289
6545388,40.0391,44.6289
6578116,38.9648,45.4102
6611008,38.4766,44.3359
6644064,38.1836,44.6289
6677288,38.6719,44.4336
6710676,40.4297,47.3633
6744232,36.8164,42.7734
6777956,37.6953,44.0430
6811848,39.8438,48.2422
6845908,35.6445,43.1641
6880140,37.5000,45.5078
6914544,36.1328,42.4805
6949120,36.4258,43.5547
6983868,38.9648,46.3867
7018788,40.4297,45.6055
7053884,38.3789,45.3125
7089156,37.3047,43.5547
7124604,39.0625,49.1211
7160228,38.8672,46.1914
7196032,38.9648,46.7773
7232016,37.5000,45.3125
7268180,38.3789,45.7031
7304524,37.7930,44.4336
7341048,36.7188,47.1680
7377756,39.1602,47.5586
7414648,39.7461,45.1172
7451724,38.9648,46.5820
7488984,39.1602,45.3125
7526432,39.6484,46.0938
7564068,38.5742,48.9258
7601892,38.8672,45.2148
7639904,40.0391,46.9727
7678104,36.4258,44.3359
7716496,38.1836,44.1406
7755080,37.3047,44.2383
7793856,41.5039,50.0000
7832828,37.5977,42.9688
7871996,38.4766,45.5078
7911356,39.0625,47.6563
7950916,41.4063,48.2422
7990672,40.4297,52.3438
8030628,53.0273,53.9063
8070784,38.5742,46.5820
8111140,46.4844,46.9727
8151696,43.2617,46.3867
8192456,44.2383,49.7070
8233420,40.7227,45.4102
8274588,40.3320,46.3867
8315964,40.5273,48.3398
8357544,41.7969,49.9023
8399332,37.7930,43.5547
8441332,40.8203,48.2422
8483540,40.8203,46.1914
8525960,40.6250,50.5859
8568592,42.3828,51.3672
8611436,37.4023,42.5781
8654496,42.2852,48.1445
8697772,41.6016,49.8047
8741264,39.2578,45.1172
8784972,38.8672,44.8242
8828900,41.6992,46.3867
8873048,39.8438,46.0938
8917416,41.1133,45.9961
8962004,37.1094,42.1875
9006816,38.0859,42.7734
9051852,40.5273,47.2656
9097112,38.5742,42.0898
9142600,40.7227,47.2656
9188316,40.1367,45.5078
9234260,39.4531,45.7031
9280432,39.1602,44.6289
9326836,41.1133,48.1445
9373472,50.2930,46.6797
9420340,40.2344,46.6797
9467444,40.5273,46.8750
9514784,40.8203,47.4609
9562360,40.9180,48.0469
9610172,39.2578,44.7266
9658224,38.1836,44.8242
9706516,42.3828,50.0000
9755052,40.5273,46.0938
9803828,39.2578,45.8984
9852848,41.6992,48.7305
9902116,37.5000,44.1406
9951628,40.7227,46.4844
10001388,40.3320,46.1914
10051396,41.3086,46.4844
10101656,40.8203,47.2656
10152168,42.4805,48.7305
10202932,40.4297,50.1953
10253948,42.0898,49.0234
10305220,41.8945,46.9727
10356748,39.4531,44.9219
10408532,41.7969,48.3398
10460576,37.5977,44.7266
10512880,41.1133,47.5586
10565448,41.3086,47.6563
10618276,38.9648,44.6289
10671368,50.1953,45.7031
10724728,42.1875,47.8516
10778352,43.9453,50.9766
10832244,41.6992,47.6563
10886408,40.0391,45.5078
10940844,41.1133,48.0469
10995552,40.7227,46.1914
11050532,42.1875,44.8242
11105788,51.8555,48.5352
11161320,44.2383,51.9531
11217128,41.5039,47.9492
11273216,41.7969,49.3164
11329584,39.8438,45.9961
11386232,40.2344,46.9727
11443164,42.2852,49.0234
11500380,39.7461,45.5078
11557884,40.9180,47.2656
11615676,43.3594,50.4883
11673756,40.3320,46.1914
11732128,41.0156,45.3125
11790792,43.1641,49.2188
11849748,43.4570,49.1211
11909000,42.0898,48.2422
11968548,43.5547,54.3945
12028392,41.4063,46.3867
12088536,40.7227,47.5586
12148980,49.8047,51.0742
12209728,44.1406,47.1680
12270780,41.9922,44.9219
12332136,40.9180,46.9727
12393800,42.4805,49.8047
12455772,41.5039,47.5586
12518052,41.7969,47.4609
12580644,42.2852,49.1211
12643548,44.1406,49.9023
12706768,41.4063,48.6328
12770304,43.0664,49.3164
12834156,42.2852,48.5352
12898328,41.3086,49.3164
12962820,42.9688,47.8516
13027636,41.4063,47.2656
13092776,43.0664,47.6563
13158240,43.9453,49.5117
13224032,43.0664,49.3164
13290156,43.8477,50.0000
13356608,41.3086,47.2656
13423392,41.4063,45.7031
13490512,43.6523,49.3164
13557968,41.7969,47.5586
13625760,41.3086,47.5586
13693892,41.1133,48.4375
13762364,41.0156,46.2891
13831176,41.1133,48.1445
13900332,41.4063,45.7031
13969836,42.0898,47.8516
14039688,42.2852,50.0977
14109888,44.3359,51.7578
14180440,41.2109,46.9727
14251344,41.6992,48.0469
14322604,40.4297,46.5820
14394220,41.3086,46.7773
14466192,42.4805,48.3398
14538524,43.6523,55.3711
14611220,42.8711,52.0508
14684280,40.2344,45.1172
14757704,43.4570,49.1211
14831496,41.9922,49.1211
14905656,41.9922,50.0000
14980188,42.7734,49.1211
15055092,43.3594,50.0000
15130368,42.5781,47.9492
15206020,44.7266,51.4648
15282052,41.2109,46.8750
15358464,43.2617,48.5352
15435260,42.4805,48.5352
15512440,44.3359,50.2930
15590004,42.3828,48.8281
15667956,43.2617,50.1953
15746296,44.3359,50.0977
15825028,41.7969,47.0703
15904156,42.2852,49.5117
15983680,42.2852,48.9258
16063600,43.0664,49.3164
16143920,43.2617,50.8789
16224640,41.6016,46.8750
16305764,52.7344,49.6094
16387296,42.8711,47.6563
16469236,41.5039,48.1445
16551584,44.7266,49.2188
16634344,43.5547,48.7305
16717516,42.3828,47.4609
16801104,45.9961,53.5156
16885112,42.8711,49.5117
16969540,46.0938,52.5391
17054388,46.7773,53.9063
17139660,42.8711,50.1953
17225360,46.7773,51.6602
17311488,44.7266,51.9531
17398048,44.4336,51.3672
17485040,42.6758,47.5586
17572468,44.3359,51.6602
17660332,45.8008,52.8320
17748636,43.0664,50.1953
17837380,44.2383,52.1484
17926568,43.2617,50.9766
18016204,43.3594,50.6836
18106288,47.4609,55.5664
18196820,48.6328,52.0508
18287808,52.9297,57.2266
18379248,47.9492,50.0977
18471148,46.4844,53.3203
18563504,42.8711,49.1211
18656324,45.8008,53.1250
18749608,44.0430,50.9766
18843360,44.2383,50.4883
18937580,45.8984,51.7578
19032268,41.0156,45.6055
19127432,45.6055,52.9297
19223072,45.1172,50.4883
19319188,45.7031,54.7852
19415784,43.0664,49.4141
19512864,43.9453,50.5859
19610432,45.6055,51.0742
19708488,47.3633,54.5898
19807032,42.2852,48.9258
19906068,43.1641,50.0000
20005600,43.5547,50.4883
20105628,42.4805,49.0234
20206160,43.3594,50.6836
20307192,41.4063,46.9727
20408728,42.1875,49.7070
20510772,43.0664,53.4180
20613328,46.2891,52.7344
20716396,45.5078,54.1016
20819980,43.0664,49.1211
20924080,43.9453,52.9297
21028704,46.0938,53.2227
21133848,41.8945,48.2422
21239520,46.6797,53.9063
21345720,45.7031,54.3945
21452452,45.9961,54.8828
21559716,44.3359,50.4883
21667516,44.4336,53.1250
21775856,44.0430,52.4414
21884736,43.9453,52.5391
21994160,44.9219,53.8086
22104132,44.4336,50.8789
22214656,44.7266,54.4922
22325732,44.5313,51.6602
22437364,47.0703,53.7109
22549552,48.8281,52.6367
22662300,46.2891,54.1016
22775612,45.9961,55.0781
22889492,46.0938,53.4180
23003940,44.8242,51.4648
23118960,48.2422,55.2734
23234556,46.9727,55.1758
23350732,45.9961,54.2969
23467488,45.5078,55.6641
23584828,47.0703,51.6602
23702756,43.2617,47.9492
23821272,46.5820,54.7852
23940380,48.9258,55.8594
24060084,48.8281,53.5156
24180388,45.4102,53.7109
24301292,43.2617,53.7109
24422800,44.6289,57.9102
24544916,50.7813,53.0273
24667644,43.7500,49.4141
24790984,45.8008,52.9297
24914940,46.9727,81.9336
25039516,47.0703,52.9297
25164716,47.8516,53.8086
25290540,52.1484,56.3477
25416996,51.6602,56.9336
25544084,45.0195,54.1992
25671808,47.6563,53.6133
25800168,47.1680,54.7852
25929172,44.9219,52.8320
26058820,46.2891,56.6406
26189116,50.1953,53.9063
26320064,45.4102,52.0508
26451668,44.5313,51.8555
26583928,47.0703,54.5898
26716848,46.4844,53.7109
26850436,50.2930,58.3008
26984692,59.3750,69.0430
27119616,50.9766,53.9063
27255216,47.6563,57.4219
27391496,74.7070,56.8359
27528456,61.3281,62.9883
27666100,61.4258,55.3711
27804432,49.2188,57.1289
27943456,57.7148,56.9336
28083176,49.5117,56.0547
28223592,49.3164,54.6875
28364712,50.2930,58.7891
28506536,51.7578,53.1250
28649072,47.1680,53.0273
28792320,47.7539,54.5898
28936284,50.7813,53.8086
29080968,48.3398,52.6367
29226376,56.9336,60.0586
29372508,53.7109,58.6914
29519372,54.3945,72.6563
29666972,68.1641,71.4844
29815308,84.8633,78.7109
29964388,79.5898,71.6797
30114212,79.6875,80.3711
30264784,80.8594,64.3555
30416108,59.6680,60.9375
30568192,77.8320,66.6016
30721036,70.8984,64.3555
30874644,62.3047,60.9375
31029020,59.4727,62.0117
31184168,64.9414,62.5977
31340092,61.8164,64.0625
31496796,57.3242,57.1289
31654280,55.9570,62.4023
31812552,92.8711,80.7617
31971616,85.4492,80.5664
32131476,91.9922,73.3398
32292136,82.0313,71.5820
32453600,71.5820,69.8242
32615868,81.4453,73.2422
32778948,68.9453,62.1094
32942844,68.0664,86.1328
33107560,70.1172,70.8984
33273100,67.2852,65.6250
33439468,64.4531,73.4375
33606668,68.6523,64.1602
33774704,72.8516,73.6328
33943580,74.0234,75.9766
34113300,76.9531,66.5039
34283868,68.8477,69.4336
34455288,93.1641,78.2227
34627568,74.2188,70.4102
34800708,72.7539,73.1445
34974712,81.2500,76.5625
35149588,77.0508,69.3359
35325336,66.8945,71.1914
35501964,78.0273,69.4336
35679476,66.8945,70.8008
35857876,80.2734,78.8086
36037168,80.3711,75.2930
36217356,69.6289,80.0781
36398444,83.9844,81.0547
36580440,78.9063,77.3438
36763344,90.2344,82.6172
36947164,80.5664,106.1523
37131900,84.7656,92.6758
37317560,81.4453,77.2461
37504148,94.4336,96.5820
37691672,87.8906,82.8125
37880132,77.9297,78.5156
38069536,91.6016,87.4023
38259884,95.3125,87.3047
38451184,91.5039,98.2422
38643440,87.8906,80.3711
38836660,107.6172,88.6719
39030844,90.7227,83.4961
39226000,98.0469,88.1836
39422132,82.7148,82.2266
39619244,92.9688,85.4492
39817344,90.3320,85.5469
40016432,84.9609,79.9805
40216516,82.8125,83.0078
40417600,90.7227,84.8633
40619688,82.8125,78.3203
40822788,105.3711,84.3750
41026904,116.6016,107.8125
41232040,112.2070,102.7344
41438204,95.3125,87.0117
41645396,100.2930,93.2617
41853624,108.5938,84.9609
42062896,88.1836,87.2070
42273212,86.0352,82.1289
42484580,93.3594,86.1328
42697004,94.5313,100.8789
42910492,95.2148,92.5781
43125048,98.1445,99.0234
43340676,103.4180,97.1680
43557380,106.2500,96.6797
43775168,95.6055,95.5078
43994044,114.7461,119.7266
44214016,110.9375,112.1094
44435088,108.5938,100.5859
44657264,120.8984,136.5234
44880552,125.6836,116.9922
45104956,117.5781,113.0859
45330484,113.6719,108.2031
45557140,146.6797,128.6133
45784928,154.7852,99.1211
46013856,120.8984,107.8125
46243928,112.1094,102.7344
46475148,113.7695,120.4102
46707524,138.9648,122.8516
46941064,119.9219,118.3594
47175772,139.4531,139.3555
47411652,123.0469,113.0859
47648712,132.3242,105.4688
47886956,167.1875,112.9883
48126392,119.6289,120.5078
48367024,117.2852,112.5000
48608860,115.8203,105.8594
48851908,277.2461,112.5977
49096168,117.7734,113.8672
49341652,112.1094,112.2070
49588364,123.0469,111.0352
49836308,119.1406,111.1328
50085492,116.1133,115.3320
50335920,114.3555,114.4531
50587600,118.7500,110.1563
50840540,111.6211,110.5469
51094744,113.3789,140.7227
51350220,110.8398,129.5898
51606972,113.1836,104.7852
51865008,129.2969,118.9453
52124336,225.5859,135.2539
52384960,107.6172,108.4961
52646888,107.0313,105.6641
52910124,117.2852,111.7188
53174676,113.8672,110.8398
53440552,118.0664,122.0703
53707756,120.4102,110.9375
53976296,111.1328,111.9141
54246180,132.0313,111.0352
54517412,119.0430,104.1992
54790000,124.9023,112.2070
55063952,111.4258,116.8945
55339272,119.0430,116.4063
55615972,115.8203,139.3555
55894052,123.9258,143.3594
56173524,125.9766,117.0898
56454392,135.4492,120.8008
56736664,129.4922,120.8984
57020348,122.4609,112.0117
57305452,127.9297,120.6055
57591980,148.8281,112.7930
57879940,142.7734,119.7266
58169340,121.4844,111.7188
58460188,130.7617,183.3984
58752492,132.0313,125.0977
59046256,132.5195,131.4453
59341488,143.7500,126.0742
59638196,135.1563,128.1250
59936388,129.1992,145.4102
60236072,130.3711,118.4570
60537256,124.3164,115.2344
60839944,121.1914,114.1602
61144144,146.2891,127.5391
61449868,157.0313,136.0352
61757120,144.1406,138.9648
62065908,137.5000,127.6367
62376240,124.1211,124.2188
62688124,148.9258,135.4492
63001568,131.8359,196.6797
63316576,204.0039,133.1055
63633160,174.8047,127.3438
63951328,136.9141,123.0469
64271088,131.2500,147.9492
64592444,145.7031,125.9766
64915408,141.4063,133.7891
65239988,145.4102,163.3789
65566188,126.1719,149.5117
65894020,142.1875,135.7422
66223492,137.0117,131.1523
66554612,140.3320,133.8867
66887388,155.9570,132.6172
