4,1.5625,1.5625
8,1.9531,5.3711
12,2.4414,7.3242
16,2.6367,8.4961
20,3.1250,10.3516
24,3.0273,12.7930
28,3.1250,12.3047
32,3.1250,13.2813
36,3.6133,13.8672
40,3.6133,14.9414
44,3.8086,14.7461
48,3.6133,15.3320
52,3.8086,16.6016
56,3.4180,16.6992
60,3.7109,17.3828
64,3.7109,18.0664
68,4.4922,17.3828
72,4.5898,18.5547
76,4.1992,18.5547
80,4.1992,18.8477
84,4.9805,18.5547
88,4.8828,18.5547
92,4.9805,19.2383
96,3.9063,19.0430
100,4.7852,19.6289
104,4.2969,20.6055
108,5.9570,23.0469
112,4.9805,20.6055
116,4.4922,20.8008
120,4.3945,21.8750
124,4.4922,21.6797
128,4.3945,22.0703
132,5.3711,23.2422
136,5.2734,22.3633
140,5.0781,21.7773
144,5.3711,22.0703
148,5.2734,22.5586
152,5.1758,22.2656
156,5.3711,22.4609
160,5.1758,23.1445
164,4.9805,21.9727
168,5.1758,22.2656
172,5.0781,23.2422
176,5.3711,22.4609
180,5.3711,21.6797
184,5.4688,22.8516
188,5.3711,22.8516
192,5.2734,22.4609
196,5.4688,23.5352
200,5.2734,22.9492
204,5.1758,23.3398
208,5.1758,23.5352
212,5.3711,23.6328
216,5.2734,23.7305
220,5.2734,23.3398
224,5.3711,23.3398
228,5.2734,24.2188
232,5.2734,25.0000
236,5.1758,24.3164
240,5.3711,24.8047
244,5.1758,23.8281
248,5.1758,25.0977
252,5.2734,24.8047
256,5.3711,25.4883
260,6.2500,25.8789
264,6.2500,26.0742
268,6.5430,25.9766
272,6.2500,24.7070
276,6.4453,24.9023
280,6.4453,25.0977
284,6.1523,24.4141
288,6.5430,24.9023
292,6.4453,25.1953
296,6.5430,25.0000
300,6.8359,25.2930
304,6.3477,25.9766
308,6.4453,25.6836
312,6.3477,25.5859
316,6.7383,25.4883
320,6.4453,24.3164
324,6.4453,25.4883
328,6.1523,25.4883
332,6.2500,25.6836
336,6.7383,25.0000
340,6.4453,24.6094
344,6.4453,25.5859
348,6.6406,25.9766
352,6.9336,25.0977
356,6.1523,27.5391
360,6.6406,25.7813
364,6.3477,25.2930
368,6.5430,25.3906
372,6.2500,25.6836
376,6.2500,25.8789
380,6.2500,25.3906
384,6.1523,25.8789
388,6.3477,25.3906
392,6.2500,26.7578
396,6.1523,25.9766
400,6.3477,25.7813
404,6.4453,26.4648
408,6.3477,26.5625
412,6.8359,26.1719
416,6.5430,26.4648
420,6.6406,27.0508
424,6.5430,27.1484
428,6.1523,26.4648
432,6.3477,27.1484
436,6.4453,26.9531
440,6.3477,26.9531
444,6.5430,27.0508
448,6.5430,27.5391
452,6.7383,26.9531
456,6.6406,27.0508
460,6.4453,26.8555
464,6.4453,27.3438
468,6.3477,27.9297
472,6.5430,27.4414
476,6.2500,28.4180
480,6.2500,28.6133
484,9.6680,27.8320
488,6.4453,28.0273
492,7.0313,27.9297
496,6.6406,28.0273
500,6.5430,29.0039
504,8.9844,29.1992
508,8.6914,28.6133
512,6.3477,28.0273
516,8.4961,28.4180
520,8.6914,28.5156
524,8.4961,28.3203
528,8.3008,28.5156
532,8.3984,29.0039
536,8.3984,28.7109
540,8.4961,29.0039
544,8.5938,28.8086
548,8.1055,28.8086
552,8.8867,28.5156
556,8.4961,28.6133
560,8.4961,28.5156
564,8.2031,28.3203
568,8.4961,28.3203
572,8.2031,29.3945
576,8.6914,28.2227
580,8.3984,28.6133
584,8.4961,27.8320
588,8.3984,27.9297
592,8.7891,29.5898
596,8.9844,28.4180
600,8.2031,28.9063
604,8.7891,28.2227
608,8.3008,28.5156
612,8.5938,28.5156
616,8.5938,28.3203
620,8.7891,28.3203
624,8.3008,28.9063
628,8.7891,29.1016
632,8.5938,28.5156
636,8.5938,29.1992
640,8.3008,28.9063
644,8.6914,28.5156
648,8.6914,28.8086
652,8.1055,27.9297
656,8.2031,29.5898
660,8.3008,28.6133
664,8.5938,29.1992
668,8.3984,28.3203
672,8.1055,29.3945
676,8.3008,28.9063
680,8.7891,29.5898
684,8.2031,29.8828
688,8.3984,29.4922
692,8.3008,28.5156
696,8.2031,29.3945
700,8.3984,29.7852
704,8.3008,28.8086
708,8.3008,29.5898
712,8.6914,29.1016
716,8.2031,30.2734
720,8.4961,29.6875
724,8.6914,29.1016
728,8.3984,29.4922
732,8.3984,29.6875
736,8.4961,29.3945
740,8.1055,29.3945
744,8.3984,29.0039
748,8.4961,29.2969
752,8.3984,29.0039
756,8.5938,29.8828
760,8.2031,29.0039
764,8.5938,29.4922
768,8.4961,29.3945
772,8.1055,29.1016
776,8.4961,30.3711
780,8.2031,29.7852
784,8.6914,29.8828
788,8.6914,29.7852
792,8.2031,30.0781
796,8.4961,30.6641
800,8.3008,29.9805
804,8.3984,29.3945
812,8.2031,30.9570
820,8.5938,30.1758
828,8.5938,30.0781
836,8.3984,29.4922
844,8.1055,29.7852
852,8.4961,30.3711
860,8.5938,32.1289
868,8.8867,30.0781
876,8.4961,31.0547
884,8.4961,30.0781
892,8.5938,30.9570
900,8.6914,31.7383
908,8.3984,30.7617
916,8.3984,30.6641
924,8.4961,31.3477
932,8.3008,31.8359
940,8.3984,30.6641
948,8.7891,31.5430
956,8.9844,31.4453
964,8.6914,30.9570
972,8.3008,31.4453
980,8.6914,30.9570
988,8.5938,31.3477
996,8.2031,32.0313
1004,9.0820,32.7148
1012,10.4492,34.2773
1020,10.7422,34.4727
1028,15.5273,33.5938
1036,11.3281,31.6406
1044,11.3281,31.7383
1052,11.6211,31.9336
1060,11.2305,31.9336
1068,10.4492,31.8359
1076,11.3281,31.2500
1084,11.0352,31.4453
1092,9.9609,31.5430
1100,11.5234,31.6406
1108,11.2305,32.0313
1116,11.2305,31.4453
1124,11.2305,31.9336
1132,11.1328,32.5195
1140,10.6445,31.9336
1148,10.6445,32.3242
1156,10.8398,32.1289
1164,11.7188,32.5195
1172,9.3750,32.2266
1180,11.4258,34.8633
1188,11.2305,31.5430
1196,11.0352,32.0313
1204,10.5469,32.5195
1212,11.4258,31.6406
1220,11.5234,32.8125
1228,11.9141,32.1289
1236,11.3281,32.2266
1244,11.5234,32.4219
1252,11.3281,31.8359
1260,11.5234,31.8359
1268,11.7188,32.6172
1276,10.8398,32.8125
1284,10.9375,33.6914
1292,11.3281,32.9102
1300,10.9375,31.9336
1308,11.8164,32.3242
1316,10.8398,32.0313
1324,10.5469,32.5195
1332,10.4492,32.0313
1340,11.5234,32.0313
1348,10.8398,32.9102
1356,11.4258,32.9102
1364,10.8398,32.4219
1372,11.8164,32.6172
1380,10.2539,32.1289
1388,10.6445,32.2266
1396,12.7930,33.1055
1404,11.6211,32.3242
1412,11.1328,33.5938
1420,11.9141,33.1055
1428,10.7422,33.3984
1436,10.9375,33.9844
1444,11.0352,33.0078
1452,11.1328,32.4219
1460,10.8398,32.3242
1468,11.1328,33.3008
1476,11.1328,32.9102
1484,11.3281,32.4219
1492,11.4258,32.8125
1500,11.3281,34.4727
1508,11.5234,32.8125
1516,10.4492,31.9336
1524,10.9375,32.9102
1532,11.5234,33.1055
1540,11.1328,33.3984
1548,11.4258,32.9102
1556,11.2305,33.1055
1564,10.5469,33.4961
1572,11.9141,34.0820
1580,11.9141,33.3984
1588,10.7422,34.0820
1596,10.9375,33.2031
1604,10.8398,34.9609
1616,12.1094,33.3984
1628,11.0352,33.0078
1640,11.4258,33.0078
1652,11.6211,34.0820
1664,11.4258,33.7891
1676,11.4258,34.2773
1688,10.6445,33.7891
1700,11.1328,33.9844
1712,11.0352,34.7656
1724,11.3281,33.4961
1736,10.9375,33.7891
1748,11.1328,33.3984
1760,10.4492,35.2539
1772,10.2539,33.2031
1784,11.2305,33.1055
1796,11.4258,35.5469
1808,12.8906,34.6680
1820,11.1328,33.9844
1832,10.7422,33.4961
1844,9.9609,34.7656
1856,11.8164,34.2773
1868,11.5234,34.6680
1880,10.9375,33.4961
1892,10.4492,34.6680
1904,11.7188,34.8633
1916,11.5234,38.2813
1928,11.8164,34.2773
1940,11.4258,35.2539
1952,11.5234,34.5703
1964,10.7422,34.1797
1976,11.1328,35.0586
1988,9.2773,34.6680
2000,11.7188,34.2773
2012,11.5234,35.1563
2024,10.0586,34.7656
2036,11.2305,34.8633
2048,11.5234,35.9375
2060,13.6719,35.5469
2072,17.3828,34.8633
2084,14.1602,35.2539
2096,13.9648,35.2539
2108,14.3555,34.6680
2120,14.1602,35.5469
2132,14.7461,35.3516
2144,13.8672,34.3750
2156,13.5742,34.9609
2168,13.5742,34.5703
2180,14.0625,34.8633
2192,14.0625,35.6445
2204,13.5742,35.7422
2216,14.2578,36.0352
2228,13.9648,35.5469
2240,14.3555,34.4727
2252,13.9648,35.7422
2264,13.8672,35.5469
2276,14.0625,35.1563
2288,13.7695,35.1563
2300,14.3555,34.1797
2312,13.9648,35.9375
2324,13.5742,35.0586
2336,13.7695,35.8398
2348,13.9648,35.2539
2360,13.9648,36.7188
2372,13.4766,36.0352
2384,14.2578,35.7422
2396,14.3555,35.2539
2408,14.1602,35.2539
2424,14.3555,34.6680
2440,13.6719,35.0586
2456,13.3789,35.6445
2472,13.9648,35.3516
2488,14.1602,35.2539
2504,13.5742,36.0352
2520,13.5742,35.7422
2536,13.2813,36.1328
2552,13.7695,35.6445
2568,13.5742,36.4258
2584,13.5742,35.8398
2600,13.6719,35.6445
2616,13.7695,36.2305
2632,13.6719,35.9375
2648,14.1602,35.9375
2664,13.5742,35.0586
2680,13.8672,35.3516
2696,13.4766,35.1563
2712,14.3555,36.2305
2728,13.7695,35.9375
2744,14.9414,36.5234
2760,13.8672,36.9141
2776,14.3555,36.2305
2792,14.4531,35.8398
2808,13.5742,36.3281
2824,13.7695,36.2305
2840,14.1602,36.4258
2856,13.9648,36.5234
2872,13.7695,37.2070
2888,14.0625,36.3281
2904,14.2578,35.6445
2920,14.2578,36.3281
2936,15.7227,36.9141
2952,13.7695,36.6211
2968,14.7461,37.3047
2984,14.0625,36.2305
3000,13.7695,36.0352
3016,13.7695,36.1328
3032,13.9648,36.7188
3048,13.5742,35.2539
3064,13.4766,37.1094
3080,13.8672,36.2305
3096,14.2578,37.3047
3112,14.0625,36.2305
3128,15.6250,36.4258
3144,13.6719,35.9375
3160,13.6719,36.7188
3176,13.7695,37.1094
3192,13.7695,37.1094
3208,14.0625,35.8398
3228,13.7695,36.5234
3248,14.3555,36.9141
3268,14.2578,37.4023
3288,13.9648,36.5234
3308,13.7695,36.4258
3328,13.8672,37.6953
3348,13.5742,36.9141
3368,14.0625,35.9375
3388,13.7695,37.5000
3408,14.2578,37.4023
3428,14.1602,37.3047
3448,14.4531,37.3047
3468,13.4766,36.4258
3488,14.2578,37.7930
3508,13.9648,37.4023
3528,13.9648,38.2813
3548,13.8672,36.2305
3568,13.9648,37.5000
3588,14.1602,37.2070
3608,13.8672,38.1836
3628,14.1602,37.5000
3648,14.7461,36.5234
3668,14.3555,37.7930
3688,13.8672,37.7930
3708,13.8672,37.3047
3728,13.4766,36.7188
3748,14.1602,38.1836
3768,13.7695,37.8906
3788,13.6719,37.9883
3808,14.2578,39.3555
3828,14.1602,37.5000
3848,14.1602,37.9883
3868,13.5742,37.8906
3888,13.5742,37.9883
3908,13.5742,36.8164
3928,14.0625,38.1836
3948,14.5508,38.5742
3968,14.2578,38.2813
3988,14.0625,38.1836
4008,14.9414,38.9648
4032,13.8672,37.7930
4056,13.4766,39.8438
4080,13.9648,39.0625
4104,17.4805,39.0625
4128,16.6992,39.2578
4152,17.1875,38.7695
4176,16.4063,38.8672
4200,16.5039,38.1836
4224,16.7969,37.4023
4248,16.5039,37.7930
4272,17.2852,38.7695
4296,16.6016,37.5000
4320,17.0898,37.7930
4344,15.7227,38.6719
4368,16.7969,37.7930
4392,17.4805,37.8906
4416,16.3086,37.6953
4440,16.7969,37.9883
4464,16.6992,39.0625
4488,16.6016,38.2813
4512,17.2852,38.3789
4536,17.2852,38.2813
4560,17.2852,38.7695
4584,16.8945,38.2813
4608,17.1875,38.0859
4632,16.3086,40.1367
4656,17.8711,38.7695
4680,17.3828,39.0625
4704,16.7969,39.4531
4728,16.8945,38.2813
4752,16.6016,37.6953
4776,16.5039,38.5742
4800,16.6016,38.4766
4824,16.7969,38.0859
4852,16.6992,38.2813
4880,18.4570,40.9180
4908,17.3828,39.4531
4936,17.3828,38.8672
4964,17.3828,38.8672
4992,17.3828,39.8438
5020,16.8945,39.3555
5048,17.1875,38.9648
5076,17.4805,38.9648
5104,16.6016,38.4766
5132,16.2109,38.2813
5160,17.3828,38.8672
5188,16.6016,39.0625
5216,16.4063,39.2578
5244,16.6016,39.4531
5272,16.5039,40.3320
5300,17.4805,39.3555
5328,17.5781,38.1836
5356,17.1875,39.4531
5384,16.6992,39.6484
5412,17.3828,38.2813
5440,17.1875,38.4766
5468,16.8945,39.6484
5496,16.6016,39.7461
5524,17.2852,39.8438
5552,16.8945,39.1602
5580,16.7969,39.5508
5608,17.2852,38.9648
5640,16.9922,38.1836
5672,16.6992,39.8438
5704,17.3828,39.8438
5736,17.2852,39.0625
5768,16.8945,39.7461
5800,16.3086,39.4531
5832,16.2109,39.2578
5864,20.6055,41.9922
5896,16.4063,38.5742
5928,17.0898,39.3555
5960,17.3828,39.3555
5992,16.8945,39.4531
6024,16.7969,39.5508
6056,16.9922,39.9414
6088,16.2109,38.1836
6120,16.6992,38.9648
6152,17.5781,40.4297
6184,17.2852,40.1367
6216,17.3828,39.4531
6248,16.9922,39.8438
6280,16.3086,40.1367
6312,17.0898,39.6484
6344,17.2852,40.6250
6376,16.6992,40.0391
6408,17.2852,39.6484
6444,16.5039,39.6484
6480,16.6016,39.7461
6516,17.6758,40.2344
6552,16.8945,40.1367
6588,17.3828,42.0898
6624,16.6016,39.1602
6660,16.3086,40.1367
6696,16.1133,40.3320
6732,17.0898,40.0391
6768,16.8945,40.6250
6804,16.6992,40.1367
6840,16.7969,40.3320
6876,16.0156,40.4297
6912,16.6992,40.6250
6948,17.2852,39.6484
6984,16.9922,41.9922
7020,22.3633,43.3594
7056,17.0898,39.8438
7092,16.7969,39.2578
7128,16.6992,40.4297
7164,17.7734,40.6250
7200,16.3086,40.4297
7236,16.6992,41.5039
7276,17.7734,40.2344
7316,17.6758,41.4063
7356,16.6016,41.1133
7396,16.6016,42.2852
7436,16.6992,41.4063
7476,17.4805,40.7227
7516,17.9688,41.6992
7556,16.6992,41.4063
7596,16.7969,41.8945
7636,16.7969,40.8203
7676,16.6992,41.7969
7716,16.9922,39.7461
7756,16.3086,41.6992
7796,17.3828,41.3086
7836,16.4063,40.7227
7876,16.7969,40.4297
7916,15.8203,40.9180
7956,17.3828,41.6016
7996,17.4805,42.0898
8036,16.7969,41.8945
8080,16.2109,40.7227
8124,17.5781,41.8945
8168,16.3086,41.7969
8212,20.2148,40.7227
8256,20.1172,42.1875
8300,20.8984,41.8945
8344,20.3125,40.9180
8388,20.0195,41.9922
8432,19.8242,40.8203
8476,19.8242,41.6992
8520,19.8242,40.9180
8564,19.6289,41.1133
8608,19.4336,41.1133
8652,20.3125,41.3086
8696,19.8242,40.3320
8740,19.9219,42.5781
8784,20.3125,40.3320
8828,19.6289,41.5039
8876,19.8242,42.0898
8924,20.0195,42.1875
8972,19.9219,42.0898
9020,19.5313,40.8203
9068,20.3125,41.4063
9116,20.1172,41.8945
9164,20.3125,41.4063
9212,20.3125,42.6758
9260,21.6797,41.1133
9308,19.5313,41.2109
9356,19.7266,40.9180
9404,20.1172,41.3086
9452,20.0195,42.0898
9500,20.2148,41.8945
9548,19.4336,41.6992
9596,19.3359,41.9922
9644,19.5313,41.5039
9696,19.9219,42.1875
9748,20.0195,43.6523
9800,20.1172,42.5781
9852,19.9219,40.9180
9904,19.8242,42.5781
9956,19.5313,42.0898
10008,20.4102,41.6016
10060,19.9219,40.9180
10112,19.2383,41.6992
10164,19.7266,41.6992
10216,19.7266,42.0898
10268,19.1406,41.6992
10320,22.7539,42.6758
10372,20.2148,41.6016
10424,19.9219,41.1133
10480,19.0430,41.0156
10536,20.0195,41.9922
10592,19.3359,42.2852
10648,20.2148,42.5781
10704,19.6289,42.9688
10760,19.5313,42.2852
10816,20.0195,42.0898
10872,20.2148,43.6523
10928,19.7266,41.9922
10984,20.3125,42.5781
11040,19.6289,42.0898
11096,20.2148,42.4805
11152,20.1172,43.3594
11208,20.1172,43.4570
11268,20.6055,42.7734
11328,20.0195,42.6758
11388,20.4102,42.4805
11448,19.7266,43.1641
11508,19.7266,41.0156
11568,19.6289,41.7969
11628,19.2383,41.6992
11688,20.1172,42.0898
11748,18.9453,43.1641
11808,20.4102,42.8711
11868,20.6055,42.7734
11928,19.7266,42.6758
11988,20.0195,42.1875
12048,19.0430,41.7969
12112,20.2148,43.2617
12176,19.9219,42.9688
12240,20.2148,43.2617
12304,19.9219,42.8711
12368,20.2148,42.5781
12432,20.0195,43.2617
12496,20.1172,42.9688
12560,19.9219,42.7734
12624,20.2148,43.1641
12688,19.6289,44.2383
12752,19.0430,45.0195
12816,20.0195,44.6289
12884,20.0195,43.5547
12952,20.2148,42.8711
13020,19.7266,42.8711
13088,20.0195,42.1875
13156,19.9219,43.3594
13224,19.8242,42.9688
13292,19.7266,43.6523
13360,19.8242,42.9688
13428,19.9219,43.2617
13496,19.9219,42.5781
13564,19.8242,44.8242
13632,19.7266,42.8711
13704,19.9219,43.8477
13776,20.4102,42.5781
13848,20.8008,43.0664
13920,19.4336,43.3594
13992,20.2148,43.4570
14064,19.9219,43.2617
14136,19.9219,43.5547
14208,24.6094,47.0703
14280,20.3125,44.5313
14352,19.8242,42.5781
14424,19.8242,43.0664
14500,20.1172,43.2617
14576,19.8242,42.8711
14652,19.8242,42.6758
14728,19.9219,44.2383
14804,20.0195,43.4570
14880,19.7266,46.0938
14956,22.5586,42.8711
15032,19.4336,44.6289
15108,20.0195,43.4570
15184,19.5313,44.2383
15260,19.7266,44.0430
15340,20.2148,44.6289
15420,19.8242,43.9453
15500,19.9219,44.3359
15580,20.1172,43.7500
15660,20.2148,44.2383
15740,20.2148,45.5078
15820,19.7266,44.0430
15900,20.1172,43.5547
15980,20.0195,44.5313
16060,19.6289,43.5547
16144,19.5313,44.6289
16228,19.5313,43.5547
16312,20.0195,44.3359
16396,23.6328,45.3125
16480,23.4375,44.7266
16564,22.5586,45.7031
16648,23.0469,44.4336
16732,23.4375,44.8242
16816,23.4375,44.9219
16904,22.0703,42.7734
16992,22.9492,44.6289
17080,22.1680,44.6289
17168,22.4609,44.4336
17256,22.9492,45.3125
17344,23.1445,44.1406
17432,25.7813,44.7266
17520,22.9492,43.5547
17608,22.8516,45.1172
17700,23.1445,44.7266
17792,22.8516,44.5313
17884,23.0469,44.7266
17976,22.7539,45.1172
18068,22.5586,46.1914
18160,22.7539,45.2148
18252,23.6328,45.2148
18344,24.3164,43.9453
18436,23.5352,44.6289
18532,22.7539,44.4336
18628,22.3633,43.3594
18724,22.4609,45.6055
18820,22.4609,43.3594
18916,22.9492,44.2383
19012,23.5352,44.9219
19108,24.1211,45.7031
19204,23.5352,44.2383
19304,23.9258,45.6055
19404,24.0234,45.8008
19504,23.4375,45.2148
19604,22.1680,43.3594
19704,22.4609,45.3125
19804,22.3633,45.1172
19904,22.7539,45.9961
20004,22.7539,44.6289
20108,22.7539,45.0195
20212,22.7539,44.8242
20316,22.7539,45.1172
20420,22.0703,44.5313
20524,23.3398,44.7266
20628,22.8516,45.4102
20732,23.1445,45.7031
20836,22.5586,45.1172
20944,23.5352,46.0938
21052,22.3633,45.4102
21160,23.0469,47.0703
21268,24.8047,45.1172
21376,22.6563,45.2148
21484,22.7539,45.7031
21592,22.6563,45.2148
21700,23.0469,45.8984
21812,23.5352,45.3125
21924,22.3633,44.3359
22036,22.6563,45.1172
22148,23.7305,45.8984
22260,22.7539,45.4102
22372,23.6328,45.7031
22484,23.1445,45.8984
22600,23.4375,45.8984
22716,23.0469,45.8008
22832,24.1211,46.7773
22948,22.2656,46.1914
23064,22.0703,45.1172
23180,22.8516,46.3867
23296,23.0469,46.3867
23416,23.0469,48.1445
23536,23.2422,45.2148
23656,22.3633,45.0195
23776,22.9492,45.9961
23896,23.2422,45.8008
24016,23.6328,45.6055
24140,23.2422,45.9961
24264,23.1445,45.3125
24388,23.4375,46.0938
24512,22.9492,45.2148
24636,23.0469,47.3633
24760,23.6328,46.1914
24884,22.9492,44.6289
25012,23.0469,44.7266
25140,23.4375,45.4102
25268,23.3398,45.1172
25396,23.9258,47.0703
25524,23.4375,46.5820
25652,22.9492,46.2891
25784,23.2422,49.3164
25916,23.1445,46.7773
26048,23.1445,46.1914
26180,23.2422,46.6797
26312,23.6328,46.9727
26444,23.4375,46.7773
26580,23.7305,46.8750
26716,23.1445,46.5820
26852,23.1445,47.4609
26988,23.2422,47.6563
27124,22.7539,46.3867
27260,22.9492,45.9961
27400,23.5352,46.7773
27540,22.8516,48.0469
27680,23.2422,46.5820
27820,22.2656,46.2891
27960,22.8516,46.9727
28100,22.7539,46.4844
28244,23.4375,47.4609
28388,23.0469,48.9258
28532,23.4375,46.9727
28676,23.1445,45.5078
28820,23.0469,46.2891
28968,22.7539,46.4844
29116,23.3398,46.7773
29264,24.2188,46.4844
29412,23.1445,46.4844
29560,22.3633,52.1484
29708,23.0469,46.8750
29860,23.9258,46.3867
30012,23.0469,46.7773
30164,22.2656,46.3867
30316,22.7539,46.7773
30468,23.5352,47.3633
30624,22.7539,47.8516
30780,22.9492,46.9727
30936,23.1445,45.9961
31092,22.7539,47.2656
31248,23.4375,48.2422
31408,23.3398,46.5820
31568,24.0234,47.5586
31728,23.4375,47.5586
31888,22.6563,47.8516
32048,23.8281,47.9492
32212,22.5586,48.3398
32376,22.7539,47.5586
32540,22.4609,47.1680
32704,23.5352,49.5117
32868,27.8320,47.8516
33036,26.6602,47.2656
33204,26.6602,48.8281
33372,26.7578,47.6563
33540,26.2695,49.1211
33708,26.2695,47.4609
33880,26.3672,47.9492
34052,26.5625,48.1445
34224,26.4648,49.4141
34396,26.6602,47.8516
34568,26.2695,47.0703
34744,25.6836,48.1445
34920,26.3672,47.7539
35096,26.7578,48.2422
35272,25.9766,48.3398
35452,26.6602,48.7305
35632,27.3438,47.8516
35812,25.3906,46.8750
35992,25.8789,47.4609
36172,26.2695,48.9258
36356,26.8555,48.4375
36540,26.1719,48.3398
36724,26.5625,48.9258
36908,25.8789,48.2422
37096,26.0742,48.1445
37284,26.2695,48.0469
37472,27.0508,49.4141
37660,26.0742,48.5352
37852,25.7813,47.6563
38044,26.5625,47.8516
38236,25.7813,47.6563
38428,26.3672,48.8281
38624,26.7578,49.7070
38820,26.3672,49.1211
39016,26.8555,48.7305
39212,26.2695,49.5117
39412,25.7813,49.9023
39612,26.5625,49.0234
39812,26.3672,49.8047
40012,26.3672,48.5352
40216,25.5859,49.2188
40420,25.7813,47.8516
40624,25.4883,54.3945
40828,27.5391,48.5352
41036,26.4648,49.6094
41244,26.6602,49.3164
41452,26.6602,49.3164
41660,26.8555,49.4141
41872,25.8789,47.9492
42084,25.9766,49.3164
42296,26.4648,49.7070
42508,26.6602,48.9258
42724,27.2461,49.4141
42940,25.2930,49.8047
43156,25.9766,49.2188
43372,26.2695,49.4141
43592,25.8789,49.0234
43812,25.9766,48.6328
44032,26.4648,49.0234
44256,26.2695,50.3906
44480,26.6602,49.9023
44704,26.4648,49.8047
44928,25.9766,51.5625
45156,26.9531,49.2188
45384,26.2695,49.6094
45612,26.2695,49.6094
45844,27.5391,49.5117
46076,26.2695,49.8047
46308,26.4648,50.2930
46540,26.1719,50.6836
46776,26.1719,48.9258
47012,27.6367,50.6836
47248,25.4883,48.0469
47488,27.4414,50.2930
47728,26.4648,48.6328
47968,25.7813,49.2188
48208,25.9766,49.7070
48452,26.6602,48.9258
48696,26.0742,49.6094
48940,26.0742,49.5117
49188,27.2461,49.8047
49436,26.6602,50.2930
49684,26.9531,49.7070
49936,27.3438,50.6836
50188,27.0508,52.1484
50440,26.0742,50.0000
50696,26.7578,51.0742
50952,26.4648,50.7813
51208,26.2695,50.3906
51468,29.9805,50.2930
51728,27.1484,51.3672
51988,25.8789,49.4141
52248,26.7578,50.7813
52512,27.2461,50.8789
52776,26.5625,51.4648
53040,25.7813,51.7578
53308,26.1719,50.0000
53576,27.2461,50.7813
53844,26.4648,50.3906
54116,27.2461,50.9766
54388,25.7813,50.6836
54660,25.8789,50.3906
54936,26.5625,51.7578
55212,27.0508,51.0742
55492,26.6602,50.8789
55772,26.5625,51.6602
56052,27.0508,51.3672
56336,26.3672,50.4883
56620,26.8555,51.2695
56904,26.5625,51.4648
57192,26.6602,51.6602
57480,26.3672,51.2695
57768,26.8555,51.8555
58060,26.0742,50.7813
58352,26.1719,50.8789
58644,27.9297,51.1719
58940,26.7578,51.0742
59236,26.4648,50.8789
59536,27.0508,50.9766
59836,25.6836,50.3906
60136,25.5859,50.2930
60440,25.6836,50.1953
60744,25.8789,51.0742
61048,26.2695,52.5391
61356,26.6602,52.0508
61664,27.0508,52.1484
61976,26.4648,50.6836
62288,26.7578,50.9766
62600,25.8789,51.8555
62916,26.7578,51.7578
63232,26.0742,51.3672
63552,26.9531,52.3438
63872,25.9766,55.6641
64192,27.2461,52.7344
64516,27.0508,51.4648
64840,26.7578,52.1484
65168,25.6836,50.4883
65496,28.7109,53.1250
65824,30.6641,52.0508
66156,30.3711,53.2227
66488,30.2734,52.0508
66824,29.8828,53.7109
67160,29.7852,52.7344
67496,29.2969,53.0273
67836,29.7852,53.1250
68176,29.8828,53.7109
68520,29.5898,52.2461
68864,29.4922,52.4414
69212,29.1992,51.5625
69560,31.3477,54.1016
69908,30.2734,54.4922
70260,29.9805,52.4414
70612,29.5898,52.0508
70968,29.4922,52.3438
71324,30.0781,53.4180
71684,28.7109,52.7344
72044,29.2969,53.6133
72408,29.5898,54.5898
72772,30.2734,54.2969
73136,29.9805,53.1250
73504,29.0039,53.3203
73872,29.8828,52.1484
74244,36.7188,62.6953
74616,29.9805,54.1992
74992,30.8594,52.6367
75368,30.0781,57.0313
75748,29.6875,53.2227
76128,29.4922,53.1250
76512,30.0781,54.0039
76896,29.7852,52.6367
77284,30.3711,54.1016
77672,30.5664,54.9805
78064,30.0781,54.4922
78456,29.9805,55.5664
78852,29.6875,53.8086
79248,30.0781,53.3203
79648,29.7852,54.1992
80048,29.6875,54.6875
80452,30.0781,54.5898
80856,30.5664,53.9063
81264,29.8828,53.1250
81672,28.5156,53.1250
82084,29.5898,54.1992
82496,28.6133,53.5156
82912,29.4922,53.6133
83328,29.7852,53.8086
83748,29.9805,53.6133
84168,29.4922,53.6133
84592,30.5664,54.9805
85016,30.4688,53.3203
85444,31.6406,53.6133
85872,30.5664,53.9063
86304,29.3945,53.3203
86736,29.5898,53.7109
87172,31.0547,54.6875
87608,30.1758,54.1016
88048,30.7617,54.8828
88492,29.6875,54.7852
88936,32.5195,55.2734
89384,29.2969,54.9805
89832,29.4922,54.3945
90284,29.5898,54.5898
90736,30.1758,54.4922
91192,29.7852,53.4180
91648,29.1992,54.1016
92108,29.7852,54.1992
92572,29.7852,54.9805
93036,30.2734,55.3711
93504,30.0781,54.6875
93972,29.7852,54.1016
94444,29.6875,54.1016
94920,30.6641,54.6875
95396,31.1523,55.7617
95876,29.1992,55.0781
96356,29.5898,57.2266
96840,29.9805,55.1758
97328,29.3945,54.6875
97816,31.0547,55.1758
98308,30.0781,58.3008
98800,70.1172,83.6914
99296,30.3711,54.7852
99796,31.0547,60.5469
100296,29.3945,55.5664
100800,29.5898,55.5664
101304,29.3945,55.9570
101812,29.6875,55.4688
102324,30.8594,56.0547
102836,30.4688,55.1758
103352,30.1758,55.4688
103872,30.8594,59.5703
104392,30.1758,93.0664
104916,31.4453,56.5430
105444,30.2734,57.1289
105972,30.4688,56.3477
106504,29.8828,56.9336
107040,29.2969,54.7852
107576,30.5664,56.1523
108116,29.4922,55.1758
108660,29.6875,54.7852
109204,29.9805,55.4688
109752,30.0781,54.8828
110304,30.6641,56.4453
110856,29.2969,54.1016
111412,30.1758,55.1758
111972,30.6641,55.4688
112532,29.7852,55.2734
113096,30.5664,55.7617
113664,29.4922,56.2500
114236,30.4688,56.3477
114808,28.9063,54.3945
115384,29.7852,56.2500
115964,30.1758,55.8594
116544,32.2266,57.4219
117128,29.8828,56.2500
117716,30.2734,55.8594
118308,30.2734,56.4453
118900,31.1523,56.7383
119496,30.1758,57.0313
120096,29.5898,55.9570
120700,29.5898,57.2266
121304,29.7852,56.1523
121912,31.5430,57.5195
122524,29.3945,56.5430
123140,30.3711,56.9336
123756,29.9805,57.2266
124376,31.1523,57.9102
125000,30.2734,57.5195
125628,30.4688,57.6172
126260,84.0820,57.1289
126892,30.0781,57.0313
127528,30.9570,56.6406
128168,30.9570,57.5195
128812,30.3711,57.0313
129460,30.6641,57.7148
130108,29.8828,56.6406
130760,30.9570,59.8633
131416,35.8398,57.7148
132076,35.9375,57.3242
132740,35.1563,57.8125
133404,34.6680,57.7148
134072,33.9844,55.5664
134744,33.4961,57.0313
135420,34.4727,57.9102
136100,34.3750,57.2266
136784,34.5703,57.6172
137468,34.9609,58.2031
138156,33.1055,57.1289
138848,34.0820,57.2266
139544,33.5938,57.8125
140244,33.7891,56.1523
140948,34.3750,59.2773
141656,34.4727,58.8867
142368,33.5938,56.8359
143080,33.1055,55.7617
143796,34.0820,56.6406
144516,33.2031,56.4453
145240,33.6914,57.4219
145968,33.8867,56.8359
146700,35.8398,57.4219
147436,34.4727,57.7148
148176,33.7891,58.3008
148920,33.2031,56.7383
149668,34.4727,58.1055
150420,34.1797,59.1797
151176,34.5703,58.4961
151932,33.5938,59.3750
152692,33.3984,58.7891
153456,33.9844,57.5195
154224,34.2773,58.7891
154996,33.6914,58.7891
155772,34.2773,58.3008
156552,34.1797,58.7891
157336,35.0586,60.1563
158124,35.5469,58.2031
158916,33.3008,57.9102
159712,33.7891,57.7148
160512,32.8125,58.3984
161316,36.1328,59.7656
162124,34.0820,58.0078
162936,34.7656,58.7891
163752,33.9844,60.1563
164572,34.5703,57.8125
165396,34.5703,58.3984
166224,33.5938,57.3242
167056,43.6523,61.2305
167892,34.8633,59.1797
168732,33.4961,58.3984
169576,33.6914,58.9844
170424,34.1797,58.5938
171280,33.5938,58.3984
172140,33.3008,57.9102
173004,33.5938,59.3750
173872,33.6914,57.3242
174744,36.4258,61.2305
175620,34.3750,57.6172
176500,33.3008,59.9609
177384,34.3750,59.4727
178272,34.3750,58.5938
179164,33.6914,58.8867
180060,33.3008,58.5938
180964,33.6914,58.1055
181872,33.7891,59.1797
182784,33.6914,58.0078
183700,34.2773,60.2539
184620,33.7891,58.6914
185544,33.4961,59.5703
186472,33.2031,58.4961
187408,34.1797,60.1563
188348,34.0820,59.2773
189292,33.8867,58.7891
190240,35.4492,58.8867
191192,34.1797,58.3984
192148,33.5938,58.7891
193112,34.1797,59.2773
194080,34.8633,59.6680
195052,34.1797,60.1563
196028,33.4961,59.6680
197012,33.3984,61.2305
198000,33.7891,59.3750
198992,33.7891,58.9844
199988,34.2773,60.1563
200988,33.9844,58.8867
201996,34.2773,59.3750
203008,34.3750,60.6445
204024,34.4727,59.7656
205048,33.3008,58.6914
206076,34.4727,59.8633
207108,34.2773,59.4727
208144,33.8867,59.9609
209188,34.1797,58.7891
210236,34.6680,59.5703
211288,34.9609,61.4258
212348,34.0820,59.7656
213412,33.9844,60.0586
214480,33.7891,64.1602
215556,33.9844,60.0586
216636,34.2773,59.9609
217720,34.2773,59.2773
218812,33.3008,58.9844
219908,63.0859,65.6250
221008,35.3516,60.3516
222116,35.4492,61.8164
223228,36.3281,61.7188
224348,33.8867,59.7656
225472,33.6914,60.4492
226600,34.2773,67.4805
227736,34.3750,60.2539
228876,34.2773,61.4258
230024,35.0586,60.1563
231176,34.6680,59.9609
232332,34.3750,61.2305
233496,34.8633,60.8398
234664,34.0820,61.5234
235840,33.1055,59.1797
237020,33.1055,60.3516
238208,34.3750,61.1328
239400,35.1563,61.9141
240600,33.4961,59.8633
241804,34.1797,59.7656
243016,35.2539,59.9609
244232,34.9609,57.3242
245456,34.0820,60.2539
246684,36.0352,61.6211
247920,33.2031,61.0352
249160,35.1563,60.2539
250408,33.5938,61.4258
251664,35.1563,61.2305
252924,34.5703,61.2305
254192,35.5469,63.0859
255464,33.5938,60.3516
256744,34.3750,60.9375
258028,35.1563,62.0117
259320,35.0586,62.7930
260620,35.1563,61.4258
261924,37.2070,65.0391
263236,41.2109,62.3047
264556,41.3086,62.2070
265880,40.2344,60.8398
267212,41.4063,62.9883
268552,39.0625,62.1094
269896,39.6484,61.7188
271248,41.1133,62.0117
272608,39.1602,62.2070
273972,39.9414,71.7773
275344,39.4531,61.7188
276724,39.6484,61.6211
278108,38.9648,63.2813
279500,39.1602,64.9414
280900,39.8438,63.0859
282308,40.2344,62.0117
283720,38.6719,61.9141
285140,38.9648,62.3047
286568,39.2578,61.3281
288004,39.6484,63.5742
289448,39.3555,67.2852
290896,39.9414,63.2813
292352,38.5742,62.5000
293816,39.6484,63.8672
295288,39.0625,63.6719
296768,39.4531,64.0625
298252,38.8672,62.3047
299744,42.6758,63.7695
301244,38.9648,63.0859
302752,39.8438,62.2070
304268,40.9180,64.0625
305792,39.4531,64.3555
307324,39.9414,62.9883
308864,38.8672,62.5977
310412,39.6484,63.4766
311968,39.5508,64.0625
313528,38.7695,63.4766
315096,39.9414,63.5742
316672,39.1602,63.5742
318256,38.6719,63.7695
319848,42.4805,64.0625
321448,39.4531,62.6953
323056,39.9414,63.8672
324672,38.7695,62.7930
326296,38.2813,63.2813
327928,39.6484,63.1836
329568,39.7461,63.6719
331216,40.0391,65.1367
332876,39.5508,62.5977
334544,39.7461,62.7930
336220,39.6484,64.2578
337904,39.7461,64.6484
339596,38.2813,62.5977
341296,38.4766,64.5508
343004,38.8672,63.3789
344720,51.0742,66.2109
346444,39.6484,64.2578
348180,38.5742,63.2813
349924,40.9180,65.3320
351676,39.2578,64.1602
353436,41.6016,64.8438
355204,40.0391,63.5742
356984,39.8438,64.4531
358772,38.3789,63.7695
360568,39.3555,63.9648
362372,38.7695,63.4766
364184,39.4531,65.5273
366008,39.8438,64.6484
367840,39.3555,63.9648
369680,40.4297,64.9414
371532,39.4531,65.1367
373392,39.6484,66.2109
375260,39.6484,64.4531
377140,52.0508,64.6484
379028,40.6250,64.4531
380924,39.7461,65.1367
382832,39.6484,64.0625
384748,38.8672,64.8438
386672,40.0391,66.0156
388608,40.3320,68.3594
390552,39.6484,64.7461
392508,38.8672,64.0625
394472,39.0625,65.4297
396448,39.4531,66.1133
398432,39.3555,63.9648
400428,40.2344,65.3320
402432,39.7461,65.4297
404448,39.0625,64.7461
406472,40.4297,66.9922
408508,38.8672,65.2344
410552,40.1367,65.0391
412608,39.2578,65.7227
414672,40.0391,66.9922
416748,39.5508,64.9414
418832,41.2109,66.6992
420928,39.5508,64.7461
423036,40.4297,64.7461
425152,40.4297,65.4297
427280,41.1133,68.7500
429420,39.6484,65.8203
431568,57.4219,85.1563
433728,55.9570,84.1797
435900,58.0078,87.1094
438080,59.3750,83.9844
440272,39.8438,65.2344
442476,41.6016,66.4063
444692,40.5273,66.6016
446916,40.4297,65.9180
449152,40.4297,67.3828
451400,40.2344,66.3086
453660,40.2344,66.7969
455932,41.1133,66.9922
458212,40.3320,66.6016
460504,40.3320,65.0391
462808,41.0156,68.5547
465124,40.4297,68.3594
467452,54.5898,68.5547
469792,39.8438,67.5781
472144,40.8203,68.0664
474508,40.6250,68.6523
476884,40.9180,66.9922
479272,40.0391,70.9961
481672,39.8438,67.3828
484084,41.7969,68.0664
486508,40.0391,68.3594
488944,40.5273,70.1172
491392,40.2344,68.0664
493852,39.9414,67.0898
496324,40.4297,68.6523
498808,40.9180,67.6758
501304,41.4063,68.8477
503812,40.8203,69.0430
506332,41.0156,69.2383
508864,42.3828,68.9453
511412,41.9922,69.0430
513972,40.0391,68.7500
516544,41.2109,68.6523
519128,40.9180,67.9688
521724,40.6250,68.0664
524336,54.2969,75.4883
526960,46.9727,79.8828
529596,48.5352,70.3125
532244,47.1680,69.8242
534908,47.1680,69.0430
537584,47.3633,69.0430
540272,46.2891,72.3633
542976,46.7773,70.8008
545692,46.0938,71.1914
548424,46.5820,70.2148
551168,47.2656,70.1172
553924,45.5078,69.2383
556696,45.6055,71.9727
559480,46.8750,70.8008
562280,46.6797,68.2617
565092,46.7773,71.9727
567920,48.3398,71.9727
570760,47.3633,71.1914
573616,48.8281,70.0195
576488,46.4844,71.2891
579372,45.3125,70.6055
582272,47.0703,70.4102
585184,47.1680,71.5820
588112,46.1914,68.7500
591056,46.7773,70.1172
594012,48.0469,72.3633
596984,48.2422,71.6797
599972,47.5586,71.0938
602972,46.5820,73.0469
605988,46.6797,76.0742
609020,47.6563,70.8008
612068,45.9961,70.5078
615132,46.3867,70.9961
618208,47.2656,70.0195
621300,46.5820,71.1914
624408,49.2188,72.5586
627532,47.8516,71.8750
630672,47.4609,71.2891
633828,47.4609,72.9492
637000,47.4609,73.2422
640188,47.6563,76.6602
643392,53.2227,73.8281
646612,47.6563,73.6328
649848,46.3867,71.9727
653100,48.2422,73.3398
656368,47.7539,72.3633
659652,50.0000,75.0977
662952,46.5820,72.3633
666268,46.3867,72.9492
669600,47.5586,74.3164
672948,46.3867,74.4141
676316,46.8750,74.8047
679700,48.4375,74.9023
683100,47.9492,72.8516
686516,46.7773,71.8750
689952,47.3633,74.1211
693404,47.1680,73.5352
696872,49.8047,74.5117
700360,47.1680,73.4375
703864,46.4844,73.5352
707384,46.9727,73.6328
710924,49.1211,69.9219
714480,49.3164,69.2383
718056,44.7266,72.0703
721648,45.2148,72.3633
725260,45.1172,71.8750
728888,45.5078,71.4844
732536,45.7031,75.6836
736200,44.2383,71.6797
739884,44.2383,71.4844
743584,45.4102,72.4609
747304,45.3125,72.0703
751044,45.0195,72.1680
754800,45.8008,73.0469
758576,43.9453,72.0703
762372,45.7031,72.1680
766184,46.0938,72.4609
770016,46.1914,72.7539
773868,44.9219,72.9492
777740,46.1914,72.5586
781632,45.8008,73.6328
785544,46.0938,73.1445
789472,45.9961,73.1445
793420,46.6797,73.0469
797388,45.6055,73.5352
801376,44.7266,71.5820
805384,46.7773,75.2930
809412,45.2148,71.9727
813460,46.0938,74.0234
817528,45.0195,72.5586
821616,46.6797,72.6563
825728,45.8984,73.6328
829860,46.5820,74.0234
834012,45.6055,73.2422
838184,46.0938,74.4141
842376,48.3398,74.4141
846588,45.3125,72.7539
850824,45.8008,72.5586
855080,45.6055,75.1953
859356,46.8750,73.3398
863656,47.7539,78.6133
867976,46.3867,75.0977
872316,45.4102,74.0234
876680,46.3867,74.9023
881064,46.1914,75.0977
885472,46.4844,74.5117
889900,46.8750,75.5859
894352,46.7773,76.2695
898824,47.7539,77.0508
903320,46.5820,75.9766
907840,46.6797,76.8555
912380,46.7773,76.1719
916944,46.6797,76.3672
921532,47.2656,76.1719
926140,47.1680,75.9766
930772,46.3867,83.2031
935428,77.9297,82.9102
940108,48.1445,74.6094
944812,48.7305,78.2227
949540,46.9727,76.9531
954288,47.3633,76.8555
959060,55.1758,77.7344
963856,46.6797,76.9531
968676,47.7539,77.1484
973520,47.7539,77.5391
978388,46.9727,76.6602
983280,49.9023,75.0000
988200,47.3633,78.2227
993144,46.9727,76.5625
998112,47.4609,78.5156
1003104,47.7539,77.3438
1008120,50.0000,76.9531
1013164,48.0469,77.8320
1018232,47.0703,77.2461
1023324,48.0469,76.1719
1028444,47.2656,77.1484
1033588,46.8750,78.6133
1038756,47.2656,78.1250
1043952,46.9727,78.8086
1049172,55.7617,78.8086
1054420,53.7109,78.6133
1059696,56.6406,79.9805
1064996,53.0273,79.8828
1070324,58.6914,79.8828
1075676,53.6133,79.5898
1081056,55.9570,78.6133
1086464,53.3203,77.9297
1091900,53.7109,77.9297
1097360,52.2461,78.1250
1102848,52.9297,95.8008
1108364,56.6406,80.2734
1113908,52.9297,91.9922
1119480,54.1016,78.9063
1125080,53.9063,81.7383
1130708,53.7109,79.9805
1136364,53.5156,79.1992
1142048,53.5156,79.7852
1147760,62.4023,89.0625
1153500,59.7656,81.6406
1159268,53.0273,79.9805
1165068,53.9063,81.7383
1170896,53.2227,79.1016
1176752,53.3203,79.5898
1182636,54.4922,83.4961
1188552,54.5898,80.2734
1194496,53.0273,79.7852
1200472,53.0273,79.2969
1206476,54.2969,80.4688
1212512,53.8086,83.3008
1218576,53.2227,80.6641
1224672,53.9063,82.2266
1230796,53.2227,80.6641
1236952,54.1992,81.9336
1243140,57.8125,81.7383
1249356,53.9063,81.3477
1255604,54.2969,80.8594
1261884,53.6133,81.3477
1268196,53.1250,80.4688
1274540,54.3945,81.3477
1280916,54.2969,82.0313
1287324,54.0039,82.2266
1293764,58.8867,85.8398
1300236,55.0781,85.1563
1306740,64.8438,81.9336
1313276,54.1992,81.7383
1319844,53.9063,83.2031
1326444,54.7852,82.6172
1333080,55.6641,83.4961
1339748,53.8086,81.2500
1346448,56.5430,86.1328
1353184,59.5703,90.1367
1359952,53.2227,105.0781
1366752,54.5898,82.7148
1373588,53.5156,81.1523
1380456,54.1016,81.9336
1387360,56.0547,84.3750
1394300,53.5156,83.0078
1401272,55.8594,84.7656
1408280,53.3203,82.5195
1415324,55.9570,83.1055
1422404,53.8086,84.3750
1429520,54.9805,82.9102
1436668,55.1758,84.4727
1443852,54.8828,82.9102
1451072,53.7109,82.8125
1458328,54.7852,83.4961
1465620,54.9805,84.9609
1472952,54.8828,84.1797
1480320,57.0313,86.4258
1487724,55.1758,83.5938
1495164,55.1758,82.4219
1502640,54.2969,85.1563
1510156,54.1016,87.4023
1517708,55.3711,86.4258
1525300,55.2734,84.8633
1532928,53.8086,81.2500
1540596,55.1758,84.0820
1548300,56.1523,85.8398
1556044,58.0078,88.6719
1563828,54.5898,83.4961
1571648,55.8594,85.1563
1579508,55.2734,82.7148
1587408,55.0781,87.3047
1595348,54.7852,83.1055
1603328,73.0469,89.8438
1611348,58.5938,87.1094
1619408,56.5430,85.9375
1627508,54.3945,83.5938
1635648,55.8594,86.3281
1643828,55.1758,87.5977
1652048,55.7617,87.1094
1660312,57.0313,86.8164
1668616,56.6406,84.7656
1676960,56.0547,87.3047
1685348,56.0547,85.5469
1693776,56.7383,87.3047
1702248,56.3477,86.6211
1710760,55.6641,85.8398
1719316,59.1797,87.6953
1727916,56.2500,86.9141
1736556,55.3711,85.5469
1745240,66.7969,86.9141
1753968,55.8594,88.1836
1762740,55.0781,86.4258
1771556,55.3711,86.7188
1780416,55.9570,86.1328
1789320,56.0547,87.4023
1798268,56.9336,87.5000
1807260,56.5430,87.2070
1816300,57.1289,87.9883
1825384,56.2500,89.2578
1834512,55.8594,87.2070
1843688,57.4219,89.6484
1852908,56.4453,84.8633
1862176,56.5430,86.9141
1871488,57.0313,90.3320
1880848,56.1523,87.4023
1890256,57.0313,89.1602
1899708,56.5430,88.2813
1909208,63.0859,87.9883
1918756,57.0313,89.1602
1928352,55.7617,86.8164
1937996,56.8359,90.5273
1947688,58.7891,89.6484
1957428,56.2500,88.2813
1967216,57.1289,88.9648
1977056,57.6172,88.1836
1986944,60.7422,91.0156
1996880,57.0313,89.0625
2006868,56.0547,89.5508
2016904,56.1523,88.5742
2026992,60.9375,88.5742
2037128,56.1523,89.4531
2047316,57.7148,90.1367
2057556,56.2500,89.3555
2067844,58.5938,89.3555
2078184,57.0313,88.9648
2088576,57.4219,90.7227
2099020,65.9180,92.1875
2109516,62.7930,90.5273
2120064,63.3789,89.2578
2130668,63.8672,90.6250
2141324,61.8164,89.8438
2152032,63.3789,90.7227
2162796,63.0859,89.9414
2173612,62.5000,89.4531
2184484,63.1836,91.4063
2195408,63.4766,90.1367
2206388,63.6719,93.2617
2217420,62.5000,90.5273
2228508,63.1836,94.1406
2239652,62.5977,90.0391
2250852,61.9141,90.9180
2262108,62.5000,90.8203
2273420,62.9883,90.9180
2284788,62.7930,91.9922
2296212,62.4023,100.7813
2307696,63.9648,92.3828
2319236,65.2344,90.5273
2330836,65.1367,91.6992
2342492,62.0117,90.5273
2354208,64.0625,93.0664
2365980,63.9648,92.1875
2377812,65.3320,93.2617
2389704,63.4766,91.0156
2401656,71.8750,94.9219
2413668,64.6484,92.1875
2425740,62.4023,90.5273
2437872,63.7695,90.6250
2450064,62.2070,90.4297
2462316,64.1602,93.7500
2474628,63.9648,90.8203
2487004,63.7695,92.4805
2499440,64.4531,91.6016
2511940,62.3047,92.9688
2524500,64.6484,94.6289
2537124,64.8438,93.4570
2549812,63.1836,93.4570
2562564,64.9414,92.8711
2575380,65.1367,95.3125
2588260,62.1094,92.0898
2601204,64.8438,96.4844
2614212,63.2813,90.8203
2627284,63.2813,93.8477
2640424,62.2070,91.2109
2653628,68.2617,93.9453
2666900,63.9648,95.4102
2680236,63.5742,93.1641
2693640,62.6953,94.3359
2707112,64.0625,93.1641
2720648,64.9414,95.1172
2734252,63.1836,93.5547
2747924,63.8672,94.0430
2761664,62.5977,92.3828
2775476,65.4297,95.1172
2789356,66.0156,94.6289
2803304,63.3789,93.3594
2817324,64.6484,93.9453
2831412,65.1367,94.7266
2845572,64.8438,94.7266
2859800,65.4297,96.3867
2874100,64.4531,95.4102
2888472,64.7461,93.7500
2902916,64.5508,93.5547
2917432,64.6484,98.1445
2932020,64.0625,95.7031
2946684,64.8438,95.3125
2961420,63.3789,95.4102
2976228,65.2344,94.5313
2991112,64.8438,94.0430
3006068,63.8672,93.3594
3021100,63.8672,95.4102
3036208,65.8203,95.2148
3051392,65.1367,95.8008
3066652,64.2578,94.6289
3081988,63.1836,95.6055
3097400,64.0625,97.7539
3112888,65.2344,96.8750
3128456,61.9141,96.1914
3144100,65.2344,94.1406
3159824,66.2109,94.9219
3175624,63.4766,94.8242
3191504,64.0625,94.9219
3207464,64.3555,99.6094
3223504,65.1367,96.9727
3239624,64.4531,95.4102
3255824,65.4297,96.8750
3272104,65.1367,96.4844
3288468,76.8555,97.4609
3304912,64.0625,94.6289
3321440,69.1406,97.7539
3338048,64.7461,96.3867
3354740,65.0391,97.0703
3371516,64.3555,99.5117
3388376,65.0391,94.7266
3405320,65.8203,97.8516
3422348,65.7227,97.4609
3439460,65.0391,96.2891
3456660,66.3086,96.1914
3473944,66.1133,97.2656
3491316,67.0898,96.1914
3508776,64.5508,95.6055
3526320,66.4063,98.7305
3543952,65.8203,97.3633
3561672,64.3555,95.5078
3579484,64.8438,97.6563
3597384,114.0625,103.8086
3615372,83.0078,99.8047
3633452,80.7617,98.7305
3651620,65.5273,98.6328
3669880,72.1680,102.0508
3688232,65.3320,97.8516
3706676,65.6250,98.0469
3725212,68.7500,101.7578
3743840,66.4063,99.7070
3762560,67.3828,98.7305
3781376,65.7227,98.2422
3800284,67.2852,99.9023
3819288,67.1875,98.7305
3838388,66.7969,99.1211
3857580,66.1133,99.7070
3876868,65.8203,97.4609
3896256,65.8203,101.8555
3915740,65.8203,99.3164
3935320,65.6250,98.9258
3955000,66.2109,100.2930
3974776,65.7227,99.8047
3994652,67.3828,99.4141
4014628,65.4297,96.9727
4034704,65.9180,108.4961
4054880,66.6992,99.9023
4075156,66.1133,98.8281
4095532,66.0156,101.7578
4116012,67.8711,99.8047
4136596,66.1133,98.9258
4157280,66.2109,98.6328
4178068,67.3828,99.8047
4198960,74.4141,103.1250
4219956,70.6055,100.0977
4241056,71.7773,100.2930
4262264,70.9961,97.4609
4283576,72.7539,101.2695
4304996,71.9727,100.6836
4326524,72.9492,100.0977
4348160,73.6328,101.7578
4369904,72.5586,101.2695
4391756,72.5586,105.0781
4413716,72.2656,100.1953
4435788,72.8516,101.2695
4457968,73.3398,102.1484
4480260,83.9844,102.7344
4502664,72.7539,100.7813
4525180,75.0000,103.8086
4547808,72.8516,102.0508
4570548,71.5820,99.9023
4593404,73.6328,103.5156
4616372,72.8516,101.4648
4639456,73.8281,101.3672
4662656,78.3203,103.2227
4685972,72.1680,100.0977
4709404,71.5820,99.7070
4732952,74.2188,102.9297
4756620,72.6563,101.5625
4780404,71.7773,101.3672
4804308,74.1211,105.6641
4828332,73.9258,102.6367
4852476,74.6094,102.9297
4876740,73.1445,102.8320
4901124,73.9258,102.3438
4925632,76.7578,111.5234
4950264,73.5352,101.4648
4975016,75.5859,104.1992
4999892,72.5586,102.0508
5024892,72.9492,103.1250
5050020,73.8281,104.3945
5075272,73.5352,102.7344
5100652,74.9023,104.3945
5126156,73.4375,104.2969
5151788,72.9492,103.2227
5177548,71.5820,100.2930
5203436,77.2461,102.4414
5229456,72.9492,102.1484
5255604,73.6328,102.7344
5281884,73.8281,105.4688
5308296,75.0977,104.1992
5334840,72.9492,123.5352
5361516,73.7305,104.2969
5388324,76.1719,105.5664
5415268,87.5977,107.5195
5442348,80.3711,105.7617
5469560,74.9023,104.7852
5496908,73.6328,104.2969
5524396,73.2422,102.8320
5552020,74.2188,104.8828
5579784,75.3906,105.4688
5607684,73.5352,104.6875
5635724,75.9766,108.4961
5663904,72.7539,104.0039
5692224,74.9023,104.6875
5720688,73.6328,104.8828
5749292,76.3672,104.9805
5778040,74.8047,105.4688
5806932,74.5117,112.2070
5835968,75.3906,105.9570
5865148,71.9727,104.2969
5894476,76.3672,106.6406
5923952,75.6836,105.1758
5953572,73.7305,108.1055
5983340,74.1211,103.5156
6013260,73.7305,106.1523
6043328,74.4141,106.3477
6073548,73.3398,106.2500
6103916,73.1445,105.1758
6134436,75.5859,106.5430
6165112,73.8281,105.5664
6195940,73.9258,107.0313
6226920,73.4375,106.8359
6258056,73.5352,104.5898
6289348,73.4375,103.9063
6320796,73.4375,106.5430
6352400,89.7461,107.3242
6384164,73.8281,104.3945
6416088,75.0977,112.0117
6448172,86.2305,105.1758
6480416,74.8047,107.8125
6512820,74.8047,108.6914
6545388,72.8516,105.6641
6578116,76.8555,104.7852
6611008,73.4375,105.5664
6644064,74.1211,108.1055
6677288,75.5859,108.2031
6710676,77.6367,108.9844
6744232,75.3906,108.3984
6777956,75.6836,106.3477
6811848,75.0000,106.9336
6845908,75.0000,105.9570
6880140,75.2930,118.8477
6914544,75.0977,107.4219
6949120,76.1719,109.0820
6983868,74.7070,107.2266
7018788,75.8789,108.1055
7053884,75.3906,107.7148
7089156,75.0000,106.7383
7124604,74.6094,107.6172
7160228,75.0977,107.6172
7196032,73.5352,106.1523
7232016,75.4883,108.4961
7268180,75.4883,109.8633
7304524,75.9766,109.9609
7341048,77.0508,111.7188
7377756,74.8047,112.6953
7414648,74.7070,109.3750
7451724,75.1953,119.2383
7488984,76.4648,109.5703
7526432,75.7813,108.9844
7564068,78.5156,111.9141
7601892,77.6367,110.6445
7639904,76.4648,108.3008
7678104,75.2930,108.5938
7716496,77.1484,114.3555
7755080,76.7578,110.3516
7793856,76.3672,109.9609
7832828,74.8047,107.3242
7871996,75.7813,111.2305
7911356,77.2461,108.5938
7950916,75.9766,111.0352
7990672,78.4180,108.8867
8030628,75.1953,107.6172
8070784,75.6836,109.9609
8111140,98.0469,114.0625
8151696,77.4414,109.8633
8192456,76.4648,109.2773
8233420,75.3906,109.7656
8274588,78.9063,110.6445
8315964,78.3203,113.3789
8357544,79.1016,110.3516
8399332,81.7383,109.5703
8441332,83.7891,112.8906
8483540,82.8125,115.4297
8525960,114.5508,111.8164
8568592,81.9336,230.1758
8611436,83.5938,109.8633
8654496,83.7891,111.9141
8697772,84.1797,112.4023
8741264,82.4219,110.8398
8784972,82.6172,110.1563
8828900,83.8867,112.0117
8873048,81.5430,109.7656
8917416,83.3008,112.8906
8962004,83.0078,111.8164
9006816,82.7148,110.2539
9051852,83.2031,112.1094
9097112,164.6484,110.9375
9142600,83.6914,134.6680
9188316,114.2578,118.4570
9234260,83.6914,113.9648
9280432,83.3984,116.6992
9326836,84.2773,111.0352
9373472,81.9336,116.0156
9420340,84.0820,113.0859
9467444,82.6172,118.5547
9514784,82.1289,112.0117
9562360,82.5195,111.1328
9610172,82.9102,111.5234
9658224,83.2031,110.7422
9706516,84.2773,114.7461
9755052,84.9609,111.6211
9803828,82.5195,112.5000
9852848,84.7656,114.6484
9902116,82.2266,112.5977
9951628,81.2500,110.9375
10001388,83.5938,112.9883
10051396,82.0313,113.9648
10101656,83.4961,118.3594
10152168,82.5195,112.5977
10202932,82.2266,114.6484
10253948,82.1289,112.1094
10305220,83.6914,114.4531
10356748,151.1719,113.2813
10408532,130.7617,128.7109
10460576,107.5195,132.1289
10512880,83.6914,113.5742
10565448,84.6680,114.5508
10618276,83.6914,113.9648
10671368,86.2305,115.3320
10724728,83.6914,113.8672
10778352,83.7891,114.2578
10832244,83.8867,114.6484
10886408,81.0547,111.5234
10940844,85.3516,118.3594
10995552,84.4727,130.3711
11050532,84.0820,113.9648
11105788,83.7891,113.7695
11161320,85.0586,114.4531
11217128,84.4727,116.1133
11273216,83.2031,115.8203
11329584,83.8867,112.9883
11386232,83.6914,114.4531
11443164,82.9102,114.3555
11500380,83.9844,115.9180
11557884,83.6914,115.6250
11615676,83.4961,114.6484
11673756,83.7891,120.6055
11732128,87.9883,118.2617
11790792,84.8633,115.8203
11849748,85.5469,115.4297
11909000,85.6445,114.9414
11968548,111.4258,134.3750
12028392,104.7852,114.3555
12088536,84.2773,114.2578
12148980,107.1289,120.5078
12209728,100.5859,119.8242
12270780,90.6250,117.4805
12332136,87.7930,116.2109
12393800,84.2773,116.8945
12455772,83.6914,113.9648
12518052,83.3984,117.5781
12580644,83.4961,114.1602
12643548,83.6914,114.1602
12706768,84.7656,116.6016
12770304,84.5703,118.5547
12834156,82.5195,116.8945
12898328,84.1797,115.8203
12962820,87.4023,116.7969
13027636,84.1797,115.2344
13092776,84.6680,116.6992
13158240,84.3750,117.5781
13224032,86.1328,120.8984
13290156,106.1523,118.1641
13356608,85.9375,130.5664
13423392,84.6680,118.6523
13490512,87.6953,122.6563
13557968,84.6680,116.6992
13625760,87.1094,118.4570
13693892,85.5469,118.4570
13762364,83.9844,115.0391
13831176,83.8867,115.8203
13900332,83.9844,116.4063
13969836,86.6211,118.7500
14039688,84.6680,116.7969
14109888,83.4961,118.4570
14180440,84.7656,118.6523
14251344,89.3555,121.1914
14322604,86.3281,119.4336
14394220,84.1797,116.0156
14466192,85.5469,118.0664
14538524,85.2539,122.6563
14611220,85.3516,118.3594
14684280,85.6445,119.7266
14757704,86.7188,124.0234
14831496,85.4492,118.4570
14905656,85.3516,120.1172
14980188,85.2539,172.3633
15055092,89.3555,133.1055
15130368,85.9375,120.4102
15206020,87.5000,121.9727
15282052,88.9648,116.8945
15358464,86.6211,121.4844
15435260,84.5703,119.9219
15512440,85.1563,118.9453
15590004,86.3281,120.6055
15667956,84.3750,120.4102
15746296,109.5703,120.5078
15825028,85.6445,119.4336
15904156,88.8672,121.3867
15983680,86.0352,120.6055
16063600,84.5703,120.8984
16143920,86.7188,118.5547
16224640,89.6484,121.4844
16305764,87.2070,122.0703
16387296,85.1563,119.1406
16469236,87.5977,121.9727
16551584,89.4531,120.1172
16634344,86.2305,122.7539
16717516,87.6953,133.7891
16801104,95.0195,121.9727
16885112,94.0430,123.9258
16969540,94.3359,123.8281
17054388,92.4805,124.3164
17139660,93.2617,123.7305
17225360,94.4336,122.2656
17311488,93.1641,121.1914
17398048,95.8984,121.7773
17485040,92.4805,122.1680
17572468,92.5781,121.5820
17660332,94.4336,122.9492
17748636,93.3594,123.0469
17837380,93.0664,124.8047
17926568,93.7500,126.1719
18016204,95.0195,125.7813
18106288,91.8945,122.6563
18196820,94.3359,124.1211
18287808,122.5586,140.2344
18379248,135.6445,131.9336
18471148,105.3711,126.3672
18563504,101.1719,124.4141
18656324,94.4336,123.4375
18749608,94.1406,123.6328
18843360,96.0938,121.6797
18937580,92.6758,123.9258
19032268,98.5352,122.4609
19127432,94.0430,124.6094
19223072,93.9453,126.7578
19319188,96.0938,125.7813
19415784,94.8242,123.3398
19512864,93.0664,124.3164
19610432,92.1875,124.4141
19708488,98.3398,190.7227
19807032,93.1641,122.6563
19906068,103.2227,125.6836
20005600,92.5781,123.7305
20105628,93.8477,127.2461
20206160,94.1406,125.0977
20307192,91.5039,123.7305
20408728,92.5781,196.6797
20510772,98.4375,125.6836
20613328,91.9922,121.0938
20716396,94.0430,124.4141
20819980,97.9492,124.1211
20924080,92.8711,123.6328
21028704,93.0664,124.9023
21133848,92.7734,128.3203
21239520,159.3750,132.6172
21345720,95.0195,127.9297
21452452,98.7305,128.7109
21559716,95.4102,127.0508
21667516,95.5078,125.2930
21775856,93.6523,124.9023
21884736,94.1406,130.8594
21994160,109.2773,125.2930
22104132,176.4648,127.3438
22214656,93.0664,125.1953
22325732,93.7500,125.4883
22437364,96.5820,127.6367
22549552,95.6055,128.9063
22662300,93.3594,132.0313
22775612,104.3945,126.7578
22889492,106.0547,126.2695
23003940,96.8750,127.9297
23118960,93.8477,126.6602
23234556,92.1875,125.1953
23350732,95.7031,134.5703
23467488,107.9102,128.6133
23584828,94.3359,124.8047
23702756,95.3125,129.0039
23821272,95.4102,128.0273
23940380,95.7031,127.0508
24060084,100.3906,136.8164
24180388,110.7422,128.5156
24301292,94.3359,127.2461
24422800,96.0938,127.5391
24544916,96.2891,128.2227
24667644,108.3984,154.1992
24790984,127.8320,142.9688
24914940,119.0430,137.4023
25039516,112.0117,135.7422
25164716,113.1836,143.4570
25290540,129.4922,142.5781
25416996,112.4023,135.5469
25544084,115.5273,129.1992
25671808,95.7031,151.0742
25800168,127.0508,142.6758
25929172,105.1758,129.8828
26058820,101.3672,137.1094
26189116,164.7461,163.0859
26320064,126.6602,144.3359
26451668,118.7500,138.8672
26583928,114.9414,137.6953
26716848,122.6563,131.7383
26850436,104.5898,130.4688
26984692,114.7461,135.7422
27119616,104.4922,133.4961
27255216,101.3672,134.3750
27391496,145.0195,154.0039
27528456,142.7734,150.9766
27666100,126.1719,145.9961
27804432,121.2891,141.3086
27943456,127.9297,156.0547
28083176,126.2695,143.0664
28223592,114.4531,140.9180
28364712,113.0859,140.7227
28506536,110.8398,152.7344
28649072,113.4766,138.3789
28792320,113.1836,141.7969
28936284,111.0352,141.7969
29080968,110.9375,155.4688
29226376,124.3164,144.4336
29372508,119.7266,144.2383
29519372,114.8438,144.3359
29666972,113.0859,158.2031
29815308,124.6094,147.4609
29964388,117.0898,163.8672
30114212,124.5117,144.9219
30264784,146.7773,150.9766
30416108,137.5977,151.0742
30568192,123.7305,148.6328
30721036,147.9492,152.7344
30874644,126.5625,149.5117
31029020,122.3633,145.6055
31184168,120.8008,156.6406
31340092,135.7422,153.4180
31496796,129.3945,179.1016
31654280,129.1992,157.4219
31812552,140.5273,155.8594
31971616,128.1250,149.6094
32131476,126.2695,148.2422
32292136,142.8711,158.0078
32453600,135.3516,156.9336
32615868,127.4414,149.5117
32778948,161.1328,164.4531
32942844,144.9219,159.3750
33107560,135.3516,186.0352
33273100,147.2656,161.2305
33439468,136.8164,162.9883
33606668,149.9023,157.8125
33774704,150.5859,166.3086
33943580,145.5078,266.1133
34113300,146.1914,159.0820
34283868,138.6719,167.7734
34455288,142.6758,181.0547
34627568,156.7383,279.2969
34800708,158.2031,183.1055
34974712,170.8008,169.6289
35149588,151.6602,174.6094
35325336,165.0391,166.4063
35501964,151.5625,171.8750
35679476,151.1719,177.3438
35857876,151.0742,162.5977
36037168,144.6289,164.5508
36217356,157.0313,167.8711
36398444,157.1289,166.6016
36580440,181.8359,178.5156
36763344,161.8164,176.9531
36947164,157.7148,203.1250
37131900,161.0352,178.6133
37317560,146.9727,200.7813
37504148,180.3711,208.9844
37691672,192.4805,208.8867
37880132,187.0117,192.9688
38069536,278.5156,198.9258
38259884,179.8828,210.7422
38451184,423.7305,223.2422
38643440,210.7422,224.8047
38836660,206.5430,210.3516
39030844,234.2773,203.1250
39226000,179.0039,187.8906
39422132,190.3320,187.0117
39619244,174.6094,220.9961
39817344,176.3672,200.4883
40016432,176.5625,210.4492
40216516,186.7188,193.0664
40417600,175.7813,204.2969
40619688,174.2188,183.1055
40822788,182.1289,184.6680
41026904,223.0469,217.3828
41232040,232.9102,207.0313
41438204,203.6133,226.7578
41645396,197.1680,210.7422
41853624,210.6445,201.3672
42062896,186.6211,193.5547
42273212,201.0742,194.1406
42484580,180.2734,193.6523
42697004,197.6563,221.9727
42910492,188.5742,213.4766
43125048,188.4766,199.0234
43340676,241.0156,208.5938
43557380,196.6797,247.4609
43775168,198.9258,204.3945
43994044,188.9648,214.6484
44214016,192.3828,216.2109
44435088,190.0391,202.0508
44657264,193.3594,230.6641
44880552,211.9141,206.9336
45104956,229.6875,204.7852
45330484,221.6797,251.5625
45557140,198.7305,200.9766
45784928,189.4531,215.5273
46013856,196.4844,206.1523
46243928,197.9492,210.3516
46475148,197.6563,229.2969
46707524,207.7148,208.6914
46941064,209.3750,213.0859
47175772,201.1719,218.4570
47411652,198.6328,213.6719
47648712,201.7578,219.3359
47886956,272.1680,217.3828
48126392,207.5195,241.0156
48367024,216.4063,258.0078
48608860,212.0117,219.9219
48851908,202.8320,217.8711
49096168,204.2969,215.6250
49341652,214.9414,220.5078
49588364,237.6953,212.7930
49836308,224.6094,238.4766
50085492,224.1211,271.9727
50335920,223.2422,217.4805
50587600,218.2617,221.3867
50840540,215.9180,226.2695
51094744,223.2422,279.9805
51350220,223.5352,401.5625
51606972,234.0820,228.6133
51865008,227.1484,222.3633
52124336,249.9023,232.4219
52384960,226.3672,244.3359
52646888,229.0039,249.2188
52910124,335.0586,233.8867
53174676,220.4102,320.2148
53440552,220.9961,232.5195
53707756,262.1094,267.5781
53976296,272.5586,258.5938
54246180,264.7461,254.3945
54517412,247.7539,242.8711
54790000,232.8125,231.7383
55063952,295.8984,234.3750
55339272,232.0313,248.6328
55615972,232.6172,264.7461
55894052,238.5742,244.4336
56173524,234.9609,399.1211
56454392,233.3008,253.0273
56736664,243.9453,278.5156
57020348,233.7891,238.9648
57305452,242.4805,243.6523
57591980,236.1328,255.0781
57879940,249.2188,246.7773
58169340,247.6563,245.8984
58460188,253.6133,274.0234
58752492,258.3008,259.1797
59046256,250.9766,251.4648
59341488,293.4570,256.9336
59638196,251.0742,250.2930
59936388,254.1016,247.4609
60236072,249.0234,250.8789
60537256,252.6367,314.0625
60839944,240.7227,250.9766
61144144,254.1992,303.2227
61449868,289.1602,273.1445
61757120,276.8555,269.2383
62065908,326.8555,257.5195
62376240,292.3828,262.7930
62688124,272.6563,263.3789
63001568,260.8398,253.4180
63316576,260.6445,263.9648
63633160,262.5000,251.2695
63951328,277.9297,313.7695
64271088,259.5703,283.3984
64592444,265.3320,272.5586
64915408,265.2344,278.8086
65239988,287.7930,367.5781
65566188,463.0859,288.0859
65894020,347.1680,280.4688
66223492,282.9102,283.3984
66554612,357.7148,277.6367
66887388,283.0078,274.5117
