4,1.4648,1.9531
8,2.0508,5.5664
12,2.4414,8.4961
16,2.5391,9.2773
20,3.2227,10.9375
24,3.2227,12.9883
28,3.0273,13.0859
32,3.2227,14.3555
36,3.9063,14.6484
40,6.0547,15.5273
44,3.8086,15.0391
48,3.8086,16.4063
52,3.6133,17.0898
56,3.6133,17.7734
60,3.8086,18.2617
64,3.7109,19.1406
68,4.2969,17.9688
72,4.7852,19.3359
76,4.4922,18.6523
80,4.3945,19.4336
84,4.2969,18.9453
88,4.9805,18.6523
92,4.2969,19.0430
96,5.1758,19.3359
100,4.8828,20.5078
104,4.3945,20.6055
108,5.0781,20.1172
112,4.2969,20.4102
116,4.5898,20.7031
120,4.2969,20.8984
124,4.4922,20.9961
128,4.9805,22.1680
132,5.2734,22.7539
136,5.3711,21.3867
140,5.5664,21.9727
144,5.1758,21.2891
148,5.4688,21.6797
152,5.1758,22.9492
156,5.2734,22.5586
160,5.3711,22.1680
164,5.1758,23.1445
168,5.2734,22.2656
172,5.1758,22.1680
176,5.2734,22.8516
180,5.2734,23.2422
184,5.5664,22.4609
188,5.1758,23.1445
192,5.2734,23.2422
196,5.2734,23.4375
200,5.1758,23.4375
204,5.2734,23.4375
208,5.2734,98.0469
212,5.4688,23.8281
216,5.2734,24.6094
220,5.4688,23.6328
224,5.3711,24.2188
228,5.1758,24.0234
232,5.2734,24.8047
236,5.1758,24.1211
240,5.4688,23.8281
244,5.2734,24.7070
248,5.2734,25.4883
252,5.4688,25.3906
256,5.1758,25.5859
260,6.1523,25.0000
264,6.2500,25.4883
268,6.1523,25.7813
272,6.3477,27.6367
276,6.3477,25.1953
280,6.1523,25.9766
284,6.2500,25.5859
288,6.4453,25.6836
292,6.2500,25.1953
296,6.1523,25.2930
300,6.1523,25.6836
304,6.2500,25.9766
308,6.1523,25.5859
312,6.1523,25.8789
316,6.2500,25.4883
320,6.1523,24.5117
324,6.2500,25.3906
328,6.1523,26.0742
332,6.1523,24.8047
336,6.1523,25.1953
340,6.1523,25.3906
344,6.2500,25.4883
348,6.3477,26.0742
352,6.7383,25.7813
356,6.3477,25.7813
360,6.1523,25.6836
364,6.1523,25.9766
368,6.3477,26.7578
372,6.2500,26.1719
376,6.2500,24.8047
380,6.2500,26.7578
384,6.2500,25.9766
388,6.1523,25.7813
392,6.3477,25.4883
396,6.1523,26.1719
400,6.1523,26.8555
404,6.2500,26.3672
408,6.2500,27.3438
412,6.1523,27.1484
416,6.2500,27.5391
420,6.1523,26.8555
424,6.2500,26.9531
428,6.3477,26.7578
432,6.1523,26.8555
436,6.1523,27.3438
440,6.4453,28.0273
444,6.1523,27.7344
448,6.2500,27.2461
452,6.1523,27.1484
456,6.4453,27.8320
460,6.1523,27.9297
464,6.3477,30.9570
468,6.1523,27.8320
472,6.1523,26.9531
476,6.2500,27.6367
480,6.1523,28.8086
484,6.1523,28.5156
488,6.4453,28.1250
492,6.2500,28.8086
496,6.1523,28.4180
500,6.1523,27.6367
504,6.3477,28.1250
508,6.2500,28.7109
512,6.3477,29.3945
516,8.5938,29.1992
520,7.9102,28.4180
524,8.4961,28.2227
528,8.5938,28.7109
532,8.6914,28.8086
536,7.8125,28.8086
540,8.5938,28.9063
544,8.8867,29.3945
548,8.3984,28.6133
552,8.1055,28.6133
556,8.6914,29.1016
560,8.5938,28.4180
564,8.2031,28.9063
568,8.5938,29.3945
572,8.6914,28.5156
576,8.5938,29.2969
580,8.5938,28.9063
584,8.3984,31.5430
588,8.3008,29.1016
592,7.9102,29.2969
596,8.3008,28.7109
600,8.6914,28.5156
604,8.4961,28.7109
608,8.4961,28.4180
612,8.5938,29.1016
616,8.6914,29.1016
620,8.3008,29.3945
624,8.4961,29.1016
628,8.3008,28.4180
632,8.6914,28.9063
636,68.7500,29.7852
640,16.4063,29.3945
644,8.6914,29.5898
648,8.8867,28.8086
652,8.8867,29.0039
656,8.5938,28.8086
660,8.8867,30.0781
664,8.6914,28.5156
668,8.5938,28.8086
672,8.6914,28.8086
676,8.5938,29.5898
680,8.3984,29.7852
684,8.3008,29.1992
688,8.3984,29.4922
692,8.5938,33.5938
696,8.5938,29.8828
700,8.3008,29.1992
704,8.3984,29.7852
708,8.6914,29.7852
712,8.3984,30.2734
716,8.2031,29.9805
720,8.4961,29.6875
724,8.2031,29.4922
728,8.2031,28.8086
732,8.2031,29.9805
736,8.4961,29.7852
740,8.3008,29.3945
744,8.4961,29.6875
748,8.5938,29.5898
752,8.2031,30.1758
756,8.5938,30.7617
760,8.5938,30.0781
764,8.4961,30.3711
768,8.6914,29.8828
772,8.4961,29.5898
776,8.2031,29.5898
780,8.3984,29.9805
784,8.4961,30.5664
788,8.5938,29.9805
792,8.2031,29.3945
796,8.8867,31.2500
800,8.7891,30.9570
804,8.3984,31.5430
812,8.3984,33.3008
820,8.5938,30.8594
828,8.5938,30.3711
836,8.1055,30.4688
844,8.3984,30.8594
852,8.7891,30.0781
860,8.4961,31.6406
868,8.2031,30.3711
876,8.7891,29.9805
884,8.4961,30.5664
892,8.3984,32.0313
900,8.3984,30.4688
908,8.3008,31.1523
916,8.2031,31.1523
924,8.7891,33.3984
932,8.8867,31.8359
940,8.6914,30.7617
948,8.3008,31.1523
956,8.7891,30.7617
964,8.4961,30.6641
972,8.9844,31.9336
980,8.6914,31.9336
988,8.5938,32.1289
996,8.5938,32.0313
1004,8.0078,32.2266
1012,8.5938,31.5430
1020,8.2031,32.4219
1028,10.8398,31.8359
1036,28.6133,34.7656
1044,11.5234,32.1289
1052,11.3281,31.6406
1060,12.0117,31.7383
1068,11.5234,32.1289
1076,11.1328,32.4219
1084,11.8164,32.4219
1092,10.9375,32.6172
1100,9.9609,31.8359
1108,12.1094,32.5195
1116,11.0352,32.1289
1124,10.9375,32.1289
1132,10.7422,31.3477
1140,11.4258,35.6445
1148,11.5234,32.7148
1156,11.0352,31.3477
1164,11.5234,32.0313
1172,11.3281,32.5195
1180,11.2305,32.8125
1188,11.4258,31.5430
1196,11.6211,32.3242
1204,11.0352,32.4219
1212,10.8398,32.4219
1220,11.1328,31.6406
1228,10.8398,31.1523
1236,11.3281,31.8359
1244,10.7422,32.5195
1252,11.2305,32.5195
1260,10.1563,32.5195
1268,10.9375,32.7148
1276,11.4258,32.9102
1284,10.6445,32.4219
1292,10.9375,32.1289
1300,10.3516,32.0313
1308,9.6680,32.8125
1316,10.6445,32.2266
1324,10.2539,32.6172
1332,11.2305,32.9102
1340,11.7188,37.5000
1348,11.2305,33.7891
1356,10.9375,32.7148
1364,11.1328,32.7148
1372,12.2070,32.2266
1380,12.0117,33.3984
1388,11.3281,33.6914
1396,11.2305,34.0820
1404,11.2305,33.1055
1412,10.7422,32.4219
1420,11.7188,32.9102
1428,11.7188,33.3008
1436,10.6445,32.2266
1444,11.0352,33.2031
1452,10.8398,34.3750
1460,10.1563,33.2031
1468,11.7188,33.4961
1476,11.6211,33.0078
1484,11.7188,34.1797
1492,11.1328,33.7891
1500,11.3281,34.0820
1508,10.9375,33.7891
1516,11.2305,33.9844
1524,11.6211,32.9102
1532,10.5469,33.8867
1540,10.5469,33.5938
1548,11.6211,33.6914
1556,11.6211,33.3984
1564,10.7422,33.9844
1572,11.3281,33.9844
1580,11.2305,34.2773
1588,10.4492,33.2031
1596,10.9375,32.6172
1604,11.2305,33.4961
1616,10.5469,32.9102
1628,11.3281,33.0078
1640,11.6211,34.7656
1652,11.0352,34.5703
1664,11.5234,34.0820
1676,11.0352,34.8633
1688,10.9375,33.7891
1700,11.4258,33.9844
1712,11.0352,33.9844
1724,11.1328,33.8867
1736,10.5469,33.8867
1748,11.9141,33.6914
1760,11.3281,34.6680
1772,10.9375,34.3750
1784,12.2070,33.6914
1796,10.7422,33.9844
1808,11.2305,33.4961
1820,11.3281,33.9844
1832,12.0117,34.2773
1844,10.8398,34.0820
1856,12.0117,34.9609
1868,11.8164,34.0820
1880,11.6211,34.8633
1892,12.1094,34.4727
1904,10.8398,35.0586
1916,10.8398,35.3516
1928,11.9141,34.9609
1940,12.0117,34.9609
1952,10.2539,34.5703
1964,11.1328,34.5703
1976,10.9375,35.4492
1988,10.3516,36.9141
2000,11.2305,34.5703
2012,10.0586,34.9609
2024,10.7422,35.0586
2036,11.2305,35.3516
2048,11.1328,34.8633
2060,14.5508,34.9609
2072,14.1602,35.7422
2084,14.6484,35.1563
2096,14.0625,35.8398
2108,13.9648,34.9609
2120,14.3555,36.6211
2132,14.1602,37.1094
2144,14.2578,36.1328
2156,13.8672,35.4492
2168,13.6719,35.2539
2180,30.7617,35.7422
2192,14.2578,51.7578
2204,13.7695,35.8398
2216,13.4766,35.6445
2228,14.4531,35.5469
2240,13.8672,36.3281
2252,14.0625,35.7422
2264,13.6719,35.6445
2276,14.1602,35.3516
2288,14.1602,35.7422
2300,14.2578,35.6445
2312,14.3555,37.0117
2324,13.9648,35.8398
2336,13.6719,36.3281
2348,13.8672,34.9609
2360,14.5508,35.9375
2372,14.1602,36.2305
2384,14.1602,34.9609
2396,13.8672,35.4492
2408,13.9648,35.6445
2424,14.4531,35.9375
2440,13.7695,35.0586
2456,14.0625,35.6445
2472,13.5742,36.0352
2488,14.1602,36.1328
2504,13.7695,36.7188
2520,13.9648,36.1328
2536,14.0625,36.2305
2552,14.3555,35.9375
2568,13.6719,36.3281
2584,13.8672,36.0352
2600,17.9688,36.4258
2616,14.1602,36.2305
2632,13.8672,36.4258
2648,13.5742,34.8633
2664,14.1602,35.7422
2680,15.1367,36.5234
2696,14.1602,36.2305
2712,14.0625,35.7422
2728,13.6719,35.6445
2744,13.7695,36.5234
2760,14.4531,35.9375
2776,13.8672,37.4023
2792,17.8711,36.3281
2808,13.9648,36.4258
2824,14.2578,36.5234
2840,14.3555,36.4258
2856,13.9648,36.6211
2872,14.3555,36.6211
2888,14.1602,36.9141
2904,14.1602,36.4258
2920,14.4531,36.1328
2936,13.6719,36.7188
2952,13.8672,37.1094
2968,13.7695,36.9141
2984,13.9648,36.2305
3000,14.0625,36.7188
3016,13.6719,36.0352
3032,14.0625,36.9141
3048,13.8672,36.8164
3064,14.2578,36.8164
3080,14.6484,36.8164
3096,14.0625,36.5234
3112,14.4531,37.8906
3128,13.9648,37.5000
3144,14.2578,37.3047
3160,13.8672,41.1133
3176,14.2578,37.0117
3192,14.2578,37.5977
3208,14.2578,37.6953
3228,13.7695,37.8906
3248,14.1602,38.6719
3268,14.0625,36.7188
3288,14.0625,37.1094
3308,14.5508,37.4023
3328,14.0625,37.5977
3348,13.5742,37.3047
3368,14.2578,38.4766
3388,14.1602,37.5977
3408,13.8672,37.7930
3428,13.9648,38.0859
3448,14.2578,37.8906
3468,14.0625,37.5000
3488,14.1602,38.1836
3508,14.5508,37.7930
3528,14.0625,37.3047
3548,14.6484,38.4766
3568,14.4531,37.7930
3588,14.3555,38.0859
3608,14.3555,44.5313
3628,14.1602,37.1094
3648,13.8672,37.3047
3668,14.3555,37.6953
3688,14.1602,38.6719
3708,14.4531,37.7930
3728,14.3555,38.3789
3748,14.3555,38.8672
3768,14.4531,37.4023
3788,14.8438,39.1602
3808,13.9648,38.2813
3828,14.5508,37.5977
3848,13.8672,38.3789
3868,14.7461,38.8672
3888,14.8438,38.6719
3908,14.2578,38.6719
3928,15.0391,39.2578
3948,13.7695,37.9883
3968,14.1602,38.9648
3988,13.9648,38.7695
4008,14.1602,39.2578
4032,14.3555,38.3789
4056,13.7695,39.6484
4080,14.1602,41.4063
4104,17.1875,38.8672
4128,17.5781,38.3789
4152,17.2852,38.7695
4176,17.1875,39.4531
4200,16.6016,38.2813
4224,17.0898,38.8672
4248,16.8945,38.3789
4272,16.6016,38.6719
4296,16.6992,38.9648
4320,16.8945,38.9648
4344,17.3828,38.9648
4368,17.1875,39.5508
4392,17.8711,39.1602
4416,17.6758,38.8672
4440,16.7969,39.3555
4464,16.8945,38.7695
4488,17.3828,39.3555
4512,17.8711,38.9648
4536,17.8711,38.7695
4560,17.1875,39.4531
4584,17.1875,39.4531
4608,17.6758,38.7695
4632,19.7266,38.5742
4656,16.7969,39.2578
4680,16.5039,39.1602
4704,16.8945,39.1602
4728,17.3828,38.7695
4752,17.1875,39.7461
4776,16.8945,38.7695
4800,17.4805,38.9648
4824,17.1875,39.8438
4852,17.0898,40.0391
4880,16.3086,40.2344
4908,19.9219,38.9648
4936,16.8945,39.7461
4964,18.0664,39.7461
4992,17.3828,38.8672
5020,17.3828,39.8438
5048,17.5781,39.9414
5076,17.3828,39.4531
5104,79.1016,40.4297
5132,16.6016,39.6484
5160,17.5781,39.5508
5188,16.3086,44.5313
5216,16.9922,39.9414
5244,17.4805,40.0391
5272,16.4063,39.5508
5300,16.4063,38.5742
5328,17.3828,38.9648
5356,17.0898,40.3320
5384,18.1641,40.0391
5412,17.8711,39.2578
5440,17.1875,40.5273
5468,16.7969,39.9414
5496,17.3828,42.2852
5524,16.6016,39.7461
5552,17.5781,40.4297
5580,17.7734,40.0391
5608,17.2852,40.4297
5640,16.3086,40.2344
5672,17.1875,39.0625
5704,16.8945,40.8203
5736,16.7969,39.3555
5768,17.0898,41.4063
5800,17.4805,39.9414
5832,18.3594,46.5820
5864,17.2852,40.5273
5896,16.7969,39.2578
5928,17.8711,40.5273
5960,16.6016,40.1367
5992,17.3828,41.1133
6024,17.1875,40.9180
6056,17.7734,39.6484
6088,16.8945,40.1367
6120,17.1875,40.5273
6152,16.8945,40.1367
6184,17.0898,42.8711
6216,17.2852,40.2344
6248,16.3086,39.8438
6280,16.9922,40.0391
6312,17.0898,40.2344
6344,17.4805,40.5273
6376,16.8945,40.7227
6408,17.4805,40.1367
6444,17.9688,39.9414
6480,17.5781,40.9180
6516,16.8945,40.5273
6552,17.4805,42.4805
6588,17.4805,40.6250
6624,17.3828,41.1133
6660,16.7969,41.5039
6696,17.2852,41.1133
6732,16.6016,41.7969
6768,16.7969,40.7227
6804,17.0898,40.6250
6840,17.6758,39.9414
6876,17.0898,40.8203
6912,17.3828,41.5039
6948,16.8945,43.2617
6984,16.6016,40.5273
7020,17.3828,41.0156
7056,17.0898,41.1133
7092,17.4805,41.4063
7128,17.0898,41.4063
7164,17.1875,41.5039
7200,17.3828,41.6992
7236,17.2852,41.9922
7276,16.8945,41.4063
7316,17.6758,41.7969
7356,17.0898,45.3125
7396,16.0156,40.9180
7436,16.6016,40.3320
7476,17.1875,40.5273
7516,16.6992,41.6016
7556,17.0898,41.3086
7596,17.8711,99.5117
7636,16.8945,40.9180
7676,16.5039,41.1133
7716,17.0898,43.0664
7756,17.0898,42.5781
7796,17.3828,43.5547
7836,16.7969,42.0898
7876,17.6758,41.6992
7916,16.3086,42.4805
7956,17.3828,41.6992
7996,17.0898,41.8945
8036,17.2852,42.1875
8080,17.7734,41.6016
8124,17.1875,41.3086
8168,17.6758,44.3359
8212,20.2148,42.3828
8256,19.7266,41.8945
8300,20.2148,42.2852
8344,19.9219,42.3828
8388,20.1172,42.1875
8432,20.4102,42.5781
8476,19.8242,41.9922
8520,20.1172,42.3828
8564,19.9219,42.5781
8608,20.1172,43.0664
8652,42.8711,44.6289
8696,19.6289,43.0664
8740,19.5313,41.8945
8784,20.4102,40.8203
8828,20.9961,42.7734
8876,20.4102,42.8711
8924,20.4102,42.7734
8972,19.6289,42.1875
9020,20.2148,42.5781
9068,20.4102,41.7969
9116,24.7070,42.4805
9164,20.5078,41.9922
9212,19.8242,42.6758
9260,19.7266,42.1875
9308,20.0195,42.8711
9356,20.0195,42.1875
9404,19.8242,42.4805
9452,20.0195,41.8945
9500,19.9219,42.5781
9548,20.2148,41.8945
9596,19.9219,46.4844
9644,19.8242,43.1641
9696,20.2148,42.2852
9748,20.0195,42.5781
9800,19.6289,42.2852
9852,19.7266,42.1875
9904,20.2148,42.6758
9956,19.9219,42.0898
10008,20.0195,42.5781
10060,20.3125,43.0664
10112,19.7266,42.3828
10164,20.2148,42.5781
10216,20.6055,43.2617
10268,20.8984,42.7734
10320,19.3359,42.0898
10372,19.8242,43.1641
10424,20.0195,42.5781
10480,20.5078,42.4805
10536,19.7266,41.9922
10592,20.1172,42.7734
10648,19.7266,42.8711
10704,22.8516,42.3828
10760,19.6289,42.8711
10816,19.9219,43.0664
10872,20.3125,42.8711
10928,20.4102,42.9688
10984,83.6914,42.7734
11040,19.7266,44.0430
11096,20.4102,42.5781
11152,19.7266,42.4805
11208,19.8242,43.0664
11268,19.3359,42.6758
11328,20.3125,42.7734
11388,20.0195,43.4570
11448,19.9219,43.5547
11508,20.0195,43.1641
11568,20.0195,43.8477
11628,19.8242,43.0664
11688,19.3359,41.9922
11748,20.5078,42.7734
11808,20.2148,44.1406
11868,22.1680,43.6523
11928,19.9219,42.7734
11988,20.6055,44.0430
12048,20.3125,43.6523
12112,19.8242,42.9688
12176,20.2148,43.4570
12240,19.7266,43.0664
12304,20.3125,43.7500
12368,20.4102,44.1406
12432,19.7266,44.6289
12496,23.7305,44.0430
12560,20.0195,43.8477
12624,20.6055,44.0430
12688,20.2148,42.2852
12752,20.2148,43.3594
12816,19.9219,43.8477
12884,20.1172,43.8477
12952,20.2148,43.7500
13020,19.9219,43.5547
13088,20.2148,44.0430
13156,19.7266,50.3906
13224,20.1172,42.9688
13292,20.7031,44.3359
13360,20.5078,43.8477
13428,20.0195,44.0430
13496,20.3125,44.0430
13564,19.6289,43.3594
13632,20.2148,43.1641
13704,20.1172,43.5547
13776,20.2148,43.6523
13848,20.0195,45.9961
13920,20.1172,44.7266
13992,19.7266,44.3359
14064,20.2148,44.2383
14136,20.0195,43.6523
14208,19.9219,43.6523
14280,19.8242,44.3359
14352,19.8242,44.1406
14424,19.4336,44.2383
14500,20.6055,44.4336
14576,20.6055,47.9492
14652,20.3125,43.3594
14728,20.0195,44.7266
14804,19.7266,45.2148
14880,20.3125,45.0195
14956,19.9219,44.4336
15032,20.4102,44.5313
15108,20.2148,44.6289
15184,19.8242,45.1172
15260,19.5313,44.6289
15340,20.1172,45.6055
15420,19.9219,43.8477
15500,19.7266,45.4102
15580,19.8242,44.8242
15660,19.7266,45.0195
15740,77.1484,44.3359
15820,19.9219,43.8477
15900,19.7266,63.4766
15980,19.7266,44.6289
16060,20.3125,43.4570
16144,19.9219,45.2148
16228,20.1172,45.3125
16312,20.0195,44.4336
16396,23.4375,45.3125
16480,23.3398,44.5313
16564,23.3398,44.9219
16648,24.1211,45.2148
16732,23.1445,45.1172
16816,23.6328,45.5078
16904,23.1445,47.2656
16992,22.8516,45.0195
17080,23.5352,45.9961
17168,23.7305,45.3125
17256,23.1445,45.4102
17344,23.3398,45.2148
17432,24.3164,45.8008
17520,23.3398,46.1914
17608,23.4375,44.8242
17700,22.6563,44.0430
17792,23.4375,45.1172
17884,23.8281,45.8984
17976,22.8516,44.0430
18068,23.3398,45.6055
18160,22.9492,44.5313
18252,23.2422,44.8242
18344,23.7305,46.0938
18436,23.6328,45.6055
18532,23.3398,46.1914
18628,24.7070,47.6563
18724,24.6094,46.0938
18820,23.2422,44.8242
18916,22.2656,44.9219
19012,23.4375,46.1914
19108,23.0469,46.2891
19204,23.9258,45.8008
19304,22.8516,45.9961
19404,23.4375,45.3125
19504,23.6328,45.9961
19604,48.2422,45.5078
19704,22.9492,46.1914
19804,23.8281,45.9961
19904,23.3398,45.6055
20004,23.7305,46.1914
20108,23.1445,46.0938
20212,22.0703,45.8984
20316,23.8281,45.8984
20420,24.0234,46.5820
20524,23.6328,48.8281
20628,22.7539,45.2148
20732,23.9258,45.6055
20836,23.1445,45.5078
20944,22.9492,46.2891
21052,22.7539,46.4844
21160,22.8516,45.5078
21268,23.0469,46.7773
21376,22.6563,47.0703
21484,22.8516,46.1914
21592,25.2930,46.8750
21700,22.9492,46.2891
21812,23.2422,45.8008
21924,22.3633,109.9609
22036,23.4375,46.1914
22148,23.2422,46.7773
22260,22.9492,46.0938
22372,23.8281,46.3867
22484,24.0234,45.8984
22600,22.7539,46.2891
22716,23.6328,45.8008
22832,23.5352,46.4844
22948,23.0469,47.2656
23064,23.5352,46.9727
23180,23.9258,45.8008
23296,23.6328,45.6055
23416,23.3398,46.1914
23536,23.5352,47.3633
23656,27.5391,47.0703
23776,23.0469,47.6563
23896,23.2422,46.1914
24016,23.1445,46.4844
24140,24.0234,45.8984
24264,23.1445,45.9961
24388,23.4375,46.8750
24512,23.5352,46.9727
24636,23.3398,46.6797
24760,23.7305,51.8555
24884,23.2422,46.6797
25012,23.8281,47.1680
25140,23.3398,46.2891
25268,22.8516,46.7773
25396,23.8281,46.9727
25524,23.0469,48.0469
25652,23.7305,46.9727
25784,23.5352,47.0703
25916,23.7305,47.3633
26048,25.2930,46.4844
26180,22.7539,46.6797
26312,23.4375,48.1445
26444,23.1445,47.6563
26580,23.5352,46.6797
26716,23.4375,46.3867
26852,23.4375,46.6797
26988,23.8281,46.4844
27124,23.3398,47.1680
27260,23.3398,55.2734
27400,23.5352,47.4609
27540,24.0234,46.5820
27680,23.7305,46.4844
27820,24.5117,47.9492
27960,23.1445,47.4609
28100,23.8281,48.4375
28244,23.0469,48.4375
28388,23.2422,46.4844
28532,23.2422,51.2695
28676,23.4375,47.4609
28820,23.6328,47.5586
28968,23.7305,47.2656
29116,23.8281,47.7539
29264,23.6328,47.4609
29412,23.7305,47.4609
29560,22.8516,47.3633
29708,23.9258,47.1680
29860,22.7539,47.2656
30012,26.9531,46.7773
30164,23.5352,48.1445
30316,23.3398,47.8516
30468,84.3750,47.8516
30624,23.7305,48.4375
30780,22.8516,47.8516
30936,23.0469,48.3398
31092,24.0234,48.8281
31248,23.3398,48.5352
31408,23.0469,48.7305
31568,23.5352,49.5117
31728,23.7305,47.1680
31888,23.6328,48.1445
32048,23.2422,47.4609
32212,23.4375,48.0469
32376,22.9492,47.7539
32540,23.4375,47.7539
32704,23.3398,48.2422
32868,29.9805,49.2188
33036,27.4414,49.7070
33204,27.4414,47.6563
33372,27.1484,47.3633
33540,26.7578,47.8516
33708,27.2461,47.8516
33880,27.8320,49.0234
34052,26.9531,48.8281
34224,27.2461,48.2422
34396,28.5156,48.0469
34568,26.2695,48.6328
34744,26.0742,48.4375
34920,26.8555,49.2188
35096,25.8789,48.4375
35272,27.2461,48.6328
35452,26.6602,48.5352
35632,26.5625,49.1211
35812,26.9531,48.6328
35992,28.8086,48.7305
36172,27.1484,48.5352
36356,26.5625,47.8516
36540,26.0742,47.8516
36724,25.9766,48.2422
36908,26.9531,48.8281
37096,27.0508,49.7070
37284,26.6602,48.5352
37472,28.1250,50.0000
37660,30.7617,49.9023
37852,27.6367,48.9258
38044,26.4648,48.9258
38236,27.1484,49.7070
38428,27.1484,49.5117
38624,26.9531,48.6328
38820,26.2695,49.7070
39016,26.9531,50.0000
39212,26.4648,48.6328
39412,31.2500,49.4141
39612,27.0508,49.5117
39812,26.2695,49.6094
40012,26.2695,49.4141
40216,27.0508,49.3164
40420,26.8555,48.8281
40624,26.8555,50.0000
40828,26.2695,49.4141
41036,25.8789,50.2930
41244,27.0508,49.7070
41452,26.1719,48.4375
41660,27.2461,50.6836
41872,27.2461,50.2930
42084,25.7813,48.8281
42296,26.9531,50.5859
42508,26.4648,50.1953
42724,27.3438,49.5117
42940,26.3672,49.3164
43156,26.5625,50.0977
43372,26.3672,49.7070
43592,27.0508,50.1953
43812,27.3438,50.0977
44032,27.1484,49.7070
44256,26.8555,50.0000
44480,26.6602,49.8047
44704,26.5625,50.2930
44928,26.8555,50.4883
45156,25.7813,49.9023
45384,26.6602,51.4648
45612,26.7578,49.6094
45844,26.8555,50.3906
46076,26.3672,50.3906
46308,27.4414,50.5859
46540,27.1484,50.8789
46776,27.3438,53.9063
47012,27.0508,50.9766
47248,26.8555,50.1953
47488,26.9531,51.2695
47728,27.2461,51.0742
47968,26.9531,50.5859
48208,26.1719,50.6836
48452,27.3438,50.3906
48696,26.2695,51.0742
48940,27.8320,51.9531
49188,26.6602,50.4883
49436,26.6602,50.7813
49684,26.9531,50.7813
49936,27.2461,51.4648
50188,26.5625,51.5625
50440,26.6602,52.0508
50696,26.3672,51.1719
50952,27.4414,50.3906
51208,26.9531,50.4883
51468,27.1484,50.7813
51728,26.5625,50.0000
51988,26.8555,50.6836
52248,26.4648,50.2930
52512,27.4414,50.8789
52776,27.2461,51.6602
53040,26.2695,51.0742
53308,27.0508,59.2773
53576,27.9297,50.8789
53844,26.0742,51.3672
54116,27.2461,52.0508
54388,26.6602,50.5859
54660,27.5391,51.5625
54936,26.1719,51.3672
55212,27.2461,52.6367
55492,27.0508,52.3438
55772,26.8555,54.6875
56052,26.1719,51.1719
56336,27.5391,51.4648
56620,26.5625,52.4414
56904,44.7266,53.0273
57192,26.3672,69.1406
57480,26.8555,83.7891
57768,26.6602,52.7344
58060,27.1484,51.9531
58352,27.5391,53.3203
58644,27.1484,52.0508
58940,27.2461,51.9531
59236,27.1484,51.2695
59536,26.6602,51.7578
59836,27.6367,53.0273
60136,27.4414,54.0039
60440,26.3672,57.1289
60744,27.2461,53.4180
61048,27.0508,52.0508
61356,27.0508,53.5156
61664,27.5391,53.5156
61976,27.3438,51.6602
62288,26.8555,51.7578
62600,27.0508,52.6367
62916,26.3672,55.6641
63232,25.8789,51.3672
63552,27.0508,53.0273
63872,26.5625,51.9531
64192,26.9531,53.4180
64516,26.5625,52.2461
64840,26.9531,52.9297
65168,26.7578,52.7344
65496,29.2969,55.1758
65824,34.6680,53.2227
66156,31.2500,53.2227
66488,30.1758,53.2227
66824,31.3477,54.8828
67160,30.0781,53.2227
67496,30.5664,53.9063
67836,30.6641,53.5156
68176,30.3711,53.6133
68520,30.3711,57.6172
68864,29.8828,53.9063
69212,30.5664,52.8320
69560,30.0781,53.9063
69908,31.8359,54.4922
70260,29.7852,54.0039
70612,30.3711,54.0039
70968,30.6641,52.9297
71324,29.8828,56.8359
71684,30.8594,54.7852
72044,29.5898,54.3945
72408,29.9805,53.6133
72772,29.6875,54.1016
73136,30.6641,53.4180
73504,29.5898,54.5898
73872,30.8594,54.1016
74244,30.6641,56.6406
74616,29.2969,113.6719
74992,30.4688,54.3945
75368,29.8828,54.2969
75748,29.9805,54.4922
76128,31.4453,54.5898
76512,31.1523,55.0781
76896,29.9805,54.6875
77284,29.8828,55.8594
77672,30.2734,54.6875
78064,29.8828,53.4180
78456,29.7852,54.1016
78852,30.5664,54.2969
79248,29.7852,54.0039
79648,30.0781,53.9063
80048,29.6875,54.1016
80452,30.8594,79.0039
80856,31.9336,55.4688
81264,30.4688,54.5898
81672,30.3711,54.9805
82084,30.4688,54.2969
82496,29.8828,54.1016
82912,30.4688,54.8828
83328,29.9805,55.0781
83748,30.4688,58.0078
84168,30.1758,56.0547
84592,30.0781,55.5664
85016,30.4688,56.3477
85444,30.1758,54.8828
85872,30.3711,55.3711
86304,30.4688,55.6641
86736,29.6875,52.5391
87172,29.9805,57.0313
87608,29.9805,54.7852
88048,30.8594,54.9805
88492,30.4688,55.0781
88936,29.7852,54.1992
89384,30.3711,55.1758
89832,30.0781,54.2969
90284,30.3711,55.8594
90736,30.9570,57.0313
91192,31.5430,55.3711
91648,29.9805,55.2734
92108,29.8828,55.9570
92572,30.9570,56.0547
93036,30.7617,54.6875
93504,30.2734,55.7617
93972,29.6875,56.5430
94444,31.2500,55.0781
94920,31.1523,56.4453
95396,30.8594,56.1523
95876,29.6875,55.2734
96356,30.5664,55.5664
96840,30.0781,55.2734
97328,30.3711,56.4453
97816,30.1758,55.2734
98308,34.6680,57.2266
98800,30.9570,64.6484
99296,30.4688,56.7383
99796,30.9570,56.1523
100296,30.9570,56.4453
100800,30.8594,56.9336
101304,30.1758,57.5195
101812,30.3711,56.0547
102324,32.2266,55.4688
102836,29.8828,54.9805
103352,30.4688,55.5664
103872,30.0781,56.9336
104392,29.7852,55.3711
104916,33.0078,58.2031
105444,30.7617,55.5664
105972,29.5898,55.9570
106504,31.4453,55.3711
107040,30.1758,55.7617
107576,30.6641,56.9336
108116,30.7617,56.7383
108660,30.1758,55.9570
109204,30.3711,56.3477
109752,29.7852,57.7148
110304,30.3711,57.1289
110856,30.4688,57.2266
111412,30.2734,57.4219
111972,30.5664,56.3477
112532,30.2734,56.6406
113096,30.3711,58.2031
113664,30.3711,56.4453
114236,30.5664,57.2266
114808,30.8594,57.2266
115384,30.4688,57.9102
115964,30.1758,57.1289
116544,32.1289,58.8867
117128,30.5664,57.6172
117716,30.8594,57.8125
118308,31.1523,57.5195
118900,30.5664,57.0313
119496,30.8594,58.9844
120096,30.6641,57.7148
120700,30.3711,57.6172
121304,30.5664,57.1289
121912,30.3711,57.6172
122524,30.1758,57.1289
123140,30.3711,56.7383
123756,30.5664,57.7148
124376,31.0547,59.3750
125000,29.6875,57.4219
125628,30.1758,57.0313
126260,30.4688,57.8125
126892,30.5664,57.2266
127528,30.3711,57.0313
128168,30.9570,58.1055
128812,30.3711,57.6172
129460,31.7383,61.3281
130108,33.4961,60.0586
130760,29.7852,57.2266
131416,37.5000,57.7148
132076,36.1328,58.3008
132740,35.6445,58.3008
133404,34.9609,58.1055
134072,35.2539,57.5195
134744,34.6680,57.2266
135420,34.5703,57.2266
136100,33.9844,57.7148
136784,34.2773,58.0078
137468,33.0078,56.5430
138156,34.1797,57.2266
138848,34.0820,57.6172
139544,34.5703,60.0586
140244,33.7891,58.6914
140948,34.1797,57.3242
141656,34.1797,58.5938
142368,34.6680,57.9102
143080,35.0586,58.5938
143796,35.0586,57.6172
144516,34.1797,60.0586
145240,34.0820,57.2266
145968,34.6680,57.7148
146700,34.5703,59.1797
147436,34.3750,58.7891
148176,34.8633,59.2773
148920,34.2773,57.8125
149668,35.0586,58.8867
150420,47.0703,64.0625
151176,34.6680,61.5234
151932,34.5703,58.4961
152692,34.1797,60.0586
153456,36.4258,60.1563
154224,34.7656,61.8164
154996,34.4727,59.2773
155772,36.1328,62.0117
156552,33.6914,59.2773
157336,35.2539,59.6680
158124,33.3984,58.3984
158916,34.3750,59.3750
159712,34.3750,59.8633
160512,34.0820,59.8633
161316,36.0352,63.6719
162124,34.4727,59.6680
162936,34.9609,58.8867
163752,34.8633,59.3750
164572,34.2773,59.1797
165396,34.1797,59.2773
166224,33.5938,58.3984
167056,34.1797,59.0820
167892,40.9180,59.3750
168732,34.4727,59.4727
169576,34.0820,58.3984
170424,33.8867,59.4727
171280,34.3750,58.7891
172140,35.1563,59.9609
173004,34.1797,58.8867
173872,34.3750,62.3047
174744,36.8164,62.9883
175620,34.0820,59.5703
176500,33.6914,58.1055
177384,34.2773,60.0586
178272,34.0820,60.1563
179164,33.5938,59.2773
180060,34.6680,60.9375
180964,34.6680,60.3516
181872,34.3750,59.7656
182784,34.2773,60.8398
183700,35.2539,60.5469
184620,35.3516,60.7422
185544,34.3750,59.4727
186472,34.5703,60.1563
187408,34.6680,60.6445
188348,35.1563,60.4492
189292,34.8633,58.8867
190240,34.4727,60.2539
191192,34.4727,60.3516
192148,34.4727,59.8633
193112,33.5938,59.3750
194080,36.5234,60.3516
195052,34.3750,60.2539
196028,34.9609,60.7422
197012,34.5703,60.3516
198000,34.4727,60.3516
198992,34.5703,61.1328
199988,35.0586,60.8398
200988,34.4727,62.0117
201996,34.2773,60.7422
203008,33.7891,59.4727
204024,34.4727,61.6211
205048,33.9844,61.0352
206076,34.0820,60.7422
207108,34.6680,60.5469
208144,34.6680,62.5000
209188,34.8633,61.7188
210236,35.6445,61.1328
211288,34.8633,59.8633
212348,34.3750,61.7188
213412,34.7656,59.6680
214480,34.3750,61.0352
215556,34.1797,66.4063
216636,34.3750,60.6445
217720,34.5703,60.9375
218812,34.7656,60.5469
219908,35.4492,61.7188
221008,34.0820,61.0352
222116,35.2539,60.9375
223228,33.8867,61.8164
224348,34.3750,60.5469
225472,34.9609,60.1563
226600,34.0820,59.7656
227736,34.5703,60.2539
228876,34.2773,61.6211
230024,33.1055,59.6680
231176,34.2773,60.0586
232332,34.5703,60.7422
233496,34.6680,61.0352
234664,34.5703,60.5469
235840,35.1563,61.4258
237020,34.4727,61.6211
238208,34.0820,62.3047
239400,35.0586,62.2070
240600,36.5234,61.8164
241804,35.1563,62.4023
243016,35.5469,60.9375
244232,34.9609,60.8398
245456,34.7656,62.1094
246684,36.4258,63.0859
247920,34.9609,60.6445
249160,36.8164,63.4766
250408,34.2773,61.4258
251664,35.4492,62.6953
252924,34.6680,62.1094
254192,35.8398,61.7188
255464,34.4727,62.3047
256744,34.5703,62.2070
258028,36.3281,61.8164
259320,34.5703,62.6953
260620,35.4492,61.9141
261924,36.7188,63.2813
263236,42.1875,62.6953
264556,41.1133,62.9883
265880,39.7461,62.2070
267212,48.5352,61.9141
268552,40.1367,62.9883
269896,38.5742,62.5977
271248,39.3555,63.6719
272608,40.2344,63.5742
273972,39.4531,63.0859
275344,46.8750,79.7852
276724,43.0664,63.5742
278108,40.8203,63.4766
279500,42.4805,63.6719
280900,40.1367,62.6953
282308,40.2344,63.5742
283720,39.7461,62.8906
285140,39.9414,63.1836
286568,40.8203,64.2578
288004,39.9414,63.8672
289448,40.0391,63.1836
290896,40.4297,62.9883
292352,39.7461,62.5000
293816,39.8438,72.2656
295288,39.8438,63.6719
296768,39.3555,63.2813
298252,40.2344,64.3555
299744,40.4297,64.8438
301244,40.9180,64.8438
302752,39.5508,64.1602
304268,43.0664,65.1367
305792,38.8672,63.6719
307324,39.5508,63.5742
308864,39.4531,64.6484
310412,40.0391,64.1602
311968,40.1367,65.2344
313528,40.2344,65.0391
315096,39.7461,65.6250
316672,39.9414,65.1367
318256,40.7227,65.4297
319848,39.8438,64.8438
321448,39.7461,63.3789
323056,39.1602,63.5742
324672,43.5547,64.1602
326296,40.3320,63.8672
327928,39.8438,63.8672
329568,40.9180,65.0391
331216,39.5508,64.8438
332876,39.7461,64.2578
334544,40.1367,64.5508
336220,39.1602,65.0391
337904,40.4297,66.5039
339596,39.0625,64.5508
341296,39.5508,65.1367
343004,39.3555,134.4727
344720,39.3555,64.7461
346444,40.7227,65.3320
348180,40.3320,66.0156
349924,41.3086,66.4063
351676,40.3320,66.2109
353436,40.3320,64.6484
355204,40.0391,65.9180
356984,40.6250,70.6055
358772,41.1133,65.1367
360568,40.3320,64.7461
362372,40.4297,65.8203
364184,40.2344,65.7227
366008,41.1133,67.0898
367840,40.8203,69.3359
369680,40.4297,66.4063
371532,40.2344,65.5273
373392,39.2578,65.6250
375260,40.1367,65.2344
377140,41.6992,66.2109
379028,40.1367,65.2344
380924,44.3359,66.1133
382832,40.6250,64.8438
384748,39.7461,66.6016
386672,40.2344,65.5273
388608,40.5273,66.2109
390552,39.1602,65.2344
392508,41.4063,71.5820
394472,40.4297,66.9922
396448,40.5273,65.4297
398432,40.9180,66.3086
400428,41.1133,67.1875
402432,41.9922,66.1133
404448,40.7227,66.7969
406472,40.5273,67.2852
408508,41.1133,68.1641
410552,40.4297,66.3086
412608,39.6484,67.1875
414672,40.3320,66.9922
416748,40.6250,66.6016
418832,45.3125,66.7969
420928,41.1133,67.4805
423036,40.6250,66.7969
425152,41.3086,66.6992
427280,40.8203,130.9570
429420,40.6250,67.4805
431568,44.3359,66.9922
433728,41.6016,67.9688
435900,41.4063,67.4805
438080,40.3320,67.7734
440272,40.2344,68.6523
442476,40.8203,67.6758
444692,64.4531,70.3125
446916,43.7500,68.2617
449152,42.9688,68.3594
451400,42.4805,69.2383
453660,41.3086,68.8477
455932,42.3828,69.8242
458212,56.2500,70.2148
460504,41.4063,67.8711
462808,41.1133,66.9922
465124,40.5273,68.1641
467452,39.7461,68.2617
469792,41.2109,69.3359
472144,49.4141,69.1406
474508,47.4609,70.6055
476884,42.7734,70.7031
479272,41.8945,69.9219
481672,41.1133,67.1875
484084,44.6289,70.4102
486508,40.4297,68.9453
488944,41.5039,69.3359
491392,40.6250,70.2148
493852,41.4063,68.8477
496324,41.3086,68.2617
498808,41.4063,69.9219
501304,40.8203,69.3359
503812,42.2852,70.4102
506332,42.3828,70.3125
508864,41.9922,70.8008
511412,42.5781,70.5078
513972,42.4805,70.9961
516544,41.8945,70.6055
519128,42.0898,70.4102
521724,41.6992,70.3125
524336,126.4648,76.6602
526960,47.4609,74.0234
529596,48.0469,72.3633
532244,48.0469,70.3125
534908,47.1680,71.0938
537584,46.3867,70.5078
540272,47.3633,70.2148
542976,47.4609,75.8789
545692,47.3633,71.3867
548424,47.0703,70.2148
551168,46.0938,72.0703
553924,46.9727,70.6055
556696,47.3633,72.1680
559480,50.5859,72.3633
562280,47.3633,71.7773
565092,46.8750,70.9961
567920,47.2656,71.9727
570760,45.9961,71.4844
573616,47.3633,75.0000
576488,47.1680,70.1172
579372,48.2422,72.8516
582272,46.8750,70.8008
585184,47.7539,72.4609
588112,46.9727,70.9961
591056,47.2656,75.1953
594012,48.0469,72.5586
596984,46.6797,71.8750
599972,48.7305,73.0469
602972,47.2656,71.8750
605988,47.8516,72.0703
609020,48.0469,72.5586
612068,48.0469,72.9492
615132,47.7539,72.5586
618208,46.7773,72.6563
621300,48.2422,72.7539
624408,47.3633,75.4883
627532,47.7539,73.8281
630672,47.0703,73.2422
633828,48.0469,76.1719
637000,47.7539,73.4375
640188,67.8711,77.4414
643392,47.5586,91.6016
646612,48.8281,74.3164
649848,47.9492,73.4375
653100,46.9727,72.8516
656368,47.1680,77.2461
659652,48.2422,73.9258
662952,48.4375,73.0469
666268,47.5586,74.3164
669600,46.6797,72.7539
672948,48.5352,74.0234
676316,52.5391,74.7070
679700,47.4609,75.0000
683100,49.1211,75.3906
686516,48.1445,73.3398
689952,48.1445,75.2930
693404,47.9492,91.7969
696872,48.6328,73.6328
700360,48.6328,75.6836
703864,48.0469,74.9023
707384,48.4375,75.7813
710924,62.0117,75.1953
714480,46.0938,72.4609
718056,46.8750,73.1445
721648,45.8008,71.7773
725260,45.8984,72.2656
728888,46.2891,76.0742
732536,46.0938,72.1680
736200,45.3125,72.6563
739884,46.4844,73.8281
743584,46.2891,74.2188
747304,45.6055,72.2656
751044,62.2070,74.8047
754800,45.4102,72.8516
758576,46.0938,73.0469
762372,47.1680,73.8281
766184,46.7773,74.2188
770016,45.8984,74.8047
773868,46.6797,73.4375
777740,46.3867,73.5352
781632,55.7617,74.2188
785544,47.6563,74.5117
789472,45.3125,74.4141
793420,45.8984,73.5352
797388,45.9961,73.8281
801376,46.0938,73.3398
805384,47.0703,75.4883
809412,46.4844,75.1953
813460,49.1211,73.8281
817528,46.5820,74.9023
821616,46.8750,74.2188
825728,46.4844,74.5117
829860,47.8516,75.5859
834012,46.9727,80.8594
838184,47.2656,76.0742
842376,47.3633,76.9531
846588,47.1680,77.5391
850824,45.8008,75.9766
855080,45.9961,75.4883
859356,47.0703,76.9531
863656,48.0469,76.0742
867976,46.6797,76.5625
872316,46.0938,74.3164
876680,46.4844,75.4883
881064,53.6133,75.7813
885472,47.1680,76.3672
889900,48.6328,77.8320
894352,46.6797,76.4648
898824,48.3398,77.8320
903320,51.4648,77.8320
907840,48.4375,76.5625
912380,47.3633,146.2891
916944,46.9727,75.2930
921532,46.8750,77.1484
926140,47.0703,77.7344
930772,48.0469,78.1250
935428,48.9258,78.4180
940108,47.7539,78.3203
944812,48.4375,78.3203
949540,51.5625,77.9297
954288,47.6563,77.7344
959060,47.2656,77.9297
963856,46.9727,77.4414
968676,48.0469,77.0508
973520,50.3906,78.3203
978388,46.2891,77.2461
983280,48.0469,78.3203
988200,49.2188,79.2969
993144,47.8516,78.2227
998112,48.7305,79.4922
1003104,48.0469,78.3203
1008120,47.2656,78.6133
1013164,47.0703,76.1719
1018232,47.4609,79.0039
1023324,47.7539,82.7148
1028444,48.1445,79.8828
1033588,48.2422,79.1992
1038756,49.2188,79.9805
1043952,47.9492,79.1016
1049172,57.2266,118.7500
1054420,63.1836,79.1016
1059696,53.1250,79.9805
1064996,55.2734,79.6875
1070324,67.3828,81.4453
1075676,53.6133,145.3125
1081056,53.5156,81.1523
1086464,53.5156,80.4688
1091900,53.6133,80.9570
1097360,54.2969,81.8359
1102848,54.1992,80.9570
1108364,54.0039,80.7617
1113908,53.3203,80.4688
1119480,59.0820,82.0313
1125080,54.8828,81.9336
1130708,53.2227,79.3945
1136364,55.0781,80.7617
1142048,54.7852,80.3711
1147760,54.7852,82.5195
1153500,55.1758,82.0313
1159268,53.4180,82.0313
1165068,55.9570,83.0078
1170896,55.2734,85.8398
1176752,54.3945,82.4219
1182636,53.9063,81.4453
1188552,54.5898,82.4219
1194496,54.4922,81.7383
1200472,53.5156,81.3477
1206476,53.6133,81.7383
1212512,54.8828,82.5195
1218576,54.6875,80.9570
1224672,54.1016,82.2266
1230796,55.4688,83.0078
1236952,54.6875,81.5430
1243140,53.9063,82.9102
1249356,54.0039,82.2266
1255604,54.7852,86.6211
1261884,54.8828,82.8125
1268196,118.8477,84.1797
1274540,55.0781,81.4453
1280916,55.3711,83.6914
1287324,55.8594,83.5938
1293764,54.5898,81.8359
1300236,55.6641,84.9609
1306740,54.2969,83.0078
1313276,55.6641,118.8477
1319844,54.5898,107.6172
1326444,54.1016,84.6680
1333080,216.1133,124.2188
1339748,55.1758,86.4258
1346448,55.0781,223.1445
1353184,113.4766,86.6211
1359952,75.2930,94.3359
1366752,55.4688,86.1328
1373588,190.3320,128.2227
1380456,54.3945,107.1289
1387360,55.0781,88.3789
1394300,55.6641,84.7656
1401272,54.3945,82.1289
1408280,54.2969,83.8867
1415324,56.0547,136.4258
1422404,54.2969,83.8867
1429520,54.2969,84.5703
1436668,54.7852,126.0742
1443852,55.9570,133.8867
1451072,54.9805,85.3516
1458328,56.5430,85.8398
1465620,61.1328,85.9375
1472952,54.6875,85.3516
1480320,56.2500,85.8398
1487724,55.3711,91.6992
1495164,56.1523,86.3281
1502640,55.8594,85.8398
1510156,56.1523,85.8398
1517708,64.0625,86.7188
1525300,57.0313,86.3281
1532928,54.5898,87.2070
1540596,56.7383,93.2617
1548300,56.1523,86.0352
1556044,56.1523,87.2070
1563828,55.7617,85.9375
1571648,66.6016,90.8203
1579508,55.5664,89.0625
1587408,55.9570,85.8398
1595348,56.0547,90.1367
1603328,69.1406,88.6719
1611348,56.5430,86.8164
1619408,56.6406,86.8164
1627508,56.3477,88.2813
1635648,56.4453,90.2344
1643828,55.6641,86.8164
1652048,55.7617,85.9375
1660312,56.3477,85.8398
1668616,58.8867,88.1836
1676960,56.6406,87.8906
1685348,57.5195,88.2813
1693776,56.8359,86.3281
1702248,56.6406,88.1836
1710760,57.3242,88.0859
1719316,55.1758,85.7422
1727916,56.4453,88.6719
1736556,57.6172,93.0664
1745240,56.0547,87.6953
1753968,55.9570,87.5000
1762740,56.8359,87.0117
1771556,56.5430,91.1133
1780416,56.5430,88.7695
1789320,56.1523,87.5977
1798268,57.2266,88.6719
1807260,55.4688,89.4531
1816300,57.4219,88.2813
1825384,56.9336,89.2578
1834512,58.3008,89.0625
1843688,58.2031,89.4531
1852908,60.0586,90.1367
1862176,57.0313,88.9648
1871488,56.5430,87.6953
1880848,56.9336,88.9648
1890256,59.8633,91.7969
1899708,57.3242,89.1602
1909208,65.7227,89.2578
1918756,59.3750,96.1914
1928352,56.7383,89.1602
1937996,58.2031,89.8438
1947688,57.6172,94.8242
1957428,57.7148,91.9922
1967216,57.7148,90.8203
1977056,57.5195,91.1133
1986944,57.0313,90.3320
1996880,55.9570,93.5547
2006868,58.8867,90.2344
2016904,57.9102,89.1602
2026992,57.8125,91.3086
2037128,58.5938,101.1719
2047316,59.1797,92.6758
2057556,57.3242,89.8438
2067844,57.8125,91.3086
2078184,56.8359,95.2148
2088576,56.4453,90.8203
2099020,65.2344,92.4805
2109516,64.1602,91.9922
2120064,62.9883,95.3125
2130668,62.3047,91.6992
2141324,63.7695,90.8203
2152032,64.1602,91.4063
2162796,64.4531,157.6172
2173612,64.7461,92.6758
2184484,86.6211,113.6719
2195408,101.3672,98.5352
2206388,63.8672,93.0664
2217420,64.2578,90.6250
2228508,64.3555,92.1875
2239652,63.7695,91.4063
2250852,64.4531,93.2617
2262108,62.4023,90.6250
2273420,63.3789,92.2852
2284788,66.5039,92.5781
2296212,64.0625,91.3086
2307696,64.4531,90.4297
2319236,63.3789,93.2617
2330836,64.9414,95.0195
2342492,64.9414,93.8477
2354208,64.0625,93.5547
2365980,65.5273,99.4141
2377812,64.7461,93.6523
2389704,63.2813,91.6016
2401656,85.6445,102.4414
2413668,75.6836,92.5781
2425740,134.2773,94.6289
2437872,64.0625,93.6523
2450064,64.2578,94.0430
2462316,65.8203,98.5352
2474628,64.5508,95.7031
2487004,64.8438,93.6523
2499440,63.7695,92.7734
2511940,65.0391,94.0430
2524500,63.8672,94.0430
2537124,65.3320,94.8242
2549812,63.7695,93.5547
2562564,65.5273,95.2148
2575380,66.5039,94.3359
2588260,64.7461,96.1914
2601204,64.4531,124.6094
2614212,63.8672,94.6289
2627284,64.4531,95.5078
2640424,65.3320,95.3125
2653628,64.2578,93.4570
2666900,64.9414,94.8242
2680236,63.9648,94.1406
2693640,64.6484,98.1445
2707112,65.3320,97.3633
2720648,64.8438,95.0195
2734252,64.4531,94.5313
2747924,75.0000,96.8750
2761664,65.8203,95.4102
2775476,65.1367,95.8008
2789356,63.5742,97.5586
2803304,65.1367,94.6289
2817324,65.3320,95.4102
2831412,65.5273,95.2148
2845572,67.8711,95.8984
2859800,65.9180,96.6797
2874100,64.9414,96.5820
2888472,63.7695,99.4141
2902916,64.1602,95.3125
2917432,65.4297,95.2148
2932020,63.7695,94.7266
2946684,67.6758,95.8984
2961420,64.2578,95.8984
2976228,65.7227,98.3398
2991112,64.3555,97.3633
3006068,64.5508,96.6797
3021100,66.3086,96.9727
3036208,64.2578,95.6055
3051392,66.8945,96.7773
3066652,64.9414,97.1680
3081988,65.6250,96.3867
3097400,75.7813,97.0703
3112888,64.4531,96.6797
3128456,65.0391,96.9727
3144100,66.8945,99.1211
3159824,65.5273,97.2656
3175624,64.9414,96.3867
3191504,64.7461,96.9727
3207464,69.1406,98.1445
3223504,66.5039,96.0938
3239624,62.9883,95.4102
3255824,66.2109,103.4180
3272104,65.2344,96.7773
3288468,65.1367,96.6797
3304912,65.0391,96.2891
3321440,66.3086,97.6563
3338048,66.7969,99.9023
3354740,66.0156,100.0000
3371516,68.3594,98.3398
3388376,66.1133,99.0234
3405320,65.5273,99.6094
3422348,67.6758,108.2031
3439460,66.0156,99.9023
3456660,65.7227,97.8516
3473944,76.2695,100.6836
3491316,66.8945,99.6094
3508776,66.1133,98.1445
3526320,66.0156,101.3672
3543952,67.9688,101.2695
3561672,66.4063,100.5859
3579484,65.8203,99.8047
3597384,123.3398,109.0820
3615372,85.4492,101.1719
3633452,65.6250,100.3906
3651620,66.7969,101.4648
3669880,72.2656,105.0781
3688232,66.8945,98.9258
3706676,66.0156,100.7813
3725212,67.0898,101.0742
3743840,66.7969,98.1445
3762560,68.1641,101.2695
3781376,67.0898,99.7070
3800284,67.3828,100.7813
3819288,67.9688,101.6602
3838388,66.6016,101.4648
3857580,67.6758,103.0273
3876868,69.3359,100.3906
3896256,67.2852,101.1719
3915740,65.5273,100.4883
3935320,68.5547,100.1953
3955000,69.2383,101.8555
3974776,66.2109,100.0000
3994652,69.2383,103.4180
4014628,69.6289,102.2461
4034704,67.4805,101.0742
4054880,66.2109,100.5859
4075156,70.5078,103.2227
4095532,66.6992,100.0000
4116012,66.5039,100.6836
4136596,67.0898,101.5625
4157280,68.2617,101.9531
4178068,66.9922,102.1484
4198960,75.0977,102.0508
4219956,75.3906,105.3711
4241056,76.0742,104.8828
4262264,77.3438,101.2695
4283576,74.7070,103.2227
4304996,73.9258,101.1719
4326524,88.6719,101.2695
4348160,74.4141,102.9297
4369904,73.9258,101.8555
4391756,74.4141,101.9531
4413716,72.7539,104.4922
4435788,74.0234,102.2461
4457968,73.8281,101.9531
4480260,75.3906,102.7344
4502664,75.1953,105.4688
4525180,75.0977,104.0039
4547808,75.0000,104.3945
4570548,75.1953,111.1328
4593404,73.5352,102.0508
4616372,73.8281,102.9297
4639456,72.5586,101.1719
4662656,75.5859,104.7852
4685972,136.6211,105.4688
4709404,72.6563,102.7344
4732952,74.7070,102.8320
4756620,73.5352,102.4414
4780404,75.1953,104.3945
4804308,73.3398,103.9063
4828332,74.0234,105.9570
4852476,75.6836,104.4922
4876740,75.3906,106.4453
4901124,74.3164,103.8086
4925632,73.5352,103.6133
4950264,75.1953,106.5430
4975016,80.1758,103.7109
4999892,75.4883,105.0781
5024892,74.8047,104.0039
5050020,74.6094,103.8086
5075272,74.6094,104.9805
5100652,74.8047,107.6172
5126156,75.6836,104.6875
5151788,139.3555,106.5430
5177548,75.8789,105.2734
5203436,73.9258,104.0039
5229456,73.6328,106.6406
5255604,73.4375,104.9805
5281884,75.1953,104.9805
5308296,75.4883,105.9570
5334840,75.8789,106.2500
5361516,73.5352,104.0039
5388324,98.8281,105.3711
5415268,78.0273,107.7148
5442348,79.2969,106.7383
5469560,75.6836,106.5430
5496908,74.6094,106.4453
5524396,74.4141,104.9805
5552020,75.2930,110.3516
5579784,75.6836,106.3477
5607684,75.5859,106.6406
5635724,74.5117,106.8359
5663904,76.8555,108.7891
5692224,76.7578,107.8125
5720688,75.3906,110.3516
5749292,74.0234,102.9297
5778040,74.8047,106.9336
5806932,75.9766,104.2969
5835968,74.6094,107.3242
5865148,75.0000,109.2773
5894476,75.1953,106.8359
5923952,75.5859,107.8125
5953572,76.4648,107.9102
5983340,75.0977,106.6406
6013260,74.9023,110.0586
6043328,73.9258,104.0039
6073548,82.1289,108.3984
6103916,78.8086,108.9844
6134436,75.9766,108.1055
6165112,76.8555,110.7422
6195940,74.8047,106.1523
6226920,75.9766,107.1289
6258056,77.5391,107.4219
6289348,77.6367,109.1797
6320796,76.9531,111.6211
6352400,75.5859,109.2773
6384164,75.7813,108.3008
6416088,78.6133,108.0078
6448172,76.0742,106.3477
6480416,75.0000,119.6289
6512820,74.4141,107.0313
6545388,75.9766,108.8867
6578116,72.9492,105.7617
6611008,85.3516,108.3008
6644064,76.5625,109.9609
6677288,75.1953,111.1328
6710676,77.9297,111.5234
6744232,75.5859,108.3984
6777956,74.4141,108.7891
6811848,77.9297,108.8867
6845908,76.4648,109.9609
6880140,76.0742,112.7930
6914544,76.6602,110.5469
6949120,76.2695,108.7891
6983868,75.2930,107.9102
7018788,75.1953,108.6914
7053884,80.3711,110.8398
7089156,75.8789,109.8633
7124604,76.3672,112.8906
7160228,75.5859,110.1563
7196032,75.8789,112.5977
7232016,76.2695,108.4961
7268180,74.8047,109.0820
7304524,78.5156,109.4727
7341048,77.6367,109.8633
7377756,76.3672,108.6914
7414648,76.1719,108.8867
7451724,76.4648,114.6484
7488984,76.0742,110.0586
7526432,74.6094,108.1055
7564068,76.5625,111.0352
7601892,78.9063,112.7930
7639904,79.4922,110.1563
7678104,75.6836,110.9375
7716496,78.5156,112.6953
7755080,77.0508,110.6445
7793856,75.7813,124.0234
7832828,77.3438,110.5469
7871996,76.4648,112.0117
7911356,78.1250,112.6953
7950916,77.6367,115.2344
7990672,76.0742,109.9609
8030628,77.1484,111.9141
8070784,79.8828,112.4023
8111140,89.6484,113.3789
8151696,84.1797,113.9648
8192456,79.3945,112.5977
8233420,99.1211,170.6055
8274588,78.6133,113.0859
8315964,75.8789,112.8906
8357544,78.3203,113.2813
8399332,84.0820,114.2578
8441332,83.8867,112.4023
8483540,84.5703,113.8672
8525960,86.2305,113.0859
8568592,83.9844,113.2813
8611436,88.9648,112.8906
8654496,83.0078,113.3789
8697772,87.9883,113.2813
8741264,83.4961,111.9141
8784972,82.7148,177.6367
8828900,84.3750,112.7930
8873048,87.5000,114.7461
8917416,84.3750,112.6953
8962004,88.8672,114.1602
9006816,85.0586,114.4531
9051852,126.5625,112.5977
9097112,83.5938,113.1836
9142600,89.1602,114.2578
9188316,84.9609,114.6484
9234260,87.3047,114.5508
9280432,84.4727,113.1836
9326836,86.2305,114.6484
9373472,83.9844,116.4063
9420340,151.7578,115.7227
9467444,83.6914,111.8164
9514784,84.6680,118.2617
9562360,84.1797,112.5977
9610172,84.1797,114.8438
9658224,83.9844,123.7305
9706516,86.7188,118.6523
9755052,84.9609,115.9180
9803828,83.8867,115.6250
9852848,84.9609,114.9414
9902116,83.3984,113.9648
9951628,85.2539,114.8438
10001388,86.9141,115.1367
10051396,84.6680,115.0391
10101656,85.1563,115.0391
10152168,86.3281,115.5273
10202932,86.0352,115.2344
10253948,84.5703,116.5039
10305220,85.9375,116.1133
10356748,84.2773,116.2109
10408532,84.6680,119.8242
10460576,84.0820,114.5508
10512880,84.2773,122.0703
10565448,85.1563,113.8672
10618276,86.0352,118.5547
10671368,84.8633,116.7969
10724728,85.3516,116.4063
10778352,84.7656,117.3828
10832244,84.5703,116.2109
10886408,84.9609,122.8516
10940844,85.4492,115.8203
10995552,84.8633,115.4297
11050532,85.2539,113.8672
11105788,85.8398,115.8203
11161320,86.5234,118.2617
11217128,85.6445,117.7734
11273216,85.8398,119.1406
11329584,84.8633,116.4063
11386232,84.8633,115.9180
11443164,84.0820,115.4297
11500380,84.7656,158.9844
11557884,87.7930,123.2422
11615676,85.5469,117.6758
11673756,84.1797,118.6523
11732128,83.8867,117.9688
11790792,85.7422,118.4570
11849748,85.8398,118.7500
11909000,86.5234,120.3125
11968548,87.3047,118.4570
12028392,86.4258,122.0703
12088536,97.8516,117.9688
12148980,90.2344,119.5313
12209728,84.1797,118.1641
12270780,86.1328,120.8984
12332136,85.2539,117.4805
12393800,87.3047,117.9688
12455772,90.7227,119.1406
12518052,83.8867,120.3125
12580644,84.7656,117.9688
12643548,85.8398,116.0156
12706768,87.2070,121.7773
12770304,84.5703,117.4805
12834156,83.6914,121.0938
12898328,86.6211,118.0664
12962820,86.5234,120.6055
13027636,84.4727,116.5039
13092776,84.3750,118.1641
13158240,85.0586,119.3359
13224032,84.4727,180.0781
13290156,85.7422,117.8711
13356608,84.6680,122.5586
13423392,88.1836,121.2891
13490512,86.1328,118.4570
13557968,85.8398,120.2148
13625760,84.7656,119.7266
13693892,86.0352,120.1172
13762364,86.3281,121.6797
13831176,87.9883,120.1172
13900332,86.3281,128.3203
13969836,86.3281,198.3398
14039688,86.1328,119.1406
14109888,86.3281,120.6055
14180440,87.1094,122.9492
14251344,85.6445,117.0898
14322604,86.6211,120.6055
14394220,87.0117,119.7266
14466192,87.1094,120.7031
14538524,85.3516,120.9961
14611220,85.0586,120.3125
14684280,87.8906,120.6055
14757704,87.2070,125.8789
14831496,90.5273,120.1172
14905656,86.6211,122.0703
14980188,84.8633,120.5078
15055092,85.5469,122.8516
15130368,87.3047,122.9492
15206020,86.5234,124.4141
15282052,85.3516,120.3125
15358464,89.7461,123.2422
15435260,87.0117,122.3633
15512440,87.6953,129.9805
15590004,86.8164,121.7773
15667956,87.9883,124.0234
15746296,87.7930,123.0469
15825028,86.2305,121.8750
15904156,85.7422,121.3867
15983680,87.1094,122.5586
16063600,87.5977,127.2461
16143920,86.0352,123.3398
16224640,86.7188,188.2813
16305764,87.2070,123.2422
16387296,85.8398,121.9727
16469236,85.9375,119.9219
16551584,87.1094,121.2891
16634344,87.0117,122.5586
16717516,87.8906,123.8281
16801104,95.9961,123.9258
16885112,96.5820,122.9492
16969540,94.2383,154.6875
17054388,98.4375,148.5352
17139660,92.7734,123.0469
17225360,92.7734,123.6328
17311488,98.4375,125.2930
17398048,94.4336,128.6133
17485040,95.4102,122.8516
17572468,95.4102,123.8281
17660332,95.2148,122.3633
17748636,92.8711,123.8281
17837380,95.4102,150.9766
17926568,94.0430,125.0977
18016204,92.0898,123.2422
18106288,94.7266,124.3164
18196820,94.3359,123.7305
18287808,111.9141,127.4414
18379248,97.4609,126.4648
18471148,96.5820,124.4141
18563504,94.3359,124.0234
18656324,93.6523,124.0234
18749608,95.7031,124.5117
18843360,94.9219,125.3906
18937580,95.3125,130.8594
19032268,95.2148,123.6328
19127432,94.9219,124.3164
19223072,95.7031,126.1719
19319188,97.7539,125.2930
19415784,101.8555,128.5156
19512864,96.0938,127.0508
19610432,96.8750,130.8594
19708488,97.7539,125.0977
19807032,96.6797,126.6602
19906068,94.9219,129.2969
20005600,98.0469,127.7344
20105628,98.9258,130.4688
20206160,97.8516,124.7070
20307192,97.1680,140.1367
20408728,102.6367,127.7344
20510772,95.7031,126.5625
20613328,96.2891,126.0742
20716396,94.4336,125.2930
20819980,95.6055,126.5625
20924080,94.9219,131.0547
21028704,94.1406,125.2930
21133848,100.0000,129.4922
21239520,94.5313,124.3164
21345720,95.9961,133.3984
21452452,97.5586,132.7148
21559716,95.6055,126.1719
21667516,103.4180,132.6172
21775856,97.4609,135.4492
21884736,98.3398,128.4180
21994160,99.5117,127.1484
22104132,97.6563,128.5156
22214656,97.1680,129.3945
22325732,97.9492,131.3477
22437364,95.2148,126.4648
22549552,96.7773,131.2500
22662300,98.5352,129.3945
22775612,94.2383,128.0273
22889492,98.1445,130.1758
23003940,98.3398,130.1758
23118960,97.1680,130.0781
23234556,97.0703,125.7813
23350732,165.5273,129.6875
23467488,106.1523,131.9336
23584828,100.1953,134.8633
23702756,101.1719,132.9102
23821272,98.9258,131.5430
23940380,97.5586,127.9297
24060084,186.0352,138.4766
24180388,103.2227,135.1563
24301292,102.8320,130.4688
24422800,104.4922,130.7617
24544916,102.2461,131.4453
24667644,100.1953,141.3086
24790984,115.3320,136.7188
24914940,111.3281,137.4023
25039516,108.8867,135.6445
25164716,107.6172,138.0859
25290540,122.0703,138.7695
25416996,109.7656,137.5977
25544084,108.8867,136.7188
25671808,105.4688,139.5508
25800168,105.1758,137.7930
25929172,113.8672,140.5273
26058820,107.4219,137.5000
26189116,107.7148,137.5000
26320064,106.7383,136.0352
26451668,108.6914,145.1172
26583928,114.5508,137.7930
26716848,117.3828,140.9180
26850436,106.9336,136.1328
26984692,107.5195,138.6719
27119616,107.7148,150.1953
27255216,115.3320,139.4531
27391496,161.0352,159.9609
27528456,142.9688,157.8125
27666100,133.6914,148.4375
27804432,134.8633,149.5117
27943456,120.1172,142.2852
28083176,119.2383,144.0430
28223592,114.3555,145.5078
28364712,117.9688,162.5000
28506536,135.1563,153.8086
28649072,146.6797,163.0859
28792320,147.5586,161.7188
28936284,136.2305,152.1484
29080968,130.0781,147.3633
29226376,125.0000,166.0156
29372508,131.5430,147.6563
29519372,128.6133,150.7813
29666972,122.3633,165.1367
29815308,149.0234,160.6445
29964388,140.6250,151.3672
30114212,125.1953,171.7773
30264784,138.2813,154.0039
30416108,131.1523,153.3203
30568192,118.5547,156.9336
30721036,144.0430,156.1523
30874644,134.4727,150.6836
31029020,128.3203,147.3633
31184168,178.0273,156.2500
31340092,132.4219,151.9531
31496796,128.4180,248.2422
31654280,163.7695,172.2656
31812552,151.1719,161.4258
31971616,185.4492,165.4297
32131476,139.6484,155.5664
32292136,132.8125,156.3477
32453600,143.4570,155.4688
32615868,130.6641,156.1523
32778948,131.8359,152.0508
32942844,150.2930,155.8594
33107560,134.1797,156.7383
33273100,132.6172,160.0586
33439468,170.4102,167.7734
33606668,140.8203,161.3281
33774704,136.7188,231.5430
33943580,347.5586,274.1211
34113300,211.5234,201.1719
34283868,289.3555,183.8867
34455288,286.1328,206.8359
34627568,225.6836,308.2031
34800708,212.7930,202.5391
34974712,195.2148,212.2070
35149588,206.0547,198.7305
35325336,241.4063,197.9492
35501964,177.3438,182.9102
35679476,262.1094,188.6719
35857876,178.3203,188.5742
36037168,199.4141,182.8125
36217356,164.3555,177.1484
36398444,164.0625,190.6250
36580440,173.5352,194.9219
36763344,195.8984,203.2227
36947164,196.4844,199.6094
37131900,432.8125,204.0039
37317560,222.3633,402.7344
37504148,197.7539,194.3359
37691672,189.0625,209.8633
37880132,187.4023,194.7266
38069536,289.4531,200.0977
38259884,179.8828,195.1172
38451184,202.9297,193.2617
38643440,185.3516,186.2305
38836660,192.0898,216.8945
39030844,191.3086,210.6445
39226000,186.1328,197.3633
39422132,174.5117,248.6328
39619244,181.2500,193.7500
39817344,349.8047,217.8711
40016432,189.6484,193.6523
40216516,224.9023,200.4883
40417600,183.3984,208.5938
40619688,191.0156,247.3633
40822788,184.7656,216.0156
41026904,208.7891,213.5742
41232040,261.5234,213.1836
41438204,191.3086,197.9492
41645396,191.7969,223.9258
41853624,201.4648,207.7148
42062896,236.2305,206.3477
42273212,198.7305,215.2344
42484580,192.1875,198.0469
42697004,177.2461,203.6133
42910492,193.8477,202.4414
43125048,191.9922,198.0469
43340676,186.0352,320.3125
43557380,204.7852,201.0742
43775168,204.8828,212.5000
43994044,203.0273,199.9023
44214016,194.1406,199.6094
44435088,187.3047,210.8398
44657264,193.1641,199.7070
44880552,248.1445,214.4531
45104956,189.2578,205.0781
45330484,266.4063,224.4141
45557140,266.3086,212.6953
45784928,202.6367,205.7617
46013856,201.9531,214.9414
46243928,187.6953,226.3672
46475148,199.6094,206.6406
46707524,210.1563,208.4961
46941064,194.9219,236.9141
47175772,212.8906,222.6563
47411652,240.8203,210.8398
47648712,211.2305,220.0195
47886956,202.9297,229.8828
48126392,208.1055,216.9922
48367024,246.7773,219.3359
48608860,272.8516,216.3086
48851908,241.4063,232.0313
49096168,210.3516,214.0625
49341652,245.1172,219.6289
49588364,214.9414,239.4531
49836308,231.4453,288.9648
50085492,228.2227,225.9766
50335920,232.4219,230.2734
50587600,219.8242,222.5586
50840540,218.5547,230.1758
51094744,220.9961,264.2578
51350220,215.5273,224.5117
51606972,246.7773,237.5977
51865008,331.4453,239.3555
52124336,211.7188,247.1680
52384960,223.7305,241.4063
52646888,231.9336,231.2500
52910124,226.1719,238.7695
53174676,286.2305,240.3320
53440552,229.3945,242.5781
53707756,298.8281,256.0547
53976296,250.5859,340.1367
54246180,226.2695,232.5195
54517412,238.9648,234.3750
54790000,281.8359,239.3555
55063952,280.6641,248.5352
55339272,230.0781,250.1953
55615972,235.6445,291.5039
55894052,338.2813,319.6289
56173524,241.1133,278.8086
56454392,233.2031,237.8906
56736664,235.2539,242.0898
57020348,226.0742,230.4688
57305452,279.2969,245.7031
57591980,350.1953,244.6289
57879940,239.1602,374.3164
58169340,258.8867,240.8203
58460188,404.5898,245.0195
58752492,246.8750,281.8359
59046256,245.7031,266.6992
59341488,243.3594,252.3438
59638196,249.5117,260.1563
59936388,242.4805,258.3984
60236072,242.9688,263.1836
60537256,250.0977,265.5273
60839944,257.3242,254.9805
61144144,258.5938,263.0859
61449868,302.3438,306.1523
61757120,472.1680,352.9297
62065908,278.4180,269.6289
62376240,268.1641,283.0078
62688124,273.7305,312.2070
63001568,280.8594,274.1211
63316576,279.7852,257.5195
63633160,265.3320,260.1563
63951328,300.1953,269.0430
64271088,273.1445,269.0430
64592444,272.6563,296.0938
64915408,273.9258,288.3789
65239988,262.6953,268.3594
65566188,268.1641,305.7617
65894020,315.0391,270.2148
66223492,270.7031,268.5547
66554612,269.9219,265.2344
66887388,275.5859,332.2266
