4,1.5625,1.7578
8,2.2461,4.4922
12,2.6367,5.4688
16,2.5391,6.8359
20,3.2227,6.5430
24,3.0273,7.4219
28,3.0273,7.7148
32,2.9297,8.8867
36,3.7109,7.7148
40,3.8086,8.3008
44,3.7109,8.8867
48,3.6133,8.8867
52,3.7109,8.7891
56,3.6133,9.2773
60,3.7109,8.6914
64,3.6133,10.4492
68,6.6406,11.5234
72,4.3945,12.1094
76,4.3945,11.1328
80,3.8086,9.6680
84,4.7852,10.5469
88,4.3945,10.9375
92,4.2969,10.3516
96,4.2969,10.7422
100,4.2969,10.5469
104,4.8828,10.2539
108,4.8828,11.3281
112,5.0781,10.7422
116,4.4922,10.9375
120,4.7852,13.1836
124,4.2969,11.0352
128,4.7852,13.2813
132,5.2734,12.3047
136,5.1758,12.6953
140,5.2734,12.5977
144,5.1758,12.2070
148,5.1758,12.3047
152,5.1758,11.7188
156,5.1758,12.6953
160,5.1758,11.7188
164,5.3711,12.4023
168,5.3711,12.8906
172,5.2734,12.2070
176,5.2734,12.1094
180,5.2734,12.3047
184,5.2734,12.3047
188,5.2734,12.8906
192,5.2734,11.9141
196,5.2734,12.4023
200,5.3711,12.6953
204,5.2734,12.5000
208,5.2734,13.4766
212,5.3711,13.0859
216,5.2734,12.7930
220,5.2734,12.5000
224,5.2734,13.5742
228,5.1758,13.1836
232,5.2734,12.5000
236,5.4688,13.1836
240,5.3711,12.9883
244,5.0781,13.5742
248,5.3711,13.5742
252,5.3711,14.0625
256,5.3711,15.0391
260,6.2500,13.9648
264,6.1523,13.4766
268,6.3477,13.7695
272,6.1523,14.0625
276,6.1523,14.2578
280,6.2500,13.4766
284,6.1523,14.1602
288,6.1523,14.4531
292,6.1523,13.8672
296,6.1523,14.1602
300,6.1523,13.1836
304,6.1523,13.5742
308,6.1523,14.0625
312,6.2500,13.0859
316,6.1523,13.4766
320,6.1523,13.2813
324,6.1523,13.8672
328,6.1523,13.9648
332,6.1523,14.4531
336,6.1523,14.1602
340,6.2500,13.0859
344,6.1523,14.7461
348,6.1523,13.2813
352,6.2500,13.9648
356,6.1523,14.6484
360,6.2500,15.3320
364,6.1523,13.6719
368,6.2500,13.7695
372,6.5430,14.0625
376,6.2500,13.2813
380,6.1523,15.6250
384,6.1523,13.1836
388,6.1523,14.0625
392,6.1523,13.8672
396,6.1523,14.3555
400,6.4453,14.7461
404,6.2500,13.3789
408,6.1523,14.3555
412,6.3477,14.4531
416,6.1523,14.1602
420,6.2500,14.4531
424,6.1523,15.4297
428,6.3477,14.2578
432,6.3477,14.5508
436,6.1523,15.3320
440,6.1523,14.7461
444,6.1523,14.1602
448,6.1523,14.7461
452,6.1523,14.5508
456,6.2500,15.1367
460,6.1523,14.6484
464,6.2500,15.0391
468,6.2500,16.9922
472,6.9336,15.4297
476,6.1523,15.3320
480,6.1523,14.7461
484,6.2500,14.5508
488,6.5430,14.3555
492,6.2500,14.5508
496,6.1523,15.7227
500,6.2500,15.7227
504,6.2500,15.5273
508,6.1523,14.9414
512,6.5430,16.6992
516,7.6172,16.5039
520,7.7148,16.8945
524,10.3516,16.7969
528,7.4219,15.8203
532,9.5703,17.3828
536,7.7148,16.2109
540,7.5195,15.4297
544,11.1328,28.9063
548,9.4727,19.1406
552,7.3242,16.0156
556,6.8359,16.8945
560,7.5195,16.5039
564,7.5195,15.7227
568,7.4219,16.6992
572,7.4219,16.5039
576,7.5195,16.6016
580,7.9102,15.8203
584,7.5195,15.7227
588,7.9102,14.8438
592,7.2266,15.1367
596,7.7148,14.7461
600,7.5195,16.1133
604,7.4219,16.8945
608,7.3242,16.4063
612,8.0078,14.8438
616,7.4219,15.1367
620,7.6172,15.8203
624,8.1055,16.5039
628,7.6172,16.7969
632,7.3242,17.2852
636,7.4219,15.3320
640,7.7148,17.2852
644,7.0313,15.8203
648,7.5195,16.6016
652,7.4219,15.2344
656,8.2031,16.7969
660,7.1289,16.4063
664,7.1289,16.1133
668,7.4219,15.6250
672,7.3242,15.1367
676,7.5195,16.6992
680,7.4219,16.4063
684,7.5195,16.7969
688,7.4219,17.3828
692,7.3242,16.0156
696,7.7148,16.5039
700,7.8125,16.6016
704,7.3242,15.4297
708,7.6172,15.4297
712,7.1289,15.6250
716,7.5195,15.9180
720,7.2266,15.5273
724,7.6172,16.0156
728,7.3242,15.6250
732,7.0313,16.8945
736,7.8125,16.7969
740,7.3242,15.3320
744,7.5195,16.8945
748,7.5195,15.8203
752,7.2266,15.5273
756,6.9336,15.3320
760,8.1055,16.4063
764,7.6172,16.7969
768,7.2266,16.4063
772,7.2266,17.2852
776,7.3242,16.7969
780,7.2266,16.5039
784,7.7148,16.8945
788,7.5195,15.7227
792,7.7148,16.1133
796,7.7148,15.5273
800,7.6172,16.1133
804,7.2266,15.9180
812,7.8125,15.6250
820,7.4219,17.1875
828,7.3242,16.5039
836,7.2266,16.6992
844,7.4219,16.9922
852,7.4219,17.0898
860,7.5195,17.6758
868,7.9102,17.2852
876,7.8125,16.1133
884,7.2266,16.8945
892,7.2266,16.9922
900,7.4219,16.8945
908,6.9336,16.0156
916,6.8359,16.2109
924,6.9336,17.3828
932,7.2266,17.2852
940,7.4219,17.1875
948,7.3242,16.4063
956,7.5195,16.6992
964,6.9336,17.3828
972,6.9336,16.5039
980,7.9102,17.3828
988,8.2031,16.9922
996,7.4219,16.8945
1004,7.7148,16.9922
1012,7.4219,17.8711
1020,7.4219,17.3828
1028,8.8867,17.1875
1036,9.2773,18.1641
1044,8.4961,18.8477
1052,9.1797,17.9688
1060,9.0820,17.4805
1068,8.9844,17.0898
1076,8.7891,17.8711
1084,9.0820,18.9453
1092,9.1797,17.3828
1100,8.9844,16.7969
1108,8.7891,16.8945
1116,8.3984,17.0898
1124,8.6914,18.1641
1132,8.9844,17.7734
1140,8.7891,17.5781
1148,9.2773,19.6289
1156,8.9844,17.6758
1164,8.8867,18.2617
1172,9.0820,16.8945
1180,9.1797,17.7734
1188,8.9844,17.3828
1196,8.8867,17.5781
1204,9.0820,17.5781
1212,9.0820,18.4570
1220,8.9844,17.2852
1228,8.3008,17.6758
1236,9.0820,20.3125
1244,12.1094,19.7266
1252,8.9844,18.0664
1260,9.4727,18.5547
1268,8.6914,17.1875
1276,8.9844,17.7734
1284,8.7891,19.2383
1292,8.3984,16.7969
1300,8.6914,18.2617
1308,11.8164,18.8477
1316,8.8867,16.9922
1324,8.8867,18.3594
1332,10.2539,16.6992
1340,8.4961,17.7734
1348,12.1094,19.0430
1356,8.4961,17.2852
1364,8.8867,17.7734
1372,8.9844,17.2852
1380,8.6914,18.0664
1388,8.9844,18.0664
1396,8.7891,18.3594
1404,8.6914,18.3594
1412,8.5938,17.7734
1420,9.1797,20.6055
1428,9.1797,18.4570
1436,8.8867,17.5781
1444,8.8867,16.1133
1452,9.0820,17.7734
1460,8.7891,17.9688
1468,8.7891,17.7734
1476,8.8867,18.4570
1484,9.0820,18.0664
1492,8.8867,17.6758
1500,9.0820,17.8711
1508,8.4961,17.6758
1516,8.6914,17.9688
1524,8.3984,18.3594
1532,8.4961,17.1875
1540,9.1797,17.6758
1548,8.6914,18.3594
1556,8.5938,18.8477
1564,8.8867,18.1641
1572,8.5938,17.9688
1580,8.4961,17.8711
1588,9.4727,17.8711
1596,8.4961,18.3594
1604,8.8867,17.7734
1616,8.7891,18.0664
1628,9.4727,17.9688
1640,8.8867,18.3594
1652,8.7891,17.6758
1664,8.8867,18.3594
1676,8.8867,18.2617
1688,8.8867,18.1641
1700,8.5938,18.7500
1712,8.8867,18.1641
1724,9.1797,18.3594
1736,8.9844,19.7266
1748,8.4961,19.9219
1760,8.6914,18.1641
1772,8.6914,17.7734
1784,8.8867,18.2617
1796,8.6914,19.2383
1808,8.5938,20.1172
1820,8.6914,18.1641
1832,8.7891,18.4570
1844,8.7891,18.7500
1856,8.3984,18.6523
1868,8.9844,18.5547
1880,8.9844,18.5547
1892,8.4961,18.8477
1904,9.1797,17.9688
1916,8.4961,19.0430
1928,8.8867,18.9453
1940,8.8867,19.5313
1952,8.8867,21.0938
1964,8.7891,19.4336
1976,8.7891,18.7500
1988,9.0820,18.9453
2000,8.6914,17.7734
2012,9.0820,18.3594
2024,8.4961,19.0430
2036,9.0820,18.7500
2048,9.0820,21.2891
2060,10.8398,20.0195
2072,10.8398,20.8984
2084,10.7422,20.8008
2096,10.3516,19.3359
2108,11.3281,19.6289
2120,9.9609,20.3125
2132,10.3516,19.6289
2144,10.4492,19.9219
2156,12.1094,20.3125
2168,10.9375,19.1406
2180,11.4258,21.4844
2192,10.7422,19.9219
2204,10.2539,20.6055
2216,9.7656,19.2383
2228,11.0352,20.3125
2240,10.2539,19.1406
2252,10.5469,18.8477
2264,10.0586,19.9219
2276,9.8633,18.6523
2288,10.7422,20.2148
2300,10.1563,19.8242
2312,11.1328,19.3359
2324,10.5469,19.5313
2336,11.0352,19.2383
2348,11.0352,24.7070
2360,9.7656,18.6523
2372,10.0586,19.6289
2384,10.1563,19.7266
2396,11.0352,20.9961
2408,10.4492,20.1172
2424,10.1563,20.0195
2440,9.7656,19.7266
2456,10.8398,19.6289
2472,10.3516,21.2891
2488,13.4766,19.5313
2504,11.1328,20.8008
2520,9.5703,19.0430
2536,10.0586,19.9219
2552,10.8398,20.1172
2568,10.4492,22.9492
2584,12.9883,19.9219
2600,10.2539,19.3359
2616,10.6445,20.1172
2632,10.5469,20.6055
2648,10.9375,20.1172
2664,9.9609,19.9219
2680,10.9375,20.9961
2696,9.6680,19.6289
2712,9.6680,19.4336
2728,10.9375,20.2148
2744,9.6680,19.3359
2760,10.3516,20.4102
2776,9.8633,19.7266
2792,11.5234,20.1172
2808,9.5703,18.8477
2824,10.9375,20.8008
2840,10.7422,20.4102
2856,10.4492,20.8984
2872,11.1328,20.5078
2888,9.9609,19.8242
2904,10.1563,20.4102
2920,11.0352,20.8008
2936,10.8398,20.5078
2952,10.3516,18.9453
2968,10.9375,19.4336
2984,11.4258,20.7031
3000,10.5469,19.5313
3016,11.1328,20.7031
3032,10.8398,19.2383
3048,10.5469,19.9219
3064,10.7422,20.2148
3080,9.5703,19.6289
3096,10.3516,23.5352
3112,10.6445,21.3867
3128,10.6445,19.3359
3144,11.1328,20.0195
3160,10.4492,19.8242
3176,10.3516,20.3125
3192,10.6445,19.7266
3208,10.4492,20.9961
3228,10.6445,19.3359
3248,10.2539,19.0430
3268,10.6445,19.9219
3288,10.6445,21.5820
3308,10.5469,20.3125
3328,10.9375,19.9219
3348,10.6445,19.0430
3368,10.3516,20.7031
3388,10.9375,20.5078
3408,10.4492,20.6055
3428,9.7656,21.8750
3448,10.1563,20.5078
3468,10.2539,21.2891
3488,10.6445,20.8008
3508,10.5469,19.2383
3528,10.9375,20.5078
3548,10.3516,21.0938
3568,10.2539,21.3867
3588,10.5469,20.4102
3608,10.5469,21.9727
3628,10.0586,19.2383
3648,11.2305,21.4844
3668,9.8633,19.9219
3688,10.5469,20.1172
3708,10.3516,21.0938
3728,10.4492,20.0195
3748,10.2539,20.8008
3768,10.3516,21.4844
3788,10.6445,21.2891
3808,10.3516,19.3359
3828,10.2539,20.2148
3848,10.9375,20.6055
3868,10.5469,21.8750
3888,11.0352,22.5586
3908,10.4492,19.7266
3928,10.6445,21.2891
3948,9.9609,20.6055
3968,10.8398,20.8984
3988,9.7656,21.1914
4008,10.8398,21.8750
4032,10.1563,20.8984
4056,9.9609,20.3125
4080,10.4492,21.2891
4104,12.4023,22.3633
4128,11.7188,21.8750
4152,11.5234,22.0703
4176,12.3047,23.3398
4200,12.3047,22.5586
4224,12.6953,22.8516
4248,12.3047,22.7539
4272,12.0117,21.9727
4296,11.7188,21.6797
4320,12.2070,20.6055
4344,12.0117,20.8984
4368,12.5000,21.0938
4392,15.0391,21.8750
4416,12.0117,20.8984
4440,12.4023,20.2148
4464,12.2070,21.1914
4488,12.5000,21.8750
4512,12.5977,22.0703
4536,12.5000,22.1680
4560,12.3047,20.9961
4584,15.6250,23.3398
4608,11.9141,20.6055
4632,12.5000,21.7773
4656,12.2070,21.5820
4680,11.9141,20.5078
4704,11.9141,20.8984
4728,12.4023,21.7773
4752,13.8672,23.2422
4776,12.0117,21.9727
4800,12.7930,22.2656
4824,12.4023,22.4609
4852,11.4258,19.9219
4880,12.3047,23.0469
4908,11.7188,21.0938
4936,12.4023,21.8750
4964,12.1094,21.3867
4992,12.0117,21.1914
5020,11.7188,21.4844
5048,12.4023,21.9727
5076,12.3047,21.7773
5104,12.2070,20.9961
5132,12.2070,22.0703
5160,11.9141,22.5586
5188,11.9141,20.3125
5216,12.7930,21.8750
5244,11.8164,22.7539
5272,12.1094,22.1680
5300,12.6953,22.8516
5328,12.5000,21.5820
5356,12.7930,21.9727
5384,12.3047,22.8516
5412,12.6953,22.9492
5440,12.3047,22.9492
5468,12.2070,21.1914
5496,12.0117,21.3867
5524,12.4023,21.1914
5552,12.0117,21.2891
5580,11.9141,25.1953
5608,12.1094,21.1914
5640,11.8164,20.7031
5672,12.5000,21.7773
5704,11.9141,21.7773
5736,12.0117,21.6797
5768,12.6953,21.8750
5800,12.5000,21.5820
5832,12.0117,20.8984
5864,12.3047,20.8984
5896,11.7188,21.6797
5928,12.4023,23.1445
5960,12.5000,22.5586
5992,12.0117,22.2656
6024,12.5977,23.0469
6056,12.3047,21.8750
6088,12.6953,22.5586
6120,11.2305,22.1680
6152,11.7188,22.5586
6184,11.7188,22.4609
6216,12.5000,22.3633
6248,12.5000,22.3633
6280,12.5000,22.4609
6312,12.5000,22.5586
6344,11.6211,22.1680
6376,12.5000,22.6563
6408,11.7188,21.8750
6444,12.0117,22.5586
6480,11.9141,22.2656
6516,11.7188,22.2656
6552,12.5977,22.5586
6588,12.4023,22.9492
6624,11.7188,22.1680
6660,11.7188,22.6563
6696,12.2070,22.8516
6732,12.2070,22.2656
6768,12.8906,22.5586
6804,11.9141,22.2656
6840,12.0117,22.6563
6876,12.1094,21.1914
6912,11.8164,23.2422
6948,12.5977,22.8516
6984,12.4023,22.0703
7020,12.5000,22.8516
7056,12.2070,21.7773
7092,12.5977,22.5586
7128,12.2070,21.4844
7164,11.6211,23.7305
7200,11.8164,21.9727
7236,12.0117,21.4844
7276,11.9141,22.3633
7316,12.0117,21.8750
7356,12.1094,22.8516
7396,12.5000,23.4375
7436,12.5000,23.0469
7476,12.5000,22.5586
7516,12.4023,23.2422
7556,12.2070,22.1680
7596,12.5977,23.2422
7636,11.3281,22.3633
7676,12.2070,22.3633
7716,12.0117,23.7305
7756,12.0117,23.2422
7796,11.8164,21.7773
7836,12.3047,22.0703
7876,11.8164,23.0469
7916,12.3047,23.9258
7956,12.3047,23.2422
7996,15.5273,22.5586
8036,12.4023,22.9492
8080,11.8164,22.9492
8124,12.3047,23.4375
8168,12.5977,23.8281
8212,14.2578,24.7070
8256,13.5742,25.0977
8300,12.9883,28.2227
8344,13.0859,22.4609
8388,13.9648,23.6328
8432,14.1602,24.5117
8476,13.7695,24.3164
8520,14.2578,24.4141
8564,13.6719,22.1680
8608,13.5742,22.0703
8652,13.4766,22.5586
8696,13.9648,23.1445
8740,13.7695,23.2422
8784,13.0859,23.1445
8828,13.2813,22.3633
8876,13.1836,21.9727
8924,13.6719,22.3633
8972,14.0625,22.8516
9020,13.4766,22.2656
9068,14.0625,22.7539
9116,13.4766,21.8750
9164,14.3555,24.8047
9212,14.0625,23.9258
9260,14.2578,22.2656
9308,13.7695,23.5352
9356,13.6719,23.1445
9404,14.0625,23.6328
9452,13.2813,22.9492
9500,13.6719,23.2422
9548,13.4766,22.8516
9596,13.8672,23.0469
9644,13.7695,25.3906
9696,13.8672,24.1211
9748,14.3555,23.8281
9800,13.3789,23.8281
9852,13.4766,22.6563
9904,13.1836,22.5586
9956,13.9648,22.5586
10008,13.6719,23.0469
10060,13.8672,22.2656
10112,13.7695,22.9492
10164,14.3555,24.5117
10216,13.2813,23.1445
10268,12.7930,23.0469
10320,13.8672,22.5586
10372,13.3789,22.8516
10424,12.9883,23.3398
10480,13.0859,21.7773
10536,13.6719,23.9258
10592,13.8672,23.9258
10648,13.7695,23.4375
10704,13.4766,22.0703
10760,14.6484,24.6094
10816,14.0625,25.1953
10872,13.8672,24.2188
10928,13.5742,23.0469
10984,13.8672,24.0234
11040,13.9648,22.8516
11096,13.3789,21.6797
11152,13.4766,23.2422
11208,15.6250,23.0469
11268,13.5742,24.8047
11328,13.5742,22.4609
11388,13.2813,21.9727
11448,13.5742,22.8516
11508,13.2813,22.4609
11568,13.2813,23.7305
11628,13.6719,23.0469
11688,13.4766,21.5820
11748,13.1836,22.9492
11808,13.8672,22.9492
11868,13.8672,24.0234
11928,12.9883,21.9727
11988,14.0625,24.6094
12048,13.9648,22.6563
12112,14.2578,24.0234
12176,13.5742,23.7305
12240,13.7695,22.8516
12304,13.2813,23.3398
12368,12.9883,23.0469
12432,13.9648,24.4141
12496,13.1836,24.0234
12560,13.6719,23.4375
12624,13.8672,23.8281
12688,13.3789,24.1211
12752,13.3789,24.4141
12816,13.5742,22.9492
12884,13.4766,22.8516
12952,13.0859,22.5586
13020,13.7695,23.3398
13088,14.1602,26.1719
13156,13.5742,23.5352
13224,14.0625,24.1211
13292,13.4766,23.2422
13360,13.8672,27.4414
13428,14.3555,23.4375
13496,14.0625,23.7305
13564,13.8672,24.2188
13632,13.0859,23.9258
13704,13.0859,21.8750
13776,13.2813,23.9258
13848,13.7695,24.5117
13920,14.1602,24.4141
13992,13.6719,24.0234
14064,13.1836,23.5352
14136,14.0625,23.5352
14208,13.7695,21.6797
14280,13.5742,22.8516
14352,14.3555,24.1211
14424,13.9648,23.5352
14500,13.6719,23.8281
14576,15.5273,24.6094
14652,13.9648,22.9492
14728,13.4766,24.3164
14804,13.2813,23.8281
14880,14.5508,24.7070
14956,12.9883,22.6563
15032,16.1133,23.1445
15108,13.3789,23.4375
15184,13.7695,22.8516
15260,13.7695,24.7070
15340,14.2578,25.0000
15420,14.3555,24.1211
15500,13.8672,24.6094
15580,12.9883,23.5352
15660,14.2578,23.1445
15740,13.6719,24.1211
15820,12.9883,23.9258
15900,13.4766,23.0469
15980,14.0625,24.4141
16060,13.6719,23.0469
16144,13.9648,25.0000
16228,13.7695,24.5117
16312,14.2578,23.9258
16396,15.9180,25.4883
16480,15.9180,25.4883
16564,15.1367,23.9258
16648,15.6250,24.5117
16732,14.9414,24.9023
16816,14.8438,23.8281
16904,15.9180,24.4141
16992,15.6250,25.1953
17080,15.0391,24.5117
17168,15.3320,23.8281
17256,15.4297,24.2188
17344,17.5781,24.2188
17432,15.4297,24.1211
17520,15.7227,25.3906
17608,15.3320,23.8281
17700,15.6250,25.0000
17792,14.5508,23.7305
17884,15.7227,24.4141
17976,15.4297,24.1211
18068,15.5273,22.7539
18160,14.7461,23.4375
18252,15.7227,24.2188
18344,15.4297,23.0469
18436,15.7227,25.0000
18532,15.8203,24.6094
18628,14.7461,24.6094
18724,15.2344,25.8789
18820,15.6250,25.3906
18916,14.9414,24.4141
19012,15.0391,24.6094
19108,15.2344,23.9258
19204,15.4297,23.7305
19304,14.9414,24.0234
19404,14.9414,24.3164
19504,15.2344,24.0234
19604,15.0391,23.2422
19704,15.2344,24.6094
19804,15.4297,24.6094
19904,15.1367,26.3672
20004,15.8203,25.6836
20108,15.0391,25.1953
20212,14.2578,23.7305
20316,15.1367,25.4883
20420,15.2344,24.7070
20524,14.9414,26.0742
20628,15.3320,23.9258
20732,14.4531,24.4141
20836,15.1367,24.4141
20944,15.3320,26.0742
21052,15.3320,23.9258
21160,15.1367,24.4141
21268,15.6250,25.0000
21376,15.4297,25.4883
21484,15.1367,24.7070
21592,16.1133,25.9766
21700,15.3320,25.0000
21812,15.1367,25.2930
21924,20.5078,24.9023
22036,15.2344,24.8047
22148,15.8203,24.5117
22260,14.7461,24.9023
22372,15.6250,28.7109
22484,14.7461,25.2930
22600,15.5273,27.1484
22716,15.4297,24.6094
22832,18.7500,30.5664
22948,14.7461,23.2422
23064,15.0391,24.1211
23180,15.3320,24.7070
23296,15.3320,26.0742
23416,15.0391,25.7813
23536,15.7227,24.9023
23656,15.0391,24.0234
23776,15.8203,24.9023
23896,14.8438,23.8281
24016,15.0391,24.7070
24140,14.8438,23.6328
24264,16.6016,25.7813
24388,15.1367,25.5859
24512,15.1367,25.0977
24636,14.8438,24.5117
24760,15.3320,26.4648
24884,15.5273,25.6836
25012,15.9180,25.2930
25140,15.4297,24.6094
25268,15.9180,25.6836
25396,14.2578,23.8281
25524,15.0391,24.7070
25652,16.2109,25.5859
25784,15.5273,25.4883
25916,15.7227,25.1953
26048,15.6250,25.6836
26180,15.5273,25.5859
26312,15.7227,25.4883
26444,15.4297,25.6836
26580,15.6250,24.0234
26716,16.1133,26.2695
26852,15.6250,24.4141
26988,15.0391,25.3906
27124,15.7227,25.9766
27260,15.4297,24.7070
27400,15.4297,25.9766
27540,15.2344,24.1211
27680,15.7227,25.4883
27820,15.8203,25.5859
27960,15.5273,28.1250
28100,15.4297,24.9023
28244,15.1367,23.8281
28388,15.3320,25.3906
28532,14.3555,25.6836
28676,16.0156,25.7813
28820,14.6484,24.4141
28968,14.8438,24.8047
29116,15.4297,25.0000
29264,16.2109,26.8555
29412,15.3320,25.5859
29560,15.1367,24.3164
29708,15.4297,25.1953
29860,15.6250,25.9766
30012,17.4805,23.5352
30164,15.4297,25.2930
30316,15.1367,25.0000
30468,15.3320,27.0508
30624,15.4297,26.7578
30780,15.7227,26.1719
30936,15.5273,26.2695
31092,15.1367,24.2188
31248,15.4297,25.0977
31408,15.0391,25.7813
31568,15.0391,25.5859
31728,15.1367,25.6836
31888,15.9180,25.8789
32048,15.1367,28.2227
32212,16.0156,27.0508
32376,15.6250,26.0742
32540,15.5273,25.9766
32704,15.4297,26.1719
32868,18.5547,26.6602
33036,18.4570,28.6133
33204,16.7969,26.8555
33372,17.6758,25.7813
33540,16.6016,25.7813
33708,17.7734,26.0742
33880,17.5781,26.8555
34052,16.6992,26.8555
34224,16.6992,34.6680
34396,17.6758,26.9531
34568,16.4063,26.1719
34744,17.7734,30.4688
34920,19.9219,26.9531
35096,17.1875,26.9531
35272,16.9922,24.8047
35452,17.1875,26.3672
35632,17.3828,27.1484
35812,17.3828,26.7578
35992,17.0898,26.0742
36172,17.3828,27.6367
36356,16.6016,25.9766
36540,17.3828,26.1719
36724,17.1875,26.1719
36908,17.2852,28.0273
37096,17.3828,26.2695
37284,17.1875,26.6602
37472,16.5039,26.7578
37660,16.6016,24.9023
37852,17.2852,26.5625
38044,17.1875,26.7578
38236,17.4805,27.3438
38428,17.0898,26.2695
38624,17.3828,27.8320
38820,17.5781,26.9531
39016,16.5039,25.6836
39212,17.0898,25.8789
39412,17.8711,27.3438
39612,16.1133,24.4141
39812,18.3594,27.9297
40012,17.4805,29.1992
40216,17.4805,26.3672
40420,16.8945,25.4883
40624,17.5781,26.4648
40828,17.2852,25.9766
41036,16.3086,25.9766
41244,16.5039,26.6602
41452,17.4805,27.6367
41660,16.6992,25.5859
41872,17.4805,26.3672
42084,17.7734,27.0508
42296,17.1875,26.6602
42508,17.0898,25.3906
42724,17.1875,26.0742
42940,16.8945,26.3672
43156,17.1875,28.3203
43372,16.6992,26.3672
43592,17.3828,26.6602
43812,17.4805,26.4648
44032,17.6758,28.0273
44256,17.3828,30.2734
44480,16.6016,28.6133
44704,17.2852,28.9063
44928,16.8945,27.5391
45156,16.8945,27.0508
45384,17.5781,27.5391
45612,16.9922,27.1484
45844,17.3828,26.9531
46076,17.5781,26.7578
46308,16.9922,27.9297
46540,17.0898,27.1484
46776,16.9922,28.3203
47012,17.2852,27.6367
47248,17.5781,29.1016
47488,17.5781,28.1250
47728,17.5781,27.9297
47968,17.3828,26.4648
48208,16.6992,25.1953
48452,17.1875,29.0039
48696,16.4063,26.5625
48940,16.6992,27.2461
49188,17.0898,26.3672
49436,17.0898,26.5625
49684,17.0898,27.9297
49936,17.4805,27.5391
50188,17.0898,27.1484
50440,17.3828,26.6602
50696,17.4805,26.9531
50952,17.1875,27.5391
51208,16.8945,26.0742
51468,16.9922,26.0742
51728,17.1875,26.7578
51988,18.2617,27.6367
52248,17.5781,27.8320
52512,17.1875,29.2969
52776,16.8945,27.2461
53040,17.5781,28.3203
53308,17.3828,27.7344
53576,17.2852,28.2227
53844,16.9922,27.8320
54116,16.6992,27.0508
54388,22.3633,28.0273
54660,17.6758,26.1719
54936,18.1641,28.6133
55212,16.8945,26.7578
55492,17.1875,27.2461
55772,17.6758,27.6367
56052,17.4805,26.7578
56336,17.7734,29.5898
56620,16.0156,26.9531
56904,17.9688,28.9063
57192,17.1875,26.9531
57480,17.8711,29.9805
57768,17.2852,27.0508
58060,18.2617,29.1016
58352,17.7734,27.1484
58644,16.6992,27.5391
58940,17.4805,27.3438
59236,16.5039,27.0508
59536,17.3828,27.4414
59836,17.3828,27.2461
60136,18.0664,28.2227
60440,17.1875,25.8789
60744,17.5781,29.2969
61048,17.8711,28.1250
61356,16.8945,27.8320
61664,17.6758,28.6133
61976,18.1641,28.8086
62288,17.6758,29.0039
62600,16.5039,25.7813
62916,18.1641,28.1250
63232,16.6992,28.8086
63552,17.3828,27.3438
63872,17.2852,27.9297
64192,18.1641,29.2969
64516,17.2852,33.2031
64840,17.4805,28.1250
65168,17.4805,29.2969
65496,19.0430,28.9063
65824,19.9219,29.9805
66156,19.0430,29.6875
66488,19.2383,30.1758
66824,20.4102,30.4688
67160,18.8477,29.7852
67496,19.8242,31.3477
67836,18.8477,29.3945
68176,19.6289,32.8125
68520,21.4844,31.6406
68864,19.7266,30.6641
69212,18.6523,29.2969
69560,19.3359,29.9805
69908,19.8242,30.6641
70260,19.9219,31.0547
70612,19.1406,30.7617
70968,19.3359,29.7852
71324,19.4336,30.7617
71684,19.5313,29.9805
72044,19.8242,30.2734
72408,19.0430,30.2734
72772,19.4336,29.9805
73136,19.2383,29.5898
73504,19.3359,29.6875
73872,19.1406,29.6875
74244,20.0195,30.0781
74616,18.8477,30.1758
74992,19.6289,31.4453
75368,19.8242,31.4453
75748,19.0430,30.9570
76128,19.4336,31.4453
76512,19.1406,31.1523
76896,18.9453,29.2969
77284,18.3594,28.9063
77672,20.5078,32.0313
78064,17.9688,29.1016
78456,19.6289,31.4453
78852,19.6289,33.0078
79248,19.9219,31.7383
79648,19.0430,30.4688
80048,18.6523,29.6875
80452,18.2617,29.8828
80856,19.0430,29.6875
81264,19.3359,30.7617
81672,18.8477,33.0078
82084,19.5313,29.4922
82496,24.4141,31.8359
82912,19.7266,30.6641
83328,19.2383,30.1758
83748,19.4336,30.2734
84168,19.3359,30.5664
84592,19.5313,29.7852
85016,19.4336,31.2500
85444,20.0195,31.9336
85872,19.4336,31.5430
86304,19.3359,30.9570
86736,31.7383,31.0547
87172,19.6289,31.4453
87608,19.6289,30.1758
88048,19.6289,31.3477
88492,19.1406,31.0547
88936,19.1406,29.5898
89384,18.9453,29.9805
89832,19.6289,31.3477
90284,19.0430,31.4453
90736,19.6289,32.1289
91192,19.8242,29.7852
91648,19.6289,38.4766
92108,18.8477,29.5898
92572,18.7500,29.3945
93036,19.2383,31.2500
93504,19.5313,30.5664
93972,19.3359,31.0547
94444,20.1172,33.0078
94920,19.1406,30.5664
95396,19.5313,29.6875
95876,19.8242,30.7617
96356,19.9219,30.6641
96840,19.1406,32.7148
97328,19.0430,31.8359
97816,19.1406,30.4688
98308,18.7500,31.3477
98800,18.3594,29.7852
99296,18.9453,29.9805
99796,20.2148,32.9102
100296,20.6055,33.4961
100800,18.4570,29.1016
101304,19.7266,30.9570
101812,19.4336,31.2500
102324,19.3359,30.3711
102836,22.2656,32.6172
103352,19.7266,31.1523
103872,19.7266,31.5430
104392,19.0430,31.1523
104916,19.5313,31.3477
105444,20.0195,32.2266
105972,19.4336,32.5195
106504,19.9219,32.5195
107040,19.1406,31.2500
107576,21.0938,34.7656
108116,19.6289,32.6172
108660,20.1172,33.9844
109204,20.6055,32.9102
109752,18.9453,31.8359
110304,19.6289,31.9336
110856,20.4102,33.7891
111412,19.5313,31.8359
111972,19.5313,30.7617
112532,20.0195,32.8125
113096,18.6523,30.2734
113664,18.9453,32.0313
114236,19.3359,31.6406
114808,19.1406,31.6406
115384,20.1172,32.4219
115964,19.4336,31.4453
116544,19.4336,30.8594
117128,18.7500,29.2969
117716,19.3359,31.4453
118308,19.0430,30.7617
118900,19.9219,32.9102
119496,19.1406,32.2266
120096,19.6289,30.9570
120700,19.9219,31.0547
121304,20.4102,32.2266
121912,21.4844,32.2266
122524,25.9766,32.5195
123140,19.9219,32.5195
123756,20.2148,33.9844
124376,20.5078,33.2031
125000,19.0430,32.7148
125628,20.1172,32.2266
126260,19.4336,31.3477
126892,19.4336,31.3477
127528,19.7266,31.8359
128168,19.5313,31.2500
128812,19.9219,33.3984
129460,19.8242,34.6680
130108,18.6523,32.0313
130760,19.7266,31.8359
131416,22.1680,32.9102
132076,22.1680,32.8125
132740,20.9961,31.8359
133404,21.0938,30.8594
134072,21.2891,33.1055
134744,20.6055,30.7617
135420,21.9727,33.2031
136100,23.0469,33.1055
136784,21.8750,32.8125
137468,22.3633,32.0313
138156,21.1914,33.5938
138848,21.5820,32.8125
139544,22.1680,34.1797
140244,22.1680,32.7148
140948,20.8984,30.9570
141656,21.3867,32.8125
142368,21.4844,31.6406
143080,21.7773,32.5195
143796,22.0703,32.3242
144516,22.3633,33.3008
145240,21.7773,32.7148
145968,21.5820,33.0078
146700,20.8008,31.0547
147436,21.3867,32.9102
148176,20.9961,33.1055
148920,21.7773,32.9102
149668,21.2891,32.4219
150420,22.0703,33.2031
151176,21.5820,32.4219
151932,21.0938,32.4219
152692,21.3867,32.5195
153456,22.0703,33.4961
154224,22.3633,33.6914
154996,20.3125,31.0547
155772,22.2656,33.3984
156552,21.0938,32.5195
157336,22.4609,33.7891
158124,20.7031,31.6406
158916,20.8008,32.3242
159712,21.1914,34.0820
160512,21.4844,33.1055
161316,22.2656,33.5938
162124,21.9727,33.9844
162936,20.9961,31.4453
163752,21.2891,33.8867
164572,22.5586,34.2773
165396,22.2656,33.7891
166224,21.8750,33.9844
167056,21.4844,33.7891
167892,20.8984,33.6914
168732,23.9258,33.5938
169576,21.6797,32.6172
170424,21.1914,33.9844
171280,20.5078,31.1523
172140,22.0703,32.7148
173004,20.8984,32.9102
173872,21.9727,33.9844
174744,23.4375,33.0078
175620,20.5078,32.5195
176500,21.7773,33.0078
177384,20.8984,31.4453
178272,30.7617,35.8398
179164,21.4844,31.9336
180060,21.6797,34.7656
180964,21.4844,34.6680
181872,21.2891,32.9102
182784,25.0977,34.1797
183700,21.2891,31.8359
184620,27.7344,34.0820
185544,21.4844,33.3984
186472,21.6797,32.3242
187408,23.2422,34.0820
188348,22.3633,34.0820
189292,21.0938,31.8359
190240,21.7773,33.4961
191192,21.2891,33.1055
192148,20.7031,33.0078
193112,22.1680,32.6172
194080,21.2891,32.6172
195052,21.5820,32.9102
196028,20.7031,31.2500
197012,20.9961,32.5195
198000,21.8750,34.5703
198992,20.6055,31.3477
199988,21.1914,32.4219
200988,21.7773,33.1055
201996,21.8750,33.7891
203008,20.8008,32.6172
204024,21.7773,33.6914
205048,22.0703,34.2773
206076,22.3633,34.9609
207108,21.1914,32.8125
208144,22.3633,38.4766
209188,21.4844,34.0820
210236,21.3867,32.4219
211288,21.0938,32.0313
212348,21.3867,32.4219
213412,21.4844,34.4727
214480,21.3867,33.6914
215556,22.1680,32.7148
216636,21.5820,33.4961
217720,20.6055,32.5195
218812,24.0234,33.1055
219908,22.0703,33.7891
221008,22.1680,33.9844
222116,21.9727,33.3984
223228,23.4375,36.3281
224348,21.4844,33.3984
225472,22.2656,33.5938
226600,22.0703,34.0820
227736,22.3633,35.3516
228876,21.6797,33.0078
230024,23.2422,37.5977
231176,21.3867,33.8867
232332,21.6797,33.7891
233496,21.0938,32.7148
234664,21.4844,33.1055
235840,21.4844,33.6914
237020,28.1250,36.4258
238208,22.9492,34.6680
239400,21.7773,33.6914
240600,22.0703,34.0820
241804,22.1680,33.5938
243016,22.5586,34.1797
244232,21.3867,33.3008
245456,21.4844,33.3984
246684,22.8516,35.6445
247920,21.2891,33.2031
249160,21.7773,32.7148
250408,22.7539,34.4727
251664,23.1445,34.9609
252924,22.7539,35.0586
254192,22.9492,38.0859
255464,23.7305,36.0352
256744,22.6563,34.8633
258028,22.5586,35.0586
259320,22.3633,33.5938
260620,22.3633,35.0586
261924,23.5352,36.3281
263236,26.4648,35.7422
264556,25.0977,36.3281
265880,24.1211,33.6914
267212,25.2930,36.6211
268552,26.2695,36.7188
269896,24.1211,34.5703
271248,24.2188,33.2031
272608,24.5117,35.0586
273972,25.0000,34.1797
275344,24.7070,34.6680
276724,24.4141,34.4727
278108,24.4141,33.3984
279500,23.9258,34.0820
280900,23.7305,37.9883
282308,25.4883,36.3281
283720,25.7813,37.5977
285140,23.6328,33.5938
286568,24.5117,36.2305
288004,25.0000,35.1563
289448,24.3164,35.8398
290896,24.1211,34.9609
292352,25.0977,35.4492
293816,24.7070,34.4727
295288,24.5117,35.0586
296768,24.5117,35.1563
298252,24.3164,35.3516
299744,24.9023,36.3281
301244,24.8047,35.4492
302752,25.2930,36.2305
304268,25.7813,38.3789
305792,25.9766,36.7188
307324,24.7070,36.3281
308864,24.2188,35.5469
310412,25.2930,34.8633
311968,24.2188,35.0586
313528,24.9023,36.2305
315096,25.4883,36.3281
316672,22.9492,33.7891
318256,25.1953,36.6211
319848,25.0977,36.6211
321448,24.5117,35.5469
323056,24.3164,35.6445
324672,24.1211,40.5273
326296,25.0000,35.2539
327928,24.2188,35.7422
329568,23.6328,34.7656
331216,23.8281,33.5938
332876,24.4141,35.5469
334544,24.7070,34.5703
336220,24.5117,36.3281
337904,24.7070,34.8633
339596,24.2188,36.5234
341296,27.7344,35.7422
343004,24.4141,35.1563
344720,24.7070,36.9141
346444,24.7070,35.3516
348180,24.3164,36.5234
349924,24.7070,34.7656
351676,24.2188,34.6680
353436,24.8047,35.3516
355204,25.0977,39.6484
356984,25.8789,38.6719
358772,24.7070,33.8867
360568,24.8047,35.8398
362372,24.1211,35.8398
364184,24.0234,34.9609
366008,24.2188,35.1563
367840,24.7070,35.7422
369680,24.9023,36.6211
371532,25.5859,35.7422
373392,24.1211,36.0352
375260,25.0977,34.3750
377140,24.6094,35.0586
379028,26.0742,38.9648
380924,24.8047,35.2539
382832,24.2188,34.7656
384748,23.5352,34.2773
386672,25.5859,37.6953
388608,24.7070,34.6680
390552,25.5859,37.0117
392508,25.1953,37.9883
394472,25.5859,37.3047
396448,25.3906,37.0117
398432,25.2930,35.4492
400428,25.6836,36.6211
402432,25.0977,36.6211
404448,24.8047,35.6445
406472,25.1953,37.0117
408508,24.8047,36.3281
410552,25.7813,40.1367
412608,25.3906,36.2305
414672,24.9023,34.6680
416748,25.0977,35.2539
418832,25.3906,35.9375
420928,25.5859,36.4258
423036,24.9023,36.4258
425152,25.8789,37.0117
427280,25.8789,37.3047
429420,25.0000,37.7930
431568,24.6094,34.6680
433728,25.1953,37.8906
435900,24.7070,36.2305
438080,24.5117,36.5234
440272,25.7813,37.3047
442476,26.0742,35.6445
444692,25.1953,37.7930
446916,24.7070,34.5703
449152,26.5625,37.5000
451400,27.5391,40.0391
453660,26.1719,38.1836
455932,26.3672,37.5977
458212,26.1719,37.5977
460504,27.3438,40.0391
462808,26.7578,38.8672
465124,27.1484,39.1602
467452,28.6133,41.8945
469792,31.7383,38.8672
472144,25.5859,36.5234
474508,26.1719,37.4023
476884,25.2930,37.1094
479272,25.2930,35.5469
481672,26.2695,37.6953
484084,26.9531,39.0625
486508,34.4727,35.9375
488944,26.2695,37.4023
491392,27.0508,38.6719
493852,26.3672,36.8164
496324,26.1719,36.9141
498808,27.3438,38.8672
501304,26.8555,38.3789
503812,26.8555,38.4766
506332,26.2695,38.9648
508864,26.0742,38.7695
511412,26.4648,38.2813
513972,26.5625,37.4023
516544,26.8555,38.2813
519128,25.5859,38.4766
521724,27.3438,39.3555
524336,30.3711,40.7227
526960,29.2969,39.0625
529596,27.4414,35.3516
532244,29.4922,41.2109
534908,28.0273,38.0859
537584,29.4922,39.9414
540272,29.1016,38.1836
542976,28.4180,38.2813
545692,29.4922,38.7695
548424,28.0273,36.7188
551168,30.2734,40.9180
553924,29.5898,38.8672
556696,29.1992,38.8672
559480,29.1992,39.0625
562280,28.0273,37.5977
565092,28.2227,38.1836
567920,30.2734,40.1367
570760,29.3945,38.8672
573616,29.1016,39.6484
576488,30.0781,39.7461
579372,32.1289,39.9414
582272,28.6133,38.2813
585184,28.9063,38.4766
588112,30.6641,40.6250
591056,29.2969,38.8672
594012,28.6133,38.8672
596984,29.0039,38.4766
599972,29.1016,38.6719
602972,30.4688,38.0859
605988,30.1758,41.0156
609020,29.8828,40.7227
612068,30.5664,39.7461
615132,28.9063,37.8906
618208,29.1016,39.3555
621300,30.2734,41.4063
624408,29.1992,38.1836
627532,28.4180,42.1875
630672,29.1016,40.6250
633828,28.5156,38.1836
637000,29.8828,39.7461
640188,29.7852,38.5742
643392,29.8828,40.9180
646612,28.5156,42.0898
649848,30.0781,39.0625
653100,30.1758,40.0391
656368,29.5898,39.5508
659652,28.7109,39.6484
662952,29.3945,38.6719
666268,30.5664,40.4297
669600,28.7109,38.0859
672948,30.6641,41.3086
676316,29.2969,38.6719
679700,33.2031,39.6484
683100,28.9063,36.6211
686516,29.8828,40.1367
689952,29.4922,38.3789
693404,30.1758,40.8203
696872,29.1016,39.0625
700360,29.8828,40.4297
703864,30.5664,42.2852
707384,33.8867,40.2344
710924,31.1523,37.9883
714480,29.5898,39.8438
718056,29.4922,38.4766
721648,28.5156,38.3789
725260,28.2227,38.1836
728888,28.1250,37.8906
732536,28.8086,38.2813
736200,28.4180,37.5000
739884,28.2227,37.5977
743584,28.7109,38.1836
747304,28.6133,37.2070
751044,28.4180,37.3047
754800,27.9297,38.2813
758576,28.8086,38.4766
762372,29.7852,40.2344
766184,29.1992,40.0391
770016,30.1758,40.6250
773868,29.8828,39.6484
777740,27.9297,37.2070
781632,28.1250,39.7461
785544,29.9805,40.0391
789472,29.5898,39.6484
793420,32.4219,39.3555
797388,29.8828,39.6484
801376,28.7109,37.5977
805384,29.7852,40.5273
809412,30.0781,41.0156
813460,29.5898,39.7461
817528,27.6367,37.3047
821616,29.6875,40.6250
825728,31.6406,42.6758
829860,28.7109,39.6484
834012,28.7109,38.9648
838184,30.1758,41.1133
842376,30.9570,39.9414
846588,30.6641,47.4609
850824,30.2734,39.5508
855080,29.7852,46.2891
859356,30.4688,39.5508
863656,29.4922,43.4570
867976,30.5664,41.5039
872316,30.8594,38.6719
876680,32.4219,42.6758
881064,30.9570,41.6992
885472,28.9063,39.2578
889900,29.9805,39.8438
894352,29.8828,40.2344
898824,30.5664,41.2109
903320,28.8086,38.7695
907840,30.0781,40.7227
912380,30.2734,41.7969
916944,31.3477,41.4063
921532,31.3477,38.2813
926140,29.6875,41.3086
930772,31.7383,42.0898
935428,30.0781,40.4297
940108,31.8359,42.4805
944812,29.8828,40.9180
949540,31.5430,43.3594
954288,29.5898,42.5781
959060,29.6875,40.6250
963856,28.5156,39.4531
968676,30.0781,41.9922
973520,30.3711,41.8945
978388,30.2734,42.0898
983280,31.0547,42.5781
988200,31.0547,43.4570
993144,30.5664,42.2852
998112,30.6641,43.0664
1003104,31.1523,43.0664
1008120,30.5664,41.7969
1013164,30.7617,41.6016
1018232,31.2500,41.6992
1023324,31.7383,43.2617
1028444,33.1055,41.6992
1033588,29.3945,39.4531
1038756,31.5430,43.4570
1043952,30.7617,41.5039
1049172,33.3008,44.9219
1054420,34.6680,44.4336
1059696,33.9844,44.4336
1064996,34.8633,42.4805
1070324,37.1094,43.0664
1075676,32.9102,41.0156
1081056,38.7695,45.5078
1086464,34.2773,42.3828
1091900,33.1055,47.8516
1097360,33.6914,43.3594
1102848,32.0313,42.5781
1108364,33.3984,42.9688
1113908,32.7148,41.5039
1119480,33.5938,42.2852
1125080,34.2773,43.8477
1130708,32.1289,44.4336
1136364,33.2031,44.0430
1142048,34.6680,45.2148
1147760,34.9609,43.3594
1153500,32.9102,40.5273
1159268,33.9844,43.2617
1165068,34.2773,41.5039
1170896,34.0820,43.5547
1176752,34.0820,43.0664
1182636,33.3008,42.2852
1188552,33.2031,43.2617
1194496,34.5703,43.8477
1200472,33.7891,43.6523
1206476,33.2031,42.8711
1212512,35.8398,40.5273
1218576,34.4727,44.4336
1224672,33.3984,43.5547
1230796,34.1797,43.4570
1236952,35.9375,44.9219
1243140,34.8633,45.4102
1249356,34.9609,46.9727
1255604,32.7148,42.6758
1261884,34.8633,45.8008
1268196,33.8867,44.0430
1274540,32.2266,40.8203
1280916,34.5703,43.6523
1287324,33.1055,42.7734
1293764,35.0586,45.0195
1300236,34.4727,44.5313
1306740,34.2773,44.7266
1313276,35.5469,44.8242
1319844,34.0820,44.7266
1326444,33.3008,43.2617
1333080,33.9844,42.7734
1339748,35.4492,45.0195
1346448,31.5430,40.2344
1353184,33.8867,44.2383
1359952,32.8125,46.8750
1366752,35.0586,45.2148
1373588,32.3242,40.9180
1380456,33.9844,43.2617
1387360,33.7891,42.0898
1394300,33.6914,42.6758
1401272,33.9844,43.1641
1408280,34.7656,43.7500
1415324,34.9609,44.8242
1422404,33.3008,43.1641
1429520,33.7891,44.0430
1436668,35.4492,44.2383
1443852,35.2539,44.8242
1451072,32.8125,42.2852
1458328,35.0586,43.9453
1465620,34.2773,43.4570
1472952,55.4688,49.9023
1480320,34.9609,45.0195
1487724,34.2773,43.9453
1495164,33.7891,43.5547
1502640,34.4727,45.0195
1510156,33.2031,44.0430
1517708,44.3359,44.9219
1525300,36.4258,46.1914
1532928,35.5469,45.7031
1540596,35.4492,46.2891
1548300,35.4492,44.3359
1556044,36.4258,46.9727
1563828,37.1094,44.9219
1571648,33.8867,41.8945
1579508,35.8398,45.8008
1587408,34.5703,43.5547
1595348,35.5469,44.9219
1603328,46.9727,49.3164
1611348,37.5977,46.6797
1619408,36.5234,45.8008
1627508,35.9375,45.6055
1635648,36.3281,44.3359
1643828,36.5234,46.5820
1652048,35.3516,43.9453
1660312,34.9609,43.8477
1668616,36.9141,53.2227
1676960,39.3555,42.8711
1685348,37.0117,47.3633
1693776,36.0352,46.0938
1702248,35.0586,45.4102
1710760,35.4492,45.8008
1719316,36.3281,49.0234
1727916,35.7422,45.1172
1736556,36.8164,46.9727
1745240,40.7227,45.9961
1753968,36.2305,45.4102
1762740,35.5469,46.3867
1771556,36.8164,46.4844
1780416,36.0352,47.4609
1789320,36.6211,47.8516
1798268,37.7930,48.6328
1807260,36.3281,48.3398
1816300,37.9883,48.1445
1825384,35.4492,44.4336
1834512,35.6445,45.5078
1843688,35.3516,45.2148
1852908,36.5234,47.1680
1862176,36.8164,45.9961
1871488,35.6445,45.0195
1880848,36.9141,47.3633
1890256,36.7188,47.3633
1899708,37.1094,50.1953
1909208,35.7422,45.8984
1918756,37.8906,47.8516
1928352,36.9141,45.4102
1937996,39.6484,51.5625
1947688,36.9141,48.4375
1957428,41.1133,49.7070
1967216,37.7930,48.5352
1977056,37.3047,48.5352
1986944,36.1328,46.6797
1996880,37.7930,47.7539
2006868,36.5234,47.7539
2016904,37.6953,47.5586
2026992,36.7188,47.0703
2037128,38.3789,50.8789
2047316,37.6953,48.8281
2057556,38.4766,48.6328
2067844,37.5000,47.3633
2078184,37.1094,48.7305
2088576,37.3047,52.3438
2099020,37.5977,46.9727
2109516,38.4766,48.0469
2120064,39.7461,52.0508
2130668,39.0625,48.2422
2141324,38.6719,47.6563
2152032,39.1602,48.2422
2162796,39.4531,47.6563
2173612,39.6484,48.6328
2184484,38.5742,49.0234
2195408,39.5508,47.9492
2206388,37.5000,47.1680
2217420,40.1367,50.0000
2228508,39.8438,48.9258
2239652,38.2813,48.0469
2250852,40.7227,50.0000
2262108,37.2070,47.2656
2273420,37.3047,46.4844
2284788,38.9648,48.1445
2296212,39.1602,52.7344
2307696,39.4531,47.8516
2319236,39.2578,49.4141
2330836,39.8438,49.3164
2342492,37.7930,47.0703
2354208,39.2578,48.7305
2365980,40.2344,50.9766
2377812,39.2578,48.6328
2389704,38.4766,48.3398
2401656,41.6016,51.2695
2413668,43.1641,47.9492
2425740,40.1367,49.9023
2437872,39.4531,49.3164
2450064,39.4531,49.0234
2462316,39.9414,50.3906
2474628,40.7227,49.9023
2487004,38.1836,47.9492
2499440,37.7930,45.3125
2511940,40.8203,49.7070
2524500,40.1367,49.2188
2537124,38.6719,49.2188
2549812,38.9648,48.4375
2562564,39.4531,50.5859
2575380,43.2617,49.6094
2588260,39.9414,49.5117
2601204,38.9648,48.3398
2614212,39.0625,47.8516
2627284,38.6719,48.1445
2640424,39.2578,49.0234
2653628,39.1602,48.3398
2666900,38.0859,45.9961
2680236,41.2109,51.4648
2693640,40.3320,51.3672
2707112,38.8672,47.1680
2720648,40.0391,48.3398
2734252,39.4531,50.5859
2747924,40.9180,50.4883
2761664,39.4531,48.0469
2775476,39.6484,48.4375
2789356,39.8438,48.4375
2803304,38.6719,48.0469
2817324,39.5508,48.1445
2831412,40.8203,49.5117
2845572,38.0859,47.0703
2859800,40.6250,54.8828
2874100,38.2813,46.0938
2888472,40.3320,51.1719
2902916,38.9648,53.0273
2917432,41.6016,51.1719
2932020,40.8203,50.8789
2946684,41.5039,51.4648
2961420,40.2344,51.2695
2976228,42.2852,54.2969
2991112,40.4297,49.8047
3006068,41.1133,48.5352
3021100,40.3320,50.0977
3036208,42.0898,51.9531
3051392,39.1602,48.3398
3066652,41.5039,51.6602
3081988,40.2344,50.7813
3097400,41.3086,50.3906
3112888,40.8203,51.8555
3128456,39.6484,49.1211
3144100,41.1133,50.4883
3159824,39.0625,49.6094
3175624,40.2344,50.3906
3191504,42.6758,52.2461
3207464,41.5039,49.7070
3223504,40.3320,51.1719
3239624,41.4063,50.7813
3255824,40.9180,50.0000
3272104,39.1602,48.2422
3288468,42.2852,51.7578
3304912,41.1133,50.5859
3321440,42.2852,50.9766
3338048,45.5078,53.4180
3354740,40.3320,54.5898
3371516,41.6992,50.4883
3388376,40.5273,51.2695
3405320,39.7461,50.9766
3422348,40.6250,50.2930
3439460,42.4805,52.3438
3456660,42.2852,50.0000
3473944,42.3828,51.4648
3491316,42.3828,50.2930
3508776,41.5039,51.5625
3526320,40.6250,51.5625
3543952,40.6250,49.4141
3561672,41.0156,52.6367
3579484,42.3828,53.6133
3597384,67.7734,58.2031
3615372,53.8086,54.1992
3633452,47.7539,53.1250
3651620,44.9219,49.6094
3669880,44.9219,53.4180
3688232,40.1367,47.6563
3706676,42.3828,52.0508
3725212,40.4297,51.1719
3743840,42.1875,53.1250
3762560,41.2109,51.2695
3781376,42.5781,53.0273
3800284,42.7734,54.9805
3819288,47.5586,55.3711
3838388,40.3320,51.1719
3857580,41.6016,51.1719
3876868,40.5273,49.6094
3896256,43.6523,52.6367
3915740,42.9688,53.2227
3935320,42.2852,53.3203
3955000,42.4805,53.1250
3974776,42.9688,53.3203
3994652,42.4805,52.9297
4014628,43.2617,52.6367
4034704,44.7266,52.4414
4054880,41.6992,51.4648
4075156,41.9922,52.5391
4095532,41.9922,52.4414
4116012,45.2148,55.1758
4136596,42.8711,54.0039
4157280,42.6758,52.1484
4178068,42.2852,52.3438
4198960,47.8516,58.0078
4219956,44.4336,54.7852
4241056,44.2383,53.1250
4262264,43.0664,54.0039
4283576,46.5820,53.4180
4304996,45.5078,56.9336
4326524,43.1641,52.4414
4348160,45.2148,54.2969
4369904,45.6055,59.2773
4391756,44.4336,58.5938
4413716,41.6016,51.8555
4435788,43.5547,55.5664
4457968,43.3594,53.6133
4480260,44.5313,54.0039
4502664,44.4336,54.1016
4525180,45.0195,60.6445
4547808,44.9219,56.7383
4570548,42.1875,51.3672
4593404,46.4844,56.9336
4616372,46.1914,53.7109
4639456,44.2383,54.7852
4662656,45.0195,54.7852
4685972,42.4805,52.4414
4709404,44.6289,54.7852
4732952,44.6289,54.3945
4756620,44.2383,53.0273
4780404,45.3125,59.7656
4804308,41.6016,51.9531
4828332,45.4102,55.6641
4852476,44.5313,55.1758
4876740,45.8984,52.8320
4901124,45.8984,55.5664
4925632,45.2148,54.6875
4950264,44.3359,54.0039
4975016,43.1641,60.4492
4999892,43.0664,52.5391
5024892,43.1641,52.5391
5050020,44.9219,56.4453
5075272,45.5078,54.4922
5100652,43.9453,53.7109
5126156,46.7773,57.1289
5151788,44.0430,54.9805
5177548,43.8477,54.1992
5203436,45.8008,56.6406
5229456,45.0195,56.0547
5255604,44.7266,54.1016
5281884,45.8008,56.3477
5308296,46.6797,58.6914
5334840,43.8477,53.8086
5361516,45.1172,55.5664
5388324,44.5313,54.9805
5415268,48.2422,54.0039
5442348,47.1680,57.9102
5469560,46.7773,57.0313
5496908,44.7266,56.3477
5524396,46.1914,56.3477
5552020,45.1172,55.9570
5579784,45.8984,59.0820
5607684,45.0195,55.4688
5635724,45.3125,55.4688
5663904,45.3125,55.7617
5692224,44.4336,54.2969
5720688,44.8242,55.1758
5749292,48.6328,60.6445
5778040,47.0703,55.3711
5806932,45.3125,54.8828
5835968,42.1875,52.7344
5865148,45.8008,68.1641
5894476,45.8008,56.4453
5923952,44.0430,56.6406
5953572,45.4102,55.1758
5983340,44.0430,55.9570
6013260,42.5781,52.0508
6043328,45.1172,54.2969
6073548,50.9766,58.0078
6103916,45.5078,54.7852
6134436,45.8984,56.4453
6165112,45.8008,62.3047
6195940,45.3125,55.1758
6226920,47.0703,56.6406
6258056,43.9453,53.8086
6289348,46.6797,58.5938
6320796,45.3125,55.0781
6352400,45.1172,57.5195
6384164,47.6563,57.7148
6416088,47.1680,56.7383
6448172,46.8750,58.1055
6480416,45.9961,55.5664
6512820,46.6797,56.2500
6545388,47.2656,58.3008
6578116,45.7031,56.6406
6611008,47.5586,60.0586
6644064,44.5313,55.0781
6677288,46.3867,56.1523
6710676,49.0234,59.8633
6744232,47.7539,57.9102
6777956,46.8750,57.2266
6811848,46.0938,55.5664
6845908,47.9492,56.6406
6880140,50.7813,57.0313
6914544,46.3867,55.8594
6949120,46.4844,57.8125
6983868,45.8008,55.4688
7018788,45.7031,57.1289
7053884,46.6797,56.1523
7089156,44.3359,54.8828
7124604,48.1445,59.2773
7160228,47.1680,59.9609
7196032,45.7031,56.4453
7232016,45.6055,54.7852
7268180,45.3125,55.0781
7304524,46.6797,57.2266
7341048,47.5586,59.5703
7377756,46.1914,60.1563
7414648,45.5078,55.5664
7451724,47.5586,57.9102
7488984,47.0703,62.2070
7526432,47.2656,57.3242
7564068,48.0469,58.5938
7601892,53.7109,60.4492
7639904,46.2891,57.2266
7678104,47.3633,58.6914
7716496,46.5820,56.9336
7755080,48.3398,60.4492
7793856,47.4609,57.6172
7832828,49.4141,60.2539
7871996,46.5820,57.7148
7911356,47.8516,60.8398
7950916,46.9727,56.5430
7990672,46.6797,58.1055
8030628,46.6797,57.2266
8070784,46.7773,58.3008
8111140,52.8320,61.2305
8151696,49.1211,58.8867
8192456,49.8047,58.4961
8233420,45.8984,54.7852
8274588,47.2656,58.9844
8315964,49.9023,62.0117
8357544,47.4609,59.2773
8399332,49.3164,58.8867
8441332,48.2422,56.5430
8483540,48.6328,61.0352
8525960,51.6602,62.0117
8568592,49.1211,58.5938
8611436,51.1719,58.2031
8654496,49.6094,57.7148
8697772,47.9492,57.3242
8741264,46.8750,56.4453
8784972,48.7305,58.3008
8828900,49.0234,58.3008
8873048,47.7539,57.8125
8917416,50.6836,60.5469
8962004,48.6328,56.2500
9006816,49.5117,59.3750
9051852,52.2461,62.8906
9097112,48.4375,57.5195
9142600,50.1953,61.2305
9188316,51.0742,60.7422
9234260,46.9727,55.9570
9280432,50.0000,58.0078
9326836,48.8281,57.8125
9373472,50.8789,59.8633
9420340,51.4648,60.8398
9467444,46.1914,54.9805
9514784,50.2930,59.4727
9562360,49.8047,60.1563
9610172,50.6836,61.5234
9658224,48.1445,57.3242
9706516,48.9258,59.9609
9755052,51.3672,59.9609
9803828,48.8281,57.7148
9852848,49.8047,60.1563
9902116,47.8516,56.3477
9951628,46.4844,55.2734
10001388,50.5859,60.5469
10051396,47.9492,58.1055
10101656,48.7305,57.5195
10152168,48.3398,58.8867
10202932,49.8047,59.4727
10253948,51.4648,62.0117
10305220,48.2422,56.7383
10356748,47.5586,56.8359
10408532,50.0977,61.4258
10460576,49.8047,58.5938
10512880,50.8789,67.7734
10565448,50.8789,60.3516
10618276,49.7070,59.4727
10671368,48.9258,60.1563
10724728,49.4141,58.4961
10778352,49.6094,58.8867
10832244,48.4375,57.5195
10886408,50.9766,60.4492
10940844,49.5117,58.3008
10995552,48.8281,57.4219
11050532,50.9766,60.2539
11105788,49.8047,60.5469
11161320,50.5859,62.9883
11217128,50.2930,59.0820
11273216,52.2461,65.0391
11329584,50.0000,59.6680
11386232,50.7813,62.7930
11443164,50.9766,59.4727
11500380,49.9023,59.6680
11557884,50.6836,60.6445
11615676,48.4375,55.8594
11673756,52.7344,62.5977
11732128,50.2930,62.2070
11790792,50.3906,60.1563
11849748,50.2930,60.4492
11909000,48.9258,57.4219
11968548,51.2695,60.9375
12028392,52.2461,59.0820
12088536,51.0742,61.2305
12148980,63.6719,67.5781
12209728,57.5195,64.5508
12270780,55.2734,62.1094
12332136,52.8320,60.1563
12393800,54.1016,62.9883
12455772,50.5859,59.3750
12518052,52.5391,63.6719
12580644,54.1992,64.1602
12643548,51.1719,61.0352
12706768,50.2930,59.5703
12770304,51.0742,61.1328
12834156,48.7305,59.1797
12898328,48.7305,57.4219
12962820,50.0977,58.0078
13027636,51.8555,61.8164
13092776,51.3672,62.8906
13158240,50.2930,58.8867
13224032,50.7813,62.6953
13290156,50.1953,60.1563
13356608,51.5625,61.2305
13423392,52.1484,64.1602
13490512,49.9023,58.6914
13557968,55.0781,59.7656
13625760,50.8789,60.5469
13693892,50.7813,59.8633
13762364,57.1289,63.6719
13831176,51.4648,61.8164
13900332,51.3672,61.5234
13969836,50.4883,60.2539
14039688,51.5625,61.9141
14109888,51.0742,61.2305
14180440,50.2930,57.5195
14251344,53.8086,65.3320
14322604,47.7539,56.1523
14394220,51.2695,61.5234
14466192,53.1250,61.9141
14538524,55.4688,63.8672
14611220,51.6602,61.7188
14684280,52.4414,62.2070
14757704,51.1719,59.6680
14831496,50.4883,59.9609
14905656,55.4688,63.6719
14980188,50.5859,61.4258
15055092,53.4180,64.8438
15130368,51.6602,62.5000
15206020,50.7813,58.9844
15282052,51.9531,61.0352
15358464,52.9297,63.9648
15435260,53.1250,64.0625
15512440,51.7578,61.7188
15590004,52.1484,64.0625
15667956,51.9531,62.9883
15746296,50.0000,62.9883
15825028,54.0039,65.0391
15904156,51.1719,63.7695
15983680,51.3672,63.1836
16063600,51.0742,61.1328
16143920,52.2461,66.4063
16224640,53.2227,64.2578
16305764,49.8047,58.3008
16387296,51.9531,60.3516
16469236,52.9297,63.6719
16551584,58.8867,63.7695
16634344,55.8594,68.5547
16717516,50.9766,61.4258
16801104,55.1758,67.9688
16885112,51.2695,60.2539
16969540,51.7578,60.8398
17054388,51.5625,64.4531
17139660,55.7617,66.6992
17225360,53.7109,64.5508
17311488,54.0039,64.8438
17398048,54.1992,65.4297
17485040,54.1016,65.1367
17572468,54.4922,66.2109
17660332,55.0781,65.9180
17748636,56.0547,68.3594
17837380,55.8594,65.8203
17926568,56.2500,66.9922
18016204,58.1055,69.5313
18106288,55.2734,65.8203
18196820,55.9570,65.8203
18287808,75.4883,73.6328
18379248,64.3555,71.6797
18471148,61.1328,63.9648
18563504,54.5898,66.2109
18656324,54.4922,64.2578
18749608,54.1016,65.9180
18843360,56.6406,69.2383
18937580,53.3203,64.1602
19032268,54.5898,64.6484
19127432,52.9297,64.8438
19223072,54.0039,64.3555
19319188,73.9258,65.5273
19415784,53.7109,65.1367
19512864,55.7617,66.8945
19610432,54.7852,67.0898
19708488,55.6641,66.8945
19807032,53.0273,63.5742
19906068,52.7344,61.4258
20005600,54.5898,63.3789
20105628,55.6641,76.8555
20206160,61.3281,73.1445
20307192,58.3984,68.5547
20408728,64.2578,69.8242
20510772,57.3242,66.4063
20613328,57.1289,67.8711
20716396,58.1055,69.0430
20819980,56.6406,70.7031
20924080,60.4492,67.6758
21028704,57.4219,66.7969
21133848,55.5664,66.1133
21239520,58.7891,70.1172
21345720,55.3711,64.8438
21452452,55.7617,67.2852
21559716,53.1250,63.3789
21667516,61.7188,69.8242
21775856,54.4922,65.3320
21884736,58.7891,66.6016
21994160,59.4727,70.0195
22104132,58.1055,68.4570
22214656,56.3477,67.8711
22325732,58.4961,70.2148
22437364,64.1602,70.7031
22549552,61.2305,67.1875
22662300,58.6914,72.9492
22775612,57.3242,66.4063
22889492,55.7617,63.8672
23003940,58.9844,69.9219
23118960,56.1523,68.6523
23234556,62.2070,74.3164
23350732,57.5195,69.6289
23467488,60.6445,69.1406
23584828,66.2109,67.9688
23702756,60.3516,71.0938
23821272,53.8086,63.9648
23940380,62.2070,70.1172
24060084,57.7148,67.2852
24180388,59.4727,71.7773
24301292,56.3477,81.8359
24422800,60.0586,69.4336
24544916,59.0820,71.8750
24667644,65.6250,68.2617
24790984,60.1563,66.2109
24914940,58.0078,69.0430
25039516,60.8398,69.9219
25164716,60.1563,75.8789
25290540,59.7656,75.1953
25416996,75.0000,76.7578
25544084,62.4023,68.3594
25671808,68.1641,73.8281
25800168,61.4258,74.6094
25929172,61.3281,69.6289
26058820,72.6563,73.5352
26189116,67.7734,75.6836
26320064,65.6250,71.1914
26451668,60.2539,67.8711
26583928,63.6719,83.3008
26716848,64.9414,77.5391
26850436,67.6758,71.1914
26984692,63.6719,72.3633
27119616,71.6797,77.0508
27255216,77.0508,77.2461
27391496,90.7227,87.5000
27528456,79.3945,78.6133
27666100,76.8555,81.1523
27804432,64.1602,67.8711
27943456,64.1602,82.5195
28083176,75.6836,77.6367
28223592,68.1641,73.8281
28364712,68.8477,75.9766
28506536,70.3125,83.4961
28649072,75.9766,76.0742
28792320,75.5859,75.6836
28936284,71.0938,77.9297
29080968,80.3711,91.6016
29226376,83.9844,84.1797
29372508,72.5586,74.0234
29519372,70.5078,77.8320
29666972,79.0039,80.7617
29815308,77.7344,78.1250
29964388,73.5352,80.3711
30114212,71.2891,74.1211
30264784,73.4375,97.0703
30416108,77.8320,79.2969
30568192,79.4922,86.8164
30721036,92.3828,85.1563
30874644,86.8164,86.7188
31029020,72.8516,78.2227
31184168,72.7539,92.3828
31340092,79.1992,78.7109
31496796,100.1953,82.9102
31654280,79.9805,99.1211
31812552,86.0352,85.9375
31971616,81.5430,83.1055
32131476,80.0781,82.4219
32292136,81.5430,81.9336
32453600,79.3945,83.2031
32615868,77.4414,82.0313
32778948,91.6016,94.9219
32942844,83.9844,82.3242
33107560,81.3477,85.4492
33273100,79.6875,98.0469
33439468,96.8750,93.6523
33606668,91.6992,92.7734
33774704,150.8789,94.4336
33943580,88.4766,90.0391
34113300,85.4492,88.3789
34283868,87.2070,86.7188
34455288,92.0898,93.1641
34627568,87.1094,103.4180
34800708,90.5273,126.5625
34974712,88.8672,87.4023
35149588,83.2031,100.0977
35325336,94.8242,90.3320
35501964,90.8203,94.5313
35679476,104.7852,98.5352
35857876,98.8281,145.8984
36037168,97.9492,105.5664
36217356,97.4609,91.1133
36398444,88.7695,91.6992
36580440,97.8516,98.8281
36763344,95.5078,100.7813
36947164,93.0664,110.1563
37131900,100.7813,98.2422
37317560,94.7266,94.7266
37504148,102.8320,101.9531
37691672,102.1484,100.4883
37880132,119.5313,152.9297
38069536,113.8672,104.9805
38259884,112.5977,107.0313
38451184,111.7188,107.1289
38643440,134.2773,104.5898
38836660,113.6719,107.2266
39030844,98.6328,108.0078
39226000,95.5078,96.0938
39422132,94.1406,121.6797
39619244,103.8086,103.2227
39817344,103.9063,235.6445
40016432,116.0156,107.3242
40216516,111.8164,119.9219
40417600,108.9844,101.5625
40619688,108.1055,110.8398
40822788,108.4961,106.2500
41026904,118.3594,122.1680
41232040,114.1602,110.4492
41438204,108.8867,129.0039
41645396,123.0469,117.0898
41853624,130.3711,128.6133
42062896,118.5547,115.2344
42273212,119.2383,115.4297
42484580,117.3828,110.5469
42697004,120.8984,114.5508
42910492,113.8672,133.9844
43125048,135.1563,129.4922
43340676,145.9961,126.3672
43557380,125.1953,116.5039
43775168,122.1680,101.4648
43994044,121.9727,116.3086
44214016,118.6523,118.0664
44435088,120.3125,112.0117
44657264,118.1641,133.5938
44880552,130.8594,126.7578
45104956,130.3711,115.2344
45330484,121.2891,184.6680
45557140,125.1953,121.1914
45784928,166.9922,128.1250
46013856,126.3672,122.0703
46243928,129.2969,123.2422
46475148,120.3125,136.5234
46707524,129.2969,124.4141
46941064,134.9609,123.7305
47175772,157.1289,131.4453
47411652,147.2656,153.5156
47648712,135.1563,129.1992
47886956,214.0625,139.4531
48126392,134.4727,156.4453
48367024,127.4414,124.1211
48608860,134.8633,133.7891
48851908,139.7461,142.4805
49096168,137.0117,135.6445
49341652,130.6641,129.1016
49588364,128.3203,133.3008
49836308,130.3711,132.2266
50085492,142.2852,137.3047
50335920,148.8281,134.4727
50587600,139.9414,133.4961
50840540,134.1797,132.8125
51094744,144.0430,130.2734
51350220,176.4648,133.2031
51606972,141.9922,142.6758
51865008,142.9688,191.0156
52124336,145.1172,135.8398
52384960,138.4766,125.0000
52646888,147.7539,155.5664
52910124,143.1641,145.7031
53174676,142.4805,193.5547
53440552,144.1406,134.8633
53707756,141.9922,137.4023
53976296,194.1406,129.2969
54246180,144.8242,145.5078
54517412,148.0469,167.0898
54790000,147.5586,156.7383
55063952,162.9883,150.2930
55339272,150.6836,144.8242
55615972,153.2227,143.0664
55894052,146.8750,146.0938
56173524,158.3984,159.0820
56454392,158.0078,165.9180
56736664,166.3086,154.1992
57020348,157.3242,163.7695
57305452,148.6328,137.4023
57591980,159.3750,147.7539
57879940,168.5547,150.2930
58169340,166.0156,145.8984
58460188,155.8594,143.1641
58752492,154.5898,147.2656
59046256,191.3086,151.7578
59341488,169.9219,157.4219
59638196,162.6953,190.3320
59936388,182.2266,159.2773
60236072,183.2031,241.5039
60537256,176.3672,164.7461
60839944,174.8047,202.8320
61144144,159.3750,151.8555
61449868,190.2344,162.7930
61757120,180.7617,161.5234
62065908,175.2930,155.3711
62376240,174.4141,148.9258
62688124,181.1523,208.3008
63001568,175.9766,162.3047
63316576,178.8086,147.4609
63633160,178.4180,173.8281
63951328,178.7109,186.6211
64271088,291.6016,379.1992
64592444,205.5664,185.4492
64915408,211.4258,175.3906
65239988,196.4844,224.2188
65566188,190.5273,205.1758
65894020,194.6289,158.4961
66223492,196.5820,276.8555
66554612,202.3438,180.2734
66887388,194.6289,173.9258
