4,1.4648,1.6602
8,1.9531,5.4688
12,2.4414,8.1055
16,2.4414,9.5703
20,3.0273,10.9375
24,2.9297,12.5977
28,3.0273,13.9648
32,3.1250,14.5508
36,3.6133,14.9414
40,3.8086,15.5273
44,3.6133,22.8516
48,4.1016,16.4063
52,3.8086,16.4063
56,3.6133,18.1641
60,3.9063,18.0664
64,3.8086,18.2617
68,5.0781,18.1641
72,4.2969,18.8477
76,4.2969,18.3594
80,4.3945,19.4336
84,4.4922,19.5313
88,4.2969,19.2383
92,4.3945,18.8477
96,4.6875,19.8242
100,4.5898,20.6055
104,4.0039,20.7031
108,4.7852,21.2891
112,4.1992,21.8750
116,4.3945,21.7773
120,4.2969,22.4609
124,4.3945,22.8516
128,4.4922,23.1445
132,5.2734,23.5352
136,5.3711,22.9492
140,5.3711,23.1445
144,5.2734,23.1445
148,5.2734,91.7969
152,5.3711,22.6563
156,5.4688,23.8281
160,5.2734,26.0742
164,5.2734,22.7539
168,5.2734,23.3398
172,26.1719,23.1445
176,5.3711,23.0469
180,5.1758,22.6563
184,5.2734,23.7305
188,5.2734,23.4375
192,5.2734,23.9258
196,5.3711,23.9258
200,5.0781,23.9258
204,5.1758,24.1211
208,5.2734,24.5117
212,5.3711,24.6094
216,5.0781,29.6875
220,5.3711,24.6094
224,5.4688,25.3906
228,5.4688,25.1953
232,5.3711,25.7813
236,5.2734,25.3906
240,5.2734,25.6836
244,5.1758,26.1719
248,5.1758,26.7578
252,5.1758,26.0742
256,5.3711,26.2695
260,6.2500,26.9531
264,6.2500,27.0508
268,6.3477,25.7813
272,6.2500,26.2695
276,6.2500,26.5625
280,6.1523,30.3711
284,6.1523,26.6602
288,6.1523,26.5625
292,6.2500,26.1719
296,6.7383,26.4648
300,6.1523,26.9531
304,6.2500,26.4648
308,6.2500,26.3672
312,6.1523,26.2695
316,6.1523,26.8555
320,6.2500,26.9531
324,6.2500,27.3438
328,6.3477,26.3672
332,6.1523,26.6602
336,6.6406,26.5625
340,6.1523,26.6602
344,6.2500,29.5898
348,6.1523,27.2461
352,6.2500,26.9531
356,6.1523,26.6602
360,6.1523,27.8320
364,6.1523,26.3672
368,6.1523,27.4414
372,6.2500,26.9531
376,6.2500,27.0508
380,6.3477,27.6367
384,6.1523,27.4414
388,6.1523,26.9531
392,6.1523,27.5391
396,6.5430,26.9531
400,6.4453,27.8320
404,6.3477,28.0273
408,6.1523,28.3203
412,6.2500,27.1484
416,6.2500,28.6133
420,6.2500,28.0273
424,6.1523,27.9297
428,6.1523,28.4180
432,6.1523,28.2227
436,6.1523,28.0273
440,6.1523,28.5156
444,6.3477,28.8086
448,6.3477,28.7109
452,6.1523,29.0039
456,6.1523,29.1016
460,6.2500,29.7852
464,6.1523,29.0039
468,6.2500,75.0000
472,9.6680,29.0039
476,6.3477,29.5898
480,6.1523,29.5898
484,6.1523,28.7109
488,6.3477,28.2227
492,6.3477,29.4922
496,6.1523,29.4922
500,6.2500,29.7852
504,6.3477,29.5898
508,6.4453,29.9805
512,6.1523,29.9805
516,8.9844,29.6875
520,8.3008,30.0781
524,8.5938,30.3711
528,8.3984,29.5898
532,8.5938,29.8828
536,8.5938,29.4922
540,8.3984,29.6875
544,8.8867,29.3945
548,8.3984,29.6875
552,8.5938,29.7852
556,8.4961,29.8828
560,8.2031,30.5664
564,8.5938,30.4688
568,8.4961,30.2734
572,8.3984,30.6641
576,8.8867,30.2734
580,8.7891,29.8828
584,8.4961,30.7617
588,8.5938,30.3711
592,8.1055,30.8594
596,8.5938,30.7617
600,8.5938,29.8828
604,8.5938,30.2734
608,8.3984,30.6641
612,8.4961,29.9805
616,8.3984,30.5664
620,8.5938,30.3711
624,8.6914,30.2734
628,8.3984,30.9570
632,8.4961,29.9805
636,8.2031,29.6875
640,8.4961,30.4688
644,8.2031,30.6641
648,8.9844,30.4688
652,8.6914,30.3711
656,8.5938,30.1758
660,8.4961,30.1758
664,8.3008,31.0547
668,8.3984,31.1523
672,8.5938,30.7617
676,8.6914,30.8594
680,8.5938,31.0547
684,8.2031,31.6406
688,8.7891,31.1523
692,8.8867,29.9805
696,8.4961,31.1523
700,8.5938,30.9570
704,8.3984,31.3477
708,8.1055,31.1523
712,8.5938,31.1523
716,8.3008,31.2500
720,8.3984,30.6641
724,8.3008,30.6641
728,8.3984,30.6641
732,8.6914,30.9570
736,8.5938,31.6406
740,8.6914,30.7617
744,8.7891,39.6484
748,8.2031,30.8594
752,8.8867,31.2500
756,8.3008,31.3477
760,8.6914,30.8594
764,8.7891,30.7617
768,8.3008,32.3242
772,8.6914,31.3477
776,8.3984,30.7617
780,8.3008,31.2500
784,8.2031,31.6406
788,8.7891,31.9336
792,8.5938,31.7383
796,8.3984,31.9336
800,8.6914,34.6680
804,8.1055,31.3477
812,8.8867,32.1289
820,8.3984,31.2500
828,8.3008,31.8359
836,8.5938,32.3242
844,8.1055,31.8359
852,8.3008,31.9336
860,8.3008,32.5195
868,8.2031,31.6406
876,8.5938,31.2500
884,8.4961,32.3242
892,8.5938,32.2266
900,8.3984,32.4219
908,8.5938,34.3750
916,8.4961,33.1055
924,8.7891,32.6172
932,8.3984,33.3984
940,8.7891,33.3008
948,8.3008,32.5195
956,8.7891,33.3984
964,8.4961,33.1055
972,8.4961,32.8125
980,8.3984,33.3008
988,8.7891,32.6172
996,8.5938,33.0078
1004,8.2031,33.0078
1012,8.6914,33.7891
1020,8.4961,33.0078
1028,10.9375,33.3008
1036,11.7188,33.7891
1044,11.2305,34.6680
1052,10.7422,34.2773
1060,11.4258,104.4922
1068,11.3281,33.1055
1076,11.8164,34.5703
1084,52.5391,51.0742
1092,11.7188,33.4961
1100,11.3281,34.2773
1108,11.1328,33.7891
1116,10.9375,34.2773
1124,11.1328,33.2031
1132,12.1094,33.5938
1140,10.5469,33.5938
1148,11.8164,33.6914
1156,11.1328,34.9609
1164,11.3281,34.1797
1172,11.1328,33.9844
1180,11.3281,33.8867
1188,11.5234,33.6914
1196,11.0352,33.5938
1204,11.1328,34.2773
1212,11.4258,37.7930
1220,11.3281,33.6914
1228,10.9375,34.5703
1236,11.1328,33.7891
1244,11.1328,33.8867
1252,10.6445,33.6914
1260,11.2305,33.2031
1268,11.7188,34.1797
1276,11.8164,35.5469
1284,11.2305,34.9609
1292,11.3281,33.7891
1300,11.6211,33.9844
1308,11.6211,34.8633
1316,11.3281,36.7188
1324,11.6211,34.6680
1332,11.0352,35.0586
1340,12.1094,35.0586
1348,11.4258,34.2773
1356,11.7188,35.2539
1364,11.1328,33.8867
1372,11.9141,34.4727
1380,10.8398,32.9102
1388,11.0352,34.3750
1396,11.2305,33.4961
1404,11.9141,34.3750
1412,10.9375,34.3750
1420,11.1328,34.1797
1428,11.7188,34.4727
1436,12.0117,34.7656
1444,11.2305,34.6680
1452,12.0117,34.5703
1460,11.5234,34.4727
1468,11.4258,34.2773
1476,12.0117,34.1797
1484,11.2305,34.7656
1492,11.3281,33.7891
1500,10.9375,35.0586
1508,11.8164,36.0352
1516,11.2305,35.0586
1524,14.4531,34.6680
1532,11.4258,34.8633
1540,11.2305,34.7656
1548,11.2305,34.7656
1556,11.1328,34.6680
1564,11.3281,35.2539
1572,10.8398,34.6680
1580,11.6211,35.2539
1588,10.5469,35.1563
1596,11.8164,35.6445
1604,11.0352,34.9609
1616,11.7188,35.6445
1628,11.1328,35.4492
1640,11.9141,35.1563
1652,12.1094,35.1563
1664,10.9375,35.5469
1676,11.1328,35.8398
1688,10.5469,35.9375
1700,10.9375,35.5469
1712,11.9141,35.0586
1724,10.1563,35.6445
1736,11.8164,34.8633
1748,10.7422,35.5469
1760,11.5234,35.9375
1772,10.7422,36.5234
1784,10.7422,40.2344
1796,11.4258,36.4258
1808,10.7422,35.8398
1820,11.4258,36.8164
1832,11.0352,36.7188
1844,11.4258,104.5898
1856,11.6211,36.3281
1868,11.6211,35.8398
1880,11.4258,36.4258
1892,11.9141,35.0586
1904,11.6211,36.0352
1916,11.9141,36.9141
1928,11.2305,57.4219
1940,12.3047,36.5234
1952,11.1328,36.2305
1964,11.8164,37.3047
1976,11.3281,36.0352
1988,11.5234,36.3281
2000,11.5234,37.3047
2012,11.0352,36.7188
2024,11.4258,36.7188
2036,11.7188,37.4023
2048,11.9141,37.1094
2060,14.6484,37.2070
2072,14.7461,37.4023
2084,15.0391,36.5234
2096,14.7461,37.1094
2108,14.1602,37.0117
2120,14.4531,37.6953
2132,14.3555,37.5000
2144,13.9648,37.0117
2156,13.4766,36.8164
2168,14.1602,36.9141
2180,14.7461,36.9141
2192,14.8438,36.2305
2204,13.9648,37.2070
2216,14.2578,39.8438
2228,14.5508,37.5000
2240,14.0625,37.9883
2252,14.5508,37.2070
2264,14.8438,37.5000
2276,14.2578,37.1094
2288,14.2578,37.0117
2300,14.7461,37.2070
2312,15.1367,37.0117
2324,14.7461,37.7930
2336,14.3555,37.2070
2348,14.5508,37.0117
2360,14.4531,40.0391
2372,14.2578,37.3047
2384,13.9648,36.9141
2396,14.9414,37.8906
2408,14.4531,37.6953
2424,14.1602,38.2813
2440,14.2578,37.2070
2456,14.4531,36.7188
2472,13.9648,37.5000
2488,14.4531,37.6953
2504,14.5508,37.8906
2520,14.4531,38.0859
2536,13.9648,45.8984
2552,14.2578,37.2070
2568,14.5508,37.5000
2584,14.5508,37.2070
2600,14.1602,37.8906
2616,14.8438,37.5977
2632,14.5508,37.6953
2648,14.1602,37.3047
2664,14.8438,38.1836
2680,14.8438,38.1836
2696,14.8438,37.5000
2712,14.5508,38.3789
2728,17.3828,38.1836
2744,14.4531,38.5742
2760,14.6484,38.4766
2776,14.6484,38.5742
2792,14.2578,37.7930
2808,14.1602,37.8906
2824,14.5508,38.4766
2840,14.5508,37.5000
2856,14.1602,39.0625
2872,14.2578,37.6953
2888,13.6719,38.4766
2904,14.8438,38.3789
2920,14.4531,38.8672
2936,14.2578,38.0859
2952,14.4531,37.7930
2968,14.3555,97.4609
2984,14.5508,37.8906
3000,14.5508,38.8672
3016,14.8438,37.3047
3032,14.5508,37.8906
3048,14.3555,38.7695
3064,14.6484,38.6719
3080,14.0625,38.8672
3096,14.3555,73.9258
3112,14.8438,39.0625
3128,14.4531,38.8672
3144,14.2578,57.9102
3160,14.4531,38.5742
3176,14.4531,38.4766
3192,14.1602,38.6719
3208,14.8438,39.1602
3228,14.0625,39.0625
3248,14.3555,39.0625
3268,13.8672,39.9414
3288,14.2578,39.0625
3308,14.5508,55.6641
3328,14.6484,38.8672
3348,15.0391,39.6484
3368,14.4531,38.8672
3388,14.0625,39.1602
3408,15.1367,39.7461
3428,15.0391,40.1367
3448,14.4531,40.0391
3468,14.7461,39.4531
3488,14.7461,38.9648
3508,14.3555,39.0625
3528,14.1602,39.5508
3548,13.6719,39.3555
3568,13.8672,39.5508
3588,14.8438,38.8672
3608,14.4531,40.2344
3628,14.6484,39.6484
3648,14.3555,39.8438
3668,14.3555,39.3555
3688,14.5508,40.0391
3708,15.3320,39.8438
3728,14.9414,39.6484
3748,14.4531,39.7461
3768,14.4531,39.5508
3788,13.8672,40.0391
3808,14.5508,40.0391
3828,14.4531,40.6250
3848,14.5508,40.4297
3868,14.3555,39.1602
3888,14.2578,39.8438
3908,15.0391,39.5508
3928,14.0625,44.5313
3948,14.6484,39.5508
3968,14.4531,40.4297
3988,14.5508,40.9180
4008,14.3555,40.0391
4032,14.3555,40.6250
4056,13.9648,39.9414
4080,14.4531,40.3320
4104,17.6758,40.5273
4128,17.4805,40.3320
4152,18.0664,40.9180
4176,17.6758,44.2383
4200,16.9922,40.8203
4224,17.3828,40.0391
4248,17.8711,40.2344
4272,16.7969,41.4063
4296,17.6758,40.9180
4320,17.3828,41.1133
4344,16.8945,40.8203
4368,17.1875,40.2344
4392,17.2852,39.8438
4416,18.3594,40.4297
4440,17.3828,42.9688
4464,17.2852,40.2344
4488,17.4805,40.6250
4512,18.1641,102.9297
4536,17.3828,41.5039
4560,17.7734,40.2344
4584,17.3828,57.4219
4608,17.6758,39.5508
4632,17.1875,57.3242
4656,17.5781,72.2656
4680,19.9219,40.6250
4704,17.7734,40.5273
4728,17.6758,40.6250
4752,17.6758,40.8203
4776,17.3828,41.0156
4800,17.4805,41.3086
4824,17.7734,41.0156
4852,17.3828,41.4063
4880,17.6758,41.1133
4908,17.8711,41.3086
4936,17.4805,41.2109
4964,18.9453,40.7227
4992,16.8945,41.0156
5020,17.8711,41.5039
5048,18.1641,41.2109
5076,17.1875,41.3086
5104,17.9688,40.6250
5132,17.4805,41.6016
5160,17.1875,40.7227
5188,17.6758,42.5781
5216,16.7969,41.6016
5244,17.2852,41.0156
5272,17.0898,42.0898
5300,17.6758,41.6992
5328,17.4805,41.3086
5356,17.0898,41.1133
5384,18.4570,41.0156
5412,17.3828,41.9922
5440,17.6758,41.4063
5468,17.3828,42.1875
5496,18.4570,42.7734
5524,17.3828,41.9922
5552,17.8711,45.9961
5580,18.0664,42.2852
5608,18.0664,41.2109
5640,17.1875,41.6016
5672,17.4805,41.2109
5704,18.4570,41.4063
5736,17.8711,42.1875
5768,17.4805,41.5039
5800,17.4805,41.8945
5832,17.5781,41.2109
5864,18.0664,42.1875
5896,17.9688,42.3828
5928,18.3594,41.5039
5960,18.1641,42.3828
5992,16.8945,41.9922
6024,17.7734,41.0156
6056,17.6758,42.4805
6088,17.9688,42.4805
6120,17.7734,42.4805
6152,18.0664,42.1875
6184,17.0898,41.6992
6216,17.0898,42.2852
6248,25.3906,42.9688
6280,17.2852,42.5781
6312,17.1875,42.3828
6344,17.7734,41.7969
6376,18.1641,41.7969
6408,16.6016,41.8945
6444,17.5781,41.6016
6480,16.8945,42.2852
6516,18.1641,42.6758
6552,17.6758,42.0898
6588,17.2852,42.3828
6624,17.6758,42.6758
6660,17.9688,42.6758
6696,17.4805,42.6758
6732,18.3594,41.9922
6768,17.6758,42.8711
6804,16.9922,43.0664
6840,17.9688,42.3828
6876,16.6992,41.6016
6912,17.5781,42.9688
6948,17.5781,43.0664
6984,17.6758,43.0664
7020,17.7734,42.1875
7056,17.4805,43.2617
7092,17.2852,43.0664
7128,17.3828,42.6758
7164,17.7734,42.1875
7200,17.3828,42.7734
7236,17.8711,43.0664
7276,17.4805,43.1641
7316,17.9688,42.8711
7356,17.8711,44.5313
7396,17.2852,43.3594
7436,17.7734,43.6523
7476,17.2852,42.0898
7516,17.1875,42.8711
7556,17.1875,43.0664
7596,17.7734,43.4570
7636,17.7734,43.1641
7676,18.4570,42.7734
7716,17.4805,42.4805
7756,16.5039,43.7500
7796,19.4336,42.8711
7836,16.8945,43.8477
7876,17.6758,43.6523
7916,17.5781,43.3594
7956,17.4805,43.3594
7996,17.5781,44.0430
8036,17.7734,43.4570
8080,17.5781,43.5547
8124,17.5781,43.7500
8168,17.8711,44.2383
8212,21.5820,43.4570
8256,21.0938,43.7500
8300,20.7031,43.8477
8344,20.5078,43.2617
8388,20.5078,43.8477
8432,20.5078,44.1406
8476,20.7031,43.4570
8520,20.7031,43.6523
8564,20.8008,43.3594
8608,21.5820,43.7500
8652,23.9258,44.1406
8696,20.6055,44.5313
8740,21.2891,44.6289
8784,20.9961,45.0195
8828,21.0938,44.2383
8876,20.1172,44.5313
8924,20.5078,43.1641
8972,20.1172,44.0430
9020,20.7031,44.8242
9068,20.7031,44.2383
9116,24.6094,43.3594
9164,20.6055,44.4336
9212,21.3867,44.7266
9260,20.4102,44.1406
9308,20.7031,43.5547
9356,21.0938,44.3359
9404,21.6797,44.5313
9452,20.4102,43.8477
9500,20.4102,44.3359
9548,20.9961,44.8242
9596,20.8984,44.3359
9644,20.3125,106.0547
9696,21.1914,44.7266
9748,21.0938,44.2383
9800,20.6055,44.5313
9852,20.3125,44.0430
9904,20.8984,44.2383
9956,20.7031,44.9219
10008,20.9961,44.7266
10060,21.3867,47.8516
10112,21.0938,43.5547
10164,20.6055,45.1172
10216,20.7031,44.5313
10268,20.3125,44.0430
10320,21.5820,45.0195
10372,21.2891,44.6289
10424,20.3125,44.7266
10480,20.7031,43.7500
10536,20.4102,45.5078
10592,20.7031,47.3633
10648,20.9961,44.7266
10704,20.9961,44.7266
10760,20.3125,45.4102
10816,20.7031,45.0195
10872,20.8984,44.8242
10928,20.4102,45.6055
10984,20.8008,45.6055
11040,20.5078,44.9219
11096,20.8008,45.0195
11152,20.6055,45.5078
11208,20.9961,45.5078
11268,20.8984,45.3125
11328,21.3867,44.4336
11388,20.8984,45.2148
11448,20.5078,45.1172
11508,20.6055,44.8242
11568,20.1172,45.5078
11628,20.8984,45.4102
11688,20.9961,44.8242
11748,21.1914,45.9961
11808,20.4102,44.4336
11868,20.8984,44.9219
11928,21.1914,46.1914
11988,20.4102,45.6055
12048,20.9961,44.6289
12112,21.4844,45.8984
12176,21.2891,45.8008
12240,20.9961,45.9961
12304,20.8008,45.8984
12368,21.3867,64.4531
12432,21.3867,45.6055
12496,20.7031,44.4336
12560,20.8984,45.7031
12624,20.9961,45.2148
12688,21.1914,46.0938
12752,20.7031,46.7773
12816,20.5078,45.0195
12884,20.6055,46.3867
12952,20.2148,45.4102
13020,20.9961,52.0508
13088,21.4844,46.7773
13156,20.8008,46.6797
13224,21.0938,46.4844
13292,20.6055,45.4102
13360,20.9961,45.8008
13428,20.7031,46.0938
13496,20.8984,45.2148
13564,20.4102,46.0938
13632,21.2891,46.3867
13704,24.3164,45.3125
13776,22.0703,47.9492
13848,20.4102,45.9961
13920,20.8008,46.2891
13992,20.8984,46.9727
14064,20.5078,46.5820
14136,20.5078,45.5078
14208,20.6055,46.6797
14280,20.8008,45.9961
14352,20.8984,45.9961
14424,21.4844,46.3867
14500,21.2891,45.8008
14576,20.8008,47.2656
14652,21.2891,46.5820
14728,20.5078,47.0703
14804,20.8984,47.0703
14880,20.9961,46.7773
14956,20.9961,46.7773
15032,20.9961,46.4844
15108,20.4102,47.0703
15184,20.6055,46.0938
15260,21.3867,46.7773
15340,20.9961,47.4609
15420,20.4102,46.8750
15500,20.6055,46.4844
15580,21.3867,46.3867
15660,21.5820,46.8750
15740,20.9961,46.6797
15820,20.8008,46.2891
15900,20.3125,48.7305
15980,20.8008,46.6797
16060,20.5078,46.9727
16144,21.1914,46.6797
16228,20.3125,46.5820
16312,20.9961,46.9727
16396,24.5117,46.1914
16480,24.5117,47.0703
16564,23.8281,46.9727
16648,24.1211,47.2656
16732,24.7070,48.2422
16816,24.3164,46.9727
16904,24.4141,47.1680
16992,24.3164,46.6797
17080,24.1211,47.0703
17168,24.7070,46.6797
17256,24.5117,47.6563
17344,24.7070,46.9727
17432,24.2188,47.1680
17520,24.2188,46.5820
17608,24.7070,47.1680
17700,24.4141,46.9727
17792,24.5117,47.3633
17884,24.9023,47.0703
17976,23.5352,46.3867
18068,23.4375,47.3633
18160,24.8047,47.5586
18252,24.4141,47.3633
18344,24.5117,47.6563
18436,25.5859,47.7539
18532,24.3164,46.3867
18628,23.9258,46.5820
18724,24.8047,47.1680
18820,24.0234,46.9727
18916,22.9492,47.2656
19012,23.8281,46.8750
19108,23.7305,47.4609
19204,24.5117,48.3398
19304,24.4141,49.3164
19404,24.3164,50.6836
19504,24.3164,47.2656
19604,24.0234,48.2422
19704,23.7305,48.0469
19804,24.2188,47.5586
19904,24.3164,47.9492
20004,23.4375,48.3398
20108,24.8047,47.7539
20212,24.3164,47.8516
20316,24.2188,47.6563
20420,24.0234,47.5586
20524,23.9258,47.0703
20628,23.8281,47.4609
20732,24.7070,48.7305
20836,24.3164,47.2656
20944,24.3164,47.9492
21052,23.8281,49.0234
21160,24.2188,48.6328
21268,26.1719,48.3398
21376,24.4141,48.0469
21484,24.1211,47.4609
21592,24.2188,48.0469
21700,24.1211,48.2422
21812,24.6094,48.2422
21924,24.7070,48.3398
22036,24.5117,48.3398
22148,24.2188,47.5586
22260,24.3164,50.8789
22372,24.7070,49.1211
22484,24.3164,47.6563
22600,24.7070,48.5352
22716,24.5117,48.9258
22832,24.0234,48.6328
22948,24.3164,48.4375
23064,24.4141,48.3398
23180,25.0000,48.7305
23296,24.3164,48.7305
23416,23.7305,48.8281
23536,25.0000,48.6328
23656,24.5117,48.1445
23776,24.2188,49.5117
23896,24.4141,48.7305
24016,24.6094,48.9258
24140,24.1211,49.2188
24264,24.8047,48.3398
24388,24.7070,50.9766
24512,24.8047,48.2422
24636,24.8047,48.8281
24760,24.3164,49.8047
24884,24.3164,49.4141
25012,24.4141,48.2422
25140,24.9023,48.6328
25268,24.5117,48.7305
25396,24.9023,48.9258
25524,23.2422,48.3398
25652,24.8047,48.9258
25784,24.1211,49.0234
25916,23.9258,49.0234
26048,24.1211,49.4141
26180,24.0234,48.6328
26312,24.6094,50.0000
26444,24.2188,50.4883
26580,24.2188,49.6094
26716,23.8281,48.3398
26852,25.1953,68.0664
26988,29.0039,55.5664
27124,30.9570,51.7578
27260,24.3164,49.6094
27400,23.6328,49.4141
27540,24.3164,50.3906
27680,24.5117,49.0234
27820,24.0234,49.3164
27960,24.7070,58.7891
28100,24.1211,49.3164
28244,23.9258,48.6328
28388,24.8047,48.8281
28532,24.2188,49.5117
28676,24.9023,50.3906
28820,24.8047,50.0000
28968,23.1445,50.0977
29116,24.3164,49.3164
29264,23.9258,52.1484
29412,24.4141,50.0000
29560,24.1211,49.4141
29708,23.9258,49.5117
29860,24.0234,50.1953
30012,24.9023,49.8047
30164,25.0000,49.7070
30316,23.8281,49.4141
30468,24.7070,50.0977
30624,24.2188,49.8047
30780,23.5352,50.4883
30936,24.6094,50.9766
31092,23.9258,50.1953
31248,24.1211,49.8047
31408,24.4141,50.5859
31568,24.3164,49.8047
31728,23.7305,50.0977
31888,24.5117,49.3164
32048,22.8516,49.0234
32212,24.1211,50.5859
32376,24.2188,50.0000
32540,24.3164,50.0000
32704,23.8281,50.2930
32868,28.4180,51.1719
33036,28.4180,50.2930
33204,28.0273,52.0508
33372,28.2227,51.5625
33540,28.2227,51.2695
33708,27.5391,50.0000
33880,26.7578,50.2930
34052,27.0508,52.0508
34224,28.3203,51.6602
34396,27.8320,51.0742
34568,27.3438,50.3906
34744,28.2227,51.3672
34920,28.2227,51.7578
35096,27.5391,52.3438
35272,27.4414,51.1719
35452,27.6367,51.0742
35632,27.9297,50.8789
35812,27.8320,50.3906
35992,27.6367,51.0742
36172,28.1250,50.5859
36356,27.6367,51.2695
36540,27.8320,51.2695
36724,33.7891,51.1719
36908,27.2461,51.3672
37096,28.4180,52.0508
37284,27.4414,51.0742
37472,28.4180,52.5391
37660,28.0273,52.1484
37852,27.2461,51.4648
38044,27.2461,50.5859
38236,27.3438,51.6602
38428,27.1484,52.4414
38624,29.3945,52.2461
38820,28.1250,51.5625
39016,27.1484,51.8555
39212,28.3203,52.1484
39412,27.8320,51.6602
39612,26.8555,51.0742
39812,28.0273,51.7578
40012,28.2227,53.6133
40216,27.7344,52.4414
40420,28.3203,52.5391
40624,28.1250,52.2461
40828,27.6367,51.6602
41036,28.6133,51.3672
41244,27.4414,52.1484
41452,28.2227,52.5391
41660,27.6367,52.0508
41872,29.7852,52.9297
42084,27.2461,52.3438
42296,27.8320,53.2227
42508,27.6367,52.7344
42724,27.9297,53.3203
42940,27.3438,52.3438
43156,27.8320,52.1484
43372,28.1250,52.4414
43592,27.2461,54.5898
43812,28.1250,52.3438
44032,27.7344,52.1484
44256,27.8320,51.4648
44480,27.2461,53.5156
44704,28.2227,52.4414
44928,27.8320,51.8555
45156,28.4180,52.5391
45384,27.9297,52.9297
45612,28.1250,53.9063
45844,28.3203,53.0273
46076,28.0273,53.1250
46308,27.7344,53.4180
46540,28.0273,52.9297
46776,27.7344,53.2227
47012,28.0273,53.3203
47248,27.4414,53.4180
47488,27.1484,53.6133
47728,28.7109,52.8320
47968,27.9297,53.0273
48208,27.5391,53.6133
48452,27.3438,52.5391
48696,27.8320,53.7109
48940,27.9297,52.9297
49188,27.8320,52.5391
49436,27.6367,53.5156
49684,27.7344,54.9805
49936,27.6367,53.8086
50188,27.9297,53.8086
50440,27.9297,53.2227
50696,27.7344,53.7109
50952,27.1484,52.9297
51208,26.4648,52.8320
51468,27.2461,53.9063
51728,28.5156,54.0039
51988,28.0273,52.8320
52248,27.1484,53.8086
52512,28.7109,53.3203
52776,28.6133,52.8320
53040,28.1250,53.9063
53308,27.6367,53.4180
53576,28.5156,54.4922
53844,27.5391,53.5156
54116,27.3438,59.4727
54388,27.7344,53.2227
54660,27.7344,53.8086
54936,28.4180,54.7852
55212,28.3203,53.4180
55492,27.8320,53.0273
55772,27.7344,54.0039
56052,26.7578,53.6133
56336,28.3203,56.1523
56620,27.7344,54.5898
56904,27.8320,52.7344
57192,27.9297,53.5156
57480,27.7344,55.0781
57768,28.3203,54.1992
58060,28.8086,54.2969
58352,28.1250,54.9805
58644,27.7344,53.6133
58940,29.4922,54.7852
59236,27.9297,54.6875
59536,26.9531,54.4922
59836,27.6367,54.9805
60136,28.1250,54.4922
60440,26.7578,53.8086
60744,27.8320,54.7852
61048,28.0273,53.8086
61356,29.9805,54.8828
61664,27.6367,56.0547
61976,27.1484,54.7852
62288,27.9297,55.3711
62600,29.1016,55.5664
62916,28.3203,54.8828
63232,27.6367,54.8828
63552,28.4180,54.8828
63872,29.9805,55.6641
64192,27.6367,55.5664
64516,27.6367,55.2734
64840,27.9297,55.6641
65168,27.4414,55.4688
65496,29.6875,55.5664
65824,33.2031,55.4688
66156,32.5195,56.7383
66488,31.7383,57.3242
66824,31.8359,56.3477
67160,32.0313,55.1758
67496,31.3477,55.6641
67836,31.6406,55.6641
68176,31.3477,55.6641
68520,31.2500,55.3711
68864,32.1289,56.0547
69212,31.8359,57.1289
69560,31.9336,55.2734
69908,32.6172,55.9570
70260,30.9570,56.0547
70612,32.0313,55.5664
70968,31.7383,57.0313
71324,31.3477,56.8359
71684,32.4219,56.3477
72044,30.6641,58.3008
72408,31.4453,56.1523
72772,31.1523,56.4453
73136,32.0313,56.3477
73504,31.7383,55.5664
73872,31.8359,56.7383
74244,31.1523,56.6406
74616,31.3477,56.1523
74992,33.6914,56.5430
75368,31.5430,55.8594
75748,31.6406,55.7617
76128,31.6406,55.9570
76512,31.2500,55.9570
76896,31.1523,55.9570
77284,30.7617,55.2734
77672,32.2266,57.5195
78064,33.7891,56.1523
78456,30.9570,56.6406
78852,31.4453,56.9336
79248,31.1523,56.2500
79648,31.5430,55.7617
80048,31.1523,57.5195
80452,32.6172,57.0313
80856,32.1289,56.5430
81264,32.6172,56.5430
81672,31.6406,56.4453
82084,31.5430,56.2500
82496,31.4453,56.7383
82912,31.3477,57.8125
83328,31.7383,56.8359
83748,31.9336,56.6406
84168,31.5430,56.3477
84592,32.6172,56.6406
85016,30.9570,57.3242
85444,31.6406,57.2266
85872,31.6406,56.5430
86304,31.2500,57.2266
86736,31.7383,57.8125
87172,37.3047,57.9102
87608,31.9336,57.1289
88048,31.2500,57.7148
88492,31.3477,57.9102
88936,31.6406,57.8125
89384,31.6406,57.1289
89832,31.0547,58.3984
90284,31.7383,57.1289
90736,31.5430,57.2266
91192,32.6172,60.0586
91648,31.8359,57.4219
92108,31.1523,57.9102
92572,31.3477,57.4219
93036,32.2266,58.0078
93504,31.3477,57.2266
93972,30.5664,57.6172
94444,30.8594,57.4219
94920,33.2031,57.8125
95396,32.3242,58.8867
95876,31.8359,58.6914
96356,31.4453,57.7148
96840,31.7383,57.9102
97328,31.7383,58.7891
97816,31.8359,58.8867
98308,31.8359,59.1797
98800,33.5938,58.4961
99296,32.2266,57.7148
99796,31.4453,58.3008
100296,31.7383,58.1055
100800,31.6406,59.0820
101304,31.8359,58.3984
101812,32.5195,59.2773
102324,32.5195,62.5977
102836,31.3477,59.0820
103352,32.1289,58.8867
103872,31.8359,58.0078
104392,31.9336,59.3750
104916,33.7891,59.9609
105444,31.0547,58.5938
105972,31.3477,59.0820
106504,30.8594,60.5469
107040,31.9336,59.3750
107576,31.7383,58.8867
108116,32.0313,58.4961
108660,31.4453,58.3984
109204,31.6406,58.5938
109752,31.1523,59.4727
110304,32.1289,58.8867
110856,34.4727,59.4727
111412,32.8125,58.3984
111972,31.8359,58.4961
112532,31.8359,58.8867
113096,31.9336,60.1563
113664,31.0547,63.7695
114236,33.8867,59.0820
114808,31.0547,61.1328
115384,31.9336,59.6680
115964,31.5430,59.7656
116544,33.3984,59.2773
117128,32.2266,59.1797
117716,31.4453,59.9609
118308,31.1523,59.5703
118900,30.7617,59.3750
119496,33.4961,59.3750
120096,32.1289,59.6680
120700,31.4453,60.1563
121304,31.8359,60.3516
121912,31.9336,59.4727
122524,31.6406,59.9609
123140,31.6406,59.1797
123756,31.6406,59.1797
124376,31.5430,60.1563
125000,31.3477,60.0586
125628,31.3477,60.0586
126260,32.2266,59.9609
126892,31.9336,60.7422
127528,32.0313,60.0586
128168,31.7383,60.3516
128812,32.0313,62.2070
129460,31.5430,60.5469
130108,32.0313,59.5703
130760,32.1289,60.7422
131416,38.3789,60.7422
132076,37.3047,60.1563
132740,36.3281,60.5469
133404,36.5234,59.6680
134072,36.1328,59.7656
134744,37.1094,60.2539
135420,36.5234,60.1563
136100,36.0352,60.4492
136784,36.3281,61.0352
137468,36.2305,60.2539
138156,36.8164,60.4492
138848,37.7930,60.4492
139544,36.1328,59.9609
140244,35.0586,60.3516
140948,34.8633,60.4492
141656,35.4492,59.8633
142368,35.3516,59.9609
143080,36.4258,61.3281
143796,36.0352,60.3516
144516,35.6445,60.3516
145240,36.0352,60.1563
145968,35.5469,60.3516
146700,36.1328,61.3281
147436,39.7461,61.1328
148176,35.9375,61.0352
148920,35.8398,63.0859
149668,36.1328,62.3047
150420,35.2539,61.4258
151176,36.4258,61.7188
151932,35.3516,60.2539
152692,35.9375,61.3281
153456,35.8398,61.5234
154224,36.2305,63.0859
154996,35.4492,61.3281
155772,36.1328,61.6211
156552,36.3281,62.1094
157336,36.2305,63.0859
158124,35.2539,61.8164
158916,36.1328,62.8906
159712,36.0352,61.1328
160512,36.4258,61.9141
161316,37.6953,64.1602
162124,35.8398,61.2305
162936,37.0117,61.8164
163752,35.4492,61.8164
164572,35.9375,61.6211
165396,35.8398,61.2305
166224,36.1328,62.0117
167056,36.6211,63.1836
167892,36.2305,62.1094
168732,35.9375,61.3281
169576,35.7422,62.0117
170424,36.6211,62.3047
171280,35.0586,61.3281
172140,39.8438,61.4258
173004,35.6445,62.7930
173872,35.5469,62.2070
174744,39.3555,65.0391
175620,36.0352,61.6211
176500,37.3047,62.3047
177384,35.7422,61.7188
178272,36.4258,63.0859
179164,36.2305,62.7930
180060,35.4492,62.4023
180964,35.1563,61.9141
181872,36.0352,62.7930
182784,35.6445,61.9141
183700,35.1563,61.9141
184620,35.9375,70.5078
185544,35.5469,62.9883
186472,36.4258,63.1836
187408,36.2305,62.4023
188348,36.7188,64.5508
189292,35.9375,62.1094
190240,36.1328,62.4023
191192,37.7930,62.9883
192148,35.8398,62.1094
193112,35.1563,63.0859
194080,37.0117,61.6211
195052,35.6445,62.0117
196028,36.4258,62.9883
197012,35.5469,63.0859
198000,35.2539,62.5977
198992,36.0352,63.0859
199988,35.5469,62.5000
200988,36.2305,62.6953
201996,36.2305,62.0117
203008,36.3281,62.9883
204024,35.5469,63.2813
205048,35.6445,65.0391
206076,36.2305,63.6719
207108,35.8398,63.0859
208144,35.7422,63.5742
209188,36.9141,63.8672
210236,36.7188,63.5742
211288,37.9883,63.7695
212348,36.8164,62.7930
213412,36.6211,62.8906
214480,36.4258,63.4766
215556,36.0352,63.5742
216636,35.7422,63.6719
217720,36.6211,63.2813
218812,36.7188,63.0859
219908,36.8164,64.3555
221008,36.8164,63.9648
222116,36.8164,63.5742
223228,35.4492,63.0859
224348,35.7422,64.2578
225472,36.2305,62.4023
226600,35.8398,64.6484
227736,36.5234,62.6953
228876,36.6211,63.8672
230024,35.8398,64.6484
231176,36.2305,63.2813
232332,35.5469,63.7695
233496,36.1328,63.9648
234664,36.9141,66.7969
235840,36.9141,64.5508
237020,35.0586,62.9883
238208,36.1328,65.2344
239400,36.7188,70.8984
240600,37.5000,69.1406
241804,37.5000,64.9414
243016,35.7422,66.4063
244232,35.7422,65.0391
245456,36.2305,65.1367
246684,37.8906,66.0156
247920,35.9375,65.1367
249160,37.0117,64.4531
250408,36.2305,65.0391
251664,36.2305,66.3086
252924,36.2305,65.9180
254192,38.5742,66.2109
255464,37.3047,65.4297
256744,36.4258,65.0391
258028,36.3281,65.0391
259320,36.4258,64.9414
260620,39.3555,64.8438
261924,38.2813,67.1875
263236,43.8477,66.4063
264556,42.5781,65.3320
265880,42.6758,66.1133
267212,42.2852,65.8203
268552,42.1875,67.4805
269896,41.8945,64.6484
271248,41.8945,64.9414
272608,42.2852,66.1133
273972,41.9922,66.0156
275344,41.1133,65.1367
276724,42.6758,65.7227
278108,42.4805,66.0156
279500,42.2852,66.2109
280900,41.9922,66.7969
282308,41.6016,65.9180
283720,41.2109,65.8203
285140,41.0156,66.6016
286568,41.1133,76.5625
288004,42.1875,66.4063
289448,41.8945,66.3086
290896,42.0898,66.4063
292352,41.9922,66.8945
293816,41.7969,66.1133
295288,41.0156,65.0391
296768,43.1641,66.4063
298252,41.4063,67.1875
299744,42.4805,67.1875
301244,41.1133,66.7969
302752,41.6016,66.1133
304268,41.6016,65.9180
305792,42.1875,70.5078
307324,41.7969,67.5781
308864,41.0156,66.2109
310412,41.4063,67.2852
311968,41.5039,66.6016
313528,41.4063,66.2109
315096,42.1875,67.0898
316672,41.9922,67.0898
318256,41.2109,66.6992
319848,41.2109,68.0664
321448,40.9180,66.7969
323056,42.2852,68.1641
324672,41.7969,68.5547
326296,43.8477,67.4805
327928,43.2617,68.0664
329568,41.9922,67.9688
331216,42.5781,67.6758
332876,41.3086,66.7969
334544,42.3828,68.0664
336220,42.3828,69.7266
337904,41.8945,67.9688
339596,42.1875,67.9688
341296,41.7969,68.4570
343004,41.6016,68.8477
344720,41.4063,67.7734
346444,41.6016,69.6289
348180,42.1875,67.7734
349924,42.6758,68.3594
351676,42.4805,68.0664
353436,41.5039,67.6758
355204,41.6992,67.9688
356984,42.1875,68.8477
358772,43.8477,69.5313
360568,41.9922,69.2383
362372,42.2852,69.1406
364184,43.0664,68.2617
366008,42.1875,68.9453
367840,42.2852,68.8477
369680,43.2617,69.2383
371532,42.0898,68.2617
373392,42.1875,68.2617
375260,44.1406,68.6523
377140,41.9922,69.2383
379028,42.5781,69.3359
380924,42.8711,72.4609
382832,42.5781,70.4102
384748,41.6992,69.4336
386672,42.6758,70.8008
388608,41.8945,68.9453
390552,42.4805,69.2383
392508,41.6016,70.7031
394472,41.2109,68.4570
396448,42.5781,70.8984
398432,41.6992,69.3359
400428,41.8945,68.9453
402432,42.4805,68.9453
404448,43.1641,71.3867
406472,41.1133,69.9219
408508,41.4063,70.3125
410552,42.6758,69.8242
412608,42.4805,70.4102
414672,42.6758,70.4102
416748,42.6758,69.6289
418832,42.1875,71.2891
420928,42.6758,70.3125
423036,42.0898,69.9219
425152,42.8711,70.2148
427280,43.5547,69.9219
429420,43.2617,70.6055
431568,42.6758,70.3125
433728,43.0664,70.9961
435900,42.1875,70.1172
438080,42.3828,70.1172
440272,43.7500,68.9453
442476,42.2852,71.0938
444692,42.8711,70.3125
446916,42.5781,69.6289
449152,41.9922,70.5078
451400,42.5781,70.8984
453660,42.9688,71.4844
455932,43.5547,71.0938
458212,44.6289,70.6055
460504,42.7734,70.6055
462808,45.7031,71.9727
465124,42.7734,71.5820
467452,44.0430,71.7773
469792,41.6016,70.4102
472144,42.7734,72.3633
474508,49.6094,73.2422
476884,44.2383,73.9258
479272,43.6523,72.4609
481672,42.4805,72.4609
484084,43.4570,73.8281
486508,43.6523,72.2656
488944,43.6523,72.6563
491392,43.3594,72.3633
493852,43.3594,74.2188
496324,43.6523,75.4883
498808,43.6523,73.7305
501304,43.8477,74.0234
503812,43.2617,73.3398
506332,43.8477,72.7539
508864,43.5547,74.9023
511412,43.6523,80.3711
513972,43.5547,71.9727
516544,42.6758,73.5352
519128,44.1406,73.9258
521724,43.5547,74.3164
524336,59.8633,80.3711
526960,51.8555,73.4375
529596,49.9023,73.2422
532244,50.2930,74.4141
534908,49.3164,72.7539
537584,49.8047,75.1953
540272,49.5117,76.5625
542976,49.1211,74.3164
545692,48.7305,74.7070
548424,48.9258,74.8047
551168,48.6328,72.7539
553924,50.5859,75.1953
556696,51.2695,75.0000
559480,49.1211,75.3906
562280,49.7070,75.3906
565092,49.3164,74.7070
567920,49.3164,75.7813
570760,50.1953,78.1250
573616,49.0234,75.2930
576488,49.6094,75.0000
579372,48.4375,75.0977
582272,50.4883,75.1953
585184,48.6328,75.7813
588112,52.7344,75.7813
591056,49.3164,75.4883
594012,49.3164,74.5117
596984,50.0000,76.1719
599972,50.0977,76.0742
602972,50.0000,80.6641
605988,49.4141,76.3672
609020,50.0977,75.4883
612068,49.4141,77.4414
615132,49.4141,75.9766
618208,48.5352,76.0742
621300,52.2461,76.4648
624408,50.4883,76.4648
627532,49.8047,76.8555
630672,50.2930,77.2461
633828,49.6094,77.2461
637000,50.0977,80.2734
640188,50.3906,77.8320
643392,50.2930,76.9531
646612,49.4141,76.2695
649848,50.9766,77.3438
653100,50.3906,79.5898
656368,48.7305,78.0273
659652,49.5117,78.4180
662952,49.9023,77.3438
666268,50.0000,78.2227
669600,50.6836,78.7109
672948,50.2930,78.9063
676316,54.1016,81.9336
679700,50.6836,78.6133
683100,50.0000,78.9063
686516,50.5859,79.3945
689952,54.2969,78.7109
693404,49.9023,78.5156
696872,49.4141,79.6875
700360,50.1953,79.9805
703864,50.1953,80.4688
707384,50.4883,81.4453
710924,54.2969,76.3672
714480,48.0469,75.5859
718056,48.0469,75.1953
721648,47.0703,75.5859
725260,50.0977,75.9766
728888,47.9492,77.1484
732536,48.1445,75.1953
736200,47.6563,76.8555
739884,48.6328,77.2461
743584,47.9492,79.5898
747304,46.6797,75.4883
751044,48.2422,76.8555
754800,47.7539,76.4648
758576,48.1445,77.6367
762372,48.1445,79.8828
766184,48.3398,77.4414
770016,48.1445,76.4648
773868,47.7539,75.9766
777740,48.7305,77.3438
781632,48.1445,78.0273
785544,53.0273,81.6406
789472,47.5586,78.8086
793420,48.4375,78.3203
797388,47.7539,76.7578
801376,49.2188,78.3203
805384,48.2422,77.9297
809412,60.4492,80.5664
813460,48.3398,80.8594
817528,47.6563,77.6367
821616,49.5117,77.6367
825728,48.1445,80.2734
829860,48.8281,78.7109
834012,48.9258,78.5156
838184,48.5352,79.4922
842376,49.3164,79.3945
846588,49.0234,82.3242
850824,49.2188,79.1992
855080,49.2188,79.1992
859356,48.5352,78.3203
863656,48.9258,79.6875
867976,48.1445,80.2734
872316,48.5352,79.8828
876680,49.1211,80.0781
881064,48.8281,82.3242
885472,49.0234,80.2734
889900,49.2188,79.2969
894352,49.1211,82.1289
898824,51.0742,82.5195
903320,50.0000,81.8359
907840,48.3398,79.4922
912380,49.2188,81.3477
916944,48.7305,80.8594
921532,49.0234,79.8828
926140,49.5117,80.8594
930772,48.7305,82.3242
935428,48.5352,80.8594
940108,50.5859,83.8867
944812,49.3164,82.3242
949540,49.4141,80.3711
954288,49.2188,83.3008
959060,49.7070,82.4219
963856,48.5352,92.9688
968676,49.8047,82.0313
973520,49.7070,81.7383
978388,48.1445,80.7617
983280,50.0977,81.6406
988200,50.0000,82.5195
993144,49.2188,81.9336
998112,48.8281,83.0078
1003104,49.9023,81.9336
1008120,49.6094,84.1797
1013164,50.0977,81.3477
1018232,50.5859,82.0313
1023324,49.4141,82.4219
1028444,49.5117,82.8125
1033588,50.0977,86.0352
1038756,49.8047,82.2266
1043952,49.3164,83.2031
1049172,59.3750,86.0352
1054420,57.4219,83.5938
1059696,56.0547,87.1094
1064996,56.4453,84.8633
1070324,61.8164,84.4727
1075676,56.2500,83.5938
1081056,59.3750,84.4727
1086464,56.1523,85.3516
1091900,55.1758,84.0820
1097360,55.6641,84.0820
1102848,56.5430,84.7656
1108364,56.0547,83.6914
1113908,55.4688,85.3516
1119480,55.9570,86.2305
1125080,55.5664,85.5469
1130708,56.3477,89.7461
1136364,66.6016,84.5703
1142048,56.0547,84.0820
1147760,56.0547,84.6680
1153500,57.8125,87.0117
1159268,64.5508,85.8398
1165068,59.3750,86.5234
1170896,55.1758,84.5703
1176752,57.3242,85.6445
1182636,57.2266,103.4180
1188552,55.9570,86.1328
1194496,58.3984,86.0352
1200472,57.1289,87.1094
1206476,56.9336,85.1563
1212512,57.4219,86.0352
1218576,55.7617,86.2305
1224672,57.0313,86.9141
1230796,56.5430,86.7188
1236952,56.7383,88.1836
1243140,56.6406,87.0117
1249356,57.8125,86.3281
1255604,56.9336,86.0352
1261884,58.0078,86.3281
1268196,56.8359,87.7930
1274540,56.7383,86.8164
1280916,56.7383,86.9141
1287324,56.2500,86.5234
1293764,57.2266,89.3555
1300236,57.8125,87.1094
1306740,57.3242,89.3555
1313276,57.2266,86.4258
1319844,57.1289,88.8672
1326444,56.9336,87.4023
1333080,56.8359,87.0117
1339748,57.2266,89.6484
1346448,55.1758,86.7188
1353184,60.2539,87.6953
1359952,57.1289,89.0625
1366752,55.9570,89.2578
1373588,57.1289,89.1602
1380456,57.7148,90.3320
1387360,57.4219,88.4766
1394300,57.7148,89.7461
1401272,57.1289,89.0625
1408280,56.4453,88.8672
1415324,56.4453,88.1836
1422404,57.3242,90.1367
1429520,56.7383,88.8672
1436668,57.2266,89.3555
1443852,58.9844,89.0625
1451072,58.0078,90.3320
1458328,56.9336,90.2344
1465620,58.0078,89.3555
1472952,57.4219,93.5547
1480320,58.3984,89.3555
1487724,57.2266,88.6719
1495164,57.4219,90.2344
1502640,58.1055,90.3320
1510156,58.0078,90.8203
1517708,58.0078,89.0625
1525300,60.1563,92.2852
1532928,58.0078,91.1133
1540596,66.4063,90.3320
1548300,57.9102,91.6016
1556044,58.2031,89.8438
1563828,56.1523,89.5508
1571648,59.7656,90.4297
1579508,57.9102,90.4297
1587408,57.1289,89.8438
1595348,58.3984,90.9180
1603328,65.5273,93.0664
1611348,58.5938,91.1133
1619408,57.6172,99.8047
1627508,60.6445,95.8984
1635648,58.1055,92.6758
1643828,57.5195,92.3828
1652048,57.8125,91.4063
1660312,59.5703,92.9688
1668616,57.5195,91.5039
1676960,58.2031,92.1875
1685348,58.8867,95.2148
1693776,58.5938,91.6016
1702248,58.7891,92.7734
1710760,59.7656,92.4805
1719316,58.8867,94.5313
1727916,58.3984,90.8203
1736556,58.3984,92.9688
1745240,58.3984,92.9688
1753968,62.9883,94.2383
1762740,58.9844,93.8477
1771556,59.3750,93.3594
1780416,58.0078,92.0898
1789320,59.1797,95.9961
1798268,59.1797,93.3594
1807260,57.9102,93.1641
1816300,59.1797,92.1875
1825384,58.7891,96.9727
1834512,59.4727,94.3359
1843688,59.3750,92.2852
1852908,59.7656,93.0664
1862176,59.2773,94.3359
1871488,59.5703,94.7266
1880848,58.5938,94.9219
1890256,59.8633,94.5313
1899708,58.5938,92.8711
1909208,59.9609,93.0664
1918756,59.4727,94.7266
1928352,61.1328,97.3633
1937996,59.9609,96.7773
1947688,59.9609,94.3359
1957428,60.0586,94.7266
1967216,59.7656,94.0430
1977056,60.3516,98.0469
1986944,58.3008,95.4102
1996880,59.5703,94.2383
2006868,59.4727,96.4844
2016904,59.9609,98.0469
2026992,60.5469,95.7031
2037128,59.8633,96.2891
2047316,60.2539,95.9961
2057556,60.4492,97.2656
2067844,59.3750,94.1406
2078184,60.8398,96.9727
2088576,59.9609,96.8750
2099020,70.3125,97.2656
2109516,67.6758,95.4102
2120064,66.8945,95.8984
2130668,67.1875,96.0938
2141324,67.0898,97.3633
2152032,67.1875,97.2656
2162796,66.5039,96.2891
2173612,64.9414,99.1211
2184484,68.2617,98.9258
2195408,67.2852,97.9492
2206388,67.1875,97.0703
2217420,67.5781,99.0234
2228508,66.4063,98.0469
2239652,66.6992,95.8008
2250852,67.0898,96.8750
2262108,69.3359,96.9727
2273420,66.6016,97.3633
2284788,67.7734,100.9766
2296212,67.7734,98.9258
2307696,67.6758,96.5820
2319236,66.0156,97.9492
2330836,67.6758,98.4375
2342492,66.2109,98.3398
2354208,67.0898,99.1211
2365980,66.6016,97.8516
2377812,66.8945,98.1445
2389704,68.1641,98.4375
2401656,105.3711,104.2969
2413668,74.2188,100.9766
2425740,68.6523,97.9492
2437872,66.7969,97.5586
2450064,68.8477,97.8516
2462316,67.7734,97.2656
2474628,66.7969,98.4375
2487004,67.5781,104.9805
2499440,66.2109,99.1211
2511940,67.6758,98.3398
2524500,66.6992,98.1445
2537124,69.9219,99.0234
2549812,67.3828,100.0000
2562564,66.6016,100.6836
2575380,67.2852,101.6602
2588260,66.3086,98.8281
2601204,66.6992,99.1211
2614212,65.6250,99.1211
2627284,70.4102,100.1953
2640424,66.9922,100.0977
2653628,68.2617,100.8789
2666900,68.1641,101.9531
2680236,67.2852,100.2930
2693640,67.7734,99.1211
2707112,69.6289,101.2695
2720648,69.1406,100.1953
2734252,68.5547,100.7813
2747924,67.9688,101.6602
2761664,67.2852,100.8789
2775476,67.8711,101.8555
2789356,67.4805,100.9766
2803304,68.2617,101.5625
2817324,67.0898,100.5859
2831412,66.8945,100.3906
2845572,67.6758,100.5859
2859800,68.7500,100.9766
2874100,68.9453,100.7813
2888472,69.0430,104.5898
2902916,67.7734,119.9219
2917432,66.8945,101.3672
2932020,68.5547,101.3672
2946684,67.4805,101.6602
2961420,67.0898,100.6836
2976228,67.7734,101.5625
2991112,68.4570,101.2695
3006068,70.2148,98.7305
3021100,67.6758,102.5391
3036208,68.6523,102.1484
3051392,67.2852,104.6875
3066652,66.7969,99.3164
3081988,66.7969,101.2695
3097400,68.0664,102.2461
3112888,68.4570,103.2227
3128456,68.3594,101.3672
3144100,68.5547,103.7109
3159824,70.4102,103.5156
3175624,67.1875,102.0508
3191504,67.4805,101.3672
3207464,68.2617,105.9570
3223504,66.8945,101.9531
3239624,68.2617,104.1992
3255824,68.9453,105.8594
3272104,67.0898,102.8320
3288468,68.0664,101.8555
3304912,67.8711,102.7344
3321440,68.5547,102.5391
3338048,68.4570,103.6133
3354740,69.0430,103.4180
3371516,71.3867,101.4648
3388376,67.0898,103.8086
3405320,69.2383,104.1992
3422348,66.6992,101.2695
3439460,68.2617,102.2461
3456660,66.8945,101.7578
3473944,68.1641,106.9336
3491316,68.2617,104.9805
3508776,69.5313,105.3711
3526320,68.6523,107.2266
3543952,68.1641,104.5898
3561672,68.6523,103.4180
3579484,69.6289,108.1055
3597384,73.8281,107.7148
3615372,70.7031,105.1758
3633452,68.9453,104.0039
3651620,68.7500,107.0313
3669880,74.8047,110.1563
3688232,68.0664,103.7109
3706676,68.9453,123.7305
3725212,70.8984,105.0781
3743840,69.0430,104.3945
3762560,70.1172,109.4727
3781376,69.5313,105.2734
3800284,68.6523,105.6641
3819288,69.2383,108.4961
3838388,70.5078,106.7383
3857580,68.9453,107.2266
3876868,70.2148,109.3750
3896256,69.8242,104.2969
3915740,70.4102,105.7617
3935320,69.2383,107.2266
3955000,69.6289,112.2070
3974776,70.2148,104.2969
3994652,68.5547,111.0352
4014628,69.6289,104.9805
4034704,70.4102,106.7383
4054880,68.2617,107.0313
4075156,69.1406,106.9336
4095532,67.9688,107.7148
4116012,70.2148,109.2773
4136596,69.1406,107.4219
4157280,69.6289,108.0078
4178068,70.5078,111.1328
4198960,77.9297,108.7891
4219956,77.3438,107.5195
4241056,77.0508,106.4453
4262264,76.8555,107.2266
4283576,76.1719,108.1055
4304996,78.8086,108.3984
4326524,76.8555,107.3242
4348160,77.0508,107.6172
4369904,79.8828,107.5195
4391756,76.8555,107.0313
4413716,77.9297,108.1055
4435788,78.3203,109.6680
4457968,76.6602,107.5195
4480260,78.3203,113.2813
4502664,78.2227,108.8867
4525180,79.2969,108.8867
4547808,77.4414,108.7891
4570548,78.5156,109.1797
4593404,78.0273,109.4727
4616372,79.5898,109.4727
4639456,77.5391,110.1563
4662656,76.5625,108.8867
4685972,77.3438,108.8867
4709404,77.2461,108.7891
4732952,79.1016,110.1563
4756620,76.2695,109.4727
4780404,77.6367,109.0820
4804308,78.1250,110.3516
4828332,80.7617,109.6680
4852476,77.9297,110.3516
4876740,80.1758,111.5234
4901124,77.0508,109.2773
4925632,77.9297,113.7695
4950264,77.2461,107.9102
4975016,77.9297,109.7656
4999892,77.8320,110.5469
5024892,77.8320,109.6680
5050020,77.2461,109.8633
5075272,80.6641,109.6680
5100652,76.2695,108.6914
5126156,78.3203,113.3789
5151788,79.0039,111.6211
5177548,79.1016,110.0586
5203436,78.4180,112.5977
5229456,77.7344,110.1563
5255604,77.7344,109.1797
5281884,77.8320,110.9375
5308296,78.1250,113.9648
5334840,84.5703,118.4570
5361516,78.0273,110.8398
5388324,79.6875,112.1094
5415268,90.2344,112.8906
5442348,78.6133,111.2305
5469560,78.8086,114.5508
5496908,79.1016,112.0117
5524396,78.2227,112.8906
5552020,79.1016,112.4023
5579784,79.1016,111.6211
5607684,78.4180,114.0625
5635724,78.8086,111.9141
5663904,78.1250,112.3047
5692224,90.4297,113.7695
5720688,77.5391,111.8164
5749292,78.5156,114.2578
5778040,78.1250,111.2305
5806932,76.9531,112.3047
5835968,80.9570,112.9883
5865148,78.6133,114.6484
5894476,77.5391,114.0625
5923952,76.5625,113.8672
5953572,78.1250,113.3789
5983340,77.7344,112.4023
6013260,77.4414,112.5977
6043328,77.5391,113.1836
6073548,79.1016,112.9883
6103916,78.1250,112.2070
6134436,77.6367,112.8906
6165112,78.2227,113.0859
6195940,79.3945,115.8203
6226920,78.2227,112.9883
6258056,77.9297,116.2109
6289348,79.4922,115.4297
6320796,79.1992,114.0625
6352400,81.6406,113.7695
6384164,77.1484,113.7695
6416088,79.1992,117.6758
6448172,77.7344,113.8672
6480416,77.6367,112.5000
6512820,78.7109,114.4531
6545388,78.7109,113.2813
6578116,77.2461,113.7695
6611008,78.5156,115.0391
6644064,78.6133,116.6016
6677288,79.1016,115.2344
6710676,81.3477,117.8711
6744232,79.1992,114.8438
6777956,78.2227,115.2344
6811848,78.7109,115.4297
6845908,80.6641,114.6484
6880140,79.3945,118.2617
6914544,78.0273,114.4531
6949120,79.5898,115.5273
6983868,78.9063,116.6992
7018788,79.1992,116.6016
7053884,83.3008,117.9688
7089156,79.4922,116.2109
7124604,80.7617,116.6992
7160228,79.0039,116.5039
7196032,77.9297,116.5039
7232016,79.7852,116.6992
7268180,79.1992,118.2617
7304524,80.5664,116.9922
7341048,80.9570,121.5820
7377756,79.9805,115.8203
7414648,78.8086,116.0156
7451724,79.1992,116.5039
7488984,79.9805,116.5039
7526432,78.6133,116.6016
7564068,79.1016,116.6016
7601892,80.6641,121.6797
7639904,80.3711,116.6016
7678104,79.1992,117.1875
7716496,79.5898,116.8945
7755080,79.6875,118.6523
7793856,79.7852,117.0898
7832828,80.3711,117.9688
7871996,81.4453,118.7500
7911356,79.1016,117.2852
7950916,79.8828,116.8945
7990672,80.1758,116.8945
8030628,81.3477,120.2148
8070784,79.4922,117.9688
8111140,81.6406,118.5547
8151696,80.7617,134.1797
8192456,79.4922,118.0664
8233420,81.0547,121.1914
8274588,80.6641,117.4805
8315964,80.2734,124.0234
8357544,81.1523,119.8242
8399332,88.8672,120.0195
8441332,87.2070,119.9219
8483540,87.7930,119.6289
8525960,89.8438,120.7031
8568592,88.3789,120.4102
8611436,89.0625,120.9961
8654496,86.8164,118.7500
8697772,87.6953,117.9688
8741264,86.6211,119.7266
8784972,88.8672,120.0195
8828900,88.5742,120.9961
8873048,88.1836,119.8242
8917416,88.3789,121.3867
8962004,87.5000,120.0195
9006816,87.5977,120.6055
9051852,90.4297,120.3125
9097112,88.4766,122.4609
9142600,87.6953,120.4102
9188316,87.6953,122.5586
9234260,87.5000,120.3125
9280432,87.1094,121.5820
9326836,87.5000,118.8477
9373472,86.6211,122.5586
9420340,87.2070,119.8242
9467444,89.6484,154.1016
9514784,87.5000,122.0703
9562360,87.9883,120.0195
9610172,87.0117,118.0664
9658224,91.2109,121.0938
9706516,87.5977,121.1914
9755052,88.9648,121.6797
9803828,86.5234,121.5820
9852848,89.2578,121.4844
9902116,87.7930,121.0938
9951628,88.7695,123.8281
10001388,87.5000,121.7773
10051396,87.6953,121.4844
10101656,88.3789,121.6797
10152168,87.7930,120.1172
10202932,90.5273,121.8750
10253948,88.5742,121.8750
10305220,90.4297,120.2148
10356748,88.4766,122.7539
10408532,88.2813,121.6797
10460576,90.4297,123.3398
10512880,89.7461,122.4609
10565448,88.7695,125.8789
10618276,88.5742,122.7539
10671368,89.0625,120.1172
10724728,88.1836,124.6094
10778352,89.1602,121.1914
10832244,89.6484,123.0469
10886408,88.4766,123.4375
10940844,88.5742,121.6797
10995552,89.5508,123.0469
11050532,87.3047,122.2656
11105788,89.8438,122.7539
11161320,91.2109,123.0469
11217128,88.5742,123.8281
11273216,88.1836,123.9258
11329584,87.1094,123.7305
11386232,89.1602,123.5352
11443164,88.8672,124.0234
11500380,88.0859,124.1211
11557884,91.9922,122.0703
11615676,89.1602,123.1445
11673756,88.3789,124.0234
11732128,88.6719,126.2695
11790792,88.9648,122.3633
11849748,88.9648,125.3906
11909000,89.1602,124.7070
11968548,89.7461,124.0234
12028392,88.9648,125.1953
12088536,89.9414,124.6094
12148980,117.4805,133.1055
12209728,102.7344,130.0781
12270780,90.1367,142.6758
12332136,89.1602,124.6094
12393800,91.1133,123.9258
12455772,89.1602,124.8047
12518052,90.7227,125.3906
12580644,92.1875,126.9531
12643548,100.5859,124.8047
12706768,91.3086,126.8555
12770304,89.5508,122.7539
12834156,88.0859,123.5352
12898328,91.6992,125.9766
12962820,88.8672,124.3164
13027636,88.1836,124.3164
13092776,89.5508,125.5859
13158240,89.6484,127.4414
13224032,88.9648,125.8789
13290156,89.1602,127.2461
13356608,91.2109,126.3672
13423392,88.6719,126.6602
13490512,89.2578,127.9297
13557968,87.5977,125.0000
13625760,89.6484,126.7578
13693892,88.7695,127.3438
13762364,89.6484,127.0508
13831176,91.3086,125.0977
13900332,89.4531,130.8594
13969836,89.9414,124.8047
14039688,92.6758,133.7891
14109888,90.1367,129.5898
14180440,88.0859,127.2461
14251344,92.1875,127.5391
14322604,91.2109,129.3945
14394220,86.9141,125.6836
14466192,89.3555,126.7578
14538524,88.0859,127.8320
14611220,90.2344,128.1250
14684280,92.3828,127.4414
14757704,91.3086,128.6133
14831496,90.4297,126.4648
14905656,89.8438,128.1250
14980188,89.5508,128.9063
15055092,89.5508,128.3203
15130368,89.1602,128.0273
15206020,89.8438,128.9063
15282052,91.7969,128.5156
15358464,90.8203,130.3711
15435260,89.9414,127.0508
15512440,90.7227,131.8359
15590004,90.9180,129.7852
15667956,92.8711,128.5156
15746296,89.0625,129.1992
15825028,90.4297,126.5625
15904156,89.7461,128.1250
15983680,93.6523,127.8320
16063600,91.6992,133.2031
16143920,89.5508,130.9570
16224640,89.9414,130.0781
16305764,91.1133,135.4492
16387296,90.7227,132.1289
16469236,91.6992,129.2969
16551584,91.1133,130.8594
16634344,92.8711,131.7383
16717516,92.2852,133.8867
16801104,98.8281,129.9805
16885112,99.1211,129.1992
16969540,100.4883,130.2734
17054388,98.1445,137.3047
17139660,100.2930,130.4688
17225360,98.5352,129.1016
17311488,98.2422,130.5664
17398048,109.5703,130.4688
17485040,97.6563,133.6914
17572468,99.1211,132.8125
17660332,98.8281,133.4961
17748636,100.4883,131.9336
17837380,101.7578,132.3242
17926568,100.3906,131.3477
18016204,99.6094,130.2734
18106288,101.1719,130.7617
18196820,98.0469,130.3711
18287808,132.2266,142.7734
18379248,121.7773,142.1875
18471148,110.0586,131.5430
18563504,98.5352,143.5547
18656324,99.0234,130.5664
18749608,101.5625,135.1563
18843360,99.1211,132.7148
18937580,102.5391,132.2266
19032268,99.0234,131.4453
19127432,97.6563,133.3008
19223072,99.0234,132.5195
19319188,100.0977,131.3477
19415784,98.4375,132.1289
19512864,101.8555,131.1523
19610432,103.8086,136.4258
19708488,102.2461,131.7383
19807032,99.3164,133.0078
19906068,99.3164,134.5703
20005600,98.9258,135.1563
20105628,97.7539,132.6172
20206160,99.3164,134.6680
20307192,101.1719,134.9609
20408728,107.7148,135.9375
20510772,99.4141,133.0078
20613328,101.4648,133.8867
20716396,99.0234,134.9609
20819980,100.3906,132.8125
20924080,99.8047,133.6914
21028704,102.0508,134.1797
21133848,113.7695,134.3750
21239520,101.1719,133.5938
21345720,102.5391,136.2305
21452452,102.4414,134.2773
21559716,101.7578,134.1797
21667516,102.3438,135.5469
21775856,102.7344,137.1094
21884736,108.4961,135.5469
21994160,102.9297,135.9375
22104132,104.7852,138.3789
22214656,104.3945,141.6016
22325732,103.4180,139.1602
22437364,102.5391,139.3555
22549552,114.5508,142.7734
22662300,108.7891,139.2578
22775612,104.5898,140.1367
22889492,105.4688,137.1094
23003940,101.2695,136.3281
23118960,104.0039,137.8906
23234556,110.7422,142.9688
23350732,111.0352,143.5547
23467488,109.5703,139.3555
23584828,109.7656,137.5977
23702756,106.8359,147.2656
23821272,118.4570,142.4805
23940380,112.3047,141.5039
24060084,108.5938,141.5039
24180388,104.4922,139.6484
24301292,105.1758,140.7227
24422800,108.2031,144.8242
24544916,108.9844,139.5508
24667644,105.3711,140.7227
24790984,107.9102,140.3320
24914940,107.1289,141.1133
25039516,106.1523,142.2852
25164716,117.8711,149.6094
25290540,109.4727,142.3828
25416996,112.3047,140.6250
25544084,109.5703,140.9180
25671808,109.2773,140.5273
25800168,108.5938,157.9102
25929172,113.4766,142.9688
26058820,112.1094,144.3359
26189116,112.4023,143.9453
26320064,113.5742,142.0898
26451668,112.2070,161.4258
26583928,126.1719,155.0781
26716848,122.0703,147.4609
26850436,120.8008,145.1172
26984692,111.7188,157.0313
27119616,123.3398,145.8008
27255216,120.9961,148.6328
27391496,151.2695,162.6953
27528456,175.9766,160.3516
27666100,133.4961,163.8672
27804432,130.2734,152.6367
27943456,124.6094,152.7344
28083176,120.4102,151.2695
28223592,114.7461,157.5195
28364712,129.5898,150.0977
28506536,121.4844,149.9023
28649072,117.9688,149.1211
28792320,137.4023,174.7070
28936284,145.7031,162.6953
29080968,135.0586,158.3008
29226376,133.2031,175.6836
29372508,137.0117,157.5195
29519372,130.0781,159.3750
29666972,122.8516,151.6602
29815308,143.2617,156.5430
29964388,139.1602,162.6953
30114212,142.3828,158.4961
30264784,125.0977,172.9492
30416108,134.7656,161.5234
30568192,131.3477,157.5195
30721036,127.0508,154.8828
30874644,145.8008,164.7461
31029020,146.2891,223.2422
31184168,140.5273,163.4766
31340092,141.2109,179.3945
31496796,152.3438,170.3125
31654280,146.5820,168.7500
31812552,156.0547,167.8711
31971616,145.7031,169.3359
32131476,189.6484,229.1016
32292136,169.7266,176.1719
32453600,186.6211,175.5859
32615868,169.2383,176.5625
32778948,149.3164,166.8945
32942844,146.4844,168.0664
33107560,172.2656,188.2813
33273100,183.9844,185.8398
33439468,202.8320,190.1367
33606668,176.2695,210.8398
33774704,198.8281,191.6016
33943580,230.9570,290.4297
34113300,221.9727,210.9375
34283868,203.8086,228.6133
34455288,184.9609,191.4063
34627568,188.0859,232.3242
34800708,212.3047,216.1133
34974712,335.7422,201.2695
35149588,181.9336,187.1094
35325336,377.2461,226.0742
35501964,191.8945,191.7969
35679476,213.9648,199.6094
35857876,183.9844,218.1641
36037168,237.1094,218.0664
36217356,210.5469,270.1172
36398444,229.2969,222.6563
36580440,233.9844,209.0820
36763344,215.3320,222.1680
36947164,207.1289,199.8047
37131900,316.1133,214.4531
37317560,215.5273,239.3555
37504148,357.8125,209.3750
37691672,226.9531,222.1680
37880132,227.1484,249.6094
38069536,230.3711,220.6055
38259884,212.5977,213.6719
38451184,193.9453,214.5508
38643440,308.1055,198.0469
38836660,288.6719,205.1758
39030844,198.3398,194.6289
39226000,258.3984,215.6250
39422132,203.1250,216.6016
39619244,198.1445,207.5195
39817344,196.4844,198.6328
40016432,193.9453,203.1250
40216516,200.1953,206.1523
40417600,190.3320,222.6563
40619688,205.5664,215.7227
40822788,261.8164,221.7773
41026904,262.2070,196.2891
41232040,234.4727,241.1133
41438204,218.1641,219.4336
41645396,204.5898,248.8281
41853624,219.1406,221.3867
42062896,270.0195,239.9414
42273212,204.6875,213.3789
42484580,205.9570,211.0352
42697004,201.6602,257.7148
42910492,209.1797,211.0352
43125048,226.8555,234.1797
43340676,234.9609,382.4219
43557380,224.4141,231.3477
43775168,213.1836,218.2617
43994044,211.8164,255.4688
44214016,208.3984,243.0664
44435088,211.0352,217.3828
44657264,228.2227,219.3359
44880552,211.9141,271.3867
45104956,230.3711,228.8086
45330484,221.2891,226.4648
45557140,219.0430,230.7617
45784928,237.6953,281.8359
46013856,226.6602,234.9609
46243928,226.8555,229.0039
46475148,219.3359,241.8945
46707524,221.5820,283.1055
46941064,227.0508,230.0781
47175772,223.5352,228.4180
47411652,213.3789,231.5430
47648712,211.1328,229.0039
47886956,277.3438,224.6094
48126392,204.0039,236.5234
48367024,222.4609,268.2617
48608860,229.3945,229.7852
48851908,222.8516,225.4883
49096168,210.7422,245.8008
49341652,218.6523,238.9648
49588364,227.7344,229.7852
49836308,228.8086,225.5859
50085492,247.4609,242.8711
50335920,223.3398,273.3398
50587600,222.7539,238.4766
50840540,232.0313,297.7539
51094744,228.3203,258.6914
51350220,232.9102,242.5781
51606972,222.4609,230.7617
51865008,227.0508,233.4961
52124336,226.1719,234.6680
52384960,220.9961,257.3242
52646888,232.1289,269.1406
52910124,242.4805,263.4766
53174676,236.8164,242.3828
53440552,242.5781,240.3320
53707756,267.3828,241.2109
53976296,232.2266,250.4883
54246180,235.8398,278.5156
54517412,245.8008,399.1211
54790000,244.0430,245.7031
55063952,247.8516,252.1484
55339272,243.7500,250.0977
55615972,274.1211,248.4375
55894052,240.7227,269.1406
56173524,251.3672,284.1797
56454392,247.5586,293.3594
56736664,271.2891,264.3555
57020348,254.1016,285.1563
57305452,254.2969,303.9063
57591980,260.7422,264.2578
57879940,285.3516,262.3047
58169340,252.2461,300.3906
58460188,256.6406,313.2813
58752492,267.7734,364.7461
59046256,254.8828,287.6953
59341488,252.0508,260.6445
59638196,254.0039,257.0313
59936388,261.7188,264.6484
60236072,272.4609,253.0273
60537256,260.2539,258.3984
60839944,276.8555,267.1875
61144144,278.9063,265.2344
61449868,315.0391,291.7969
61757120,290.1367,280.2734
62065908,291.6016,268.7500
62376240,352.9297,275.1953
62688124,321.1914,266.6016
63001568,278.8086,326.4648
63316576,287.7930,275.1953
63633160,281.9336,300.3906
63951328,288.4766,293.9453
64271088,289.6484,358.7891
64592444,368.5547,273.1445
64915408,276.4648,273.5352
65239988,280.6641,274.2188
65566188,275.0977,272.5586
65894020,277.1484,279.1992
66223492,270.8008,322.3633
66554612,282.6172,291.8945
66887388,287.3047,308.9844
