4,1.7578,1.8555
8,2.2461,5.6641
12,4.0039,9.6680
16,4.4922,9.2773
20,5.9570,10.0586
24,5.4688,12.6953
28,4.4922,13.3789
32,6.1523,14.5508
36,7.1289,14.3555
40,4.1016,13.0859
44,3.9063,13.0859
48,3.5156,13.3789
52,3.6133,14.3555
56,3.7109,14.2578
60,3.6133,14.5508
64,3.8086,15.9180
68,4.2969,15.9180
72,4.6875,15.4297
76,4.4922,15.8203
80,4.3945,15.6250
84,4.9805,16.6016
88,4.4922,15.3320
92,4.3945,16.1133
96,5.0781,16.4063
100,4.6875,16.3086
104,4.8828,16.9922
108,4.8828,16.9922
112,4.3945,17.8711
116,4.5898,17.1875
120,4.4922,22.4609
124,4.5898,18.7500
128,4.7852,19.1406
132,5.3711,18.4570
136,5.2734,18.6523
140,5.2734,19.5313
144,5.3711,19.0430
148,5.4688,19.2383
152,5.2734,17.8711
156,5.4688,18.7500
160,5.3711,17.9688
164,5.1758,18.4570
168,5.4688,18.5547
172,5.1758,19.6289
176,5.1758,19.5313
180,5.3711,19.5313
184,5.3711,19.0430
188,5.3711,19.0430
192,5.3711,19.2383
196,5.0781,19.8242
200,4.8828,19.3359
204,5.1758,19.6289
208,5.2734,19.0430
212,5.1758,19.8242
216,5.1758,20.7031
220,5.1758,23.7305
224,5.4688,20.1172
228,5.2734,20.8984
232,5.3711,20.6055
236,5.3711,21.6797
240,5.3711,20.2148
244,5.1758,20.3125
248,5.1758,21.6797
252,5.2734,21.1914
256,5.1758,21.6797
260,6.4453,21.7773
264,6.4453,21.7773
268,6.1523,21.5820
272,6.3477,21.3867
276,6.2500,22.1680
280,6.1523,22.7539
284,6.1523,21.3867
288,6.1523,24.2188
292,6.1523,22.3633
296,6.2500,21.7773
300,6.1523,21.3867
304,6.1523,22.3633
308,6.3477,20.4102
312,6.2500,21.3867
316,6.1523,20.9961
320,6.3477,21.7773
324,6.3477,21.4844
328,6.2500,20.8008
332,6.1523,21.7773
336,6.2500,21.2891
340,6.5430,21.2891
344,6.2500,21.6797
348,6.1523,21.8750
352,6.2500,22.2656
356,6.3477,21.5820
360,6.1523,21.6797
364,6.3477,22.4609
368,6.1523,21.4844
372,6.2500,21.8750
376,6.2500,21.6797
380,6.1523,21.6797
384,6.2500,20.9961
388,6.1523,21.9727
392,6.2500,21.6797
396,6.2500,22.2656
400,6.2500,22.2656
404,6.2500,22.3633
408,6.2500,22.3633
412,6.1523,21.2891
416,6.3477,22.4609
420,6.5430,22.0703
424,6.2500,22.8516
428,6.1523,22.7539
432,6.1523,21.5820
436,6.2500,21.9727
440,6.2500,22.4609
444,6.1523,23.2422
448,6.2500,23.7305
452,74.1211,23.1445
456,6.1523,23.4375
460,6.1523,23.4375
464,6.3477,23.4375
468,6.2500,23.3398
472,6.2500,22.7539
476,6.3477,23.1445
480,6.3477,100.2930
484,6.6406,24.2188
488,6.1523,24.0234
492,6.3477,23.4375
496,6.2500,22.8516
500,6.1523,23.6328
504,6.1523,23.8281
508,6.1523,24.3164
512,6.8359,24.7070
516,8.6914,24.4141
520,8.1055,23.9258
524,8.0078,25.2930
528,8.3008,24.3164
532,8.3008,24.6094
536,8.0078,23.9258
540,8.3008,24.6094
544,8.0078,24.1211
548,8.3984,24.1211
552,8.5938,23.8281
556,7.8125,24.2188
560,8.2031,22.8516
564,7.9102,23.4375
568,8.4961,24.4141
572,8.1055,25.2930
576,8.0078,23.5352
580,8.0078,23.7305
584,8.2031,23.2422
588,7.8125,24.3164
592,8.1055,24.7070
596,8.5938,24.3164
600,8.2031,23.4375
604,8.1055,24.0234
608,7.9102,25.9766
612,8.2031,25.0000
616,7.7148,24.6094
620,8.3008,24.8047
624,8.5938,24.4141
628,8.2031,24.5117
632,7.6172,23.4375
636,8.2031,23.6328
640,8.1055,23.8281
644,8.0078,23.9258
648,8.2031,25.0000
652,8.3008,24.9023
656,7.7148,24.5117
660,8.2031,24.6094
664,7.9102,24.6094
668,8.0078,24.4141
672,11.0352,23.7305
676,7.7148,24.7070
680,8.2031,24.3164
684,8.3008,24.6094
688,7.9102,25.4883
692,7.9102,24.5117
696,8.0078,25.0000
700,8.1055,24.8047
704,8.0078,24.4141
708,7.9102,24.8047
712,8.1055,24.3164
716,8.0078,23.1445
720,7.5195,24.0234
724,7.8125,25.0977
728,7.9102,24.8047
732,7.9102,25.9766
736,7.1289,24.7070
740,8.3008,25.0000
744,7.8125,25.4883
748,8.3008,25.7813
752,7.8125,25.0977
756,8.4961,25.0977
760,8.3984,24.9023
764,8.4961,25.0977
768,8.2031,25.8789
772,8.1055,24.8047
776,7.9102,24.8047
780,8.2031,25.8789
784,8.3008,25.3906
788,8.0078,26.0742
792,7.7148,24.4141
796,8.1055,25.7813
800,7.7148,25.1953
804,8.3984,25.1953
812,8.5938,25.4883
820,8.0078,25.4883
828,8.0078,25.7813
836,8.1055,26.2695
844,7.6172,25.3906
852,8.5938,25.0000
860,8.4961,26.1719
868,7.6172,25.9766
876,8.2031,26.1719
884,8.3008,25.3906
892,8.1055,26.0742
900,7.9102,24.6094
908,8.6914,27.4414
916,8.4961,25.0977
924,8.3008,25.4883
932,8.4961,25.9766
940,8.4961,27.3438
948,7.4219,26.4648
956,7.7148,26.5625
964,8.3008,25.8789
972,8.3984,25.9766
980,7.8125,27.0508
988,7.9102,26.8555
996,8.0078,26.4648
1004,8.1055,25.8789
1012,7.9102,27.8320
1020,25.9766,28.5156
1028,11.4258,28.5156
1036,10.7422,28.0273
1044,10.4492,28.0273
1052,10.1563,27.9297
1060,10.4492,26.4648
1068,10.5469,26.4648
1076,10.5469,27.6367
1084,10.3516,27.0508
1092,10.1563,26.4648
1100,10.3516,27.4414
1108,10.7422,26.2695
1116,10.0586,26.4648
1124,10.2539,26.6602
1132,9.7656,29.8828
1140,10.6445,27.4414
1148,10.0586,26.7578
1156,10.4492,26.2695
1164,10.3516,26.7578
1172,10.3516,27.2461
1180,10.4492,27.9297
1188,10.0586,25.6836
1196,9.9609,26.9531
1204,9.8633,26.9531
1212,10.1563,27.6367
1220,10.2539,27.4414
1228,10.1563,27.2461
1236,10.0586,27.3438
1244,10.6445,27.2461
1252,10.3516,27.7344
1260,10.5469,27.5391
1268,10.3516,26.2695
1276,9.5703,26.4648
1284,10.2539,27.6367
1292,10.5469,26.7578
1300,10.5469,28.6133
1308,10.0586,27.7344
1316,10.5469,27.5391
1324,10.4492,27.1484
1332,10.4492,28.2227
1340,10.7422,28.0273
1348,9.7656,27.5391
1356,11.1328,27.1484
1364,12.4023,27.0508
1372,10.2539,27.4414
1380,10.9375,27.9297
1388,10.1563,27.1484
1396,10.3516,27.6367
1404,10.2539,27.9297
1412,10.3516,26.9531
1420,10.2539,28.0273
1428,10.2539,26.9531
1436,10.1563,28.0273
1444,9.7656,28.1250
1452,9.9609,27.4414
1460,10.5469,27.1484
1468,10.1563,27.3438
1476,10.5469,30.0781
1484,9.9609,28.4180
1492,10.0586,28.3203
1500,9.0820,26.6602
1508,10.7422,28.2227
1516,9.7656,27.4414
1524,10.7422,28.3203
1532,9.9609,28.0273
1540,10.5469,27.7344
1548,11.1328,28.0273
1556,10.8398,28.1250
1564,10.4492,28.7109
1572,10.0586,27.4414
1580,9.8633,27.8320
1588,9.9609,27.7344
1596,10.2539,26.9531
1604,10.5469,28.0273
1616,10.2539,28.0273
1628,10.1563,27.1484
1640,10.6445,28.8086
1652,9.4727,28.0273
1664,10.5469,28.6133
1676,10.2539,28.0273
1688,9.7656,27.7344
1700,10.1563,27.6367
1712,10.4492,28.4180
1724,10.0586,28.6133
1736,9.8633,28.2227
1748,9.9609,28.1250
1760,12.6953,28.1250
1772,10.3516,27.5391
1784,10.8398,29.6875
1796,10.3516,27.8320
1808,10.0586,48.3398
1820,9.9609,28.5156
1832,10.1563,29.6875
1844,10.5469,27.6367
1856,9.8633,28.7109
1868,11.0352,47.9492
1880,9.9609,29.1992
1892,10.5469,29.7852
1904,10.2539,33.5938
1916,10.1563,45.8984
1928,10.3516,28.3203
1940,10.2539,28.8086
1952,10.0586,29.0039
1964,10.2539,29.1992
1976,10.1563,28.5156
1988,10.2539,30.0781
2000,9.4727,28.5156
2012,10.3516,29.9805
2024,9.8633,30.4688
2036,9.9609,29.0039
2048,10.1563,31.6406
2060,13.6719,30.5664
2072,12.9883,30.8594
2084,12.4023,30.1758
2096,13.1836,29.5898
2108,12.6953,29.0039
2120,12.9883,30.2734
2132,12.5000,30.1758
2144,13.0859,29.5898
2156,12.4023,29.9805
2168,13.1836,30.3711
2180,12.6953,30.1758
2192,12.2070,30.4688
2204,12.9883,29.1992
2216,12.2070,29.5898
2228,19.3359,29.8828
2240,12.6953,29.6875
2252,12.7930,29.9805
2264,12.2070,29.3945
2276,12.8906,30.4688
2288,12.4023,29.5898
2300,12.3047,29.2969
2312,12.7930,30.6641
2324,12.4023,30.0781
2336,12.6953,30.3711
2348,12.5000,29.1992
2360,12.5977,30.3711
2372,12.5977,31.1523
2384,12.7930,32.4219
2396,12.9883,30.0781
2408,13.0859,30.8594
2424,12.3047,29.2969
2440,12.5000,30.1758
2456,12.5977,30.2734
2472,12.4023,29.3945
2488,12.6953,30.0781
2504,12.6953,30.2734
2520,12.6953,30.3711
2536,12.5000,29.7852
2552,12.2070,29.8828
2568,12.3047,30.2734
2584,12.4023,29.9805
2600,12.7930,30.1758
2616,13.0859,29.1992
2632,12.9883,30.4688
2648,12.3047,30.6641
2664,12.2070,29.2969
2680,12.4023,30.0781
2696,12.5977,30.2734
2712,12.4023,31.1523
2728,12.5977,29.2969
2744,12.6953,30.1758
2760,12.5977,29.1016
2776,12.9883,29.8828
2792,12.5000,29.8828
2808,12.8906,30.8594
2824,12.7930,30.9570
2840,12.9883,31.9336
2856,12.5977,30.7617
2872,12.6953,30.5664
2888,12.2070,29.7852
2904,12.9883,31.4453
2920,12.2070,30.6641
2936,12.3047,29.4922
2952,12.6953,31.1523
2968,12.4023,31.1523
2984,12.7930,30.4688
3000,12.1094,30.4688
3016,12.9883,30.7617
3032,12.9883,31.1523
3048,12.6953,30.9570
3064,12.7930,30.4688
3080,12.8906,31.3477
3096,12.5000,30.7617
3112,12.7930,89.3555
3128,12.7930,31.1523
3144,12.4023,31.3477
3160,12.4023,30.7617
3176,13.1836,31.9336
3192,12.8906,34.0820
3208,12.4023,31.1523
3228,12.7930,30.0781
3248,13.2813,30.6641
3268,12.5977,30.9570
3288,12.6953,31.3477
3308,12.7930,30.7617
3328,12.6953,30.2734
3348,12.8906,29.2969
3368,12.2070,30.2734
3388,12.5977,31.1523
3408,13.0859,33.3984
3428,12.1094,31.0547
3448,12.6953,34.1797
3468,12.5977,31.6406
3488,12.4023,31.3477
3508,12.9883,30.5664
3528,12.8906,31.9336
3548,12.6953,32.4219
3568,12.0117,31.0547
3588,12.5000,31.1523
3608,12.3047,31.4453
3628,12.8906,29.8828
3648,12.8906,31.3477
3668,12.7930,31.3477
3688,13.2813,31.8359
3708,12.5000,54.8828
3728,12.5977,33.4961
3748,12.9883,31.1523
3768,12.7930,32.5195
3788,12.5000,32.6172
3808,12.7930,32.0313
3828,12.8906,32.5195
3848,12.5977,32.0313
3868,13.0859,32.2266
3888,12.6953,31.3477
3908,12.6953,32.7148
3928,12.5977,31.3477
3948,12.9883,32.6172
3968,16.9922,32.1289
3988,12.8906,32.6172
4008,12.7930,32.7148
4032,12.6953,31.7383
4056,12.5977,32.9102
4080,14.1602,33.1055
4104,16.2109,33.5938
4128,15.1367,33.7891
4152,15.5273,33.9844
4176,15.3320,33.3984
4200,15.5273,33.1055
4224,15.3320,32.5195
4248,15.2344,35.1563
4272,14.9414,33.2031
4296,15.0391,33.3984
4320,14.6484,32.2266
4344,15.6250,32.8125
4368,14.5508,32.9102
4392,14.9414,32.8125
4416,15.1367,33.4961
4440,14.7461,33.4961
4464,14.5508,32.5195
4488,15.2344,33.3984
4512,14.8438,31.9336
4536,14.9414,33.8867
4560,15.2344,32.5195
4584,15.3320,32.7148
4608,15.4297,32.8125
4632,15.1367,33.2031
4656,14.8438,31.7383
4680,14.6484,32.9102
4704,15.0391,32.6172
4728,14.7461,33.6914
4752,14.5508,33.5938
4776,14.8438,32.8125
4800,15.6250,33.1055
4824,14.9414,32.1289
4852,15.4297,36.7188
4880,15.6250,33.6914
4908,14.5508,32.5195
4936,14.9414,32.8125
4964,15.2344,32.9102
4992,15.1367,33.7891
5020,15.1367,33.5938
5048,15.3320,33.2031
5076,15.1367,33.8867
5104,15.4297,33.8867
5132,14.8438,32.9102
5160,15.0391,34.4727
5188,15.2344,33.3984
5216,15.0391,33.2031
5244,14.4531,32.6172
5272,14.9414,32.7148
5300,15.6250,34.0820
5328,14.7461,33.3008
5356,14.8438,32.9102
5384,14.8438,32.2266
5412,15.1367,32.9102
5440,15.7227,33.1055
5468,15.4297,33.2031
5496,15.1367,32.9102
5524,14.9414,32.4219
5552,14.9414,34.2773
5580,15.1367,32.7148
5608,15.1367,33.9844
5640,14.3555,32.7148
5672,15.2344,33.6914
5704,14.9414,33.7891
5736,15.0391,32.5195
5768,15.2344,33.3008
5800,15.1367,32.9102
5832,15.1367,34.9609
5864,15.2344,34.0820
5896,14.6484,33.5938
5928,14.9414,33.5938
5960,14.8438,33.3984
5992,14.7461,33.6914
6024,15.6250,34.3750
6056,14.2578,33.7891
6088,14.7461,33.6914
6120,15.2344,33.5938
6152,15.5273,34.0820
6184,15.0391,33.3984
6216,15.1367,33.9844
6248,15.5273,33.6914
6280,23.3398,33.8867
6312,14.6484,33.7891
6344,15.2344,33.0078
6376,15.2344,35.5469
6408,15.0391,34.3750
6444,15.2344,34.7656
6480,15.2344,33.8867
6516,14.7461,33.1055
6552,15.6250,34.1797
6588,15.4297,33.6914
6624,14.7461,34.2773
6660,15.1367,33.8867
6696,15.2344,37.2070
6732,14.9414,34.0820
6768,16.2109,34.5703
6804,14.8438,33.8867
6840,14.8438,33.8867
6876,15.0391,34.1797
6912,14.8438,33.4961
6948,15.2344,34.4727
6984,16.2109,35.2539
7020,14.5508,33.6914
7056,15.6250,34.6680
7092,15.7227,34.4727
7128,15.2344,36.8164
7164,14.6484,34.1797
7200,15.5273,34.4727
7236,15.3320,34.2773
7276,15.2344,34.9609
7316,14.7461,33.9844
7356,14.5508,33.3008
7396,14.9414,33.7891
7436,14.5508,32.9102
7476,15.2344,33.7891
7516,14.8438,34.6680
7556,15.3320,35.0586
7596,15.0391,34.7656
7636,15.0391,97.5586
7676,14.8438,35.3516
7716,15.7227,34.2773
7756,14.7461,34.6680
7796,15.1367,34.3750
7836,14.5508,33.7891
7876,15.8203,35.3516
7916,15.8203,35.0586
7956,15.4297,36.0352
7996,14.4531,35.2539
8036,15.1367,37.7930
8080,14.6484,33.3984
8124,15.6250,34.6680
8168,15.0391,35.0586
8212,18.0664,36.2305
8256,17.9688,35.2539
8300,17.4805,35.5469
8344,17.9688,36.0352
8388,17.0898,36.4258
8432,17.0898,35.2539
8476,17.6758,34.6680
8520,17.2852,34.9609
8564,17.0898,38.0859
8608,18.1641,36.3281
8652,17.9688,35.2539
8696,17.6758,35.6445
8740,17.0898,34.1797
8784,17.4805,34.0820
8828,18.0664,35.6445
8876,17.5781,34.6680
8924,16.6992,33.8867
8972,17.3828,36.3281
9020,17.7734,35.6445
9068,17.5781,33.8867
9116,17.8711,36.9141
9164,17.3828,34.2773
9212,16.8945,35.1563
9260,16.8945,34.9609
9308,17.0898,35.1563
9356,17.8711,35.4492
9404,16.8945,35.9375
9452,17.2852,35.0586
9500,16.9922,34.6680
9548,17.8711,36.0352
9596,17.7734,35.9375
9644,17.4805,49.6094
9696,18.4570,36.6211
9748,17.4805,35.4492
9800,17.5781,37.6953
9852,16.9922,34.4727
9904,16.4063,35.8398
9956,17.5781,34.6680
10008,17.0898,34.8633
10060,17.1875,35.8398
10112,17.3828,34.2773
10164,17.9688,35.6445
10216,17.2852,35.2539
10268,17.7734,35.3516
10320,16.9922,36.4258
10372,17.7734,35.1563
10424,17.2852,36.0352
10480,18.3594,36.6211
10536,16.7969,35.4492
10592,17.4805,34.7656
10648,17.6758,35.6445
10704,16.4063,35.6445
10760,17.3828,36.0352
10816,17.9688,36.1328
10872,17.4805,37.9883
10928,17.8711,36.1328
10984,17.4805,35.6445
11040,18.3594,35.7422
11096,17.2852,35.6445
11152,16.9922,35.8398
11208,17.7734,36.8164
11268,17.4805,36.3281
11328,17.3828,36.0352
11388,17.0898,35.6445
11448,17.4805,36.7188
11508,17.0898,35.6445
11568,17.4805,36.1328
11628,17.8711,36.6211
11688,17.9688,35.4492
11748,17.8711,35.5469
11808,17.1875,35.1563
11868,17.2852,36.4258
11928,18.5547,37.5977
11988,16.9922,35.4492
12048,17.9688,36.6211
12112,18.2617,37.2070
12176,18.3594,40.4297
12240,17.7734,36.3281
12304,17.1875,35.6445
12368,17.6758,36.1328
12432,17.3828,36.8164
12496,17.4805,37.0117
12560,17.4805,35.2539
12624,17.2852,36.0352
12688,17.6758,35.4492
12752,17.4805,36.7188
12816,17.2852,35.5469
12884,17.4805,36.3281
12952,17.7734,36.4258
13020,17.5781,36.5234
13088,17.3828,35.8398
13156,17.4805,36.8164
13224,18.1641,36.2305
13292,17.1875,36.5234
13360,17.4805,35.9375
13428,17.2852,35.9375
13496,17.6758,35.8398
13564,17.6758,37.0117
13632,17.7734,36.9141
13704,21.5820,37.5977
13776,17.4805,36.0352
13848,17.6758,37.2070
13920,17.4805,37.9883
13992,17.8711,37.3047
14064,17.3828,36.5234
14136,17.4805,37.2070
14208,17.5781,37.3047
14280,16.8945,36.9141
14352,17.6758,35.7422
14424,17.7734,37.7930
14500,16.9922,38.7695
14576,16.7969,36.5234
14652,17.4805,35.0586
14728,18.3594,37.9883
14804,17.4805,36.5234
14880,17.1875,36.9141
14956,17.8711,37.5977
15032,18.6523,38.1836
15108,18.1641,37.7930
15184,18.1641,37.7930
15260,17.0898,36.6211
15340,17.0898,36.4258
15420,17.0898,36.4258
15500,17.7734,36.5234
15580,17.7734,38.0859
15660,17.6758,35.8398
15740,17.0898,36.6211
15820,18.2617,38.1836
15900,18.3594,38.3789
15980,17.7734,36.8164
16060,17.2852,37.3047
16144,17.8711,36.4258
16228,18.3594,37.3047
16312,17.1875,36.0352
16396,21.0938,38.8672
16480,20.8008,38.2813
16564,20.2148,37.1094
16648,20.3125,39.0625
16732,20.8008,39.3555
16816,20.7031,36.9141
16904,20.0195,37.0117
16992,20.8008,37.3047
17080,20.8008,37.6953
17168,20.9961,100.3906
17256,19.9219,38.1836
17344,20.2148,38.0859
17432,20.9961,38.8672
17520,19.7266,37.5977
17608,20.8008,38.2813
17700,35.8398,37.1094
17792,19.9219,38.2813
17884,19.9219,37.5977
17976,20.6055,37.6953
18068,19.9219,36.2305
18160,19.9219,38.5742
18252,20.1172,37.6953
18344,20.2148,37.9883
18436,20.0195,37.7930
18532,21.0938,38.0859
18628,20.5078,37.9883
18724,20.1172,37.4023
18820,20.0195,37.5977
18916,20.2148,38.4766
19012,20.6055,42.5781
19108,20.3125,37.9883
19204,19.5313,35.6445
19304,20.5078,37.7930
19404,20.3125,39.3555
19504,20.4102,38.4766
19604,20.8008,38.5742
19704,20.1172,38.5742
19804,19.8242,37.3047
19904,19.7266,38.6719
20004,20.3125,37.7930
20108,23.7305,39.3555
20212,20.6055,38.3789
20316,19.4336,38.2813
20420,20.6055,38.9648
20524,20.2148,38.0859
20628,19.7266,37.4023
20732,20.1172,37.7930
20836,20.4102,38.0859
20944,20.4102,39.3555
21052,20.4102,38.6719
21160,20.2148,37.9883
21268,20.2148,37.0117
21376,20.7031,37.5977
21484,20.1172,39.1602
21592,20.1172,37.5977
21700,20.2148,38.4766
21812,20.6055,39.0625
21924,20.7031,37.5000
22036,20.3125,38.0859
22148,19.5313,37.4023
22260,20.8008,38.6719
22372,19.9219,58.2031
22484,21.6797,39.2578
22600,19.9219,38.6719
22716,19.8242,37.5000
22832,20.4102,37.7930
22948,20.4102,38.4766
23064,19.9219,37.8906
23180,19.9219,39.0625
23296,19.9219,38.1836
23416,19.6289,37.8906
23536,20.4102,39.4531
23656,20.7031,37.4023
23776,21.1914,40.3320
23896,19.8242,38.5742
24016,20.7031,39.3555
24140,20.1172,37.5000
24264,20.0195,38.2813
24388,19.5313,37.5977
24512,19.8242,39.5508
24636,20.3125,39.0625
24760,84.1797,46.8750
24884,19.8242,38.4766
25012,20.6055,40.1367
25140,19.4336,38.9648
25268,20.2148,38.4766
25396,20.1172,38.7695
25524,20.1172,38.2813
25652,19.8242,37.7930
25784,19.4336,37.4023
25916,20.5078,39.1602
26048,20.2148,37.7930
26180,22.2656,37.5977
26312,20.8984,39.7461
26444,20.0195,40.1367
26580,19.6289,39.8438
26716,19.8242,38.3789
26852,19.6289,38.4766
26988,20.4102,38.8672
27124,20.3125,38.8672
27260,19.7266,39.0625
27400,20.0195,39.6484
27540,20.3125,39.6484
27680,19.9219,38.8672
27820,19.8242,38.5742
27960,19.5313,38.7695
28100,19.9219,37.5000
28244,20.1172,38.7695
28388,19.4336,39.2578
28532,19.6289,39.1602
28676,20.0195,39.6484
28820,19.9219,37.9883
28968,20.0195,39.0625
29116,22.8516,38.3789
29264,20.1172,39.2578
29412,20.1172,38.9648
29560,20.0195,39.7461
29708,19.5313,40.4297
29860,19.0430,37.9883
30012,20.1172,38.8672
30164,20.5078,38.9648
30316,20.5078,40.2344
30468,20.1172,39.7461
30624,20.4102,40.1367
30780,20.1172,39.5508
30936,20.8008,41.1133
31092,19.7266,38.5742
31248,20.2148,39.3555
31408,20.4102,40.0391
31568,20.2148,39.1602
31728,20.3125,39.2578
31888,20.4102,40.4297
32048,20.5078,40.0391
32212,20.3125,39.7461
32376,19.7266,41.7969
32540,20.2148,40.4297
32704,20.7031,39.8438
32868,24.3164,40.9180
33036,23.6328,40.8203
33204,22.3633,39.1602
33372,22.6563,40.9180
33540,23.3398,40.7227
33708,23.5352,40.0391
33880,23.1445,40.8203
34052,23.0469,48.6328
34224,23.4375,41.2109
34396,23.0469,40.3320
34568,23.8281,40.8203
34744,22.8516,41.0156
34920,23.4375,40.3320
35096,22.6563,41.3086
35272,22.7539,39.5508
35452,21.9727,39.8438
35632,22.4609,39.5508
35812,23.0469,41.6016
35992,23.6328,40.8203
36172,22.5586,40.9180
36356,22.7539,41.2109
36540,23.9258,40.8203
36724,22.9492,41.0156
36908,22.7539,40.5273
37096,22.9492,41.5039
37284,23.0469,40.5273
37472,23.2422,42.4805
37660,23.8281,40.5273
37852,23.0469,41.1133
38044,23.3398,41.0156
38236,23.1445,41.2109
38428,23.7305,41.7969
38624,23.8281,41.6016
38820,22.8516,41.6992
39016,23.0469,40.3320
39212,23.2422,41.7969
39412,23.7305,40.5273
39612,22.5586,40.2344
39812,22.2656,39.3555
40012,22.0703,39.8438
40216,22.5586,40.5273
40420,23.0469,40.9180
40624,23.7305,42.3828
40828,23.1445,41.8945
41036,22.1680,40.9180
41244,23.0469,41.3086
41452,22.1680,39.8438
41660,22.9492,41.0156
41872,22.8516,40.7227
42084,23.2422,41.3086
42296,22.6563,40.5273
42508,22.6563,39.6484
42724,23.2422,42.3828
42940,23.6328,42.4805
43156,23.0469,41.6016
43372,23.2422,41.1133
43592,23.6328,43.7500
43812,22.8516,41.0156
44032,23.1445,41.8945
44256,22.5586,41.6992
44480,23.5352,41.3086
44704,23.2422,41.7969
44928,22.5586,42.5781
45156,23.2422,41.5039
45384,23.5352,42.1875
45612,23.7305,40.5273
45844,23.3398,45.9961
46076,22.9492,42.0898
46308,23.2422,40.8203
46540,22.4609,41.2109
46776,22.7539,42.0898
47012,24.4141,42.0898
47248,22.7539,41.0156
47488,22.9492,41.6992
47728,23.5352,43.1641
47968,23.2422,42.6758
48208,23.1445,45.1172
48452,23.2422,41.6992
48696,23.7305,42.2852
48940,22.4609,40.6250
49188,23.1445,42.3828
49436,23.0469,42.7734
49684,22.5586,42.1875
49936,22.9492,42.1875
50188,83.3008,41.7969
50440,23.1445,41.6992
50696,22.4609,41.8945
50952,22.3633,43.2617
51208,23.5352,43.0664
51468,24.3164,43.8477
51728,22.9492,42.8711
51988,23.5352,41.7969
52248,22.4609,41.7969
52512,23.2422,42.5781
52776,22.2656,41.1133
53040,23.0469,44.8242
53308,23.6328,42.7734
53576,22.9492,42.7734
53844,23.1445,43.4570
54116,23.4375,43.1641
54388,22.8516,42.4805
54660,22.3633,42.4805
54936,22.0703,41.1133
55212,22.7539,42.3828
55492,23.2422,42.6758
55772,25.2930,42.5781
56052,23.2422,43.4570
56336,23.1445,43.3594
56620,24.1211,43.1641
56904,23.4375,43.8477
57192,22.7539,43.2617
57480,23.7305,43.0664
57768,22.9492,42.7734
58060,23.0469,42.8711
58352,23.2422,41.3086
58644,24.0234,44.6289
58940,22.6563,43.4570
59236,23.5352,43.5547
59536,23.0469,42.0898
59836,22.8516,42.7734
60136,23.7305,44.1406
60440,23.2422,41.6992
60744,22.7539,42.7734
61048,23.2422,43.8477
61356,23.1445,45.5078
61664,23.4375,43.4570
61976,22.5586,42.8711
62288,23.7305,43.4570
62600,22.5586,43.5547
62916,24.0234,43.3594
63232,23.5352,42.4805
63552,22.8516,42.3828
63872,22.6563,43.2617
64192,22.9492,42.3828
64516,25.3906,43.0664
64840,23.2422,43.1641
65168,23.1445,41.9922
65496,24.9023,44.8242
65824,27.4414,45.8984
66156,26.9531,45.1172
66488,26.4648,45.8008
66824,26.0742,43.8477
67160,26.5625,45.1172
67496,25.2930,46.5820
67836,26.0742,44.9219
68176,25.6836,45.5078
68520,26.0742,46.6797
68864,26.0742,45.5078
69212,26.0742,45.4102
69560,26.0742,46.0938
69908,32.3242,46.3867
70260,25.3906,45.3125
70612,24.8047,50.0977
70968,26.6602,46.7773
71324,24.5117,44.0430
71684,26.1719,45.5078
72044,25.6836,45.7031
72408,25.4883,45.6055
72772,25.3906,45.0195
73136,26.3672,46.9727
73504,26.1719,46.5820
73872,26.7578,49.9023
74244,25.3906,45.3125
74616,25.6836,43.7500
74992,26.8555,46.5820
75368,26.0742,46.0938
75748,26.0742,45.7031
76128,25.6836,45.2148
76512,26.0742,46.1914
76896,26.4648,46.5820
77284,25.8789,44.6289
77672,27.0508,46.5820
78064,26.7578,47.1680
78456,27.1484,46.1914
78852,27.0508,49.0234
79248,26.0742,45.4102
79648,26.5625,47.0703
80048,26.1719,46.8750
80452,25.7813,46.0938
80856,25.2930,46.2891
81264,26.4648,46.7773
81672,26.1719,47.1680
82084,26.1719,46.3867
82496,26.2695,46.3867
82912,26.6602,47.2656
83328,25.6836,45.8984
83748,25.1953,45.6055
84168,26.0742,45.8984
84592,26.1719,46.0938
85016,25.3906,46.2891
85444,26.2695,45.5078
85872,25.7813,46.5820
86304,25.9766,46.9727
86736,26.4648,46.9727
87172,26.1719,46.5820
87608,26.1719,48.2422
88048,25.9766,46.7773
88492,24.6094,44.3359
88936,26.3672,47.2656
89384,26.3672,47.1680
89832,25.5859,45.4102
90284,26.0742,45.8984
90736,25.7813,47.2656
91192,27.3438,47.0703
91648,25.2930,46.2891
92108,26.2695,47.4609
92572,25.0977,46.2891
93036,28.5156,47.0703
93504,26.2695,46.0938
93972,28.8086,47.9492
94444,26.3672,47.9492
94920,26.3672,47.4609
95396,27.1484,50.9766
95876,26.4648,46.8750
96356,25.4883,46.5820
96840,26.3672,52.3438
97328,25.0000,47.0703
97816,26.0742,49.6094
98308,26.3672,52.3438
98800,27.0508,47.8516
99296,25.3906,46.9727
99796,25.4883,45.4102
100296,26.4648,46.6797
100800,26.9531,47.6563
101304,26.0742,50.0000
101812,25.7813,46.7773
102324,25.5859,47.0703
102836,26.3672,47.6563
103352,26.2695,48.2422
103872,26.2695,46.8750
104392,25.3906,46.9727
104916,27.0508,47.7539
105444,25.7813,47.7539
105972,26.6602,50.0000
106504,25.8789,47.5586
107040,26.2695,47.6563
107576,25.8789,47.4609
108116,25.9766,47.9492
108660,26.9531,47.9492
109204,26.3672,47.2656
109752,27.1484,48.0469
110304,27.0508,49.0234
110856,27.6367,47.1680
111412,25.2930,46.5820
111972,26.2695,47.0703
112532,26.1719,47.2656
113096,25.5859,47.3633
113664,25.2930,45.9961
114236,26.1719,47.9492
114808,25.6836,47.9492
115384,25.7813,47.1680
115964,28.2227,48.2422
116544,27.6367,50.0000
117128,26.8555,47.7539
117716,25.0977,45.9961
118308,25.5859,47.7539
118900,26.6602,47.4609
119496,25.8789,47.9492
120096,27.2461,47.8516
120700,26.4648,47.6563
121304,26.1719,48.2422
121912,26.6602,49.0234
122524,26.6602,48.8281
123140,25.9766,48.4375
123756,25.1953,46.8750
124376,26.1719,48.4375
125000,26.5625,48.6328
125628,26.4648,49.0234
126260,25.8789,50.2930
126892,26.8555,48.5352
127528,25.3906,48.2422
128168,25.9766,48.7305
128812,26.4648,49.3164
129460,26.5625,49.6094
130108,29.6875,48.8281
130760,27.0508,50.1953
131416,32.2266,47.6563
132076,32.7148,49.2188
132740,30.7617,50.0000
133404,29.3945,47.9492
134072,28.8086,49.2188
134744,29.4922,48.3398
135420,30.1758,48.5352
136100,29.6875,49.2188
136784,29.5898,49.0234
137468,29.8828,54.6875
138156,28.5156,47.2656
138848,29.2969,49.6094
139544,29.5898,49.0234
140244,29.8828,49.5117
140948,29.5898,49.3164
141656,30.0781,49.6094
142368,29.9805,50.4883
143080,29.9805,48.7305
143796,29.1992,49.5117
144516,29.0039,47.8516
145240,29.0039,48.7305
145968,29.8828,49.8047
146700,29.1992,48.9258
147436,29.1992,49.4141
148176,29.5898,49.4141
148920,29.3945,48.6328
149668,28.9063,49.7070
150420,29.9805,50.2930
151176,29.9805,49.5117
151932,29.7852,49.6094
152692,28.6133,48.5352
153456,30.7617,49.2188
154224,28.1250,47.7539
154996,29.7852,50.4883
155772,29.7852,52.1484
156552,29.3945,51.0742
157336,30.3711,50.2930
158124,29.3945,50.7813
158916,29.1992,50.8789
159712,29.6875,48.8281
160512,29.4922,50.1953
161316,29.4922,49.7070
162124,29.5898,48.9258
162936,30.5664,50.4883
163752,29.5898,49.7070
164572,29.9805,49.3164
165396,29.7852,50.2930
166224,29.7852,50.8789
167056,30.2734,50.9766
167892,30.2734,50.0977
168732,29.4922,49.6094
169576,29.4922,51.0742
170424,30.0781,50.0000
171280,29.9805,50.4883
172140,29.8828,50.8789
173004,27.8320,50.4883
173872,30.8594,50.0000
174744,31.5430,50.8789
175620,29.3945,50.0000
176500,29.2969,51.1719
177384,29.3945,49.6094
178272,29.1016,48.2422
179164,29.1016,48.0469
180060,29.4922,50.4883
180964,28.1250,48.3398
181872,30.0781,51.4648
182784,29.5898,50.0000
183700,29.3945,49.9023
184620,29.4922,51.0742
185544,29.6875,50.2930
186472,29.4922,49.7070
187408,29.6875,52.5391
188348,29.6875,50.7813
189292,29.4922,51.0742
190240,29.5898,51.5625
191192,29.4922,48.9258
192148,31.1523,50.9766
193112,29.7852,51.3672
194080,29.3945,50.1953
195052,29.0039,50.9766
196028,29.5898,50.2930
197012,29.2969,51.0742
198000,29.1016,50.0977
198992,29.5898,51.2695
199988,30.4688,51.1719
200988,30.8594,52.5391
201996,28.8086,50.1953
203008,30.1758,51.2695
204024,30.0781,50.8789
205048,30.6641,51.4648
206076,29.4922,50.4883
207108,29.7852,51.3672
208144,29.7852,55.9570
209188,30.3711,50.5859
210236,29.7852,50.0977
211288,29.9805,50.2930
212348,29.3945,50.5859
213412,30.5664,52.6367
214480,28.7109,49.8047
215556,29.3945,50.0977
216636,29.2969,51.1719
217720,28.4180,49.7070
218812,30.9570,52.6367
219908,29.1992,51.1719
221008,29.1992,52.2461
222116,30.7617,52.9297
223228,31.3477,53.1250
224348,30.2734,50.9766
225472,32.8125,52.4414
226600,29.3945,49.6094
227736,29.1992,50.9766
228876,30.0781,52.4414
230024,31.3477,49.7070
231176,28.8086,50.4883
232332,30.4688,52.0508
233496,28.7109,49.7070
234664,29.5898,49.9023
235840,29.7852,50.0000
237020,28.3203,49.7070
238208,29.6875,51.0742
239400,29.4922,51.5625
240600,29.1992,51.3672
241804,29.6875,51.2695
243016,29.3945,51.4648
244232,31.4453,51.4648
245456,30.6641,52.8320
246684,31.4453,52.5391
247920,30.5664,54.1992
249160,30.0781,52.4414
250408,30.5664,53.6133
251664,31.2500,52.9297
252924,29.1016,51.4648
254192,30.0781,52.0508
255464,30.0781,52.9297
256744,29.7852,51.7578
258028,29.2969,52.9297
259320,29.3945,52.6367
260620,29.7852,53.3203
261924,31.2500,54.7852
263236,35.1563,54.6875
264556,35.1563,53.4180
265880,33.8867,53.8086
267212,33.8867,53.2227
268552,35.1563,53.3203
269896,34.0820,53.5156
271248,33.8867,52.2461
272608,33.9844,53.3203
273972,33.3984,54.2969
275344,33.4961,52.8320
276724,32.7148,51.5625
278108,33.7891,52.3438
279500,35.3516,54.7852
280900,34.0820,52.9297
282308,34.5703,54.4922
283720,34.0820,53.8086
285140,33.9844,54.7852
286568,33.7891,53.7109
288004,34.5703,53.9063
289448,32.5195,52.8320
290896,32.8125,51.8555
292352,33.2031,53.0273
293816,33.3008,52.4414
295288,32.8125,54.9805
296768,33.4961,53.0273
298252,33.9844,53.9063
299744,34.2773,59.6680
301244,33.8867,54.6875
302752,33.3008,53.0273
304268,34.8633,55.9570
305792,33.3984,52.1484
307324,34.7656,54.2969
308864,34.4727,54.6875
310412,34.6680,54.9805
311968,33.2031,52.7344
313528,33.2031,52.7344
315096,33.6914,54.5898
316672,33.6914,53.9063
318256,33.9844,54.4922
319848,33.1055,53.0273
321448,33.8867,54.8828
323056,34.0820,53.5156
324672,32.5195,53.5156
326296,34.1797,54.9805
327928,33.6914,53.8086
329568,33.7891,53.8086
331216,33.8867,54.0039
332876,33.7891,53.5156
334544,33.3984,52.5391
336220,34.3750,53.7109
337904,34.0820,54.1992
339596,33.3984,55.3711
341296,34.8633,53.9063
343004,37.4023,55.7617
344720,34.3750,54.8828
346444,33.0078,53.5156
348180,34.1797,55.6641
349924,34.6680,54.7852
351676,34.1797,54.9805
353436,33.9844,55.4688
355204,34.8633,56.5430
356984,35.0586,54.8828
358772,33.6914,54.1992
360568,34.7656,54.4922
362372,34.0820,54.5898
364184,35.4492,56.1523
366008,33.7891,53.5156
367840,34.4727,54.7852
369680,33.5938,52.2461
371532,33.4961,54.1992
373392,34.2773,54.8828
375260,34.6680,54.9805
377140,33.9844,54.3945
379028,35.4492,57.5195
380924,36.3281,57.3242
382832,41.2109,57.6172
384748,34.6680,54.3945
386672,34.0820,60.4492
388608,34.0820,54.4922
390552,33.3008,57.5195
392508,35.3516,55.2734
394472,41.0156,57.0313
396448,37.2070,54.4922
398432,35.9375,55.8594
400428,35.0586,55.6641
402432,35.1563,56.5430
404448,34.5703,54.1992
406472,33.7891,53.9063
408508,35.6445,55.6641
410552,37.2070,56.5430
412608,34.5703,54.1016
414672,35.1563,56.2500
416748,34.7656,55.9570
418832,33.7891,54.7852
420928,33.6914,54.8828
423036,34.9609,55.8594
425152,36.5234,55.1758
427280,34.4727,54.2969
429420,34.8633,55.1758
431568,35.4492,56.9336
433728,34.6680,55.7617
435900,35.8398,55.7617
438080,34.4727,55.3711
440272,33.6914,56.4453
442476,35.1563,56.8359
444692,34.9609,56.5430
446916,35.9375,56.9336
449152,35.6445,55.8594
451400,34.8633,56.0547
453660,36.1328,56.3477
455932,35.9375,56.6406
458212,34.8633,55.8594
460504,35.4492,57.4219
462808,35.7422,57.8125
465124,35.6445,56.6406
467452,34.7656,55.3711
469792,34.7656,56.2500
472144,35.3516,57.1289
474508,35.7422,57.6172
476884,35.7422,57.4219
479272,35.0586,56.2500
481672,36.6211,58.3008
484084,36.3281,58.6914
486508,35.4492,59.8633
488944,35.1563,56.9336
491392,35.5469,62.0117
493852,37.1094,58.9844
496324,35.5469,57.6172
498808,34.8633,56.2500
501304,37.1094,58.3984
503812,35.7422,59.6680
506332,36.4258,58.8867
508864,35.2539,57.7148
511412,36.0352,59.4727
513972,36.4258,58.3984
516544,37.0117,58.7891
519128,36.3281,58.8867
521724,36.9141,57.6172
524336,45.9961,63.1836
526960,41.5039,59.5703
529596,40.3320,58.9844
532244,41.2109,59.9609
534908,42.1875,59.7656
537584,39.8438,60.6445
540272,40.2344,59.7656
542976,41.0156,58.8867
545692,39.3555,58.1055
548424,40.2344,57.8125
551168,41.6992,60.7422
553924,40.9180,59.6680
556696,42.2852,58.7891
559480,39.2578,58.1055
562280,40.9180,60.4492
565092,40.1367,59.2773
567920,41.4063,59.4727
570760,39.0625,58.7891
573616,40.8203,63.0859
576488,40.0391,58.3984
579372,41.8945,60.1563
582272,40.3320,58.8867
585184,40.4297,59.8633
588112,40.1367,59.0820
591056,39.7461,59.5703
594012,40.6250,61.5234
596984,41.7969,60.0586
599972,40.2344,58.0078
602972,40.0391,60.4492
605988,40.8203,59.4727
609020,40.7227,61.2305
612068,43.9453,61.0352
615132,41.2109,68.4570
618208,38.6719,58.1055
621300,41.2109,61.1328
624408,41.1133,60.7422
627532,41.1133,60.7422
630672,41.0156,61.8164
633828,40.8203,60.7422
637000,40.6250,60.5469
640188,40.1367,60.1563
643392,41.5039,60.4492
646612,42.1875,62.3047
649848,40.8203,65.0391
653100,41.4063,59.8633
656368,41.9922,61.1328
659652,41.4063,61.8164
662952,41.3086,61.4258
666268,41.1133,61.7188
669600,41.6992,63.2813
672948,42.7734,65.1367
676316,40.4297,60.2539
679700,41.4063,62.6953
683100,41.7969,61.2305
686516,39.8438,60.6445
689952,40.7227,62.8906
693404,42.8711,63.3789
696872,42.2852,62.5000
700360,41.1133,61.7188
703864,40.5273,60.1563
707384,41.6016,62.0117
710924,46.7773,60.5469
714480,39.5508,59.0820
718056,38.7695,58.7891
721648,39.6484,59.6680
725260,39.6484,60.3516
728888,39.2578,60.1563
732536,38.1836,61.8164
736200,40.3320,60.7422
739884,38.8672,60.3516
743584,40.1367,60.6445
747304,38.8672,59.4727
751044,40.2344,61.5234
754800,40.1367,62.9883
758576,39.5508,64.4531
762372,41.1133,59.8633
766184,40.5273,61.1328
770016,39.5508,59.8633
773868,39.6484,59.5703
777740,40.2344,60.5469
781632,39.8438,61.4258
785544,40.2344,61.6211
789472,39.6484,61.0352
793420,39.3555,59.3750
797388,38.9648,60.9375
801376,41.4063,62.9883
805384,40.1367,62.0117
809412,40.0391,62.1094
813460,39.2578,59.7656
817528,40.3320,60.9375
821616,39.4531,60.5469
825728,40.8203,62.0117
829860,41.3086,62.9883
834012,41.3086,65.1367
838184,42.1875,64.9414
842376,41.1133,62.4023
846588,41.3086,61.3281
850824,40.3320,60.8398
855080,40.8203,62.3047
859356,41.4063,62.1094
863656,41.9922,65.6250
867976,40.8203,63.0859
872316,41.1133,64.1602
876680,40.8203,62.5000
881064,40.5273,63.8672
885472,40.5273,63.2813
889900,41.6016,62.1094
894352,41.3086,63.1836
898824,41.1133,63.2813
903320,40.7227,65.1367
907840,41.0156,62.6953
912380,41.6016,62.8906
916944,40.7227,62.7930
921532,42.3828,65.7227
926140,40.4297,64.4531
930772,42.1875,66.7969
935428,49.0234,63.5742
940108,41.0156,67.8711
944812,42.0898,65.1367
949540,41.6016,70.5078
954288,41.1133,63.5742
959060,45.8984,63.4766
963856,40.8203,62.3047
968676,41.6016,64.1602
973520,41.8945,64.6484
978388,42.5781,66.2109
983280,41.5039,64.0625
988200,42.0898,65.1367
993144,41.9922,64.7461
998112,42.9688,65.5273
1003104,41.5039,63.8672
1008120,42.3828,66.3086
1013164,41.8945,67.8711
1018232,42.1875,66.4063
1023324,41.2109,64.3555
1028444,42.2852,66.2109
1033588,42.2852,66.1133
1038756,40.7227,63.3789
1043952,50.5859,65.8203
1049172,49.0234,67.5781
1054420,45.3125,64.7461
1059696,46.8750,67.4805
1064996,46.9727,65.1367
1070324,53.9063,69.2383
1075676,47.5586,65.7227
1081056,46.6797,65.6250
1086464,45.8984,66.5039
1091900,45.8008,69.1406
1097360,46.6797,66.6016
1102848,46.4844,66.4063
1108364,47.1680,67.0898
1113908,44.2383,63.8672
1119480,45.1172,65.6250
1125080,50.9766,70.8008
1130708,46.2891,67.4805
1136364,46.3867,66.4063
1142048,45.8984,65.0391
1147760,46.3867,66.0156
1153500,48.3398,69.4336
1159268,47.0703,66.6016
1165068,47.5586,69.1406
1170896,46.4844,66.8945
1176752,47.5586,67.3828
1182636,46.9727,68.7500
1188552,47.0703,68.2617
1194496,46.7773,68.4570
1200472,47.8516,69.8242
1206476,47.1680,68.4570
1212512,45.1172,67.1875
1218576,47.6563,69.5313
1224672,47.1680,68.2617
1230796,47.7539,69.5313
1236952,47.3633,69.1406
1243140,47.4609,67.6758
1249356,48.1445,65.2344
1255604,46.5820,66.8945
1261884,47.8516,67.9688
1268196,47.2656,67.9688
1274540,47.9492,70.1172
1280916,46.9727,69.6289
1287324,47.2656,68.8477
1293764,48.0469,68.2617
1300236,47.7539,69.8242
1306740,46.9727,68.4570
1313276,48.3398,73.4375
1319844,47.3633,69.5313
1326444,47.4609,67.9688
1333080,47.0703,67.9688
1339748,47.7539,70.2148
1346448,46.2891,76.6602
1353184,45.9961,68.6523
1359952,48.0469,71.5820
1366752,48.3398,69.6289
1373588,45.7031,67.9688
1380456,47.2656,71.8750
1387360,48.5352,68.6523
1394300,47.4609,68.5547
1401272,47.1680,69.2383
1408280,47.5586,69.6289
1415324,47.6563,71.3867
1422404,46.7773,68.1641
1429520,47.0703,68.7500
1436668,47.8516,70.4102
1443852,49.6094,72.4609
1451072,47.7539,72.6563
1458328,49.0234,70.7031
1465620,48.8281,72.7539
1472952,48.1445,70.6055
1480320,49.1211,71.6797
1487724,47.3633,74.2188
1495164,47.7539,68.8477
1502640,49.4141,71.1914
1510156,49.9023,72.3633
1517708,49.2188,73.4375
1525300,48.3398,72.4609
1532928,49.8047,71.8750
1540596,48.8281,70.2148
1548300,48.0469,72.3633
1556044,49.4141,69.9219
1563828,48.5352,77.5391
1571648,50.2930,72.4609
1579508,49.2188,71.3867
1587408,49.5117,70.9961
1595348,50.2930,75.7813
1603328,67.5781,76.2695
1611348,54.1992,71.3867
1619408,49.9023,72.9492
1627508,50.6836,71.7773
1635648,49.0234,70.8984
1643828,48.5352,69.2383
1652048,49.8047,72.4609
1660312,49.9023,74.0234
1668616,47.8516,70.2148
1676960,50.6836,72.3633
1685348,50.7813,73.4375
1693776,50.8789,74.3164
1702248,49.2188,74.4141
1710760,50.0977,74.4141
1719316,49.6094,71.9727
1727916,49.0234,72.4609
1736556,50.0000,74.5117
1745240,53.1250,72.6563
1753968,48.5352,72.6563
1762740,49.7070,74.3164
1771556,49.4141,72.5586
1780416,49.5117,74.0234
1789320,50.0000,73.4375
1798268,49.5117,70.8008
1807260,48.7305,72.0703
1816300,49.9023,72.6563
1825384,50.5859,77.7344
1834512,51.1719,74.6094
1843688,51.4648,75.2930
1852908,48.6328,72.6563
1862176,51.3672,75.4883
1871488,52.1484,76.4648
1880848,50.5859,74.5117
1890256,49.9023,72.4609
1899708,50.2930,74.6094
1909208,50.8789,77.8320
1918756,51.8555,74.1211
1928352,49.5117,73.0469
1937996,51.1719,74.9023
1947688,49.9023,75.0000
1957428,50.9766,72.6563
1967216,50.4883,75.5859
1977056,48.8281,73.0469
1986944,50.9766,76.4648
1996880,49.5117,76.0742
2006868,50.8789,72.9492
2016904,50.7813,74.9023
2026992,52.5391,78.1250
2037128,50.6836,73.9258
2047316,50.7813,75.0977
2057556,53.0273,78.0273
2067844,51.4648,73.2422
2078184,50.7813,74.9023
2088576,50.0977,73.9258
2099020,56.5430,77.3438
2109516,54.7852,76.7578
2120064,54.3945,74.1211
2130668,53.8086,75.7813
2141324,54.4922,75.9766
2152032,54.3945,73.9258
2162796,53.0273,73.7305
2173612,58.2031,76.8555
2184484,59.4727,74.7070
2195408,60.5469,81.6406
2206388,55.2734,78.1250
2217420,54.6875,76.5625
2228508,56.2500,75.7813
2239652,54.7852,74.2188
2250852,55.2734,74.2188
2262108,55.7617,78.1250
2273420,59.3750,76.5625
2284788,56.3477,77.3438
2296212,55.3711,75.9766
2307696,54.3945,75.7813
2319236,55.9570,79.0039
2330836,55.1758,75.7813
2342492,54.5898,75.6836
2354208,56.1523,76.8555
2365980,54.9805,77.3438
2377812,54.5898,74.6094
2389704,54.1992,76.0742
2401656,71.4844,78.9063
2413668,57.1289,78.6133
2425740,55.9570,76.0742
2437872,55.7617,75.7813
2450064,54.8828,76.2695
2462316,55.5664,76.1719
2474628,58.5938,77.4414
2487004,56.7383,79.4922
2499440,57.2266,78.1250
2511940,55.1758,76.3672
2524500,56.4453,79.0039
2537124,55.1758,77.0508
2549812,57.2266,77.8320
2562564,56.8359,79.1016
2575380,55.6641,75.9766
2588260,54.9805,75.9766
2601204,54.9805,75.6836
2614212,55.7617,75.9766
2627284,56.0547,77.9297
2640424,59.6680,78.5156
2653628,56.7383,78.8086
2666900,54.8828,76.5625
2680236,58.1055,78.7109
2693640,57.4219,78.2227
2707112,56.7383,75.7813
2720648,56.2500,78.6133
2734252,55.3711,77.5391
2747924,55.9570,77.0508
2761664,57.9102,79.8828
2775476,55.3711,78.5156
2789356,57.2266,80.1758
2803304,55.9570,78.6133
2817324,55.6641,78.1250
2831412,55.6641,83.4961
2845572,55.4688,79.7852
2859800,56.9336,78.5156
2874100,56.7383,80.3711
2888472,57.6172,79.6875
2902916,55.6641,81.5430
2917432,56.7383,78.2227
2932020,56.3477,78.5156
2946684,56.4453,79.0039
2961420,58.1055,82.9102
2976228,57.5195,80.6641
2991112,57.9102,80.7617
3006068,57.0313,78.6133
3021100,73.0469,77.9297
3036208,58.0078,80.5664
3051392,56.5430,80.3711
3066652,57.4219,83.1055
3081988,60.1563,82.8125
3097400,56.8359,80.1758
3112888,57.8125,80.5664
3128456,57.6172,85.9375
3144100,57.5195,80.0781
3159824,57.9102,79.9805
3175624,55.8594,78.0273
3191504,54.7852,76.4648
3207464,57.7148,78.7109
3223504,58.0078,80.9570
3239624,57.0313,79.3945
3255824,57.5195,82.0313
3272104,57.9102,83.0078
3288468,55.4688,79.1992
3304912,59.5703,84.6680
3321440,57.7148,81.0547
3338048,58.7891,81.0547
3354740,56.3477,79.0039
3371516,60.5469,81.8359
3388376,58.4961,82.3242
3405320,56.5430,80.8594
3422348,57.0313,80.5664
3439460,58.2031,84.0820
3456660,57.4219,80.6641
3473944,58.5938,82.2266
3491316,57.4219,80.9570
3508776,59.2773,82.3242
3526320,57.1289,81.5430
3543952,58.3984,80.4688
3561672,58.6914,81.0547
3579484,56.8359,81.5430
3597384,106.0547,92.2852
3615372,65.6250,80.3711
3633452,59.6680,82.1289
3651620,58.6914,83.1055
3669880,62.0117,86.1328
3688232,58.5938,84.5703
3706676,58.0078,82.4219
3725212,58.3008,83.1055
3743840,58.9844,82.1289
3762560,61.9141,84.0820
3781376,57.2266,78.8086
3800284,58.5938,83.0078
3819288,58.5938,88.4766
3838388,59.0820,85.1563
3857580,58.6914,82.9102
3876868,58.3008,83.0078
3896256,58.6914,82.2266
3915740,58.3984,82.8125
3935320,57.9102,79.2969
3955000,59.2773,87.9883
3974776,59.3750,84.7656
3994652,61.4258,86.2305
4014628,59.8633,87.2070
4034704,58.7891,82.8125
4054880,58.8867,82.0313
4075156,58.4961,82.3242
4095532,59.1797,82.6172
4116012,58.5938,80.2734
4136596,59.8633,83.4961
4157280,60.6445,86.9141
4178068,59.7656,82.9102
4198960,66.3086,86.8164
4219956,64.4531,88.8672
4241056,62.5000,82.2266
4262264,62.5000,82.2266
4283576,62.8906,85.4492
4304996,64.4531,86.7188
4326524,62.1094,83.2031
4348160,63.1836,82.1289
4369904,62.8906,82.6172
4391756,65.2344,85.9375
4413716,64.0625,85.9375
4435788,66.6016,86.1328
4457968,64.3555,86.6211
4480260,64.9414,88.2813
4502664,64.9414,85.8398
4525180,61.4258,84.6680
4547808,63.3789,83.8867
4570548,64.2578,85.8398
4593404,62.6953,83.6914
4616372,64.2578,85.2539
4639456,64.1602,85.9375
4662656,63.8672,85.7422
4685972,62.5000,82.6172
4709404,63.6719,87.7930
4732952,62.7930,85.8398
4756620,63.3789,85.0586
4780404,62.6953,85.9375
4804308,64.4531,86.2305
4828332,65.0391,86.2305
4852476,64.8438,90.1367
4876740,64.0625,86.6211
4901124,63.8672,85.6445
4925632,63.9648,89.4531
4950264,64.5508,86.4258
4975016,64.7461,87.3047
4999892,64.2578,87.4023
5024892,65.9180,88.6719
5050020,63.1836,84.3750
5075272,63.6719,89.5508
5100652,64.0625,85.7422
5126156,62.9883,84.5703
5151788,64.1602,86.1328
5177548,64.5508,87.7930
5203436,64.2578,85.0586
5229456,62.9883,84.9609
5255604,65.1367,90.2344
5281884,63.7695,85.7422
5308296,69.5313,91.1133
5334840,64.0625,86.6211
5361516,63.6719,86.3281
5388324,64.6484,86.9141
5415268,73.1445,91.1133
5442348,66.5039,85.1563
5469560,67.9688,90.7227
5496908,63.7695,85.2539
5524396,63.7695,87.3047
5552020,63.5742,88.0859
5579784,64.9414,89.4531
5607684,64.1602,87.0117
5635724,65.4297,89.2578
5663904,62.5977,84.9609
5692224,66.4063,89.2578
5720688,63.4766,85.9375
5749292,67.9688,88.9648
5778040,64.9414,89.0625
5806932,65.4297,88.6719
5835968,62.9883,86.2305
5865148,65.7227,89.0625
5894476,65.7227,88.6719
5923952,64.0625,86.7188
5953572,66.0156,89.6484
5983340,63.4766,86.4258
6013260,65.6250,90.5273
6043328,63.1836,87.3047
6073548,64.2578,86.2305
6103916,63.9648,88.0859
6134436,72.0703,89.3555
6165112,65.7227,89.9414
6195940,64.8438,88.2813
6226920,78.1250,96.9727
6258056,69.5313,159.1797
6289348,65.4297,171.7773
6320796,66.4063,218.2617
6352400,66.2109,215.0391
6384164,64.4531,86.8164
6416088,63.6719,88.2813
6448172,67.0898,91.5039
6480416,64.9414,93.4570
6512820,68.1641,92.8711
6545388,65.0391,88.6719
6578116,64.7461,89.4531
6611008,65.8203,89.0625
6644064,66.7969,91.1133
6677288,65.1367,87.5977
6710676,68.3594,94.4336
6744232,66.3086,90.2344
6777956,65.0391,87.5977
6811848,66.7969,88.7695
6845908,66.6016,90.6250
6880140,66.3086,92.6758
6914544,66.7969,90.5273
6949120,64.7461,89.9414
6983868,64.6484,89.9414
7018788,65.5273,90.8203
7053884,65.7227,88.1836
7089156,65.5273,92.4805
7124604,65.1367,89.1602
7160228,67.1875,89.2578
7196032,66.2109,92.1875
7232016,63.6719,89.0625
7268180,65.7227,90.3320
7304524,65.9180,89.9414
7341048,71.0938,91.0156
7377756,66.3086,89.7461
7414648,66.0156,91.6992
7451724,68.0664,92.0898
7488984,65.6250,89.8438
7526432,74.8047,90.1367
7564068,66.1133,90.5273
7601892,68.7500,94.7266
7639904,68.0664,94.6289
7678104,65.4297,90.3320
7716496,80.9570,161.7188
7755080,72.3633,93.0664
7793856,67.5781,92.4805
7832828,66.9922,93.8477
7871996,68.4570,93.7500
7911356,66.1133,91.8945
7950916,68.0664,93.0664
7990672,65.0391,89.7461
8030628,67.1875,93.3594
8070784,67.3828,92.8711
8111140,82.1289,100.0000
8151696,78.2227,95.9961
8192456,72.8516,92.0898
8233420,71.9727,95.5078
8274588,67.6758,91.3086
8315964,69.9219,94.5313
8357544,66.3086,89.7461
8399332,71.3867,95.8984
8441332,70.7031,92.3828
8483540,70.2148,90.6250
8525960,70.2148,90.2344
8568592,72.4609,93.0664
8611436,70.1172,90.3320
8654496,72.7539,93.3594
8697772,69.9219,91.5039
8741264,71.5820,91.4063
8784972,70.8984,146.8750
8828900,72.5586,93.8477
8873048,71.3867,95.8008
8917416,70.8984,93.0664
8962004,71.6797,94.2383
9006816,73.4375,94.6289
9051852,72.5586,92.3828
9097112,72.7539,94.4336
9142600,71.1914,91.8945
9188316,70.8008,91.1133
9234260,73.8281,94.1406
9280432,73.5352,91.4063
9326836,72.5586,94.5313
9373472,70.7031,91.3086
9420340,72.6563,93.8477
9467444,82.8125,94.9219
9514784,70.7031,91.8945
9562360,73.7305,94.1406
9610172,70.8008,92.0898
9658224,69.1406,95.6055
9706516,72.4609,96.2891
9755052,70.6055,94.2383
9803828,71.8750,92.0898
9852848,71.9727,91.3086
9902116,73.6328,97.3633
9951628,73.9258,95.0195
10001388,73.1445,94.8242
10051396,72.1680,92.8711
10101656,71.5820,91.9922
10152168,73.5352,96.4844
10202932,70.1172,92.6758
10253948,73.0469,93.2617
10305220,73.3398,95.8008
10356748,69.5313,92.4805
10408532,71.7773,93.6523
10460576,69.9219,90.4297
10512880,71.6797,94.4336
10565448,72.5586,94.3359
10618276,73.8281,97.4609
10671368,70.1172,91.3086
10724728,73.8281,95.6055
10778352,71.5820,93.5547
10832244,72.1680,93.8477
10886408,79.8828,98.0469
10940844,75.1953,97.5586
10995552,72.3633,93.3594
11050532,73.2422,96.3867
11105788,73.5352,95.1172
11161320,72.8516,95.7031
11217128,73.5352,95.8008
11273216,72.7539,95.0195
11329584,73.5352,96.3867
11386232,73.2422,98.0469
11443164,71.8750,94.9219
11500380,73.1445,95.7031
11557884,71.4844,93.4570
11615676,79.1992,95.7031
11673756,79.1992,94.3359
11732128,73.2422,98.4375
11790792,73.0469,96.4844
11849748,72.8516,95.7031
11909000,74.8047,98.1445
11968548,75.8789,95.8008
12028392,73.6328,96.8750
12088536,75.8789,98.9258
12148980,98.3398,101.5625
12209728,72.1680,96.3867
12270780,73.0469,97.2656
12332136,72.9492,98.6328
12393800,72.5586,94.8242
12455772,75.5859,94.4336
12518052,74.4141,98.9258
12580644,72.0703,94.7266
12643548,74.7070,97.9492
12706768,73.4375,98.4375
12770304,73.6328,98.3398
12834156,72.4609,99.4141
12898328,72.2656,93.2617
12962820,71.5820,95.8984
13027636,73.9258,98.7305
13092776,73.1445,99.8047
13158240,73.2422,98.2422
13224032,71.3867,92.7734
13290156,74.9023,100.0000
13356608,77.9297,98.5352
13423392,73.6328,96.3867
13490512,74.1211,97.2656
13557968,75.2930,114.5508
13625760,73.2422,98.0469
13693892,86.8164,99.0234
13762364,75.3906,98.9258
13831176,72.0703,94.3359
13900332,72.6563,95.3125
13969836,73.8281,98.4375
14039688,72.5586,96.7773
14109888,75.2930,97.9492
14180440,76.0742,98.8281
14251344,73.5352,96.5820
14322604,73.3398,97.1680
14394220,72.9492,97.4609
14466192,81.2500,99.6094
14538524,74.6094,98.4375
14611220,76.3672,96.7773
14684280,74.7070,99.9023
14757704,75.3906,101.4648
14831496,73.5352,99.3164
14905656,74.0234,96.4844
14980188,73.9258,94.6289
15055092,73.4375,97.9492
15130368,70.8008,94.2383
15206020,78.4180,100.0000
15282052,77.4414,102.8320
15358464,75.0977,101.0742
15435260,83.4961,105.1758
15512440,96.1914,113.0859
15590004,85.9375,111.3281
15667956,93.2617,113.5742
15746296,93.5547,112.9883
15825028,73.4375,97.8516
15904156,75.3906,128.6133
15983680,89.7461,102.8320
16063600,77.3438,101.6602
16143920,76.2695,103.2227
16224640,73.1445,97.1680
16305764,76.8555,101.6602
16387296,74.6094,98.8281
16469236,75.1953,102.6367
16551584,74.5117,98.5352
16634344,72.7539,179.7852
16717516,77.6367,105.8594
16801104,84.0820,106.2500
16885112,79.0039,100.0000
16969540,79.0039,100.0000
17054388,78.2227,103.5156
17139660,80.6641,102.8320
17225360,78.6133,101.0742
17311488,79.0039,99.9023
17398048,79.6875,100.8789
17485040,80.4688,101.6602
17572468,83.0078,103.4180
17660332,80.6641,102.9297
17748636,80.5664,106.5430
17837380,80.8594,104.2969
17926568,80.5664,102.3438
18016204,80.1758,101.8555
18106288,78.7109,98.3398
18196820,83.3984,106.5430
18287808,130.9570,127.5391
18379248,102.8320,101.2695
18471148,83.5938,103.8086
18563504,85.3516,100.0977
18656324,82.3242,100.1953
18749608,81.9336,103.7109
18843360,79.9805,101.7578
18937580,82.1289,104.3945
19032268,79.5898,103.9063
19127432,80.4688,103.9063
19223072,81.7383,108.3008
19319188,83.3008,106.2500
19415784,80.2734,103.8086
19512864,77.2461,99.0234
19610432,80.2734,103.5156
19708488,81.8359,104.8828
19807032,81.2500,102.9297
19906068,81.0547,105.9570
20005600,80.0781,103.9063
20105628,82.6172,106.3477
20206160,80.5664,105.6641
20307192,83.9844,109.9609
20408728,80.7617,101.6602
20510772,80.7617,104.2969
20613328,81.7383,106.1523
20716396,81.4453,103.4180
20819980,81.8359,106.8359
20924080,82.4219,107.1289
21028704,81.1523,110.0586
21133848,84.6680,107.8125
21239520,79.4922,103.4180
21345720,79.1992,102.1484
21452452,82.7148,105.5664
21559716,84.7656,106.7383
21667516,82.0313,104.5898
21775856,82.1289,105.2734
21884736,80.8594,105.3711
21994160,91.2109,107.2266
22104132,89.5508,108.3984
22214656,87.4023,108.9844
22325732,84.3750,106.2500
22437364,82.0313,104.7852
22549552,82.5195,108.1055
22662300,86.1328,108.5938
22775612,85.4492,107.5195
22889492,86.7188,110.3516
23003940,83.8867,109.2773
23118960,83.4961,106.7383
23234556,85.1563,110.0586
23350732,93.6523,110.8398
23467488,80.4688,104.8828
23584828,85.0586,108.4961
23702756,87.2070,108.9844
23821272,83.6914,108.5938
23940380,84.6680,109.3750
24060084,85.9375,108.4961
24180388,89.0625,105.9570
24301292,89.3555,113.1836
24422800,86.9141,111.1328
24544916,84.0820,109.5703
24667644,88.2813,106.4453
24790984,90.2344,122.2656
24914940,94.5313,111.9141
25039516,92.5781,114.0625
25164716,93.4570,112.5977
25290540,91.4063,113.4766
25416996,89.4531,159.5703
25544084,104.4922,114.9414
25671808,96.1914,110.8398
25800168,94.9219,116.5039
25929172,93.7500,117.5781
26058820,102.6367,118.1641
26189116,99.5117,115.4297
26320064,91.8945,110.2539
26451668,88.1836,110.0586
26583928,100.4883,113.9648
26716848,96.2891,110.9375
26850436,91.7969,112.3047
26984692,93.6523,111.3281
27119616,92.5781,116.1133
27255216,106.6406,121.7773
27391496,119.4336,134.0820
27528456,120.8008,127.1484
27666100,103.0273,121.4844
27804432,104.8828,116.9922
27943456,106.0547,112.5000
28083176,99.9023,116.9922
28223592,95.0195,115.2344
28364712,96.4844,117.9688
28506536,103.5156,122.2656
28649072,102.7344,116.6992
28792320,98.0469,115.3320
28936284,98.1445,119.2383
29080968,92.0898,124.6094
29226376,105.4688,121.5820
29372508,102.4414,122.3633
29519372,97.6563,113.2813
29666972,116.9922,131.2500
29815308,108.0078,122.7539
29964388,123.5352,118.7500
30114212,102.0508,121.1914
30264784,121.2891,153.6133
30416108,107.4219,130.5664
30568192,106.1523,123.0469
30721036,142.1875,131.8359
30874644,112.2070,126.0742
31029020,109.1797,125.0000
31184168,105.9570,142.3828
31340092,113.5742,125.5859
31496796,107.9102,125.4883
31654280,108.6914,127.9297
31812552,129.4922,130.6641
31971616,115.6250,136.4258
32131476,116.8945,129.0039
32292136,138.8672,131.6406
32453600,123.6328,130.7617
32615868,115.3320,139.7461
32778948,145.6055,141.9922
32942844,133.0078,143.5547
33107560,123.3398,151.7578
33273100,164.5508,136.6211
33439468,126.4648,134.1797
33606668,141.2109,140.0391
33774704,126.2695,130.1758
33943580,146.0938,139.4531
34113300,138.1836,143.5547
34283868,125.8789,136.6211
34455288,127.4414,182.6172
34627568,137.8906,213.9648
34800708,148.1445,158.5938
34974712,167.2852,142.4805
35149588,133.5938,144.0430
35325336,161.0352,148.0469
35501964,132.3242,145.2148
35679476,189.0625,180.9570
35857876,139.5508,149.8047
36037168,138.0859,139.3555
36217356,140.5273,143.8477
36398444,134.8633,152.3438
36580440,129.9805,162.5000
36763344,143.9453,147.1680
36947164,136.8164,155.2734
37131900,162.8906,155.7617
37317560,144.6289,146.1914
37504148,149.1211,150.5859
37691672,142.2852,149.6094
37880132,149.9023,155.1758
38069536,137.4023,146.8750
38259884,143.9453,162.1094
38451184,146.7773,152.0508
38643440,152.9297,197.2656
38836660,158.2031,160.4492
39030844,144.9219,165.8203
39226000,148.9258,157.1289
39422132,143.1641,197.0703
39619244,147.8516,150.7813
39817344,147.3633,169.6289
40016432,151.4648,157.3242
40216516,146.9727,196.7773
40417600,154.2969,162.4023
40619688,150.4883,182.2266
40822788,163.3789,160.6445
41026904,213.9648,194.1406
41232040,176.3672,179.9805
41438204,169.2383,175.0977
41645396,157.7148,159.4727
41853624,204.7852,178.2227
42062896,160.8398,161.0352
42273212,177.6367,172.9492
42484580,166.2109,223.5352
42697004,185.2539,168.4570
42910492,166.0156,176.8555
43125048,167.9688,169.1406
43340676,192.0898,205.9570
43557380,219.4336,173.5352
43775168,175.0977,170.7031
43994044,172.2656,215.1367
44214016,181.7383,178.3203
44435088,193.3594,187.6953
44657264,174.2188,171.0938
44880552,172.6563,177.9297
45104956,170.6055,203.9063
45330484,183.5938,188.8672
45557140,193.0664,191.9922
45784928,187.1094,201.1719
46013856,188.8672,203.2227
46243928,179.0039,179.1992
46475148,172.8516,178.0273
46707524,180.1758,199.4141
46941064,187.5000,187.0117
47175772,232.1289,194.7266
47411652,182.6172,201.1719
47648712,185.1563,179.7852
47886956,192.4805,188.1836
48126392,180.4688,198.3398
48367024,189.0625,191.0156
48608860,192.9688,184.6680
48851908,183.3984,220.0195
49096168,192.7734,249.0234
49341652,194.5313,192.2852
49588364,187.5000,184.3750
49836308,187.1094,206.7383
50085492,190.9180,185.8398
50335920,218.6523,203.1250
50587600,224.9023,198.7305
50840540,197.2656,203.5156
51094744,201.5625,225.7813
51350220,198.2422,199.8047
51606972,199.8047,192.6758
51865008,193.5547,208.2031
52124336,195.6055,231.3477
52384960,212.6953,202.9297
52646888,205.3711,201.7578
52910124,206.7383,196.4844
53174676,198.6328,206.1523
53440552,199.7070,217.4805
53707756,207.6172,241.6992
53976296,210.5469,205.8594
54246180,213.5742,220.8008
54517412,225.4883,216.0156
54790000,229.5898,199.6094
55063952,202.0508,222.3633
55339272,205.4688,213.5742
55615972,197.3633,200.7813
55894052,238.7695,222.4609
56173524,214.7461,265.5273
56454392,222.3633,339.6484
56736664,263.4766,258.7891
57020348,240.0391,235.9375
57305452,242.3828,254.7852
57591980,244.7266,238.9648
57879940,237.4023,239.4531
58169340,229.4922,246.7773
58460188,214.6484,216.1133
58752492,249.2188,219.5313
59046256,212.1094,256.8359
59341488,224.5117,239.9414
59638196,233.9844,244.7266
59936388,224.1211,225.5859
60236072,213.6719,219.3359
60537256,230.2734,230.0781
60839944,233.0078,238.5742
61144144,238.0859,232.9102
61449868,292.8711,262.3047
61757120,276.1719,244.3359
62065908,260.4492,238.0859
62376240,234.4727,242.6758
62688124,249.2188,240.4297
63001568,238.3789,238.1836
63316576,233.7891,226.9531
63633160,241.7969,225.1953
63951328,223.7305,221.6797
64271088,248.6328,221.2891
64592444,242.7734,226.2695
64915408,248.3398,236.4258
65239988,238.5742,248.0469
65566188,240.3320,239.3555
65894020,268.4570,267.4805
66223492,315.4297,245.5078
66554612,242.7734,236.7188
66887388,244.7266,312.5000
