4,1.4648,1.5625
8,2.1484,5.8594
12,2.5391,7.2266
16,2.4414,8.3008
20,3.0273,8.7891
24,3.3203,11.6211
28,3.1250,11.0352
32,3.1250,11.5234
36,4.1016,12.3047
40,3.5156,12.2070
44,3.8086,12.3047
48,3.6133,13.6719
52,3.6133,13.4766
56,4.1016,14.6484
60,3.9063,14.4531
64,3.6133,15.9180
68,6.8359,17.8711
72,4.6875,15.5273
76,4.2969,15.7227
80,4.2969,14.9414
84,4.2969,15.7227
88,4.6875,15.7227
92,4.5898,14.9414
96,4.4922,15.9180
100,4.4922,15.5273
104,4.5898,17.2852
108,4.3945,22.4609
112,4.2969,18.6523
116,3.9063,18.0664
120,4.7852,17.7734
124,4.9805,17.8711
128,4.1992,18.7500
132,5.2734,17.4805
136,5.5664,17.0898
140,5.1758,39.3555
144,5.3711,18.1641
148,5.2734,18.3594
152,5.3711,17.9688
156,5.0781,17.7734
160,5.3711,18.0664
164,4.8828,17.8711
168,5.3711,17.9688
172,5.1758,18.2617
176,5.0781,17.7734
180,5.3711,18.6523
184,5.2734,18.7500
188,5.5664,23.3398
192,5.1758,18.8477
196,5.2734,18.5547
200,5.3711,19.2383
204,5.2734,19.3359
208,5.2734,19.0430
212,5.2734,18.7500
216,5.1758,18.9453
220,5.1758,19.6289
224,5.2734,19.1406
228,5.3711,19.0430
232,5.2734,19.2383
236,5.1758,20.2148
240,5.2734,20.2148
244,5.4688,19.9219
248,5.1758,20.2148
252,5.1758,20.2148
256,5.5664,20.6055
260,6.2500,22.0703
264,6.3477,20.7031
268,6.2500,21.0938
272,6.1523,20.4102
276,6.2500,20.8008
280,6.1523,20.7031
284,6.1523,21.1914
288,6.1523,20.2148
292,6.2500,20.8984
296,6.1523,21.0938
300,6.1523,19.7266
304,6.3477,20.3125
308,6.3477,21.0938
312,6.1523,19.6289
316,6.1523,20.4102
320,6.1523,19.9219
324,6.2500,20.7031
328,6.2500,20.5078
332,6.2500,20.0195
336,6.1523,21.6797
340,6.2500,20.4102
344,6.1523,20.7031
348,8.3008,21.8750
352,9.6680,21.0938
356,8.8867,22.6563
360,9.2773,20.4102
364,6.1523,21.0938
368,6.2500,21.0938
372,6.1523,21.2891
376,6.5430,21.8750
380,6.1523,20.9961
384,6.1523,21.3867
388,6.4453,20.2148
392,6.2500,21.3867
396,6.1523,23.7305
400,6.1523,21.6797
404,6.1523,21.1914
408,6.2500,20.7031
412,6.2500,22.1680
416,6.2500,21.4844
420,6.1523,21.6797
424,6.1523,22.1680
428,6.3477,21.6797
432,6.3477,21.4844
436,6.2500,22.2656
440,6.4453,21.2891
444,6.1523,21.1914
448,6.1523,21.7773
452,6.2500,22.6563
456,6.1523,22.6563
460,6.1523,21.5820
464,6.1523,23.3398
468,6.2500,21.7773
472,6.2500,21.3867
476,6.2500,22.7539
480,6.2500,22.4609
484,6.1523,22.6563
488,6.1523,22.3633
492,6.1523,22.5586
496,6.3477,23.2422
500,6.3477,22.9492
504,6.1523,21.8750
508,6.1523,22.6563
512,6.1523,23.5352
516,8.5938,23.6328
520,8.3984,23.9258
524,8.0078,22.3633
528,7.9102,23.9258
532,8.1055,24.2188
536,7.8125,23.6328
540,8.3008,22.9492
544,8.0078,22.8516
548,8.1055,23.5352
552,8.2031,23.1445
556,8.0078,23.2422
560,8.0078,23.4375
564,8.2031,23.1445
568,8.6914,22.4609
572,8.2031,24.6094
576,8.9844,23.1445
580,8.2031,23.1445
584,7.9102,23.5352
588,8.2031,23.5352
592,7.9102,25.5859
596,8.3008,23.5352
600,8.4961,24.1211
604,11.1328,25.5859
608,8.3008,24.1211
612,7.8125,23.4375
616,8.3984,22.7539
620,8.3984,23.5352
624,8.2031,23.8281
628,8.1055,23.6328
632,8.3984,23.2422
636,8.0078,24.7070
640,7.9102,23.2422
644,7.6172,23.9258
648,7.4219,23.0469
652,8.1055,23.1445
656,8.6914,23.0469
660,7.7148,23.3398
664,8.3984,23.6328
668,7.6172,23.2422
672,8.2031,23.7305
676,8.5938,23.1445
680,8.0078,22.7539
684,7.9102,23.3398
688,8.2031,23.4375
692,8.1055,24.5117
696,7.8125,24.8047
700,7.5195,23.8281
704,8.3008,24.4141
708,8.3984,24.5117
712,8.0078,23.7305
716,8.2031,23.4375
720,8.6914,23.1445
724,7.6172,23.7305
728,7.9102,23.9258
732,7.5195,23.9258
736,7.8125,23.5352
740,7.9102,24.5117
744,8.0078,25.4883
748,8.1055,24.0234
752,8.3008,23.8281
756,7.7148,23.1445
760,7.9102,24.9023
764,8.6914,24.1211
768,8.1055,23.8281
772,7.8125,24.3164
776,8.3008,24.2188
780,7.9102,25.6836
784,8.2031,24.2188
788,7.9102,23.7305
792,7.7148,25.0000
796,8.3008,24.5117
800,8.5938,25.1953
804,8.0078,24.1211
812,7.9102,24.7070
820,8.6914,24.6094
828,8.1055,24.4141
836,8.0078,24.3164
844,7.8125,24.3164
852,7.6172,24.6094
860,8.5938,24.7070
868,8.3008,24.7070
876,8.3984,24.9023
884,7.6172,26.7578
892,7.5195,24.4141
900,7.7148,24.7070
908,8.2031,25.0000
916,8.1055,25.0000
924,8.2031,25.3906
932,7.8125,23.5352
940,8.2031,25.4883
948,8.2031,25.1953
956,8.3984,24.7070
964,8.8867,26.7578
972,8.3984,25.4883
980,7.6172,25.2930
988,7.3242,25.4883
996,7.9102,25.9766
1004,7.3242,27.7344
1012,7.7148,26.5625
1020,8.0078,25.6836
1028,9.9609,25.8789
1036,10.3516,26.4648
1044,10.2539,26.2695
1052,10.8398,27.3438
1060,10.3516,25.9766
1068,9.6680,26.9531
1076,10.2539,25.3906
1084,9.6680,26.2695
1092,10.2539,26.0742
1100,9.8633,25.1953
1108,10.2539,26.3672
1116,10.1563,25.1953
1124,11.4258,24.9023
1132,10.3516,26.9531
1140,9.9609,25.5859
1148,10.4492,25.1953
1156,10.0586,26.6602
1164,10.1563,26.5625
1172,9.8633,25.5859
1180,10.0586,26.2695
1188,9.9609,24.5117
1196,12.3047,28.1250
1204,10.5469,26.4648
1212,9.7656,26.7578
1220,9.9609,26.2695
1228,9.7656,26.1719
1236,10.0586,25.9766
1244,10.0586,26.3672
1252,10.4492,26.9531
1260,10.1563,25.7813
1268,10.4492,25.2930
1276,10.2539,25.7813
1284,10.0586,26.9531
1292,9.8633,26.9531
1300,10.7422,26.6602
1308,10.4492,25.2930
1316,9.6680,26.4648
1324,10.2539,25.5859
1332,10.4492,26.7578
1340,10.1563,26.5625
1348,9.8633,26.3672
1356,9.8633,26.1719
1364,9.6680,27.7344
1372,10.0586,26.7578
1380,10.3516,26.2695
1388,10.0586,27.4414
1396,10.1563,27.1484
1404,10.3516,26.5625
1412,10.6445,26.8555
1420,9.9609,26.1719
1428,10.1563,27.0508
1436,9.8633,27.4414
1444,9.9609,25.9766
1452,10.2539,26.9531
1460,10.1563,26.0742
1468,10.0586,34.3750
1476,10.4492,27.0508
1484,9.8633,27.2461
1492,10.0586,26.4648
1500,10.1563,26.2695
1508,9.9609,26.6602
1516,10.7422,26.9531
1524,10.3516,26.0742
1532,10.2539,26.4648
1540,9.8633,27.0508
1548,9.6680,25.9766
1556,9.9609,27.0508
1564,10.4492,27.2461
1572,9.6680,26.1719
1580,10.2539,26.8555
1588,10.5469,28.2227
1596,9.9609,27.6367
1604,9.4727,27.2461
1616,10.1563,26.3672
1628,9.7656,26.5625
1640,9.1797,26.2695
1652,10.0586,26.6602
1664,10.6445,27.5391
1676,10.2539,26.8555
1688,9.8633,27.4414
1700,10.0586,27.9297
1712,10.0586,27.7344
1724,10.5469,28.5156
1736,10.3516,26.9531
1748,10.1563,29.4922
1760,10.3516,26.7578
1772,9.6680,27.1484
1784,10.0586,27.0508
1796,9.9609,29.1016
1808,9.9609,26.5625
1820,9.6680,26.8555
1832,10.2539,27.1484
1844,9.8633,27.8320
1856,9.7656,27.9297
1868,10.2539,26.7578
1880,10.0586,28.3203
1892,10.5469,27.5391
1904,10.5469,27.4414
1916,10.0586,28.7109
1928,10.7422,29.0039
1940,10.1563,28.3203
1952,10.0586,28.4180
1964,9.7656,28.0273
1976,10.1563,28.3203
1988,9.8633,27.6367
2000,9.3750,27.5391
2012,10.1563,27.9297
2024,9.6680,27.8320
2036,10.0586,28.1250
2048,10.8398,29.6875
2060,12.9883,28.8086
2072,11.8164,28.9063
2084,12.9883,29.9805
2096,12.5977,29.3945
2108,12.6953,49.7070
2120,12.9883,46.2891
2132,29.0039,29.1016
2144,12.7930,28.4180
2156,12.6953,28.5156
2168,12.6953,27.9297
2180,12.3047,27.7344
2192,12.4023,28.0273
2204,12.6953,92.8711
2216,12.2070,48.7305
2228,12.8906,29.7852
2240,12.5000,46.4844
2252,12.8906,28.0273
2264,12.2070,28.9063
2276,12.3047,28.7109
2288,12.0117,28.8086
2300,12.1094,29.5898
2312,12.5000,29.7852
2324,12.4023,29.2969
2336,12.3047,29.6875
2348,12.5977,29.8828
2360,12.6953,29.7852
2372,15.3320,28.7109
2384,12.6953,28.2227
2396,12.3047,29.2969
2408,12.2070,28.3203
2424,11.7188,29.1992
2440,12.0117,29.0039
2456,12.4023,29.1016
2472,12.5977,28.3203
2488,12.3047,29.2969
2504,12.3047,29.8828
2520,12.5000,28.8086
2536,12.6953,29.7852
2552,12.3047,29.5898
2568,12.5000,33.7891
2584,12.5000,28.8086
2600,12.0117,29.3945
2616,11.8164,28.4180
2632,11.9141,29.3945
2648,12.1094,29.2969
2664,12.4023,28.6133
2680,12.5000,29.5898
2696,12.3047,30.3711
2712,12.5977,29.3945
2728,11.5234,29.6875
2744,12.8906,28.8086
2760,12.3047,29.1992
2776,12.5977,29.4922
2792,12.6953,29.9805
2808,12.3047,29.5898
2824,12.5977,29.9805
2840,12.6953,29.1992
2856,12.4023,29.1016
2872,12.5977,29.5898
2888,12.5000,29.8828
2904,13.1836,30.0781
2920,12.1094,29.6875
2936,12.5000,30.9570
2952,12.2070,29.7852
2968,12.1094,29.8828
2984,12.5977,29.5898
3000,12.4023,33.1055
3016,12.4023,29.9805
3032,11.7188,29.1016
3048,12.1094,28.6133
3064,12.2070,29.2969
3080,12.5000,30.7617
3096,12.6953,29.7852
3112,12.5000,30.0781
3128,12.8906,29.7852
3144,12.1094,29.0039
3160,12.4023,29.3945
3176,12.4023,29.5898
3192,12.5977,29.7852
3208,12.5000,30.4688
3228,12.5977,30.3711
3248,12.2070,29.4922
3268,12.7930,30.1758
3288,12.5000,30.1758
3308,12.8906,30.0781
3328,12.4023,30.2734
3348,12.5977,29.1016
3368,11.6211,29.9805
3388,12.0117,29.8828
3408,12.4023,29.6875
3428,12.2070,29.2969
3448,12.3047,30.3711
3468,12.5000,33.3984
3488,12.6953,29.5898
3508,12.0117,29.8828
3528,13.3789,31.3477
3548,12.1094,30.0781
3568,12.6953,30.7617
3588,12.3047,30.7617
3608,12.2070,30.5664
3628,12.3047,30.8594
3648,12.8906,30.5664
3668,12.5977,30.8594
3688,12.1094,30.8594
3708,12.2070,31.1523
3728,12.4023,29.2969
3748,12.4023,31.6406
3768,12.0117,29.1992
3788,12.5000,30.0781
3808,12.4023,30.6641
3828,12.5000,30.8594
3848,12.4023,30.9570
3868,12.5000,30.9570
3888,12.4023,31.2500
3908,13.1836,32.6172
3928,12.7930,31.9336
3948,12.5000,31.9336
3968,12.2070,29.5898
3988,12.7930,31.3477
4008,12.0117,31.4453
4032,12.3047,31.0547
4056,12.5000,30.4688
4080,12.3047,30.8594
4104,15.7227,33.3984
4128,14.5508,32.0313
4152,15.2344,32.1289
4176,14.7461,31.8359
4200,15.0391,31.0547
4224,14.4531,31.3477
4248,14.7461,31.7383
4272,14.6484,30.9570
4296,14.7461,33.8867
4320,14.6484,33.7891
4344,15.3320,32.2266
4368,14.7461,32.1289
4392,14.9414,31.5430
4416,15.1367,32.2266
4440,14.3555,30.8594
4464,14.9414,32.7148
4488,15.1367,31.7383
4512,14.8438,32.3242
4536,15.0391,32.0313
4560,14.4531,31.8359
4584,14.8438,32.8125
4608,14.4531,31.6406
4632,15.1367,31.2500
4656,14.0625,32.6172
4680,14.5508,31.1523
4704,14.8438,32.4219
4728,14.0625,31.7383
4752,14.7461,30.8594
4776,14.8438,32.6172
4800,14.9414,31.4453
4824,15.0391,31.4453
4852,14.8438,32.8125
4880,14.8438,33.3984
4908,14.9414,30.9570
4936,14.3555,31.2500
4964,15.0391,31.2500
4992,14.4531,31.9336
5020,14.3555,31.2500
5048,14.9414,31.7383
5076,14.4531,32.4219
5104,14.8438,32.4219
5132,15.0391,30.9570
5160,15.0391,33.0078
5188,15.0391,32.7148
5216,14.6484,30.6641
5244,14.4531,32.2266
5272,14.6484,32.2266
5300,14.1602,31.9336
5328,14.5508,30.6641
5356,15.1367,32.4219
5384,15.4297,32.4219
5412,14.7461,32.1289
5440,14.6484,31.8359
5468,14.5508,30.5664
5496,14.6484,32.1289
5524,15.2344,32.4219
5552,14.5508,31.6406
5580,14.7461,32.4219
5608,13.8672,31.7383
5640,14.2578,31.4453
5672,15.1367,31.8359
5704,14.1602,31.6406
5736,14.4531,34.1797
5768,15.8203,32.2266
5800,15.1367,34.6680
5832,14.9414,31.6406
5864,14.3555,32.6172
5896,14.9414,31.9336
5928,14.5508,32.0313
5960,14.6484,34.3750
5992,14.5508,32.5195
6024,14.6484,31.6406
6056,14.5508,32.5195
6088,15.3320,34.6680
6120,15.2344,32.6172
6152,14.7461,32.2266
6184,14.3555,33.2031
6216,14.9414,31.9336
6248,14.9414,32.7148
6280,15.0391,32.0313
6312,14.5508,32.7148
6344,15.2344,32.3242
6376,16.6992,32.4219
6408,14.7461,32.4219
6444,14.5508,33.8867
6480,15.5273,32.9102
6516,14.8438,33.3008
6552,14.6484,33.3008
6588,14.5508,32.3242
6624,14.8438,33.1055
6660,14.4531,33.6914
6696,15.1367,32.9102
6732,14.8438,33.2031
6768,14.9414,32.8125
6804,14.4531,33.5938
6840,14.9414,32.9102
6876,14.3555,32.5195
6912,15.3320,33.4961
6948,14.5508,32.7148
6984,14.9414,32.0313
7020,14.0625,32.5195
7056,14.8438,33.1055
7092,14.1602,33.1055
7128,15.4297,32.1289
7164,15.1367,32.7148
7200,15.1367,32.2266
7236,14.7461,34.4727
7276,14.2578,32.8125
7316,15.3320,34.4727
7356,14.5508,33.7891
7396,14.1602,32.9102
7436,15.0391,32.9102
7476,14.1602,32.7148
7516,14.3555,33.8867
7556,15.4297,34.0820
7596,14.4531,33.8867
7636,15.0391,33.5938
7676,14.0625,33.0078
7716,14.4531,32.6172
7756,16.7969,33.7891
7796,14.1602,31.5430
7836,14.1602,32.5195
7876,14.8438,34.9609
7916,14.9414,34.2773
7956,15.0391,34.1797
7996,14.5508,33.8867
8036,14.7461,34.4727
8080,14.9414,33.8867
8124,14.8438,33.6914
8168,15.0391,33.6914
8212,17.2852,34.3750
8256,18.9453,34.1797
8300,17.6758,35.0586
8344,17.2852,34.6680
8388,17.4805,34.2773
8432,16.6016,35.2539
8476,17.2852,33.3008
8520,16.9922,33.7891
8564,16.3086,34.0820
8608,17.1875,34.1797
8652,16.7969,33.4961
8696,17.0898,34.1797
8740,17.1875,33.7891
8784,17.7734,33.6914
8828,17.6758,34.3750
8876,17.3828,33.3984
8924,17.1875,33.1055
8972,20.8008,36.0352
9020,17.3828,34.6680
9068,17.4805,34.2773
9116,17.2852,34.3750
9164,17.0898,33.3984
9212,16.7969,34.1797
9260,17.3828,34.8633
9308,16.6992,35.3516
9356,16.3086,33.3008
9404,17.8711,34.6680
9452,16.8945,34.5703
9500,16.6016,33.1055
9548,16.7969,34.1797
9596,17.3828,34.8633
9644,16.8945,33.8867
9696,16.6016,33.4961
9748,16.7969,33.2031
9800,17.8711,34.1797
9852,17.4805,33.9844
9904,16.4063,36.3281
9956,17.2852,33.9844
10008,16.5039,34.0820
10060,17.6758,34.4727
10112,16.6992,33.5938
10164,17.5781,33.9844
10216,16.7969,34.9609
10268,16.1133,33.7891
10320,16.7969,34.4727
10372,16.8945,34.8633
10424,17.0898,33.7891
10480,16.8945,34.6680
10536,17.2852,36.7188
10592,17.0898,33.4961
10648,17.4805,35.3516
10704,16.8945,34.2773
10760,17.2852,35.2539
10816,16.8945,35.8398
10872,16.9922,35.6445
10928,16.7969,34.9609
10984,16.8945,35.2539
11040,16.7969,33.5938
11096,16.8945,34.8633
11152,16.6992,34.0820
11208,18.3594,34.3750
11268,16.8945,35.2539
11328,17.6758,34.8633
11388,17.3828,35.0586
11448,16.7969,34.9609
11508,16.6016,34.9609
11568,16.7969,35.1563
11628,17.5781,34.6680
11688,17.2852,33.9844
11748,17.1875,33.6914
11808,17.5781,35.4492
11868,17.7734,36.9141
11928,16.9922,35.3516
11988,17.2852,34.7656
12048,16.6992,35.2539
12112,16.6992,34.7656
12176,17.4805,35.1563
12240,17.0898,36.1328
12304,17.2852,34.7656
12368,17.6758,36.0352
12432,16.6992,34.1797
12496,16.6992,35.2539
12560,17.4805,34.3750
12624,17.5781,35.0586
12688,16.7969,35.4492
12752,17.1875,36.7188
12816,17.3828,35.4492
12884,16.4063,35.1563
12952,17.7734,34.3750
13020,17.4805,35.6445
13088,17.2852,36.2305
13156,17.4805,35.9375
13224,16.6992,35.1563
13292,16.7969,34.4727
13360,17.6758,37.8906
13428,16.6992,34.4727
13496,16.2109,35.4492
13564,17.6758,34.7656
13632,21.4844,35.9375
13704,19.1406,35.3516
13776,17.6758,35.3516
13848,17.2852,35.9375
13920,16.9922,35.5469
13992,17.3828,36.1328
14064,16.5039,34.6680
14136,17.3828,35.0586
14208,17.3828,35.1563
14280,17.8711,36.2305
14352,16.5039,35.3516
14424,16.7969,35.0586
14500,17.5781,34.7656
14576,16.6016,35.2539
14652,17.0898,37.0117
14728,17.2852,35.2539
14804,17.0898,36.0352
14880,17.3828,36.1328
14956,17.5781,36.8164
15032,18.6523,36.2305
15108,16.8945,34.6680
15184,16.7969,36.4258
15260,16.9922,36.0352
15340,19.4336,36.2305
15420,17.1875,36.4258
15500,16.5039,34.8633
15580,17.4805,36.2305
15660,16.3086,35.1563
15740,17.2852,35.5469
15820,17.1875,36.6211
15900,17.6758,38.5742
15980,17.7734,37.0117
16060,17.7734,37.2070
16144,16.4063,36.4258
16228,16.2109,34.8633
16312,16.9922,35.4492
16396,20.3125,37.9883
16480,20.5078,37.1094
16564,20.0195,36.5234
16648,20.3125,36.3281
16732,20.5078,37.5977
16816,20.1172,37.1094
16904,19.7266,36.2305
16992,20.0195,36.7188
17080,20.1172,35.9375
17168,19.7266,36.9141
17256,19.4336,36.1328
17344,20.0195,37.4023
17432,20.1172,37.0117
17520,19.1406,35.4492
17608,20.3125,37.2070
17700,20.1172,36.7188
17792,19.5313,36.5234
17884,19.5313,35.2539
17976,20.4102,38.7695
18068,22.6563,35.4492
18160,19.7266,36.3281
18252,19.3359,37.0117
18344,19.6289,37.2070
18436,20.0195,36.3281
18532,19.2383,35.7422
18628,19.6289,36.0352
18724,19.3359,36.0352
18820,19.2383,39.1602
18916,19.4336,36.5234
19012,20.2148,36.4258
19108,20.0195,36.4258
19204,19.3359,36.5234
19304,19.9219,37.0117
19404,20.3125,37.0117
19504,20.2148,36.4258
19604,20.0195,36.7188
19704,19.7266,37.1094
19804,19.0430,36.6211
19904,19.0430,37.9883
20004,20.4102,37.4023
20108,20.5078,37.4023
20212,23.5352,41.3086
20316,19.6289,36.3281
20420,19.7266,36.7188
20524,19.4336,35.7422
20628,18.9453,36.8164
20732,20.1172,37.7930
20836,19.8242,40.6250
20944,20.1172,36.8164
21052,19.4336,39.9414
21160,19.7266,39.0625
21268,20.0195,37.8906
21376,19.9219,37.0117
21484,19.9219,38.4766
21592,19.3359,36.4258
21700,20.0195,36.8164
21812,19.5313,37.6953
21924,19.4336,36.4258
22036,19.8242,36.5234
22148,19.8242,37.4023
22260,20.0195,39.6484
22372,19.8242,36.9141
22484,19.8242,36.1328
22600,19.3359,37.0117
22716,20.6055,38.1836
22832,19.7266,37.3047
22948,19.3359,35.8398
23064,20.2148,38.0859
23180,19.9219,37.5977
23296,19.9219,37.6953
23416,20.1172,37.4023
23536,20.4102,35.3516
23656,19.1406,37.3047
23776,19.7266,36.8164
23896,19.8242,37.2070
24016,19.0430,36.8164
24140,19.1406,36.0352
24264,19.4336,36.7188
24388,19.7266,37.0117
24512,19.3359,37.3047
24636,20.0195,37.8906
24760,19.3359,36.8164
24884,19.5313,37.1094
25012,19.9219,37.8906
25140,19.4336,36.8164
25268,20.0195,39.2578
25396,19.1406,37.1094
25524,20.3125,36.5234
25652,20.3125,38.1836
25784,19.0430,35.5469
25916,20.2148,36.6211
26048,19.3359,37.3047
26180,19.7266,37.6953
26312,19.8242,36.8164
26444,19.7266,37.5977
26580,20.0195,38.3789
26716,19.9219,38.0859
26852,20.1172,37.7930
26988,19.3359,36.4258
27124,19.8242,37.7930
27260,18.7500,35.9375
27400,19.8242,37.2070
27540,19.5313,36.5234
27680,20.1172,42.4805
27820,19.1406,38.1836
27960,19.5313,37.3047
28100,19.5313,37.8906
28244,20.3125,38.7695
28388,19.9219,37.5977
28532,19.6289,37.1094
28676,20.0195,38.2813
28820,19.6289,37.0117
28968,20.0195,38.3789
29116,19.9219,38.0859
29264,21.5820,51.7578
29412,20.3125,37.9883
29560,22.3633,42.7734
29708,26.8555,40.1367
29860,19.3359,37.4023
30012,19.5313,37.9883
30164,19.9219,38.7695
30316,20.1172,39.0625
30468,18.9453,37.8906
30624,20.3125,39.0625
30780,19.4336,44.4336
30936,20.0195,38.7695
31092,19.0430,38.1836
31248,19.2383,39.9414
31408,19.9219,39.7461
31568,19.8242,40.4297
31728,19.0430,39.0625
31888,19.6289,37.9883
32048,19.5313,37.9883
32212,19.8242,38.2813
32376,20.1172,38.6719
32540,22.6563,38.1836
32704,19.8242,38.5742
32868,23.1445,39.0625
33036,23.3398,39.7461
33204,22.4609,38.8672
33372,21.5820,38.5742
33540,22.2656,39.0625
33708,23.0469,38.3789
33880,22.5586,38.9648
34052,22.7539,38.5742
34224,22.7539,40.7227
34396,22.6563,38.9648
34568,22.7539,40.0391
34744,22.0703,39.8438
34920,22.2656,39.9414
35096,21.8750,39.6484
35272,22.7539,38.5742
35452,22.6563,39.3555
35632,22.0703,37.6953
35812,22.5586,38.6719
35992,22.2656,41.3086
36172,22.2656,39.9414
36356,23.1445,40.8203
36540,22.3633,39.6484
36724,22.6563,38.2813
36908,22.2656,41.0156
37096,21.6797,40.0391
37284,21.9727,38.8672
37472,22.8516,40.4297
37660,21.5820,39.1602
37852,21.9727,39.6484
38044,22.7539,38.3789
38236,22.3633,40.3320
38428,21.7773,39.2578
38624,21.7773,38.2813
38820,22.8516,39.4531
39016,22.8516,41.0156
39212,22.4609,39.5508
39412,22.4609,39.1602
39612,21.2891,38.8672
39812,22.3633,40.2344
40012,24.8047,40.0391
40216,22.6563,40.8203
40420,22.4609,40.0391
40624,22.5586,39.4531
40828,22.4609,38.9648
41036,22.4609,40.2344
41244,22.1680,39.9414
41452,22.9492,40.8203
41660,22.4609,40.4297
41872,23.0469,40.6250
42084,24.9023,40.8203
42296,27.4414,43.1641
42508,22.6563,39.6484
42724,22.4609,38.4766
42940,21.8750,40.0391
43156,21.6797,40.2344
43372,22.5586,39.6484
43592,22.6563,40.9180
43812,22.3633,40.9180
44032,22.5586,38.6719
44256,24.5117,41.3086
44480,21.8750,42.4805
44704,25.4883,39.4531
44928,23.8281,40.3320
45156,22.1680,40.7227
45384,21.9727,39.2578
45612,22.3633,39.5508
45844,22.8516,40.4297
46076,23.1445,41.9922
46308,22.7539,40.4297
46540,24.9023,39.9414
46776,22.5586,40.4297
47012,22.5586,40.6250
47248,22.2656,41.3086
47488,22.6563,40.2344
47728,22.4609,41.6016
47968,22.7539,40.4297
48208,23.3398,41.3086
48452,22.3633,40.1367
48696,22.6563,40.8203
48940,24.5117,40.3320
49188,22.0703,42.2852
49436,23.4375,41.4063
49684,22.7539,42.0898
49936,22.3633,40.6250
50188,23.1445,40.7227
50440,21.2891,39.8438
50696,22.2656,39.6484
50952,22.4609,40.9180
51208,22.6563,40.4297
51468,22.3633,40.7227
51728,22.4609,41.1133
51988,22.0703,41.5039
52248,22.7539,40.4297
52512,21.5820,39.9414
52776,22.2656,41.3086
53040,22.3633,40.7227
53308,22.3633,42.6758
53576,22.5586,40.8203
53844,22.4609,40.9180
54116,22.9492,42.4805
54388,21.5820,40.4297
54660,21.9727,40.5273
54936,22.8516,41.0156
55212,23.6328,42.5781
55492,23.5352,43.2617
55772,23.3398,42.4805
56052,22.1680,40.2344
56336,21.5820,40.8203
56620,22.8516,41.4063
56904,21.6797,42.8711
57192,22.9492,41.6992
57480,21.9727,41.0156
57768,22.2656,41.9922
58060,22.9492,41.5039
58352,22.0703,40.6250
58644,22.9492,42.6758
58940,21.9727,40.5273
59236,23.0469,41.1133
59536,21.7773,41.0156
59836,22.0703,46.9727
60136,23.8281,42.6758
60440,23.1445,42.0898
60744,22.9492,43.1641
61048,22.8516,41.8945
61356,22.9492,42.5781
61664,23.2422,41.6992
61976,23.1445,42.8711
62288,21.9727,42.0898
62600,22.9492,42.8711
62916,21.7773,40.6250
63232,22.8516,43.6523
63552,22.6563,42.5781
63872,22.4609,42.1875
64192,22.3633,41.9922
64516,22.1680,41.5039
64840,22.9492,43.4570
65168,22.3633,41.6992
65496,23.9258,43.2617
65824,30.4688,55.8594
66156,25.8789,44.9219
66488,25.6836,44.6289
66824,25.4883,45.6055
67160,24.7070,44.0430
67496,24.9023,43.9453
67836,25.7813,45.3125
68176,25.5859,45.4102
68520,24.7070,43.2617
68864,24.6094,46.2891
69212,24.9023,42.1875
69560,25.3906,43.7500
69908,26.4648,45.0195
70260,25.7813,43.5547
70612,24.9023,44.3359
70968,25.3906,44.6289
71324,26.0742,44.6289
71684,25.0000,43.6523
72044,24.3164,45.4102
72408,24.6094,43.5547
72772,25.2930,44.0430
73136,25.0000,44.1406
73504,25.8789,45.0195
73872,25.7813,45.0195
74244,25.4883,45.6055
74616,25.0977,44.9219
74992,25.1953,45.1172
75368,25.0977,44.3359
75748,24.5117,43.6523
76128,24.8047,45.1172
76512,25.5859,44.3359
76896,24.7070,44.3359
77284,24.8047,43.5547
77672,25.7813,45.5078
78064,24.9023,45.0195
78456,24.9023,43.7500
78852,25.4883,45.1172
79248,27.0508,44.5313
79648,25.1953,44.6289
80048,25.5859,45.6055
80452,25.0977,44.9219
80856,25.4883,43.8477
81264,26.2695,45.4102
81672,25.3906,44.7266
82084,25.1953,44.2383
82496,24.6094,44.9219
82912,25.1953,50.7813
83328,28.1250,45.7031
83748,25.8789,46.2891
84168,25.0000,44.5313
84592,24.8047,45.3125
85016,26.0742,47.1680
85444,26.4648,47.0703
85872,25.5859,44.0430
86304,25.2930,46.1914
86736,25.3906,47.5586
87172,26.2695,45.2148
87608,25.0000,44.7266
88048,25.7813,45.8008
88492,25.8789,46.2891
88936,25.0000,44.7266
89384,25.2930,44.6289
89832,25.3906,45.4102
90284,25.1953,44.7266
90736,25.0000,47.2656
91192,25.8789,45.2148
91648,25.5859,45.8984
92108,25.2930,45.3125
92572,25.6836,44.3359
93036,25.1953,45.2148
93504,25.0977,45.8984
93972,24.5117,45.4102
94444,25.3906,45.8984
94920,26.0742,48.9258
95396,26.7578,45.8008
95876,23.9258,42.9688
96356,25.4883,46.4844
96840,25.0977,44.4336
97328,25.1953,45.3125
97816,25.0000,44.6289
98308,24.4141,45.0195
98800,26.2695,46.8750
99296,25.2930,45.7031
99796,26.4648,45.8984
100296,24.7070,45.3125
100800,25.0977,45.5078
101304,24.9023,46.0938
101812,25.8789,46.3867
102324,25.4883,47.5586
102836,25.0000,46.2891
103352,25.3906,46.8750
103872,25.1953,46.1914
104392,25.8789,45.5078
104916,27.0508,48.2422
105444,26.2695,46.9727
105972,25.4883,45.8984
106504,25.3906,45.6055
107040,24.9023,45.5078
107576,25.8789,45.8984
108116,25.0977,45.7031
108660,24.2188,43.7500
109204,25.5859,45.7031
109752,25.9766,47.2656
110304,26.6602,47.3633
110856,25.7813,46.3867
111412,25.6836,47.0703
111972,25.7813,46.2891
112532,25.6836,46.4844
113096,24.4141,45.6055
113664,28.3203,47.7539
114236,29.4922,45.8008
114808,25.1953,46.3867
115384,25.7813,49.6094
115964,25.1953,45.5078
116544,27.1484,48.5352
117128,27.3438,47.0703
117716,25.9766,48.0469
118308,25.0000,47.1680
118900,25.1953,51.8555
119496,25.9766,46.8750
120096,25.7813,46.4844
120700,26.3672,46.6797
121304,24.4141,45.1172
121912,25.0977,45.5078
122524,25.9766,46.8750
123140,25.5859,46.8750
123756,25.1953,45.4102
124376,25.7813,48.5352
125000,25.5859,46.7773
125628,25.0977,46.5820
126260,25.3906,46.9727
126892,25.7813,47.7539
127528,25.5859,46.1914
128168,25.1953,45.5078
128812,25.0000,46.3867
129460,26.4648,47.0703
130108,25.1953,50.3906
130760,25.9766,47.3633
131416,30.9570,48.3398
132076,30.0781,48.2422
132740,30.1758,48.6328
133404,29.1016,47.0703
134072,28.3203,48.2422
134744,28.7109,46.7773
135420,28.4180,47.7539
136100,43.1641,53.1250
136784,29.1992,47.8516
137468,28.3203,47.6563
138156,27.7344,47.8516
138848,28.7109,46.6797
139544,27.2461,46.3867
140244,28.7109,47.8516
140948,28.5156,47.5586
141656,27.7344,51.7578
142368,28.3203,46.5820
143080,29.3945,48.4375
143796,28.1250,47.6563
144516,28.5156,47.4609
145240,28.0273,46.0938
145968,28.5156,47.5586
146700,28.2227,46.9727
147436,27.7344,47.4609
148176,30.4688,46.6797
148920,28.4180,47.0703
149668,29.6875,48.9258
150420,28.3203,45.8008
151176,28.4180,46.9727
151932,29.5898,49.1211
152692,27.7344,47.7539
153456,36.4258,51.5625
154224,29.2969,50.0977
154996,28.6133,47.8516
155772,28.5156,47.2656
156552,28.6133,49.0234
157336,29.6875,48.3398
158124,29.0039,47.7539
158916,28.5156,47.9492
159712,29.1016,48.4375
160512,31.2500,48.6328
161316,29.7852,48.7305
162124,28.1250,48.0469
162936,27.6367,47.8516
163752,28.1250,48.1445
164572,29.1016,49.1211
165396,28.9063,48.1445
166224,29.0039,47.2656
167056,28.1250,51.6602
167892,29.1992,48.3398
168732,28.4180,47.2656
169576,29.5898,50.2930
170424,28.8086,47.9492
171280,28.4180,49.3164
172140,29.1992,48.5352
173004,29.4922,50.0000
173872,29.4922,48.2422
174744,35.5469,50.1953
175620,29.0039,49.3164
176500,27.7344,47.4609
177384,28.7109,47.2656
178272,28.8086,48.5352
179164,28.4180,48.5352
180060,28.5156,47.9492
180964,28.5156,49.0234
181872,28.7109,50.6836
182784,29.1992,49.1211
183700,28.8086,48.9258
184620,28.9063,49.4141
185544,28.1250,48.4375
186472,28.5156,49.5117
187408,29.0039,49.9023
188348,29.0039,49.4141
189292,27.8320,48.4375
190240,28.4180,49.3164
191192,28.9063,48.0469
192148,29.6875,48.7305
193112,27.8320,47.8516
194080,28.3203,49.4141
195052,28.5156,47.9492
196028,28.1250,47.5586
197012,28.3203,48.7305
198000,31.5430,46.5820
198992,28.6133,49.2188
199988,28.6133,49.5117
200988,28.7109,50.2930
201996,29.1992,49.3164
203008,28.2227,48.6328
204024,29.4922,113.6719
205048,28.9063,48.4375
206076,30.4688,50.5859
207108,29.1992,51.3672
208144,28.7109,49.4141
209188,29.1016,49.7070
210236,28.2227,49.0234
211288,29.4922,49.0234
212348,28.9063,49.0234
213412,28.6133,50.0977
214480,29.1016,49.0234
215556,29.1016,49.4141
216636,30.2734,49.9023
217720,29.0039,49.5117
218812,29.1992,49.5117
219908,29.4922,50.4883
221008,29.4922,50.1953
222116,29.0039,50.1953
223228,28.9063,48.6328
224348,29.6875,50.6836
225472,29.2969,51.1719
226600,28.3203,49.4141
227736,29.7852,50.0000
228876,29.4922,49.7070
230024,27.2461,48.8281
231176,28.8086,50.3906
232332,30.9570,49.4141
233496,29.0039,49.9023
234664,29.2969,51.1719
235840,27.9297,48.5352
237020,29.4922,49.9023
238208,29.2969,49.8047
239400,27.7344,49.0234
240600,29.4922,50.9766
241804,29.0039,51.2695
243016,29.8828,51.0742
244232,30.3711,52.1484
245456,30.4688,52.2461
246684,30.9570,51.0742
247920,29.8828,51.9531
249160,29.1992,48.9258
250408,29.1992,50.0977
251664,29.5898,50.3906
252924,29.0039,50.0977
254192,29.9805,50.5859
255464,29.3945,52.0508
256744,28.7109,50.4883
258028,28.2227,49.1211
259320,29.1016,50.2930
260620,28.3203,48.3398
261924,29.3945,83.7891
263236,36.0352,52.3438
264556,33.4961,51.2695
265880,32.9102,50.7813
267212,33.2031,52.1484
268552,33.9844,52.5391
269896,32.2266,51.3672
271248,32.4219,51.3672
272608,37.0117,55.1758
273972,35.8398,52.4414
275344,34.7656,51.6602
276724,35.1563,52.3438
278108,34.0820,52.8320
279500,34.3750,50.0977
280900,35.0586,52.0508
282308,34.8633,51.9531
283720,32.6172,51.1719
285140,33.8867,52.6367
286568,33.3984,51.4648
288004,32.9102,51.4648
289448,31.8359,51.3672
290896,33.2031,52.5391
292352,32.8125,51.6602
293816,32.8125,50.6836
295288,33.1055,51.9531
296768,33.2031,51.1719
298252,33.0078,52.0508
299744,34.0820,52.3438
301244,32.0313,51.8555
302752,32.8125,51.6602
304268,32.5195,53.2227
305792,32.0313,52.1484
307324,33.3008,51.5625
308864,33.4961,52.8320
310412,31.9336,50.4883
311968,33.5938,53.2227
313528,33.1055,53.3203
315096,32.7148,53.3203
316672,34.7656,52.8320
318256,34.5703,54.4922
319848,32.8125,52.5391
321448,31.7383,50.4883
323056,33.4961,51.2695
324672,32.9102,51.2695
326296,32.6172,51.6602
327928,32.6172,52.0508
329568,33.5938,52.2461
331216,34.0820,54.3945
332876,33.0078,52.9297
334544,33.3984,52.4414
336220,34.2773,54.0039
337904,31.4453,50.3906
339596,32.7148,52.6367
341296,33.3984,55.8594
343004,34.2773,53.8086
344720,33.3008,51.9531
346444,32.6172,51.1719
348180,32.8125,53.5156
349924,33.7891,59.6680
351676,42.3828,55.0781
353436,32.6172,52.4414
355204,33.6914,54.1016
356984,34.1797,54.1016
358772,33.0078,52.8320
360568,33.9844,53.9063
362372,32.5195,51.5625
364184,39.7461,53.2227
366008,33.7891,51.9531
367840,34.7656,52.9297
369680,33.3984,52.3438
371532,32.1289,51.5625
373392,33.9844,52.8320
375260,33.3008,52.2461
377140,34.8633,54.2969
379028,33.3984,54.0039
380924,36.0352,54.5898
382832,33.2031,52.4414
384748,33.8867,53.6133
386672,33.8867,54.1992
388608,33.6914,54.9805
390552,34.5703,55.4688
392508,33.4961,54.7852
394472,33.4961,57.0313
396448,33.1055,52.8320
398432,33.9844,54.1016
400428,34.6680,54.5898
402432,34.4727,54.7852
404448,33.4961,52.1484
406472,34.3750,54.3945
408508,33.3008,53.3203
410552,34.0820,53.5156
412608,33.3008,53.0273
414672,34.2773,55.2734
416748,33.5938,53.3203
418832,34.4727,55.6641
420928,35.3516,57.0313
423036,34.5703,54.1016
425152,36.6211,54.6875
427280,33.9844,52.9297
429420,33.7891,53.7109
431568,33.6914,53.2227
433728,34.1797,53.6133
435900,33.9844,54.4922
438080,34.7656,54.1016
440272,34.1797,54.8828
442476,35.2539,55.1758
444692,33.9844,54.3945
446916,34.6680,56.0547
449152,33.3008,56.1523
451400,35.5469,54.8828
453660,35.2539,57.9102
455932,39.5508,56.8359
458212,38.9648,55.7617
460504,38.6719,55.6641
462808,35.3516,55.7617
465124,32.7148,52.8320
467452,33.5938,53.6133
469792,34.6680,55.6641
472144,45.8984,62.5000
474508,35.6445,54.8828
476884,35.3516,54.2969
479272,36.8164,57.9102
481672,35.9375,56.0547
484084,36.2305,55.5664
486508,35.6445,71.8750
488944,34.7656,55.6641
491392,35.2539,55.5664
493852,36.0352,56.6406
496324,35.1563,54.6875
498808,34.4727,55.6641
501304,35.0586,55.6641
503812,34.1797,58.5938
506332,35.1563,55.4688
508864,34.9609,54.6875
511412,34.3750,55.3711
513972,35.8398,56.7383
516544,34.0820,55.1758
519128,34.6680,54.6875
521724,34.4727,56.6406
524336,43.0664,60.0586
526960,39.7461,56.0547
529596,39.6484,55.2734
532244,39.2578,55.3711
534908,39.4531,56.0547
537584,38.3789,56.5430
540272,39.9414,56.6406
542976,39.1602,57.9102
545692,39.5508,57.0313
548424,40.1367,57.9102
551168,38.5742,56.0547
553924,38.1836,54.7852
556696,37.3047,58.2031
559480,39.5508,58.4961
562280,38.2813,54.1016
565092,39.5508,57.0313
567920,45.8984,58.8867
570760,39.3555,57.8125
573616,39.0625,57.5195
576488,41.4063,57.2266
579372,38.4766,54.7852
582272,38.5742,57.1289
585184,38.1836,55.5664
588112,39.7461,59.1797
591056,39.1602,56.3477
594012,40.5273,62.1094
596984,39.5508,57.2266
599972,39.5508,59.0820
602972,40.1367,58.8867
605988,39.4531,55.8594
609020,39.1602,57.4219
612068,39.9414,58.0078
615132,43.4570,59.5703
618208,39.7461,58.2031
621300,39.0625,57.5195
624408,39.5508,57.4219
627532,39.9414,59.0820
630672,40.1367,59.0820
633828,39.9414,62.0117
637000,39.0625,57.9102
640188,40.7227,60.6445
643392,38.2813,55.6641
646612,39.5508,58.5938
649848,40.4297,58.4961
653100,39.9414,58.2031
656368,39.0625,57.3242
659652,39.0625,57.7148
662952,41.0156,61.3281
666268,40.0391,59.6680
669600,39.1602,59.1797
672948,39.6484,58.6914
676316,43.1641,59.5703
679700,41.0156,59.0820
683100,40.6250,58.3984
686516,40.5273,60.4492
689952,39.4531,58.0078
693404,39.2578,58.6914
696872,40.2344,62.1094
700360,40.2344,59.9609
703864,40.6250,59.8633
707384,41.2109,67.3828
710924,44.7266,58.4961
714480,39.0625,58.9844
718056,39.9414,58.2031
721648,39.0625,59.0820
725260,38.9648,57.3242
728888,38.1836,56.8359
732536,37.5977,58.0078
736200,38.2813,59.4727
739884,42.0898,59.0820
743584,39.4531,60.2539
747304,39.6484,59.3750
751044,40.6250,60.4492
754800,39.4531,60.4492
758576,38.8672,58.5938
762372,39.8438,63.5742
766184,37.2070,57.5195
770016,38.8672,60.5469
773868,39.9414,60.4492
777740,39.9414,60.7422
781632,39.2578,58.4961
785544,38.5742,62.3047
789472,49.4141,69.8242
793420,39.1602,59.7656
797388,38.4766,57.7148
801376,39.5508,59.9609
805384,39.9414,59.7656
809412,39.3555,61.7188
813460,40.1367,60.3516
817528,39.8438,61.2305
821616,37.7930,59.4727
825728,40.1367,61.0352
829860,39.1602,59.5703
834012,39.9414,61.2305
838184,39.3555,60.3516
842376,40.6250,62.4023
846588,40.6250,59.9609
850824,39.7461,59.9609
855080,40.5273,59.9609
859356,40.0391,59.1797
863656,40.1367,60.9375
867976,38.8672,59.5703
872316,38.5742,66.0156
876680,43.5547,61.9141
881064,40.9180,61.9141
885472,39.2578,60.2539
889900,38.5742,57.9102
894352,40.6250,62.5977
898824,42.1875,67.1875
903320,40.4297,62.5977
907840,40.3320,60.2539
912380,41.1133,62.7930
916944,40.7227,61.6211
921532,39.3555,59.8633
926140,40.0391,60.6445
930772,41.2109,63.4766
935428,41.2109,62.5000
940108,41.6992,68.0664
944812,40.6250,61.7188
949540,40.9180,62.1094
954288,39.8438,61.8164
959060,40.8203,63.0859
963856,39.9414,61.7188
968676,42.4805,67.5781
973520,40.5273,61.0352
978388,41.3086,64.2578
983280,40.6250,63.9648
988200,41.0156,63.3789
993144,40.7227,63.5742
998112,41.6992,61.9141
1003104,41.3086,63.1836
1008120,40.8203,62.2070
1013164,40.7227,61.6211
1018232,40.8203,62.2070
1023324,40.3320,62.8906
1028444,47.0703,63.2813
1033588,41.8945,65.2344
1038756,40.5273,62.2070
1043952,42.3828,63.7695
1049172,47.7539,65.7227
1054420,45.2148,66.4063
1059696,45.9961,65.7227
1064996,45.1172,65.5273
1070324,58.3008,65.1367
1075676,50.0977,63.0859
1081056,45.2148,62.4023
1086464,44.7266,63.1836
1091900,45.3125,64.3555
1097360,43.8477,62.4023
1102848,45.7031,65.6250
1108364,44.6289,64.0625
1113908,45.4102,64.9414
1119480,46.6797,67.0898
1125080,45.1172,65.0391
1130708,46.6797,66.4063
1136364,45.4102,64.6484
1142048,45.7031,65.6250
1147760,45.4102,64.0625
1153500,46.3867,64.9414
1159268,45.8008,65.0391
1165068,45.9961,65.3320
1170896,47.8516,64.8438
1176752,44.1406,61.8164
1182636,46.1914,66.0156
1188552,45.4102,65.5273
1194496,45.1172,65.3320
1200472,46.1914,67.4805
1206476,46.5820,65.4297
1212512,45.8008,65.6250
1218576,44.7266,65.3320
1224672,44.1406,63.3789
1230796,45.6055,65.7227
1236952,71.4844,65.3320
1243140,46.5820,67.7734
1249356,46.3867,67.1875
1255604,44.6289,65.5273
1261884,46.4844,65.4297
1268196,60.1563,63.9648
1274540,47.0703,74.1211
1280916,46.3867,66.2109
1287324,44.7266,65.4297
1293764,45.2148,64.6484
1300236,49.1211,66.4063
1306740,45.6055,66.1133
1313276,46.6797,65.8203
1319844,46.3867,66.0156
1326444,46.8750,66.3086
1333080,47.5586,68.9453
1339748,47.1680,70.1172
1346448,46.4844,68.9453
1353184,47.1680,67.9688
1359952,47.3633,68.5547
1366752,45.8008,67.4805
1373588,47.3633,69.1406
1380456,46.2891,65.4297
1387360,46.9727,68.3594
1394300,46.8750,66.6992
1401272,46.5820,68.5547
1408280,45.3125,64.8438
1415324,45.4102,64.1602
1422404,46.3867,66.9922
1429520,47.2656,68.3594
1436668,46.6797,67.0898
1443852,45.8008,66.9922
1451072,46.7773,68.4570
1458328,47.4609,67.7734
1465620,46.6797,67.4805
1472952,46.3867,65.5273
1480320,49.0234,70.2148
1487724,46.4844,67.6758
1495164,46.1914,67.5781
1502640,47.5586,69.6289
1510156,47.3633,67.9688
1517708,47.3633,66.6016
1525300,57.5195,69.4336
1532928,47.8516,68.1641
1540596,47.8516,68.8477
1548300,46.4844,68.3594
1556044,46.8750,69.4336
1563828,47.3633,69.3359
1571648,45.8008,66.8945
1579508,47.9492,69.1406
1587408,47.1680,69.0430
1595348,47.6563,68.1641
1603328,59.5703,70.7031
1611348,50.1953,69.0430
1619408,52.0508,68.5547
1627508,47.8516,70.6055
1635648,48.9258,69.4336
1643828,48.5352,69.3359
1652048,48.3398,70.2148
1660312,49.5117,70.7031
1668616,48.6328,70.8984
1676960,48.3398,67.8711
1685348,47.6563,70.3125
1693776,47.1680,68.1641
1702248,48.9258,69.7266
1710760,49.9023,72.7539
1719316,48.4375,69.6289
1727916,48.0469,69.4336
1736556,48.9258,72.9492
1745240,47.9492,69.0430
1753968,49.2188,69.5313
1762740,47.4609,69.1406
1771556,47.9492,68.6523
1780416,50.0000,71.7773
1789320,56.7383,69.3359
1798268,48.5352,69.7266
1807260,49.5117,71.3867
1816300,48.7305,70.2148
1825384,54.0039,70.2148
1834512,48.2422,70.8984
1843688,49.2188,71.1914
1852908,47.3633,68.5547
1862176,47.7539,70.2148
1871488,49.8047,71.0938
1880848,48.0469,69.2383
1890256,49.3164,71.1914
1899708,49.1211,72.3633
1909208,51.0742,71.6797
1918756,49.9023,72.2656
1928352,50.1953,71.7773
1937996,50.2930,73.2422
1947688,48.9258,70.8984
1957428,50.0000,71.5820
1967216,49.8047,71.0938
1977056,49.5117,72.6563
1986944,49.3164,72.5586
1996880,50.0000,75.6836
2006868,48.9258,70.5078
2016904,50.1953,73.6328
2026992,49.1211,71.8750
2037128,49.0234,70.4102
2047316,49.7070,71.9727
2057556,48.4375,71.1914
2067844,50.8789,74.5117
2078184,50.3906,74.7070
2088576,50.3906,75.2930
2099020,61.7188,82.1289
2109516,54.1016,73.4375
2120064,55.2734,75.1953
2130668,54.7852,79.6875
2141324,53.7109,77.9297
2152032,53.2227,72.8516
2162796,54.5898,73.8281
2173612,53.5156,73.7305
2184484,52.2461,71.6797
2195408,56.2500,76.3672
2206388,53.9063,72.3633
2217420,54.1016,73.5352
2228508,56.1523,74.4141
2239652,52.3438,70.2148
2250852,55.8594,75.1953
2262108,52.8320,72.8516
2273420,53.4180,75.2930
2284788,53.8086,73.0469
2296212,55.7617,75.0000
2307696,54.9805,75.6836
2319236,52.3438,72.3633
2330836,54.6875,74.4141
2342492,54.3945,74.9023
2354208,53.3203,73.4375
2365980,53.3203,72.3633
2377812,56.0547,73.4375
2389704,54.7852,73.4375
2401656,72.8516,81.1523
2413668,57.8125,73.0469
2425740,56.8359,79.9805
2437872,54.3945,76.4648
2450064,53.8086,73.8281
2462316,52.8320,71.8750
2474628,54.2969,74.2188
2487004,53.8086,76.1719
2499440,54.7852,75.6836
2511940,54.8828,76.1719
2524500,53.3203,73.2422
2537124,54.2969,73.2422
2549812,61.7188,86.0352
2562564,55.2734,77.9297
2575380,55.1758,76.2695
2588260,54.5898,90.2344
2601204,55.8594,78.7109
2614212,54.7852,76.1719
2627284,54.7852,76.2695
2640424,55.6641,78.2227
2653628,54.6875,75.4883
2666900,54.9805,74.7070
2680236,55.1758,76.9531
2693640,54.8828,78.7109
2707112,54.1016,75.7813
2720648,54.8828,76.2695
2734252,53.0273,73.2422
2747924,55.7617,85.0586
2761664,70.9961,74.3164
2775476,54.4922,75.3906
2789356,54.4922,73.7305
2803304,55.0781,76.1719
2817324,53.7109,75.9766
2831412,55.1758,76.8555
2845572,55.1758,77.7344
2859800,57.6172,77.5391
2874100,54.1992,76.1719
2888472,55.6641,76.5625
2902916,54.9805,74.2188
2917432,59.4727,79.8828
2932020,53.7109,73.7305
2946684,54.6875,76.6602
2961420,54.7852,75.2930
2976228,56.5430,74.7070
2991112,55.2734,77.0508
3006068,55.6641,75.6836
3021100,56.2500,76.5625
3036208,56.2500,77.1484
3051392,55.5664,76.8555
3066652,57.3242,77.3438
3081988,55.4688,80.0781
3097400,55.6641,74.8047
3112888,56.1523,79.1992
3128456,54.5898,75.4883
3144100,57.0313,80.7617
3159824,54.9805,77.0508
3175624,55.2734,79.2969
3191504,55.1758,78.2227
3207464,56.5430,77.5391
3223504,55.7617,74.6094
3239624,56.1523,79.4922
3255824,54.1992,75.1953
3272104,58.4961,77.0508
3288468,56.1523,78.7109
3304912,55.9570,78.0273
3321440,57.3242,80.1758
3338048,54.9805,79.1992
3354740,56.0547,77.1484
3371516,55.3711,77.9297
3388376,56.9336,81.1523
3405320,56.3477,78.3203
3422348,55.6641,78.4180
3439460,56.0547,79.0039
3456660,64.9414,74.6094
3473944,56.0547,76.1719
3491316,56.7383,79.7852
3508776,56.9336,82.4219
3526320,55.7617,77.5391
3543952,57.5195,80.1758
3561672,55.5664,78.0273
3579484,60.8398,85.9375
3597384,108.9844,80.1758
3615372,56.0547,78.2227
3633452,56.7383,79.1992
3651620,54.2969,78.2227
3669880,59.5703,82.0313
3688232,57.1289,81.7383
3706676,57.1289,78.8086
3725212,61.4258,80.4688
3743840,56.7383,80.1758
3762560,55.2734,77.1484
3781376,56.7383,81.9336
3800284,57.1289,79.4922
3819288,58.8867,80.1758
3838388,56.0547,78.5156
3857580,58.3984,79.4922
3876868,58.5938,80.7617
3896256,58.2031,82.2266
3915740,57.7148,85.2539
3935320,57.9102,79.7852
3955000,57.1289,80.1758
3974776,57.2266,93.1641
3994652,71.3867,88.4766
4014628,57.8125,81.7383
4034704,57.5195,80.2734
4054880,59.6680,78.2227
4075156,59.0820,81.2500
4095532,57.6172,79.8828
4116012,57.0313,81.4453
4136596,59.8633,82.5195
4157280,55.5664,77.3438
4178068,57.5195,80.8594
4198960,62.6953,83.6914
4219956,59.7656,79.3945
4241056,62.5000,83.3008
4262264,63.7695,79.8828
4283576,62.7930,83.3984
4304996,61.6211,80.0781
4326524,60.3516,78.6133
4348160,62.3047,80.3711
4369904,62.6953,82.2266
4391756,62.1094,87.6953
4413716,62.3047,84.9609
4435788,62.5977,83.3008
4457968,72.5586,94.3359
4480260,62.0117,80.3711
4502664,61.9141,81.8359
4525180,58.5938,78.9063
4547808,62.3047,82.6172
4570548,64.3555,85.3516
4593404,64.3555,83.9844
4616372,71.5820,85.7422
4639456,61.0352,81.6406
4662656,60.8398,79.4922
4685972,64.2578,81.2500
4709404,61.4258,83.3984
4732952,63.0859,81.8359
4756620,66.5039,82.6172
4780404,62.3047,83.8867
4804308,61.1328,81.2500
4828332,63.1836,84.5703
4852476,63.2813,82.4219
4876740,61.1328,79.8828
4901124,62.6953,83.3008
4925632,62.5000,83.0078
4950264,62.7930,96.0938
4975016,62.4023,83.1055
4999892,61.3281,82.3242
5024892,60.6445,80.3711
5050020,65.5273,82.6172
5075272,62.5977,85.0586
5100652,63.3789,84.0820
5126156,65.8203,84.8633
5151788,63.3789,86.8164
5177548,62.5000,84.0820
5203436,62.6953,81.1523
5229456,63.2813,84.2773
5255604,63.1836,83.6914
5281884,64.1602,82.3242
5308296,62.9883,84.2773
5334840,61.9141,82.4219
5361516,67.1875,81.5430
5388324,61.8164,84.5703
5415268,81.8359,85.5469
5442348,62.4023,85.4492
5469560,62.4023,85.8398
5496908,61.3281,83.2031
5524396,62.6953,84.5703
5552020,62.0117,84.0820
5579784,71.1914,85.7422
5607684,65.0391,86.7188
5635724,63.6719,85.4492
5663904,63.3789,85.5469
5692224,66.1133,87.3047
5720688,64.0625,86.9141
5749292,63.3789,86.5234
5778040,63.2813,85.3516
5806932,62.5000,90.6250
5835968,61.7188,82.3242
5865148,63.1836,83.6914
5894476,62.9883,84.7656
5923952,62.4023,83.4961
5953572,69.2383,94.8242
5983340,67.3828,85.8398
6013260,62.2070,82.5195
6043328,63.1836,84.4727
6073548,64.9414,86.9141
6103916,63.5742,84.1797
6134436,63.7695,88.9648
6165112,62.4023,85.5469
6195940,64.0625,85.0586
6226920,63.8672,86.6211
6258056,62.9883,83.7891
6289348,65.0391,88.6719
6320796,66.3086,86.7188
6352400,64.4531,86.3281
6384164,62.2070,84.5703
6416088,62.8906,84.9609
6448172,63.1836,84.4727
6480416,63.1836,86.4258
6512820,64.4531,89.4531
6545388,73.9258,84.3750
6578116,63.5742,86.8164
6611008,62.7930,84.5703
6644064,63.3789,89.1602
6677288,64.3555,88.7695
6710676,66.2109,88.5742
6744232,63.8672,86.3281
6777956,62.9883,84.7656
6811848,64.0625,87.8906
6845908,63.4766,86.8164
6880140,65.5273,90.3320
6914544,62.1094,101.9531
6949120,65.1367,88.8672
6983868,63.3789,87.3047
7018788,64.3555,85.3516
7053884,62.7930,85.1563
7089156,62.4023,86.9141
7124604,64.9414,96.6797
7160228,65.5273,87.1094
7196032,71.5820,90.5273
7232016,64.3555,86.9141
7268180,64.3555,86.7188
7304524,65.3320,89.1602
7341048,66.6992,88.8672
7377756,63.6719,87.3047
7414648,62.5000,84.4727
7451724,65.9180,90.3320
7488984,62.6953,86.6211
7526432,67.2852,89.6484
7564068,64.6484,87.0117
7601892,65.3320,88.7695
7639904,66.9922,87.8906
7678104,66.6016,90.7227
7716496,63.1836,88.1836
7755080,64.3555,93.9453
7793856,65.5273,89.4531
7832828,64.6484,87.3047
7871996,65.0391,87.8906
7911356,66.5039,91.1133
7950916,64.4531,89.3555
7990672,66.5039,88.0859
8030628,63.2813,86.7188
8070784,65.0391,88.1836
8111140,74.9023,90.6250
8151696,74.1211,91.8945
8192456,67.0898,90.0391
8233420,71.0938,94.4336
8274588,65.7227,87.2070
8315964,72.9492,90.2344
8357544,65.4297,89.5508
8399332,68.6523,89.5508
8441332,69.1406,87.7930
8483540,69.1406,89.9414
8525960,70.3125,89.7461
8568592,70.9961,87.9883
8611436,68.2617,87.3047
8654496,68.3594,87.8906
8697772,72.0703,90.0391
8741264,68.7500,90.4297
8784972,68.3594,88.7695
8828900,72.1680,91.3086
8873048,69.5313,90.6250
8917416,75.8789,88.8672
8962004,71.2891,90.7227
9006816,68.9453,88.1836
9051852,70.1172,90.0391
9097112,71.3867,91.2109
9142600,70.5078,91.6992
9188316,73.3398,90.3320
9234260,70.7031,90.8203
9280432,70.4102,88.9648
9326836,70.3125,91.8945
9373472,71.6797,91.8945
9420340,69.1406,88.1836
9467444,71.6797,92.8711
9514784,66.8945,85.1563
9562360,72.5586,96.0938
9610172,71.8750,89.4531
9658224,77.0508,94.6289
9706516,72.6563,87.7930
9755052,69.4336,91.0156
9803828,69.7266,90.2344
9852848,69.2383,90.2344
9902116,67.9688,88.8672
9951628,69.5313,91.6016
10001388,68.6523,88.6719
10051396,70.9961,92.1875
10101656,68.9453,89.1602
10152168,69.7266,89.7461
10202932,69.9219,89.0625
10253948,69.9219,93.0664
10305220,74.2188,91.6992
10356748,73.7305,91.7969
10408532,69.4336,89.5508
10460576,71.5820,92.2852
10512880,70.6055,90.5273
10565448,70.9961,92.1875
10618276,69.3359,89.0625
10671368,70.2148,90.2344
10724728,70.9961,93.1641
10778352,69.7266,90.3320
10832244,70.6055,93.0664
10886408,67.1875,87.5000
10940844,72.8516,92.7734
10995552,72.8516,92.7734
11050532,69.0430,88.9648
11105788,69.3359,93.4570
11161320,68.8477,91.8945
11217128,67.9688,91.0156
11273216,69.9219,91.6992
11329584,69.6289,96.2891
11386232,70.5078,91.5039
11443164,69.2383,93.6523
11500380,70.9961,93.9453
11557884,74.8047,93.8477
11615676,71.8750,94.8242
11673756,72.3633,92.5781
11732128,68.9453,89.9414
11790792,76.4648,93.1641
11849748,69.9219,91.6016
11909000,70.9961,91.2109
11968548,71.1914,92.2852
12028392,74.3164,94.0430
12088536,68.6523,89.2578
12148980,84.5703,94.3359
12209728,79.0039,97.4609
12270780,76.2695,92.2852
12332136,67.8711,90.8203
12393800,72.0703,93.0664
12455772,72.9492,96.6797
12518052,72.1680,95.0195
12580644,72.0703,91.7969
12643548,71.5820,91.9922
12706768,77.9297,95.8984
12770304,72.4609,95.9961
12834156,70.3125,91.1133
12898328,75.3906,100.5859
12962820,69.2383,91.9922
13027636,80.6641,94.3359
13092776,74.7070,92.2852
13158240,72.6563,93.7500
13224032,71.9727,94.4336
13290156,73.6328,95.8008
13356608,72.8516,93.2617
13423392,74.0234,96.6797
13490512,70.5078,91.8945
13557968,71.8750,91.9922
13625760,71.8750,93.9453
13693892,75.5859,95.8984
13762364,73.0469,101.4648
13831176,72.5586,100.3906
13900332,73.0469,94.8242
13969836,73.2422,96.7773
14039688,71.9727,94.2383
14109888,73.7305,100.6836
14180440,70.2148,93.6523
14251344,70.5078,92.3828
14322604,73.6328,96.1914
14394220,72.1680,95.5078
14466192,71.7773,94.0430
14538524,71.1914,93.5547
14611220,93.3594,98.8281
14684280,71.9727,94.2383
14757704,75.6836,97.2656
14831496,75.7813,97.2656
14905656,73.0469,96.3867
14980188,71.1914,92.9688
15055092,71.7773,94.9219
15130368,72.5586,93.3594
15206020,73.4375,96.8750
15282052,73.1445,100.4883
15358464,74.4141,97.4609
15435260,71.7773,93.3594
15512440,74.0234,95.2148
15590004,75.4883,99.3164
15667956,72.4609,95.9961
15746296,71.9727,93.7500
15825028,75.0000,97.3633
15904156,70.9961,97.5586
15983680,73.5352,97.8516
16063600,74.1211,96.8750
16143920,73.8281,101.1719
16224640,72.7539,96.3867
16305764,75.0000,95.0195
16387296,73.2422,97.6563
16469236,70.3125,95.4102
16551584,74.7070,96.9727
16634344,73.5352,96.9727
16717516,76.8555,98.0469
16801104,79.3945,102.9297
16885112,74.9023,95.6055
16969540,77.7344,97.3633
17054388,79.8828,99.3164
17139660,79.2969,98.7305
17225360,77.1484,100.0000
17311488,79.1016,100.7813
17398048,79.1016,97.4609
17485040,77.1484,96.7773
17572468,75.4883,95.5078
17660332,79.1016,103.9063
17748636,81.6406,92.8711
17837380,80.9570,101.0742
17926568,79.8828,103.6133
18016204,79.9805,101.1719
18106288,73.4375,94.6289
18196820,75.8789,98.1445
18287808,111.9141,110.9375
18379248,96.0938,112.2070
18471148,80.6641,100.4883
18563504,76.1719,98.4375
18656324,78.0273,97.4609
18749608,77.9297,102.5391
18843360,78.9063,98.3398
18937580,76.2695,97.4609
19032268,75.0000,96.3867
19127432,79.6875,104.7852
19223072,78.4180,100.0000
19319188,78.2227,101.4648
19415784,76.7578,97.2656
19512864,76.4648,95.8984
19610432,79.8828,167.8711
19708488,83.8867,126.8555
19807032,76.7578,98.7305
19906068,76.5625,103.7109
20005600,78.0273,98.7305
20105628,78.7109,99.8047
20206160,79.1016,102.0508
20307192,78.8086,99.8047
20408728,77.8320,99.6094
20510772,81.0547,101.4648
20613328,79.5898,99.8047
20716396,77.9297,109.3750
20819980,78.4180,100.5859
20924080,81.4453,103.0273
21028704,82.9102,99.5117
21133848,76.4648,101.6602
21239520,77.8320,98.4375
21345720,83.6914,102.8320
21452452,80.0781,106.7383
21559716,81.8359,100.9766
21667516,79.3945,98.7305
21775856,78.1250,99.2188
21884736,78.3203,100.1953
21994160,79.8828,101.9531
22104132,86.8164,103.4180
22214656,80.4688,100.9766
22325732,79.9805,102.8320
22437364,80.2734,101.8555
22549552,81.3477,103.3203
22662300,81.2500,105.6641
22775612,83.0078,102.0508
22889492,76.8555,106.0547
23003940,81.6406,101.3672
23118960,81.2500,104.2969
23234556,81.4453,103.9063
23350732,79.3945,103.8086
23467488,81.6406,105.3711
23584828,84.9609,105.8594
23702756,85.4492,109.9609
23821272,88.3789,104.5898
23940380,86.0352,105.8594
24060084,82.0313,100.9766
24180388,83.1055,104.4922
24301292,81.0547,102.7344
24422800,80.7617,113.1836
24544916,94.9219,109.2773
24667644,87.3047,107.1289
24790984,83.6914,105.1758
24914940,86.0352,102.5391
25039516,83.9844,104.9805
25164716,94.6289,110.6445
25290540,88.6719,105.8594
25416996,86.0352,102.9297
25544084,83.5938,103.2227
25671808,83.6914,105.7617
25800168,90.4297,106.1523
25929172,83.6914,106.5430
26058820,84.3750,105.5664
26189116,86.9141,105.2734
26320064,82.5195,104.0039
26451668,80.8594,123.8281
26583928,87.3047,108.0078
26716848,91.2109,107.9102
26850436,86.9141,107.3242
26984692,88.9648,109.8633
27119616,86.8164,129.5898
27255216,97.4609,112.5000
27391496,138.0859,130.0781
27528456,119.9219,133.0078
27666100,108.9844,109.6680
27804432,90.3320,105.7617
27943456,101.9531,110.1563
28083176,93.3594,111.2305
28223592,91.4063,112.3047
28364712,93.7500,109.6680
28506536,88.2813,115.6250
28649072,92.3828,110.0586
28792320,94.6289,112.4023
28936284,92.1875,108.9844
29080968,101.6602,168.1641
29226376,127.0508,131.1523
29372508,112.9883,120.9961
29519372,115.6250,144.9219
29666972,145.3125,138.5742
29815308,131.7383,134.8633
29964388,117.0898,138.3789
30114212,115.8203,123.3398
30264784,106.7383,117.8711
30416108,104.1992,126.2695
30568192,108.6914,120.6055
30721036,106.2500,120.4102
30874644,103.0273,119.1406
31029020,109.9609,122.3633
31184168,100.6836,125.6836
31340092,109.3750,132.3242
31496796,143.9453,140.6250
31654280,134.8633,139.2578
31812552,127.8320,135.0586
31971616,136.8164,136.5234
32131476,146.7773,141.6016
32292136,121.5820,146.4844
32453600,120.1172,127.8320
32615868,108.5938,124.8047
32778948,106.9336,138.1836
32942844,122.1680,132.1289
33107560,112.9883,123.0469
33273100,109.5703,144.4336
33439468,123.8281,133.9844
33606668,121.7773,132.9102
33774704,113.9648,149.5117
33943580,127.2461,131.1523
34113300,115.1367,128.7109
34283868,152.2461,146.1914
34455288,129.7852,136.2305
34627568,124.3164,150.3906
34800708,131.7383,149.4141
34974712,127.4414,136.6211
35149588,149.8047,138.7695
35325336,129.6875,158.7891
35501964,141.6016,154.1016
35679476,130.0781,142.7734
35857876,128.7109,131.5430
36037168,141.9922,143.3594
36217356,134.3750,142.7734
36398444,141.1133,174.5117
36580440,141.3086,140.9180
36763344,138.3789,174.8047
36947164,139.2578,145.7031
37131900,158.9844,144.8242
37317560,152.2461,144.2383
37504148,136.6211,147.6563
37691672,134.7656,157.8125
37880132,140.2344,155.7617
38069536,141.4063,197.1680
38259884,151.8555,168.1641
38451184,153.5156,189.2578
38643440,158.3008,164.8438
38836660,149.6094,163.0859
39030844,162.8906,153.1250
39226000,155.2734,163.7695
39422132,150.9766,152.4414
39619244,145.0195,173.2422
39817344,149.0234,150.1953
40016432,145.4102,196.1914
40216516,161.0352,158.5938
40417600,149.9023,164.8438
40619688,153.4180,152.6367
40822788,140.4297,155.8594
41026904,178.2227,171.0938
41232040,162.9883,186.9141
41438204,148.4375,160.6445
41645396,182.2266,165.5273
41853624,159.2773,157.6172
42062896,171.8750,168.9453
42273212,152.0508,202.5391
42484580,161.4258,160.2539
42697004,159.6680,176.1719
42910492,160.1563,164.1602
43125048,167.5781,173.5352
43340676,168.9453,170.4102
43557380,173.0469,167.8711
43775168,169.7266,178.9063
43994044,164.1602,164.4531
44214016,175.7813,169.1406
44435088,161.3281,166.8945
44657264,155.4688,158.3984
44880552,165.7227,193.1641
45104956,174.6094,175.0977
45330484,228.2227,175.3906
45557140,180.5664,192.7734
45784928,187.3047,175.2930
46013856,181.1523,172.4609
46243928,169.6289,183.9844
46475148,169.3359,176.6602
46707524,210.6445,171.1914
46941064,173.7305,222.1680
47175772,179.1016,178.5156
47411652,189.8438,180.7617
47648712,172.0703,186.6211
47886956,173.8281,175.2930
48126392,193.3594,183.8867
48367024,180.5664,208.7891
48608860,182.5195,181.4453
48851908,194.3359,200.8789
49096168,227.9297,189.8438
49341652,180.0781,201.2695
49588364,183.0078,197.4609
49836308,214.0625,200.5859
50085492,194.5313,243.8477
50335920,210.3516,203.3203
50587600,201.8555,206.6406
50840540,194.4336,189.4531
51094744,189.6484,188.8672
51350220,179.5898,201.3672
51606972,189.2578,207.6172
51865008,190.4297,204.6875
52124336,200.9766,188.0859
52384960,194.6289,197.3633
52646888,187.4023,206.0547
52910124,198.5352,235.4492
53174676,194.4336,191.8945
53440552,207.6172,192.6758
53707756,206.0547,195.2148
53976296,197.5586,202.7344
54246180,193.7500,207.8125
54517412,192.1875,199.8047
54790000,195.7031,221.1914
55063952,213.3789,201.6602
55339272,202.8320,200.1953
55615972,267.6758,209.2773
55894052,198.4375,210.9375
56173524,211.9141,226.0742
56454392,208.9844,225.9766
56736664,196.4844,256.8359
57020348,209.6680,216.4063
57305452,243.1641,211.2305
57591980,225.4883,211.0352
57879940,224.5117,210.9375
58169340,217.6758,206.5430
58460188,217.3828,212.5000
58752492,221.8750,210.9375
59046256,227.2461,256.6406
59341488,273.3398,209.8633
59638196,227.7344,219.3359
59936388,226.4648,217.8711
60236072,226.9531,207.8125
60537256,228.3203,221.4844
60839944,230.5664,224.0234
61144144,285.2539,222.4609
61449868,261.2305,247.1680
61757120,238.0859,232.5195
62065908,229.1016,225.0977
62376240,236.0352,228.1250
62688124,220.8008,260.1563
63001568,282.5195,231.5430
63316576,235.1563,235.1563
63633160,234.3750,216.2109
63951328,225.1953,217.3828
64271088,227.4414,223.6328
64592444,231.0547,259.9609
64915408,262.4023,274.2188
65239988,302.9297,272.6563
65566188,264.2578,267.3828
65894020,258.3984,259.3750
66223492,284.5703,243.6523
66554612,269.9219,293.2617
66887388,272.2656,268.9453
