4,1.8555,1.6602
8,2.0508,5.5664
12,2.5391,6.9336
16,2.7344,8.3008
20,3.1250,9.0820
24,3.1250,10.9375
28,2.9297,11.5234
32,3.0273,12.5000
36,3.8086,12.3047
40,3.5156,13.0859
44,3.6133,12.8906
48,3.7109,13.3789
52,3.7109,14.5508
56,3.6133,14.7461
60,3.5156,16.8945
64,3.5156,16.4063
68,4.9805,16.2109
72,4.4922,15.8203
76,4.4922,15.8203
80,4.3945,16.0156
84,4.3945,18.8477
88,4.7852,16.6016
92,4.3945,16.3086
96,4.1992,16.6992
100,4.3945,17.5781
104,4.9805,17.1875
108,4.2969,17.9688
112,4.2969,17.9688
116,4.5898,18.5547
120,4.3945,19.2383
124,4.6875,19.0430
128,4.4922,19.7266
132,5.0781,18.4570
136,5.2734,19.7266
140,5.2734,19.8242
144,5.3711,19.5313
148,5.1758,18.9453
152,5.3711,19.2383
156,5.2734,19.3359
160,5.1758,19.1406
164,5.3711,19.8242
168,5.3711,18.7500
172,5.1758,20.5078
176,5.3711,19.8242
180,5.2734,18.7500
184,5.3711,20.2148
188,5.3711,19.3359
192,5.1758,18.8477
196,5.4688,19.3359
200,5.1758,19.9219
204,5.4688,20.9961
208,5.2734,20.5078
212,5.3711,20.2148
216,5.2734,20.8984
220,5.2734,18.9453
224,5.3711,20.5078
228,5.4688,20.6055
232,5.3711,21.7773
236,5.4688,21.0938
240,5.5664,20.9961
244,5.1758,21.0938
248,5.2734,21.1914
252,5.2734,21.1914
256,5.3711,21.9727
260,6.2500,23.1445
264,6.2500,21.7773
268,6.1523,21.4844
272,6.2500,21.8750
276,6.1523,22.5586
280,6.2500,21.7773
284,6.1523,21.0938
288,6.1523,22.2656
292,6.2500,21.4844
296,6.1523,23.2422
300,6.1523,22.0703
304,6.2500,22.7539
308,6.2500,22.2656
312,6.5430,22.2656
316,6.3477,22.1680
320,6.1523,22.0703
324,6.2500,22.1680
328,6.6406,22.9492
332,6.2500,22.4609
336,6.1523,21.9727
340,6.1523,21.8750
344,6.4453,22.4609
348,6.3477,22.1680
352,6.1523,21.0938
356,6.1523,22.2656
360,6.2500,22.2656
364,6.1523,23.1445
368,6.2500,22.6563
372,6.1523,22.0703
376,6.2500,22.8516
380,6.1523,22.9492
384,6.1523,21.9727
388,6.2500,23.1445
392,6.1523,21.9727
396,6.2500,22.6563
400,6.1523,23.0469
404,6.2500,23.2422
408,6.3477,22.5586
412,6.2500,23.2422
416,6.3477,22.8516
420,6.1523,22.9492
424,6.3477,22.5586
428,6.2500,22.6563
432,8.1055,23.0469
436,6.1523,22.9492
440,6.2500,24.5117
444,6.1523,24.0234
448,6.1523,23.2422
452,6.1523,23.3398
456,7.2266,23.6328
460,6.1523,23.0469
464,6.2500,23.9258
468,6.2500,23.2422
472,6.2500,24.4141
476,6.2500,24.2188
480,6.3477,25.0000
484,6.2500,24.4141
488,6.1523,24.4141
492,6.1523,25.6836
496,6.4453,25.1953
500,6.1523,23.9258
504,6.5430,24.4141
508,6.2500,23.9258
512,6.1523,25.3906
516,8.0078,25.0977
520,8.4961,24.9023
524,7.8125,25.3906
528,7.8125,25.1953
532,8.3008,25.0000
536,8.4961,25.0000
540,8.0078,25.3906
544,8.3984,24.3164
548,8.2031,25.5859
552,8.4961,25.3906
556,8.1055,24.5117
560,9.9609,24.4141
564,8.4961,25.7813
568,8.0078,24.5117
572,8.3008,25.5859
576,8.2031,24.8047
580,7.4219,23.9258
584,8.3008,25.5859
588,8.1055,24.8047
592,8.0078,24.2188
596,8.0078,24.3164
600,7.7148,23.8281
604,7.9102,24.7070
608,8.2031,25.7813
612,8.4961,25.0977
616,8.0078,24.7070
620,8.3008,25.8789
624,8.3984,25.7813
628,8.1055,24.8047
632,8.3008,24.0234
636,8.4961,24.9023
640,8.3984,24.2188
644,8.2031,24.7070
648,8.2031,24.8047
652,8.3984,25.0000
656,8.1055,24.4141
660,8.3984,24.4141
664,7.8125,25.1953
668,8.8867,25.2930
672,8.0078,25.1953
676,8.1055,25.0000
680,7.9102,25.4883
684,7.7148,24.7070
688,8.4961,25.0000
692,8.3984,25.0000
696,8.3008,25.2930
700,7.8125,25.1953
704,8.1055,24.8047
708,8.3008,24.5117
712,8.2031,24.6094
716,8.0078,25.2930
720,8.5938,25.2930
724,7.9102,26.0742
728,7.5195,25.4883
732,7.7148,24.6094
736,7.9102,26.2695
740,8.1055,25.3906
744,8.5938,24.4141
748,7.8125,26.3672
752,8.0078,25.8789
756,8.3984,25.6836
760,8.6914,26.8555
764,8.3008,25.9766
768,8.2031,24.9023
772,8.6914,25.5859
776,8.4961,25.6836
780,8.3008,25.7813
784,8.0078,25.6836
788,8.3008,25.7813
792,8.1055,26.2695
796,8.0078,25.1953
800,7.7148,25.1953
804,7.9102,25.9766
812,8.0078,25.1953
820,8.3008,26.3672
828,8.0078,26.2695
836,8.1055,26.4648
844,7.9102,25.5859
852,8.2031,26.3672
860,8.5938,26.8555
868,7.9102,26.5625
876,8.3984,26.0742
884,7.8125,25.8789
892,7.9102,27.0508
900,8.3984,26.0742
908,8.2031,26.2695
916,8.2031,26.6602
924,8.4961,27.0508
932,7.9102,30.0781
940,8.1055,27.0508
948,8.3008,26.2695
956,8.3984,26.9531
964,8.0078,27.0508
972,11.6211,32.0313
980,10.3516,28.3203
988,8.0078,27.5391
996,8.3008,28.1250
1004,8.3984,28.5156
1012,8.1055,27.8320
1020,8.3984,28.5156
1028,10.6445,28.3203
1036,10.3516,27.5391
1044,10.7422,34.8633
1052,10.8398,28.6133
1060,10.0586,29.3945
1068,10.5469,27.6367
1076,10.9375,26.8555
1084,10.2539,27.0508
1092,10.4492,28.0273
1100,10.0586,28.0273
1108,10.0586,27.9297
1116,10.3516,27.9297
1124,11.4258,27.6367
1132,10.0586,28.3203
1140,10.1563,27.1484
1148,9.3750,28.4180
1156,10.0586,35.1563
1164,10.0586,28.4180
1172,10.0586,28.7109
1180,9.8633,27.8320
1188,10.6445,28.1250
1196,10.0586,29.1992
1204,10.5469,27.4414
1212,10.4492,26.8555
1220,10.4492,28.1250
1228,9.2773,28.0273
1236,10.2539,27.6367
1244,9.7656,27.6367
1252,9.4727,27.5391
1260,10.0586,27.2461
1268,10.3516,29.9805
1276,10.6445,28.4180
1284,10.0586,28.9063
1292,10.5469,29.1992
1300,9.7656,26.9531
1308,10.0586,28.6133
1316,11.1328,28.4180
1324,10.6445,27.8320
1332,9.7656,28.5156
1340,10.3516,28.7109
1348,10.5469,28.2227
1356,10.1563,28.5156
1364,10.5469,28.2227
1372,9.8633,29.1992
1380,10.3516,29.9805
1388,10.2539,27.5391
1396,10.0586,28.3203
1404,10.0586,26.8555
1412,10.5469,28.1250
1420,9.6680,29.1992
1428,9.9609,29.1992
1436,10.6445,28.6133
1444,10.4492,27.9297
1452,10.0586,28.7109
1460,9.9609,28.2227
1468,10.1563,27.5391
1476,9.9609,27.8320
1484,9.9609,29.0039
1492,10.4492,28.0273
1500,10.0586,29.5898
1508,10.5469,27.5391
1516,11.0352,27.6367
1524,9.2773,29.0039
1532,10.0586,28.6133
1540,11.6211,29.2969
1548,10.6445,27.9297
1556,10.3516,29.0039
1564,9.7656,28.0273
1572,10.3516,27.7344
1580,9.8633,27.5391
1588,10.6445,29.7852
1596,10.3516,28.1250
1604,10.6445,29.1016
1616,9.9609,28.8086
1628,10.6445,29.5898
1640,9.8633,29.6875
1652,11.4258,28.7109
1664,10.4492,27.4414
1676,9.6680,27.8320
1688,10.0586,29.6875
1700,9.7656,29.7852
1712,11.1328,28.8086
1724,9.8633,27.9297
1736,10.8398,28.3203
1748,10.5469,28.9063
1760,10.0586,29.1992
1772,9.3750,29.1992
1784,11.0352,29.4922
1796,9.9609,28.1250
1808,14.3555,30.9570
1820,11.6211,28.7109
1832,10.9375,30.6641
1844,9.8633,29.1992
1856,10.2539,29.4922
1868,10.3516,28.4180
1880,10.1563,30.3711
1892,10.6445,28.8086
1904,10.7422,28.7109
1916,9.9609,29.0039
1928,10.2539,30.3711
1940,10.1563,30.5664
1952,10.5469,29.9805
1964,10.0586,29.3945
1976,9.3750,30.4688
1988,10.1563,30.7617
2000,9.8633,29.9805
2012,10.0586,30.1758
2024,10.5469,29.6875
2036,10.6445,29.4922
2048,10.3516,31.3477
2060,12.5000,30.7617
2072,12.6953,30.9570
2084,13.1836,30.6641
2096,13.2813,31.3477
2108,14.4531,30.1758
2120,12.5000,30.9570
2132,12.5000,31.5430
2144,12.6953,29.8828
2156,12.6953,30.4688
2168,12.6953,30.1758
2180,12.5977,30.7617
2192,12.5977,30.1758
2204,13.0859,31.4453
2216,12.4023,30.1758
2228,12.7930,30.3711
2240,12.5977,31.2500
2252,12.6953,30.0781
2264,13.2813,31.9336
2276,12.7930,30.5664
2288,12.5000,30.8594
2300,12.7930,30.5664
2312,12.4023,29.7852
2324,12.7930,30.4688
2336,12.7930,30.6641
2348,12.5000,30.7617
2360,13.2813,31.0547
2372,13.5742,30.7617
2384,11.7188,30.6641
2396,12.4023,30.2734
2408,12.8906,30.8594
2424,13.0859,33.1055
2440,12.5977,30.0781
2456,12.7930,31.0547
2472,13.1836,30.7617
2488,12.7930,30.9570
2504,12.7930,30.8594
2520,13.2813,30.4688
2536,13.0859,31.6406
2552,13.2813,29.9805
2568,12.3047,31.8359
2584,12.6953,31.3477
2600,12.8906,31.6406
2616,13.1836,31.6406
2632,12.7930,32.4219
2648,12.5000,31.3477
2664,12.8906,30.8594
2680,12.9883,31.5430
2696,12.5977,31.0547
2712,12.6953,30.8594
2728,12.5977,31.7383
2744,12.4023,31.6406
2760,12.9883,31.1523
2776,12.8906,31.2500
2792,11.9141,31.1523
2808,12.2070,31.2500
2824,13.1836,30.7617
2840,12.9883,30.8594
2856,12.7930,30.8594
2872,12.1094,30.5664
2888,12.6953,31.7383
2904,12.5000,31.9336
2920,13.0859,32.0313
2936,12.4023,30.7617
2952,12.5977,30.4688
2968,13.1836,31.9336
2984,12.5000,31.4453
3000,12.5977,31.6406
3016,12.3047,32.3242
3032,12.5977,31.2500
3048,12.6953,31.6406
3064,12.7930,31.3477
3080,13.2813,33.5938
3096,17.1875,35.3516
3112,16.6016,36.7188
3128,17.7734,35.5469
3144,12.6953,33.3984
3160,12.9883,32.0313
3176,13.0859,32.2266
3192,12.5000,31.3477
3208,13.2813,32.6172
3228,13.0859,31.9336
3248,12.7930,33.9844
3268,12.4023,31.3477
3288,12.7930,32.1289
3308,12.7930,33.0078
3328,12.5977,32.5195
3348,12.8906,31.4453
3368,13.1836,33.0078
3388,12.4023,31.7383
3408,12.7930,32.0313
3428,12.6953,31.4453
3448,12.8906,31.3477
3468,12.9883,33.2031
3488,12.6953,31.7383
3508,12.4023,33.3984
3528,13.0859,32.6172
3548,12.6953,30.9570
3568,12.8906,31.3477
3588,12.9883,32.2266
3608,12.6953,32.8125
3628,13.4766,32.9102
3648,12.5977,32.5195
3668,12.9883,33.1055
3688,13.4766,32.8125
3708,12.9883,33.3008
3728,12.8906,32.3242
3748,12.7930,31.6406
3768,14.9414,39.8438
3788,15.3320,32.8125
3808,12.2070,33.3984
3828,12.5977,31.9336
3848,12.9883,33.5938
3868,12.9883,33.9844
3888,12.8906,33.4961
3908,13.3789,33.4961
3928,12.2070,31.9336
3948,12.4023,31.8359
3968,12.6953,33.3984
3988,13.0859,33.3008
4008,12.7930,33.9844
4032,13.2813,34.0820
4056,13.2813,33.7891
4080,12.5000,32.9102
4104,15.5273,33.9844
4128,14.8438,34.1797
4152,15.5273,32.1289
4176,15.7227,34.5703
4200,15.4297,33.0078
4224,15.0391,33.5938
4248,15.7227,33.3984
4272,15.6250,33.2031
4296,15.4297,33.4961
4320,15.0391,33.1055
4344,15.2344,33.6914
4368,15.3320,33.3008
4392,15.6250,33.2031
4416,15.9180,33.5938
4440,14.7461,34.1797
4464,15.5273,34.0820
4488,15.9180,33.3008
4512,15.2344,34.0820
4536,15.8203,32.9102
4560,15.3320,32.6172
4584,15.2344,34.1797
4608,16.9922,34.2773
4632,14.7461,33.6914
4656,15.4297,33.3984
4680,15.5273,33.5938
4704,14.8438,33.6914
4728,15.1367,33.4961
4752,15.8203,34.2773
4776,15.9180,33.2031
4800,14.8438,34.1797
4824,14.6484,33.6914
4852,14.9414,33.7891
4880,15.3320,32.8125
4908,15.1367,35.6445
4936,15.7227,36.5234
4964,15.5273,33.2031
4992,15.3320,33.9844
5020,14.9414,34.6680
5048,15.5273,33.9844
5076,15.0391,33.8867
5104,15.4297,32.8125
5132,15.5273,33.5938
5160,15.3320,34.1797
5188,15.7227,33.3008
5216,15.5273,32.2266
5244,14.4531,35.2539
5272,15.3320,33.2031
5300,15.1367,33.4961
5328,15.1367,33.0078
5356,15.6250,33.8867
5384,15.6250,33.7891
5412,15.9180,34.4727
5440,16.0156,33.5938
5468,14.7461,34.8633
5496,15.7227,34.9609
5524,15.6250,33.6914
5552,15.2344,33.4961
5580,15.7227,35.7422
5608,15.0391,33.7891
5640,15.0391,35.7422
5672,16.0156,35.6445
5704,15.6250,34.0820
5736,15.4297,34.6680
5768,15.6250,34.2773
5800,15.0391,34.7656
5832,15.6250,33.9844
5864,15.8203,34.4727
5896,15.6250,35.2539
5928,15.1367,34.2773
5960,15.6250,35.8398
5992,15.3320,34.1797
6024,14.7461,33.2031
6056,15.5273,34.7656
6088,14.9414,34.6680
6120,15.6250,33.8867
6152,15.8203,33.4961
6184,14.3555,34.0820
6216,15.2344,34.6680
6248,14.5508,34.2773
6280,15.2344,34.0820
6312,15.1367,35.0586
6344,15.4297,36.4258
6376,14.7461,33.4961
6408,15.1367,34.5703
6444,15.4297,34.2773
6480,15.9180,34.4727
6516,15.6250,34.3750
6552,15.6250,34.8633
6588,15.3320,34.9609
6624,14.9414,34.5703
6660,15.1367,34.8633
6696,15.3320,33.5938
6732,15.1367,35.9375
6768,15.3320,35.9375
6804,15.3320,35.6445
6840,15.3320,35.3516
6876,15.5273,34.6680
6912,15.5273,33.4961
6948,15.1367,34.2773
6984,14.9414,35.6445
7020,15.7227,34.4727
7056,15.4297,35.2539
7092,15.4297,34.6680
7128,15.1367,34.8633
7164,15.5273,33.8867
7200,14.7461,36.7188
7236,15.4297,34.6680
7276,14.9414,33.3984
7316,15.6250,35.8398
7356,15.7227,35.6445
7396,15.0391,35.2539
7436,15.3320,35.8398
7476,15.4297,35.9375
7516,15.9180,34.6680
7556,15.7227,35.0586
7596,14.4531,35.5469
7636,14.8438,35.0586
7676,15.3320,37.2070
7716,19.7266,41.1133
7756,20.2148,35.8398
7796,14.9414,35.8398
7836,15.5273,34.7656
7876,15.6250,35.7422
7916,15.2344,35.5469
7956,15.2344,35.6445
7996,15.3320,35.3516
8036,14.8438,35.1563
8080,15.6250,34.5703
8124,14.7461,36.8164
8168,17.5781,35.6445
8212,17.8711,36.4258
8256,18.4570,35.7422
8300,17.7734,35.9375
8344,18.0664,35.8398
8388,18.7500,36.5234
8432,18.1641,35.9375
8476,17.6758,34.2773
8520,17.6758,35.8398
8564,17.4805,36.4258
8608,16.9922,35.3516
8652,16.9922,38.7695
8696,17.5781,36.3281
8740,17.4805,35.3516
8784,17.7734,35.2539
8828,18.0664,36.5234
8876,17.2852,35.7422
8924,17.3828,34.4727
8972,17.6758,34.8633
9020,17.8711,36.4258
9068,17.5781,35.5469
9116,18.0664,36.2305
9164,17.5781,35.9375
9212,17.2852,35.7422
9260,17.7734,36.1328
9308,17.5781,35.8398
9356,17.8711,36.2305
9404,18.3594,36.0352
9452,18.2617,36.3281
9500,18.4570,35.1563
9548,18.1641,35.9375
9596,17.7734,36.8164
9644,17.3828,36.6211
9696,17.9688,35.8398
9748,17.4805,37.2070
9800,18.3594,36.1328
9852,17.0898,36.1328
9904,17.7734,35.4492
9956,18.4570,36.9141
10008,18.2617,37.1094
10060,18.2617,36.5234
10112,17.7734,36.9141
10164,17.8711,35.5469
10216,17.6758,36.8164
10268,18.4570,37.0117
10320,17.7734,35.6445
10372,21.7773,38.8672
10424,18.5547,37.7930
10480,16.9922,35.7422
10536,17.4805,36.0352
10592,16.9922,36.2305
10648,17.8711,36.0352
10704,18.1641,36.4258
10760,17.4805,35.9375
10816,17.2852,36.8164
10872,17.9688,37.6953
10928,17.8711,36.3281
10984,17.4805,36.2305
11040,17.4805,36.9141
11096,17.8711,36.5234
11152,17.4805,36.7188
11208,17.8711,37.3047
11268,18.6523,37.1094
11328,18.2617,37.3047
11388,17.4805,35.9375
11448,17.5781,36.6211
11508,18.5547,37.3047
11568,18.0664,37.0117
11628,21.9727,37.8906
11688,17.9688,37.3047
11748,18.0664,36.6211
11808,18.1641,36.1328
11868,17.8711,36.7188
11928,17.5781,36.8164
11988,18.0664,35.8398
12048,18.4570,37.8906
12112,17.8711,36.8164
12176,17.0898,36.3281
12240,17.6758,36.9141
12304,17.6758,39.1602
12368,17.6758,36.7188
12432,17.8711,36.6211
12496,18.3594,36.8164
12560,17.8711,36.3281
12624,17.8711,37.8906
12688,17.6758,37.3047
12752,17.3828,37.3047
12816,17.5781,36.6211
12884,17.0898,35.4492
12952,17.8711,37.3047
13020,17.1875,38.6719
13088,18.2617,38.0859
13156,17.2852,36.5234
13224,17.3828,37.4023
13292,17.3828,37.5977
13360,17.9688,37.5000
13428,17.5781,37.4023
13496,17.8711,37.2070
13564,17.6758,35.8398
13632,17.4805,37.1094
13704,18.2617,37.7930
13776,17.7734,37.4023
13848,17.7734,36.9141
13920,17.7734,37.3047
13992,17.9688,37.1094
14064,17.8711,37.3047
14136,17.3828,35.8398
14208,18.5547,39.2578
14280,17.8711,36.9141
14352,17.7734,37.3047
14424,18.0664,36.9141
14500,17.9688,37.7930
14576,18.2617,37.5977
14652,17.7734,37.7930
14728,17.7734,37.0117
14804,16.7969,35.9375
14880,17.4805,37.1094
14956,17.3828,37.7930
15032,17.7734,38.8672
15108,17.8711,37.2070
15184,18.5547,38.2813
15260,17.1875,37.9883
15340,18.0664,38.4766
15420,18.6523,39.0625
15500,17.5781,36.5234
15580,17.3828,37.6953
15660,17.5781,38.8672
15740,17.9688,37.8906
15820,18.1641,38.5742
15900,17.9688,38.6719
15980,17.5781,38.5742
16060,18.0664,37.5977
16144,18.0664,39.0625
16228,17.4805,37.7930
16312,17.5781,38.0859
16396,20.8984,39.5508
16480,21.1914,38.9648
16564,21.3867,38.5742
16648,21.0938,39.2578
16732,20.8984,39.5508
16816,20.5078,38.1836
16904,20.9961,38.2813
16992,20.0195,38.7695
17080,20.6055,38.4766
17168,20.8984,38.7695
17256,24.9023,37.6953
17344,20.1172,38.4766
17432,20.8984,37.6953
17520,20.4102,38.6719
17608,20.7031,39.9414
17700,20.6055,39.5508
17792,20.4102,38.1836
17884,20.2148,38.9648
17976,20.0195,38.4766
18068,21.1914,38.5742
18160,20.7031,38.6719
18252,20.7031,40.8203
18344,19.9219,38.7695
18436,20.2148,37.6953
18532,20.8008,39.0625
18628,21.0938,39.2578
18724,20.6055,38.2813
18820,20.6055,39.7461
18916,20.8008,38.7695
19012,20.4102,37.5000
19108,19.9219,38.2813
19204,20.0195,37.4023
19304,23.1445,39.0625
19404,20.3125,38.9648
19504,21.3867,39.5508
19604,20.9961,38.0859
19704,20.7031,39.4531
19804,20.3125,38.6719
19904,20.3125,37.9883
20004,20.9961,38.7695
20108,20.4102,39.4531
20212,21.3867,39.3555
20316,20.6055,42.7734
20420,20.3125,38.2813
20524,20.9961,39.0625
20628,20.9961,39.5508
20732,20.5078,38.3789
20836,21.1914,40.1367
20944,20.8984,40.6250
21052,20.7031,39.5508
21160,20.8984,38.9648
21268,20.6055,38.1836
21376,21.1914,39.3555
21484,21.1914,38.9648
21592,21.5820,39.9414
21700,20.5078,39.8438
21812,20.4102,38.9648
21924,19.8242,39.1602
22036,20.3125,39.0625
22148,20.5078,38.7695
22260,20.2148,39.1602
22372,20.5078,38.9648
22484,20.3125,38.9648
22600,20.7031,39.5508
22716,20.2148,39.0625
22832,20.4102,41.1133
22948,20.7031,38.8672
23064,20.8008,40.6250
23180,20.7031,37.8906
23296,20.5078,38.4766
23416,19.8242,38.8672
23536,20.2148,38.6719
23656,20.7031,38.5742
23776,20.8008,39.9414
23896,22.9492,40.9180
24016,20.7031,40.0391
24140,20.6055,39.9414
24264,20.8008,40.4297
24388,20.0195,38.5742
24512,20.6055,38.8672
24636,20.4102,38.8672
24760,20.3125,38.1836
24884,21.1914,39.9414
25012,20.5078,37.8906
25140,19.5313,53.6133
25268,20.7031,41.6016
25396,21.2891,41.6016
25524,21.2891,41.4063
25652,19.8242,40.3320
25784,20.4102,39.6484
25916,20.5078,41.3086
26048,20.2148,40.3320
26180,20.7031,40.7227
26312,20.2148,40.1367
26444,20.8008,47.8516
26580,20.5078,40.7227
26716,20.3125,39.7461
26852,20.3125,39.5508
26988,20.7031,39.9414
27124,20.4102,39.2578
27260,20.3125,40.2344
27400,23.4375,38.5742
27540,21.1914,40.3320
27680,21.0938,40.1367
27820,20.4102,40.4297
27960,20.3125,40.4297
28100,21.3867,40.9180
28244,20.6055,40.5273
28388,20.1172,40.7227
28532,20.4102,39.4531
28676,20.6055,39.4531
28820,20.6055,44.9219
28968,20.5078,39.6484
29116,20.0195,39.5508
29264,21.1914,41.2109
29412,22.6563,40.1367
29560,20.1172,39.7461
29708,20.0195,39.9414
29860,20.3125,39.4531
30012,19.8242,39.9414
30164,20.3125,40.2344
30316,20.3125,40.7227
30468,21.0938,40.7227
30624,21.0938,41.6016
30780,20.8008,41.2109
30936,21.2891,42.2852
31092,20.4102,40.0391
31248,20.6055,41.5039
31408,21.1914,41.3086
31568,20.3125,41.0156
31728,19.9219,41.2109
31888,19.4336,40.2344
32048,20.6055,40.8203
32212,19.8242,39.7461
32376,20.4102,40.3320
32540,20.6055,41.6016
32704,20.9961,41.2109
32868,24.1211,41.7969
33036,24.5117,41.8945
33204,22.9492,40.4297
33372,24.0234,41.0156
33540,23.0469,41.1133
33708,23.3398,40.7227
33880,22.8516,39.9414
34052,23.2422,40.8203
34224,23.8281,42.6758
34396,23.7305,40.7227
34568,22.7539,40.7227
34744,22.5586,41.8945
34920,24.1211,41.4063
35096,24.0234,41.5039
35272,22.8516,40.8203
35452,22.8516,41.5039
35632,23.1445,47.4609
35812,23.5352,42.1875
35992,24.1211,43.1641
36172,23.3398,42.2852
36356,22.9492,41.0156
36540,23.2422,40.5273
36724,23.7305,42.5781
36908,23.9258,41.6016
37096,23.5352,41.2109
37284,23.5352,41.4063
37472,23.5352,41.7969
37660,23.6328,41.9922
37852,23.3398,42.5781
38044,22.9492,40.5273
38236,22.9492,41.3086
38428,23.0469,41.3086
38624,23.4375,41.3086
38820,24.1211,42.8711
39016,23.2422,42.6758
39212,22.9492,41.4063
39412,22.9492,41.0156
39612,23.0469,40.3320
39812,23.1445,43.3594
40012,23.4375,41.2109
40216,22.8516,41.8945
40420,23.2422,40.4297
40624,22.2656,41.2109
40828,23.7305,42.5781
41036,23.5352,43.1641
41244,23.0469,41.6992
41452,23.4375,42.1875
41660,23.2422,41.1133
41872,23.3398,43.3594
42084,23.9258,41.8945
42296,24.0234,42.1875
42508,23.8281,42.3828
42724,23.3398,42.2852
42940,23.8281,42.3828
43156,23.9258,42.2852
43372,24.4141,42.4805
43592,23.8281,41.8945
43812,23.8281,42.4805
44032,26.5625,42.2852
44256,23.9258,42.9688
44480,24.0234,43.1641
44704,23.7305,42.9688
44928,23.0469,40.3320
45156,22.8516,42.5781
45384,23.0469,43.3594
45612,24.3164,44.2383
45844,23.2422,41.6992
46076,23.2422,42.1875
46308,22.7539,41.9922
46540,22.2656,43.3594
46776,23.7305,41.6992
47012,22.9492,41.7969
47248,23.1445,43.0664
47488,23.1445,42.7734
47728,23.7305,42.5781
47968,23.5352,42.8711
48208,23.3398,42.7734
48452,23.3398,41.6016
48696,23.5352,43.7500
48940,24.4141,45.0195
49188,23.7305,44.6289
49436,23.5352,43.8477
49684,23.0469,42.6758
49936,23.5352,41.6016
50188,23.3398,42.9688
50440,23.3398,42.7734
50696,24.9023,43.6523
50952,23.7305,45.0195
51208,23.6328,44.0430
51468,24.6094,44.2383
51728,23.3398,42.1875
51988,23.6328,44.1406
52248,23.3398,42.8711
52512,23.5352,45.1172
52776,23.0469,43.6523
53040,23.2422,42.8711
53308,23.5352,43.4570
53576,22.8516,41.6016
53844,24.1211,43.5547
54116,23.7305,44.7266
54388,23.5352,43.2617
54660,24.0234,44.0430
54936,23.4375,43.7500
55212,23.4375,43.6523
55492,23.4375,42.5781
55772,23.8281,43.1641
56052,23.8281,53.7109
56336,25.0977,45.6055
56620,24.7070,44.0430
56904,23.7305,43.4570
57192,23.5352,45.0195
57480,23.3398,43.6523
57768,23.4375,44.2383
58060,24.0234,44.1406
58352,24.4141,45.0195
58644,22.9492,44.0430
58940,23.1445,43.7500
59236,24.6094,44.6289
59536,23.2422,44.3359
59836,23.9258,45.1172
60136,24.4141,44.9219
60440,22.4609,43.9453
60744,23.7305,43.7500
61048,22.7539,43.0664
61356,22.8516,45.3125
61664,24.3164,46.9727
61976,23.5352,43.3594
62288,23.5352,44.2383
62600,23.9258,45.6055
62916,23.5352,44.7266
63232,24.4141,44.3359
63552,23.1445,43.6523
63872,23.7305,45.3125
64192,22.8516,42.3828
64516,23.7305,45.0195
64840,24.0234,45.6055
65168,23.4375,45.5078
65496,25.6836,45.9961
65824,27.8320,45.7031
66156,27.5391,47.1680
66488,26.8555,45.8984
66824,26.6602,45.5078
67160,26.9531,46.1914
67496,26.5625,46.4844
67836,25.8789,45.2148
68176,27.4414,46.4844
68520,26.1719,46.2891
68864,26.5625,45.8984
69212,25.7813,47.1680
69560,31.1523,48.1445
69908,27.4414,48.1445
70260,26.5625,46.5820
70612,25.4883,46.6797
70968,25.4883,45.3125
71324,26.2695,48.1445
71684,29.2969,46.4844
72044,26.3672,46.2891
72408,31.6406,48.0469
72772,26.6602,46.6797
73136,27.5391,46.3867
73504,26.3672,46.3867
73872,25.7813,49.1211
74244,26.7578,46.8750
74616,26.5625,48.0469
74992,27.2461,48.7305
75368,26.1719,46.2891
75748,26.8555,47.3633
76128,26.6602,46.2891
76512,26.4648,45.6055
76896,27.1484,47.5586
77284,26.5625,47.9492
77672,27.9297,48.5352
78064,26.5625,46.3867
78456,27.1484,47.7539
78852,26.0742,47.4609
79248,25.8789,45.8984
79648,25.5859,46.3867
80048,27.5391,46.7773
80452,26.2695,46.7773
80856,26.0742,48.2422
81264,26.5625,46.0938
81672,26.8555,47.3633
82084,26.5625,46.5820
82496,26.7578,47.8516
82912,27.0508,47.8516
83328,25.6836,47.4609
83748,26.2695,46.9727
84168,26.2695,47.7539
84592,25.7813,49.2188
85016,26.0742,47.2656
85444,26.2695,46.2891
85872,26.0742,47.1680
86304,27.4414,48.2422
86736,25.7813,47.3633
87172,26.0742,46.8750
87608,25.6836,47.5586
88048,25.3906,47.1680
88492,26.8555,51.8555
88936,26.4648,47.9492
89384,26.3672,48.2422
89832,26.6602,47.7539
90284,26.8555,47.4609
90736,26.3672,48.0469
91192,27.6367,48.1445
91648,26.8555,48.5352
92108,26.3672,47.1680
92572,26.5625,49.4141
93036,26.1719,47.2656
93504,26.8555,48.9258
93972,27.0508,47.5586
94444,25.2930,48.2422
94920,27.1484,48.8281
95396,26.7578,49.5117
95876,26.2695,47.5586
96356,26.1719,46.9727
96840,26.2695,52.0508
97328,26.7578,48.5352
97816,26.7578,49.3164
98308,26.5625,48.5352
98800,25.5859,47.4609
99296,27.4414,48.6328
99796,26.9531,47.9492
100296,25.7813,47.9492
100800,26.9531,50.6836
101304,26.0742,48.1445
101812,26.6602,47.6563
102324,27.4414,49.6094
102836,26.4648,48.3398
103352,25.7813,48.3398
103872,26.7578,47.7539
104392,26.7578,48.8281
104916,27.6367,49.3164
105444,26.9531,50.0977
105972,25.9766,48.0469
106504,26.2695,49.1211
107040,26.0742,48.3398
107576,26.0742,48.3398
108116,27.1484,48.5352
108660,25.7813,47.9492
109204,26.6602,48.5352
109752,26.3672,49.2188
110304,26.8555,52.1484
110856,26.7578,48.4375
111412,25.8789,46.0938
111972,25.5859,47.3633
112532,26.7578,49.0234
113096,26.4648,49.8047
113664,26.6602,48.8281
114236,27.1484,48.3398
114808,26.9531,49.4141
115384,32.8125,50.8789
115964,27.0508,48.9258
116544,27.8320,49.7070
117128,26.4648,48.5352
117716,26.7578,49.8047
118308,26.3672,48.9258
118900,26.9531,49.2188
119496,26.2695,48.2422
120096,25.8789,50.8789
120700,25.8789,48.7305
121304,26.7578,50.6836
121912,27.3438,48.5352
122524,26.6602,49.0234
123140,26.3672,48.5352
123756,27.4414,50.9766
124376,26.7578,48.5352
125000,26.2695,49.6094
125628,26.6602,50.4883
126260,26.8555,50.4883
126892,26.3672,48.6328
127528,26.9531,49.2188
128168,29.3945,53.0273
128812,27.0508,50.0977
129460,27.4414,49.5117
130108,25.1953,48.2422
130760,26.4648,48.8281
131416,37.1094,54.1992
132076,30.2734,50.0000
132740,30.3711,50.0000
133404,30.6641,51.2695
134072,29.8828,49.7070
134744,30.4688,50.0977
135420,30.8594,48.9258
136100,30.3711,49.6094
136784,32.0313,49.2188
137468,30.1758,49.6094
138156,29.4922,49.7070
138848,30.5664,49.1211
139544,30.2734,50.1953
140244,29.3945,49.1211
140948,29.2969,49.5117
141656,29.9805,50.4883
142368,30.3711,52.2461
143080,31.5430,52.0508
143796,28.7109,48.7305
144516,30.7617,50.3906
145240,29.6875,48.7305
145968,29.5898,50.7813
146700,30.3711,49.9023
147436,30.5664,52.0508
148176,29.9805,51.1719
148920,30.1758,51.2695
149668,30.3711,50.6836
150420,30.6641,50.1953
151176,29.7852,50.1953
151932,29.4922,49.1211
152692,29.1992,50.2930
153456,30.2734,51.1719
154224,30.2734,50.7813
154996,32.3242,49.8047
155772,30.0781,50.8789
156552,30.7617,51.5625
157336,30.0781,51.7578
158124,29.3945,49.1211
158916,30.7617,51.1719
159712,30.7617,50.6836
160512,29.7852,50.5859
161316,33.3984,51.6602
162124,29.8828,51.0742
162936,29.0039,49.7070
163752,29.0039,50.0000
164572,29.8828,50.0977
165396,29.8828,50.5859
166224,29.8828,50.3906
167056,29.0039,50.6836
167892,29.0039,55.1758
168732,28.7109,50.7813
169576,29.6875,50.9766
170424,28.9063,52.0508
171280,30.2734,51.9531
172140,30.0781,50.4883
173004,30.1758,50.8789
173872,29.2969,50.5859
174744,39.7461,57.5195
175620,29.1016,51.4648
176500,29.5898,52.2461
177384,30.3711,51.3672
178272,29.6875,51.7578
179164,30.6641,51.9531
180060,29.3945,50.5859
180964,30.1758,51.8555
181872,30.4688,53.2227
182784,29.4922,50.8789
183700,29.5898,51.1719
184620,29.1016,52.2461
185544,29.9805,51.0742
186472,29.8828,50.7813
187408,30.3711,51.7578
188348,29.7852,51.4648
189292,30.0781,54.3945
190240,30.5664,51.7578
191192,30.4688,51.9531
192148,29.9805,52.4414
193112,31.3477,54.2969
194080,30.1758,50.4883
195052,29.8828,52.3438
196028,29.2969,52.1484
197012,29.0039,50.5859
198000,30.3711,53.4180
198992,29.9805,53.0273
199988,29.7852,50.3906
200988,30.7617,52.0508
201996,29.8828,51.6602
203008,29.7852,51.8555
204024,30.4688,52.3438
205048,29.4922,50.6836
206076,30.7617,52.3438
207108,30.2734,53.2227
208144,30.8594,53.0273
209188,31.9336,53.0273
210236,30.2734,54.1016
211288,32.6172,54.5898
212348,29.1016,51.9531
213412,29.3945,53.7109
214480,30.6641,52.2461
215556,30.1758,52.7344
216636,30.5664,51.8555
217720,29.5898,52.5391
218812,29.7852,51.4648
219908,29.1016,51.3672
221008,29.5898,52.1484
222116,29.5898,67.5781
223228,30.5664,51.1719
224348,31.1523,53.6133
225472,31.0547,53.1250
226600,30.6641,51.6602
227736,31.4453,52.9297
228876,31.0547,53.6133
230024,30.5664,52.4414
231176,46.2891,55.0781
232332,32.1289,54.9805
233496,31.6406,54.2969
234664,31.3477,53.8086
235840,30.8594,53.4180
237020,30.9570,54.0039
238208,30.1758,52.6367
239400,31.5430,56.7383
240600,29.7852,52.8320
241804,30.5664,52.8320
243016,31.2500,55.3711
244232,30.9570,52.7344
245456,30.7617,53.9063
246684,31.1523,53.7109
247920,30.1758,53.4180
249160,31.7383,57.0313
250408,29.6875,52.0508
251664,31.3477,55.5664
252924,30.6641,53.0273
254192,32.1289,53.6133
255464,30.5664,53.6133
256744,30.5664,54.1992
258028,29.6875,53.4180
259320,30.8594,52.1484
260620,31.0547,54.7852
261924,33.6914,57.9102
263236,38.0859,55.4688
264556,37.0117,54.8828
265880,35.7422,55.4688
267212,36.1328,54.3945
268552,34.6680,55.9570
269896,35.5469,54.1016
271248,33.7891,53.8086
272608,34.6680,52.5391
273972,33.6914,54.1016
275344,34.2773,54.4922
276724,34.4727,54.0039
278108,35.1563,55.4688
279500,37.5000,54.9805
280900,35.0586,55.0781
282308,35.2539,55.7617
283720,35.4492,54.4922
285140,35.5469,57.8125
286568,33.2031,53.0273
288004,34.3750,55.2734
289448,35.4492,59.3750
290896,35.2539,55.7617
292352,35.2539,55.1758
293816,38.0859,54.2969
295288,34.8633,55.4688
296768,35.9375,55.4688
298252,34.5703,56.0547
299744,36.0352,57.7148
301244,36.2305,56.4453
302752,34.7656,54.8828
304268,33.7891,54.0039
305792,35.6445,56.9336
307324,34.7656,56.2500
308864,34.7656,54.6875
310412,34.0820,53.9063
311968,35.9375,53.9063
313528,33.4961,55.3711
315096,34.1797,56.0547
316672,34.1797,54.6875
318256,34.2773,54.4922
319848,34.6680,56.0547
321448,34.4727,55.2734
323056,34.8633,58.1055
324672,34.0820,54.2969
326296,33.9844,54.2969
327928,34.6680,54.0039
329568,35.6445,57.1289
331216,34.6680,57.1289
332876,34.4727,55.1758
334544,33.8867,56.1523
336220,34.3750,55.6641
337904,35.2539,56.8359
339596,34.1797,56.4453
341296,34.5703,54.8828
343004,35.8398,56.0547
344720,35.2539,55.1758
346444,34.1797,54.1992
348180,36.6211,56.0547
349924,36.5234,56.9336
351676,35.3516,55.4688
353436,35.1563,56.8359
355204,35.8398,58.3984
356984,35.5469,55.6641
358772,34.5703,55.5664
360568,37.1094,55.1758
362372,35.7422,55.9570
364184,34.1797,56.2500
366008,34.9609,57.1289
367840,34.8633,56.0547
369680,34.6680,57.2266
371532,34.9609,56.7383
373392,35.4492,59.0820
375260,35.3516,57.3242
377140,36.2305,66.3086
379028,34.3750,54.0039
380924,35.8398,55.6641
382832,35.9375,57.3242
384748,35.5469,56.3477
386672,35.1563,58.0078
388608,34.6680,56.9336
390552,34.5703,56.1523
392508,33.5938,55.2734
394472,35.1563,56.0547
396448,34.4727,56.0547
398432,35.2539,55.5664
400428,35.3516,60.8398
402432,36.3281,58.3984
404448,34.7656,56.2500
406472,35.7422,56.7383
408508,33.9844,57.3242
410552,34.6680,56.1523
412608,35.7422,55.7617
414672,35.7422,58.8867
416748,35.5469,56.2500
418832,35.5469,57.1289
420928,34.7656,56.3477
423036,35.3516,57.1289
425152,35.2539,56.4453
427280,35.9375,57.1289
429420,35.8398,58.8867
431568,35.8398,56.5430
433728,35.7422,57.7148
435900,34.4727,55.7617
438080,35.5469,56.7383
440272,34.9609,56.3477
442476,35.4492,57.0313
444692,35.5469,60.4492
446916,34.1797,55.5664
449152,36.2305,58.6914
451400,35.9375,57.2266
453660,36.3281,58.1055
455932,35.8398,55.9570
458212,35.8398,58.3984
460504,36.8164,60.9375
462808,35.5469,57.9102
465124,35.6445,57.1289
467452,36.2305,58.6914
469792,34.4727,56.1523
472144,35.6445,57.5195
474508,37.5977,60.8398
476884,36.7188,60.7422
479272,37.8906,64.8438
481672,36.7188,59.7656
484084,36.1328,60.9375
486508,36.3281,57.5195
488944,35.7422,59.5703
491392,37.1094,64.9414
493852,37.6953,59.5703
496324,37.5000,62.2070
498808,37.1094,60.3516
501304,36.3281,60.2539
503812,36.8164,61.4258
506332,37.2070,60.0586
508864,39.2578,60.1563
511412,37.3047,62.4023
513972,37.7930,61.8164
516544,36.4258,60.9375
519128,35.6445,60.6445
521724,35.8398,59.5703
524336,49.6094,69.4336
526960,42.0898,62.5000
529596,41.6992,61.8164
532244,41.0156,60.1563
534908,41.6016,60.3516
537584,41.4063,60.6445
540272,41.5039,62.4023
542976,42.6758,62.6953
545692,40.9180,59.5703
548424,40.5273,61.4258
551168,40.0391,60.4492
553924,42.6758,63.0859
556696,41.4063,60.6445
559480,43.8477,59.9609
562280,40.6250,60.9375
565092,42.3828,60.8398
567920,41.8945,61.5234
570760,41.6992,62.0117
573616,40.9180,61.8164
576488,41.4063,62.5000
579372,41.9922,63.0859
582272,42.0898,62.4023
585184,41.0156,61.5234
588112,40.8203,61.8164
591056,39.9414,59.9609
594012,41.4063,62.9883
596984,42.0898,70.8984
599972,40.8203,60.6445
602972,42.6758,61.9141
605988,42.3828,61.1328
609020,41.5039,61.3281
612068,41.5039,62.2070
615132,41.7969,61.7188
618208,41.6992,63.3789
621300,41.9922,63.6719
624408,41.9922,63.2813
627532,42.4805,63.4766
630672,41.6016,62.8906
633828,43.7500,65.0391
637000,41.2109,60.6445
640188,42.1875,63.0859
643392,43.0664,64.0625
646612,43.6523,64.9414
649848,42.2852,62.5977
653100,43.1641,60.3516
656368,43.0664,63.5742
659652,42.5781,63.3789
662952,41.6992,62.3047
666268,41.9922,63.8672
669600,42.4805,63.5742
672948,50.1953,65.1367
676316,43.1641,64.0625
679700,42.5781,62.5977
683100,42.4805,62.6953
686516,42.1875,63.7695
689952,42.8711,64.7461
693404,43.0664,62.3047
696872,42.7734,63.9648
700360,43.2617,63.9648
703864,41.7969,64.4531
707384,42.1875,63.8672
710924,44.9219,63.7695
714480,40.9180,60.9375
718056,40.1367,59.9609
721648,40.0391,61.0352
725260,40.8203,61.5234
728888,40.8203,63.2813
732536,40.0391,62.7930
736200,45.8984,72.9492
739884,40.8203,61.8164
743584,41.0156,62.6953
747304,40.9180,62.1094
751044,39.7461,62.8906
754800,39.8438,64.8438
758576,41.3086,62.1094
762372,40.0391,61.4258
766184,40.6250,61.2305
770016,41.8945,63.0859
773868,41.5039,63.9648
777740,41.6016,70.1172
781632,41.4063,61.9141
785544,40.8203,61.8164
789472,40.5273,62.3047
793420,41.3086,63.5742
797388,40.7227,63.1836
801376,42.1875,66.6992
805384,40.6250,62.6953
809412,40.9180,62.9883
813460,41.7969,63.8672
817528,40.3320,63.6719
821616,40.6250,62.7930
825728,41.7969,65.3320
829860,41.6992,64.4531
834012,41.1133,62.8906
838184,41.5039,62.7930
842376,40.6250,61.7188
846588,40.8203,63.5742
850824,41.9922,65.9180
855080,41.6016,64.2578
859356,41.9922,64.6484
863656,42.5781,64.2578
867976,41.4063,65.6250
872316,41.4063,64.0625
876680,41.5039,65.0391
881064,41.1133,64.1602
885472,40.5273,64.0625
889900,41.6016,64.9414
894352,43.0664,65.4297
898824,42.8711,64.9414
903320,48.4375,63.8672
907840,41.9922,66.3086
912380,41.0156,62.6953
916944,42.0898,65.8203
921532,42.3828,66.3086
926140,41.5039,69.4336
930772,42.9688,65.9180
935428,41.3086,65.0391
940108,42.5781,66.0156
944812,41.7969,65.5273
949540,42.6758,66.3086
954288,45.0195,66.2109
959060,40.3320,64.1602
963856,41.9922,65.8203
968676,42.2852,64.5508
973520,42.0898,65.5273
978388,42.0898,67.1875
983280,42.3828,67.4805
988200,42.9688,67.3828
993144,41.7969,65.4297
998112,42.6758,67.3828
1003104,41.6992,64.9414
1008120,42.0898,68.3594
1013164,41.6016,64.7461
1018232,42.0898,67.2852
1023324,43.8477,70.1172
1028444,42.5781,67.0898
1033588,43.1641,66.9922
1038756,45.8984,67.6758
1043952,42.7734,67.7734
1049172,49.2188,68.7500
1054420,48.1445,68.6523
1059696,46.2891,64.1602
1064996,48.5352,87.0117
1070324,60.4492,72.0703
1075676,48.1445,68.4570
1081056,46.6797,67.4805
1086464,48.1445,78.6133
1091900,46.6797,67.5781
1097360,47.3633,69.2383
1102848,47.4609,69.7266
1108364,47.3633,68.4570
1113908,47.2656,71.5820
1119480,45.8984,66.6992
1125080,48.3398,70.0195
1130708,47.8516,68.2617
1136364,47.6563,68.0664
1142048,47.9492,68.4570
1147760,47.0703,67.4805
1153500,47.4609,66.4063
1159268,46.7773,67.1875
1165068,50.0977,69.9219
1170896,47.4609,69.0430
1176752,54.2969,71.5820
1182636,47.2656,68.6523
1188552,48.2422,69.4336
1194496,47.5586,70.0195
1200472,48.0469,68.1641
1206476,48.5352,70.9961
1212512,49.1211,69.8242
1218576,47.4609,69.2383
1224672,47.5586,68.8477
1230796,47.1680,69.0430
1236952,47.8516,71.4844
1243140,47.2656,70.0195
1249356,48.1445,69.3359
1255604,48.4375,71.5820
1261884,50.1953,70.6055
1268196,47.4609,72.5586
1274540,47.9492,69.0430
1280916,47.2656,69.8242
1287324,47.7539,69.0430
1293764,48.5352,71.5820
1300236,58.5938,74.6094
1306740,48.3398,69.4336
1313276,47.9492,70.2148
1319844,48.8281,70.2148
1326444,47.6563,70.6055
1333080,49.4141,74.2188
1339748,48.7305,70.2148
1346448,48.1445,73.3398
1353184,48.2422,71.8750
1359952,48.5352,71.2891
1366752,48.7305,72.5586
1373588,47.1680,70.5078
1380456,47.0703,70.3125
1387360,49.7070,72.1680
1394300,49.2188,72.4609
1401272,49.0234,74.1211
1408280,49.3164,72.3633
1415324,48.0469,71.9727
1422404,49.3164,70.1172
1429520,49.1211,72.1680
1436668,48.3398,73.6328
1443852,49.2188,70.2148
1451072,49.5117,72.1680
1458328,50.1953,73.3398
1465620,49.0234,71.5820
1472952,49.4141,73.3398
1480320,50.6836,73.2422
1487724,48.2422,68.4570
1495164,50.0977,72.8516
1502640,48.6328,72.1680
1510156,48.9258,72.1680
1517708,49.7070,71.1914
1525300,51.3672,73.4375
1532928,48.6328,70.9961
1540596,49.1211,77.1484
1548300,51.9531,73.4375
1556044,50.2930,75.8789
1563828,49.0234,72.9492
1571648,50.6836,73.5352
1579508,50.0977,72.1680
1587408,68.3594,75.5859
1595348,50.9766,74.7070
1603328,64.1602,78.6133
1611348,55.7617,75.1953
1619408,51.8555,74.2188
1627508,49.6094,73.1445
1635648,50.9766,74.4141
1643828,50.2930,75.6836
1652048,49.6094,72.9492
1660312,50.6836,72.7539
1668616,50.1953,73.4375
1676960,51.8555,74.9023
1685348,56.3477,75.7813
1693776,50.5859,74.1211
1702248,50.1953,73.4375
1710760,49.2188,73.2422
1719316,52.8320,76.9531
1727916,51.9531,75.0977
1736556,50.1953,75.4883
1745240,48.6328,72.2656
1753968,51.1719,74.6094
1762740,50.4883,76.9531
1771556,50.2930,72.3633
1780416,50.6836,75.5859
1789320,50.8789,79.1992
1798268,55.7617,74.1211
1807260,56.4453,75.5859
1816300,49.9023,71.6797
1825384,51.8555,76.4648
1834512,50.6836,76.4648
1843688,50.8789,75.2930
1852908,50.3906,74.2188
1862176,53.2227,78.9063
1871488,51.1719,74.9023
1880848,50.3906,74.3164
1890256,52.3438,78.3203
1899708,50.3906,74.4141
1909208,50.8789,76.2695
1918756,49.4141,75.0000
1928352,50.7813,75.6836
1937996,51.3672,77.0508
1947688,50.9766,75.1953
1957428,51.4648,75.2930
1967216,50.6836,75.2930
1977056,50.2930,75.1953
1986944,50.0000,74.3164
1996880,50.7813,75.6836
2006868,50.5859,74.3164
2016904,52.2461,77.7344
2026992,55.0781,80.0781
2037128,51.0742,77.8320
2047316,51.6602,75.0977
2057556,52.1484,78.3203
2067844,52.1484,76.6602
2078184,51.9531,82.4219
2088576,51.4648,83.8867
2099020,59.9609,81.8359
2109516,56.7383,77.8320
2120064,62.0117,78.1250
2130668,61.7188,82.2266
2141324,57.0313,80.7617
2152032,56.3477,76.4648
2162796,56.3477,79.3945
2173612,56.4453,76.1719
2184484,55.6641,76.7578
2195408,55.5664,75.3906
2206388,56.2500,77.6367
2217420,55.3711,76.2695
2228508,55.1758,75.2930
2239652,62.5000,77.2461
2250852,56.5430,78.4180
2262108,57.1289,78.2227
2273420,55.3711,75.9766
2284788,58.9844,80.4688
2296212,56.4453,78.6133
2307696,57.5195,77.4414
2319236,56.2500,76.9531
2330836,57.3242,80.3711
2342492,57.4219,78.9063
2354208,53.5156,74.3164
2365980,56.4453,77.9297
2377812,55.6641,78.4180
2389704,55.5664,75.2930
2401656,98.9258,84.4727
2413668,60.2539,79.5898
2425740,57.8125,78.4180
2437872,60.1563,81.6406
2450064,55.7617,78.8086
2462316,57.6172,80.2734
2474628,57.9102,79.1992
2487004,58.9844,77.7344
2499440,57.1289,79.0039
2511940,56.0547,77.5391
2524500,56.5430,77.8320
2537124,58.9844,78.3203
2549812,58.2031,80.5664
2562564,55.7617,80.2734
2575380,56.2500,79.5898
2588260,59.2773,78.5156
2601204,57.7148,79.5898
2614212,56.4453,76.8555
2627284,57.5195,79.1016
2640424,59.5703,79.3945
2653628,57.8125,80.6641
2666900,56.1523,78.9063
2680236,56.7383,79.2969
2693640,60.5469,78.7109
2707112,56.5430,78.5156
2720648,67.9688,83.6914
2734252,57.3242,81.1523
2747924,57.1289,79.3945
2761664,56.4453,78.3203
2775476,57.4219,78.7109
2789356,56.6406,78.7109
2803304,58.3984,83.7891
2817324,55.7617,79.0039
2831412,56.9336,79.8828
2845572,57.3242,81.7383
2859800,58.3008,83.7891
2874100,57.2266,78.8086
2888472,56.0547,79.5898
2902916,55.7617,80.0781
2917432,56.7383,79.1992
2932020,56.7383,79.6875
2946684,58.7891,83.1055
2961420,57.3242,81.5430
2976228,58.5938,82.7148
2991112,58.0078,80.4688
3006068,56.4453,79.1992
3021100,68.8477,86.0352
3036208,58.4961,81.5430
3051392,58.6914,82.1289
3066652,56.9336,81.3477
3081988,57.7148,80.8594
3097400,58.8867,86.6211
3112888,59.8633,83.3984
3128456,58.0078,86.0352
3144100,62.4023,84.7656
3159824,58.3984,82.9102
3175624,58.1055,85.5469
3191504,56.9336,81.8359
3207464,59.8633,83.9844
3223504,57.8125,82.2266
3239624,58.3008,80.7617
3255824,58.4961,82.9102
3272104,58.4961,82.7148
3288468,58.3008,85.0586
3304912,57.2266,80.7617
3321440,58.0078,82.2266
3338048,58.7891,82.6172
3354740,61.0352,82.8125
3371516,57.7148,81.8359
3388376,58.9844,81.4453
3405320,58.3984,82.6172
3422348,59.0820,84.3750
3439460,58.4961,82.1289
3456660,58.3008,80.2734
3473944,58.8867,83.8867
3491316,58.2031,85.7422
3508776,59.9609,85.3516
3526320,58.3984,86.7188
3543952,62.2070,83.5938
3561672,58.5938,83.3008
3579484,58.5938,84.2773
3597384,116.3086,96.5820
3615372,83.2031,84.4727
3633452,59.8633,84.5703
3651620,61.3281,86.9141
3669880,66.2109,87.5977
3688232,58.0078,81.2500
3706676,59.0820,81.8359
3725212,60.6445,87.1094
3743840,58.5938,83.5938
3762560,59.2773,82.9102
3781376,59.6680,83.4961
3800284,59.8633,85.5469
3819288,59.4727,84.0820
3838388,60.8398,86.3281
3857580,59.3750,84.6680
3876868,58.7891,86.0352
3896256,58.3984,82.8125
3915740,61.0352,90.9180
3935320,60.8398,85.1563
3955000,58.9844,83.8867
3974776,59.2773,84.0820
3994652,59.8633,82.8125
4014628,60.3516,85.1563
4034704,59.3750,85.8398
4054880,61.0352,87.0117
4075156,59.2773,85.2539
4095532,60.6445,87.8906
4116012,58.5938,84.7656
4136596,58.6914,85.8398
4157280,59.2773,85.5469
4178068,61.0352,87.5000
4198960,66.0156,88.0859
4219956,65.8203,90.5273
4241056,65.4297,88.2813
4262264,67.2852,86.1328
4283576,63.7695,88.3789
4304996,63.5742,84.7656
4326524,68.1641,87.7930
4348160,72.4609,85.8398
4369904,63.2813,86.2305
4391756,64.3555,85.4492
4413716,65.3320,87.9883
4435788,65.4297,86.8164
4457968,65.4297,88.5742
4480260,64.8438,86.2305
4502664,66.6992,88.3789
4525180,66.6016,91.2109
4547808,64.7461,87.5977
4570548,65.7227,87.1094
4593404,64.0625,88.5742
4616372,65.2344,86.1328
4639456,65.8203,87.1094
4662656,63.6719,84.1797
4685972,63.3789,85.2539
4709404,65.0391,87.3047
4732952,65.5273,87.5000
4756620,63.9648,86.9141
4780404,65.5273,88.6719
4804308,64.4531,88.9648
4828332,66.6992,91.0156
4852476,64.5508,87.1094
4876740,64.4531,87.6953
4901124,64.9414,88.4766
4925632,65.0391,88.9648
4950264,62.8906,83.8867
4975016,65.8203,89.4531
4999892,64.1602,86.1328
5024892,64.7461,90.0391
5050020,65.2344,87.3047
5075272,65.6250,88.9648
5100652,66.1133,91.6992
5126156,67.4805,89.9414
5151788,64.5508,88.3789
5177548,65.4297,91.5039
5203436,65.1367,87.1094
5229456,66.6016,89.8438
5255604,66.5039,91.6016
5281884,65.6250,88.6719
5308296,63.1836,85.2539
5334840,65.6250,89.9414
5361516,66.9922,89.9414
5388324,65.1367,87.1094
5415268,75.4883,95.4102
5442348,69.0430,87.2070
5469560,67.8711,91.5039
5496908,66.4063,88.9648
5524396,66.4063,91.0156
5552020,64.2578,88.3789
5579784,65.0391,87.5000
5607684,66.0156,93.6523
5635724,65.8203,90.5273
5663904,66.8945,89.2578
5692224,68.9453,90.3320
5720688,65.9180,91.1133
5749292,66.3086,88.9648
5778040,74.0234,90.4297
5806932,69.8242,90.0391
5835968,67.4805,90.9180
5865148,67.1875,92.5781
5894476,66.1133,91.6016
5923952,65.9180,91.2109
5953572,65.6250,91.8945
5983340,66.5039,90.2344
6013260,66.9922,90.7227
6043328,66.0156,91.6016
6073548,64.9414,89.0625
6103916,67.6758,92.4805
6134436,65.4297,87.9883
6165112,66.2109,98.7305
6195940,66.3086,90.0391
6226920,65.0391,89.7461
6258056,70.1172,94.9219
6289348,66.4063,89.6484
6320796,66.0156,94.6289
6352400,66.5039,89.3555
6384164,67.4805,91.9922
6416088,64.7461,88.4766
6448172,65.7227,90.6250
6480416,65.6250,90.1367
6512820,66.7969,92.8711
6545388,66.2109,90.8203
6578116,65.3320,90.6250
6611008,66.9922,91.6016
6644064,66.3086,91.3086
6677288,70.1172,91.3086
6710676,68.6523,91.7969
6744232,65.4297,92.4805
6777956,68.6523,92.8711
6811848,66.6016,91.9922
6845908,68.2617,92.4805
6880140,64.5508,90.7227
6914544,69.2383,97.4609
6949120,66.6992,91.8945
6983868,66.3086,90.8203
7018788,66.8945,92.9688
7053884,66.8945,92.4805
7089156,68.2617,93.4570
7124604,70.1172,94.9219
7160228,66.7969,93.8477
7196032,69.3359,92.2852
7232016,68.1641,93.2617
7268180,66.6016,103.2227
7304524,68.2617,94.9219
7341048,69.6289,96.7773
7377756,69.1406,91.2109
7414648,68.1641,93.0664
7451724,66.6992,94.8242
7488984,67.3828,93.9453
7526432,67.8711,94.9219
7564068,68.6523,90.7227
7601892,68.1641,92.5781
7639904,67.2852,93.1641
7678104,66.0156,91.9922
7716496,66.0156,93.6523
7755080,69.8242,93.8477
7793856,66.8945,92.0898
7832828,69.8242,92.0898
7871996,68.2617,94.6289
7911356,67.2852,92.7734
7950916,67.3828,92.8711
7990672,66.9922,91.9922
8030628,67.7734,96.0938
8070784,66.7969,91.4063
8111140,66.9922,92.0898
8151696,68.1641,96.4844
8192456,71.6797,93.9453
8233420,68.1641,97.0703
8274588,67.3828,94.7266
8315964,67.2852,93.2617
8357544,69.5313,96.6797
8399332,72.1680,96.1914
8441332,75.0977,95.5078
8483540,70.8984,92.8711
8525960,73.2422,95.8984
8568592,75.3906,97.0703
8611436,70.8984,95.9961
8654496,74.7070,95.3125
8697772,72.1680,99.1211
8741264,71.0938,93.9453
8784972,74.1211,95.8984
8828900,71.8750,93.2617
8873048,72.6563,92.2852
8917416,74.9023,94.0430
8962004,74.1211,96.5820
9006816,75.0977,97.5586
9051852,73.4375,97.2656
9097112,74.4141,95.8008
9142600,72.5586,95.0195
9188316,73.5352,97.5586
9234260,70.1172,91.5039
9280432,74.4141,95.8984
9326836,74.3164,95.9961
9373472,70.8008,96.7773
9420340,72.0703,94.9219
9467444,71.6797,94.2383
9514784,74.3164,97.4609
9562360,73.6328,94.3359
9610172,74.6094,98.0469
9658224,72.9492,95.3125
9706516,76.6602,98.3398
9755052,73.0469,94.0430
9803828,76.6602,96.1914
9852848,73.1445,94.8242
9902116,77.5391,100.7813
9951628,72.6563,96.2891
10001388,79.1992,99.0234
10051396,72.1680,94.6289
10101656,73.4375,97.0703
10152168,73.6328,96.2891
10202932,74.6094,98.9258
10253948,74.2188,98.2422
10305220,73.9258,97.0703
10356748,72.2656,94.8242
10408532,76.9531,95.7031
10460576,72.5586,96.4844
10512880,77.5391,95.5078
10565448,73.4375,95.6055
10618276,75.7813,95.4102
10671368,74.5117,97.9492
10724728,77.0508,99.2188
10778352,75.0000,98.3398
10832244,74.1211,97.6563
10886408,77.4414,102.3438
10940844,72.8516,96.1914
10995552,72.5586,95.8008
11050532,72.4609,95.5078
11105788,73.6328,97.2656
11161320,75.9766,99.1211
11217128,71.9727,98.1445
11273216,75.7813,98.6328
11329584,72.0703,98.8281
11386232,73.2422,99.2188
11443164,77.3438,102.0508
11500380,73.7305,105.1758
11557884,73.7305,98.8281
11615676,72.6563,96.0938
11673756,75.4883,96.0938
11732128,74.4141,98.2422
11790792,74.1211,98.2422
11849748,75.0000,98.8281
11909000,73.4375,97.5586
11968548,74.5117,99.6094
12028392,76.1719,99.9023
12088536,74.6094,98.6328
12148980,100.9766,102.1484
12209728,75.5859,101.8555
12270780,75.8789,99.0234
12332136,73.6328,96.9727
12393800,75.4883,98.4375
12455772,75.0977,97.2656
12518052,73.2422,97.4609
12580644,76.4648,99.7070
12643548,74.8047,100.6836
12706768,72.9492,96.4844
12770304,78.9063,100.9766
12834156,72.4609,97.6563
12898328,75.1953,101.4648
12962820,72.7539,97.2656
13027636,74.3164,100.2930
13092776,75.8789,99.8047
13158240,77.1484,97.8516
13224032,74.1211,97.4609
13290156,75.6836,103.0273
13356608,74.5117,100.1953
13423392,73.5352,97.5586
13490512,73.1445,96.1914
13557968,75.7813,100.2930
13625760,74.0234,95.9961
13693892,75.5859,102.7344
13762364,76.4648,102.8320
13831176,75.3906,102.1484
13900332,72.8516,95.4102
13969836,74.9023,100.3906
14039688,74.4141,99.9023
14109888,76.2695,100.8789
14180440,76.4648,100.1953
14251344,73.9258,97.9492
14322604,76.3672,102.8320
14394220,75.3906,99.8047
14466192,76.8555,101.0742
14538524,75.9766,100.2930
14611220,72.4609,100.3906
14684280,75.8789,105.1758
14757704,75.2930,99.8047
14831496,75.9766,102.8320
14905656,77.1484,100.4883
14980188,73.5352,98.3398
15055092,76.5625,101.8555
15130368,77.5391,104.0039
15206020,74.4141,100.5859
15282052,75.9766,98.0469
15358464,74.5117,101.9531
15435260,76.3672,105.7617
15512440,75.8789,101.0742
15590004,91.1133,99.9023
15667956,76.2695,104.1016
15746296,74.5117,99.1211
15825028,78.4180,102.3438
15904156,75.5859,104.0039
15983680,77.1484,104.8828
16063600,77.2461,102.4414
16143920,77.6367,104.6875
16224640,76.5625,101.9531
16305764,75.3906,100.1953
16387296,77.9297,106.4453
16469236,76.2695,101.8555
16551584,75.1953,101.8555
16634344,77.4414,101.7578
16717516,76.9531,102.2461
16801104,95.9961,103.5156
16885112,84.8633,103.2227
16969540,82.6172,104.8828
17054388,81.4453,106.4453
17139660,81.1523,101.5625
17225360,81.7383,104.0039
17311488,83.2031,108.4961
17398048,83.3008,105.5664
17485040,99.1211,103.7109
17572468,81.7383,103.8086
17660332,82.0313,107.5195
17748636,82.2266,104.5898
17837380,80.8594,104.5898
17926568,81.1523,104.8828
18016204,83.7891,111.1328
18106288,83.3008,107.4219
18196820,82.2266,105.5664
18287808,103.4180,105.0781
18379248,82.9102,106.0547
18471148,82.2266,108.1055
18563504,81.9336,105.7617
18656324,82.8125,107.1289
18749608,85.6445,112.5977
18843360,82.7148,105.8594
18937580,83.6914,105.3711
19032268,83.3008,107.9102
19127432,80.8594,102.7344
19223072,80.5664,102.2461
19319188,82.3242,106.3477
19415784,82.0313,107.7148
19512864,81.0547,109.4727
19610432,79.1992,102.6367
19708488,84.0820,105.2734
19807032,82.3242,106.6406
19906068,82.8125,107.1289
20005600,83.3984,109.1797
20105628,79.6875,102.9297
20206160,81.8359,104.4922
20307192,80.4688,105.0781
20408728,83.2031,107.3242
20510772,83.9844,108.6914
20613328,85.7422,112.2070
20716396,80.3711,104.6875
20819980,84.1797,110.0586
20924080,89.4531,110.3516
21028704,84.0820,104.4922
21133848,82.1289,105.5664
21239520,84.8633,109.0820
21345720,82.9102,131.2500
21452452,85.4492,109.5703
21559716,82.4219,105.2734
21667516,82.8125,105.4688
21775856,84.1797,107.7148
21884736,85.6445,108.4961
21994160,81.6406,108.1055
22104132,82.7148,106.4453
22214656,85.1563,113.7695
22325732,83.2031,106.7383
22437364,85.5469,110.0586
22549552,82.4219,109.2773
22662300,85.9375,111.2305
22775612,82.0313,105.8594
22889492,86.2305,109.2773
23003940,84.7656,110.1563
23118960,89.8438,123.9258
23234556,83.9844,111.3281
23350732,82.4219,112.0117
23467488,83.7891,110.8398
23584828,84.9609,109.0820
23702756,82.0313,107.5195
23821272,82.9102,114.3555
23940380,84.9609,109.3750
24060084,83.3008,110.4492
24180388,84.9609,110.4492
24301292,83.9844,109.9609
24422800,83.7891,111.1328
24544916,84.3750,108.7891
24667644,94.4336,114.5508
24790984,86.9141,106.8359
24914940,89.3555,111.2305
25039516,85.0586,113.1836
25164716,88.7695,111.9141
25290540,85.3516,113.1836
25416996,92.7734,112.3047
25544084,88.8672,110.8398
25671808,89.7461,110.1563
25800168,85.8398,112.2070
25929172,85.6445,112.8906
26058820,85.1563,111.1328
26189116,93.7500,114.1602
26320064,93.6523,123.2422
26451668,98.3398,113.4766
26583928,86.0352,114.5508
26716848,90.7227,122.4609
26850436,113.9648,119.3359
26984692,99.8047,115.4297
27119616,93.7500,114.3555
27255216,95.4102,113.9648
27391496,144.4336,138.8672
27528456,139.2578,136.2305
27666100,126.4648,129.5898
27804432,108.2031,123.5352
27943456,111.0352,132.1289
28083176,105.1758,115.6250
28223592,102.2461,122.2656
28364712,101.9531,122.5586
28506536,105.7617,132.0313
28649072,119.9219,125.9766
28792320,101.8555,120.9961
28936284,99.2188,118.1641
29080968,112.5977,125.2930
29226376,111.4258,126.4648
29372508,108.3008,129.7852
29519372,103.3203,139.1602
29666972,115.2344,134.1797
29815308,104.1016,119.2383
29964388,100.1953,117.3828
30114212,98.4375,129.9805
30264784,107.2266,122.0703
30416108,103.4180,122.0703
30568192,101.6602,123.2422
30721036,118.7500,123.7305
30874644,111.1328,127.7344
31029020,103.8086,133.8867
31184168,103.5156,120.0195
31340092,115.1367,124.6094
31496796,110.9375,126.8555
31654280,109.6680,136.2305
31812552,137.7930,139.3555
31971616,130.6641,133.8867
32131476,123.0469,148.1445
32292136,131.7383,136.6211
32453600,121.6797,146.5820
32615868,116.6016,133.7891
32778948,116.8945,127.6367
32942844,116.2109,132.1289
33107560,111.5234,132.0313
33273100,137.6953,145.4102
33439468,121.7773,141.0156
33606668,120.4102,131.7383
33774704,139.6484,156.5430
33943580,125.0977,138.3789
34113300,129.9805,157.2266
34283868,132.0313,138.5742
34455288,128.9063,142.1875
34627568,145.8984,144.2383
34800708,126.9531,138.2813
34974712,120.1172,136.6211
35149588,129.9805,143.2617
35325336,128.0273,141.8945
35501964,137.1094,170.1172
35679476,141.7969,146.0938
35857876,129.1016,145.5078
36037168,168.3594,152.8320
36217356,142.2852,148.8281
36398444,134.3750,254.1016
36580440,150.6836,158.1055
36763344,140.1367,195.4102
36947164,143.9453,150.4883
37131900,140.7227,149.4141
37317560,150.1953,158.2031
37504148,141.0156,146.8750
37691672,139.7461,173.8281
37880132,155.3711,153.3203
38069536,148.6328,182.4219
38259884,155.8594,160.5469
38451184,158.1055,189.4531
38643440,155.3711,165.3320
38836660,147.0703,185.8398
39030844,157.9102,158.3008
39226000,146.2891,182.0313
39422132,216.7969,188.7695
39619244,174.8047,185.9375
39817344,172.0703,177.0508
40016432,177.4414,185.6445
40216516,168.6523,173.4375
40417600,190.0391,176.0742
40619688,165.3320,170.8984
40822788,169.9219,163.1836
41026904,233.0078,218.3594
41232040,213.6719,205.0781
41438204,217.3828,198.5352
41645396,224.7070,184.9609
41853624,183.6914,195.3125
42062896,197.1680,185.1563
42273212,167.8711,179.9805
42484580,179.1992,173.1445
42697004,192.0898,175.3906
42910492,184.5703,194.9219
43125048,185.5469,185.2539
43340676,170.8984,172.9492
43557380,174.1211,181.1523
43775168,175.5859,174.3164
43994044,168.9453,192.7734
44214016,171.2891,202.3438
44435088,206.1523,187.7930
44657264,191.6016,188.0859
44880552,176.3672,178.4180
45104956,201.2695,186.3281
45330484,169.2383,177.9297
45557140,182.4219,185.0586
45784928,169.0430,202.2461
46013856,188.0859,187.5000
46243928,233.8867,185.7422
46475148,184.4727,204.6875
46707524,189.1602,183.4961
46941064,199.1211,195.2148
47175772,187.5000,197.4609
47411652,189.2578,195.3125
47648712,197.5586,191.2109
47886956,217.9688,198.1445
48126392,194.5313,199.8047
48367024,191.7969,216.4063
48608860,199.9023,192.6758
48851908,212.4023,189.5508
49096168,182.8125,273.1445
49341652,195.4102,187.9883
49588364,196.7773,198.1445
49836308,193.4570,273.5352
50085492,206.4453,208.5938
50335920,208.4961,211.0352
50587600,211.0352,211.9141
50840540,235.9375,205.4688
51094744,244.4336,213.3789
51350220,209.1797,209.1797
51606972,200.8789,201.3672
51865008,197.7539,192.6758
52124336,195.8008,197.8516
52384960,188.2813,214.9414
52646888,212.2070,212.7930
52910124,272.5586,199.4141
53174676,209.8633,207.2266
53440552,199.5117,228.2227
53707756,257.3242,217.3828
53976296,221.0938,238.2813
54246180,208.5938,213.7695
54517412,217.7734,235.4492
54790000,209.6680,206.7383
55063952,219.9219,217.1875
55339272,217.1875,208.9844
55615972,243.9453,239.7461
55894052,380.9570,228.8086
56173524,241.6016,224.5117
56454392,240.5273,238.4766
56736664,230.9570,215.7227
57020348,253.7109,270.3125
57305452,219.9219,215.8203
57591980,232.8125,221.9727
57879940,220.0195,213.3789
58169340,225.2930,214.6484
58460188,234.2773,217.2852
58752492,237.8906,219.6289
59046256,298.7305,217.4805
59341488,246.9727,239.2578
59638196,250.0977,227.1484
59936388,232.4219,215.6250
60236072,244.1406,221.0938
60537256,236.8164,223.8281
60839944,269.3359,285.8398
61144144,243.7500,235.6445
61449868,275.1953,248.9258
61757120,262.3047,238.0859
62065908,259.6680,235.2539
62376240,243.4570,235.1563
62688124,242.6758,230.5664
63001568,239.4531,259.6680
63316576,240.0391,265.8203
63633160,234.6680,243.7500
63951328,236.8164,240.2344
64271088,263.8672,261.4258
64592444,237.2070,290.5273
64915408,272.9492,235.2539
65239988,241.6992,235.2539
65566188,249.2188,240.2344
65894020,245.2148,282.1289
66223492,271.6797,270.7031
66554612,298.5352,239.8438
66887388,257.9102,236.7188
