4,1.2695,1.6602
8,2.1484,3.5156
12,2.7344,4.0039
16,2.3438,4.8828
20,3.0273,4.2969
24,3.1250,4.0039
28,3.1250,5.2734
32,3.1250,6.1523
36,3.9063,5.1758
40,3.6133,5.0781
44,3.8086,5.4688
48,3.9063,4.8828
52,3.6133,5.5664
56,3.9063,5.5664
60,3.7109,5.7617
64,4.0039,6.7383
68,4.2969,5.7617
72,4.7852,6.6406
76,4.8828,7.0313
80,4.1016,7.2266
84,4.1016,6.2500
88,4.2969,7.2266
92,4.6875,6.9336
96,4.7852,6.4453
100,5.1758,7.5195
104,4.4922,6.1523
108,4.2969,7.2266
112,4.4922,6.5430
116,4.4922,6.1523
120,4.9805,7.1289
124,4.3945,7.2266
128,4.8828,7.4219
132,5.1758,7.1289
136,5.2734,7.8125
140,5.4688,7.3242
144,5.3711,7.7148
148,5.2734,7.5195
152,67.4805,8.3008
156,5.1758,30.4688
160,5.4688,7.4219
164,5.2734,6.7383
168,5.1758,6.8359
172,5.5664,7.6172
176,5.3711,7.2266
180,5.2734,7.9102
184,5.1758,7.6172
188,5.2734,7.0313
192,5.2734,7.5195
196,5.2734,7.1289
200,5.3711,7.5195
204,5.1758,8.0078
208,5.2734,8.0078
212,5.3711,7.8125
216,5.2734,7.8125
220,5.1758,7.7148
224,5.2734,7.2266
228,5.3711,7.0313
232,5.1758,8.1055
236,5.3711,9.0820
240,5.2734,8.5938
244,5.1758,12.3047
248,5.1758,8.3008
252,5.2734,8.4961
256,5.2734,8.7891
260,6.2500,8.8867
264,6.1523,8.9844
268,6.1523,8.3984
272,6.2500,8.3008
276,6.1523,8.5938
280,6.2500,8.4961
284,6.1523,8.2031
288,6.1523,9.0820
292,6.1523,8.4961
296,6.1523,9.0820
300,6.1523,8.4961
304,6.1523,8.3984
308,6.1523,8.3008
312,6.1523,7.7148
316,6.1523,8.6914
320,6.1523,8.2031
324,6.2500,8.6914
328,6.1523,9.1797
332,6.3477,9.0820
336,6.2500,8.4961
340,6.3477,8.3008
344,6.3477,9.5703
348,6.1523,8.0078
352,6.4453,8.0078
356,6.2500,8.5938
360,6.2500,8.4961
364,6.1523,8.9844
368,6.3477,8.4961
372,6.1523,9.3750
376,6.1523,8.3008
380,6.1523,8.5938
384,6.1523,8.3984
388,6.1523,8.3984
392,6.2500,9.0820
396,6.2500,8.4961
400,6.1523,8.2031
404,6.1523,8.2031
408,6.1523,8.2031
412,6.2500,9.1797
416,6.3477,8.5938
420,6.2500,8.3984
424,6.3477,9.3750
428,6.1523,9.0820
432,6.2500,10.8398
436,6.2500,8.7891
440,6.1523,9.4727
444,6.2500,8.5938
448,6.3477,8.5938
452,6.1523,8.2031
456,6.1523,8.6914
460,6.3477,8.7891
464,6.4453,8.5938
468,6.3477,8.3984
472,6.2500,8.3008
476,6.1523,9.0820
480,6.2500,9.2773
484,6.2500,8.9844
488,6.2500,8.6914
492,6.3477,8.6914
496,6.1523,8.7891
500,6.1523,8.6914
504,6.2500,9.3750
508,6.1523,8.3008
512,6.2500,10.2539
516,7.0313,9.4727
520,6.9336,9.2773
524,7.0313,9.0820
528,6.9336,10.0586
532,7.3242,9.6680
536,6.8359,9.1797
540,6.7383,9.6680
544,7.0313,8.5938
548,7.0313,9.8633
552,7.0313,9.4727
556,7.1289,10.3516
560,7.0313,8.6914
564,6.8359,8.6914
568,6.9336,9.2773
572,7.1289,8.8867
576,7.2266,9.8633
580,7.1289,9.8633
584,6.7383,9.7656
588,6.9336,9.4727
592,7.1289,8.9844
596,7.2266,8.7891
600,7.4219,9.3750
604,7.0313,9.9609
608,6.8359,9.0820
612,7.0313,9.5703
616,9.9609,8.6914
620,7.1289,9.0820
624,6.7383,9.5703
628,7.2266,9.1797
632,7.1289,9.5703
636,7.1289,9.6680
640,7.0313,9.1797
644,7.3242,11.1328
648,6.9336,9.3750
652,7.2266,9.5703
656,7.0313,9.3750
660,7.1289,9.0820
664,7.3242,9.9609
668,7.1289,10.1563
672,7.3242,10.6445
676,7.0313,9.9609
680,7.2266,9.4727
684,7.0313,9.4727
688,6.8359,9.3750
692,6.8359,9.4727
696,6.8359,10.1563
700,6.8359,9.3750
704,6.9336,9.2773
708,7.4219,9.4727
712,6.9336,9.4727
716,6.8359,9.2773
720,6.9336,9.4727
724,6.6406,9.4727
728,6.7383,9.1797
732,7.0313,9.4727
736,6.9336,9.8633
740,7.3242,9.2773
744,7.0313,9.4727
748,71.2891,10.3516
752,6.9336,9.4727
756,6.8359,8.9844
760,7.0313,10.6445
764,7.1289,10.2539
768,7.0313,10.0586
772,7.0313,9.8633
776,7.1289,9.9609
780,6.8359,9.3750
784,7.1289,9.5703
788,7.2266,12.9883
792,7.3242,84.3750
796,7.2266,9.3750
800,6.9336,9.4727
804,6.9336,9.2773
812,6.7383,10.4492
820,7.0313,10.3516
828,6.9336,8.9844
836,6.8359,9.3750
844,6.8359,9.4727
852,7.3242,9.7656
860,6.8359,9.3750
868,7.1289,9.4727
876,7.1289,10.0586
884,7.1289,10.3516
892,6.8359,9.5703
900,6.9336,10.7422
908,6.8359,8.7891
916,7.2266,9.3750
924,7.0313,9.9609
932,6.8359,10.0586
940,9.7656,13.1836
948,7.1289,9.9609
956,7.0313,10.1563
964,7.3242,10.6445
972,7.0313,10.6445
980,7.2266,10.4492
988,7.2266,9.4727
996,6.7383,10.5469
1004,6.9336,9.1797
1012,6.9336,10.8398
1020,6.9336,9.7656
1028,8.3008,10.0586
1036,8.6914,10.3516
1044,8.6914,10.8398
1052,7.8125,11.2305
1060,7.6172,10.7422
1068,7.4219,9.9609
1076,8.3008,11.7188
1084,7.6172,10.7422
1092,8.0078,10.1563
1100,8.2031,14.4531
1108,8.0078,11.2305
1116,8.4961,11.7188
1124,8.3008,10.5469
1132,8.1055,10.7422
1140,7.6172,11.3281
1148,7.2266,11.2305
1156,7.4219,10.0586
1164,8.1055,10.8398
1172,7.8125,10.2539
1180,7.5195,10.4492
1188,7.7148,11.0352
1196,8.6914,11.4258
1204,8.3984,10.7422
1212,8.3984,10.4492
1220,8.3984,10.5469
1228,8.6914,10.8398
1236,8.4961,10.0586
1244,7.6172,10.6445
1252,7.4219,10.4492
1260,8.5938,10.2539
1268,8.3008,11.7188
1276,7.4219,10.4492
1284,7.6172,11.1328
1292,7.8125,10.6445
1300,8.0078,11.1328
1308,8.0078,10.6445
1316,7.1289,10.2539
1324,7.4219,10.5469
1332,8.4961,10.4492
1340,8.1055,10.0586
1348,7.7148,11.3281
1356,8.3008,10.9375
1364,8.5938,10.5469
1372,8.7891,10.5469
1380,7.6172,10.8398
1388,7.8125,11.0352
1396,8.3008,10.7422
1404,7.4219,10.5469
1412,7.8125,10.8398
1420,8.0078,11.3281
1428,8.1055,10.9375
1436,7.1289,11.1328
1444,8.2031,10.7422
1452,8.0078,11.1328
1460,8.3984,11.5234
1468,8.0078,10.3516
1476,8.1055,10.4492
1484,8.4961,11.1328
1492,8.3008,10.7422
1500,7.5195,10.3516
1508,8.4961,11.3281
1516,7.1289,9.5703
1524,7.9102,10.2539
1532,7.7148,10.3516
1540,7.9102,10.3516
1548,7.7148,11.2305
1556,7.4219,10.4492
1564,7.6172,11.1328
1572,7.3242,11.0352
1580,7.0313,11.2305
1588,7.8125,10.5469
1596,8.2031,10.0586
1604,8.3008,10.7422
1616,10.4492,10.3516
1628,8.3008,11.2305
1640,8.5938,10.5469
1652,7.8125,12.5000
1664,8.5938,10.2539
1676,7.9102,11.1328
1688,8.3008,11.0352
1700,8.3984,9.8633
1712,7.9102,10.7422
1724,7.7148,10.1563
1736,8.0078,11.4258
1748,8.0078,11.8164
1760,7.0313,10.0586
1772,8.1055,11.6211
1784,8.3008,12.0117
1796,7.7148,11.1328
1808,8.1055,10.9375
1820,7.8125,11.2305
1832,8.3008,10.8398
1844,8.2031,10.8398
1856,7.4219,10.0586
1868,8.4961,13.8672
1880,8.2031,10.7422
1892,7.3242,10.1563
1904,8.2031,11.5234
1916,7.8125,10.7422
1928,8.1055,11.3281
1940,8.4961,11.1328
1952,8.3008,11.3281
1964,7.9102,11.2305
1976,7.8125,10.0586
1988,7.6172,10.9375
2000,7.0313,9.4727
2012,8.6914,11.2305
2024,7.2266,10.4492
2036,7.6172,11.4258
2048,8.0078,12.5000
2060,8.6914,12.5000
2072,8.9844,12.4023
2084,9.2773,12.4023
2096,8.9844,11.6211
2108,9.0820,11.9141
2120,8.7891,11.6211
2132,8.9844,12.2070
2144,9.0820,12.8906
2156,9.7656,12.3047
2168,8.5938,11.4258
2180,8.8867,12.2070
2192,8.9844,11.3281
2204,8.8867,11.4258
2216,9.0820,11.6211
2228,8.8867,13.3789
2240,8.6914,11.3281
2252,8.5938,11.3281
2264,8.7891,13.0859
2276,9.1797,11.5234
2288,9.1797,12.3047
2300,9.4727,11.5234
2312,8.6914,11.9141
2324,8.6914,12.2070
2336,8.9844,11.5234
2348,8.9844,11.6211
2360,8.6914,12.0117
2372,9.2773,11.3281
2384,9.0820,11.4258
2396,8.7891,12.3047
2408,8.9844,11.8164
2424,8.8867,10.7422
2440,9.4727,11.5234
2456,8.7891,10.7422
2472,8.7891,12.0117
2488,9.3750,11.3281
2504,8.8867,11.6211
2520,9.2773,12.5000
2536,8.7891,11.8164
2552,8.9844,12.3047
2568,8.6914,11.4258
2584,8.5938,12.0117
2600,9.0820,11.5234
2616,8.7891,12.3047
2632,8.9844,12.2070
2648,8.9844,11.2305
2664,9.3750,12.7930
2680,8.5938,12.1094
2696,9.0820,11.7188
2712,9.4727,11.8164
2728,9.3750,12.8906
2744,9.0820,11.2305
2760,9.1797,11.8164
2776,9.1797,12.4023
2792,9.3750,12.1094
2808,9.6680,12.6953
2824,8.8867,12.2070
2840,8.9844,11.6211
2856,8.7891,11.2305
2872,9.7656,11.0352
2888,9.1797,11.5234
2904,9.3750,12.1094
2920,8.8867,11.7188
2936,9.1797,11.8164
2952,9.3750,12.2070
2968,9.3750,12.3047
2984,9.1797,12.5977
3000,8.9844,11.8164
3016,9.5703,12.0117
3032,8.9844,11.7188
3048,9.5703,12.3047
3064,9.3750,11.7188
3080,9.0820,11.5234
3096,9.1797,11.9141
3112,9.2773,11.7188
3128,9.2773,12.0117
3144,9.1797,11.7188
3160,9.2773,12.3047
3176,8.8867,11.3281
3192,9.0820,12.0117
3208,9.0820,12.1094
3228,8.5938,11.7188
3248,8.4961,12.7930
3268,8.6914,11.8164
3288,9.0820,12.9883
3308,8.9844,11.8164
3328,8.5938,10.9375
3348,9.1797,12.2070
3368,9.2773,11.5234
3388,9.0820,12.5977
3408,9.4727,12.3047
3428,8.9844,12.1094
3448,8.8867,11.8164
3468,9.0820,12.1094
3488,8.8867,11.6211
3508,8.9844,12.7930
3528,8.5938,11.6211
3548,8.9844,12.5000
3568,8.7891,12.6953
3588,8.7891,12.3047
3608,9.3750,13.2813
3628,8.8867,12.3047
3648,9.3750,11.7188
3668,9.2773,12.3047
3688,9.0820,16.5039
3708,9.0820,12.1094
3728,8.8867,12.6953
3748,8.6914,12.7930
3768,9.4727,13.7695
3788,9.0820,13.4766
3808,8.9844,11.5234
3828,8.7891,13.0859
3848,8.7891,12.0117
3868,9.5703,12.5000
3888,8.5938,13.3789
3908,8.9844,12.7930
3928,9.2773,12.5000
3948,8.7891,12.4023
3968,9.0820,13.4766
3988,9.0820,12.8906
4008,8.5938,12.0117
4032,9.0820,11.8164
4056,9.1797,12.0117
4080,8.6914,12.4023
4104,10.1563,16.1133
4128,9.9609,13.5742
4152,10.3516,14.6484
4176,10.1563,13.8672
4200,9.4727,12.9883
4224,9.8633,12.9883
4248,9.8633,13.7695
4272,10.6445,12.9883
4296,10.6445,13.8672
4320,10.3516,12.5000
4344,10.0586,12.5000
4368,10.2539,74.4141
4392,10.1563,13.3789
4416,9.4727,12.6953
4440,10.0586,12.4023
4464,10.0586,13.3789
4488,10.5469,13.6719
4512,9.9609,13.2813
4536,9.8633,12.7930
4560,9.4727,12.8906
4584,10.5469,12.8906
4608,9.5703,11.8164
4632,10.2539,13.2813
4656,9.8633,12.5000
4680,10.1563,13.0859
4704,10.0586,12.7930
4728,10.5469,12.5977
4752,10.1563,13.4766
4776,9.7656,13.1836
4800,10.6445,13.9648
4824,9.7656,13.1836
4852,9.8633,12.3047
4880,10.1563,12.3047
4908,10.0586,12.3047
4936,10.5469,12.5977
4964,10.5469,13.5742
4992,12.0117,11.9141
5020,10.9375,13.7695
5048,9.2773,13.5742
5076,9.9609,12.5000
5104,9.7656,12.5977
5132,9.9609,13.4766
5160,10.4492,13.1836
5188,10.2539,13.1836
5216,10.1563,13.4766
5244,10.6445,13.3789
5272,9.8633,12.8906
5300,10.1563,12.5000
5328,9.8633,13.1836
5356,9.2773,12.7930
5384,10.2539,12.8906
5412,10.6445,14.7461
5440,9.4727,13.0859
5468,10.6445,13.5742
5496,9.7656,12.3047
5524,14.0625,13.4766
5552,9.8633,13.2813
5580,9.5703,12.2070
5608,10.6445,13.4766
5640,10.1563,14.0625
5672,10.9375,14.5508
5704,10.3516,13.5742
5736,10.4492,13.5742
5768,10.4492,13.0859
5800,9.9609,12.5977
5832,10.2539,13.1836
5864,9.6680,13.6719
5896,10.3516,12.9883
5928,10.2539,13.0859
5960,10.1563,12.7930
5992,10.3516,13.1836
6024,9.8633,12.5977
6056,10.0586,13.4766
6088,10.0586,14.3555
6120,10.3516,31.7383
6152,9.7656,13.1836
6184,9.9609,14.4531
6216,9.5703,13.8672
6248,9.9609,13.0859
6280,9.3750,13.8672
6312,10.5469,14.6484
6344,10.0586,13.2813
6376,10.0586,12.6953
6408,10.1563,13.5742
6444,10.4492,13.1836
6480,10.5469,13.4766
6516,9.3750,13.0859
6552,9.6680,13.6719
6588,9.9609,12.5977
6624,9.7656,12.5977
6660,9.7656,12.9883
6696,9.9609,12.9883
6732,10.5469,13.1836
6768,16.8945,14.2578
6804,9.7656,13.4766
6840,10.5469,13.5742
6876,9.6680,13.3789
6912,10.1563,12.6953
6948,10.2539,13.6719
6984,10.2539,13.7695
7020,10.2539,13.7695
7056,10.0586,13.6719
7092,10.3516,12.7930
7128,10.0586,14.2578
7164,10.3516,13.9648
7200,10.5469,14.0625
7236,10.5469,13.0859
7276,9.9609,13.5742
7316,9.9609,12.8906
7356,9.5703,13.6719
7396,10.9375,14.6484
7436,10.4492,13.7695
7476,12.5000,13.6719
7516,9.8633,13.1836
7556,10.3516,13.1836
7596,9.8633,13.1836
7636,10.3516,14.1602
7676,10.3516,13.6719
7716,10.7422,13.8672
7756,10.4492,13.1836
7796,9.8633,13.6719
7836,10.5469,13.5742
7876,9.8633,12.8906
7916,10.2539,13.8672
7956,10.1563,12.7930
7996,10.2539,13.8672
8036,9.9609,14.3555
8080,10.3516,13.8672
8124,10.2539,14.8438
8168,9.7656,14.3555
8212,11.5234,15.1367
8256,11.5234,15.3320
8300,11.6211,14.6484
8344,11.4258,14.1602
8388,10.3516,13.9648
8432,10.8398,14.3555
8476,80.3711,14.0625
8520,10.5469,13.8672
8564,10.7422,13.9648
8608,11.4258,14.4531
8652,11.4258,14.6484
8696,10.9375,13.9648
8740,11.2305,13.5742
8784,10.8398,13.6719
8828,11.3281,13.6719
8876,11.1328,13.5742
8924,10.8398,13.8672
8972,10.2539,13.9648
9020,15.2344,13.4766
9068,11.8164,13.9648
9116,10.9375,13.6719
9164,9.9609,14.2578
9212,11.2305,14.7461
9260,10.2539,14.2578
9308,11.1328,13.4766
9356,10.7422,13.7695
9404,11.7188,13.9648
9452,11.1328,14.5508
9500,11.4258,13.8672
9548,11.1328,13.2813
9596,11.8164,15.8203
9644,11.4258,14.1602
9696,10.8398,14.0625
9748,10.7422,14.3555
9800,11.5234,13.3789
9852,11.4258,13.2813
9904,11.0352,13.6719
9956,11.0352,13.5742
10008,11.0352,13.3789
10060,10.9375,12.8906
10112,10.8398,13.9648
10164,11.3281,13.5742
10216,11.8164,14.1602
10268,11.0352,14.5508
10320,10.4492,13.8672
10372,11.1328,13.9648
10424,11.3281,13.8672
10480,10.0586,13.5742
10536,10.9375,14.1602
10592,10.9375,13.8672
10648,11.1328,14.0625
10704,11.2305,14.4531
10760,11.1328,13.2813
10816,10.5469,14.4531
10872,10.8398,14.1602
10928,10.4492,14.1602
10984,11.8164,13.4766
11040,10.8398,13.4766
11096,9.4727,14.2578
11152,11.4258,14.4531
11208,11.4258,12.7930
11268,11.5234,13.5742
11328,11.0352,12.5977
11388,10.7422,15.1367
11448,11.2305,13.0859
11508,11.2305,14.2578
11568,10.9375,13.4766
11628,10.0586,13.7695
11688,9.6680,12.8906
11748,11.9141,14.3555
11808,11.5234,14.6484
11868,11.5234,14.4531
11928,10.5469,13.4766
11988,11.3281,14.3555
12048,11.4258,14.7461
12112,10.2539,13.2813
12176,10.8398,14.5508
12240,10.5469,12.9883
12304,10.6445,14.2578
12368,10.5469,13.9648
12432,11.5234,14.4531
12496,10.6445,13.9648
12560,11.6211,14.2578
12624,11.2305,12.7930
12688,10.3516,13.7695
12752,10.3516,14.3555
12816,11.2305,14.4531
12884,9.8633,13.3789
12952,11.2305,14.5508
13020,11.9141,14.1602
13088,11.8164,13.6719
13156,10.4492,13.7695
13224,11.2305,13.3789
13292,11.1328,14.7461
13360,10.3516,14.1602
13428,10.4492,14.1602
13496,10.7422,14.5508
13564,10.7422,12.4023
13632,10.3516,13.3789
13704,11.1328,15.0391
13776,11.3281,13.5742
13848,10.3516,14.3555
13920,10.8398,14.7461
13992,10.1563,13.6719
14064,10.7422,13.3789
14136,11.4258,14.2578
14208,11.5234,14.3555
14280,10.7422,14.3555
14352,11.5234,14.7461
14424,11.0352,14.5508
14500,10.4492,14.4531
14576,10.6445,14.1602
14652,11.5234,14.1602
14728,11.7188,13.6719
14804,11.7188,14.1602
14880,11.3281,14.3555
14956,10.4492,13.5742
15032,10.9375,13.9648
15108,11.4258,15.9180
15184,10.9375,14.5508
15260,10.5469,13.2813
15340,10.2539,14.1602
15420,10.3516,15.6250
15500,10.2539,14.2578
15580,11.7188,15.7227
15660,11.3281,13.8672
15740,10.4492,14.7461
15820,11.3281,14.3555
15900,12.1094,13.1836
15980,11.4258,13.8672
16060,11.3281,14.8438
16144,11.2305,14.2578
16228,70.1172,13.9648
16312,11.7188,15.4297
16396,12.1094,15.1367
16480,12.4023,14.7461
16564,12.1094,14.8438
16648,11.8164,13.1836
16732,29.1992,14.7461
16816,11.7188,15.0391
16904,12.4023,32.1289
16992,12.3047,14.6484
17080,11.6211,46.4844
17168,11.2305,17.0898
17256,12.4023,15.2344
17344,12.0117,13.5742
17432,11.7188,14.3555
17520,12.9883,14.9414
17608,12.2070,16.2109
17700,12.1094,14.0625
17792,11.6211,14.7461
17884,11.8164,15.2344
17976,12.2070,14.1602
18068,11.3281,13.7695
18160,12.5977,15.6250
18252,11.9141,15.3320
18344,12.3047,14.5508
18436,11.3281,13.5742
18532,11.9141,15.0391
18628,12.6953,15.6250
18724,12.0117,14.2578
18820,11.7188,14.0625
18916,12.0117,14.0625
19012,11.7188,14.4531
19108,12.0117,15.2344
19204,11.8164,14.2578
19304,12.2070,15.0391
19404,11.8164,13.8672
19504,11.6211,14.7461
19604,11.6211,14.3555
19704,12.4023,14.9414
19804,11.5234,15.4297
19904,12.2070,14.8438
20004,12.0117,14.3555
20108,11.7188,14.7461
20212,12.3047,14.2578
20316,12.3047,15.4297
20420,12.4023,13.9648
20524,12.1094,16.6016
20628,11.7188,14.8438
20732,11.7188,14.7461
20836,12.4023,15.6250
20944,11.7188,15.6250
21052,11.6211,15.9180
21160,11.9141,14.2578
21268,11.8164,14.5508
21376,11.3281,14.7461
21484,11.7188,14.6484
21592,11.8164,15.2344
21700,12.2070,14.7461
21812,12.2070,14.4531
21924,11.2305,14.5508
22036,12.2070,13.0859
22148,11.3281,15.8203
22260,12.1094,14.8438
22372,12.4023,14.7461
22484,12.2070,14.6484
22600,12.5977,14.6484
22716,12.0117,15.2344
22832,11.7188,13.7695
22948,11.7188,14.4531
23064,11.7188,14.6484
23180,11.7188,15.0391
23296,11.4258,13.9648
23416,11.1328,13.9648
23536,11.9141,15.0391
23656,12.0117,14.9414
23776,11.5234,14.7461
23896,11.7188,15.5273
24016,11.7188,14.2578
24140,12.1094,15.5273
24264,12.0117,15.1367
24388,12.4023,14.3555
24512,12.1094,15.5273
24636,11.9141,14.7461
24760,11.6211,14.7461
24884,11.9141,14.4531
25012,11.5234,15.1367
25140,12.1094,15.2344
25268,11.5234,14.5508
25396,11.5234,14.5508
25524,12.0117,13.9648
25652,12.0117,15.3320
25784,10.7422,14.5508
25916,11.8164,14.5508
26048,11.2305,14.3555
26180,12.0117,14.6484
26312,11.8164,14.6484
26444,11.1328,14.3555
26580,12.1094,15.1367
26716,11.2305,15.5273
26852,37.9883,16.2109
26988,12.3047,15.0391
27124,12.2070,14.5508
27260,12.5000,16.3086
27400,12.0117,15.4297
27540,11.6211,16.3086
27680,12.1094,13.9648
27820,11.9141,15.1367
27960,11.7188,15.2344
28100,12.3047,16.0156
28244,11.9141,15.0391
28388,12.1094,13.9648
28532,12.0117,15.2344
28676,11.6211,14.3555
28820,11.3281,14.8438
28968,12.4023,14.7461
29116,12.3047,16.5039
29264,11.3281,14.7461
29412,12.2070,15.2344
29560,11.9141,14.9414
29708,12.0117,14.9414
29860,12.5000,14.7461
30012,12.5000,15.1367
30164,11.1328,15.0391
30316,12.4023,14.7461
30468,12.0117,14.0625
30624,11.9141,15.0391
30780,11.1328,14.5508
30936,12.1094,14.9414
31092,12.4023,15.3320
31248,11.4258,15.5273
31408,11.3281,14.5508
31568,12.2070,13.8672
31728,11.3281,15.1367
31888,14.3555,15.1367
32048,11.7188,14.7461
32212,12.6953,15.7227
32376,12.0117,16.1133
32540,11.8164,14.0625
32704,11.8164,15.1367
32868,12.5977,15.5273
33036,13.1836,15.8203
33204,13.4766,16.3086
33372,13.0859,15.9180
33540,12.8906,14.1602
33708,12.5000,16.7969
33880,13.1836,16.6992
34052,12.9883,15.3320
34224,12.5000,15.9180
34396,12.2070,15.3320
34568,12.6953,14.8438
34744,12.4023,15.4297
34920,13.0859,16.4063
35096,13.3789,15.6250
35272,13.0859,15.2344
35452,12.6953,15.5273
35632,12.5977,15.2344
35812,13.4766,16.0156
35992,12.1094,13.9648
36172,13.0859,15.9180
36356,12.2070,14.9414
36540,13.1836,16.1133
36724,12.9883,15.5273
36908,12.8906,15.7227
37096,12.9883,16.4063
37284,12.4023,15.3320
37472,13.0859,16.6992
37660,12.5000,16.1133
37852,12.8906,17.5781
38044,12.8906,16.0156
38236,12.8906,15.2344
38428,13.0859,17.1875
38624,12.6953,14.8438
38820,12.5000,15.9180
39016,12.8906,15.4297
39212,12.2070,15.5273
39412,13.3789,17.0898
39612,13.3789,15.6250
39812,13.0859,15.2344
40012,12.1094,15.2344
40216,12.4023,16.4063
40420,13.6719,17.8711
40624,12.5977,16.0156
40828,12.8906,16.3086
41036,12.4023,15.6250
41244,14.7461,16.1133
41452,13.2813,16.3086
41660,13.1836,16.4063
41872,13.1836,16.8945
42084,12.9883,16.5039
42296,13.2813,16.8945
42508,12.2070,15.7227
42724,12.6953,16.0156
42940,12.8906,15.2344
43156,13.2813,16.6016
43372,12.9883,15.5273
43592,12.8906,15.4297
43812,12.7930,15.8203
44032,13.0859,15.9180
44256,12.2070,15.4297
44480,13.2813,16.3086
44704,12.8906,15.6250
44928,12.8906,15.8203
45156,13.1836,16.1133
45384,12.1094,15.3320
45612,13.6719,16.4063
45844,12.8906,16.2109
46076,13.0859,15.2344
46308,12.3047,16.1133
46540,12.6953,17.1875
46776,13.6719,17.3828
47012,13.0859,15.2344
47248,13.6719,17.3828
47488,13.1836,17.8711
47728,13.6719,17.4805
47968,12.5000,15.7227
48208,13.3789,16.5039
48452,13.3789,16.9922
48696,13.0859,17.9688
48940,13.1836,16.4063
49188,12.9883,17.2852
49436,13.1836,16.4063
49684,13.4766,17.2852
49936,13.1836,16.8945
50188,13.2813,15.9180
50440,13.0859,16.5039
50696,13.6719,17.4805
50952,12.2070,15.6250
51208,12.5977,15.4297
51468,12.5000,14.9414
51728,13.2813,16.0156
51988,12.9883,16.6992
52248,13.2813,15.6250
52512,12.7930,16.0156
52776,12.5977,16.7969
53040,13.3789,16.8945
53308,12.3047,16.6992
53576,13.7695,16.7969
53844,12.7930,16.0156
54116,12.1094,15.4297
54388,13.4766,15.9180
54660,12.7930,16.2109
54936,12.7930,15.4297
55212,13.1836,16.0156
55492,13.0859,16.6992
55772,12.7930,15.3320
56052,13.3789,15.9180
56336,12.6953,16.4063
56620,12.6953,16.6016
56904,12.7930,16.1133
57192,13.2813,17.4805
57480,13.1836,18.6523
57768,13.4766,16.3086
58060,13.2813,17.2852
58352,13.0859,16.9922
58644,12.5000,14.6484
58940,12.3047,15.1367
59236,12.6953,16.8945
59536,12.8906,16.2109
59836,13.5742,16.5039
60136,13.3789,16.9922
60440,13.3789,16.1133
60744,13.4766,16.8945
61048,13.3789,16.6992
61356,11.8164,15.7227
61664,13.5742,16.8945
61976,12.5977,14.9414
62288,13.1836,16.3086
62600,13.2813,15.6250
62916,13.0859,15.9180
63232,13.4766,16.6992
63552,13.8672,17.1875
63872,13.2813,15.8203
64192,13.2813,16.7969
64516,12.7930,16.3086
64840,13.2813,16.3086
65168,13.0859,16.0156
65496,13.8672,16.8945
65824,15.3320,19.6289
66156,14.3555,17.3828
66488,14.8438,18.9453
66824,14.3555,17.6758
67160,15.0391,19.5313
67496,14.7461,18.0664
67836,13.8672,18.1641
68176,14.3555,19.2383
68520,14.5508,18.6523
68864,13.8672,18.0664
69212,14.0625,17.4805
69560,15.5273,18.8477
69908,13.9648,19.2383
70260,14.1602,18.7500
70612,14.1602,17.3828
70968,14.0625,18.2617
71324,13.6719,17.8711
71684,14.3555,17.9688
72044,13.7695,17.3828
72408,13.9648,18.8477
72772,14.5508,19.4336
73136,16.7969,19.8242
73504,13.5742,16.9922
73872,14.8438,18.4570
74244,14.4531,18.3594
74616,14.5508,18.5547
74992,15.1367,19.6289
75368,14.3555,19.0430
75748,14.8438,19.2383
76128,14.4531,17.2852
76512,13.9648,18.4570
76896,14.3555,17.9688
77284,13.9648,17.1875
77672,14.5508,18.2617
78064,14.0625,17.8711
78456,14.5508,18.8477
78852,14.4531,21.7773
79248,14.2578,18.1641
79648,13.6719,17.2852
80048,14.4531,18.8477
80452,14.2578,17.7734
80856,14.4531,18.7500
81264,12.5000,16.2109
81672,15.2344,19.2383
82084,14.7461,19.2383
82496,14.6484,19.0430
82912,14.1602,17.8711
83328,14.4531,18.4570
83748,13.8672,17.2852
84168,13.9648,18.0664
84592,13.5742,16.8945
85016,14.1602,16.8945
85444,17.2852,18.8477
85872,13.6719,18.1641
86304,13.9648,18.1641
86736,14.4531,19.0430
87172,14.3555,19.4336
87608,13.6719,17.3828
88048,13.6719,17.8711
88492,14.2578,19.1406
88936,13.4766,17.4805
89384,14.1602,19.7266
89832,13.7695,18.2617
90284,14.5508,18.9453
90736,13.7695,18.8477
91192,14.4531,19.2383
91648,14.9414,19.0430
92108,14.2578,19.0430
92572,14.0625,17.4805
93036,13.7695,18.3594
93504,17.3828,18.2617
93972,14.5508,18.2617
94444,14.5508,19.7266
94920,14.2578,18.9453
95396,14.9414,19.0430
95876,14.6484,19.2383
96356,14.2578,18.9453
96840,14.0625,18.3594
97328,14.6484,18.5547
97816,14.5508,19.6289
98308,13.7695,18.0664
98800,15.1367,19.2383
99296,17.1875,26.7578
99796,14.3555,19.6289
100296,14.3555,18.7500
100800,14.0625,18.7500
101304,14.3555,18.9453
101812,13.9648,18.1641
102324,15.1367,20.0195
102836,14.4531,18.6523
103352,14.1602,19.8242
103872,15.0391,17.9688
104392,14.2578,18.7500
104916,13.5742,18.5547
105444,13.8672,18.4570
105972,13.8672,18.3594
106504,14.3555,19.1406
107040,13.5742,16.8945
107576,14.1602,17.4805
108116,14.2578,18.9453
108660,15.2344,19.1406
109204,13.9648,17.7734
109752,13.5742,18.3594
110304,13.8672,18.2617
110856,14.3555,19.6289
111412,14.9414,19.1406
111972,14.5508,20.1172
112532,13.5742,17.4805
113096,14.7461,20.0195
113664,14.4531,19.5313
114236,13.4766,17.0898
114808,14.0625,17.3828
115384,15.0391,20.7031
115964,14.8438,20.2148
116544,15.2344,20.1172
117128,14.6484,19.5313
117716,14.4531,18.6523
118308,14.1602,20.0195
118900,14.2578,18.0664
119496,13.9648,18.5547
120096,14.6484,18.5547
120700,14.7461,19.6289
121304,14.6484,18.8477
121912,14.5508,20.6055
122524,13.5742,17.5781
123140,14.2578,19.4336
123756,14.4531,19.4336
124376,14.0625,19.2383
125000,14.7461,20.2148
125628,13.9648,19.3359
126260,14.6484,17.9688
126892,14.2578,18.7500
127528,13.8672,18.7500
128168,14.4531,19.2383
128812,13.8672,18.7500
129460,14.7461,19.4336
130108,14.3555,20.1172
130760,14.4531,19.2383
131416,15.4297,20.0195
132076,14.7461,20.2148
132740,15.6250,20.2148
133404,15.2344,19.8242
134072,15.8203,21.3867
134744,14.9414,19.4336
135420,15.9180,19.0430
136100,16.0156,19.3359
136784,15.7227,19.0430
137468,14.8438,17.2852
138156,16.0156,20.3125
138848,15.8203,19.6289
139544,15.3320,19.7266
140244,14.9414,19.6289
140948,15.6250,19.0430
141656,16.0156,20.6055
142368,15.5273,19.1406
143080,15.7227,20.1172
143796,15.6250,18.8477
144516,15.3320,18.9453
145240,15.0391,19.1406
145968,15.6250,18.4570
146700,15.3320,19.5313
147436,15.3320,19.7266
148176,15.5273,19.8242
148920,14.3555,16.7969
149668,15.5273,20.0195
150420,15.5273,18.0664
151176,15.5273,19.7266
151932,15.2344,18.9453
152692,15.2344,19.9219
153456,15.9180,20.1172
154224,15.4297,19.0430
154996,15.3320,18.6523
155772,20.1172,20.8008
156552,16.6016,20.8008
157336,15.9180,18.8477
158124,15.0391,19.1406
158916,15.5273,19.0430
159712,15.6250,19.2383
160512,15.3320,18.2617
161316,15.0391,19.0430
162124,15.0391,19.1406
162936,15.8203,20.1172
163752,15.1367,18.5547
164572,15.8203,19.8242
165396,15.0391,18.7500
166224,15.2344,20.8984
167056,15.0391,18.6523
167892,15.3320,19.8242
168732,15.4297,18.3594
169576,15.2344,19.4336
170424,15.4297,19.3359
171280,16.2109,19.0430
172140,15.4297,19.7266
173004,16.0156,19.7266
173872,15.1367,19.7266
174744,15.8203,19.4336
175620,15.3320,20.4102
176500,15.5273,19.6289
177384,14.1602,18.1641
178272,15.1367,18.3594
179164,15.9180,20.9961
180060,16.1133,19.6289
180964,16.2109,20.6055
181872,15.6250,19.7266
182784,15.6250,20.7031
183700,15.9180,19.4336
184620,14.9414,18.8477
185544,15.5273,19.8242
186472,16.0156,20.4102
187408,15.4297,19.9219
188348,15.3320,18.7500
189292,15.3320,19.2383
190240,15.2344,19.3359
191192,15.3320,19.5313
192148,17.0898,18.9453
193112,14.7461,18.3594
194080,15.8203,19.5313
195052,14.6484,18.0664
196028,15.8203,19.8242
197012,15.7227,19.7266
198000,15.6250,19.8242
198992,15.8203,19.6289
199988,15.6250,18.8477
200988,16.3086,20.1172
201996,14.8438,18.1641
203008,15.9180,20.1172
204024,15.9180,19.7266
205048,15.0391,19.4336
206076,15.6250,21.6797
207108,15.4297,19.3359
208144,15.0391,19.9219
209188,15.7227,19.9219
210236,15.9180,20.3125
211288,15.2344,19.4336
212348,15.3320,20.0195
213412,15.3320,19.8242
214480,15.3320,19.0430
215556,15.1367,19.0430
216636,15.3320,19.3359
217720,15.7227,20.5078
218812,15.5273,20.6055
219908,15.8203,20.9961
221008,16.9922,20.9961
222116,15.8203,20.1172
223228,15.3320,19.9219
224348,15.8203,20.0195
225472,15.7227,19.9219
226600,15.3320,18.3594
227736,16.3086,20.9961
228876,15.5273,20.1172
230024,15.5273,19.4336
231176,15.8203,19.0430
232332,14.9414,17.9688
233496,16.0156,20.4102
234664,15.7227,20.6055
235840,15.9180,20.7031
237020,16.5039,21.5820
238208,15.1367,18.6523
239400,14.9414,18.5547
240600,15.8203,20.8008
241804,15.0391,20.4102
243016,15.2344,19.8242
244232,15.8203,19.5313
245456,15.1367,18.8477
246684,15.4297,20.7031
247920,14.7461,19.9219
249160,14.8438,18.2617
250408,16.3086,21.3867
251664,16.8945,21.6797
252924,24.6094,22.7539
254192,15.5273,18.8477
255464,15.9180,19.7266
256744,15.7227,21.5820
258028,15.4297,19.8242
259320,16.3086,20.7031
260620,16.0156,21.1914
261924,16.5039,21.3867
263236,18.9453,22.1680
264556,17.3828,21.5820
265880,17.2852,22.3633
267212,17.4805,21.9727
268552,16.3086,19.0430
269896,21.3867,20.3125
271248,17.9688,22.3633
272608,16.8945,20.0195
273972,17.8711,21.3867
275344,16.8945,19.7266
276724,17.1875,21.0938
278108,16.6992,19.1406
279500,16.6016,20.6055
280900,16.6992,20.6055
282308,16.7969,20.0195
283720,16.2109,19.8242
285140,17.3828,20.5078
286568,15.7227,18.3594
288004,17.5781,20.0195
289448,16.6016,20.6055
290896,16.7969,21.2891
292352,17.4805,21.3867
293816,17.8711,20.0195
295288,17.2852,20.8984
296768,17.9688,21.0938
298252,16.4063,19.6289
299744,16.6992,19.5313
301244,16.4063,20.6055
302752,17.3828,20.2148
304268,17.9688,20.4102
305792,17.3828,21.0938
307324,16.5039,34.2773
308864,17.8711,22.5586
310412,17.4805,19.8242
311968,17.8711,20.7031
313528,17.1875,21.4844
315096,16.8945,21.0938
316672,17.8711,22.8516
318256,17.4805,20.6055
319848,17.2852,21.0938
321448,17.6758,21.9727
323056,17.3828,20.8008
324672,17.2852,21.5820
326296,17.1875,20.4102
327928,17.6758,20.3125
329568,18.0664,20.5078
331216,17.0898,19.8242
332876,17.8711,21.2891
334544,17.8711,22.1680
336220,16.9922,20.5078
337904,18.1641,21.5820
339596,17.6758,22.2656
341296,18.3594,22.8516
343004,17.0898,21.1914
344720,17.0898,20.7031
346444,17.8711,21.3867
348180,18.1641,25.3906
349924,17.2852,20.5078
351676,17.4805,20.1172
353436,17.9688,21.3867
355204,17.6758,21.6797
356984,18.2617,21.8750
358772,16.3086,20.1172
360568,18.2617,21.4844
362372,17.4805,21.3867
364184,19.2383,23.5352
366008,16.6992,20.6055
367840,16.8945,20.8984
369680,17.5781,21.4844
371532,17.2852,21.4844
373392,17.6758,20.8984
375260,17.7734,21.2891
377140,17.1875,20.8008
379028,17.2852,19.6289
380924,17.9688,20.3125
382832,17.9688,21.8750
384748,18.2617,22.2656
386672,17.5781,20.3125
388608,18.0664,21.8750
390552,17.4805,21.3867
392508,17.6758,20.8984
394472,17.8711,26.3672
396448,18.7500,21.8750
398432,18.0664,21.7773
400428,17.3828,20.8984
402432,17.2852,20.8008
404448,17.0898,20.6055
406472,16.7969,19.2383
408508,17.8711,20.8984
410552,18.5547,21.8750
412608,16.9922,21.1914
414672,17.3828,20.2148
416748,17.5781,20.7031
418832,17.8711,22.2656
420928,17.5781,21.3867
423036,17.7734,21.5820
425152,17.2852,21.6797
427280,18.2617,22.1680
429420,18.0664,21.0938
431568,17.7734,21.2891
433728,17.3828,21.5820
435900,18.7500,21.6797
438080,18.0664,20.4102
440272,17.2852,20.2148
442476,17.5781,19.9219
444692,18.3594,22.3633
446916,18.5547,21.4844
449152,18.9453,22.2656
451400,17.2852,21.3867
453660,16.7969,19.3359
455932,17.5781,20.6055
458212,17.5781,20.6055
460504,17.1875,21.1914
462808,18.3594,22.8516
465124,18.3594,23.7305
467452,18.9453,23.2422
469792,18.1641,23.6328
472144,18.5547,23.4375
474508,18.6523,21.5820
476884,17.4805,21.4844
479272,17.7734,22.5586
481672,19.0430,22.2656
484084,18.3594,21.5820
486508,18.3594,21.3867
488944,16.8945,20.0195
491392,18.6523,22.3633
493852,17.8711,20.8008
496324,17.9688,21.3867
498808,17.3828,21.7773
501304,18.7500,23.1445
503812,17.8711,20.7031
506332,17.5781,21.5820
508864,18.2617,21.3867
511412,16.6016,19.3359
513972,17.9688,21.1914
516544,18.2617,21.0938
519128,18.7500,22.0703
521724,18.5547,22.2656
524336,19.9219,22.4609
526960,20.2148,23.6328
529596,19.6289,21.6797
532244,19.4336,22.6563
534908,19.4336,21.4844
537584,19.3359,22.4609
540272,19.5313,22.8516
542976,18.7500,22.0703
545692,20.0195,22.9492
548424,19.6289,22.9492
551168,19.7266,23.1445
553924,20.8008,24.3164
556696,20.1172,23.8281
559480,19.1406,24.5117
562280,19.1406,21.6797
565092,19.3359,22.3633
567920,19.5313,23.3398
570760,18.4570,21.2891
573616,18.2617,20.9961
576488,19.4336,22.8516
579372,19.7266,22.4609
582272,19.4336,22.0703
585184,20.2148,22.6563
588112,19.8242,23.2422
591056,19.7266,24.0234
594012,18.4570,21.1914
596984,19.9219,21.9727
599972,20.3125,24.5117
602972,19.9219,22.6563
605988,19.1406,21.4844
609020,20.4102,22.9492
612068,20.0195,22.8516
615132,19.6289,22.6563
618208,18.9453,21.9727
621300,20.0195,23.7305
624408,20.7031,25.9766
627532,19.9219,22.6563
630672,20.3125,23.3398
633828,19.4336,22.1680
637000,18.5547,22.0703
640188,20.2148,23.8281
643392,20.3125,23.8281
646612,19.5313,24.0234
649848,19.6289,21.4844
653100,20.4102,22.6563
656368,20.0195,23.1445
659652,25.5859,22.5586
662952,20.3125,23.2422
666268,19.7266,22.3633
669600,20.2148,22.6563
672948,20.5078,23.1445
676316,18.0664,19.0430
679700,19.7266,22.5586
683100,20.2148,23.8281
686516,20.3125,23.2422
689952,19.4336,22.8516
693404,21.2891,23.8281
696872,20.2148,23.9258
700360,19.7266,23.8281
703864,20.8984,24.6094
707384,19.4336,23.1445
710924,21.3867,22.7539
714480,19.9219,22.1680
718056,19.8242,23.0469
721648,20.1172,23.0469
725260,19.8242,21.1914
728888,23.9258,24.0234
732536,20.7031,23.6328
736200,19.3359,21.8750
739884,19.3359,23.3398
743584,20.8984,24.3164
747304,17.7734,20.0195
751044,18.8477,22.4609
754800,20.3125,23.6328
758576,20.2148,23.1445
762372,19.8242,22.1680
766184,19.3359,25.2930
770016,19.4336,20.9961
773868,19.2383,22.0703
777740,18.6523,21.0938
781632,19.7266,23.2422
785544,20.3125,23.1445
789472,20.8008,24.7070
793420,19.7266,22.4609
797388,18.7500,21.8750
801376,19.8242,23.0469
805384,19.8242,22.6563
809412,20.2148,24.2188
813460,21.1914,25.3906
817528,19.6289,23.4375
821616,19.9219,21.8750
825728,19.6289,22.7539
829860,20.0195,22.1680
834012,20.3125,24.0234
838184,20.4102,23.2422
842376,23.1445,25.6836
846588,29.2969,25.2930
850824,20.6055,22.8516
855080,19.3359,22.4609
859356,20.6055,24.9023
863656,21.5820,26.0742
867976,20.7031,24.9023
872316,20.4102,24.2188
876680,19.6289,23.0469
881064,20.8984,23.9258
885472,19.7266,23.0469
889900,20.3125,25.9766
894352,20.5078,22.9492
898824,20.3125,22.0703
903320,21.2891,25.7813
907840,20.8984,24.7070
912380,20.1172,22.9492
916944,18.8477,22.9492
921532,20.8984,24.7070
926140,18.7500,21.9727
930772,21.0938,24.0234
935428,20.8008,25.7813
940108,19.9219,22.1680
944812,19.3359,22.7539
949540,21.2891,24.2188
954288,20.8984,25.0977
959060,21.1914,24.5117
963856,20.7031,23.7305
968676,20.2148,23.1445
973520,21.4844,24.5117
978388,21.0938,24.5117
983280,23.4375,23.7305
988200,20.5078,22.5586
993144,20.8984,24.4141
998112,20.3125,24.2188
1003104,20.0195,22.5586
1008120,21.2891,24.8047
1013164,21.5820,25.5859
1018232,21.0938,24.1211
1023324,19.6289,22.5586
1028444,24.5117,25.1953
1033588,20.8984,23.7305
1038756,20.8984,24.5117
1043952,20.6055,24.5117
1049172,22.3633,25.6836
1054420,21.5820,24.0234
1059696,22.6563,26.0742
1064996,21.4844,24.1211
1070324,24.7070,26.1719
1075676,23.1445,26.2695
1081056,21.8750,24.8047
1086464,22.6563,24.5117
1091900,23.2422,25.8789
1097360,23.0469,25.7813
1102848,22.6563,25.0977
1108364,21.4844,24.0234
1113908,22.3633,26.3672
1119480,22.6563,24.8047
1125080,22.4609,25.8789
1130708,22.5586,25.3906
1136364,21.4844,24.6094
1142048,22.5586,25.7813
1147760,21.8750,23.8281
1153500,23.7305,26.5625
1159268,23.3398,25.9766
1165068,22.7539,25.0977
1170896,22.2656,24.2188
1176752,22.8516,24.8047
1182636,22.1680,24.3164
1188552,23.4375,27.4414
1194496,21.3867,24.1211
1200472,21.3867,24.4141
1206476,22.3633,24.9023
1212512,21.4844,24.2188
1218576,23.7305,24.5117
1224672,21.2891,23.7305
1230796,21.1914,23.2422
1236952,22.0703,25.0000
1243140,22.4609,26.0742
1249356,22.0703,24.6094
1255604,22.2656,24.3164
1261884,22.1680,25.9766
1268196,22.3633,24.1211
1274540,22.4609,26.3672
1280916,20.9961,23.2422
1287324,22.1680,24.5117
1293764,22.2656,23.8281
1300236,23.5352,26.7578
1306740,22.5586,24.9023
1313276,23.2422,26.2695
1319844,22.5586,24.5117
1326444,21.9727,29.0039
1333080,23.4375,26.0742
1339748,22.2656,25.0000
1346448,23.2422,25.5859
1353184,21.5820,23.9258
1359952,22.4609,25.5859
1366752,22.8516,24.4141
1373588,21.7773,23.9258
1380456,23.3398,25.2930
1387360,23.0469,25.6836
1394300,22.5586,24.4141
1401272,23.1445,26.3672
1408280,23.6328,26.2695
1415324,21.8750,23.9258
1422404,22.9492,25.1953
1429520,23.0469,25.2930
1436668,21.7773,24.5117
1443852,23.3398,25.3906
1451072,20.8008,23.2422
1458328,21.7773,23.9258
1465620,23.2422,26.2695
1472952,22.7539,25.5859
1480320,23.9258,27.2461
1487724,22.2656,24.5117
1495164,22.8516,24.6094
1502640,23.3398,25.9766
1510156,22.7539,26.5625
1517708,23.5352,26.5625
1525300,23.3398,26.0742
1532928,23.0469,25.2930
1540596,23.8281,27.0508
1548300,29.7852,26.0742
1556044,23.2422,24.9023
1563828,25.6836,30.6641
1571648,24.4141,28.2227
1579508,23.4375,26.6602
1587408,22.1680,24.5117
1595348,23.6328,25.2930
1603328,27.3438,35.9375
1611348,24.3164,27.5391
1619408,24.3164,28.0273
1627508,22.9492,24.7070
1635648,23.1445,26.2695
1643828,24.2188,27.0508
1652048,23.1445,26.1719
1660312,23.2422,26.4648
1668616,23.0469,25.7813
1676960,24.0234,27.1484
1685348,22.5586,26.6602
1693776,22.6563,26.4648
1702248,22.8516,25.7813
1710760,23.3398,25.2930
1719316,22.7539,25.6836
1727916,23.4375,29.2969
1736556,22.4609,25.3906
1745240,23.3398,26.5625
1753968,23.9258,26.9531
1762740,24.9023,28.2227
1771556,23.0469,25.9766
1780416,24.6094,27.5391
1789320,24.3164,26.9531
1798268,26.3672,26.8555
1807260,23.2422,26.1719
1816300,23.4375,26.6602
1825384,23.6328,26.3672
1834512,23.4375,26.0742
1843688,24.7070,27.4414
1852908,24.7070,27.6367
1862176,23.0469,27.6367
1871488,23.4375,25.3906
1880848,22.7539,25.5859
1890256,23.1445,24.8047
1899708,25.2930,28.4180
1909208,24.6094,26.5625
1918756,23.9258,26.9531
1928352,23.3398,25.6836
1937996,25.7813,29.0039
1947688,23.6328,27.4414
1957428,23.2422,26.2695
1967216,23.3398,26.0742
1977056,23.0469,32.5195
1986944,25.0000,28.5156
1996880,24.1211,25.0977
2006868,23.6328,27.0508
2016904,24.0234,26.4648
2026992,23.9258,26.6602
2037128,24.2188,26.5625
2047316,22.9492,25.5859
2057556,23.4375,26.1719
2067844,23.4375,26.8555
2078184,27.3438,27.8320
2088576,23.7305,25.9766
2099020,25.6836,28.8086
2109516,25.0977,29.9805
2120064,26.6602,28.5156
2130668,24.5117,26.9531
2141324,25.2930,28.6133
2152032,26.0742,27.2461
2162796,26.5625,27.0508
2173612,26.2695,29.1992
2184484,24.8047,26.4648
2195408,24.7070,27.5391
2206388,25.0000,26.7578
2217420,25.8789,28.1250
2228508,23.7305,27.3438
2239652,24.9023,27.5391
2250852,24.7070,27.6367
2262108,24.5117,26.1719
2273420,25.4883,29.0039
2284788,24.8047,26.4648
2296212,24.4141,26.5625
2307696,24.8047,27.1484
2319236,24.4141,25.8789
2330836,24.6094,25.7813
2342492,25.2930,28.6133
2354208,23.6328,25.0000
2365980,23.6328,25.3906
2377812,27.1484,28.9063
2389704,23.5352,26.5625
2401656,25.8789,28.3203
2413668,27.0508,27.6367
2425740,23.9258,27.2461
2437872,24.3164,27.3438
2450064,24.5117,27.1484
2462316,24.0234,26.9531
2474628,24.2188,26.7578
2487004,25.5859,26.0742
2499440,24.6094,28.0273
2511940,25.7813,27.9297
2524500,25.1953,26.8555
2537124,25.1953,27.4414
2549812,24.7070,25.6836
2562564,24.7070,28.5156
2575380,27.8320,28.1250
2588260,25.5859,28.6133
2601204,25.7813,28.7109
2614212,25.0000,26.4648
2627284,23.3398,26.1719
2640424,24.6094,26.0742
2653628,25.0000,30.5664
2666900,27.8320,30.2734
2680236,26.2695,27.3438
2693640,24.5117,26.9531
2707112,24.7070,26.0742
2720648,24.3164,27.4414
2734252,24.9023,26.9531
2747924,25.0977,26.7578
2761664,25.5859,27.9297
2775476,25.2930,27.9297
2789356,26.2695,28.3203
2803304,25.7813,28.3203
2817324,25.5859,28.1250
2831412,25.0000,27.8320
2845572,26.7578,29.1016
2859800,25.8789,27.8320
2874100,25.8789,27.9297
2888472,25.8789,27.8320
2902916,25.4883,26.5625
2917432,25.2930,27.7344
2932020,24.8047,27.0508
2946684,25.5859,28.3203
2961420,24.7070,26.3672
2976228,25.6836,28.7109
2991112,25.6836,29.0039
3006068,26.5625,28.8086
3021100,23.9258,25.5859
3036208,27.7344,29.8828
3051392,23.6328,26.3672
3066652,25.5859,26.6602
3081988,25.9766,28.9063
3097400,25.9766,27.4414
3112888,26.2695,29.4922
3128456,26.3672,29.4922
3144100,26.0742,28.2227
3159824,27.0508,28.3203
3175624,24.6094,26.8555
3191504,26.1719,28.5156
3207464,27.8320,31.3477
3223504,26.6602,28.4180
3239624,25.5859,28.6133
3255824,25.5859,27.8320
3272104,26.4648,29.6875
3288468,25.7813,28.5156
3304912,25.7813,28.6133
3321440,24.5117,25.8789
3338048,26.1719,28.9063
3354740,25.3906,29.4922
3371516,28.6133,30.5664
3388376,26.3672,28.8086
3405320,26.9531,29.0039
3422348,24.9023,26.7578
3439460,27.0508,28.7109
3456660,26.5625,31.1523
3473944,26.5625,28.5156
3491316,26.5625,27.6367
3508776,26.0742,28.8086
3526320,25.7813,28.2227
3543952,27.8320,31.1523
3561672,26.0742,27.7344
3579484,26.6602,28.5156
3597384,43.3594,34.6680
3615372,34.9609,32.8125
3633452,32.9102,31.6406
3651620,29.1016,28.8086
3669880,26.1719,28.0273
3688232,27.6367,30.9570
3706676,26.3672,28.7109
3725212,27.6367,30.3711
3743840,24.3164,26.0742
3762560,24.3164,26.2695
3781376,25.5859,26.8555
3800284,26.6602,28.2227
3819288,26.5625,29.8828
3838388,27.4414,29.1992
3857580,25.5859,29.1992
3876868,26.2695,27.4414
3896256,26.7578,28.9063
3915740,25.7813,26.9531
3935320,29.1992,30.4688
3955000,26.3672,28.1250
3974776,26.3672,27.7344
3994652,25.7813,27.8320
4014628,27.7344,30.5664
4034704,30.3711,27.3438
4054880,25.0000,26.1719
4075156,25.9766,28.5156
4095532,26.3672,28.8086
4116012,26.9531,29.1992
4136596,28.2227,31.3477
4157280,27.7344,31.2500
4178068,29.0039,31.3477
4198960,28.6133,33.1055
4219956,26.3672,29.6875
4241056,27.0508,29.9805
4262264,28.3203,30.8594
4283576,27.7344,31.1523
4304996,27.3438,29.8828
4326524,28.3203,33.1055
4348160,27.8320,29.8828
4369904,29.1016,32.6172
4391756,26.5625,29.7852
4413716,27.0508,29.1016
4435788,27.3438,30.4688
4457968,27.1484,29.8828
4480260,27.5391,30.2734
4502664,28.1250,29.6875
4525180,27.5391,29.6875
4547808,28.1250,32.0313
4570548,27.6367,28.9063
4593404,28.2227,30.9570
4616372,27.3438,30.5664
4639456,26.5625,32.6172
4662656,29.1992,32.0313
4685972,28.1250,32.3242
4709404,26.7578,29.5898
4732952,28.4180,30.7617
4756620,27.3438,30.3711
4780404,27.5391,29.7852
4804308,25.8789,27.9297
4828332,27.1484,29.1992
4852476,26.6602,32.7148
4876740,27.2461,30.5664
4901124,26.7578,29.7852
4925632,28.0273,31.5430
4950264,26.9531,29.6875
4975016,27.0508,29.8828
4999892,28.0273,31.0547
5024892,26.4648,29.9805
5050020,27.9297,30.2734
5075272,28.2227,30.3711
5100652,26.9531,29.1992
5126156,26.9531,29.3945
5151788,27.5391,29.8828
5177548,28.6133,34.6680
5203436,26.8555,28.2227
5229456,28.4180,31.6406
5255604,30.3711,33.1055
5281884,27.8320,30.7617
5308296,29.1992,33.0078
5334840,28.2227,31.4453
5361516,27.2461,30.2734
5388324,29.3945,33.1055
5415268,28.1250,31.3477
5442348,28.2227,30.8594
5469560,28.2227,30.2734
5496908,27.8320,29.6875
5524396,28.3203,31.2500
5552020,31.4453,34.6680
5579784,29.1016,32.3242
5607684,28.3203,34.1797
5635724,28.7109,31.2500
5663904,28.1250,30.7617
5692224,27.5391,31.4453
5720688,27.2461,29.1016
5749292,27.3438,31.1523
5778040,28.9063,30.4688
5806932,28.3203,31.9336
5835968,29.1016,32.3242
5865148,29.8828,32.5195
5894476,27.3438,31.5430
5923952,29.1992,32.3242
5953572,27.6367,30.2734
5983340,29.3945,32.9102
6013260,29.4922,32.0313
6043328,29.2969,33.1055
6073548,30.0781,31.5430
6103916,28.4180,30.3711
6134436,29.6875,33.0078
6165112,27.4414,29.2969
6195940,29.0039,32.3242
6226920,29.1992,32.3242
6258056,28.5156,30.9570
6289348,28.6133,32.5195
6320796,28.8086,31.3477
6352400,30.0781,32.8125
6384164,27.4414,29.6875
6416088,28.5156,31.4453
6448172,28.9063,31.9336
6480416,28.6133,32.5195
6512820,27.0508,28.7109
6545388,30.5664,33.7891
6578116,28.2227,31.3477
6611008,28.6133,31.9336
6644064,27.5391,30.8594
6677288,29.6875,33.4961
6710676,30.1758,32.0313
6744232,27.4414,30.2734
6777956,29.7852,31.6406
6811848,27.4414,30.4688
6845908,28.6133,31.2500
6880140,27.7344,30.8594
6914544,28.3203,31.6406
6949120,27.6367,30.3711
6983868,28.0273,32.2266
7018788,28.4180,30.3711
7053884,29.5898,34.2773
7089156,29.7852,33.3008
7124604,31.9336,35.5469
7160228,29.4922,32.1289
7196032,27.6367,29.1016
7232016,29.4922,33.5938
7268180,28.6133,30.3711
7304524,29.5898,32.2266
7341048,31.7383,34.4727
7377756,27.3438,32.6172
7414648,30.4688,33.6914
7451724,30.0781,32.5195
7488984,30.9570,34.4727
7526432,29.7852,33.6914
7564068,29.5898,32.6172
7601892,28.7109,32.1289
7639904,31.8359,33.3008
7678104,29.1992,32.7148
7716496,29.6875,32.9102
7755080,29.3945,32.6172
7793856,29.5898,32.8125
7832828,29.7852,32.0313
7871996,27.2461,29.3945
7911356,30.9570,33.3008
7950916,30.2734,33.7891
7990672,30.7617,36.8164
8030628,28.2227,30.7617
8070784,28.5156,30.3711
8111140,35.6445,35.4492
8151696,31.3477,32.6172
8192456,30.6641,33.9844
8233420,29.2969,31.4453
8274588,29.3945,30.7617
8315964,30.3711,34.0820
8357544,31.2500,35.0586
8399332,30.8594,34.5703
8441332,29.8828,33.9844
8483540,27.6367,32.4219
8525960,30.8594,34.2773
8568592,29.2969,31.4453
8611436,29.1992,33.2031
8654496,30.6641,32.8125
8697772,29.9805,32.7148
8741264,28.5156,31.9336
8784972,29.1016,31.3477
8828900,29.5898,32.3242
8873048,31.2500,34.0820
8917416,30.1758,33.3008
8962004,29.7852,31.9336
9006816,29.1016,31.6406
9051852,29.0039,32.4219
9097112,27.6367,31.3477
9142600,29.8828,33.4961
9188316,28.4180,31.7383
9234260,28.4180,30.0781
9280432,43.7500,32.8125
9326836,31.7383,33.9844
9373472,29.7852,32.3242
9420340,30.4688,32.3242
9467444,30.7617,33.3984
9514784,31.6406,37.2070
9562360,31.6406,34.6680
9610172,29.9805,34.5703
9658224,31.8359,34.0820
9706516,30.6641,34.5703
9755052,28.8086,32.7148
9803828,31.1523,32.7148
9852848,28.9063,31.0547
9902116,28.5156,30.1758
9951628,30.1758,33.9844
10001388,31.0547,34.6680
10051396,31.2500,34.4727
10101656,29.1016,32.2266
10152168,30.1758,32.6172
10202932,30.7617,35.3516
10253948,30.0781,32.3242
10305220,31.8359,36.6211
10356748,30.2734,32.4219
10408532,29.1016,31.5430
10460576,30.6641,33.5938
10512880,29.1992,32.4219
10565448,30.7617,39.9414
10618276,29.6875,31.9336
10671368,31.8359,35.5469
10724728,33.9844,34.5703
10778352,30.0781,32.2266
10832244,29.1016,31.1523
10886408,31.1523,33.2031
10940844,30.9570,34.3750
10995552,30.8594,34.1797
11050532,30.3711,33.3984
11105788,29.7852,31.3477
11161320,29.1992,31.0547
11217128,29.1016,31.7383
11273216,28.9063,29.7852
11329584,32.1289,35.5469
11386232,29.1016,30.2734
11443164,32.1289,34.4727
11500380,30.0781,37.4023
11557884,28.8086,30.5664
11615676,29.5898,33.9844
11673756,31.4453,33.6914
11732128,28.9063,32.6172
11790792,31.1523,33.9844
11849748,31.8359,34.0820
11909000,33.4961,32.9102
11968548,31.7383,35.4492
12028392,32.8125,35.8398
12088536,30.0781,32.1289
12148980,43.4570,37.5000
12209728,35.1563,34.5703
12270780,32.0313,28.8086
12332136,31.2500,33.6914
12393800,30.0781,34.4727
12455772,31.4453,33.1055
12518052,33.6914,34.5703
12580644,31.3477,33.3984
12643548,30.5664,33.6914
12706768,32.2266,33.7891
12770304,32.1289,34.8633
12834156,30.0781,33.4961
12898328,28.6133,31.3477
12962820,30.3711,33.8867
13027636,31.6406,35.2539
13092776,30.6641,34.4727
13158240,41.6016,35.4492
13224032,31.6406,33.4961
13290156,32.4219,34.3750
13356608,32.0313,34.3750
13423392,29.4922,32.4219
13490512,33.3008,35.8398
13557968,31.3477,34.7656
13625760,32.0313,33.4961
13693892,35.9375,32.7148
13762364,32.5195,35.6445
13831176,30.8594,34.3750
13900332,32.3242,34.8633
13969836,37.2070,34.0820
14039688,33.3984,32.0313
14109888,35.0586,34.5703
14180440,30.8594,33.3008
14251344,31.8359,36.6211
14322604,30.6641,33.9844
14394220,31.3477,33.7891
14466192,31.1523,33.2031
14538524,33.2031,35.4492
14611220,33.3984,36.2305
14684280,30.6641,32.6172
14757704,30.4688,33.3984
14831496,28.9063,31.1523
14905656,31.2500,35.6445
14980188,34.0820,34.3750
15055092,30.8594,33.4961
15130368,29.5898,32.5195
15206020,29.9805,31.4453
15282052,30.5664,32.9102
15358464,29.9805,33.5938
15435260,30.4688,30.4688
15512440,33.2031,34.7656
15590004,30.1758,32.5195
15667956,31.5430,34.3750
15746296,31.3477,33.3984
15825028,30.0781,35.2539
15904156,32.1289,38.7695
15983680,32.6172,35.4492
16063600,32.8125,36.1328
16143920,31.6406,34.2773
16224640,31.3477,34.2773
16305764,30.9570,33.1055
16387296,30.1758,31.4453
16469236,31.7383,33.6914
16551584,31.7383,33.8867
16634344,32.1289,34.0820
16717516,30.8594,32.7148
16801104,32.6172,36.0352
16885112,33.1055,36.1328
16969540,34.4727,37.3047
17054388,32.0313,35.0586
17139660,33.4961,36.3281
17225360,29.8828,32.0313
17311488,34.2773,35.3516
17398048,32.8125,36.5234
17485040,34.7656,37.9883
17572468,31.1523,34.6680
17660332,31.8359,35.4492
17748636,34.1797,40.0391
17837380,33.8867,37.4023
17926568,44.9219,39.0625
18016204,31.3477,50.2930
18106288,32.7148,37.0117
18196820,32.9102,36.2305
18287808,36.3281,36.8164
18379248,31.0547,34.1797
18471148,33.1055,36.8164
18563504,32.2266,35.1563
18656324,33.1055,37.4023
18749608,31.3477,34.9609
18843360,35.8398,42.6758
18937580,29.1016,31.8359
19032268,32.4219,36.5234
19127432,35.3516,39.1602
19223072,30.8594,33.6914
19319188,35.2539,39.1602
19415784,33.1055,38.7695
19512864,32.2266,33.7891
19610432,36.9141,38.6719
19708488,33.7891,36.7188
19807032,30.5664,33.7891
19906068,31.6406,35.4492
20005600,31.5430,37.1094
20105628,33.2031,37.2070
20206160,35.5469,36.7188
20307192,32.7148,34.9609
20408728,30.0781,33.1055
20510772,36.1328,40.7227
20613328,35.5469,37.4023
20716396,34.3750,37.0117
20819980,31.8359,34.3750
20924080,32.9102,37.0117
21028704,33.3008,36.8164
21133848,33.7891,37.2070
21239520,33.5938,36.3281
21345720,33.7891,37.8906
21452452,32.9102,35.3516
21559716,35.6445,37.6953
21667516,32.5195,36.1328
21775856,31.4453,33.6914
21884736,45.7031,37.9883
21994160,34.4727,35.9375
22104132,33.1055,36.7188
22214656,35.2539,39.0625
22325732,33.5938,36.1328
22437364,31.8359,37.0117
22549552,35.5469,37.6953
22662300,31.4453,34.7656
22775612,33.6914,37.1094
22889492,34.6680,38.6719
23003940,31.9336,34.9609
23118960,34.0820,36.8164
23234556,30.6641,32.7148
23350732,35.2539,38.9648
23467488,36.4258,37.0117
23584828,33.2031,35.3516
23702756,35.4492,38.4766
23821272,33.2031,35.7422
23940380,32.4219,38.4766
24060084,34.0820,38.0859
24180388,34.3750,38.6719
24301292,34.0820,37.5000
24422800,41.1133,34.9609
24544916,34.1797,37.4023
24667644,35.5469,39.5508
24790984,34.3750,37.2070
24914940,35.5469,40.1367
25039516,31.8359,35.2539
25164716,33.8867,37.3047
25290540,38.8672,36.4258
25416996,36.9141,37.6953
25544084,33.1055,35.2539
25671808,36.9141,38.7695
25800168,35.4492,37.1094
25929172,37.4023,38.9648
26058820,39.7461,40.0391
26189116,35.2539,36.2305
26320064,32.8125,33.8867
26451668,34.4727,37.0117
26583928,34.2773,36.9141
26716848,34.9609,41.8945
26850436,37.9883,38.5742
26984692,37.5000,39.9414
27119616,33.7891,37.2070
27255216,34.6680,36.2305
27391496,61.8164,50.9766
27528456,52.2461,40.7227
27666100,49.6094,42.3828
27804432,39.6484,39.5508
27943456,37.4023,38.1836
28083176,40.0391,36.4258
28223592,36.0352,38.3789
28364712,35.9375,35.7422
28506536,42.1875,56.1523
28649072,38.7695,39.6484
28792320,38.0859,49.5117
28936284,44.5313,47.4609
29080968,38.8672,40.2344
29226376,38.4766,38.6719
29372508,40.3320,40.3320
29519372,48.1445,42.6758
29666972,40.7227,41.1133
29815308,42.2852,41.4063
29964388,43.2617,51.4648
30114212,64.7461,45.7031
30264784,43.4570,41.1133
30416108,43.0664,42.0898
30568192,45.8008,42.4805
30721036,51.4648,48.1445
30874644,52.3438,48.6328
31029020,46.9727,44.7266
31184168,55.0781,54.1992
31340092,48.7305,45.8008
31496796,42.0898,39.8438
31654280,42.6758,47.7539
31812552,49.2188,47.5586
31971616,44.0430,43.0664
32131476,45.4102,43.6523
32292136,47.6563,44.0430
32453600,55.0781,45.6055
32615868,45.2148,44.3359
32778948,58.6914,49.8047
32942844,51.7578,46.2891
33107560,50.1953,46.6797
33273100,56.9336,50.5859
33439468,46.3867,43.6523
33606668,56.7383,48.1445
33774704,47.6563,46.4844
33943580,48.4375,47.6563
34113300,48.4375,63.8672
34283868,50.0000,50.0000
34455288,50.3906,53.8086
34627568,49.0234,56.1523
34800708,53.6133,48.2422
34974712,48.5352,50.8789
35149588,48.0469,55.7617
35325336,56.3477,51.9531
35501964,52.3438,55.9570
35679476,61.1328,53.5156
35857876,58.2031,50.2930
36037168,60.3516,62.8906
36217356,56.3477,53.1250
36398444,65.4297,51.8555
36580440,66.9922,61.2305
36763344,52.8320,52.7344
36947164,57.5195,60.6445
37131900,59.2773,58.3008
37317560,53.5156,48.7305
37504148,65.5273,60.4492
37691672,56.5430,53.9063
37880132,75.3906,72.8516
38069536,74.6094,65.0391
38259884,74.5117,67.3828
38451184,61.3281,57.5195
38643440,61.1328,59.9609
38836660,64.5508,61.8164
39030844,62.6953,66.6992
39226000,57.6172,53.7109
39422132,61.7188,72.5586
39619244,98.7305,56.7383
39817344,58.3008,65.9180
40016432,71.5820,61.3281
40216516,68.1641,68.5547
40417600,63.3789,60.6445
40619688,77.1484,64.5508
40822788,71.0938,68.6523
41026904,79.1992,76.1719
41232040,74.3164,66.7969
41438204,78.4180,61.8164
41645396,63.7695,62.2070
41853624,63.1836,65.0391
42062896,78.8086,75.1953
42273212,68.4570,61.6211
42484580,68.3594,68.1641
42697004,65.0391,62.6953
42910492,76.3672,69.0430
43125048,71.3867,85.9375
43340676,71.8750,65.1367
43557380,70.5078,69.7266
43775168,71.0938,66.8945
43994044,61.1328,62.5000
44214016,67.8711,87.4023
44435088,94.1406,78.2227
44657264,69.6289,79.5898
44880552,66.1133,64.4531
45104956,71.0938,70.1172
45330484,72.3633,65.9180
45557140,75.0977,62.5977
45784928,77.0508,69.9219
46013856,70.8984,86.2305
46243928,67.0898,69.4336
46475148,76.1719,70.3125
46707524,77.4414,69.6289
46941064,68.1641,66.9922
47175772,71.0938,67.8711
47411652,75.4883,60.1563
47648712,76.0742,77.6367
47886956,78.1250,73.0469
48126392,73.0469,93.4570
48367024,72.2656,71.7773
48608860,80.3711,80.8594
48851908,100.1953,69.1406
49096168,79.2969,71.6797
49341652,77.3438,79.3945
49588364,92.0898,79.1992
49836308,101.4648,79.2969
50085492,78.2227,103.4180
50335920,124.3164,93.7500
50587600,99.9023,89.1602
50840540,91.4063,79.7852
51094744,92.0898,104.7852
51350220,115.9180,79.5898
51606972,90.0391,75.2930
51865008,99.8047,89.8438
52124336,92.8711,88.3789
52384960,100.6836,99.8047
52646888,87.0117,86.6211
52910124,87.7930,81.8359
53174676,91.4063,84.4727
53440552,87.8906,94.9219
53707756,111.8164,94.9219
53976296,93.8477,86.1328
54246180,91.1133,78.4180
54517412,95.0195,81.1523
54790000,95.9961,80.1758
55063952,114.9414,81.3477
55339272,88.6719,93.0664
55615972,98.7305,80.0781
55894052,90.8203,82.1289
56173524,85.2539,82.2266
56454392,86.7188,80.8594
56736664,100.5859,88.0859
57020348,174.1211,88.7695
57305452,92.0898,81.2500
57591980,89.9414,76.7578
57879940,88.5742,90.8203
58169340,83.7891,83.1055
58460188,89.8438,96.8750
58752492,107.6172,96.6797
59046256,93.0664,90.9180
59341488,89.5508,86.7188
59638196,90.9180,104.7852
59936388,98.0469,100.9766
60236072,98.7305,100.6836
60537256,90.5273,115.1367
60839944,87.1094,103.4180
61144144,119.1406,109.8633
61449868,122.8516,103.0273
61757120,113.6719,98.5352
62065908,103.6133,87.7930
62376240,93.9453,87.8906
62688124,96.7773,88.7695
63001568,89.7461,84.7656
63316576,100.7813,110.5469
63633160,101.0742,96.9727
63951328,97.6563,89.6484
64271088,133.0078,107.2266
64592444,100.0977,98.4375
64915408,91.7969,83.8867
65239988,122.9492,83.7891
65566188,104.4922,94.7266
65894020,104.7852,87.3047
66223492,111.3281,89.5508
66554612,109.9609,94.6289
66887388,104.8828,106.2500
