4,1.8555,1.6602
8,1.9531,2.0508
12,2.4414,2.3438
16,2.5391,2.8320
20,3.1250,2.6367
24,3.0273,2.5391
28,3.0273,2.8320
32,3.1250,2.7344
36,3.7109,3.4180
40,3.4180,3.6133
44,3.7109,3.3203
48,3.4180,2.7344
52,3.7109,3.2227
56,3.7109,3.2227
60,3.7109,3.4180
64,3.5156,3.4180
68,4.8828,3.7109
72,4.2969,3.4180
76,4.3945,3.5156
80,4.3945,3.3203
84,4.6875,3.0273
88,4.6875,3.5156
92,4.3945,3.3203
96,4.9805,3.3203
100,4.3945,3.3203
104,4.4922,3.2227
108,4.8828,3.4180
112,4.8828,3.1250
116,4.4922,3.2227
120,4.7852,3.9063
124,4.9805,3.7109
128,4.2969,3.7109
132,5.2734,4.0039
136,5.2734,4.1992
140,5.4688,4.0039
144,5.1758,6.8359
148,5.1758,3.5156
152,5.0781,3.8086
156,5.3711,3.6133
160,5.2734,3.8086
164,5.4688,4.1016
168,5.2734,4.1992
172,5.5664,3.9063
176,5.2734,4.0039
180,5.1758,4.1992
184,5.0781,4.2969
188,5.2734,3.7109
192,5.1758,3.7109
196,5.1758,4.3945
200,5.1758,4.3945
204,5.3711,4.3945
208,5.1758,4.1016
212,5.0781,4.1992
216,5.1758,4.1016
220,5.1758,3.9063
224,5.2734,4.1016
228,5.1758,3.9063
232,5.0781,3.7109
236,5.2734,3.9063
240,5.2734,4.3945
244,5.3711,3.9063
248,5.3711,4.1992
252,5.1758,3.9063
256,5.0781,4.1016
260,6.1523,4.3945
264,10.8398,7.4219
268,10.7422,7.2266
272,9.7656,6.1523
276,9.9609,7.4219
280,9.9609,6.7383
284,9.0820,6.0547
288,6.5430,4.6875
292,6.2500,4.8828
296,6.3477,4.9805
300,6.1523,5.1758
304,6.2500,3.6133
308,6.1523,4.6875
312,6.1523,4.6875
316,6.1523,4.7852
320,6.2500,4.4922
324,6.1523,4.6875
328,6.3477,5.0781
332,6.2500,4.1016
336,6.1523,3.9063
340,6.2500,4.6875
344,6.1523,4.6875
348,6.2500,4.2969
352,6.3477,3.5156
356,6.1523,5.4688
360,6.1523,4.7852
364,6.2500,5.3711
368,6.1523,5.6641
372,6.1523,4.7852
376,6.2500,3.6133
380,6.2500,4.7852
384,6.2500,3.5156
388,6.1523,4.9805
392,6.1523,4.2969
396,6.2500,4.7852
400,6.2500,4.9805
404,6.1523,4.2969
408,6.3477,4.5898
412,6.1523,4.9805
416,6.2500,4.9805
420,6.1523,4.8828
424,6.1523,4.9805
428,6.2500,4.9805
432,6.0547,4.1992
436,6.2500,4.3945
440,6.3477,4.6875
444,6.2500,4.7852
448,6.1523,5.0781
452,6.1523,4.7852
456,6.1523,5.3711
460,6.1523,4.5898
464,6.1523,4.1992
468,6.2500,4.2969
472,6.1523,4.7852
476,6.2500,4.8828
480,6.1523,4.7852
484,6.1523,4.3945
488,6.1523,4.8828
492,6.2500,4.4922
496,6.3477,4.3945
500,6.2500,6.0547
504,6.2500,4.8828
508,6.1523,4.1992
512,6.2500,4.9805
516,7.2266,5.9570
520,6.7383,5.8594
524,6.4453,5.5664
528,6.5430,4.8828
532,6.6406,5.0781
536,6.6406,6.3477
540,6.5430,3.3203
544,6.7383,5.2734
548,6.6406,5.2734
552,6.7383,5.2734
556,6.9336,3.3203
560,6.5430,5.9570
564,6.5430,4.4922
568,6.8359,5.8594
572,6.5430,3.9063
576,6.6406,5.4688
580,7.0313,5.2734
584,6.9336,5.4688
588,6.4453,5.1758
592,6.7383,6.3477
596,6.8359,5.8594
600,6.7383,4.3945
604,7.3242,3.9063
608,6.2500,6.3477
612,6.6406,4.3945
616,6.6406,4.8828
620,6.8359,5.1758
624,6.6406,5.9570
628,6.7383,6.0547
632,6.6406,4.0039
636,6.3477,6.4453
640,7.8125,5.2734
644,6.5430,6.3477
648,7.0313,5.1758
652,6.3477,5.5664
656,6.6406,4.8828
660,6.7383,4.9805
664,6.6406,4.6875
668,6.8359,5.5664
672,7.1289,5.2734
676,6.9336,5.1758
680,6.5430,4.8828
684,6.8359,4.9805
688,6.5430,5.0781
692,6.7383,4.2969
696,6.6406,5.4688
700,6.5430,6.3477
704,6.5430,5.0781
708,6.6406,4.7852
712,6.7383,5.2734
716,6.5430,3.4180
720,6.7383,5.0781
724,6.7383,5.2734
728,6.8359,5.1758
732,6.5430,6.3477
736,6.1523,4.9805
740,6.6406,4.1992
744,6.8359,4.7852
748,6.7383,4.5898
752,6.7383,5.6641
756,6.3477,5.0781
760,6.6406,5.8594
764,6.4453,4.1992
768,6.8359,5.2734
772,6.8359,4.8828
776,6.6406,5.8594
780,6.8359,3.3203
784,6.5430,6.1523
788,6.6406,4.1016
792,6.7383,5.0781
796,6.6406,4.1992
800,6.6406,5.9570
804,6.6406,5.9570
812,6.6406,5.5664
820,6.5430,4.9805
828,6.5430,5.3711
836,6.5430,4.5898
844,7.3242,4.7852
852,6.7383,3.7109
860,6.7383,5.3711
868,6.6406,4.2969
876,6.5430,5.8594
884,6.8359,4.9805
892,6.8359,5.4688
900,6.8359,4.9805
908,6.9336,4.7852
916,6.4453,4.4922
924,6.8359,5.0781
932,6.7383,4.5898
940,6.6406,4.6875
948,6.6406,5.2734
956,6.3477,5.3711
964,6.5430,4.8828
972,6.6406,5.0781
980,7.0313,5.3711
988,6.5430,6.0547
996,6.1523,5.5664
1004,6.3477,4.9805
1012,6.5430,4.8828
1020,7.4219,5.0781
1028,7.3242,5.5664
1036,7.5195,5.1758
1044,7.6172,6.0547
1052,7.3242,5.5664
1060,9.6680,5.5664
1068,7.3242,5.5664
1076,7.4219,5.6641
1084,7.1289,5.5664
1092,7.4219,6.1523
1100,7.4219,5.8594
1108,7.4219,5.4688
1116,7.4219,5.3711
1124,7.4219,5.6641
1132,7.1289,5.6641
1140,7.1289,6.0547
1148,7.3242,8.3008
1156,9.3750,7.5195
1164,7.5195,4.4922
1172,7.2266,6.0547
1180,7.3242,5.8594
1188,7.5195,5.1758
1196,7.3242,5.2734
1204,7.4219,5.2734
1212,7.2266,5.6641
1220,7.2266,5.5664
1228,7.3242,5.2734
1236,7.2266,6.0547
1244,7.1289,5.3711
1252,7.3242,5.7617
1260,7.1289,5.9570
1268,7.1289,6.0547
1276,7.5195,5.9570
1284,7.2266,5.7617
1292,7.1289,5.9570
1300,7.3242,5.3711
1308,7.4219,5.5664
1316,7.1289,5.4688
1324,7.2266,6.3477
1332,7.1289,6.3477
1340,7.4219,5.6641
1348,7.3242,5.5664
1356,7.2266,6.0547
1364,7.3242,5.8594
1372,7.3242,5.7617
1380,7.1289,6.7383
1388,7.4219,5.4688
1396,7.2266,5.6641
1404,7.5195,5.6641
1412,7.1289,5.6641
1420,7.2266,5.6641
1428,7.3242,6.2500
1436,7.2266,5.4688
1444,7.4219,6.0547
1452,7.3242,6.1523
1460,7.3242,5.6641
1468,7.0313,6.2500
1476,7.1289,5.4688
1484,7.0313,6.1523
1492,7.3242,6.0547
1500,7.3242,5.4688
1508,7.0313,5.7617
1516,7.3242,5.5664
1524,7.4219,5.4688
1532,7.1289,5.5664
1540,7.3242,5.9570
1548,7.4219,6.1523
1556,7.0313,5.3711
1564,7.1289,5.8594
1572,7.1289,5.9570
1580,7.5195,5.8594
1588,7.3242,5.9570
1596,7.3242,5.4688
1604,7.0313,5.3711
1616,7.6172,5.4688
1628,7.2266,6.1523
1640,7.1289,5.9570
1652,7.2266,5.5664
1664,7.3242,5.2734
1676,7.2266,5.5664
1688,9.3750,6.2500
1700,7.2266,5.2734
1712,7.2266,6.0547
1724,7.2266,5.7617
1736,7.1289,5.3711
1748,7.2266,5.7617
1760,7.1289,4.9805
1772,7.3242,5.3711
1784,7.5195,5.7617
1796,7.1289,5.5664
1808,7.2266,6.0547
1820,7.0313,5.8594
1832,7.3242,5.5664
1844,7.1289,5.8594
1856,7.1289,5.2734
1868,7.1289,5.9570
1880,7.2266,5.3711
1892,7.2266,5.6641
1904,7.1289,6.0547
1916,7.0313,5.7617
1928,7.2266,5.5664
1940,6.9336,5.7617
1952,7.3242,5.5664
1964,7.3242,5.3711
1976,7.4219,5.2734
1988,7.1289,7.2266
2000,7.4219,5.3711
2012,7.2266,5.4688
2024,6.9336,5.5664
2036,7.2266,5.9570
2048,7.4219,6.7383
2060,8.0078,6.0547
2072,7.6172,6.0547
2084,7.7148,6.2500
2096,7.9102,6.3477
2108,8.2031,6.9336
2120,7.8125,6.1523
2132,8.3008,6.5430
2144,7.9102,5.4688
2156,8.3008,6.6406
2168,8.3008,6.3477
2180,7.7148,5.4688
2192,8.9844,6.4453
2204,8.4961,6.5430
2216,7.5195,6.2500
2228,8.0078,6.6406
2240,8.1055,6.2500
2252,7.4219,6.3477
2264,7.6172,5.5664
2276,6.9336,5.9570
2288,10.7422,8.0078
2300,8.3008,6.0547
2312,7.5195,6.1523
2324,8.2031,6.0547
2336,7.9102,6.5430
2348,8.6914,6.5430
2360,7.9102,6.0547
2372,8.5938,6.2500
2384,8.2031,6.4453
2396,8.1055,6.0547
2408,8.3008,6.1523
2424,8.0078,6.1523
2440,8.0078,6.1523
2456,7.3242,6.4453
2472,7.5195,6.4453
2488,7.4219,6.5430
2504,7.3242,6.2500
2520,9.1797,5.8594
2536,6.4453,6.4453
2552,8.7891,6.4453
2568,6.7383,6.1523
2584,8.5938,6.4453
2600,8.5938,6.3477
2616,7.6172,6.6406
2632,6.8359,6.4453
2648,7.8125,6.8359
2664,7.1289,6.4453
2680,8.2031,6.6406
2696,8.3008,6.3477
2712,8.3984,6.0547
2728,8.3984,6.7383
2744,8.3984,6.2500
2760,8.3008,6.3477
2776,8.4961,6.3477
2792,8.5938,6.5430
2808,8.2031,6.0547
2824,8.3008,5.9570
2840,8.1055,5.9570
2856,8.1055,6.5430
2872,8.3008,6.2500
2888,8.5938,6.6406
2904,8.3008,6.2500
2920,8.4961,6.0547
2936,8.4961,6.7383
2952,8.2031,6.3477
2968,8.2031,6.1523
2984,8.3984,6.4453
3000,8.3008,6.3477
3016,10.2539,6.5430
3032,8.3984,6.5430
3048,8.5938,6.4453
3064,8.3984,6.8359
3080,8.1055,6.0547
3096,8.5938,5.8594
3112,8.3984,6.2500
3128,8.2031,6.6406
3144,8.3984,6.3477
3160,8.3984,6.6406
3176,8.3984,5.9570
3192,8.2031,6.1523
3208,8.2031,6.4453
3228,8.3984,6.1523
3248,7.6172,6.1523
3268,7.6172,6.3477
3288,7.4219,6.5430
3308,7.0313,6.4453
3328,7.6172,6.4453
3348,7.7148,6.1523
3368,8.2031,6.3477
3388,7.9102,6.2500
3408,7.5195,6.5430
3428,7.0313,6.3477
3448,9.5703,6.2500
3468,7.8125,6.2500
3488,7.2266,6.3477
3508,8.0078,6.1523
3528,6.3477,6.1523
3548,6.2500,6.1523
3568,7.9102,6.6406
3588,8.2031,6.3477
3608,8.6914,6.2500
3628,6.9336,6.1523
3648,9.0820,5.8594
3668,8.1055,6.1523
3688,7.6172,6.6406
3708,7.9102,6.0547
3728,8.1055,6.3477
3748,7.3242,6.0547
3768,7.1289,5.6641
3788,8.8867,6.2500
3808,7.7148,6.5430
3828,8.2031,6.4453
3848,7.2266,5.9570
3868,7.1289,6.4453
3888,8.8867,6.3477
3908,7.7148,6.0547
3928,8.1055,5.7617
3948,7.8125,6.2500
3968,8.2031,5.9570
3988,6.7383,6.2500
4008,7.7148,6.7383
4032,8.2031,6.0547
4056,8.1055,6.3477
4080,8.3008,6.1523
4104,8.3984,6.1523
4128,8.3984,6.7383
4152,8.6914,7.0313
4176,8.6914,6.7383
4200,8.9844,7.1289
4224,8.5938,7.0313
4248,8.4961,6.8359
4272,8.6914,6.9336
4296,8.3984,6.7383
4320,8.7891,6.5430
4344,8.3984,7.0313
4368,8.7891,6.5430
4392,8.5938,6.7383
4416,8.7891,6.8359
4440,8.5938,6.6406
4464,8.7891,6.7383
4488,8.6914,6.5430
4512,8.4961,6.7383
4536,8.7891,6.6406
4560,8.7891,6.9336
4584,8.5938,6.6406
4608,8.5938,6.8359
4632,8.4961,7.6172
4656,8.5938,6.9336
4680,8.4961,6.8359
4704,8.4961,7.2266
4728,8.5938,6.6406
4752,8.8867,6.8359
4776,8.5938,6.9336
4800,8.4961,7.2266
4824,8.3984,7.3242
4852,8.3008,6.7383
4880,8.4961,6.8359
4908,8.5938,7.2266
4936,8.6914,6.8359
4964,8.5938,6.9336
4992,8.3984,7.1289
5020,8.5938,6.8359
5048,8.4961,7.0313
5076,8.5938,8.1055
5104,8.5938,7.1289
5132,8.5938,6.9336
5160,8.5938,6.7383
5188,8.7891,6.5430
5216,8.3984,7.0313
5244,8.4961,7.0313
5272,8.6914,6.5430
5300,8.3984,6.9336
5328,8.3008,6.8359
5356,8.7891,7.2266
5384,8.4961,6.6406
5412,8.3984,7.1289
5440,8.6914,6.7383
5468,8.3984,6.4453
5496,8.7891,6.7383
5524,8.6914,6.6406
5552,8.4961,6.4453
5580,8.4961,6.9336
5608,8.6914,7.1289
5640,8.5938,6.8359
5672,8.4961,6.7383
5704,8.8867,7.0313
5736,8.6914,6.7383
5768,8.5938,7.0313
5800,8.5938,6.7383
5832,8.5938,6.7383
5864,8.5938,6.8359
5896,8.6914,6.9336
5928,8.5938,7.6172
5960,8.5938,6.5430
5992,8.4961,6.9336
6024,8.7891,6.7383
6056,8.4961,6.8359
6088,8.7891,6.7383
6120,8.3008,6.6406
6152,8.6914,6.7383
6184,8.5938,6.9336
6216,8.4961,6.4453
6248,8.5938,6.9336
6280,8.4961,6.9336
6312,8.5938,6.9336
6344,8.7891,7.0313
6376,8.6914,6.9336
6408,8.4961,6.8359
6444,8.4961,7.0313
6480,8.4961,7.0313
6516,8.6914,6.6406
6552,8.6914,6.7383
6588,8.4961,7.4219
6624,8.7891,6.5430
6660,8.7891,6.6406
6696,8.4961,6.7383
6732,8.6914,7.1289
6768,8.4961,7.0313
6804,8.3984,7.0313
6840,8.7891,6.7383
6876,8.5938,6.8359
6912,8.4961,6.5430
6948,8.4961,6.8359
6984,8.7891,7.0313
7020,8.5938,6.6406
7056,8.3984,6.9336
7092,8.3984,6.5430
7128,8.6914,6.9336
7164,8.9844,6.8359
7200,8.7891,6.7383
7236,8.6914,6.9336
7276,8.5938,6.2500
7316,8.4961,6.7383
7356,8.4961,6.4453
7396,10.5469,6.8359
7436,8.5938,6.6406
7476,8.3008,6.4453
7516,8.5938,6.7383
7556,8.4961,6.8359
7596,8.6914,6.7383
7636,8.7891,6.7383
7676,8.6914,7.2266
7716,8.5938,6.9336
7756,8.5938,6.8359
7796,8.5938,6.9336
7836,8.4961,7.0313
7876,8.6914,6.8359
7916,8.5938,6.7383
7956,8.5938,6.8359
7996,8.5938,7.1289
8036,8.5938,6.5430
8080,8.3008,6.7383
8124,8.4961,7.3242
8168,8.4961,6.6406
8212,8.9844,7.3242
8256,8.8867,7.4219
8300,9.2773,7.2266
8344,8.7891,9.5703
8388,8.9844,7.9102
8432,9.1797,7.2266
8476,8.7891,7.4219
8520,8.7891,8.0078
8564,9.0820,7.1289
8608,8.6914,7.1289
8652,8.6914,7.4219
8696,9.1797,7.5195
8740,8.8867,8.1055
8784,9.1797,7.7148
8828,8.8867,7.7148
8876,8.8867,7.5195
8924,9.2773,7.5195
8972,8.7891,7.8125
9020,9.0820,7.4219
9068,9.1797,7.2266
9116,9.0820,7.1289
9164,8.7891,6.8359
9212,8.8867,7.8125
9260,8.4961,7.4219
9308,8.7891,7.2266
9356,9.1797,7.1289
9404,8.7891,8.6914
9452,9.3750,7.3242
9500,9.0820,8.0078
9548,9.2773,7.7148
9596,8.9844,7.1289
9644,9.3750,7.6172
9696,9.1797,7.7148
9748,8.9844,7.0313
9800,9.2773,7.9102
9852,8.8867,6.9336
9904,8.9844,7.5195
9956,9.4727,7.7148
10008,9.1797,7.6172
10060,9.5703,7.2266
10112,8.7891,6.8359
10164,8.9844,7.0313
10216,9.1797,7.4219
10268,8.7891,7.7148
10320,8.9844,7.0313
10372,8.7891,7.0313
10424,9.0820,7.6172
10480,8.9844,7.9102
10536,9.1797,6.8359
10592,9.3750,6.9336
10648,9.3750,7.0313
10704,8.9844,7.6172
10760,9.5703,7.2266
10816,8.8867,6.8359
10872,9.2773,7.4219
10928,9.1797,6.9336
10984,9.0820,7.0313
11040,8.7891,7.2266
11096,9.3750,7.5195
11152,8.8867,7.6172
11208,9.5703,7.3242
11268,9.2773,7.1289
11328,8.7891,6.7383
11388,9.0820,7.1289
11448,9.2773,7.7148
11508,9.0820,7.8125
11568,8.7891,7.3242
11628,9.4727,7.8125
11688,8.8867,7.1289
11748,8.9844,7.1289
11808,9.3750,7.5195
11868,9.1797,7.2266
11928,8.8867,7.3242
11988,9.4727,7.6172
12048,8.9844,7.3242
12112,9.1797,7.3242
12176,9.1797,6.5430
12240,8.6914,7.3242
12304,8.9844,7.7148
12368,9.4727,7.3242
12432,9.2773,7.4219
12496,8.7891,7.3242
12560,9.3750,7.6172
12624,8.8867,7.1289
12688,8.9844,7.3242
12752,8.9844,7.0313
12816,8.9844,7.0313
12884,8.6914,6.9336
12952,8.8867,7.7148
13020,9.0820,7.2266
13088,8.6914,7.3242
13156,9.3750,6.6406
13224,8.9844,7.4219
13292,9.1797,7.1289
13360,9.0820,7.4219
13428,9.6680,7.2266
13496,9.0820,6.8359
13564,9.0820,7.4219
13632,8.3984,7.3242
13704,10.0586,7.3242
13776,9.0820,7.4219
13848,9.0820,7.6172
13920,9.0820,7.1289
13992,8.7891,6.9336
14064,8.5938,7.2266
14136,9.2773,7.5195
14208,8.7891,7.4219
14280,9.0820,7.1289
14352,9.0820,7.1289
14424,9.1797,6.9336
14500,9.0820,7.5195
14576,9.8633,7.5195
14652,9.0820,7.6172
14728,9.0820,7.2266
14804,8.9844,7.6172
14880,8.6914,7.3242
14956,9.0820,7.8125
15032,8.7891,7.5195
15108,9.1797,6.8359
15184,9.0820,7.4219
15260,8.7891,7.0313
15340,9.0820,7.6172
15420,8.7891,7.7148
15500,9.0820,7.2266
15580,8.8867,7.7148
15660,9.3750,8.0078
15740,8.6914,7.0313
15820,9.0820,7.2266
15900,9.2773,7.6172
15980,9.6680,7.1289
16060,9.1797,7.6172
16144,8.7891,6.9336
16228,9.0820,7.1289
16312,9.0820,7.2266
16396,9.2773,7.1289
16480,9.7656,7.7148
16564,9.5703,7.8125
16648,9.7656,8.0078
16732,9.6680,7.7148
16816,9.4727,7.8125
16904,9.2773,9.5703
16992,9.6680,7.8125
17080,9.5703,7.5195
17168,9.5703,7.3242
17256,9.2773,8.1055
17344,9.5703,7.8125
17432,9.2773,8.4961
17520,9.2773,7.9102
17608,10.1563,9.5703
17700,9.7656,7.7148
17792,9.6680,7.7148
17884,9.2773,7.9102
17976,9.2773,7.7148
18068,9.3750,8.0078
18160,9.2773,8.1055
18252,9.3750,7.8125
18344,9.2773,8.0078
18436,9.4727,8.2031
18532,9.4727,8.2031
18628,9.4727,7.5195
18724,9.3750,7.8125
18820,9.3750,14.1602
18916,14.5508,11.2305
19012,14.3555,10.6445
19108,14.3555,10.6445
19204,14.5508,10.8398
19304,14.4531,10.3516
19404,14.6484,11.0352
19504,14.4531,11.4258
19604,14.9414,10.9375
19704,14.1602,11.7188
19804,14.6484,10.5469
19904,14.6484,10.8398
20004,14.2578,10.6445
20108,14.6484,10.5469
20212,14.5508,10.6445
20316,14.1602,10.5469
20420,9.4727,7.6172
20524,9.4727,7.6172
20628,9.5703,7.9102
20732,9.6680,8.0078
20836,9.6680,8.1055
20944,9.5703,8.1055
21052,9.3750,7.5195
21160,9.5703,8.1055
21268,9.7656,8.0078
21376,9.4727,8.0078
21484,9.6680,7.6172
21592,9.1797,8.0078
21700,9.4727,8.3008
21812,9.7656,8.2031
21924,9.3750,7.2266
22036,9.5703,8.2031
22148,9.5703,7.6172
22260,9.3750,7.8125
22372,9.4727,8.2031
22484,9.3750,7.6172
22600,9.2773,7.6172
22716,9.5703,7.8125
22832,9.3750,7.9102
22948,9.4727,7.3242
23064,9.5703,7.9102
23180,9.1797,7.7148
23296,9.3750,8.2031
23416,9.3750,7.0313
23536,9.2773,7.4219
23656,9.3750,8.0078
23776,9.3750,7.8125
23896,9.4727,7.9102
24016,9.3750,7.6172
24140,9.3750,7.8125
24264,9.3750,7.8125
24388,9.1797,7.6172
24512,9.3750,8.2031
24636,9.6680,8.3984
24760,9.3750,7.9102
24884,9.7656,7.9102
25012,9.4727,8.3984
25140,9.4727,7.8125
25268,9.4727,8.1055
25396,9.5703,7.8125
25524,11.5234,7.3242
25652,9.3750,8.0078
25784,9.4727,7.8125
25916,9.4727,7.7148
26048,9.4727,7.6172
26180,9.4727,8.0078
26312,9.4727,7.7148
26444,9.3750,7.7148
26580,9.4727,8.0078
26716,9.4727,8.0078
26852,9.4727,7.9102
26988,9.1797,7.5195
27124,9.4727,8.2031
27260,9.2773,8.3008
27400,9.4727,8.2031
27540,9.4727,7.7148
27680,9.2773,7.3242
27820,9.6680,8.1055
27960,9.5703,8.0078
28100,9.1797,7.7148
28244,9.8633,7.7148
28388,9.3750,7.7148
28532,9.3750,7.5195
28676,9.5703,7.6172
28820,9.2773,7.7148
28968,9.7656,8.1055
29116,9.5703,7.5195
29264,9.5703,8.3008
29412,9.2773,7.4219
29560,9.2773,8.0078
29708,9.3750,7.8125
29860,9.4727,8.0078
30012,9.3750,7.7148
30164,9.3750,8.3008
30316,9.5703,7.8125
30468,9.4727,7.9102
30624,9.5703,7.9102
30780,9.5703,8.3008
30936,9.9609,7.9102
31092,9.4727,7.9102
31248,9.3750,7.9102
31408,9.4727,8.0078
31568,9.2773,7.7148
31728,9.3750,7.7148
31888,11.2305,7.7148
32048,9.3750,7.8125
32212,9.5703,7.9102
32376,9.5703,7.7148
32540,9.4727,8.0078
32704,9.3750,7.8125
32868,10.0586,7.8125
33036,10.0586,8.3008
33204,10.1563,8.9844
33372,10.0586,8.2031
33540,9.8633,8.0078
33708,9.6680,8.5938
33880,10.4492,7.9102
34052,9.7656,8.3984
34224,10.4492,9.4727
34396,9.9609,7.8125
34568,9.9609,8.4961
34744,10.1563,8.2031
34920,9.6680,8.0078
35096,9.5703,8.0078
35272,9.7656,8.2031
35452,12.1094,8.3984
35632,10.3516,8.8867
35812,10.1563,8.7891
35992,9.7656,8.4961
36172,10.0586,9.5703
36356,10.0586,6.9336
36540,9.5703,8.3984
36724,11.3281,8.5938
36908,9.4727,8.2031
37096,10.1563,7.7148
37284,9.9609,8.0078
37472,9.8633,7.9102
37660,10.1563,8.1055
37852,10.1563,9.3750
38044,9.4727,7.8125
38236,9.5703,7.6172
38428,9.9609,8.5938
38624,10.1563,8.1055
38820,10.0586,8.1055
39016,9.9609,8.0078
39212,10.0586,8.7891
39412,10.0586,8.2031
39612,10.3516,7.8125
39812,9.8633,8.7891
40012,9.9609,8.2031
40216,10.5469,9.0820
40420,9.8633,9.1797
40624,10.2539,9.3750
40828,10.0586,8.2031
41036,9.8633,7.8125
41244,10.0586,7.9102
41452,10.2539,8.4961
41660,10.2539,9.0820
41872,9.8633,8.4961
42084,10.2539,9.4727
42296,10.0586,7.9102
42508,10.2539,8.0078
42724,9.8633,8.7891
42940,9.5703,8.0078
43156,10.0586,8.7891
43372,9.5703,8.3008
43592,9.8633,8.8867
43812,9.8633,10.4492
44032,9.9609,8.2031
44256,9.9609,8.3008
44480,9.9609,8.3008
44704,9.9609,8.2031
44928,9.9609,7.6172
45156,9.9609,7.2266
45384,10.1563,8.0078
45612,10.2539,8.1055
45844,9.7656,8.5938
46076,9.8633,8.6914
46308,9.6680,8.1055
46540,9.9609,7.7148
46776,10.4492,8.6914
47012,9.8633,7.5195
47248,9.9609,8.6914
47488,9.9609,8.1055
47728,10.0586,8.4961
47968,10.2539,8.6914
48208,9.6680,8.9844
48452,9.5703,7.8125
48696,9.4727,8.7891
48940,9.9609,9.2773
49188,10.0586,8.5938
49436,9.7656,7.3242
49684,9.6680,8.6914
49936,9.5703,8.5938
50188,9.8633,7.6172
50440,9.9609,8.3008
50696,9.8633,8.7891
50952,10.1563,8.1055
51208,9.6680,8.7891
51468,9.4727,8.1055
51728,9.8633,8.5938
51988,9.8633,9.1797
52248,10.0586,8.6914
52512,9.7656,8.3984
52776,9.9609,8.7891
53040,9.8633,9.2773
53308,10.0586,8.9844
53576,10.4492,8.4961
53844,9.8633,8.9844
54116,10.0586,8.4961
54388,12.5000,9.1797
54660,9.9609,8.9844
54936,10.3516,9.1797
55212,9.7656,8.3984
55492,10.1563,8.9844
55772,9.9609,8.3984
56052,9.8633,8.4961
56336,9.9609,8.6914
56620,9.8633,8.3984
56904,9.6680,8.0078
57192,9.9609,7.8125
57480,10.1563,7.8125
57768,9.9609,8.2031
58060,10.0586,8.9844
58352,9.7656,9.1797
58644,9.7656,8.5938
58940,9.8633,8.3008
59236,9.8633,9.4727
59536,9.9609,8.3008
59836,9.8633,8.0078
60136,9.9609,8.4961
60440,9.9609,10.5469
60744,9.9609,9.0820
61048,10.1563,8.1055
61356,10.0586,8.6914
61664,9.9609,8.5938
61976,9.7656,8.5938
62288,9.8633,8.3008
62600,10.2539,8.4961
62916,10.2539,8.0078
63232,10.1563,8.6914
63552,9.7656,8.2031
63872,9.9609,8.3984
64192,10.0586,8.4961
64516,9.9609,8.8867
64840,9.9609,8.9844
65168,10.0586,9.0820
65496,10.1563,8.6914
65824,10.9375,8.9844
66156,9.8633,8.6914
66488,10.0586,8.3984
66824,9.9609,9.1797
67160,10.4492,9.2773
67496,11.1328,8.9844
67836,10.4492,9.2773
68176,10.4492,9.3750
68520,10.1563,8.4961
68864,10.6445,9.1797
69212,10.7422,8.7891
69560,10.3516,9.1797
69908,10.4492,8.2031
70260,10.4492,8.7891
70612,10.1563,8.7891
70968,10.3516,9.1797
71324,10.4492,9.1797
71684,10.4492,9.0820
72044,10.3516,8.8867
72408,10.1563,8.4961
72772,9.9609,9.1797
73136,10.4492,9.2773
73504,10.3516,9.1797
73872,10.6445,9.3750
74244,10.0586,11.1328
74616,10.4492,9.2773
74992,10.2539,9.1797
75368,10.3516,9.3750
75748,14.1602,9.0820
76128,10.7422,9.1797
76512,11.0352,8.7891
76896,10.3516,9.2773
77284,10.3516,8.9844
77672,10.5469,9.1797
78064,10.2539,8.8867
78456,9.8633,8.7891
78852,10.9375,9.2773
79248,10.6445,8.9844
79648,9.9609,8.4961
80048,9.6680,8.6914
80452,10.5469,8.8867
80856,10.2539,9.1797
81264,10.7422,9.1797
81672,10.8398,9.4727
82084,9.9609,8.9844
82496,10.2539,9.4727
82912,10.6445,9.2773
83328,10.3516,8.8867
83748,10.4492,9.1797
84168,10.1563,9.2773
84592,10.7422,9.1797
85016,10.7422,9.2773
85444,10.6445,9.2773
85872,10.6445,9.4727
86304,10.7422,8.9844
86736,10.8398,9.0820
87172,10.6445,8.3984
87608,10.4492,9.2773
88048,10.3516,8.9844
88492,10.0586,9.1797
88936,10.4492,9.5703
89384,10.6445,9.0820
89832,10.5469,9.3750
90284,10.3516,8.4961
90736,10.1563,8.9844
91192,15.0391,11.2305
91648,10.4492,9.5703
92108,9.6680,8.9844
92572,10.2539,8.9844
93036,10.2539,9.1797
93504,10.1563,9.0820
93972,10.1563,8.8867
94444,10.7422,9.4727
94920,10.5469,9.1797
95396,10.9375,9.1797
95876,10.5469,8.5938
96356,10.6445,9.2773
96840,9.8633,9.3750
97328,10.4492,8.7891
97816,10.6445,8.8867
98308,10.4492,9.0820
98800,10.1563,9.0820
99296,10.1563,9.2773
99796,10.4492,8.6914
100296,10.9375,8.4961
100800,9.8633,9.4727
101304,11.1328,9.2773
101812,10.4492,9.2773
102324,9.5703,8.6914
102836,10.1563,8.7891
103352,10.3516,8.8867
103872,10.3516,9.0820
104392,10.3516,8.4961
104916,10.0586,9.0820
105444,10.0586,8.6914
105972,10.5469,9.2773
106504,10.4492,8.8867
107040,10.1563,9.3750
107576,10.3516,8.6914
108116,10.5469,9.0820
108660,10.5469,9.2773
109204,10.4492,8.8867
109752,10.6445,9.3750
110304,10.4492,8.9844
110856,10.3516,10.6445
111412,10.6445,8.9844
111972,9.9609,8.4961
112532,10.4492,9.8633
113096,10.2539,9.4727
113664,10.2539,8.9844
114236,10.9375,9.3750
114808,11.1328,9.3750
115384,10.7422,8.9844
115964,10.1563,8.9844
116544,10.3516,8.8867
117128,10.6445,8.7891
117716,10.5469,8.8867
118308,10.2539,9.0820
118900,10.7422,8.6914
119496,10.5469,9.2773
120096,10.8398,9.4727
120700,10.8398,9.3750
121304,10.4492,9.0820
121912,10.2539,8.5938
122524,10.1563,9.2773
123140,9.3750,9.1797
123756,10.3516,8.8867
124376,10.4492,8.7891
125000,10.3516,9.0820
125628,10.5469,8.8867
126260,10.3516,8.8867
126892,10.4492,8.6914
127528,10.3516,9.3750
128168,10.4492,9.2773
128812,9.9609,9.0820
129460,10.4492,9.0820
130108,10.2539,9.1797
130760,10.0586,8.9844
131416,10.2539,8.4961
132076,11.5234,9.5703
132740,10.9375,9.6680
133404,10.4492,9.6680
134072,11.8164,9.2773
134744,10.3516,9.7656
135420,12.2070,9.3750
136100,11.5234,10.4492
136784,10.9375,9.9609
137468,11.0352,9.8633
138156,9.6680,10.6445
138848,12.0117,9.8633
139544,10.6445,9.5703
140244,11.5234,9.2773
140948,10.1563,9.6680
141656,11.3281,9.3750
142368,10.8398,9.3750
143080,11.1328,9.6680
143796,11.0352,9.9609
144516,11.8164,9.5703
145240,12.4023,9.5703
145968,9.8633,9.9609
146700,10.5469,9.1797
147436,11.9141,9.7656
148176,12.3047,9.8633
148920,13.3789,9.3750
149668,11.5234,9.0820
150420,11.2305,9.4727
151176,10.7422,9.0820
151932,10.0586,10.8398
152692,9.6680,9.3750
153456,12.1094,9.2773
154224,11.4258,8.9844
154996,11.0352,9.1797
155772,10.6445,9.3750
156552,10.6445,9.0820
157336,10.3516,9.5703
158124,10.9375,9.3750
158916,11.4258,9.3750
159712,10.9375,9.8633
160512,11.7188,10.0586
161316,9.9609,8.9844
162124,11.7188,9.5703
162936,8.5938,8.3984
163752,13.9648,9.1797
164572,10.8398,9.1797
165396,11.2305,9.3750
166224,10.5469,9.5703
167056,12.0117,9.5703
167892,11.6211,9.3750
168732,10.6445,9.3750
169576,11.2305,9.8633
170424,10.9375,10.4492
171280,10.4492,8.9844
172140,11.1328,9.6680
173004,10.9375,9.7656
173872,11.3281,8.9844
174744,10.5469,9.9609
175620,10.5469,10.1563
176500,11.3281,8.9844
177384,10.0586,9.1797
178272,11.1328,10.3516
179164,10.5469,10.2539
180060,13.8672,10.0586
180964,10.5469,9.2773
181872,11.0352,8.8867
182784,10.7422,9.6680
183700,10.9375,9.5703
184620,10.6445,9.0820
185544,10.3516,9.0820
186472,11.6211,9.7656
187408,11.3281,9.5703
188348,10.1563,9.5703
189292,11.5234,9.5703
190240,10.2539,10.0586
191192,11.8164,9.6680
192148,12.0117,10.2539
193112,10.0586,9.9609
194080,11.4258,9.7656
195052,10.8398,9.4727
196028,10.5469,9.1797
197012,11.3281,10.4492
198000,11.6211,9.8633
198992,10.0586,9.8633
199988,11.6211,9.8633
200988,10.8398,9.5703
201996,11.8164,9.9609
203008,11.5234,9.5703
204024,11.9141,9.9609
205048,11.4258,9.5703
206076,11.1328,9.0820
207108,11.5234,9.4727
208144,11.4258,9.0820
209188,9.1797,9.6680
210236,11.4258,9.6680
211288,10.5469,9.2773
212348,11.9141,9.1797
213412,11.0352,9.5703
214480,12.3047,9.5703
215556,10.0586,9.6680
216636,10.8398,9.7656
217720,12.3047,10.2539
218812,10.1563,10.8398
219908,11.3281,10.1563
221008,10.4492,9.6680
222116,11.5234,9.5703
223228,11.4258,10.4492
224348,12.0117,9.7656
225472,11.4258,9.6680
226600,10.3516,9.4727
227736,11.8164,9.4727
228876,9.7656,8.8867
230024,11.0352,10.1563
231176,11.2305,9.7656
232332,9.6680,9.3750
233496,11.1328,9.7656
234664,10.0586,9.2773
235840,10.3516,9.7656
237020,11.1328,9.2773
238208,11.5234,9.4727
239400,11.1328,9.6680
240600,11.2305,9.6680
241804,9.9609,9.5703
243016,11.4258,9.1797
244232,11.4258,9.4727
245456,10.6445,9.7656
246684,11.9141,9.5703
247920,11.6211,10.0586
249160,11.1328,9.3750
250408,11.2305,8.9844
251664,9.8633,8.8867
252924,11.4258,9.9609
254192,10.9375,9.7656
255464,11.2305,9.5703
256744,10.3516,9.7656
258028,11.0352,10.1563
259320,10.9375,9.7656
260620,11.3281,9.5703
261924,10.3516,10.3516
263236,11.6211,10.4492
264556,11.3281,10.3516
265880,11.7188,9.9609
267212,12.0117,10.1563
268552,11.9141,10.6445
269896,10.7422,9.7656
271248,11.8164,9.9609
272608,11.0352,10.2539
273972,11.7188,9.9609
275344,11.2305,10.6445
276724,11.8164,10.4492
278108,12.1094,9.8633
279500,11.6211,9.7656
280900,11.2305,9.8633
282308,15.1367,15.1367
283720,17.0898,10.6445
285140,14.1602,10.4492
286568,11.4258,9.8633
288004,11.9141,9.9609
289448,11.8164,10.8398
290896,11.3281,9.8633
292352,11.9141,10.1563
293816,11.9141,10.4492
295288,11.8164,10.1563
296768,12.0117,10.0586
298252,11.8164,10.1563
299744,12.2070,10.5469
301244,11.8164,9.8633
302752,11.3281,9.6680
304268,11.9141,10.3516
305792,12.3047,10.5469
307324,10.9375,10.3516
308864,11.4258,10.6445
310412,11.8164,10.4492
311968,11.2305,10.4492
313528,12.0117,9.9609
315096,12.0117,10.5469
316672,11.6211,10.7422
318256,11.3281,10.2539
319848,12.2070,10.2539
321448,11.5234,11.0352
323056,11.0352,10.1563
324672,11.8164,10.1563
326296,11.6211,10.4492
327928,11.6211,9.7656
329568,11.4258,9.6680
331216,12.4023,10.3516
332876,10.9375,9.5703
334544,11.6211,10.0586
336220,11.4258,9.7656
337904,11.4258,9.9609
339596,12.4023,10.7422
341296,10.9375,10.6445
343004,11.6211,10.0586
344720,11.9141,10.1563
346444,11.4258,9.6680
348180,12.7930,10.1563
349924,11.3281,10.3516
351676,11.3281,10.1563
353436,11.5234,9.9609
355204,11.6211,10.1563
356984,12.2070,10.0586
358772,11.2305,9.8633
360568,11.9141,10.4492
362372,12.0117,10.0586
364184,11.8164,10.1563
366008,10.9375,9.5703
367840,11.6211,9.9609
369680,11.3281,10.1563
371532,11.5234,9.9609
373392,11.5234,9.6680
375260,11.8164,10.0586
377140,11.1328,9.4727
379028,11.3281,10.8398
380924,11.3281,10.2539
382832,11.6211,10.1563
384748,10.6445,10.1563
386672,12.6953,10.4492
388608,11.9141,10.0586
390552,10.8398,10.4492
392508,11.9141,10.2539
394472,14.0625,13.7695
396448,12.1094,9.8633
398432,11.7188,10.2539
400428,11.5234,9.8633
402432,12.0117,10.7422
404448,12.3047,10.0586
406472,11.7188,9.5703
408508,11.3281,9.6680
410552,11.7188,10.6445
412608,12.5000,10.3516
414672,11.8164,10.3516
416748,11.6211,10.3516
418832,11.9141,10.4492
420928,12.0117,9.7656
423036,12.5000,10.5469
425152,11.7188,10.0586
427280,12.6953,10.5469
429420,11.7188,9.3750
431568,11.4258,9.7656
433728,11.8164,9.9609
435900,12.0117,10.5469
438080,11.8164,10.5469
440272,11.3281,9.9609
442476,11.8164,10.3516
444692,11.3281,9.7656
446916,11.5234,9.7656
449152,12.1094,10.7422
451400,11.0352,9.9609
453660,11.6211,10.8398
455932,11.3281,9.6680
458212,10.7422,10.1563
460504,12.3047,10.1563
462808,12.0117,10.3516
465124,12.1094,10.3516
467452,11.4258,10.3516
469792,12.3047,10.4492
472144,12.0117,10.7422
474508,11.4258,10.1563
476884,11.3281,10.5469
479272,11.0352,9.9609
481672,11.9141,10.7422
484084,12.0117,10.2539
486508,11.2305,10.0586
488944,12.0117,10.2539
491392,11.7188,9.7656
493852,11.3281,10.2539
496324,18.9453,10.7422
498808,12.5977,10.2539
501304,11.4258,10.0586
503812,11.5234,10.1563
506332,12.0117,10.1563
508864,12.5000,10.6445
511412,11.9141,10.6445
513972,11.3281,10.1563
516544,11.1328,10.7422
519128,11.6211,10.0586
521724,11.2305,10.2539
524336,12.0117,10.3516
526960,12.0117,10.8398
529596,12.2070,10.3516
532244,12.5977,11.0352
534908,12.0117,10.6445
537584,12.5977,10.9375
540272,12.0117,10.6445
542976,11.9141,10.0586
545692,12.1094,10.8398
548424,12.6953,10.5469
551168,12.6953,10.5469
553924,11.7188,10.8398
556696,12.1094,11.1328
559480,11.9141,10.7422
562280,12.1094,10.9375
565092,12.0117,10.0586
567920,12.1094,11.2305
570760,12.7930,11.6211
573616,12.4023,11.5234
576488,12.1094,10.0586
579372,12.8906,11.2305
582272,11.9141,10.6445
585184,11.8164,10.5469
588112,11.9141,10.6445
591056,12.2070,11.3281
594012,12.5977,10.8398
596984,12.0117,10.4492
599972,12.2070,10.8398
602972,12.5977,11.1328
605988,12.3047,10.3516
609020,11.9141,10.1563
612068,12.5977,11.0352
615132,11.9141,10.7422
618208,14.4531,11.0352
621300,11.9141,10.7422
624408,12.0117,10.3516
627532,12.2070,10.7422
630672,12.0117,10.4492
633828,12.3047,10.6445
637000,12.7930,11.2305
640188,11.9141,10.6445
643392,12.0117,11.3281
646612,11.9141,10.3516
649848,12.1094,10.7422
653100,12.2070,10.2539
656368,12.1094,10.9375
659652,12.3047,10.8398
662952,12.6953,11.0352
666268,12.1094,10.5469
669600,12.1094,10.6445
672948,11.9141,11.0352
676316,12.4023,10.5469
679700,12.7930,11.1328
683100,12.5977,10.7422
686516,13.1836,11.7188
689952,12.3047,11.3281
693404,12.2070,10.7422
696872,12.1094,10.6445
700360,12.2070,10.7422
703864,12.4023,11.0352
707384,12.0117,11.0352
710924,12.2070,11.0352
714480,12.5977,11.4258
718056,12.5000,11.3281
721648,12.1094,10.5469
725260,12.5977,10.7422
728888,11.8164,10.3516
732536,11.7188,10.4492
736200,12.4023,11.0352
739884,12.0117,11.1328
743584,11.8164,10.6445
747304,11.9141,10.7422
751044,11.8164,9.8633
754800,12.0117,10.6445
758576,12.1094,10.6445
762372,12.2070,11.2305
766184,12.3047,11.1328
770016,12.2070,11.0352
773868,11.9141,10.4492
777740,12.5000,10.9375
781632,12.5000,11.2305
785544,11.7188,10.1563
789472,11.8164,10.7422
793420,12.4023,10.8398
797388,12.1094,10.3516
801376,12.5977,11.4258
805384,19.0430,10.9375
809412,12.4023,10.6445
813460,12.1094,10.5469
817528,12.1094,10.8398
821616,11.8164,10.6445
825728,11.9141,10.6445
829860,12.2070,10.8398
834012,12.3047,11.0352
838184,12.6953,11.3281
842376,12.4023,10.5469
846588,12.0117,11.4258
850824,12.5977,11.3281
855080,12.3047,11.3281
859356,12.2070,10.9375
863656,12.2070,10.6445
867976,11.8164,10.6445
872316,12.1094,10.0586
876680,12.5000,11.0352
881064,12.4023,10.8398
885472,12.5977,11.5234
889900,12.4023,11.1328
894352,12.5000,11.3281
898824,12.3047,11.1328
903320,12.0117,11.1328
907840,12.5000,11.4258
912380,12.0117,10.9375
916944,12.1094,10.6445
921532,12.0117,10.7422
926140,12.2070,11.3281
930772,11.9141,11.1328
935428,12.5000,11.5234
940108,12.8906,11.1328
944812,12.5000,10.9375
949540,12.4023,11.2305
954288,12.2070,10.8398
959060,11.7188,10.4492
963856,12.2070,11.5234
968676,12.5000,11.0352
973520,12.3047,11.3281
978388,12.9883,11.2305
983280,12.5000,10.6445
988200,12.0117,10.8398
993144,11.8164,10.7422
998112,12.0117,10.4492
1003104,12.3047,11.4258
1008120,12.8906,11.6211
1013164,12.0117,10.8398
1018232,11.8164,10.5469
1023324,11.8164,10.8398
1028444,12.4023,10.9375
1033588,12.8906,11.5234
1038756,12.2070,10.8398
1043952,13.7695,10.6445
1049172,13.0859,11.6211
1054420,12.8906,10.4492
1059696,12.6953,11.0352
1064996,13.2813,12.0117
1070324,13.0859,11.6211
1075676,13.0859,11.6211
1081056,12.8906,11.1328
1086464,12.5977,11.5234
1091900,12.5977,11.7188
1097360,13.3789,11.8164
1102848,12.6953,11.5234
1108364,13.0859,11.8164
1113908,12.7930,11.1328
1119480,12.6953,10.9375
1125080,12.5000,11.1328
1130708,13.2813,11.6211
1136364,12.8906,12.1094
1142048,12.9883,11.2305
1147760,13.3789,12.6953
1153500,12.5977,12.0117
1159268,17.2852,11.3281
1165068,12.6953,10.9375
1170896,12.7930,12.2070
1176752,13.2813,11.5234
1182636,12.7930,11.3281
1188552,13.1836,11.7188
1194496,13.0859,12.2070
1200472,13.1836,12.2070
1206476,12.8906,11.7188
1212512,12.8906,12.0117
1218576,12.7930,11.3281
1224672,12.7930,13.8672
1230796,13.2813,11.9141
1236952,12.7930,11.0352
1243140,13.2813,11.4258
1249356,12.9883,11.4258
1255604,12.7930,11.2305
1261884,13.1836,11.3281
1268196,12.7930,11.7188
1274540,12.9883,11.4258
1280916,13.0859,11.4258
1287324,12.6953,10.4492
1293764,12.5977,11.8164
1300236,13.1836,11.1328
1306740,12.9883,11.7188
1313276,13.0859,11.6211
1319844,13.1836,11.8164
1326444,12.7930,11.7188
1333080,12.9883,11.6211
1339748,13.0859,11.8164
1346448,13.4766,11.8164
1353184,12.9883,11.8164
1359952,12.7930,11.1328
1366752,15.9180,11.8164
1373588,12.8906,11.1328
1380456,12.6953,12.5977
1387360,12.8906,11.3281
1394300,12.5000,11.9141
1401272,12.9883,11.5234
1408280,12.4023,10.7422
1415324,13.0859,12.3047
1422404,12.6953,11.7188
1429520,12.8906,11.3281
1436668,12.7930,11.5234
1443852,13.1836,11.9141
1451072,12.6953,11.0352
1458328,12.8906,11.6211
1465620,13.7695,12.0117
1472952,12.6953,10.9375
1480320,13.0859,12.1094
1487724,12.9883,11.7188
1495164,13.1836,11.5234
1502640,12.5977,11.9141
1510156,12.7930,12.1094
1517708,15.2344,11.9141
1525300,13.1836,12.5977
1532928,12.7930,11.5234
1540596,12.6953,12.1094
1548300,13.0859,12.0117
1556044,13.3789,11.6211
1563828,13.1836,12.4023
1571648,12.7930,11.6211
1579508,12.8906,11.1328
1587408,13.4766,11.7188
1595348,13.0859,13.9648
1603328,13.0859,11.1328
1611348,13.1836,11.2305
1619408,12.8906,11.4258
1627508,13.5742,12.4023
1635648,13.0859,11.7188
1643828,12.7930,11.4258
1652048,12.7930,11.4258
1660312,12.6953,11.5234
1668616,12.9883,11.2305
1676960,12.4023,11.4258
1685348,12.4023,11.2305
1693776,13.5742,12.0117
1702248,13.2813,11.7188
1710760,12.8906,11.4258
1719316,12.9883,11.9141
1727916,13.0859,11.4258
1736556,12.9883,11.4258
1745240,12.9883,12.1094
1753968,13.1836,10.7422
1762740,13.1836,11.9141
1771556,13.4766,12.0117
1780416,13.3789,12.5000
1789320,13.0859,11.3281
1798268,13.4766,11.6211
1807260,13.3789,12.0117
1816300,12.6953,13.9648
1825384,12.8906,11.2305
1834512,12.6953,11.2305
1843688,12.9883,11.5234
1852908,12.8906,10.9375
1862176,12.5000,11.0352
1871488,13.4766,11.3281
1880848,12.8906,11.1328
1890256,12.5000,11.3281
1899708,13.1836,11.9141
1909208,13.1836,12.1094
1918756,12.9883,11.3281
1928352,13.0859,11.3281
1937996,12.7930,11.6211
1947688,12.8906,11.1328
1957428,13.3789,12.5977
1967216,12.8906,10.7422
1977056,12.9883,11.5234
1986944,13.3789,11.9141
1996880,13.1836,11.3281
2006868,12.7930,11.5234
2016904,12.5977,10.8398
2026992,13.2813,12.1094
2037128,12.6953,11.2305
2047316,13.2813,11.6211
2057556,12.7930,12.0117
2067844,13.0859,11.1328
2078184,12.8906,10.9375
2088576,13.5742,12.5000
2099020,14.0625,12.0117
2109516,13.3789,12.2070
2120064,13.6719,11.0352
2130668,13.7695,11.7188
2141324,13.7695,12.8906
2152032,13.4766,11.3281
2162796,14.0625,11.8164
2173612,14.1602,12.4023
2184484,13.3789,13.3789
2195408,14.0625,12.5000
2206388,13.2813,11.9141
2217420,13.5742,12.7930
2228508,13.8672,13.6719
2239652,13.6719,12.7930
2250852,13.9648,13.0859
2262108,14.1602,11.2305
2273420,13.8672,13.5742
2284788,13.4766,12.6953
2296212,13.6719,11.1328
2307696,13.3789,11.5234
2319236,14.0625,12.7930
2330836,13.4766,13.2813
2342492,13.7695,10.9375
2354208,19.5313,9.7656
2365980,13.6719,11.9141
2377812,13.4766,12.2070
2389704,13.8672,13.7695
2401656,14.7461,12.0117
2413668,14.7461,21.1914
2425740,14.6484,13.6719
2437872,14.1602,12.7930
2450064,13.7695,12.5000
2462316,14.2578,13.0859
2474628,14.8438,12.9883
2487004,14.1602,12.2070
2499440,14.0625,12.7930
2511940,13.7695,10.6445
2524500,14.4531,11.5234
2537124,13.7695,10.1563
2549812,13.9648,12.0117
2562564,13.7695,12.6953
2575380,13.4766,11.7188
2588260,13.9648,12.2070
2601204,13.8672,11.7188
2614212,14.4531,12.7930
2627284,14.2578,10.7422
2640424,14.0625,11.9141
2653628,14.1602,11.3281
2666900,14.0625,10.9375
2680236,13.8672,11.0352
2693640,13.6719,11.5234
2707112,14.0625,13.6719
2720648,14.1602,12.7930
2734252,13.7695,11.5234
2747924,14.2578,12.5977
2761664,14.1602,11.5234
2775476,14.2578,13.5742
2789356,14.2578,12.4023
2803304,15.1367,12.9883
2817324,16.6016,11.8164
2831412,13.9648,12.5977
2845572,14.7461,11.7188
2859800,14.4531,12.5000
2874100,14.3555,12.5977
2888472,14.1602,12.3047
2902916,14.1602,12.4023
2917432,14.1602,16.8945
2932020,14.0625,11.4258
2946684,14.2578,11.1328
2961420,14.0625,11.8164
2976228,14.2578,12.7930
2991112,14.9414,15.8203
3006068,15.9180,11.5234
3021100,14.2578,11.5234
3036208,14.5508,12.5000
3051392,13.7695,13.0859
3066652,14.8438,13.6719
3081988,14.3555,12.7930
3097400,13.5742,11.6211
3112888,14.3555,14.0625
3128456,14.1602,12.3047
3144100,14.5508,13.3789
3159824,14.9414,12.2070
3175624,14.1602,12.2070
3191504,14.1602,12.8906
3207464,13.9648,12.5977
3223504,14.4531,12.5000
3239624,14.5508,13.2813
3255824,14.6484,12.2070
3272104,14.0625,9.6680
3288468,13.6719,12.3047
3304912,13.8672,11.6211
3321440,14.5508,11.7188
3338048,14.7461,13.5742
3354740,14.6484,15.6250
3371516,14.1602,12.5000
3388376,14.7461,12.9883
3405320,14.6484,12.7930
3422348,14.5508,12.1094
3439460,13.4766,10.5469
3456660,14.0625,12.6953
3473944,16.9922,11.8164
3491316,14.1602,13.5742
3508776,13.7695,11.7188
3526320,14.7461,13.5742
3543952,14.1602,12.1094
3561672,13.9648,12.2070
3579484,14.1602,14.5508
3597384,16.2109,12.8906
3615372,14.4531,11.5234
3633452,13.8672,11.9141
3651620,13.3789,11.0352
3669880,23.6328,16.5039
3688232,14.0625,12.5977
3706676,15.8203,11.1328
3725212,13.1836,13.5742
3743840,14.2578,12.5000
3762560,13.9648,11.7188
3781376,13.5742,12.0117
3800284,13.6719,12.4023
3819288,13.3789,11.6211
3838388,13.9648,10.9375
3857580,13.2813,11.2305
3876868,13.7695,12.8906
3896256,13.9648,11.3281
3915740,13.6719,12.0117
3935320,13.6719,13.0859
3955000,13.4766,12.0117
3974776,13.4766,12.2070
3994652,13.7695,11.5234
4014628,13.7695,12.6953
4034704,13.6719,11.0352
4054880,13.8672,13.4766
4075156,13.2813,10.9375
4095532,14.2578,12.6953
4116012,13.5742,11.4258
4136596,14.0625,11.2305
4157280,13.9648,13.3789
4178068,13.5742,12.6953
4198960,14.1602,12.5977
4219956,14.7461,15.8203
4241056,14.0625,13.1836
4262264,14.1602,13.0859
4283576,14.1602,12.4023
4304996,14.1602,13.0859
4326524,14.4531,13.2813
4348160,14.5508,13.3789
4369904,13.8672,12.7930
4391756,14.6484,13.1836
4413716,14.3555,12.2070
4435788,16.7969,13.3789
4457968,14.6484,13.3789
4480260,14.7461,13.8672
4502664,15.6250,16.7969
4525180,14.4531,13.0859
4547808,13.7695,12.5977
4570548,14.5508,13.5742
4593404,14.2578,13.4766
4616372,13.9648,12.8906
4639456,14.2578,12.9883
4662656,13.8672,12.4023
4685972,13.7695,12.5000
4709404,15.0391,14.1602
4732952,13.9648,12.8906
4756620,13.5742,12.8906
4780404,14.0625,12.6953
4804308,14.4531,13.1836
4828332,14.3555,12.9883
4852476,14.0625,12.8906
4876740,14.3555,13.0859
4901124,13.7695,12.3047
4925632,14.5508,15.6250
4950264,15.0391,13.6719
4975016,14.3555,13.1836
4999892,14.6484,13.7695
5024892,14.2578,12.6953
5050020,14.8438,13.6719
5075272,14.0625,12.5977
5100652,14.4531,13.2813
5126156,13.9648,12.2070
5151788,13.9648,12.2070
5177548,14.7461,13.3789
5203436,14.3555,12.7930
5229456,13.3789,12.1094
5255604,14.5508,12.9883
5281884,13.9648,12.8906
5308296,14.2578,13.1836
5334840,13.9648,12.5000
5361516,13.8672,13.1836
5388324,15.1367,13.9648
5415268,13.8672,12.5000
5442348,14.5508,12.5977
5469560,14.8438,13.5742
5496908,13.6719,12.2070
5524396,14.2578,12.7930
5552020,14.0625,14.8438
5579784,14.6484,13.4766
5607684,14.3555,12.7930
5635724,15.0391,13.7695
5663904,15.0391,13.5742
5692224,14.9414,13.6719
5720688,13.9648,12.5977
5749292,14.4531,13.3789
5778040,14.4531,13.2813
5806932,14.6484,13.1836
5835968,14.5508,13.2813
5865148,14.4531,13.1836
5894476,13.8672,12.5977
5923952,14.6484,13.7695
5953572,13.8672,12.9883
5983340,14.9414,13.9648
6013260,13.6719,12.1094
6043328,14.7461,13.3789
6073548,14.0625,12.4023
6103916,13.9648,12.4023
6134436,14.4531,13.0859
6165112,17.1875,13.3789
6195940,14.8438,13.1836
6226920,15.1367,14.3555
6258056,14.0625,12.5977
6289348,14.8438,13.9648
6320796,13.9648,12.8906
6352400,14.4531,13.2813
6384164,14.4531,13.1836
6416088,14.2578,12.9883
6448172,15.0391,13.3789
6480416,14.8438,13.0859
6512820,16.7969,13.4766
6545388,14.0625,12.5000
6578116,14.1602,12.8906
6611008,13.8672,12.5977
6644064,14.2578,12.7930
6677288,13.7695,12.7930
6710676,14.3555,12.7930
6744232,13.8672,12.4023
6777956,14.3555,13.3789
6811848,14.1602,12.6953
6845908,14.2578,13.0859
6880140,13.9648,13.1836
6914544,14.6484,13.1836
6949120,14.7461,13.6719
6983868,14.7461,13.3789
7018788,13.6719,12.3047
7053884,14.4531,12.6953
7089156,14.5508,13.0859
7124604,16.7969,12.6953
7160228,13.9648,12.2070
7196032,14.7461,13.5742
7232016,14.1602,13.0859
7268180,13.9648,12.5977
7304524,14.6484,13.6719
7341048,14.6484,15.5273
7377756,14.1602,12.8906
7414648,13.9648,12.9883
7451724,14.0625,13.0859
7488984,14.6484,12.7930
7526432,13.9648,12.8906
7564068,14.5508,13.0859
7601892,14.3555,13.2813
7639904,14.3555,13.4766
7678104,14.6484,14.0625
7716496,14.3555,12.6953
7755080,14.0625,12.9883
7793856,14.6484,13.0859
7832828,14.4531,13.0859
7871996,13.9648,12.9883
7911356,14.5508,15.7227
7950916,14.3555,12.4023
7990672,14.0625,12.5000
8030628,13.9648,12.2070
8070784,14.5508,13.6719
8111140,14.2578,12.4023
8151696,14.9414,13.3789
8192456,14.4531,13.3789
8233420,14.3555,13.2813
8274588,13.9648,12.1094
8315964,15.4297,13.7695
8357544,14.5508,13.1836
8399332,14.3555,13.3789
8441332,15.4297,14.4531
8483540,15.1367,13.5742
8525960,14.3555,13.5742
8568592,14.0625,12.8906
8611436,13.6719,12.5977
8654496,15.2344,13.2813
8697772,14.0625,13.1836
8741264,17.5781,14.0625
8784972,15.2344,14.2578
8828900,15.2344,13.4766
8873048,14.5508,13.1836
8917416,15.2344,13.9648
8962004,14.7461,13.9648
9006816,15.4297,13.9648
9051852,14.7461,13.4766
9097112,14.8438,14.3555
9142600,14.7461,13.3789
9188316,14.8438,13.8672
9234260,14.9414,13.9648
9280432,15.2344,13.9648
9326836,14.7461,13.6719
9373472,15.2344,14.0625
9420340,14.5508,13.1836
9467444,14.1602,13.0859
9514784,15.4297,13.7695
9562360,15.7227,13.8672
9610172,14.9414,13.9648
9658224,15.2344,13.4766
9706516,14.5508,13.6719
9755052,14.4531,12.8906
9803828,15.7227,14.3555
9852848,15.2344,14.7461
9902116,14.2578,15.9180
9951628,14.9414,13.6719
10001388,15.2344,13.7695
10051396,15.9180,14.7461
10101656,14.4531,13.6719
10152168,14.7461,13.3789
10202932,15.0391,13.9648
10253948,15.9180,14.7461
10305220,14.8438,14.0625
10356748,15.4297,13.9648
10408532,15.0391,14.0625
10460576,14.5508,14.1602
10512880,14.6484,13.1836
10565448,14.6484,13.6719
10618276,14.9414,13.6719
10671368,15.2344,14.2578
10724728,15.3320,13.6719
10778352,14.2578,12.8906
10832244,14.9414,13.8672
10886408,14.8438,13.1836
10940844,14.5508,13.2813
10995552,15.3320,14.1602
11050532,15.7227,13.4766
11105788,14.8438,16.5039
11161320,14.9414,13.1836
11217128,14.7461,13.3789
11273216,15.3320,14.7461
11329584,15.4297,13.6719
11386232,15.6250,14.1602
11443164,15.2344,13.8672
11500380,15.5273,13.9648
11557884,14.2578,13.7695
11615676,15.7227,14.2578
11673756,15.0391,12.9883
11732128,16.2109,13.9648
11790792,15.1367,13.3789
11849748,14.4531,13.5742
11909000,15.1367,13.7695
11968548,14.8438,13.2813
12028392,15.4297,15.9180
12088536,15.2344,13.5742
12148980,14.4531,13.4766
12209728,15.3320,14.0625
12270780,14.2578,13.7695
12332136,16.0156,14.1602
12393800,14.8438,12.9883
12455772,15.3320,14.7461
12518052,15.2344,13.1836
12580644,14.2578,13.7695
12643548,14.0625,12.8906
12706768,14.9414,13.3789
12770304,15.3320,14.6484
12834156,16.2109,15.6250
12898328,15.9180,14.2578
12962820,14.8438,14.5508
13027636,15.2344,13.8672
13092776,15.2344,14.1602
13158240,16.1133,13.7695
13224032,14.9414,14.4531
13290156,14.4531,13.5742
13356608,14.9414,13.4766
13423392,15.4297,14.2578
13490512,15.8203,14.5508
13557968,15.3320,14.0625
13625760,15.7227,14.1602
13693892,14.6484,13.6719
13762364,15.8203,13.9648
13831176,14.8438,13.5742
13900332,15.0391,13.3789
13969836,15.0391,14.5508
14039688,15.5273,14.9414
14109888,15.6250,13.8672
14180440,14.8438,13.6719
14251344,15.2344,13.7695
14322604,14.8438,14.1602
14394220,16.0156,13.7695
14466192,15.8203,14.2578
14538524,15.3320,13.8672
14611220,15.5273,14.1602
14684280,16.7969,13.4766
14757704,15.2344,13.3789
14831496,15.8203,14.9414
14905656,15.9180,14.6484
14980188,15.4297,15.0391
15055092,15.3320,13.6719
15130368,14.7461,13.3789
15206020,16.6992,14.5508
15282052,16.4063,14.7461
15358464,15.0391,14.0625
15435260,15.1367,13.8672
15512440,14.4531,13.7695
15590004,15.9180,14.2578
15667956,14.9414,13.8672
15746296,14.1602,13.1836
15825028,15.0391,13.6719
15904156,14.8438,13.3789
15983680,15.5273,12.9883
16063600,15.6250,15.0391
16143920,15.0391,13.6719
16224640,15.1367,15.4297
16305764,16.1133,14.6484
16387296,14.9414,13.5742
16469236,15.3320,14.1602
16551584,14.6484,13.2813
16634344,15.2344,13.7695
16717516,15.5273,14.6484
16801104,15.4297,14.1602
16885112,15.9180,13.8672
16969540,15.8203,14.4531
17054388,15.5273,13.9648
17139660,15.6250,14.9414
17225360,16.6016,15.2344
17311488,15.8203,14.4531
17398048,16.1133,15.0391
17485040,15.6250,18.7500
17572468,15.8203,13.9648
17660332,15.2344,14.3555
17748636,15.5273,14.0625
17837380,15.0391,13.4766
17926568,15.6250,14.7461
18016204,15.7227,14.7461
18106288,15.3320,14.4531
18196820,16.2109,14.5508
18287808,18.2617,14.2578
18379248,15.7227,15.2344
18471148,16.1133,14.7461
18563504,15.1367,13.9648
18656324,15.4297,13.8672
18749608,16.2109,14.5508
18843360,16.4063,19.0430
18937580,14.8438,13.7695
19032268,17.6758,14.0625
19127432,15.2344,13.5742
19223072,15.6250,14.3555
19319188,15.5273,14.2578
19415784,15.6250,14.1602
19512864,15.9180,15.1367
19610432,16.9922,15.5273
19708488,15.1367,13.4766
19807032,15.7227,14.2578
19906068,18.3594,14.3555
20005600,15.4297,14.7461
20105628,15.1367,13.8672
20206160,15.5273,14.2578
20307192,15.9180,14.2578
20408728,14.8438,13.3789
20510772,15.7227,14.0625
20613328,15.7227,14.5508
20716396,15.5273,14.5508
20819980,15.6250,14.6484
20924080,15.1367,14.1602
21028704,16.2109,14.2578
21133848,15.2344,14.1602
21239520,15.7227,14.2578
21345720,15.5273,14.3555
21452452,15.8203,14.5508
21559716,15.7227,13.5742
21667516,16.3086,15.4297
21775856,15.6250,14.2578
21884736,17.0898,15.5273
21994160,15.6250,14.4531
22104132,15.1367,13.2813
22214656,17.6758,13.6719
22325732,15.7227,13.6719
22437364,15.1367,13.3789
22549552,15.7227,14.2578
22662300,15.8203,14.7461
22775612,15.5273,14.2578
22889492,16.0156,14.6484
23003940,15.8203,14.0625
23118960,15.7227,14.5508
23234556,16.0156,14.9414
23350732,16.1133,15.0391
23467488,15.9180,14.3555
23584828,15.7227,14.2578
23702756,15.5273,14.3555
23821272,15.8203,13.9648
23940380,16.5039,14.4531
24060084,16.5039,14.2578
24180388,15.4297,13.7695
24301292,16.1133,14.7461
24422800,16.4063,15.0391
24544916,15.2344,14.1602
24667644,16.5039,14.8438
24790984,15.7227,14.4531
24914940,15.8203,14.0625
25039516,16.2109,14.3555
25164716,16.3086,14.8438
25290540,16.6992,14.6484
25416996,15.5273,14.4531
25544084,19.0430,14.7461
25671808,15.6250,13.7695
25800168,15.9180,14.2578
25929172,16.1133,13.5742
26058820,28.1250,16.6016
26189116,19.4336,24.8047
26320064,27.9297,15.3320
26451668,17.5781,15.3320
26583928,16.2109,14.8438
26716848,16.3086,15.3320
26850436,16.2109,15.0391
26984692,17.0898,15.0391
27119616,17.7734,15.7227
27255216,16.6016,15.0391
27391496,19.7266,17.0898
27528456,18.1641,16.9922
27666100,23.5352,18.0664
27804432,19.4336,16.8945
27943456,18.2617,16.3086
28083176,17.5781,15.1367
28223592,16.7969,14.5508
28364712,17.2852,14.3555
28506536,15.9180,14.4531
28649072,16.7969,14.7461
28792320,15.4297,13.8672
28936284,15.4297,13.9648
29080968,15.4297,13.9648
29226376,17.0898,16.1133
29372508,16.1133,14.6484
29519372,16.1133,15.0391
29666972,16.9922,15.3320
29815308,14.5508,15.6250
29964388,17.6758,15.6250
30114212,16.8945,15.4297
30264784,16.7969,18.8477
30416108,17.9688,15.1367
30568192,17.2852,15.0391
30721036,15.4297,13.9648
30874644,18.5547,16.2109
31029020,16.5039,15.1367
31184168,15.6250,13.7695
31340092,17.2852,16.4063
31496796,16.0156,14.6484
31654280,18.1641,16.0156
31812552,17.6758,15.6250
31971616,16.8945,14.5508
32131476,16.1133,14.5508
32292136,16.3086,13.7695
32453600,17.4805,15.2344
32615868,16.6016,14.3555
32778948,16.3086,14.0625
32942844,17.5781,15.3320
33107560,18.7500,17.1875
33273100,18.1641,15.8203
33439468,18.8477,17.2852
33606668,18.1641,16.0156
33774704,18.5547,20.4102
33943580,16.4063,14.5508
34113300,17.2852,17.1875
34283868,17.8711,16.5039
34455288,17.8711,15.8203
34627568,17.6758,16.0156
34800708,18.3594,17.6758
34974712,17.5781,15.6250
35149588,18.5547,17.5781
35325336,16.6016,15.3320
35501964,18.1641,16.2109
35679476,18.0664,17.6758
35857876,18.1641,16.7969
36037168,17.0898,15.9180
36217356,16.9922,16.8945
36398444,16.9922,16.3086
36580440,16.2109,15.3320
36763344,18.6523,16.4063
36947164,18.0664,16.7969
37131900,18.6523,17.1875
37317560,20.9961,26.3672
37504148,34.1797,21.0938
37691672,22.8516,20.1172
37880132,17.6758,18.7500
38069536,22.0703,18.7500
38259884,22.0703,20.6055
38451184,20.3125,22.2656
38643440,19.3359,18.5547
38836660,19.7266,17.8711
39030844,18.3594,16.1133
39226000,21.8750,17.7734
39422132,19.9219,17.4805
39619244,17.7734,16.9922
39817344,20.7031,18.0664
40016432,19.2383,16.6016
40216516,20.1172,17.5781
40417600,20.8984,16.2109
40619688,18.2617,16.4063
40822788,18.3594,17.1875
41026904,21.6797,18.5547
41232040,31.4453,17.1875
41438204,18.6523,17.4805
41645396,20.8008,18.7500
41853624,16.8945,14.8438
42062896,18.9453,17.8711
42273212,18.2617,17.5781
42484580,22.8516,23.2422
42697004,20.0195,17.5781
42910492,18.5547,15.9180
43125048,21.9727,20.3125
43340676,23.8281,17.4805
43557380,19.7266,22.8516
43775168,20.4102,17.9688
43994044,20.5078,17.5781
44214016,18.9453,16.7969
44435088,18.7500,16.8945
44657264,21.8750,20.2148
44880552,20.9961,19.6289
45104956,19.8242,19.8242
45330484,21.3867,21.6797
45557140,19.9219,17.5781
45784928,18.2617,17.1875
46013856,20.6055,18.7500
46243928,20.4102,20.3125
46475148,20.5078,18.7500
46707524,19.8242,18.2617
46941064,34.1797,27.2461
47175772,18.0664,18.9453
47411652,19.4336,16.9922
47648712,25.4883,23.1445
47886956,78.0273,16.9922
48126392,22.8516,24.6094
48367024,19.9219,20.0195
48608860,20.6055,18.5547
48851908,23.4375,20.6055
49096168,20.3125,18.4570
49341652,21.2891,20.4102
49588364,24.5117,26.7578
49836308,23.3398,21.5820
50085492,22.4609,27.4414
50335920,24.9023,20.0195
50587600,22.8516,19.2383
50840540,23.1445,24.7070
51094744,23.6328,22.1680
51350220,19.8242,20.8984
51606972,22.6563,24.1211
51865008,26.9531,23.4375
52124336,19.8242,18.2617
52384960,20.1172,17.2852
52646888,30.1758,25.0000
52910124,29.0039,19.1406
53174676,26.9531,20.3125
53440552,19.8242,20.1172
53707756,18.8477,17.2852
53976296,22.0703,26.2695
54246180,24.1211,22.7539
54517412,23.5352,21.2891
54790000,21.1914,22.4609
55063952,21.3867,19.4336
55339272,28.7109,22.7539
55615972,19.5313,17.2852
55894052,25.0977,21.2891
56173524,23.8281,23.4375
56454392,21.4844,20.1172
56736664,19.7266,18.0664
57020348,18.3594,17.0898
57305452,20.7031,20.8984
57591980,22.3633,20.4102
57879940,23.0469,22.8516
58169340,33.0078,20.6055
58460188,22.3633,20.8984
58752492,22.8516,20.6055
59046256,22.9492,22.9492
59341488,23.5352,21.6797
59638196,23.7305,28.9063
59936388,23.5352,21.8750
60236072,23.7305,28.1250
60537256,26.8555,26.3672
60839944,21.5820,20.7031
61144144,20.5078,19.6289
61449868,25.0000,20.1172
61757120,21.1914,17.4805
62065908,26.9531,24.2188
62376240,23.6328,21.4844
62688124,21.5820,23.4375
63001568,21.4844,22.4609
63316576,25.9766,24.8047
63633160,23.0469,22.1680
63951328,21.4844,17.6758
64271088,22.5586,20.9961
64592444,31.4453,24.4141
64915408,22.5586,19.7266
65239988,18.8477,20.8984
65566188,22.9492,22.4609
65894020,22.3633,23.2422
66223492,21.7773,18.9453
66554612,21.4844,22.6563
66887388,23.9258,22.9492
