4,1.4648,1.4648
8,2.1484,5.3711
12,2.4414,7.4219
16,2.5391,8.3008
20,3.3203,8.9844
24,3.0273,11.9141
28,3.1250,12.2070
32,3.1250,13.2813
36,3.8086,12.7930
40,3.6133,12.8906
44,3.8086,13.1836
48,3.8086,13.3789
52,3.5156,15.2344
56,3.7109,15.5273
60,3.8086,16.6992
64,3.6133,16.9922
68,4.9805,16.2109
72,4.5898,16.6016
76,4.9805,17.8711
80,5.0781,16.9922
84,4.3945,16.6016
88,4.3945,16.6992
92,4.3945,16.8945
96,4.7852,16.5039
100,4.4922,17.4805
104,4.3945,17.3828
108,4.3945,18.8477
112,4.3945,17.5781
116,4.1992,19.0430
120,4.5898,18.6523
124,4.8828,19.1406
128,4.6875,19.1406
132,5.2734,19.3359
136,5.2734,19.3359
140,5.3711,19.7266
144,5.2734,19.7266
148,5.0781,20.1172
152,5.2734,19.4336
156,5.5664,22.9492
160,5.3711,20.3125
164,5.3711,19.3359
168,5.3711,19.7266
172,5.2734,19.8242
176,5.2734,19.4336
180,5.3711,19.1406
184,5.5664,19.1406
188,5.1758,19.9219
192,5.3711,19.4336
196,5.2734,19.3359
200,5.2734,19.3359
204,5.3711,20.7031
208,5.2734,20.3125
212,5.3711,21.0938
216,5.4688,24.9023
220,5.5664,20.9961
224,5.1758,21.0938
228,5.0781,21.6797
232,5.3711,21.3867
236,5.1758,21.6797
240,5.3711,21.7773
244,5.3711,20.8984
248,5.2734,21.9727
252,4.8828,21.6797
256,5.2734,21.9727
260,6.1523,21.9727
264,6.1523,21.6797
268,6.2500,22.7539
272,72.5586,23.2422
276,6.1523,22.5586
280,6.2500,27.9297
284,6.1523,22.9492
288,6.4453,22.7539
292,6.1523,21.8750
296,6.1523,22.9492
300,6.3477,21.6797
304,6.1523,23.1445
308,6.1523,22.7539
312,6.3477,23.3398
316,6.1523,22.3633
320,6.1523,22.2656
324,6.3477,22.7539
328,6.1523,23.0469
332,6.2500,22.2656
336,6.2500,23.1445
340,6.3477,22.8516
344,6.1523,21.9727
348,6.1523,22.4609
352,6.2500,22.7539
356,6.1523,22.9492
360,6.1523,22.4609
364,6.2500,23.4375
368,6.3477,22.4609
372,6.1523,23.3398
376,6.2500,23.2422
380,6.1523,23.7305
384,6.1523,22.9492
388,6.2500,22.2656
392,6.3477,22.8516
396,6.1523,23.9258
400,6.1523,22.9492
404,6.2500,23.6328
408,6.1523,23.5352
412,6.1523,23.5352
416,6.1523,23.3398
420,6.2500,24.0234
424,6.1523,23.2422
428,6.1523,23.7305
432,6.5430,24.0234
436,6.2500,24.8047
440,6.1523,23.4375
444,6.1523,23.2422
448,6.1523,24.5117
452,6.3477,24.6094
456,6.1523,24.0234
460,6.1523,24.4141
464,6.1523,23.8281
468,6.2500,24.0234
472,6.2500,28.1250
476,6.2500,25.0977
480,6.1523,24.8047
484,6.1523,24.9023
488,6.2500,23.5352
492,6.3477,23.8281
496,6.2500,24.6094
500,6.1523,25.7813
504,6.1523,25.0000
508,6.4453,24.9023
512,6.1523,25.8789
516,8.5938,25.6836
520,7.8125,25.7813
524,8.0078,24.8047
528,7.9102,24.4141
532,8.1055,25.9766
536,8.4961,26.9531
540,7.8125,25.4883
544,8.2031,25.3906
548,8.2031,25.5859
552,8.0078,24.9023
556,8.7891,25.5859
560,8.3984,25.0977
564,8.1055,25.5859
568,8.2031,24.6094
572,8.3984,25.5859
576,8.3008,27.3438
580,8.1055,26.2695
584,8.0078,24.8047
588,8.1055,24.7070
592,8.1055,25.3906
596,8.5938,26.2695
600,8.2031,25.5859
604,8.5938,25.1953
608,8.3008,25.2930
612,8.3008,25.9766
616,8.1055,25.6836
620,8.4961,26.2695
624,8.2031,25.4883
628,8.2031,25.7813
632,8.3984,25.2930
636,8.3984,25.3906
640,8.3008,25.3906
644,8.4961,25.6836
648,8.2031,25.5859
652,8.3984,25.1953
656,8.4961,25.5859
660,11.2305,25.0000
664,8.3008,26.3672
668,8.1055,26.4648
672,7.8125,25.5859
676,8.2031,25.6836
680,7.8125,25.9766
684,8.0078,25.6836
688,8.5938,25.2930
692,8.2031,26.0742
696,8.2031,25.4883
700,8.4961,26.0742
704,8.0078,99.2188
708,8.5938,25.5859
712,8.1055,26.3672
716,8.0078,53.2227
720,10.6445,27.7344
724,8.3984,26.4648
728,7.7148,46.8750
732,8.2031,25.5859
736,8.0078,26.6602
740,8.3984,27.4414
744,8.3984,58.9844
748,8.3984,26.4648
752,7.9102,26.3672
756,8.0078,25.8789
760,8.2031,27.2461
764,8.5938,27.0508
768,7.8125,26.3672
772,7.8125,26.5625
776,7.6172,26.0742
780,8.2031,26.3672
784,7.9102,26.7578
788,8.3008,26.0742
792,8.2031,26.6602
796,8.0078,26.4648
800,8.5938,27.2461
804,7.8125,26.2695
812,8.2031,26.9531
820,8.1055,26.7578
828,7.9102,27.4414
836,8.1055,27.1484
844,7.9102,26.9531
852,8.0078,26.3672
860,7.7148,26.2695
868,8.5938,27.5391
876,8.5938,27.2461
884,7.5195,26.4648
892,8.0078,28.2227
900,8.4961,26.5625
908,8.4961,27.8320
916,8.2031,26.8555
924,7.9102,27.8320
932,8.3008,28.1250
940,8.2031,27.5391
948,7.8125,27.4414
956,8.4961,27.2461
964,8.4961,28.2227
972,8.4961,33.3008
980,8.2031,28.4180
988,8.2031,27.5391
996,8.3984,28.2227
1004,8.6914,28.1250
1012,8.0078,27.0508
1020,8.0078,28.3203
1028,11.3281,28.7109
1036,10.3516,28.4180
1044,11.5234,27.5391
1052,10.4492,28.6133
1060,11.2305,28.7109
1068,10.6445,27.8320
1076,11.1328,28.3203
1084,9.2773,27.8320
1092,10.5469,28.1250
1100,9.9609,29.0039
1108,9.6680,27.6367
1116,10.9375,27.0508
1124,10.8398,28.4180
1132,10.7422,28.2227
1140,10.0586,28.4180
1148,10.3516,27.0508
1156,10.2539,27.6367
1164,10.2539,28.7109
1172,11.2305,29.1992
1180,9.8633,28.2227
1188,10.7422,28.1250
1196,10.4492,28.9063
1204,13.5742,29.2969
1212,9.3750,29.2969
1220,10.7422,29.2969
1228,10.5469,28.0273
1236,10.1563,28.8086
1244,11.6211,28.3203
1252,10.2539,28.6133
1260,10.8398,29.1016
1268,9.7656,28.4180
1276,10.3516,28.8086
1284,10.5469,29.1016
1292,11.0352,28.9063
1300,9.9609,29.0039
1308,11.1328,28.9063
1316,12.2070,28.8086
1324,10.2539,28.4180
1332,10.4492,28.3203
1340,9.5703,29.4922
1348,10.7422,29.1992
1356,10.1563,29.8828
1364,11.1328,28.2227
1372,9.7656,28.5156
1380,10.7422,28.9063
1388,10.9375,90.1367
1396,10.8398,47.3633
1404,10.8398,28.6133
1412,10.4492,28.4180
1420,13.1836,28.7109
1428,10.5469,29.5898
1436,10.4492,28.3203
1444,10.1563,28.1250
1452,10.9375,28.9063
1460,10.1563,29.1992
1468,10.6445,29.5898
1476,10.3516,28.7109
1484,10.4492,28.7109
1492,10.8398,30.4688
1500,10.7422,29.4922
1508,10.1563,29.8828
1516,10.0586,28.4180
1524,9.8633,29.4922
1532,12.5000,28.2227
1540,9.7656,29.2969
1548,10.5469,29.6875
1556,10.1563,29.9805
1564,10.5469,28.9063
1572,9.9609,29.9805
1580,10.6445,29.5898
1588,11.7188,30.3711
1596,10.7422,28.2227
1604,10.6445,29.3945
1616,9.6680,29.9805
1628,10.7422,29.3945
1640,10.3516,29.6875
1652,10.5469,29.9805
1664,12.9883,30.7617
1676,10.1563,29.1016
1688,9.6680,29.6875
1700,10.0586,30.7617
1712,10.9375,30.4688
1724,9.6680,30.1758
1736,9.6680,29.8828
1748,10.2539,29.6875
1760,9.9609,30.4688
1772,10.4492,30.3711
1784,11.1328,30.4688
1796,10.1563,30.1758
1808,10.7422,29.6875
1820,9.6680,31.9336
1832,10.1563,29.3945
1844,10.3516,29.8828
1856,10.0586,29.9805
1868,10.7422,30.8594
1880,11.1328,29.6875
1892,11.0352,30.0781
1904,9.9609,29.1016
1916,11.2305,30.7617
1928,10.8398,32.3242
1940,10.1563,30.2734
1952,9.9609,30.9570
1964,9.9609,30.3711
1976,10.5469,29.7852
1988,10.8398,32.0313
2000,10.7422,29.7852
2012,11.2305,30.2734
2024,9.1797,31.0547
2036,11.7188,31.8359
2048,10.2539,31.2500
2060,13.2813,32.0313
2072,12.9883,31.9336
2084,13.1836,31.7383
2096,13.0859,32.6172
2108,13.6719,31.8359
2120,13.2813,32.0313
2132,12.9883,32.1289
2144,13.1836,31.9336
2156,12.8906,31.2500
2168,14.0625,31.4453
2180,13.1836,31.5430
2192,12.8906,30.7617
2204,12.7930,30.9570
2216,13.1836,31.8359
2228,12.5000,31.7383
2240,13.1836,31.0547
2252,12.5977,30.9570
2264,12.8906,30.8594
2276,13.1836,31.7383
2288,13.0859,31.9336
2300,13.6719,32.0313
2312,12.7930,30.8594
2324,12.9883,30.9570
2336,12.8906,31.6406
2348,12.5000,31.0547
2360,13.1836,31.0547
2372,12.6953,31.2500
2384,12.7930,30.9570
2396,13.0859,93.8477
2408,12.8906,31.9336
2424,12.7930,31.8359
2440,12.6953,31.8359
2456,12.6953,30.7617
2472,13.1836,32.3242
2488,13.0859,31.9336
2504,13.4766,32.3242
2520,13.2813,32.1289
2536,13.1836,32.2266
2552,12.8906,32.0313
2568,12.5000,31.8359
2584,13.6719,31.3477
2600,12.7930,31.9336
2616,13.2813,31.0547
2632,13.0859,31.9336
2648,13.1836,32.4219
2664,21.7773,31.5430
2680,13.0859,32.0313
2696,12.9883,31.4453
2712,13.5742,32.3242
2728,12.5000,31.8359
2744,12.5977,31.8359
2760,12.8906,32.4219
2776,12.5977,31.8359
2792,12.5977,31.7383
2808,13.2813,32.3242
2824,13.0859,32.7148
2840,12.9883,32.0313
2856,13.2813,31.9336
2872,13.1836,33.3008
2888,12.8906,31.7383
2904,12.9883,32.4219
2920,13.5742,32.4219
2936,12.8906,33.1055
2952,12.8906,32.1289
2968,12.7930,31.5430
2984,13.3789,32.8125
3000,13.3789,32.1289
3016,13.4766,32.8125
3032,13.1836,31.9336
3048,12.2070,32.2266
3064,12.4023,33.8867
3080,13.4766,32.4219
3096,12.9883,33.2031
3112,12.9883,32.5195
3128,12.5977,33.1055
3144,12.8906,32.2266
3160,12.8906,32.6172
3176,12.5977,32.2266
3192,13.3789,33.8867
3208,13.3789,32.3242
3228,12.9883,33.1055
3248,12.9883,33.3984
3268,12.6953,32.5195
3288,13.1836,32.2266
3308,12.3047,33.0078
3328,13.3789,33.3984
3348,13.0859,33.0078
3368,13.1836,31.7383
3388,12.6953,31.7383
3408,12.7930,32.6172
3428,12.4023,32.5195
3448,12.8906,33.0078
3468,13.0859,33.7891
3488,12.9883,33.4961
3508,12.7930,32.7148
3528,13.6719,33.0078
3548,13.3789,33.5938
3568,12.8906,33.5938
3588,12.9883,33.5938
3608,12.8906,32.5195
3628,13.5742,33.7891
3648,12.5000,32.7148
3668,12.9883,33.9844
3688,13.0859,32.4219
3708,12.7930,33.8867
3728,12.8906,33.4961
3748,12.5977,33.6914
3768,13.2813,34.6680
3788,12.9883,36.8164
3808,12.5977,33.2031
3828,13.8672,33.8867
3848,12.7930,33.8867
3868,12.6953,32.7148
3888,13.0859,34.8633
3908,13.0859,34.8633
3928,83.2031,33.5938
3948,12.9883,33.3984
3968,13.0859,33.5938
3988,12.4023,33.3984
4008,12.7930,34.6680
4032,16.1133,33.7891
4056,12.6953,34.0820
4080,12.7930,34.6680
4104,16.1133,35.0586
4128,15.5273,34.9609
4152,15.0391,34.2773
4176,16.0156,35.0586
4200,16.0156,33.6914
4224,16.2109,33.6914
4248,15.8203,35.0586
4272,15.8203,34.1797
4296,15.7227,35.4492
4320,19.5313,34.4727
4344,16.0156,34.7656
4368,15.2344,33.4961
4392,15.5273,34.4727
4416,15.4297,34.5703
4440,15.6250,34.6680
4464,15.4297,34.5703
4488,15.7227,35.1563
4512,15.1367,34.0820
4536,15.6250,34.2773
4560,15.9180,34.4727
4584,15.7227,35.4492
4608,15.5273,34.9609
4632,15.6250,34.8633
4656,15.3320,35.4492
4680,15.2344,33.7891
4704,15.6250,34.1797
4728,15.4297,36.2305
4752,16.1133,34.0820
4776,15.5273,34.3750
4800,15.1367,34.9609
4824,15.5273,34.7656
4852,15.5273,34.5703
4880,15.8203,34.7656
4908,14.5508,36.1328
4936,15.5273,35.1563
4964,15.9180,34.9609
4992,15.5273,34.7656
5020,14.8438,33.9844
5048,14.8438,34.5703
5076,15.4297,35.8398
5104,15.6250,35.3516
5132,14.9414,34.2773
5160,15.9180,34.4727
5188,15.4297,36.4258
5216,15.9180,35.1563
5244,14.8438,37.1094
5272,15.8203,34.0820
5300,15.8203,35.3516
5328,15.3320,35.6445
5356,15.9180,35.1563
5384,16.4063,35.1563
5412,16.0156,35.1563
5440,16.0156,36.8164
5468,15.7227,35.5469
5496,15.6250,35.1563
5524,15.4297,34.1797
5552,15.7227,35.2539
5580,18.8477,35.4492
5608,15.4297,35.3516
5640,15.4297,35.2539
5672,15.2344,35.9375
5704,15.6250,34.7656
5736,15.3320,35.5469
5768,15.1367,36.1328
5800,15.6250,36.1328
5832,15.5273,35.5469
5864,16.1133,35.2539
5896,15.3320,35.7422
5928,15.5273,35.2539
5960,18.9453,34.8633
5992,15.3320,35.6445
6024,15.6250,34.6680
6056,15.3320,35.4492
6088,15.8203,35.9375
6120,14.5508,96.9727
6152,15.7227,37.7930
6184,15.3320,35.8398
6216,15.8203,35.5469
6248,15.8203,35.5469
6280,15.6250,36.5234
6312,18.5547,35.8398
6344,15.6250,34.9609
6376,15.7227,35.6445
6408,15.4297,35.0586
6444,15.3320,36.2305
6480,15.9180,35.9375
6516,35.7422,35.8398
6552,15.8203,35.7422
6588,15.5273,34.7656
6624,15.4297,34.1797
6660,15.4297,35.1563
6696,16.2109,35.6445
6732,15.4297,34.9609
6768,16.0156,36.6211
6804,15.3320,34.6680
6840,15.1367,35.0586
6876,15.8203,35.9375
6912,14.9414,33.9844
6948,15.6250,34.6680
6984,15.6250,36.2305
7020,15.6250,35.1563
7056,16.2109,36.2305
7092,16.1133,36.6211
7128,15.7227,44.8242
7164,15.8203,35.9375
7200,15.5273,34.8633
7236,15.6250,36.5234
7276,15.4297,35.8398
7316,15.4297,35.8398
7356,15.7227,35.7422
7396,15.4297,36.5234
7436,15.6250,35.9375
7476,15.2344,35.4492
7516,16.0156,36.0352
7556,15.6250,36.3281
7596,15.1367,39.6484
7636,15.5273,35.5469
7676,14.9414,35.5469
7716,16.5039,36.7188
7756,15.2344,37.1094
7796,15.7227,36.8164
7836,15.4297,35.8398
7876,15.5273,36.9141
7916,15.5273,36.1328
7956,15.7227,37.1094
7996,15.6250,36.6211
8036,15.1367,36.9141
8080,17.2852,36.4258
8124,15.9180,37.3047
8168,15.8203,37.2070
8212,18.2617,37.4023
8256,17.5781,36.2305
8300,19.0430,37.9883
8344,17.9688,38.3789
8388,18.0664,37.0117
8432,17.9688,37.3047
8476,18.6523,37.0117
8520,18.4570,37.3047
8564,21.9727,35.9375
8608,17.6758,37.8906
8652,18.0664,36.5234
8696,18.3594,37.4023
8740,18.3594,37.3047
8784,18.2617,37.9883
8828,18.2617,37.1094
8876,17.7734,36.7188
8924,18.8477,37.5000
8972,18.2617,37.3047
9020,18.2617,38.4766
9068,17.7734,38.9648
9116,17.9688,36.6211
9164,18.4570,37.5000
9212,18.1641,37.5977
9260,18.0664,37.1094
9308,18.3594,37.6953
9356,18.4570,37.5977
9404,18.0664,37.8906
9452,17.9688,37.1094
9500,18.7500,38.5742
9548,17.4805,37.5977
9596,18.6523,71.2891
9644,18.4570,37.1094
9696,17.3828,36.8164
9748,17.3828,37.1094
9800,18.6523,38.0859
9852,17.8711,37.4023
9904,18.2617,38.2813
9956,17.7734,37.5000
10008,17.9688,37.5000
10060,18.4570,37.5000
10112,20.7031,37.3047
10164,17.7734,37.9883
10216,17.7734,37.8906
10268,18.2617,37.8906
10320,17.7734,37.5977
10372,17.7734,37.8906
10424,18.3594,37.4023
10480,17.8711,37.4023
10536,17.7734,37.5977
10592,18.3594,38.4766
10648,17.6758,36.9141
10704,17.7734,40.3320
10760,19.2383,38.1836
10816,18.4570,37.8906
10872,18.2617,36.9141
10928,18.5547,37.8906
10984,17.6758,38.3789
11040,18.2617,36.9141
11096,18.7500,38.4766
11152,18.0664,37.5977
11208,18.7500,37.6953
11268,18.2617,37.4023
11328,18.4570,39.7461
11388,17.9688,38.3789
11448,18.1641,38.9648
11508,17.6758,36.9141
11568,17.4805,37.5000
11628,17.5781,38.2813
11688,17.9688,38.2813
11748,18.2617,38.2813
11808,17.1875,37.9883
11868,18.0664,39.2578
11928,18.2617,37.8906
11988,18.9453,42.5781
12048,18.2617,38.6719
12112,18.2617,38.1836
12176,17.5781,38.1836
12240,18.1641,36.7188
12304,18.1641,39.6484
12368,18.2617,38.1836
12432,17.4805,38.6719
12496,17.6758,38.3789
12560,18.0664,37.8906
12624,17.6758,37.5000
12688,17.6758,41.7969
12752,18.9453,38.2813
12816,18.3594,38.1836
12884,18.5547,37.7930
12952,17.2852,39.8438
13020,18.5547,39.0625
13088,18.0664,38.4766
13156,17.8711,38.5742
13224,18.3594,38.7695
13292,18.6523,38.7695
13360,18.8477,38.7695
13428,18.0664,41.7969
13496,18.7500,39.4531
13564,18.4570,38.5742
13632,17.8711,38.7695
13704,18.4570,96.5820
13776,17.8711,38.6719
13848,18.1641,39.6484
13920,18.3594,38.7695
13992,17.5781,38.1836
14064,17.0898,36.9141
14136,17.8711,38.3789
14208,18.7500,39.3555
14280,18.2617,38.3789
14352,18.4570,38.7695
14424,18.8477,39.2578
14500,18.2617,40.0391
14576,18.8477,39.4531
14652,17.9688,38.4766
14728,18.4570,38.1836
14804,18.2617,38.7695
14880,18.3594,39.5508
14956,18.4570,39.5508
15032,18.8477,40.6250
15108,18.4570,38.7695
15184,18.1641,40.0391
15260,18.9453,39.4531
15340,18.4570,39.1602
15420,18.2617,39.7461
15500,17.5781,38.1836
15580,17.4805,38.8672
15660,18.0664,39.9414
15740,17.8711,40.6250
15820,18.7500,39.4531
15900,18.4570,39.0625
15980,18.5547,39.3555
16060,18.5547,40.0391
16144,17.3828,39.8438
16228,18.6523,40.0391
16312,18.2617,39.9414
16396,22.0703,40.7227
16480,21.1914,39.2578
16564,21.3867,39.6484
16648,20.2148,40.4297
16732,21.6797,47.5586
16816,20.8008,39.3555
16904,21.6797,39.9414
16992,20.8984,38.9648
17080,21.0938,40.3320
17168,20.8984,40.0391
17256,21.4844,39.8438
17344,20.7031,40.0391
17432,21.7773,38.8672
17520,21.2891,39.5508
17608,21.1914,40.3320
17700,21.2891,39.7461
17792,21.7773,40.1367
17884,21.3867,40.9180
17976,21.8750,39.1602
18068,21.8750,40.2344
18160,21.6797,39.9414
18252,21.1914,39.5508
18344,20.6055,40.5273
18436,21.5820,39.6484
18532,22.0703,39.3555
18628,23.2422,39.8438
18724,20.4102,38.4766
18820,21.5820,41.0156
18916,20.6055,39.0625
19012,21.3867,41.0156
19108,21.0938,40.1367
19204,20.5078,39.8438
19304,20.3125,39.1602
19404,20.8008,39.8438
19504,21.5820,41.2109
19604,20.0195,60.5469
19704,20.8008,40.2344
19804,21.0938,39.9414
19904,21.3867,103.8086
20004,21.1914,39.2578
20108,21.4844,39.2578
20212,20.9961,40.2344
20316,20.8008,39.4531
20420,21.7773,41.4063
20524,20.6055,39.6484
20628,25.0977,39.7461
20732,20.8984,39.9414
20836,21.9727,40.5273
20944,21.4844,41.0156
21052,21.0938,39.6484
21160,21.3867,39.7461
21268,20.7031,40.5273
21376,20.6055,40.3320
21484,21.7773,42.1875
21592,21.2891,40.5273
21700,21.5820,43.3594
21812,21.1914,40.6250
21924,20.5078,39.3555
22036,20.8984,40.5273
22148,20.7031,40.1367
22260,21.3867,41.3086
22372,20.5078,40.6250
22484,20.6055,40.6250
22600,21.0938,41.1133
22716,20.7031,41.3086
22832,20.4102,40.3320
22948,19.8242,39.1602
23064,20.8008,40.5273
23180,20.3125,39.9414
23296,20.5078,39.4531
23416,21.2891,40.7227
23536,20.5078,40.9180
23656,20.0195,39.2578
23776,21.0938,41.6016
23896,21.1914,41.2109
24016,21.4844,41.6992
24140,20.9961,39.9414
24264,20.8984,40.7227
24388,21.9727,40.8203
24512,20.6055,40.0391
24636,20.8984,40.9180
24760,21.4844,40.6250
24884,20.6055,41.8945
25012,20.8008,41.8945
25140,20.5078,40.8203
25268,21.1914,41.4063
25396,20.8008,47.5586
25524,21.3867,41.6992
25652,21.3867,40.5273
25784,20.7031,40.5273
25916,20.5078,39.5508
26048,20.4102,40.5273
26180,20.8008,41.3086
26312,20.8984,40.6250
26444,20.9961,41.4063
26580,21.5820,41.6992
26716,21.5820,45.3125
26852,20.5078,40.5273
26988,20.6055,40.6250
27124,20.8984,41.7969
27260,20.5078,41.1133
27400,21.1914,41.5039
27540,20.7031,41.6992
27680,20.9961,41.6992
27820,20.5078,41.3086
27960,20.7031,40.8203
28100,20.8984,45.2148
28244,21.2891,41.9922
28388,21.0938,40.6250
28532,20.7031,42.7734
28676,21.0938,41.7969
28820,21.8750,41.8945
28968,21.0938,41.8945
29116,21.6797,43.8477
29264,20.8984,40.8203
29412,21.2891,41.3086
29560,24.2188,41.5039
29708,21.2891,42.2852
29860,20.2148,40.9180
30012,20.1172,41.3086
30164,19.9219,41.2109
30316,21.2891,42.0898
30468,20.3125,42.8711
30624,20.9961,43.2617
30780,20.5078,41.5039
30936,21.4844,43.0664
31092,21.0938,45.6055
31248,21.3867,41.1133
31408,21.0938,42.1875
31568,21.1914,41.5039
31728,21.4844,41.0156
31888,20.2148,40.9180
32048,21.2891,42.5781
32212,20.8008,41.4063
32376,20.9961,41.7969
32540,21.1914,41.2109
32704,21.4844,47.2656
32868,25.3906,42.8711
33036,24.0234,42.7734
33204,24.8047,43.7500
33372,24.4141,42.0898
33540,24.9023,43.2617
33708,24.6094,42.6758
33880,24.6094,43.9453
34052,23.3398,43.3594
34224,23.8281,42.2852
34396,24.7070,44.0430
34568,23.9258,43.2617
34744,23.9258,42.3828
34920,24.2188,43.7500
35096,24.0234,42.6758
35272,24.2188,42.5781
35452,24.1211,42.4805
35632,22.9492,40.5273
35812,23.7305,42.8711
35992,24.2188,41.7969
36172,31.9336,42.8711
36356,24.1211,44.2383
36540,23.5352,41.9922
36724,23.3398,42.1875
36908,23.7305,42.6758
37096,23.1445,43.0664
37284,23.4375,42.2852
37472,24.9023,43.2617
37660,23.8281,42.6758
37852,22.7539,40.8203
38044,23.6328,42.8711
38236,24.2188,43.7500
38428,24.0234,43.1641
38624,24.4141,44.0430
38820,24.7070,43.5547
39016,24.0234,43.6523
39212,24.2188,43.6523
39412,23.4375,43.8477
39612,23.8281,42.7734
39812,23.5352,47.2656
40012,24.3164,43.9453
40216,83.3984,46.5820
40420,24.5117,44.1406
40624,23.6328,43.4570
40828,23.8281,43.6523
41036,24.5117,44.1406
41244,24.5117,43.8477
41452,23.7305,43.7500
41660,29.6875,42.9688
41872,23.7305,42.9688
42084,24.2188,43.2617
42296,23.4375,42.9688
42508,24.3164,43.5547
42724,24.9023,44.0430
42940,24.3164,43.5547
43156,23.7305,44.0430
43372,23.8281,43.9453
43592,23.5352,61.1328
43812,24.0234,43.2617
44032,24.3164,43.9453
44256,23.9258,44.3359
44480,24.0234,43.3594
44704,24.4141,44.1406
44928,24.0234,44.1406
45156,24.6094,43.1641
45384,23.6328,43.6523
45612,25.0000,44.7266
45844,27.7344,43.9453
46076,23.6328,45.2148
46308,24.4141,43.0664
46540,23.1445,43.1641
46776,23.7305,42.7734
47012,23.8281,45.2148
47248,24.3164,44.9219
47488,23.5352,43.6523
47728,23.9258,45.6055
47968,24.7070,47.4609
48208,24.4141,44.6289
48452,24.3164,45.8984
48696,23.8281,44.6289
48940,23.9258,43.2617
49188,23.9258,43.9453
49436,23.9258,43.6523
49684,23.2422,43.8477
49936,25.0000,44.2383
50188,24.0234,45.0195
50440,27.6367,45.6055
50696,24.9023,44.7266
50952,24.4141,43.9453
51208,24.0234,45.3125
51468,24.3164,44.5313
51728,24.1211,43.6523
51988,24.7070,46.6797
52248,24.3164,45.0195
52512,24.0234,45.7031
52776,24.2188,44.3359
53040,23.6328,43.6523
53308,24.3164,44.8242
53576,23.2422,43.5547
53844,24.5117,44.3359
54116,24.6094,44.6289
54388,24.0234,45.6055
54660,23.2422,44.3359
54936,24.4141,45.9961
55212,24.2188,45.7031
55492,26.5625,45.6055
55772,83.8867,44.4336
56052,23.5352,45.9961
56336,23.5352,44.2383
56620,24.0234,44.8242
56904,24.5117,44.6289
57192,41.5039,45.2148
57480,23.5352,43.9453
57768,23.6328,81.0547
58060,24.3164,45.0195
58352,24.5117,47.3633
58644,24.6094,47.1680
58940,23.7305,45.0195
59236,23.3398,45.6055
59536,23.5352,44.1406
59836,24.1211,45.9961
60136,23.6328,45.6055
60440,24.8047,48.2422
60744,23.5352,45.1172
61048,24.4141,44.8242
61356,23.7305,45.1172
61664,25.0977,47.3633
61976,23.2422,45.4102
62288,23.8281,44.9219
62600,24.5117,45.8984
62916,23.9258,45.8984
63232,24.3164,49.3164
63552,24.0234,46.5820
63872,24.2188,45.3125
64192,24.2188,45.7031
64516,24.3164,47.4609
64840,24.1211,46.6797
65168,24.8047,46.3867
65496,24.9023,47.6563
65824,28.0273,46.7773
66156,27.4414,48.1445
66488,28.2227,47.3633
66824,28.5156,47.2656
67160,27.4414,46.9727
67496,27.7344,47.5586
67836,27.8320,46.8750
68176,27.3438,46.9727
68520,26.7578,47.7539
68864,27.5391,47.8516
69212,26.6602,51.1719
69560,27.6367,48.7305
69908,28.3203,49.9023
70260,27.6367,48.5352
70612,26.8555,47.0703
70968,26.7578,46.9727
71324,27.4414,47.2656
71684,26.9531,48.2422
72044,27.4414,48.0469
72408,27.2461,55.5664
72772,27.1484,49.6094
73136,26.9531,48.2422
73504,26.7578,47.6563
73872,26.8555,47.6563
74244,27.4414,48.3398
74616,26.2695,48.0469
74992,27.5391,47.6563
75368,27.1484,48.7305
75748,28.4180,114.3555
76128,26.8555,49.4141
76512,27.0508,47.7539
76896,26.9531,48.3398
77284,26.9531,49.0234
77672,26.4648,47.0703
78064,27.2461,48.3398
78456,27.2461,48.4375
78852,27.3438,51.5625
79248,26.0742,47.0703
79648,27.1484,49.2188
80048,27.0508,48.0469
80452,25.8789,47.2656
80856,27.1484,49.1211
81264,26.5625,47.8516
81672,26.9531,49.0234
82084,27.6367,48.8281
82496,26.9531,51.2695
82912,26.2695,48.3398
83328,26.3672,48.9258
83748,26.7578,49.1211
84168,27.1484,48.4375
84592,28.1250,49.6094
85016,26.4648,48.8281
85444,26.8555,48.8281
85872,26.6602,48.1445
86304,29.5898,50.0977
86736,26.7578,49.1211
87172,26.9531,48.7305
87608,26.5625,48.2422
88048,26.9531,50.3906
88492,27.3438,49.5117
88936,27.4414,49.2188
89384,27.0508,50.0000
89832,27.7344,49.5117
90284,27.6367,49.2188
90736,27.2461,48.5352
91192,27.0508,49.2188
91648,27.5391,49.8047
92108,27.3438,49.8047
92572,26.4648,48.6328
93036,27.0508,50.0977
93504,27.9297,50.1953
93972,30.4688,49.2188
94444,27.7344,50.9766
94920,26.5625,49.2188
95396,28.7109,50.2930
95876,26.1719,49.7070
96356,27.2461,49.2188
96840,27.3438,49.3164
97328,27.0508,49.4141
97816,26.9531,48.6328
98308,28.1250,51.1719
98800,26.3672,48.6328
99296,27.2461,49.2188
99796,27.4414,49.4141
100296,27.0508,48.4375
100800,28.4180,50.2930
101304,27.3438,50.0000
101812,27.6367,50.0000
102324,26.9531,55.1758
102836,27.1484,48.6328
103352,26.6602,49.5117
103872,27.1484,50.4883
104392,27.3438,51.0742
104916,28.0273,50.5859
105444,27.0508,49.5117
105972,27.4414,50.6836
106504,27.2461,51.4648
107040,26.8555,50.0977
107576,27.4414,50.0977
108116,27.9297,50.6836
108660,27.9297,49.9023
109204,27.3438,50.9766
109752,27.1484,49.8047
110304,28.2227,51.0742
110856,26.9531,49.5117
111412,26.8555,50.7813
111972,27.1484,50.7813
112532,27.3438,49.8047
113096,27.1484,49.2188
113664,26.5625,50.3906
114236,28.4180,50.0000
114808,27.1484,50.0000
115384,27.8320,50.0000
115964,26.9531,53.2227
116544,27.8320,50.5859
117128,26.6602,50.0977
117716,27.0508,50.3906
118308,27.0508,51.0742
118900,27.4414,50.0977
119496,26.6602,49.9023
120096,26.2695,49.3164
120700,28.2227,51.7578
121304,28.4180,50.5859
121912,28.1250,50.2930
122524,27.0508,51.2695
123140,27.4414,51.6602
123756,27.4414,50.5859
124376,27.0508,50.0977
125000,26.9531,50.4883
125628,27.5391,51.0742
126260,27.1484,52.6367
126892,27.4414,50.0000
127528,27.1484,50.7813
128168,27.5391,51.2695
128812,27.3438,50.3906
129460,25.8789,50.1953
130108,27.7344,51.1719
130760,27.1484,51.5625
131416,33.5938,51.9531
132076,34.3750,49.9023
132740,32.4219,51.2695
133404,30.0781,50.8789
134072,32.5195,52.1484
134744,31.8359,51.8555
135420,30.6641,51.6602
136100,30.9570,52.6367
136784,30.8594,124.6094
137468,31.1523,51.9531
138156,30.9570,51.5625
138848,30.6641,51.2695
139544,30.0781,50.2930
140244,30.0781,50.3906
140948,30.9570,52.3438
141656,30.2734,50.4883
142368,31.2500,52.4414
143080,31.4453,53.1250
143796,30.4688,52.1484
144516,30.1758,52.2461
145240,30.5664,50.8789
145968,30.6641,50.3906
146700,31.2500,52.2461
147436,31.1523,52.9297
148176,31.0547,54.1992
148920,30.5664,50.9766
149668,30.5664,50.0000
150420,30.9570,52.1484
151176,31.1523,52.4414
151932,30.3711,49.6094
152692,30.1758,51.9531
153456,30.9570,51.5625
154224,30.0781,50.9766
154996,31.1523,52.1484
155772,30.3711,50.7813
156552,30.4688,51.3672
157336,31.4453,53.8086
158124,31.0547,52.7344
158916,31.2500,52.0508
159712,29.6875,50.7813
160512,31.1523,51.8555
161316,31.5430,52.3438
162124,30.4688,52.4414
162936,31.9336,52.7344
163752,30.9570,53.1250
164572,30.1758,52.2461
165396,31.3477,52.4414
166224,31.5430,53.0273
167056,30.7617,52.5391
167892,30.4688,53.5156
168732,30.1758,51.6602
169576,31.7383,53.2227
170424,30.8594,51.9531
171280,30.3711,51.8555
172140,30.7617,52.6367
173004,31.0547,52.6367
173872,30.2734,53.1250
174744,35.8398,57.7148
175620,31.3477,54.3945
176500,32.7148,54.5898
177384,31.1523,53.6133
178272,30.9570,53.2227
179164,30.9570,53.5156
180060,31.1523,53.0273
180964,36.1328,78.2227
181872,32.3242,54.8828
182784,31.0547,53.9063
183700,30.8594,53.6133
184620,31.4453,53.0273
185544,31.1523,52.3438
186472,30.9570,53.9063
187408,31.0547,53.8086
188348,32.7148,54.1016
189292,31.5430,54.9805
190240,31.4453,54.1016
191192,31.9336,54.4922
192148,31.0547,54.4922
193112,31.6406,54.1016
194080,30.3711,53.4180
195052,30.3711,52.8320
196028,30.7617,53.5156
197012,30.2734,52.2461
198000,31.1523,54.1992
198992,30.7617,54.1016
199988,30.5664,53.3203
200988,30.0781,51.9531
201996,29.5898,53.1250
203008,30.3711,52.3438
204024,29.1992,52.7344
205048,29.6875,52.2461
206076,29.5898,51.7578
207108,30.9570,54.0039
208144,30.5664,51.8555
209188,31.0547,53.1250
210236,30.9570,53.5156
211288,31.0547,54.4922
212348,31.5430,54.4922
213412,30.3711,55.4688
214480,30.9570,53.7109
215556,31.0547,53.0273
216636,29.8828,52.9297
217720,30.6641,53.2227
218812,30.2734,53.5156
219908,32.6172,53.1250
221008,31.1523,54.5898
222116,31.1523,54.6875
223228,30.5664,53.7109
224348,29.7852,52.3438
225472,29.9805,54.0039
226600,31.6406,54.5898
227736,30.0781,54.2969
228876,33.3008,55.2734
230024,30.1758,53.9063
231176,31.6406,54.3945
232332,30.1758,53.3203
233496,30.2734,54.3945
234664,30.1758,53.8086
235840,30.1758,52.2461
237020,33.9844,54.1992
238208,31.7383,54.8828
239400,31.6406,54.5898
240600,31.3477,54.7852
241804,31.7383,55.7617
243016,31.8359,55.0781
244232,31.3477,54.6875
245456,31.0547,54.5898
246684,32.3242,59.5703
247920,30.2734,53.2227
249160,31.4453,54.5898
250408,30.9570,54.8828
251664,31.4453,54.8828
252924,30.7617,56.0547
254192,32.1289,54.9805
255464,31.1523,54.7852
256744,33.8867,55.7617
258028,31.9336,55.7617
259320,31.9336,56.7383
260620,30.8594,54.1992
261924,33.0078,57.2266
263236,37.5000,56.6406
264556,36.2305,55.0781
265880,37.1094,58.2031
267212,34.8633,54.7852
268552,35.6445,54.9805
269896,35.2539,54.8828
271248,35.7422,56.2500
272608,35.5469,55.5664
273972,35.0586,55.0781
275344,34.9609,55.6641
276724,34.1797,55.8594
278108,34.8633,55.1758
279500,36.0352,57.2266
280900,35.2539,54.7852
282308,35.1563,54.4922
283720,34.3750,54.5898
285140,34.3750,54.1016
286568,34.9609,58.2031
288004,34.8633,55.5664
289448,35.5469,56.0547
290896,34.3750,54.8828
292352,35.7422,56.2500
293816,34.2773,55.5664
295288,35.9375,55.8594
296768,34.8633,57.6172
298252,36.0352,57.0313
299744,37.5000,58.2031
301244,35.9375,56.4453
302752,35.9375,55.2734
304268,34.6680,56.1523
305792,36.8164,62.9883
307324,35.6445,55.9570
308864,36.4258,57.4219
310412,35.1563,55.5664
311968,34.9609,56.3477
313528,34.6680,54.5898
315096,34.5703,55.5664
316672,35.5469,56.6406
318256,34.7656,56.6406
319848,41.3086,57.2266
321448,36.4258,59.0820
323056,36.2305,57.0313
324672,34.5703,56.5430
326296,35.2539,57.0313
327928,35.8398,56.9336
329568,34.8633,56.5430
331216,38.3789,57.9102
332876,35.1563,57.1289
334544,35.2539,57.8125
336220,35.3516,56.9336
337904,36.3281,58.2031
339596,35.8398,58.1055
341296,34.9609,56.7383
343004,34.0820,58.7891
344720,35.8398,56.8359
346444,36.5234,57.4219
348180,35.4492,56.9336
349924,35.9375,57.3242
351676,34.8633,56.8359
353436,35.5469,57.0313
355204,34.3750,57.7148
356984,36.2305,57.7148
358772,35.8398,57.7148
360568,35.2539,54.8828
362372,36.0352,57.6172
364184,36.6211,58.3008
366008,36.0352,58.1055
367840,35.3516,60.2539
369680,35.6445,58.6914
371532,34.2773,55.7617
373392,35.9375,57.5195
375260,35.2539,57.5195
377140,36.6211,57.9102
379028,35.7422,57.0313
380924,35.3516,61.4258
382832,36.0352,58.6914
384748,36.0352,58.3984
386672,35.4492,58.3008
388608,35.9375,58.0078
390552,36.7188,58.7891
392508,35.2539,58.4961
394472,35.5469,61.2305
396448,35.4492,58.2031
398432,35.6445,57.7148
400428,36.3281,57.4219
402432,36.2305,57.7148
404448,36.0352,57.4219
406472,35.7422,58.3984
408508,36.0352,60.4492
410552,36.2305,59.3750
412608,36.5234,59.2773
414672,37.1094,59.7656
416748,36.0352,57.5195
418832,36.4258,58.5938
420928,36.2305,58.2031
423036,36.5234,63.3789
425152,35.5469,58.0078
427280,37.2070,59.4727
429420,35.9375,58.5938
431568,37.6953,59.3750
433728,36.4258,59.3750
435900,37.3047,61.0352
438080,37.2070,57.6172
440272,36.8164,58.7891
442476,36.5234,58.5938
444692,36.6211,58.3984
446916,36.9141,59.9609
449152,38.2813,61.3281
451400,37.0117,59.5703
453660,37.5977,59.4727
455932,38.8672,61.3281
458212,36.3281,58.3984
460504,36.7188,58.8867
462808,37.8906,60.6445
465124,37.0117,59.7656
467452,36.5234,62.3047
469792,37.1094,60.3516
472144,37.4023,61.3281
474508,37.2070,58.8867
476884,37.9883,61.3281
479272,37.2070,61.0352
481672,37.5977,62.6953
484084,37.5977,59.9609
486508,37.7930,62.1094
488944,37.5000,61.7188
491392,37.8906,61.2305
493852,38.1836,62.4023
496324,38.9648,60.8398
498808,38.3789,64.6484
501304,37.6953,61.1328
503812,37.5000,61.2305
506332,37.6953,62.0117
508864,38.2813,63.2813
511412,36.9141,61.4258
513972,38.5742,63.1836
516544,40.8203,61.8164
519128,37.8906,61.4258
521724,38.0859,62.8906
524336,48.9258,66.5039
526960,43.2617,63.8672
529596,42.9688,63.5742
532244,41.8945,63.6719
534908,42.3828,62.2070
537584,42.3828,62.9883
540272,41.6992,63.0859
542976,41.6016,61.3281
545692,42.3828,62.1094
548424,42.2852,67.5781
551168,42.0898,63.9648
553924,41.6992,62.1094
556696,42.3828,64.2578
559480,42.6758,63.2813
562280,44.3359,65.6250
565092,42.3828,65.9180
567920,43.5547,64.1602
570760,41.7969,62.2070
573616,40.7227,61.8164
576488,41.9922,63.0859
579372,42.6758,64.3555
582272,43.4570,64.2578
585184,42.1875,62.5977
588112,41.9922,62.6953
591056,41.7969,62.5977
594012,41.3086,62.3047
596984,42.8711,62.8906
599972,42.2852,62.4023
602972,45.3125,64.5508
605988,43.3594,63.6719
609020,42.1875,63.4766
612068,41.4063,62.5000
615132,51.2695,64.4531
618208,43.1641,64.7461
621300,43.6523,64.4531
624408,42.8711,65.0391
627532,43.8477,66.4063
630672,42.4805,64.6484
633828,43.1641,64.4531
637000,41.7969,61.9141
640188,45.2148,63.2813
643392,42.9688,61.9141
646612,42.6758,64.3555
649848,42.6758,63.5742
653100,43.4570,65.2344
656368,43.1641,64.8438
659652,44.1406,63.4766
662952,41.8945,62.6953
666268,43.6523,64.9414
669600,43.6523,65.3320
672948,42.7734,64.7461
676316,42.5781,64.3555
679700,49.0234,64.9414
683100,42.1875,64.5508
686516,42.5781,63.9648
689952,43.2617,65.4297
693404,44.1406,67.5781
696872,44.2383,68.0664
700360,43.8477,65.7227
703864,44.1406,65.1367
707384,43.5547,65.5273
710924,44.2383,63.4766
714480,41.7969,63.9648
718056,44.6289,63.9648
721648,40.0391,62.9883
725260,41.5039,63.3789
728888,40.0391,63.5742
732536,40.4297,63.3789
736200,41.5039,64.3555
739884,43.9453,64.9414
743584,41.5039,64.0625
747304,40.3320,63.0859
751044,41.5039,62.8906
754800,41.1133,63.5742
758576,41.2109,63.6719
762372,43.8477,64.4531
766184,41.7969,65.0391
770016,42.7734,64.7461
773868,41.6016,64.4531
777740,41.9922,65.7227
781632,41.4063,65.3320
785544,44.3359,64.2578
789472,40.4297,62.2070
793420,41.8945,65.4297
797388,41.0156,64.4531
801376,41.9922,63.2813
805384,41.5039,65.3320
809412,44.6289,66.0156
813460,41.8945,65.1367
817528,43.3594,64.7461
821616,42.7734,66.5039
825728,41.6992,64.9414
829860,41.7969,64.8438
834012,42.6758,66.4063
838184,42.2852,65.5273
842376,43.7500,67.1875
846588,42.0898,64.8438
850824,41.9922,65.8203
855080,42.8711,69.4336
859356,41.3086,64.3555
863656,42.0898,65.0391
867976,43.3594,66.6016
872316,42.2852,65.3320
876680,41.8945,66.4063
881064,43.6523,73.4375
885472,43.1641,66.5039
889900,42.6758,67.1875
894352,43.7500,66.6016
898824,43.4570,65.5273
903320,41.6016,65.9180
907840,42.0898,65.4297
912380,43.7500,69.7266
916944,42.9688,66.7969
921532,46.7773,67.5781
926140,42.9688,67.2852
930772,42.1875,69.1406
935428,42.3828,66.5039
940108,43.5547,68.2617
944812,41.6016,66.4063
949540,43.5547,67.9688
954288,44.8242,70.4102
959060,44.7266,66.9922
963856,42.9688,66.4063
968676,44.3359,70.7031
973520,43.2617,67.2852
978388,44.2383,70.3125
983280,43.6523,73.8281
988200,44.3359,68.1641
993144,43.9453,68.9453
998112,41.9922,66.7969
1003104,43.6523,69.4336
1008120,43.8477,69.9219
1013164,47.3633,69.8242
1018232,43.5547,69.5313
1023324,43.2617,68.8477
1028444,44.0430,67.3828
1033588,43.8477,68.7500
1038756,44.3359,75.0000
1043952,45.0195,70.5078
1049172,52.4414,74.8047
1054420,48.9258,70.8984
1059696,48.7305,70.2148
1064996,47.9492,71.9727
1070324,53.2227,71.3867
1075676,50.1953,70.1172
1081056,49.2188,69.0430
1086464,48.1445,70.2148
1091900,48.8281,72.1680
1097360,49.4141,70.2148
1102848,50.4883,68.8477
1108364,47.8516,70.2148
1113908,48.3398,69.5313
1119480,49.7070,70.7031
1125080,48.2422,70.8008
1130708,49.2188,70.6055
1136364,47.8516,70.4102
1142048,48.8281,71.3867
1147760,52.6367,71.9727
1153500,48.8281,71.3867
1159268,48.3398,70.3125
1165068,49.1211,71.9727
1170896,48.7305,71.2891
1176752,48.2422,71.7773
1182636,49.2188,71.7773
1188552,49.5117,70.9961
1194496,49.7070,73.3398
1200472,48.8281,71.9727
1206476,48.8281,73.0469
1212512,50.2930,72.5586
1218576,49.3164,71.8750
1224672,49.5117,72.5586
1230796,49.7070,72.0703
1236952,50.0977,75.4883
1243140,49.6094,72.3633
1249356,49.0234,71.8750
1255604,49.5117,73.3398
1261884,49.1211,70.8008
1268196,49.6094,75.1953
1274540,49.3164,70.8984
1280916,48.9258,71.4844
1287324,49.2188,72.5586
1293764,49.8047,73.9258
1300236,49.5117,74.8047
1306740,49.5117,72.1680
1313276,49.4141,77.1484
1319844,48.0469,70.2148
1326444,50.1953,72.2656
1333080,49.6094,79.8828
1339748,49.7070,73.6328
1346448,49.9023,72.6563
1353184,50.2930,74.0234
1359952,49.6094,72.1680
1366752,49.7070,73.7305
1373588,50.0977,74.0234
1380456,51.1719,75.3906
1387360,49.9023,73.8281
1394300,50.6836,75.1953
1401272,53.4180,72.9492
1408280,49.9023,72.5586
1415324,50.6836,73.8281
1422404,49.7070,74.5117
1429520,50.0977,73.5352
1436668,53.8086,73.8281
1443852,50.0977,74.0234
1451072,50.6836,74.8047
1458328,51.6602,75.3906
1465620,49.8047,74.0234
1472952,48.8281,71.4844
1480320,51.1719,73.4375
1487724,50.2930,74.6094
1495164,49.8047,73.9258
1502640,51.3672,79.9805
1510156,50.0000,74.2188
1517708,51.7578,75.4883
1525300,52.2461,76.2695
1532928,51.0742,75.5859
1540596,49.8047,75.0977
1548300,51.0742,74.9023
1556044,55.8594,74.9023
1563828,50.4883,74.1211
1571648,50.8789,74.5117
1579508,54.0039,75.5859
1587408,50.7813,74.5117
1595348,51.8555,77.3438
1603328,66.8945,80.3711
1611348,52.9297,76.4648
1619408,51.9531,75.5859
1627508,50.6836,74.9023
1635648,51.0742,77.8320
1643828,51.3672,77.6367
1652048,51.5625,77.1484
1660312,50.1953,74.3164
1668616,51.2695,75.8789
1676960,52.5391,77.7344
1685348,51.1719,75.0000
1693776,51.0742,75.7813
1702248,52.0508,78.3203
1710760,51.4648,76.6602
1719316,52.3438,77.4414
1727916,51.0742,75.3906
1736556,50.9766,74.9023
1745240,49.6094,75.6836
1753968,51.4648,80.8594
1762740,51.6602,74.6094
1771556,51.1719,75.9766
1780416,52.0508,77.8320
1789320,52.7344,75.9766
1798268,51.0742,77.1484
1807260,59.4727,75.6836
1816300,52.3438,78.0273
1825384,50.4883,74.8047
1834512,53.0273,81.7383
1843688,51.7578,75.6836
1852908,52.6367,76.3672
1862176,51.3672,76.1719
1871488,51.8555,77.8320
1880848,54.1016,79.9805
1890256,52.0508,78.7109
1899708,52.0508,77.7344
1909208,52.8320,77.3438
1918756,51.9531,79.1992
1928352,51.9531,77.6367
1937996,51.3672,75.0000
1947688,53.1250,79.4922
1957428,53.9063,80.8594
1967216,51.3672,76.0742
1977056,51.9531,78.2227
1986944,53.1250,79.1016
1996880,52.8320,80.4688
2006868,54.5898,76.2695
2016904,52.6367,80.6641
2026992,53.5156,78.9063
2037128,52.9297,79.1016
2047316,52.7344,79.7852
2057556,52.5391,80.8594
2067844,54.6875,80.7617
2078184,51.8555,76.9531
2088576,52.1484,83.4961
2099020,57.9102,91.0156
2109516,57.3242,80.2734
2120064,57.9102,82.5195
2130668,56.8359,80.6641
2141324,57.9102,81.1523
2152032,56.8359,79.2969
2162796,59.1797,81.8359
2173612,57.5195,82.4219
2184484,57.8125,78.6133
2195408,57.5195,80.4688
2206388,56.6406,78.8086
2217420,56.9336,78.7109
2228508,60.2539,82.9102
2239652,57.0313,79.6875
2250852,59.0820,81.8359
2262108,56.7383,79.2969
2273420,61.1328,81.7383
2284788,58.4961,81.8359
2296212,58.3008,81.6406
2307696,58.3008,81.6406
2319236,60.4492,81.9336
2330836,57.4219,80.2734
2342492,56.2500,81.2500
2354208,57.5195,80.7617
2365980,60.3516,79.9805
2377812,57.2266,80.7617
2389704,57.6172,79.6875
2401656,60.4492,83.0078
2413668,58.6914,81.3477
2425740,58.8867,81.0547
2437872,58.1055,79.4922
2450064,58.6914,82.0313
2462316,57.9102,83.0078
2474628,57.6172,82.6172
2487004,58.0078,81.0547
2499440,57.9102,81.0547
2511940,58.0078,81.3477
2524500,57.2266,84.1797
2537124,57.8125,81.5430
2549812,57.2266,80.6641
2562564,57.3242,82.4219
2575380,58.2031,83.7891
2588260,58.8867,83.9844
2601204,57.8125,82.4219
2614212,58.7891,84.1797
2627284,60.2539,101.6602
2640424,57.9102,81.2500
2653628,61.1328,85.9375
2666900,57.7148,82.8125
2680236,59.0820,84.5703
2693640,57.2266,80.6641
2707112,57.3242,81.7383
2720648,59.6680,83.7891
2734252,61.6211,94.6289
2747924,57.7148,82.0313
2761664,60.9375,85.2539
2775476,60.7422,85.5469
2789356,66.0156,84.9609
2803304,58.9844,84.8633
2817324,59.2773,84.6680
2831412,58.3008,86.0352
2845572,58.5938,82.1289
2859800,60.4492,83.9844
2874100,57.6172,82.2266
2888472,60.3516,84.4727
2902916,57.7148,81.2500
2917432,58.0078,88.3789
2932020,58.5938,83.8867
2946684,58.4961,82.5195
2961420,60.3516,84.1797
2976228,59.2773,83.8867
2991112,58.7891,86.3281
3006068,59.2773,83.7891
3021100,59.0820,83.0078
3036208,58.5938,82.0313
3051392,61.0352,85.6445
3066652,60.1563,84.6680
3081988,59.6680,85.6445
3097400,60.4492,83.0078
3112888,61.1328,84.7656
3128456,59.4727,84.4727
3144100,60.8398,85.3516
3159824,58.6914,87.5000
3175624,58.5938,85.0586
3191504,61.6211,87.4023
3207464,59.9609,86.6211
3223504,58.9844,83.5938
3239624,59.1797,83.9844
3255824,59.3750,85.5469
3272104,60.4492,85.5469
3288468,59.1797,83.9844
3304912,60.0586,84.8633
3321440,61.1328,87.6953
3338048,58.9844,85.4492
3354740,61.0352,87.9883
3371516,60.6445,86.4258
3388376,58.1055,82.6172
3405320,59.0820,85.7422
3422348,60.9375,86.9141
3439460,59.5703,84.9609
3456660,60.5469,86.9141
3473944,58.3008,84.0820
3491316,58.9844,83.3984
3508776,61.3281,91.6016
3526320,68.7500,86.7188
3543952,60.7422,87.7930
3561672,60.2539,87.5000
3579484,63.1836,87.6953
3597384,116.4063,99.5117
3615372,76.5625,85.9375
3633452,60.0586,85.8398
3651620,60.4492,86.9141
3669880,64.0625,89.4531
3688232,59.9609,86.7188
3706676,61.2305,88.8672
3725212,59.5703,87.6953
3743840,59.4727,87.1094
3762560,60.8398,89.4531
3781376,60.8398,87.5000
3800284,60.0586,86.6211
3819288,59.4727,85.3516
3838388,64.6484,87.6953
3857580,61.7188,88.3789
3876868,60.8398,88.6719
3896256,61.3281,87.6953
3915740,62.5977,88.1836
3935320,61.6211,87.5000
3955000,61.7188,91.6016
3974776,60.2539,86.6211
3994652,61.0352,90.1367
4014628,61.5234,86.9141
4034704,61.5234,88.6719
4054880,60.3516,88.3789
4075156,61.3281,86.4258
4095532,63.6719,87.7930
4116012,61.5234,87.9883
4136596,61.7188,88.8672
4157280,60.5469,87.0117
4178068,61.7188,91.7969
4198960,66.2109,89.2578
4219956,68.0664,93.9453
4241056,66.8945,90.4297
4262264,66.6016,89.3555
4283576,67.8711,93.8477
4304996,64.5508,87.5977
4326524,65.6250,87.2070
4348160,67.2852,93.1641
4369904,65.9180,87.7930
4391756,65.4297,88.0859
4413716,66.2109,89.2578
4435788,64.5508,88.8672
4457968,64.5508,88.8672
4480260,68.0664,91.0156
4502664,67.8711,88.6719
4525180,64.7461,87.3047
4547808,66.5039,90.0391
4570548,67.1875,90.5273
4593404,65.7227,89.8438
4616372,64.8438,87.2070
4639456,71.0938,89.6484
4662656,66.2109,92.2852
4685972,65.8203,89.3555
4709404,70.8984,92.1875
4732952,66.4063,89.9414
4756620,67.7734,91.5039
4780404,65.7227,89.1602
4804308,65.8203,88.6719
4828332,66.5039,98.2422
4852476,65.5273,89.8438
4876740,67.7734,91.9922
4901124,67.6758,96.2891
4925632,66.9922,91.4063
4950264,66.3086,88.8672
4975016,66.6016,94.5313
4999892,67.0898,92.6758
5024892,67.8711,91.2109
5050020,67.9688,92.7734
5075272,65.9180,87.3047
5100652,66.4063,91.2109
5126156,68.5547,93.3594
5151788,67.3828,91.8945
5177548,66.6992,90.8203
5203436,68.3594,91.7969
5229456,67.4805,91.8945
5255604,67.3828,93.3594
5281884,71.5820,91.7969
5308296,69.3359,96.1914
5334840,67.0898,90.1367
5361516,67.0898,127.2461
5388324,66.6016,91.9922
5415268,71.7773,93.2617
5442348,71.1914,95.2148
5469560,67.6758,93.2617
5496908,67.3828,91.7969
5524396,68.1641,93.2617
5552020,95.0195,93.0664
5579784,66.1133,89.6484
5607684,67.8711,93.1641
5635724,66.6992,90.9180
5663904,67.6758,92.7734
5692224,67.7734,94.4336
5720688,67.0898,92.8711
5749292,131.2500,91.0156
5778040,73.3398,91.0156
5806932,68.0664,91.7969
5835968,68.3594,92.4805
5865148,67.5781,93.6523
5894476,66.2109,92.3828
5923952,66.7969,96.1914
5953572,66.9922,93.7500
5983340,68.2617,94.5313
6013260,73.3398,97.1680
6043328,67.4805,91.9922
6073548,66.5039,91.6992
6103916,67.3828,94.7266
6134436,67.8711,94.2383
6165112,68.6523,100.3906
6195940,68.6523,95.3125
6226920,67.6758,94.1406
6258056,72.7539,95.5078
6289348,69.1406,93.6523
6320796,70.3125,99.6094
6352400,68.6523,95.8008
6384164,66.9922,94.0430
6416088,71.1914,94.1406
6448172,66.5039,92.0898
6480416,70.8008,99.9023
6512820,68.9453,93.8477
6545388,68.0664,92.9688
6578116,69.2383,94.9219
6611008,67.7734,93.1641
6644064,66.5039,94.1406
6677288,67.3828,93.3594
6710676,69.9219,95.8984
6744232,67.9688,95.2148
6777956,69.4336,95.0195
6811848,69.5313,95.7031
6845908,68.4570,94.2383
6880140,67.5781,91.5039
6914544,67.3828,94.1406
6949120,68.9453,95.7031
6983868,69.2383,93.1641
7018788,67.4805,94.6289
7053884,69.2383,96.2891
7089156,70.5078,95.0195
7124604,69.3359,96.8750
7160228,68.4570,97.1680
7196032,69.7266,95.8984
7232016,69.8242,97.4609
7268180,70.0195,94.7266
7304524,69.8242,96.2891
7341048,68.7500,94.9219
7377756,68.9453,94.0430
7414648,69.1406,97.1680
7451724,68.7500,95.0195
7488984,73.1445,94.0430
7526432,68.4570,95.5078
7564068,67.6758,94.2383
7601892,70.0195,99.2188
7639904,68.3594,95.9961
7678104,68.0664,95.6055
7716496,67.7734,95.8008
7755080,69.7266,96.4844
7793856,70.9961,98.3398
7832828,69.3359,97.2656
7871996,68.8477,98.5352
7911356,70.1172,97.4609
7950916,69.0430,94.2383
7990672,69.2383,95.1172
8030628,69.8242,96.5820
8070784,69.5313,96.0938
8111140,78.7109,98.4375
8151696,73.5352,95.6055
8192456,76.2695,101.0742
8233420,72.4609,100.3906
8274588,69.9219,98.3398
8315964,68.5547,96.3867
8357544,74.0234,99.0234
8399332,76.0742,100.7813
8441332,75.4883,96.4844
8483540,74.3164,98.3398
8525960,76.0742,99.2188
8568592,82.9102,98.3398
8611436,75.5859,102.9297
8654496,75.8789,98.3398
8697772,77.1484,101.1719
8741264,75.0000,99.3164
8784972,74.7070,97.9492
8828900,75.4883,101.1719
8873048,75.5859,99.8047
8917416,75.3906,97.0703
8962004,74.7070,97.2656
9006816,75.2930,95.4102
9051852,73.5352,97.2656
9097112,73.8281,97.9492
9142600,75.6836,96.5820
9188316,75.5859,97.7539
9234260,76.4648,100.2930
9280432,74.8047,102.6367
9326836,73.9258,98.2422
9373472,76.8555,102.6367
9420340,73.9258,97.7539
9467444,74.5117,99.4141
9514784,72.5586,95.2148
9562360,74.8047,96.8750
9610172,77.1484,101.0742
9658224,73.1445,97.6563
9706516,76.8555,100.4883
9755052,73.9258,98.0469
9803828,74.8047,100.7813
9852848,78.8086,100.8789
9902116,75.6836,97.7539
9951628,75.0977,102.4414
10001388,74.4141,97.4609
10051396,73.4375,103.1250
10101656,77.6367,100.4883
10152168,76.6602,101.5625
10202932,77.4414,101.1719
10253948,73.2422,99.8047
10305220,75.5859,100.2930
10356748,75.3906,102.5391
10408532,75.9766,101.1719
10460576,76.0742,104.9805
10512880,76.5625,100.7813
10565448,72.9492,165.4297
10618276,76.6602,100.7813
10671368,75.2930,100.4883
10724728,74.2188,98.0469
10778352,76.2695,100.5859
10832244,76.0742,99.5117
10886408,75.0977,100.4883
10940844,76.0742,100.8789
10995552,77.3438,101.9531
11050532,73.7305,98.4375
11105788,75.4883,100.4883
11161320,74.2188,98.7305
11217128,75.3906,99.8047
11273216,75.0977,102.8320
11329584,78.4180,104.1016
11386232,79.1016,100.7813
11443164,75.9766,102.6367
11500380,75.7813,102.8320
11557884,73.6328,97.2656
11615676,74.2188,97.6563
11673756,76.7578,102.8320
11732128,73.9258,98.5352
11790792,77.7344,103.4180
11849748,77.8320,104.1016
11909000,75.3906,100.3906
11968548,75.3906,100.2930
12028392,78.5156,99.7070
12088536,79.0039,103.2227
12148980,93.2617,104.7852
12209728,87.7930,103.3203
12270780,75.7813,101.4648
12332136,78.5156,103.0273
12393800,79.1992,104.1992
12455772,75.7813,100.0977
12518052,73.6328,97.9492
12580644,77.5391,116.8945
12643548,81.6406,103.0273
12706768,77.9297,105.2734
12770304,76.4648,99.9023
12834156,74.9023,99.1211
12898328,75.1953,103.7109
12962820,78.3203,103.5156
13027636,74.9023,102.2461
13092776,76.7578,102.3438
13158240,77.6367,102.2461
13224032,75.7813,103.6133
13290156,78.3203,103.5156
13356608,76.1719,104.1992
13423392,76.7578,104.0039
13490512,76.0742,101.5625
13557968,77.4414,107.1289
13625760,76.5625,104.3945
13693892,76.4648,104.5898
13762364,79.1016,104.3945
13831176,77.2461,103.5156
13900332,75.6836,104.0039
13969836,75.9766,100.9766
14039688,81.2500,108.3008
14109888,77.8320,106.0547
14180440,75.5859,102.6367
14251344,76.2695,104.1992
14322604,76.9531,99.9023
14394220,78.2227,104.4922
14466192,78.7109,105.7617
14538524,77.7344,102.6367
14611220,78.3203,105.6641
14684280,78.7109,106.9336
14757704,78.1250,107.9102
14831496,77.5391,105.9570
14905656,79.0039,107.6172
14980188,75.4883,99.0234
15055092,79.7852,103.3203
15130368,79.1016,108.0078
15206020,77.6367,105.0781
15282052,80.7617,105.9570
15358464,76.5625,101.7578
15435260,78.0273,107.2266
15512440,78.4180,106.1523
15590004,84.4727,105.9570
15667956,76.4648,101.1719
15746296,80.0781,106.0547
15825028,78.5156,107.7148
15904156,77.0508,103.8086
15983680,81.8359,106.4453
16063600,79.1016,109.7656
16143920,76.4648,103.4180
16224640,95.3125,107.6172
16305764,79.2969,122.7539
16387296,79.4922,111.0352
16469236,79.7852,107.2266
16551584,78.3203,104.4922
16634344,78.3203,104.0039
16717516,79.4922,106.0547
16801104,85.2539,109.6680
16885112,84.3750,106.9336
16969540,84.4727,108.4961
17054388,86.5234,106.8359
17139660,81.2500,110.7422
17225360,84.2773,108.7891
17311488,84.1797,107.4219
17398048,84.2773,108.3008
17485040,86.0352,113.7695
17572468,87.0117,112.9883
17660332,83.3984,108.8867
17748636,83.3984,108.3008
17837380,87.2070,112.7930
17926568,83.9844,106.7383
18016204,96.8750,105.7617
18106288,89.0625,110.1563
18196820,84.3750,106.9336
18287808,103.4180,113.1836
18379248,84.7656,107.7148
18471148,85.6445,106.9336
18563504,85.6445,110.4492
18656324,83.7891,107.1289
18749608,85.1563,108.3008
18843360,84.8633,108.9844
18937580,86.1328,110.5469
19032268,84.3750,108.3008
19127432,84.2773,111.6211
19223072,85.1563,108.3008
19319188,87.6953,113.5742
19415784,84.6680,108.3008
19512864,87.4023,111.5234
19610432,87.7930,111.7188
19708488,85.6445,112.1094
19807032,86.0352,110.5469
19906068,84.1797,110.9375
20005600,84.8633,111.4258
20105628,85.5469,110.8398
20206160,85.8398,131.1523
20307192,82.1289,105.2734
20408728,85.9375,109.6680
20510772,84.0820,110.9375
20613328,84.4727,111.7188
20716396,85.2539,114.4531
20819980,83.3008,179.4922
20924080,89.3555,138.5742
21028704,85.9375,110.6445
21133848,83.7891,107.1289
21239520,86.0352,118.5547
21345720,84.6680,111.2305
21452452,84.8633,111.4258
21559716,86.4258,110.2539
21667516,89.6484,117.0898
21775856,90.2344,112.0117
21884736,89.1602,113.7695
21994160,86.8164,110.4492
22104132,85.8398,109.7656
22214656,84.5703,112.8906
22325732,86.7188,119.1406
22437364,93.8477,114.3555
22549552,90.7227,113.9648
22662300,89.6484,113.8672
22775612,84.4727,111.7188
22889492,85.4492,112.4023
23003940,86.8164,118.0664
23118960,88.4766,109.5703
23234556,87.1094,113.6719
23350732,86.5234,112.7930
23467488,86.5234,111.5234
23584828,84.9609,112.5000
23702756,85.8398,109.6680
23821272,86.3281,117.8711
23940380,87.6953,112.2070
24060084,87.7930,114.5508
24180388,86.8164,115.7227
24301292,91.0156,115.3320
24422800,86.4258,112.0117
24544916,89.2578,115.5273
24667644,91.6016,119.3359
24790984,97.8516,115.7227
24914940,92.7734,114.9414
25039516,89.9414,114.1602
25164716,94.6289,116.9922
25290540,95.2148,122.8516
25416996,95.9961,116.8945
25544084,98.5352,115.4297
25671808,92.7734,116.8945
25800168,90.1367,117.1875
25929172,101.9531,117.8711
26058820,94.5313,115.3320
26189116,95.9961,124.7070
26320064,99.7070,120.7031
26451668,92.2852,125.9766
26583928,102.2461,120.3125
26716848,101.4648,119.7266
26850436,102.1484,125.6836
26984692,95.5078,117.1875
27119616,98.0469,116.7969
27255216,95.9961,117.3828
27391496,149.5117,144.8242
27528456,129.5898,129.1016
27666100,96.6797,118.5547
27804432,96.8750,116.8945
27943456,102.3438,121.7773
28083176,103.6133,125.4883
28223592,96.9727,118.5547
28364712,94.2383,141.0156
28506536,107.6172,126.0742
28649072,104.8828,125.3906
28792320,102.1484,124.0234
28936284,99.8047,133.9844
29080968,104.4922,121.4844
29226376,99.9023,122.3633
29372508,101.2695,123.5352
29519372,100.3906,154.1016
29666972,113.1836,159.6680
29815308,124.9023,132.4219
29964388,102.5391,125.0977
30114212,156.7383,132.1289
30264784,116.6992,134.6680
30416108,109.2773,128.3203
30568192,106.7383,139.4531
30721036,110.9375,127.6367
30874644,110.1563,144.8242
31029020,131.5430,153.3203
31184168,122.0703,136.5234
31340092,112.0117,129.0039
31496796,115.0391,144.9219
31654280,116.2109,136.2305
31812552,115.6250,134.9609
31971616,113.7695,136.7188
32131476,238.4766,152.2461
32292136,139.8438,145.7031
32453600,164.9414,153.0273
32615868,134.8633,141.8945
32778948,126.0742,158.4961
32942844,130.9570,142.6758
33107560,131.4453,142.4805
33273100,121.4844,150.0000
33439468,127.2461,142.8711
33606668,126.3672,138.6719
33774704,123.0469,151.6602
33943580,129.8828,140.0391
34113300,131.7383,142.4805
34283868,155.9570,148.7305
34455288,133.4961,145.8984
34627568,127.6367,138.2813
34800708,164.0625,148.5352
34974712,132.7148,147.0703
35149588,139.3555,172.5586
35325336,135.9375,144.0430
35501964,133.2031,150.6836
35679476,139.4531,149.0234
35857876,134.6680,144.4336
36037168,132.7148,158.0078
36217356,141.9922,154.1992
36398444,144.8242,152.3438
36580440,148.6328,152.6367
36763344,134.9609,152.8320
36947164,176.2695,157.3242
37131900,165.5273,152.8320
37317560,287.7930,173.2422
37504148,151.0742,174.8047
37691672,144.8242,164.7461
37880132,141.8945,153.9063
38069536,146.7773,288.1836
38259884,155.6641,155.6641
38451184,152.0508,162.5977
38643440,163.4766,169.7266
38836660,149.8047,158.8867
39030844,229.1016,176.2695
39226000,162.7930,164.5508
39422132,157.9102,162.1094
39619244,157.2266,167.2852
39817344,156.4453,223.8281
40016432,180.0781,227.6367
40216516,183.1055,183.1055
40417600,169.3359,189.0625
40619688,170.5078,179.0039
40822788,178.4180,170.5078
41026904,194.3359,189.0625
41232040,190.5273,184.1797
41438204,172.1680,217.9688
41645396,167.0898,183.9844
41853624,203.7109,214.6484
42062896,200.0977,187.9883
42273212,186.7188,184.8633
42484580,318.5547,218.3594
42697004,222.7539,210.5469
42910492,211.0352,196.1914
43125048,200.4883,194.0430
43340676,190.9180,212.2070
43557380,195.4102,191.7969
43775168,198.8281,190.6250
43994044,187.4023,195.2148
44214016,190.7227,211.9141
44435088,224.5117,214.8438
44657264,263.4766,220.7031
44880552,320.5078,250.7813
45104956,215.7227,215.1367
45330484,220.9961,265.7227
45557140,211.8164,208.3008
45784928,205.6641,205.8594
46013856,203.0273,212.1094
46243928,236.3281,195.5078
46475148,229.4922,206.2500
46707524,206.8359,242.7734
46941064,193.8477,215.6250
47175772,193.7500,196.6797
47411652,204.7852,196.6797
47648712,263.3789,197.8516
47886956,191.8945,201.5625
48126392,183.7891,192.4805
48367024,200.2930,199.6094
48608860,289.5508,192.0898
48851908,191.6016,254.4922
49096168,230.2734,201.3672
49341652,207.5195,200.1953
49588364,211.4258,204.4922
49836308,208.3008,223.1445
50085492,207.8125,275.5859
50335920,205.6641,202.1484
50587600,197.8516,223.0469
50840540,193.9453,217.6758
51094744,200.1953,290.4297
51350220,225.7813,224.2188
51606972,214.8438,379.6875
51865008,254.1992,263.0859
52124336,241.3086,265.3320
52384960,245.2148,266.1133
52646888,240.2344,252.4414
52910124,239.5508,291.5039
53174676,248.3398,347.9492
53440552,240.9180,259.7656
53707756,254.0039,303.7109
53976296,237.9883,277.8320
54246180,234.7656,397.2656
54517412,255.3711,255.4688
54790000,247.4609,269.0430
55063952,244.2383,264.0625
55339272,238.6719,258.3984
55615972,247.5586,299.6094
55894052,282.1289,268.6523
56173524,255.0781,248.6328
56454392,298.6328,247.8516
56736664,287.2070,239.6484
57020348,333.4961,235.5469
57305452,321.2891,242.7734
57591980,260.3516,367.6758
57879940,327.5391,252.7344
58169340,255.4688,235.2539
58460188,279.8828,273.7305
58752492,298.4375,237.4023
59046256,266.7969,238.2813
59341488,274.4141,250.5859
59638196,262.6953,235.4492
59936388,243.5547,229.5898
60236072,245.0195,288.3789
60537256,243.7500,332.5195
60839944,240.7227,259.3750
61144144,242.9688,240.8203
61449868,293.7500,259.6680
61757120,272.5586,249.2188
62065908,267.1875,241.6992
62376240,257.7148,277.3438
62688124,260.8398,259.1797
63001568,244.5313,262.9883
63316576,305.5664,254.8828
63633160,283.8867,252.3438
63951328,254.0039,244.1406
64271088,250.5859,305.6641
64592444,253.3203,280.4688
64915408,254.5898,264.8438
65239988,253.6133,254.1016
65566188,283.9844,254.2969
65894020,263.9648,277.6367
66223492,351.8555,338.6719
66554612,391.9922,263.9648
66887388,418.8477,344.4336
