4,1.4648,1.5625
8,1.9531,4.8828
12,2.5391,7.4219
16,2.5391,8.5938
20,2.9297,8.4961
24,3.2227,11.1328
28,3.2227,11.9141
32,3.0273,13.3789
36,3.7109,12.4023
40,3.8086,12.9883
44,3.7109,13.5742
48,3.9063,14.0625
52,3.9063,14.7461
56,3.9063,16.0156
60,3.7109,15.1367
64,3.6133,16.7969
68,5.2734,15.9180
72,7.0313,17.5781
76,4.4922,16.0156
80,4.6875,16.3086
84,4.5898,16.8945
88,4.3945,15.9180
92,4.8828,17.2852
96,4.5898,17.1875
100,4.3945,17.4805
104,4.3945,17.4805
108,4.5898,19.0430
112,4.4922,17.7734
116,4.2969,18.3594
120,4.2969,18.8477
124,4.7852,18.8477
128,4.3945,19.2383
132,5.1758,19.0430
136,5.3711,19.9219
140,5.3711,19.8242
144,5.1758,20.1172
148,5.2734,18.9453
152,5.1758,19.2383
156,5.2734,19.5313
160,5.3711,18.9453
164,5.2734,18.9453
168,5.3711,19.4336
172,5.3711,19.5313
176,5.2734,19.1406
180,5.1758,18.5547
184,5.1758,19.5313
188,5.1758,19.4336
192,5.2734,19.3359
196,5.4688,19.9219
200,5.1758,20.0195
204,5.2734,19.9219
208,5.1758,20.2148
212,5.3711,20.8008
216,5.2734,20.6055
220,5.2734,21.0938
224,5.5664,20.9961
228,5.3711,21.8750
232,5.2734,22.2656
236,5.3711,20.9961
240,5.2734,21.6797
244,5.2734,22.8516
248,5.2734,21.2891
252,5.3711,21.4844
256,5.1758,22.9492
260,6.2500,22.2656
264,6.1523,22.1680
268,6.3477,21.6797
272,6.4453,23.5352
276,8.8867,22.1680
280,6.7383,21.3867
284,6.5430,22.0703
288,6.3477,21.9727
292,6.7383,21.8750
296,6.6406,22.5586
300,6.3477,25.3906
304,9.7656,22.5586
308,9.7656,26.3672
312,6.4453,21.9727
316,6.8359,23.5352
320,6.4453,23.0469
324,6.4453,23.6328
328,6.6406,24.1211
332,6.2500,22.4609
336,6.5430,22.4609
340,6.1523,23.4375
344,6.4453,22.7539
348,6.2500,22.3633
352,6.3477,23.1445
356,6.1523,22.7539
360,6.1523,22.2656
364,6.3477,22.8516
368,6.6406,21.3867
372,6.5430,22.7539
376,6.2500,23.5352
380,6.1523,23.3398
384,6.5430,22.6563
388,6.4453,22.7539
392,6.5430,22.8516
396,6.4453,22.9492
400,6.4453,23.4375
404,6.6406,22.4609
408,6.5430,22.7539
412,6.4453,23.4375
416,6.6406,23.3398
420,6.7383,23.3398
424,6.7383,23.7305
428,6.2500,24.1211
432,6.2500,23.4375
436,6.6406,24.6094
440,6.4453,24.4141
444,6.1523,23.8281
448,6.4453,23.6328
452,6.4453,24.1211
456,6.2500,24.0234
460,6.7383,24.6094
464,6.2500,23.8281
468,6.8359,24.1211
472,6.6406,25.6836
476,6.4453,24.7070
480,6.4453,24.5117
484,6.2500,24.7070
488,6.6406,23.7305
492,6.5430,24.9023
496,6.9336,25.5859
500,6.1523,25.2930
504,6.2500,24.1211
508,6.3477,25.6836
512,6.1523,25.6836
516,8.3008,25.5859
520,8.3008,25.4883
524,8.3008,25.0977
528,8.7891,25.3906
532,7.5195,24.6094
536,8.2031,27.2461
540,8.4961,24.3164
544,8.2031,25.0977
548,8.1055,24.7070
552,8.2031,24.5117
556,7.9102,24.8047
560,8.3984,26.4648
564,8.4961,24.8047
568,8.1055,25.6836
572,8.3984,24.9023
576,8.1055,24.2188
580,8.3008,25.6836
584,8.2031,25.3906
588,8.3984,25.6836
592,8.1055,24.7070
596,8.0078,24.6094
600,8.1055,25.8789
604,8.2031,25.6836
608,8.0078,25.1953
612,8.2031,24.9023
616,8.3008,25.6836
620,8.4961,25.4883
624,7.9102,25.0977
628,7.4219,25.3906
632,8.0078,24.7070
636,8.3008,25.1953
640,8.1055,25.1953
644,7.9102,25.5859
648,8.2031,25.6836
652,8.4961,25.3906
656,8.1055,25.0977
660,8.4961,26.5625
664,8.2031,25.2930
668,7.8125,26.5625
672,8.6914,26.1719
676,8.2031,25.3906
680,8.3984,25.8789
684,8.3008,25.9766
688,8.4961,26.1719
692,8.3008,25.4883
696,8.2031,26.0742
700,7.8125,25.2930
704,7.9102,25.2930
708,7.9102,25.3906
712,8.2031,25.7813
716,7.7148,26.6602
720,8.3984,26.4648
724,8.6914,25.5859
728,8.0078,26.3672
732,8.7891,26.0742
736,7.9102,26.3672
740,8.7891,29.0039
744,9.5703,26.9531
748,8.2031,26.2695
752,8.3984,25.5859
756,8.4961,26.3672
760,7.9102,25.7813
764,8.3984,27.2461
768,8.3008,26.5625
772,7.9102,26.7578
776,7.6172,25.3906
780,7.9102,28.3203
784,8.5938,27.0508
788,8.4961,26.4648
792,8.3984,26.0742
796,8.2031,25.4883
800,8.6914,25.7813
804,8.0078,25.8789
812,8.3008,26.3672
820,8.2031,26.8555
828,8.5938,26.2695
836,8.2031,26.6602
844,8.4961,27.0508
852,8.0078,26.6602
860,8.6914,26.3672
868,7.9102,25.6836
876,8.3008,26.8555
884,8.3008,26.8555
892,8.1055,26.6602
900,8.4961,27.7344
908,8.6914,27.1484
916,8.2031,27.3438
924,7.9102,27.0508
932,8.1055,27.6367
940,8.4961,26.6602
948,8.2031,27.4414
956,8.1055,27.7344
964,8.3008,27.3438
972,8.3984,28.3203
980,8.4961,28.1250
988,7.9102,28.1250
996,10.1563,27.6367
1004,8.3008,28.8086
1012,8.3008,28.0273
1020,7.3242,27.7344
1028,11.1328,27.5391
1036,11.3281,28.2227
1044,10.1563,28.7109
1052,10.7422,28.7109
1060,10.5469,27.4414
1068,10.2539,27.6367
1076,10.7422,27.8320
1084,10.6445,28.9063
1092,9.9609,27.8320
1100,9.9609,27.9297
1108,10.8398,30.1758
1116,10.0586,28.1250
1124,9.9609,28.2227
1132,10.1563,27.9297
1140,10.5469,27.5391
1148,10.2539,27.3438
1156,10.4492,27.9297
1164,10.1563,26.7578
1172,9.9609,28.6133
1180,10.4492,28.7109
1188,9.2773,27.7344
1196,10.8398,27.8320
1204,11.0352,28.8086
1212,10.0586,28.4180
1220,10.4492,30.7617
1228,13.7695,30.9570
1236,12.5977,27.6367
1244,10.5469,29.3945
1252,10.3516,28.6133
1260,10.5469,29.5898
1268,9.9609,28.7109
1276,10.1563,28.3203
1284,9.6680,28.0273
1292,9.2773,29.1992
1300,10.3516,29.4922
1308,10.2539,28.9063
1316,10.7422,28.9063
1324,10.1563,28.2227
1332,10.2539,32.2266
1340,10.4492,28.9063
1348,10.7422,29.3945
1356,11.0352,29.0039
1364,9.9609,28.6133
1372,10.7422,27.9297
1380,10.6445,28.7109
1388,9.9609,28.9063
1396,9.4727,28.9063
1404,10.9375,29.1016
1412,10.6445,28.2227
1420,10.2539,28.7109
1428,10.0586,28.2227
1436,9.4727,28.6133
1444,10.2539,30.5664
1452,10.7422,29.1992
1460,10.3516,28.7109
1468,11.6211,33.1055
1476,13.8672,33.0078
1484,9.6680,29.6875
1492,11.1328,28.6133
1500,9.5703,29.1016
1508,10.2539,29.2969
1516,10.4492,28.7109
1524,10.2539,27.9297
1532,9.5703,28.5156
1540,11.1328,29.0039
1548,10.3516,28.6133
1556,12.3047,32.1289
1564,10.7422,30.3711
1572,10.6445,29.1992
1580,10.7422,29.7852
1588,10.8398,28.6133
1596,11.4258,30.0781
1604,10.9375,28.6133
1616,10.1563,27.7344
1628,9.6680,29.3945
1640,9.8633,29.2969
1652,11.1328,30.1758
1664,11.3281,29.9805
1676,10.7422,29.3945
1688,9.9609,29.1992
1700,10.7422,30.2734
1712,11.0352,29.9805
1724,10.0586,29.7852
1736,10.2539,29.1992
1748,10.6445,30.1758
1760,10.4492,30.3711
1772,10.2539,29.3945
1784,10.7422,30.3711
1796,10.0586,30.5664
1808,11.0352,29.3945
1820,10.8398,31.0547
1832,10.7422,29.8828
1844,10.2539,31.1523
1856,9.4727,30.1758
1868,10.6445,29.4922
1880,10.1563,30.2734
1892,10.2539,29.5898
1904,10.1563,30.5664
1916,10.1563,29.1016
1928,10.1563,30.5664
1940,10.5469,30.7617
1952,11.1328,30.7617
1964,10.5469,29.5898
1976,10.4492,31.0547
1988,10.0586,29.6875
2000,9.9609,30.8594
2012,9.8633,30.6641
2024,10.7422,30.9570
2036,11.3281,31.0547
2048,10.7422,31.8359
2060,13.6719,31.8359
2072,12.5977,31.1523
2084,12.6953,32.2266
2096,13.3789,32.1289
2108,13.2813,31.2500
2120,13.1836,31.7383
2132,12.7930,30.7617
2144,12.6953,31.6406
2156,13.0859,31.9336
2168,12.8906,31.5430
2180,13.1836,32.3242
2192,13.2813,31.7383
2204,13.1836,31.2500
2216,12.7930,31.4453
2228,12.6953,30.7617
2240,13.1836,31.6406
2252,12.9883,31.2500
2264,12.5977,31.1523
2276,12.5000,31.4453
2288,12.7930,31.5430
2300,13.2813,31.6406
2312,12.7930,30.9570
2324,12.9883,31.7383
2336,13.4766,31.3477
2348,12.9883,31.6406
2360,13.0859,31.4453
2372,12.7930,32.1289
2384,12.5000,30.2734
2396,12.5977,31.0547
2408,13.0859,30.8594
2424,12.8906,32.2266
2440,13.1836,32.7148
2456,12.9883,30.7617
2472,12.9883,31.7383
2488,13.0859,31.1523
2504,13.4766,30.9570
2520,13.2813,31.6406
2536,13.3789,30.9570
2552,13.1836,31.1523
2568,13.2813,35.6445
2584,13.1836,30.8594
2600,12.6953,31.5430
2616,12.8906,30.9570
2632,13.1836,31.4453
2648,12.8906,30.6641
2664,12.4023,31.7383
2680,12.8906,31.2500
2696,12.5000,31.1523
2712,13.1836,31.1523
2728,12.8906,32.2266
2744,12.7930,31.5430
2760,12.9883,31.2500
2776,12.6953,31.6406
2792,13.1836,32.1289
2808,12.9883,30.7617
2824,12.8906,31.9336
2840,13.4766,32.8125
2856,13.2813,33.7891
2872,12.7930,32.0313
2888,13.3789,32.3242
2904,12.6953,32.7148
2920,12.8906,32.3242
2936,12.8906,32.0313
2952,13.1836,32.7148
2968,12.9883,31.8359
2984,12.7930,32.2266
3000,13.0859,32.6172
3016,12.7930,32.8125
3032,12.9883,32.5195
3048,12.6953,32.7148
3064,13.2813,32.4219
3080,12.9883,33.0078
3096,13.0859,31.6406
3112,13.0859,31.6406
3128,12.5000,31.6406
3144,12.7930,32.5195
3160,13.0859,32.0313
3176,12.5977,31.6406
3192,12.4023,32.8125
3208,13.1836,31.7383
3228,13.3789,33.3984
3248,13.2813,32.6172
3268,12.8906,32.9102
3288,13.0859,32.8125
3308,12.6953,32.4219
3328,12.7930,31.8359
3348,13.2813,32.7148
3368,13.7695,33.3984
3388,14.9414,32.4219
3408,12.9883,31.8359
3428,12.2070,31.7383
3448,12.9883,32.4219
3468,12.8906,32.3242
3488,12.7930,32.2266
3508,13.0859,32.6172
3528,13.2813,32.4219
3548,12.7930,32.1289
3568,13.0859,32.7148
3588,12.7930,33.5938
3608,12.8906,32.9102
3628,12.9883,34.2773
3648,12.8906,33.6914
3668,13.0859,32.7148
3688,12.6953,32.5195
3708,12.9883,33.3984
3728,12.7930,32.6172
3748,13.1836,32.4219
3768,12.7930,33.3008
3788,12.3047,33.3008
3808,13.5742,33.5938
3828,12.9883,33.9844
3848,12.7930,32.3242
3868,12.5977,33.3984
3888,12.9883,33.3008
3908,12.6953,33.3008
3928,12.7930,34.2773
3948,13.9648,35.2539
3968,12.9883,33.3008
3988,13.6719,32.7148
4008,12.9883,33.8867
4032,12.8906,32.8125
4056,13.1836,33.9844
4080,12.9883,33.6914
4104,15.7227,34.8633
4128,15.4297,34.8633
4152,15.6250,33.6914
4176,17.0898,40.4297
4200,20.0195,37.3047
4224,15.6250,33.6914
4248,15.3320,34.4727
4272,15.4297,33.5938
4296,15.9180,34.1797
4320,15.0391,34.6680
4344,15.4297,33.9844
4368,15.3320,34.0820
4392,15.2344,33.9844
4416,15.5273,33.5938
4440,15.4297,34.1797
4464,15.2344,34.3750
4488,15.7227,33.5938
4512,15.4297,33.5938
4536,15.2344,34.6680
4560,16.0156,33.7891
4584,15.6250,33.6914
4608,16.1133,33.9844
4632,15.9180,35.0586
4656,15.5273,34.8633
4680,14.9414,33.7891
4704,16.1133,34.3750
4728,14.7461,35.3516
4752,15.0391,33.2031
4776,15.2344,34.3750
4800,15.5273,35.9375
4824,15.4297,34.5703
4852,16.1133,34.2773
4880,15.4297,34.5703
4908,15.5273,34.4727
4936,15.3320,34.5703
4964,15.6250,33.1055
4992,14.4531,33.4961
5020,15.6250,33.9844
5048,15.1367,34.7656
5076,17.0898,34.1797
5104,15.1367,34.2773
5132,14.8438,34.2773
5160,15.7227,35.3516
5188,15.2344,34.3750
5216,15.5273,34.7656
5244,15.2344,34.1797
5272,14.7461,34.5703
5300,15.9180,34.7656
5328,15.2344,33.8867
5356,15.8203,34.9609
5384,15.6250,35.3516
5412,18.9453,33.8867
5440,15.8203,34.8633
5468,16.0156,34.7656
5496,16.0156,36.0352
5524,16.6016,36.2305
5552,15.7227,35.6445
5580,15.1367,35.2539
5608,15.6250,35.1563
5640,15.0391,34.9609
5672,15.2344,34.3750
5704,15.4297,35.2539
5736,15.6250,35.3516
5768,16.1133,33.9844
5800,15.7227,35.1563
5832,15.5273,35.4492
5864,15.3320,35.2539
5896,15.7227,35.1563
5928,15.3320,34.3750
5960,15.6250,35.3516
5992,15.8203,34.1797
6024,15.6250,34.7656
6056,15.9180,35.1563
6088,15.7227,35.1563
6120,16.1133,35.4492
6152,15.7227,34.1797
6184,15.0391,34.6680
6216,15.4297,35.5469
6248,15.6250,34.4727
6280,15.6250,35.4492
6312,15.4297,34.6680
6344,15.2344,34.9609
6376,15.4297,34.8633
6408,15.8203,36.3281
6444,15.1367,34.4727
6480,15.5273,34.9609
6516,15.6250,35.9375
6552,14.9414,45.3125
6588,16.5039,37.8906
6624,15.5273,36.2305
6660,15.7227,35.5469
6696,14.9414,35.6445
6732,15.1367,35.0586
6768,15.7227,35.3516
6804,15.6250,35.4492
6840,15.4297,36.9141
6876,15.7227,35.1563
6912,15.0391,35.9375
6948,15.1367,42.1875
6984,15.2344,35.4492
7020,14.3555,34.9609
7056,14.8438,35.0586
7092,15.2344,35.8398
7128,15.2344,36.0352
7164,16.2109,36.9141
7200,15.4297,36.8164
7236,15.4297,35.6445
7276,16.2109,35.7422
7316,15.4297,33.5938
7356,16.0156,35.9375
7396,15.5273,37.5977
7436,16.4063,36.3281
7476,15.3320,36.0352
7516,15.4297,36.2305
7556,15.5273,36.3281
7596,15.4297,36.0352
7636,15.4297,36.4258
7676,15.4297,36.6211
7716,15.2344,35.6445
7756,16.2109,36.2305
7796,15.2344,34.8633
7836,15.5273,36.7188
7876,15.1367,36.2305
7916,15.6250,37.0117
7956,14.8438,35.9375
7996,14.8438,35.8398
8036,15.6250,35.0586
8080,15.4297,36.5234
8124,15.9180,36.6211
8168,15.7227,36.6211
8212,18.9453,37.8906
8256,17.7734,37.4023
8300,18.6523,37.8906
8344,18.3594,38.3789
8388,17.8711,35.5469
8432,18.4570,37.9883
8476,18.3594,36.9141
8520,17.7734,35.6445
8564,18.6523,37.7930
8608,18.3594,37.1094
8652,18.2617,35.3516
8696,18.0664,35.5469
8740,18.4570,37.3047
8784,18.5547,36.8164
8828,18.0664,37.0117
8876,18.6523,36.4258
8924,18.0664,37.4023
8972,18.3594,36.6211
9020,17.6758,37.1094
9068,18.4570,37.0117
9116,18.3594,37.6953
9164,18.3594,37.4023
9212,18.0664,36.6211
9260,18.8477,36.7188
9308,17.8711,37.2070
9356,17.9688,36.5234
9404,20.1172,36.3281
9452,17.6758,37.0117
9500,17.8711,36.1328
9548,18.7500,37.3047
9596,17.5781,36.6211
9644,18.5547,37.4023
9696,18.1641,36.0352
9748,19.1406,37.7930
9800,18.3594,37.4023
9852,17.6758,36.6211
9904,18.7500,37.6953
9956,18.8477,42.0898
10008,17.6758,38.0859
10060,17.9688,37.7930
10112,18.2617,38.1836
10164,18.6523,37.7930
10216,17.7734,37.0117
10268,17.2852,36.9141
10320,18.6523,36.9141
10372,18.3594,37.2070
10424,18.6523,37.5000
10480,18.4570,37.1094
10536,18.3594,38.1836
10592,17.7734,37.3047
10648,17.8711,36.4258
10704,18.2617,37.4023
10760,18.1641,37.1094
10816,16.6016,36.6211
10872,17.5781,38.1836
10928,18.0664,38.0859
10984,18.1641,37.5977
11040,17.9688,35.6445
11096,17.9688,37.3047
11152,17.9688,40.3320
11208,17.0898,36.9141
11268,18.0664,38.2813
11328,18.0664,37.2070
11388,18.3594,37.7930
11448,17.7734,37.5977
11508,18.1641,38.2813
11568,17.8711,37.9883
11628,18.4570,37.3047
11688,18.2617,37.4023
11748,17.9688,35.8398
11808,17.7734,38.8672
11868,18.2617,37.0117
11928,18.3594,37.1094
11988,18.1641,37.2070
12048,18.6523,38.2813
12112,17.8711,36.3281
12176,18.9453,38.7695
12240,17.6758,37.5000
12304,18.0664,37.1094
12368,17.4805,36.9141
12432,17.3828,37.1094
12496,17.6758,37.5977
12560,18.7500,37.2070
12624,19.0430,38.8672
12688,18.7500,37.5000
12752,18.0664,37.5000
12816,18.3594,38.5742
12884,17.1875,37.0117
12952,18.1641,38.1836
13020,18.1641,38.7695
13088,17.7734,36.7188
13156,18.0664,39.2578
13224,18.5547,38.6719
13292,18.2617,38.9648
13360,18.0664,37.5977
13428,17.5781,38.1836
13496,18.3594,38.1836
13564,17.7734,37.5977
13632,17.8711,37.0117
13704,17.9688,38.4766
13776,18.2617,37.4023
13848,17.8711,37.7930
13920,17.9688,37.7930
13992,18.1641,38.8672
14064,18.4570,38.8672
14136,18.4570,38.5742
14208,17.8711,37.7930
14280,17.1875,37.4023
14352,17.7734,37.3047
14424,17.9688,37.8906
14500,18.5547,39.2578
14576,17.9688,37.8906
14652,18.6523,38.7695
14728,18.2617,39.6484
14804,19.1406,42.1875
14880,17.3828,39.2578
14956,18.1641,38.1836
15032,17.8711,38.3789
15108,18.4570,39.5508
15184,18.4570,39.9414
15260,17.7734,39.3555
15340,17.6758,38.7695
15420,18.3594,39.4531
15500,18.6523,38.5742
15580,18.9453,38.7695
15660,17.7734,40.8203
15740,18.3594,38.1836
15820,18.2617,38.0859
15900,17.5781,39.1602
15980,18.4570,40.1367
16060,17.9688,39.1602
16144,18.7500,41.3086
16228,18.1641,38.2813
16312,18.4570,39.7461
16396,21.4844,39.6484
16480,21.2891,39.5508
16564,20.9961,41.7969
16648,21.5820,39.3555
16732,21.3867,37.8906
16816,20.8984,39.2578
16904,20.6055,38.5742
16992,20.9961,39.6484
17080,20.8984,39.5508
17168,21.1914,39.0625
17256,21.4844,39.7461
17344,19.9219,39.0625
17432,20.7031,39.4531
17520,20.7031,40.1367
17608,21.4844,39.8438
17700,20.8984,38.8672
17792,20.8984,38.4766
17884,21.0938,38.1836
17976,21.7773,39.3555
18068,20.9961,38.6719
18160,20.8984,38.9648
18252,21.0938,39.6484
18344,20.8008,38.2813
18436,21.5820,41.4063
18532,20.5078,39.7461
18628,20.8984,40.5273
18724,21.3867,39.9414
18820,21.3867,39.0625
18916,21.5820,39.7461
19012,20.7031,39.1602
19108,20.5078,38.5742
19204,20.8984,40.5273
19304,21.4844,39.0625
19404,20.6055,40.4297
19504,20.8984,38.9648
19604,20.6055,39.1602
19704,20.6055,38.7695
19804,21.3867,40.7227
19904,21.5820,39.9414
20004,20.5078,39.7461
20108,20.4102,39.0625
20212,20.9961,41.1133
20316,20.5078,39.3555
20420,20.4102,38.5742
20524,21.0938,42.0898
20628,21.2891,39.4531
20732,20.6055,38.8672
20836,20.6055,39.5508
20944,20.5078,39.3555
21052,20.6055,39.5508
21160,20.8984,39.6484
21268,20.4102,40.2344
21376,20.6055,40.6250
21484,20.7031,40.3320
21592,20.6055,39.5508
21700,20.8008,40.7227
21812,20.5078,40.1367
21924,21.7773,41.7969
22036,20.5078,39.4531
22148,21.7773,40.0391
22260,21.4844,40.2344
22372,20.5078,39.4531
22484,21.0938,39.6484
22600,21.1914,40.9180
22716,22.0703,40.9180
22832,21.1914,41.6992
22948,20.7031,41.0156
23064,21.2891,40.3320
23180,21.3867,40.3320
23296,21.0938,40.3320
23416,20.6055,39.4531
23536,20.8008,39.0625
23656,20.8008,38.9648
23776,20.2148,39.7461
23896,20.8008,40.2344
24016,20.5078,41.8945
24140,19.7266,38.6719
24264,21.3867,42.1875
24388,21.3867,40.4297
24512,21.0938,40.6250
24636,20.6055,39.9414
24760,20.4102,39.7461
24884,21.8750,41.4063
25012,21.1914,40.4297
25140,20.3125,39.9414
25268,20.8008,40.2344
25396,21.1914,40.5273
25524,20.8008,40.4297
25652,20.5078,39.7461
25784,19.9219,39.3555
25916,21.0938,40.2344
26048,20.8984,40.4297
26180,20.5078,40.2344
26312,20.3125,39.9414
26444,20.8008,40.7227
26580,20.8008,39.8438
26716,21.8750,55.4688
26852,20.9961,41.5039
26988,21.0938,42.6758
27124,20.9961,42.3828
27260,20.9961,40.9180
27400,20.9961,41.0156
27540,20.3125,40.4297
27680,20.8984,41.6992
27820,20.1172,40.5273
27960,20.8008,40.5273
28100,27.5391,41.5039
28244,20.8008,41.5039
28388,21.0938,40.7227
28532,19.9219,41.2109
28676,20.4102,41.6016
28820,20.8984,41.1133
28968,21.1914,40.6250
29116,20.8984,41.9922
29264,20.9961,41.3086
29412,21.0938,42.1875
29560,20.6055,43.5547
29708,21.3867,43.0664
29860,20.8008,41.2109
30012,20.8984,41.2109
30164,20.3125,41.0156
30316,20.5078,41.8945
30468,20.6055,40.9180
30624,20.7031,42.4805
30780,20.4102,45.8008
30936,21.1914,41.7969
31092,20.5078,44.4336
31248,20.7031,41.8945
31408,21.2891,41.0156
31568,20.8008,42.0898
31728,20.6055,41.9922
31888,20.1172,41.1133
32048,20.8008,42.3828
32212,20.6055,40.9180
32376,20.8984,41.4063
32540,19.3359,40.1367
32704,20.6055,42.7734
32868,25.1953,42.8711
33036,23.5352,41.0156
33204,24.5117,41.7969
33372,24.8047,44.1406
33540,24.1211,41.7969
33708,23.3398,42.9688
33880,23.4375,41.5039
34052,23.6328,43.3594
34224,24.0234,42.7734
34396,24.7070,44.4336
34568,23.9258,42.0898
34744,23.3398,42.4805
34920,23.2422,41.0156
35096,24.0234,43.3594
35272,24.5117,42.9688
35452,23.3398,42.7734
35632,23.4375,41.6992
35812,24.0234,41.7969
35992,23.6328,42.9688
36172,22.8516,43.0664
36356,22.4609,40.9180
36540,23.8281,41.7969
36724,23.7305,42.2852
36908,23.4375,41.6992
37096,23.9258,43.4570
37284,23.9258,42.9688
37472,23.6328,42.2852
37660,24.2188,41.6992
37852,23.9258,41.3086
38044,26.0742,42.6758
38236,23.3398,41.8945
38428,24.0234,42.6758
38624,23.6328,40.9180
38820,23.1445,41.4063
39016,23.3398,43.9453
39212,24.3164,42.4805
39412,23.0469,42.1875
39612,24.3164,41.6992
39812,23.0469,42.2852
40012,25.9766,42.5781
40216,23.3398,42.8711
40420,23.7305,43.3594
40624,24.0234,44.2383
40828,23.6328,44.0430
41036,23.6328,42.7734
41244,23.5352,43.4570
41452,23.9258,44.1406
41660,23.4375,42.3828
41872,23.9258,45.8984
42084,23.9258,44.6289
42296,24.0234,43.4570
42508,24.1211,44.4336
42724,24.1211,42.8711
42940,23.5352,42.4805
43156,23.3398,43.3594
43372,24.0234,46.5820
43592,24.0234,44.2383
43812,23.4375,42.9688
44032,26.0742,45.6055
44256,23.7305,43.0664
44480,23.6328,43.4570
44704,23.2422,43.2617
44928,23.7305,43.3594
45156,23.4375,43.7500
45384,23.4375,44.0430
45612,25.0000,43.7500
45844,23.3398,43.4570
46076,23.6328,44.8242
46308,23.6328,43.2617
46540,25.0977,47.1680
46776,24.7070,44.9219
47012,24.8047,45.1172
47248,23.5352,44.2383
47488,22.9492,44.8242
47728,23.7305,43.7500
47968,27.0508,45.4102
48208,25.9766,46.2891
48452,24.4141,43.5547
48696,23.9258,44.3359
48940,23.9258,44.3359
49188,26.5625,45.3125
49436,28.9063,44.3359
49684,24.1211,43.9453
49936,29.8828,44.8242
50188,23.7305,47.9492
50440,24.0234,43.7500
50696,23.4375,46.8750
50952,23.8281,43.7500
51208,27.6367,44.4336
51468,24.3164,44.8242
51728,30.2734,45.9961
51988,23.4375,48.4375
52248,24.1211,45.5078
52512,27.5391,44.6289
52776,23.5352,44.7266
53040,23.4375,43.9453
53308,25.0977,47.2656
53576,24.4141,44.8242
53844,28.8086,47.0703
54116,23.5352,43.4570
54388,23.4375,44.1406
54660,24.8047,45.8008
54936,23.5352,43.8477
55212,23.9258,44.6289
55492,23.7305,44.2383
55772,23.5352,44.1406
56052,23.8281,45.3125
56336,23.5352,45.5078
56620,24.0234,53.8086
56904,23.8281,45.7031
57192,23.9258,45.1172
57480,23.9258,44.7266
57768,23.6328,45.9961
58060,23.3398,45.4102
58352,26.6602,45.1172
58644,23.2422,43.8477
58940,24.0234,43.7500
59236,23.8281,49.3164
59536,24.0234,44.9219
59836,23.9258,50.3906
60136,24.4141,45.8008
60440,24.7070,45.7031
60744,24.4141,50.0000
61048,23.4375,43.9453
61356,23.8281,45.3125
61664,24.5117,45.9961
61976,24.5117,48.1445
62288,28.1250,45.8984
62600,23.8281,44.8242
62916,23.5352,46.1914
63232,23.7305,44.8242
63552,24.0234,46.2891
63872,23.2422,45.0195
64192,24.3164,45.0195
64516,23.9258,47.6563
64840,24.0234,47.3633
65168,24.0234,45.4102
65496,26.1719,45.9961
65824,28.5156,47.3633
66156,26.9531,47.2656
66488,27.3438,48.5352
66824,27.9297,50.1953
67160,28.5156,45.6055
67496,26.4648,45.8984
67836,27.3438,50.1953
68176,26.9531,47.0703
68520,27.5391,47.3633
68864,26.8555,47.2656
69212,26.7578,48.1445
69560,30.9570,47.2656
69908,27.8320,48.5352
70260,26.7578,47.0703
70612,26.1719,47.3633
70968,29.2969,48.1445
71324,27.2461,48.2422
71684,27.1484,47.6563
72044,28.8086,49.3164
72408,26.2695,46.6797
72772,26.2695,47.2656
73136,27.7344,47.6563
73504,27.8320,48.5352
73872,28.0273,48.4375
74244,29.1016,48.8281
74616,30.7617,48.9258
74992,27.5391,47.3633
75368,26.3672,47.6563
75748,26.5625,47.5586
76128,27.2461,49.2188
76512,26.7578,47.2656
76896,27.2461,47.0703
77284,27.2461,48.1445
77672,28.1250,48.6328
78064,27.0508,47.6563
78456,26.7578,47.6563
78852,27.4414,48.8281
79248,27.0508,51.9531
79648,25.7813,47.0703
80048,26.5625,48.8281
80452,27.3438,48.6328
80856,26.5625,50.2930
81264,26.1719,47.0703
81672,27.2461,49.5117
82084,26.4648,47.8516
82496,26.4648,46.7773
82912,26.2695,48.3398
83328,25.9766,47.6563
83748,26.4648,48.1445
84168,26.7578,48.3398
84592,27.3438,51.0742
85016,27.0508,48.4375
85444,27.2461,48.4375
85872,27.2461,48.3398
86304,26.0742,48.2422
86736,27.3438,49.9023
87172,27.0508,48.9258
87608,26.8555,50.0977
88048,26.1719,47.7539
88492,29.6875,49.9023
88936,26.5625,48.1445
89384,27.3438,48.0469
89832,26.4648,47.7539
90284,26.5625,48.4375
90736,26.7578,50.0000
91192,27.4414,49.4141
91648,26.9531,49.6094
92108,26.9531,49.2188
92572,29.7852,49.7070
93036,27.4414,47.7539
93504,26.5625,48.4375
93972,27.3438,48.9258
94444,27.5391,49.8047
94920,26.6602,49.1211
95396,27.4414,48.9258
95876,27.0508,48.7305
96356,27.3438,51.2695
96840,27.2461,48.8281
97328,27.0508,49.1211
97816,26.4648,49.0234
98308,26.8555,50.0000
98800,27.2461,48.7305
99296,26.4648,48.6328
99796,27.6367,50.3906
100296,26.3672,48.0469
100800,30.0781,49.6094
101304,27.0508,49.6094
101812,26.0742,48.7305
102324,27.4414,49.0234
102836,26.7578,48.5352
103352,26.9531,49.3164
103872,27.4414,49.5117
104392,26.9531,50.0977
104916,28.1250,50.5859
105444,26.5625,47.5586
105972,26.7578,47.7539
106504,27.3438,49.8047
107040,27.0508,50.1953
107576,33.2031,51.7578
108116,27.1484,50.2930
108660,27.1484,50.7813
109204,31.1523,53.7109
109752,26.8555,52.3438
110304,27.7344,50.3906
110856,27.1484,49.0234
111412,26.6602,50.3906
111972,27.3438,50.0977
112532,26.7578,48.9258
113096,26.8555,49.5117
113664,26.6602,50.4883
114236,43.3594,51.1719
114808,28.5156,52.2461
115384,27.4414,49.8047
115964,27.2461,49.4141
116544,28.2227,50.7813
117128,27.7344,50.4883
117716,27.0508,50.6836
118308,27.3438,50.8789
118900,27.7344,61.3281
119496,28.8086,50.5859
120096,28.1250,50.0977
120700,28.0273,50.9766
121304,27.4414,49.9023
121912,27.7344,50.5859
122524,27.0508,50.7813
123140,26.6602,49.0234
123756,27.6367,52.6367
124376,27.8320,50.7813
125000,28.5156,50.9766
125628,27.6367,50.9766
126260,27.5391,50.6836
126892,26.5625,49.4141
127528,27.4414,50.2930
128168,26.3672,50.5859
128812,27.2461,49.5117
129460,28.7109,50.4883
130108,26.9531,50.9766
130760,28.0273,51.1719
131416,32.1289,50.7813
132076,31.8359,51.1719
132740,30.6641,50.3906
133404,30.2734,50.2930
134072,30.3711,51.0742
134744,31.5430,53.5156
135420,30.5664,51.3672
136100,30.9570,50.1953
136784,31.7383,50.8789
137468,30.9570,50.3906
138156,31.4453,51.2695
138848,31.0547,51.7578
139544,31.0547,50.9766
140244,31.1523,52.9297
140948,30.3711,50.7813
141656,31.7383,51.6602
142368,30.4688,49.8047
143080,30.4688,52.2461
143796,30.0781,48.9258
144516,30.9570,50.6836
145240,30.7617,51.7578
145968,31.2500,53.1250
146700,30.6641,51.1719
147436,31.1523,52.2461
148176,30.8594,51.6602
148920,31.0547,51.5625
149668,31.7383,53.1250
150420,30.0781,50.9766
151176,30.5664,52.0508
151932,31.1523,53.5156
152692,30.6641,52.5391
153456,29.4922,49.6094
154224,29.9805,50.3906
154996,30.6641,51.1719
155772,31.2500,52.7344
156552,29.2969,49.5117
157336,31.2500,52.0508
158124,30.4688,51.5625
158916,29.7852,49.8047
159712,30.2734,52.8320
160512,29.6875,50.0977
161316,31.6406,53.7109
162124,30.3711,51.4648
162936,31.1523,51.9531
163752,30.3711,51.3672
164572,30.2734,51.4648
165396,32.1289,51.6602
166224,30.5664,52.6367
167056,30.7617,51.5625
167892,30.6641,53.1250
168732,29.8828,53.5156
169576,29.2969,51.1719
170424,30.7617,52.6367
171280,30.4688,52.8320
172140,32.2266,50.4883
173004,29.9805,51.6602
173872,30.1758,51.8555
174744,33.3984,54.9805
175620,30.3711,51.9531
176500,30.1758,52.3438
177384,30.9570,52.5391
178272,30.4688,52.5391
179164,32.0313,53.2227
180060,30.6641,51.4648
180964,30.5664,52.1484
181872,31.7383,54.1016
182784,30.8594,52.4414
183700,30.4688,53.3203
184620,30.4688,52.0508
185544,30.0781,51.3672
186472,32.5195,53.5156
187408,31.0547,53.6133
188348,30.3711,52.5391
189292,30.1758,59.0820
190240,32.1289,51.6602
191192,31.0547,52.0508
192148,30.4688,51.9531
193112,30.6641,53.1250
194080,30.2734,54.1992
195052,30.9570,54.9805
196028,30.8594,53.7109
197012,30.9570,54.4922
198000,31.5430,54.1992
198992,30.1758,53.7109
199988,30.5664,53.7109
200988,29.9805,51.7578
201996,30.9570,53.2227
203008,30.2734,51.2695
204024,30.9570,52.5391
205048,30.6641,52.4414
206076,29.5898,51.1719
207108,29.7852,51.8555
208144,30.0781,51.4648
209188,29.6875,52.1484
210236,28.8086,51.8555
211288,31.1523,52.7344
212348,30.0781,51.9531
213412,31.4453,52.8320
214480,30.6641,53.6133
215556,31.6406,53.4180
216636,30.5664,52.9297
217720,32.0313,69.0430
218812,32.1289,54.7852
219908,31.2500,54.4922
221008,31.5430,53.9063
222116,31.6406,54.3945
223228,30.4688,53.9063
224348,30.4688,54.6875
225472,30.7617,53.9063
226600,30.9570,53.2227
227736,30.4688,53.8086
228876,30.9570,53.6133
230024,30.4688,52.7344
231176,29.6875,53.3203
232332,30.3711,53.2227
233496,31.8359,54.2969
234664,30.9570,56.1523
235840,30.5664,54.6875
237020,30.2734,53.9063
238208,31.5430,54.2969
239400,30.8594,53.6133
240600,30.7617,54.0039
241804,30.5664,54.2969
243016,30.1758,53.1250
244232,30.2734,56.3477
245456,30.7617,54.1992
246684,32.8125,56.5430
247920,31.6406,64.5508
249160,31.2500,54.6875
250408,31.4453,54.4922
251664,31.0547,55.0781
252924,30.3711,54.0039
254192,31.6406,54.5898
255464,30.8594,54.6875
256744,30.4688,53.3203
258028,30.4688,54.1992
259320,31.5430,54.6875
260620,30.9570,54.8828
261924,32.5195,55.1758
263236,36.1328,56.4453
264556,36.5234,55.7617
265880,36.4258,56.3477
267212,36.1328,55.7617
268552,34.7656,54.1992
269896,35.5469,55.7617
271248,36.0352,56.5430
272608,35.2539,56.0547
273972,37.5000,55.5664
275344,33.7891,52.8320
276724,34.9609,55.6641
278108,35.3516,54.7852
279500,35.3516,55.0781
280900,34.5703,55.8594
282308,35.4492,56.2500
283720,34.9609,57.3242
285140,34.3750,54.5898
286568,34.2773,55.0781
288004,35.2539,55.8594
289448,34.5703,55.4688
290896,33.4961,54.1016
292352,34.6680,55.5664
293816,34.1797,54.7852
295288,34.3750,55.2734
296768,34.9609,54.9805
298252,35.0586,55.3711
299744,36.5234,56.5430
301244,34.5703,55.9570
302752,34.6680,55.1758
304268,34.9609,54.2969
305792,37.2070,55.9570
307324,34.5703,56.0547
308864,36.2305,56.8359
310412,35.9375,57.3242
311968,34.6680,55.4688
313528,34.8633,56.1523
315096,34.4727,55.2734
316672,35.1563,58.4961
318256,36.4258,57.7148
319848,35.1563,54.7852
321448,34.6680,56.6406
323056,35.2539,54.6875
324672,34.4727,55.4688
326296,34.7656,55.5664
327928,35.9375,57.9102
329568,35.6445,56.8359
331216,36.5234,58.2031
332876,36.6211,58.7891
334544,35.2539,55.2734
336220,34.8633,55.6641
337904,35.3516,55.6641
339596,34.6680,56.5430
341296,34.2773,55.5664
343004,35.2539,56.8359
344720,36.0352,58.4961
346444,34.9609,55.8594
348180,34.7656,57.6172
349924,36.4258,57.0313
351676,36.0352,56.3477
353436,37.8906,55.5664
355204,35.3516,55.1758
356984,36.8164,58.1055
358772,36.3281,58.1055
360568,35.3516,57.3242
362372,35.3516,56.0547
364184,35.9375,56.7383
366008,36.6211,54.1992
367840,35.5469,55.4688
369680,35.4492,56.5430
371532,35.1563,55.9570
373392,35.5469,56.6406
375260,35.7422,58.6914
377140,35.6445,56.8359
379028,35.5469,57.8125
380924,35.6445,58.1055
382832,35.4492,58.3008
384748,34.0820,55.8594
386672,35.6445,57.7148
388608,35.9375,56.8359
390552,35.7422,58.0078
392508,35.5469,76.6602
394472,39.7461,58.3984
396448,36.9141,58.7891
398432,37.5000,58.5938
400428,36.9141,58.6914
402432,37.1094,58.3984
404448,36.8164,59.4727
406472,37.2070,57.2266
408508,104.2969,58.4961
410552,37.0117,58.8867
412608,35.7422,58.2031
414672,35.8398,57.3242
416748,35.3516,57.1289
418832,36.7188,64.6484
420928,35.8398,58.2031
423036,37.6953,58.8867
425152,36.3281,59.1797
427280,37.0117,59.7656
429420,36.8164,59.1797
431568,36.5234,58.2031
433728,40.8203,57.8125
435900,36.2305,58.3984
438080,36.0352,58.3984
440272,36.0352,58.5938
442476,36.9141,59.5703
444692,36.4258,60.3516
446916,36.9141,60.1563
449152,37.2070,60.3516
451400,36.5234,60.6445
453660,35.6445,58.4961
455932,36.8164,59.5703
458212,36.7188,60.1563
460504,38.2813,58.6914
462808,37.7930,63.8672
465124,37.2070,60.3516
467452,36.4258,59.5703
469792,37.0117,60.2539
472144,37.6953,60.1563
474508,37.6953,59.0820
476884,37.5000,60.8398
479272,37.7930,61.7188
481672,37.0117,59.9609
484084,36.7188,59.0820
486508,36.0352,60.1563
488944,38.0859,61.1328
491392,37.5000,60.4492
493852,37.4023,64.8438
496324,37.3047,60.6445
498808,37.4023,60.9375
501304,36.1328,59.5703
503812,37.1094,62.0117
506332,36.5234,61.9141
508864,37.9883,61.5234
511412,37.5977,119.5313
513972,36.9141,59.8633
516544,37.8906,82.9102
519128,37.0117,80.8594
521724,54.4922,62.8906
524336,47.6563,68.1641
526960,44.1406,62.7930
529596,41.7969,60.8398
532244,41.6992,61.9141
534908,41.7969,61.3281
537584,41.5039,60.5469
540272,41.3086,61.3281
542976,41.8945,60.8398
545692,42.6758,62.6953
548424,42.0898,61.2305
551168,41.6016,60.7422
553924,41.7969,60.5469
556696,41.4063,61.3281
559480,46.3867,62.5977
562280,41.0156,60.3516
565092,41.3086,61.0352
567920,42.5781,62.1094
570760,42.5781,61.9141
573616,41.7969,62.0117
576488,41.6016,68.0664
579372,42.7734,62.3047
582272,43.2617,64.4531
585184,42.0898,63.1836
588112,42.9688,63.3789
591056,42.2852,61.8164
594012,40.4297,70.5078
596984,42.4805,63.4766
599972,42.4805,63.0859
602972,42.9688,63.9648
605988,41.3086,62.6953
609020,41.6016,62.0117
612068,42.1875,64.8438
615132,41.8945,62.5000
618208,41.6992,62.0117
621300,42.5781,62.6953
624408,41.6016,63.8672
627532,42.1875,62.6953
630672,41.6992,64.6484
633828,112.1094,63.3789
637000,42.2852,63.0859
640188,42.8711,63.2813
643392,42.9688,63.3789
646612,43.4570,64.0625
649848,43.7500,119.9219
653100,48.1445,67.6758
656368,43.8477,65.5273
659652,42.7734,62.5977
662952,43.5547,64.3555
666268,42.6758,62.6953
669600,50.5859,65.2344
672948,44.0430,65.3320
676316,44.2383,64.7461
679700,44.2383,65.4297
683100,42.0898,62.6953
686516,42.3828,65.3320
689952,42.5781,63.5742
693404,43.5547,65.7227
696872,42.2852,63.6719
700360,41.7969,64.0625
703864,43.8477,65.2344
707384,43.0664,67.6758
710924,50.2930,63.1836
714480,42.5781,63.2813
718056,41.1133,65.2344
721648,42.6758,64.5508
725260,41.2109,62.5000
728888,39.7461,62.5000
732536,41.0156,62.3047
736200,41.3086,63.6719
739884,41.3086,64.4531
743584,41.7969,62.9883
747304,40.0391,62.7930
751044,41.1133,62.9883
754800,40.9180,62.7930
758576,40.8203,62.7930
762372,41.8945,63.6719
766184,41.6016,64.4531
770016,41.6016,65.6250
773868,40.7227,66.2109
777740,41.8945,63.5742
781632,41.0156,62.1094
785544,41.3086,64.7461
789472,40.9180,62.5977
793420,41.6992,65.2344
797388,41.5039,64.6484
801376,41.7969,65.1367
805384,41.6992,64.7461
809412,41.6992,65.3320
813460,41.3086,64.1602
817528,40.1367,63.8672
821616,41.8945,64.2578
825728,41.5039,64.0625
829860,43.7500,65.2344
834012,42.0898,65.1367
838184,40.7227,63.7695
842376,41.7969,68.3594
846588,41.3086,65.2344
850824,42.6758,66.3086
855080,43.1641,66.5039
859356,42.4805,66.4063
863656,42.8711,66.0156
867976,42.1875,69.7266
872316,42.6758,65.8203
876680,42.2852,65.8203
881064,42.4805,65.6250
885472,43.3594,66.0156
889900,42.0898,63.3789
894352,41.6992,65.3320
898824,43.8477,67.2852
903320,42.0898,66.0156
907840,42.2852,66.1133
912380,42.6758,66.3086
916944,42.7734,72.3633
921532,42.2852,65.3320
926140,42.8711,66.6016
930772,41.3086,66.6992
935428,41.6992,65.3320
940108,43.5547,67.3828
944812,45.4102,77.4414
949540,44.0430,68.6523
954288,42.3828,64.8438
959060,42.6758,67.2852
963856,42.3828,67.4805
968676,42.6758,67.5781
973520,42.4805,66.8945
978388,42.3828,67.1875
983280,42.1875,66.0156
988200,43.8477,68.7500
993144,42.7734,66.9922
998112,42.7734,70.2148
1003104,43.8477,68.1641
1008120,43.4570,68.1641
1013164,42.9688,67.4805
1018232,44.0430,69.7266
1023324,44.2383,70.0195
1028444,52.3438,70.1172
1033588,42.6758,67.8711
1038756,42.8711,67.8711
1043952,43.8477,69.2383
1049172,50.8789,72.2656
1054420,51.5625,71.7773
1059696,48.2422,70.2148
1064996,46.5820,67.1875
1070324,61.9141,71.5820
1075676,48.8281,69.4336
1081056,48.1445,70.0195
1086464,49.5117,70.4102
1091900,49.2188,71.1914
1097360,47.9492,70.8984
1102848,47.6563,72.9492
1108364,47.4609,68.1641
1113908,49.3164,68.8477
1119480,48.9258,70.8984
1125080,48.1445,69.6289
1130708,48.8281,82.7148
1136364,57.4219,69.5313
1142048,47.1680,69.0430
1147760,47.7539,67.4805
1153500,47.6563,69.4336
1159268,48.0469,73.5352
1165068,51.3672,73.3398
1170896,48.6328,72.1680
1176752,48.6328,71.3867
1182636,48.6328,70.3125
1188552,48.7305,71.4844
1194496,48.3398,70.6055
1200472,48.0469,70.6055
1206476,46.9727,69.4336
1212512,48.8281,70.9961
1218576,48.4375,70.2148
1224672,49.0234,71.1914
1230796,49.2188,72.5586
1236952,49.2188,71.4844
1243140,48.6328,72.9492
1249356,48.1445,71.1914
1255604,51.2695,72.2656
1261884,49.2188,72.2656
1268196,49.2188,70.9961
1274540,49.1211,70.9961
1280916,50.3906,72.9492
1287324,53.1250,72.9492
1293764,48.0469,70.9961
1300236,49.4141,72.9492
1306740,48.5352,70.8984
1313276,49.3164,72.9492
1319844,51.8555,72.4609
1326444,49.8047,72.9492
1333080,48.2422,71.1914
1339748,48.4375,71.7773
1346448,49.7070,72.5586
1353184,54.4922,71.4844
1359952,49.6094,73.7305
1366752,50.7813,73.4375
1373588,47.5586,69.8242
1380456,48.0469,72.6563
1387360,50.4883,72.2656
1394300,49.2188,72.1680
1401272,50.3906,73.2422
1408280,49.3164,73.0469
1415324,50.0977,72.0703
1422404,49.7070,73.1445
1429520,50.5859,74.9023
1436668,51.3672,76.2695
1443852,49.6094,73.0469
1451072,50.1953,77.0508
1458328,48.7305,72.3633
1465620,49.3164,73.2422
1472952,50.6836,74.3164
1480320,51.9531,75.0977
1487724,48.4375,75.6836
1495164,50.0000,74.8047
1502640,49.2188,74.0234
1510156,50.5859,74.4141
1517708,49.8047,74.3164
1525300,53.2227,78.2227
1532928,49.3164,73.9258
1540596,50.5859,73.6328
1548300,51.3672,74.6094
1556044,50.3906,74.4141
1563828,52.9297,76.7578
1571648,49.3164,72.7539
1579508,50.5859,75.8789
1587408,51.2695,80.1758
1595348,52.0508,77.6367
1603328,62.3047,79.3945
1611348,52.8320,75.0000
1619408,51.6602,77.3438
1627508,50.9766,74.3164
1635648,51.7578,75.4883
1643828,51.6602,76.1719
1652048,50.4883,75.0977
1660312,55.5664,77.9297
1668616,49.2188,74.1211
1676960,50.7813,76.7578
1685348,49.6094,75.1953
1693776,50.0977,77.2461
1702248,50.7813,76.6602
1710760,51.7578,76.8555
1719316,51.0742,76.7578
1727916,50.0000,73.0469
1736556,51.9531,76.7578
1745240,52.4414,76.6602
1753968,49.7070,74.3164
1762740,50.0000,74.3164
1771556,52.0508,77.0508
1780416,50.3906,75.0977
1789320,51.3672,75.1953
1798268,51.1719,75.6836
1807260,50.4883,75.3906
1816300,50.6836,78.7109
1825384,51.4648,76.4648
1834512,51.2695,74.7070
1843688,51.0742,76.2695
1852908,54.6875,78.4180
1862176,52.0508,76.8555
1871488,50.9766,76.4648
1880848,50.0000,74.1211
1890256,51.8555,78.1250
1899708,51.6602,76.0742
1909208,52.9297,77.6367
1918756,51.6602,76.8555
1928352,51.3672,75.4883
1937996,52.1484,76.0742
1947688,51.4648,76.0742
1957428,52.9297,79.5898
1967216,52.3438,78.4180
1977056,52.7344,77.7344
1986944,54.7852,77.4414
1996880,51.3672,77.4414
2006868,51.3672,77.6367
2016904,51.3672,76.1719
2026992,52.5391,80.9570
2037128,52.7344,79.0039
2047316,51.2695,77.4414
2057556,50.7813,76.4648
2067844,52.6367,78.7109
2078184,53.4180,79.2969
2088576,52.1484,77.7344
2099020,60.6445,83.6914
2109516,57.1289,80.9570
2120064,60.3516,77.8320
2130668,56.7383,78.8086
2141324,57.4219,79.7852
2152032,58.0078,80.4688
2162796,59.0820,76.1719
2173612,57.5195,78.6133
2184484,58.6914,79.6875
2195408,56.9336,78.4180
2206388,56.1523,80.0781
2217420,56.0547,78.0273
2228508,58.7891,79.0039
2239652,57.2266,79.6875
2250852,57.0313,80.2734
2262108,58.5938,82.1289
2273420,57.0313,79.8828
2284788,55.4688,77.8320
2296212,57.9102,82.0313
2307696,55.2734,77.7344
2319236,58.2031,81.7383
2330836,56.3477,77.9297
2342492,57.8125,82.3242
2354208,56.5430,79.1016
2365980,57.6172,80.8594
2377812,57.9102,80.6641
2389704,57.0313,82.8125
2401656,61.7188,80.0781
2413668,61.1328,81.1523
2425740,57.4219,81.2500
2437872,58.5938,83.0078
2450064,64.4531,82.2266
2462316,60.1563,81.2500
2474628,58.2031,79.2969
2487004,57.6172,80.7617
2499440,57.4219,82.4219
2511940,58.7891,82.8125
2524500,57.7148,79.0039
2537124,56.6406,78.1250
2549812,57.6172,79.9805
2562564,57.8125,82.7148
2575380,58.2031,82.1289
2588260,57.4219,80.3711
2601204,58.9844,80.7617
2614212,57.5195,80.7617
2627284,58.1055,84.4727
2640424,55.5664,79.8828
2653628,58.3984,80.9570
2666900,56.6406,79.0039
2680236,56.8359,79.9805
2693640,56.8359,79.1992
2707112,59.8633,86.1328
2720648,59.6680,83.3984
2734252,59.3750,82.1289
2747924,58.4961,82.3242
2761664,58.2031,86.1328
2775476,59.4727,84.4727
2789356,57.5195,85.6445
2803304,57.8125,79.9805
2817324,60.5469,82.6172
2831412,58.5938,81.6406
2845572,58.8867,85.1563
2859800,58.4961,84.0820
2874100,60.3516,83.0078
2888472,59.2773,84.2773
2902916,59.5703,84.2773
2917432,58.0078,86.6211
2932020,58.9844,84.3750
2946684,60.4492,83.9844
2961420,57.2266,81.9336
2976228,59.4727,85.5469
2991112,59.0820,83.3008
3006068,58.5938,83.6914
3021100,59.2773,85.1563
3036208,60.7422,83.3008
3051392,58.6914,81.1523
3066652,58.8867,83.5938
3081988,56.8359,82.3242
3097400,60.0586,84.9609
3112888,58.6914,83.7891
3128456,59.2773,82.3242
3144100,60.5469,86.8164
3159824,58.3984,81.1523
3175624,59.8633,86.3281
3191504,60.4492,84.1797
3207464,63.8672,86.9141
3223504,59.0820,85.2539
3239624,57.8125,84.0820
3255824,58.2031,84.1797
3272104,59.8633,85.2539
3288468,58.5938,81.4453
3304912,58.5938,84.1797
3321440,62.2070,86.2305
3338048,62.4023,87.4023
3354740,60.2539,86.0352
3371516,58.1055,82.7148
3388376,58.9844,84.2773
3405320,59.6680,85.5469
3422348,58.4961,82.6172
3439460,58.2031,82.7148
3456660,60.0586,85.6445
3473944,59.4727,85.5469
3491316,60.2539,85.0586
3508776,60.4492,88.4766
3526320,59.4727,85.2539
3543952,59.2773,83.7891
3561672,60.5469,81.9336
3579484,59.7656,87.4023
3597384,117.4805,99.6094
3615372,84.7656,90.2344
3633452,69.9219,89.2578
3651620,64.0625,86.0352
3669880,66.2109,93.4570
3688232,60.8398,86.3281
3706676,60.3516,88.0859
3725212,61.1328,86.1328
3743840,59.8633,87.1094
3762560,59.2773,83.3984
3781376,59.4727,85.6445
3800284,59.6680,87.3047
3819288,60.7422,86.2305
3838388,60.0586,86.1328
3857580,61.1328,90.4297
3876868,60.2539,87.6953
3896256,59.6680,87.0117
3915740,60.1563,85.6445
3935320,61.6211,88.2813
3955000,67.7734,87.4023
3974776,59.5703,85.8398
3994652,66.2109,87.0117
4014628,60.9375,86.2305
4034704,63.2813,89.9414
4054880,61.1328,89.9414
4075156,60.9375,86.8164
4095532,61.0352,87.2070
4116012,62.4023,88.7695
4136596,60.4492,88.0859
4157280,61.9141,88.5742
4178068,62.8906,90.4297
4198960,65.8203,89.6484
4219956,65.2344,87.7930
4241056,65.9180,88.4766
4262264,69.8242,87.6953
4283576,65.7227,86.9141
4304996,66.6016,89.1602
4326524,67.4805,88.8672
4348160,64.3555,86.9141
4369904,67.2852,92.3828
4391756,64.6484,88.1836
4413716,67.7734,107.5195
4435788,76.6602,101.5625
4457968,68.8477,88.9648
4480260,66.9922,91.6016
4502664,65.1367,86.2305
4525180,67.2852,88.8672
4547808,65.9180,87.5977
4570548,64.5508,88.1836
4593404,68.2617,86.5234
4616372,64.8438,89.6484
4639456,65.2344,89.0625
4662656,66.2109,87.8906
4685972,66.7969,89.9414
4709404,66.2109,89.2578
4732952,65.4297,86.3281
4756620,66.0156,89.5508
4780404,66.4063,89.4531
4804308,65.3320,89.0625
4828332,65.1367,87.5000
4852476,66.4063,89.4531
4876740,66.3086,90.1367
4901124,74.7070,88.7695
4925632,68.1641,93.3594
4950264,68.4570,89.4531
4975016,66.4063,91.7969
4999892,64.3555,89.2578
5024892,66.0156,89.6484
5050020,66.3086,89.0625
5075272,65.7227,90.4297
5100652,66.6992,91.7969
5126156,65.7227,89.7461
5151788,66.8945,90.5273
5177548,65.4297,88.7695
5203436,66.4063,89.4531
5229456,67.1875,93.3594
5255604,67.0898,90.0391
5281884,65.4297,88.8672
5308296,66.1133,93.6523
5334840,65.8203,91.6016
5361516,66.6016,90.6250
5388324,68.6523,91.2109
5415268,67.9688,90.6250
5442348,67.3828,90.8203
5469560,67.9688,91.6992
5496908,66.6992,92.0898
5524396,66.2109,91.8945
5552020,68.9453,93.2617
5579784,67.0898,91.5039
5607684,66.5039,90.2344
5635724,66.4063,91.7969
5663904,66.9922,91.7969
5692224,71.2891,94.2383
5720688,65.9180,91.2109
5749292,66.4063,91.9922
5778040,67.4805,92.6758
5806932,67.7734,95.3125
5835968,66.6992,91.6016
5865148,66.1133,92.5781
5894476,65.4297,90.2344
5923952,67.1875,93.1641
5953572,66.2109,91.7969
5983340,67.0898,89.9414
6013260,66.4063,87.6953
6043328,67.5781,92.6758
6073548,67.5781,93.2617
6103916,67.2852,92.4805
6134436,66.8945,91.2109
6165112,67.1875,91.7969
6195940,66.6992,92.3828
6226920,65.6250,92.1875
6258056,67.6758,93.2617
6289348,69.7266,95.5078
6320796,67.0898,93.6523
6352400,66.6992,90.6250
6384164,68.0664,93.7500
6416088,70.5078,94.9219
6448172,68.7500,95.0195
6480416,66.8945,92.7734
6512820,67.4805,93.4570
6545388,67.1875,92.9688
6578116,67.7734,94.4336
6611008,68.0664,93.1641
6644064,67.6758,95.2148
6677288,67.4805,95.3125
6710676,70.2148,95.4102
6744232,67.4805,92.1875
6777956,69.7266,98.2422
6811848,67.8711,92.2852
6845908,69.0430,96.0938
6880140,66.6992,91.3086
6914544,67.6758,93.4570
6949120,67.1875,95.7031
6983868,66.5039,94.1406
7018788,70.2148,94.2383
7053884,69.3359,95.2148
7089156,66.9922,93.4570
7124604,70.7031,98.0469
7160228,68.8477,94.1406
7196032,68.5547,93.8477
7232016,68.0664,92.1875
7268180,69.3359,96.1914
7304524,67.8711,92.8711
7341048,70.4102,95.2148
7377756,68.0664,95.6055
7414648,70.4102,96.7773
7451724,81.0547,94.7266
7488984,68.0664,93.1641
7526432,68.8477,94.4336
7564068,68.3594,94.7266
7601892,67.9688,101.3672
7639904,70.7031,97.8516
7678104,67.0898,90.9180
7716496,72.5586,92.9688
7755080,70.2148,97.2656
7793856,68.4570,94.8242
7832828,69.1406,95.7031
7871996,67.7734,93.0664
7911356,68.1641,95.0195
7950916,67.7734,94.4336
7990672,70.1172,94.7266
8030628,68.4570,95.2148
8070784,68.1641,94.2383
8111140,83.0078,101.5625
8151696,76.1719,98.8281
8192456,74.4141,97.7539
8233420,71.0938,98.9258
8274588,67.8711,94.6289
8315964,71.6797,97.8516
8357544,68.2617,95.0195
8399332,76.2695,99.9023
8441332,76.5625,99.6094
8483540,73.4375,95.7031
8525960,73.6328,94.0430
8568592,72.7539,96.9727
8611436,76.8555,99.0234
8654496,80.4688,98.1445
8697772,77.0508,97.9492
8741264,75.8789,93.8477
8784972,75.9766,99.1211
8828900,73.1445,98.5352
8873048,75.4883,98.3398
8917416,73.5352,98.0469
8962004,75.8789,100.0977
9006816,72.8516,98.8281
9051852,75.5859,100.3906
9097112,73.6328,98.0469
9142600,75.3906,98.9258
9188316,75.3906,97.9492
9234260,76.5625,99.9023
9280432,74.9023,98.7305
9326836,74.8047,97.4609
9373472,73.1445,100.3906
9420340,76.6602,99.4141
9467444,74.8047,97.6563
9514784,73.2422,94.0430
9562360,75.0000,98.9258
9610172,76.7578,96.4844
9658224,76.8555,100.5859
9706516,77.5391,98.1445
9755052,75.9766,100.2930
9803828,75.9766,96.9727
9852848,76.7578,101.2695
9902116,76.3672,97.6563
9951628,73.4375,95.5078
10001388,77.1484,96.9727
10051396,74.9023,113.9648
10101656,77.5391,99.4141
10152168,72.4609,96.7773
10202932,88.8672,100.8789
10253948,74.5117,97.3633
10305220,91.9922,101.3672
10356748,77.0508,100.7813
10408532,74.4141,96.6797
10460576,73.0469,97.1680
10512880,73.5352,97.8516
10565448,74.5117,97.0703
10618276,76.2695,100.7813
10671368,75.4883,100.2930
10724728,77.3438,102.7344
10778352,73.6328,96.2891
10832244,76.8555,101.5625
10886408,75.7813,101.0742
10940844,74.4141,99.7070
10995552,76.1719,102.3438
11050532,76.4648,100.3906
11105788,73.4375,97.8516
11161320,75.4883,101.5625
11217128,75.4883,102.4414
11273216,74.2188,96.3867
11329584,77.6367,98.9258
11386232,75.5859,99.8047
11443164,76.4648,101.7578
11500380,85.2539,98.1445
11557884,76.7578,102.1484
11615676,74.2188,100.0000
11673756,75.3906,100.0000
11732128,74.2188,99.3164
11790792,75.9766,99.2188
11849748,75.5859,101.6602
11909000,75.8789,101.4648
11968548,81.0547,100.2930
12028392,75.6836,102.4414
12088536,75.4883,100.0977
12148980,100.5859,104.6875
12209728,87.7930,102.0508
12270780,84.0820,106.4453
12332136,78.7109,98.1445
12393800,79.4922,102.4414
12455772,77.5391,105.5664
12518052,75.5859,100.8789
12580644,77.1484,101.9531
12643548,77.6367,100.7813
12706768,77.1484,103.3203
12770304,76.6602,104.1016
12834156,77.0508,102.7344
12898328,74.9023,102.3438
12962820,77.7344,104.3945
13027636,80.4688,102.7344
13092776,76.3672,101.0742
13158240,74.0234,99.2188
13224032,75.3906,120.8008
13290156,77.0508,103.1250
13356608,79.2969,104.8828
13423392,76.8555,100.4883
13490512,74.4141,98.7305
13557968,76.1719,99.8047
13625760,79.3945,105.0781
13693892,75.1953,100.5859
13762364,77.5391,104.2969
13831176,75.6836,103.1250
13900332,76.4648,104.2969
13969836,77.7344,103.3203
14039688,75.0977,101.4648
14109888,77.6367,108.3984
14180440,76.2695,100.3906
14251344,79.3945,105.1758
14322604,76.4648,103.2227
14394220,77.3438,105.7617
14466192,79.2969,104.5898
14538524,79.2969,106.2500
14611220,76.8555,104.4922
14684280,76.6602,105.9570
14757704,79.0039,107.8125
14831496,78.8086,103.2227
14905656,75.7813,108.1055
14980188,80.0781,103.2227
15055092,75.7813,102.7344
15130368,77.2461,102.9297
15206020,77.1484,105.5664
15282052,77.5391,104.8828
15358464,78.3203,103.9063
15435260,76.1719,104.6875
15512440,76.6602,101.4648
15590004,77.6367,106.0547
15667956,78.1250,105.7617
15746296,76.5625,103.5156
15825028,75.9766,101.5625
15904156,77.2461,105.7617
15983680,78.6133,105.5664
16063600,77.7344,104.7852
16143920,76.9531,104.4922
16224640,79.3945,106.4453
16305764,79.5898,105.7617
16387296,78.1250,106.7383
16469236,76.4648,101.7578
16551584,77.4414,107.7148
16634344,79.1016,106.7383
16717516,78.9063,104.2969
16801104,86.3281,111.8164
16885112,86.4258,111.6211
16969540,85.4492,106.0547
17054388,85.0586,105.1758
17139660,84.4727,108.4961
17225360,80.4688,103.7109
17311488,82.9102,107.2266
17398048,81.3477,107.8125
17485040,82.9102,106.4453
17572468,83.3008,106.7383
17660332,80.9570,103.8086
17748636,82.7148,104.4922
17837380,84.8633,111.8164
17926568,83.7891,106.0547
18016204,81.8359,105.8594
18106288,82.1289,106.0547
18196820,83.0078,106.2500
18287808,90.5273,109.3750
18379248,84.5703,108.2031
18471148,87.5000,111.3281
18563504,83.0078,107.5195
18656324,85.1563,108.1055
18749608,87.9883,111.3281
18843360,84.5703,106.9336
18937580,81.1523,106.0547
19032268,86.3281,110.7422
19127432,87.0117,108.7891
19223072,86.4258,113.9648
19319188,83.2031,109.6680
19415784,83.5938,109.0820
19512864,87.3047,105.3711
19610432,86.0352,107.8125
19708488,86.5234,109.2773
19807032,89.9414,105.6641
19906068,84.9609,109.1797
20005600,84.3750,108.6914
20105628,86.5234,115.3320
20206160,83.9844,109.7656
20307192,93.9453,119.8242
20408728,84.9609,111.6211
20510772,83.4961,109.4727
20613328,84.5703,109.3750
20716396,84.5703,110.6445
20819980,84.8633,108.7891
20924080,85.9375,112.4023
21028704,89.8438,110.5469
21133848,86.1328,108.6914
21239520,83.5938,111.4258
21345720,83.9844,112.5977
21452452,84.6680,106.7383
21559716,84.3750,111.2305
21667516,83.3008,109.6680
21775856,87.0117,114.2578
21884736,89.0625,109.7656
21994160,84.9609,108.3008
22104132,91.8945,111.8164
22214656,83.3984,108.5938
22325732,83.9844,108.6914
22437364,83.4961,112.5977
22549552,85.3516,110.6445
22662300,85.2539,112.4023
22775612,86.7188,109.6680
22889492,86.7188,109.7656
23003940,86.3281,113.2813
23118960,87.7930,113.4766
23234556,85.3516,110.5469
23350732,84.1797,106.6406
23467488,94.2383,113.8672
23584828,92.0898,116.6992
23702756,91.9922,111.7188
23821272,86.9141,112.4023
23940380,94.6289,115.0391
24060084,87.1094,115.4297
24180388,94.1406,123.5352
24301292,92.9688,112.6953
24422800,90.8203,117.6758
24544916,91.0156,116.5039
24667644,95.9961,115.5273
24790984,90.7227,119.9219
24914940,94.4336,116.6992
25039516,88.3789,112.0117
25164716,91.1133,113.9648
25290540,89.7461,116.4063
25416996,89.6484,163.1836
25544084,101.0742,119.4336
25671808,93.7500,115.5273
25800168,92.2852,117.3828
25929172,92.7734,117.6758
26058820,88.6719,117.3828
26189116,102.6367,118.7500
26320064,95.3125,120.7031
26451668,92.3828,117.7734
26583928,96.5820,119.1406
26716848,91.7969,117.1875
26850436,109.9609,120.3125
26984692,104.6875,120.8984
27119616,99.6094,116.2109
27255216,94.4336,116.3086
27391496,124.0234,131.0547
27528456,131.4453,130.9570
27666100,112.1094,130.1758
27804432,109.3750,126.9531
27943456,100.3906,119.5313
28083176,113.6719,121.7773
28223592,101.3672,117.2852
28364712,102.3438,123.8281
28506536,97.5586,123.6328
28649072,102.7344,128.5156
28792320,106.9336,128.2227
28936284,112.8906,123.7305
29080968,107.1289,125.0000
29226376,118.9453,129.2969
29372508,114.0625,125.7813
29519372,113.1836,127.1484
29666972,107.9102,141.9922
29815308,109.7656,125.0000
29964388,104.6875,125.7813
30114212,107.2266,128.1250
30264784,176.5625,130.5664
30416108,109.6680,129.0039
30568192,110.0586,129.6875
30721036,104.9805,140.0391
30874644,109.9609,130.6641
31029020,106.7383,126.6602
31184168,103.7109,127.2461
31340092,105.7617,153.1250
31496796,119.0430,138.9648
31654280,128.5156,131.4453
31812552,113.6719,154.6875
31971616,126.5625,135.4492
32131476,120.0195,134.2773
32292136,115.4297,151.4648
32453600,120.3125,131.8359
32615868,139.9414,135.9375
32778948,116.8945,146.1914
32942844,119.4336,135.1563
33107560,113.3789,131.5430
33273100,120.6055,148.6328
33439468,123.1445,137.1094
33606668,121.3867,135.6445
33774704,120.1172,159.9609
33943580,132.1289,144.3359
34113300,122.5586,136.9141
34283868,151.9531,150.2930
34455288,138.1836,146.1914
34627568,132.5195,158.4961
34800708,137.5000,147.8516
34974712,129.3945,142.8711
35149588,132.5195,149.3164
35325336,135.5469,147.5586
35501964,126.6602,137.7930
35679476,139.5508,151.5625
35857876,128.9063,151.7578
36037168,135.4492,172.1680
36217356,147.0703,154.7852
36398444,141.2109,149.3164
36580440,152.5391,161.2305
36763344,143.0664,160.0586
36947164,148.5352,153.0273
37131900,148.9258,151.9531
37317560,145.2148,160.7422
37504148,150.2930,159.3750
37691672,141.5039,176.6602
37880132,169.6289,161.9141
38069536,158.7891,192.7734
38259884,161.6211,163.7695
38451184,162.1094,182.9102
38643440,158.6914,167.1875
38836660,154.2969,171.9727
39030844,150.4883,163.1836
39226000,150.3906,170.7031
39422132,145.2148,154.4922
39619244,165.1367,187.0117
39817344,158.1055,163.7695
40016432,153.2227,200.0000
40216516,174.6094,174.8047
40417600,157.6172,176.2695
40619688,158.8867,165.8203
40822788,157.3242,174.4141
41026904,194.1406,184.7656
41232040,171.8750,185.5469
41438204,169.1406,167.9688
41645396,192.5781,181.1523
41853624,172.6563,195.7031
42062896,189.6484,194.0430
42273212,195.5078,187.1094
42484580,172.6563,170.8984
42697004,167.0898,199.1211
42910492,183.7891,187.9883
43125048,193.0664,191.5039
43340676,188.7695,225.7813
43557380,182.0313,186.7188
43775168,180.4688,178.8086
43994044,170.2148,176.3672
44214016,170.6055,182.0313
44435088,223.0469,180.4688
44657264,166.2109,188.8672
44880552,187.3047,181.5430
45104956,175.0000,251.0742
45330484,196.1914,183.9844
45557140,182.9102,195.9961
45784928,179.9805,193.0664
46013856,178.1250,186.8164
46243928,211.7188,186.9141
46475148,181.9336,217.8711
46707524,182.3242,191.4063
46941064,201.3672,186.2305
47175772,179.3945,201.5625
47411652,187.5000,186.4258
47648712,191.6992,192.3828
47886956,186.7188,211.9141
48126392,190.9180,193.4570
48367024,205.5664,202.4414
48608860,194.6289,209.1797
48851908,188.6719,215.9180
49096168,193.4570,203.6133
49341652,200.0000,186.9141
49588364,186.9141,211.5234
49836308,195.9961,204.0039
50085492,202.9297,199.1211
50335920,209.0820,197.2656
50587600,188.5742,210.1563
50840540,199.8047,199.9023
51094744,197.4609,199.7070
51350220,218.6523,201.3672
51606972,197.8516,224.9023
51865008,208.8867,219.7266
52124336,200.4883,208.9844
52384960,226.8555,220.2148
52646888,221.7773,213.7695
52910124,341.6992,208.7891
53174676,211.6211,227.5391
53440552,217.5781,216.3086
53707756,210.4492,207.3242
53976296,220.1172,210.6445
54246180,209.8633,258.1055
54517412,249.4141,219.5313
54790000,217.4805,215.5273
55063952,208.9844,222.5586
55339272,229.5898,243.5547
55615972,209.5703,214.3555
55894052,233.9844,222.3633
56173524,266.8945,246.8750
56454392,249.7070,236.8164
56736664,254.0039,275.0977
57020348,262.3047,293.8477
57305452,241.5039,291.8945
57591980,236.3281,250.4883
57879940,233.0078,250.2930
58169340,237.9883,248.1445
58460188,224.6094,235.5469
58752492,228.9063,216.0156
59046256,246.7773,264.8438
59341488,239.3555,295.5078
59638196,231.8359,274.6094
59936388,244.5313,247.2656
60236072,259.2773,305.1758
60537256,249.1211,240.2344
60839944,237.8906,242.8711
61144144,281.4453,260.0586
61449868,301.5625,269.2383
61757120,273.1445,376.0742
62065908,267.4805,248.0469
62376240,349.3164,246.1914
62688124,250.9766,238.8672
63001568,252.8320,241.5039
63316576,234.6680,228.6133
63633160,247.1680,235.8398
63951328,234.5703,266.5039
64271088,249.3164,248.4375
64592444,253.1250,251.6602
64915408,248.1445,250.4883
65239988,281.2500,248.3398
65566188,252.0508,241.5039
65894020,244.2383,238.2813
66223492,248.0469,264.5508
66554612,277.2461,257.3242
66887388,252.8320,240.7227
