4,1.4648,1.7578
8,1.9531,3.2227
12,2.5391,3.6133
16,2.4414,4.9805
20,3.0273,4.3945
24,3.1250,5.5664
28,3.1250,4.7852
32,3.2227,5.9570
36,3.7109,5.6641
40,3.7109,5.3711
44,3.8086,5.7617
48,3.4180,5.1758
52,3.7109,6.2500
56,3.6133,5.8594
60,3.9063,6.4453
64,3.6133,6.9336
68,5.1758,6.2500
72,4.2969,6.4453
76,4.3945,6.9336
80,4.2969,6.9336
84,4.4922,8.9844
88,7.8125,9.1797
92,4.2969,7.8125
96,6.1523,7.0313
100,5.2734,6.5430
104,4.3945,6.6406
108,4.3945,7.1289
112,4.3945,6.1523
116,4.1992,6.2500
120,4.4922,7.9102
124,4.5898,7.8125
128,4.3945,7.7148
132,5.3711,7.6172
136,5.2734,7.7148
140,5.3711,9.3750
144,5.2734,7.5195
148,5.1758,7.8125
152,5.2734,8.5938
156,5.1758,8.3008
160,5.1758,7.7148
164,5.2734,7.2266
168,5.2734,7.5195
172,5.3711,7.9102
176,5.2734,6.5430
180,5.3711,7.9102
184,5.2734,8.3984
188,5.2734,9.0820
192,5.1758,8.1055
196,5.2734,8.0078
200,5.2734,7.0313
204,5.0781,7.7148
208,5.2734,8.0078
212,5.2734,7.8125
216,5.4688,8.8867
220,5.3711,7.9102
224,5.3711,7.9102
228,5.1758,8.1055
232,5.2734,8.3984
236,5.3711,8.4961
240,5.1758,8.7891
244,5.0781,8.0078
248,5.2734,8.3008
252,5.2734,8.8867
256,5.2734,9.1797
260,6.1523,8.8867
264,6.1523,9.3750
268,6.4453,8.9844
272,6.5430,8.6914
276,6.4453,8.5938
280,6.5430,8.5938
284,6.3477,10.8398
288,6.3477,9.2773
292,6.5430,8.9844
296,6.4453,8.8867
300,6.2500,8.7891
304,6.3477,9.0820
308,6.3477,8.0078
312,6.4453,8.3008
316,6.2500,9.6680
320,6.3477,8.0078
324,6.4453,9.5703
328,6.9336,8.4961
332,6.4453,8.4961
336,6.4453,8.6914
340,6.2500,8.4961
344,6.4453,8.4961
348,6.5430,8.5938
352,6.5430,8.9844
356,6.4453,8.4961
360,6.2500,8.3008
364,6.5430,8.3984
368,6.1523,7.9102
372,6.9336,9.3750
376,6.5430,8.3008
380,6.3477,9.5703
384,6.6406,8.3008
388,6.5430,8.8867
392,6.6406,8.6914
396,6.5430,8.4961
400,6.4453,8.4961
404,6.4453,8.2031
408,6.5430,9.3750
412,6.4453,8.4961
416,6.5430,8.7891
420,6.2500,10.0586
424,6.3477,9.2773
428,6.3477,8.7891
432,6.4453,8.1055
436,6.1523,9.8633
440,6.3477,8.9844
444,6.1523,8.6914
448,6.2500,8.3984
452,6.7383,9.1797
456,6.4453,8.4961
460,6.2500,9.4727
464,6.1523,8.8867
468,6.4453,8.4961
472,6.2500,8.6914
476,6.3477,8.9844
480,6.3477,8.7891
484,6.1523,8.5938
488,6.2500,9.4727
492,6.4453,8.6914
496,6.2500,8.4961
500,6.6406,8.8867
504,6.5430,9.3750
508,6.4453,9.9609
512,6.4453,9.8633
516,6.9336,9.7656
520,6.9336,10.1563
524,7.1289,9.5703
528,7.2266,9.2773
532,6.8359,8.6914
536,7.1289,10.4492
540,6.8359,9.6680
544,6.7383,9.5703
548,6.9336,9.8633
552,6.8359,11.0352
556,7.1289,9.5703
560,7.0313,11.5234
564,6.7383,9.4727
568,6.8359,8.5938
572,7.3242,10.2539
576,7.1289,9.6680
580,6.9336,9.5703
584,7.1289,10.1563
588,7.0313,10.1563
592,7.0313,10.0586
596,6.9336,10.0586
600,7.3242,10.0586
604,7.2266,9.6680
608,7.2266,10.8398
612,7.2266,8.9844
616,7.1289,12.2070
620,6.8359,9.4727
624,6.8359,8.9844
628,6.9336,9.7656
632,6.9336,9.4727
636,6.9336,9.8633
640,7.4219,11.0352
644,7.0313,9.5703
648,7.0313,10.1563
652,6.9336,10.2539
656,7.0313,10.0586
660,7.1289,9.9609
664,6.8359,10.4492
668,6.9336,10.7422
672,7.0313,9.5703
676,6.7383,9.1797
680,7.0313,8.8867
684,7.1289,9.0820
688,7.3242,9.6680
692,7.5195,10.1563
696,6.9336,9.6680
700,7.1289,9.0820
704,7.0313,10.1563
708,7.1289,9.7656
712,7.0313,9.7656
716,7.1289,9.6680
720,6.8359,9.6680
724,7.0313,9.4727
728,7.1289,9.5703
732,7.1289,9.9609
736,6.8359,10.2539
740,9.1797,12.1094
744,6.9336,10.5469
748,6.8359,10.0586
752,6.9336,10.4492
756,7.1289,11.1328
760,7.2266,10.6445
764,6.7383,9.7656
768,7.0313,10.7422
772,7.0313,9.0820
776,6.7383,9.6680
780,7.2266,10.1563
784,7.1289,10.1563
788,7.1289,9.9609
792,6.5430,9.5703
796,7.2266,9.9609
800,7.3242,9.7656
804,7.3242,10.0586
812,7.2266,9.4727
820,7.2266,9.5703
828,7.1289,10.1563
836,6.9336,9.7656
844,6.9336,9.3750
852,7.2266,10.3516
860,7.1289,10.3516
868,7.1289,10.3516
876,7.0313,10.6445
884,7.2266,10.3516
892,6.9336,9.6680
900,6.9336,10.1563
908,7.4219,10.3516
916,6.7383,9.1797
924,7.1289,10.3516
932,6.8359,10.8398
940,6.8359,10.1563
948,7.2266,10.7422
956,7.3242,10.3516
964,7.0313,10.1563
972,7.1289,9.8633
980,6.8359,10.4492
988,7.2266,9.3750
996,7.1289,9.6680
1004,7.3242,10.0586
1012,6.9336,10.8398
1020,6.7383,9.6680
1028,7.7148,12.0117
1036,8.5938,10.8398
1044,7.9102,11.2305
1052,7.8125,10.6445
1060,8.4961,10.7422
1068,8.3984,10.8398
1076,8.1055,11.5234
1084,7.8125,9.7656
1092,8.3008,11.4258
1100,8.2031,11.1328
1108,7.8125,10.9375
1116,7.7148,9.6680
1124,8.3008,11.2305
1132,7.2266,10.3516
1140,8.2031,10.7422
1148,7.6172,10.9375
1156,7.6172,9.9609
1164,7.5195,11.1328
1172,8.3984,10.6445
1180,8.2031,12.1094
1188,8.5938,11.8164
1196,7.6172,11.2305
1204,8.3008,10.4492
1212,7.7148,11.4258
1220,7.1289,11.0352
1228,8.0078,11.2305
1236,7.4219,10.6445
1244,8.2031,10.3516
1252,8.1055,11.8164
1260,7.9102,11.4258
1268,7.9102,11.6211
1276,8.2031,10.8398
1284,8.0078,12.0117
1292,8.1055,12.1094
1300,7.5195,9.9609
1308,8.4961,11.6211
1316,7.8125,10.5469
1324,7.7148,11.5234
1332,8.5938,10.9375
1340,8.2031,11.3281
1348,8.0078,11.2305
1356,9.5703,11.3281
1364,7.4219,11.2305
1372,7.9102,11.0352
1380,8.2031,10.4492
1388,7.8125,10.9375
1396,7.7148,10.7422
1404,7.8125,11.6211
1412,8.0078,11.1328
1420,8.3008,10.5469
1428,8.0078,10.9375
1436,8.4961,11.7188
1444,8.0078,11.4258
1452,8.0078,11.0352
1460,7.7148,10.9375
1468,8.4961,11.0352
1476,7.6172,11.7188
1484,8.3008,11.5234
1492,8.2031,11.5234
1500,7.7148,11.0352
1508,7.6172,10.3516
1516,7.3242,11.2305
1524,7.3242,10.7422
1532,8.3008,11.6211
1540,8.2031,10.8398
1548,8.0078,12.2070
1556,7.9102,10.5469
1564,7.6172,10.7422
1572,7.9102,10.4492
1580,7.9102,11.1328
1588,8.4961,11.0352
1596,7.8125,10.8398
1604,8.0078,13.8672
1616,8.3008,13.2813
1628,11.2305,14.1602
1640,8.2031,12.2070
1652,8.2031,11.2305
1664,8.2031,10.9375
1676,8.3008,10.0586
1688,7.3242,11.8164
1700,8.4961,11.5234
1712,8.0078,11.7188
1724,7.7148,11.2305
1736,8.3984,10.2539
1748,7.9102,11.3281
1760,7.7148,12.5000
1772,8.2031,10.9375
1784,8.3008,11.4258
1796,7.9102,11.1328
1808,7.8125,10.8398
1820,8.1055,11.9141
1832,7.9102,11.3281
1844,8.3984,11.5234
1856,7.6172,11.3281
1868,8.1055,10.8398
1880,7.7148,11.5234
1892,7.0313,10.0586
1904,8.0078,11.6211
1916,8.2031,11.6211
1928,7.8125,11.3281
1940,8.7891,11.2305
1952,8.2031,11.1328
1964,7.9102,10.5469
1976,7.8125,10.9375
1988,8.2031,10.8398
2000,7.9102,10.0586
2012,7.4219,11.7188
2024,8.1055,11.6211
2036,7.6172,11.5234
2048,8.3008,12.7930
2060,10.0586,12.9883
2072,8.7891,12.3047
2084,9.2773,12.4023
2096,9.5703,11.5234
2108,8.8867,12.7930
2120,9.1797,13.0859
2132,9.1797,12.5977
2144,9.2773,10.9375
2156,9.1797,12.8906
2168,8.8867,11.2305
2180,8.8867,12.5000
2192,8.9844,12.7930
2204,8.9844,11.7188
2216,9.2773,12.1094
2228,9.2773,11.6211
2240,8.7891,12.8906
2252,9.0820,11.5234
2264,8.8867,11.4258
2276,9.0820,12.5977
2288,8.9844,12.6953
2300,9.2773,13.6719
2312,9.6680,13.5742
2324,8.8867,11.4258
2336,9.0820,12.0117
2348,9.0820,12.1094
2360,9.0820,12.8906
2372,9.1797,12.8906
2384,8.8867,12.5000
2396,9.1797,11.7188
2408,8.9844,12.3047
2424,8.5938,11.4258
2440,8.9844,12.2070
2456,9.3750,11.5234
2472,9.4727,12.6953
2488,10.3516,12.0117
2504,8.9844,12.6953
2520,8.9844,11.1328
2536,8.5938,11.5234
2552,9.1797,12.5000
2568,8.9844,12.1094
2584,9.3750,13.2813
2600,9.2773,12.2070
2616,8.9844,12.5977
2632,8.7891,11.9141
2648,8.9844,11.8164
2664,8.9844,12.5977
2680,9.4727,12.8906
2696,9.4727,11.6211
2712,9.9609,12.3047
2728,9.8633,12.5977
2744,9.5703,11.9141
2760,9.4727,13.1836
2776,9.9609,12.8906
2792,9.3750,12.4023
2808,8.9844,10.4492
2824,9.8633,10.8398
2840,9.5703,13.1836
2856,9.5703,12.2070
2872,9.4727,12.0117
2888,9.6680,12.4023
2904,9.7656,11.9141
2920,10.0586,12.5000
2936,9.3750,12.1094
2952,9.7656,12.6953
2968,9.5703,13.3789
2984,9.8633,12.8906
3000,9.4727,11.2305
3016,9.6680,12.0117
3032,9.5703,12.4023
3048,9.6680,12.7930
3064,9.7656,12.8906
3080,10.0586,12.4023
3096,9.5703,12.6953
3112,9.7656,11.7188
3128,9.4727,12.9883
3144,9.6680,12.0117
3160,9.5703,12.9883
3176,9.5703,12.5000
3192,9.4727,12.2070
3208,9.2773,12.6953
3228,8.9844,12.5000
3248,8.7891,12.0117
3268,8.8867,11.9141
3288,8.9844,12.9883
3308,9.1797,12.5977
3328,9.4727,13.0859
3348,8.6914,12.2070
3368,9.4727,12.6953
3388,8.8867,12.4023
3408,8.7891,12.7930
3428,8.6914,12.1094
3448,9.0820,12.5977
3468,9.4727,12.5977
3488,8.9844,14.3555
3508,9.0820,12.8906
3528,8.8867,12.5977
3548,9.1797,13.0859
3568,8.9844,12.6953
3588,9.0820,12.9883
3608,8.9844,12.7930
3628,9.0820,11.5234
3648,8.9844,12.7930
3668,12.6953,14.2578
3688,9.0820,12.8906
3708,12.7930,14.8438
3728,9.1797,12.8906
3748,8.6914,12.3047
3768,8.9844,12.5977
3788,8.8867,12.7930
3808,9.0820,11.5234
3828,8.9844,13.5742
3848,8.7891,12.8906
3868,11.5234,13.2813
3888,9.0820,13.0859
3908,9.5703,13.3789
3928,8.9844,13.9648
3948,8.7891,12.7930
3968,8.9844,12.0117
3988,8.6914,12.4023
4008,9.4727,13.0859
4032,9.1797,13.4766
4056,9.3750,13.6719
4080,9.0820,13.0859
4104,10.2539,14.4531
4128,9.6680,13.0859
4152,10.3516,12.8906
4176,10.7422,14.9414
4200,9.9609,13.7695
4224,10.7422,13.6719
4248,9.9609,12.4023
4272,9.8633,13.0859
4296,10.4492,15.7227
4320,10.4492,13.2813
4344,9.8633,12.0117
4368,10.5469,13.1836
4392,10.8398,13.5742
4416,10.3516,13.6719
4440,10.4492,13.6719
4464,9.4727,13.6719
4488,9.5703,12.5977
4512,10.1563,13.0859
4536,10.2539,12.5977
4560,9.9609,13.2813
4584,10.5469,13.4766
4608,9.7656,13.4766
4632,9.5703,12.6953
4656,10.1563,13.6719
4680,10.1563,13.4766
4704,10.4492,13.2813
4728,10.3516,12.9883
4752,10.2539,13.6719
4776,9.3750,13.4766
4800,10.5469,13.2813
4824,9.9609,13.0859
4852,10.7422,14.2578
4880,9.7656,13.0859
4908,10.2539,13.3789
4936,10.8398,14.6484
4964,10.2539,12.6953
4992,10.0586,12.3047
5020,10.1563,13.6719
5048,9.9609,14.3555
5076,10.5469,14.1602
5104,9.7656,14.1602
5132,10.8398,13.2813
5160,10.4492,13.3789
5188,10.6445,13.0859
5216,10.3516,14.3555
5244,9.6680,13.1836
5272,10.4492,15.3320
5300,13.7695,13.2813
5328,10.5469,14.1602
5356,10.5469,12.7930
5384,9.9609,12.9883
5412,10.0586,13.6719
5440,9.5703,12.9883
5468,10.1563,13.1836
5496,10.0586,12.8906
5524,10.0586,13.1836
5552,10.2539,13.9648
5580,10.6445,14.4531
5608,10.5469,14.3555
5640,10.3516,13.0859
5672,9.9609,13.1836
5704,10.5469,13.7695
5736,10.9375,13.5742
5768,9.8633,12.8906
5800,10.1563,12.9883
5832,11.9141,12.6953
5864,9.7656,13.0859
5896,10.4492,12.9883
5928,9.7656,12.6953
5960,10.2539,14.1602
5992,10.3516,13.5742
6024,10.3516,13.0859
6056,9.5703,13.1836
6088,10.3516,14.4531
6120,9.9609,12.1094
6152,10.0586,14.2578
6184,9.8633,13.3789
6216,10.3516,14.1602
6248,10.2539,14.0625
6280,10.2539,13.4766
6312,9.9609,13.3789
6344,9.8633,13.5742
6376,10.4492,13.6719
6408,10.0586,14.0625
6444,12.2070,13.3789
6480,10.1563,13.8672
6516,9.6680,13.3789
6552,9.8633,13.1836
6588,10.2539,12.8906
6624,10.7422,13.2813
6660,10.2539,12.9883
6696,10.3516,13.8672
6732,10.4492,13.0859
6768,9.1797,13.3789
6804,9.7656,13.7695
6840,10.2539,13.2813
6876,10.4492,12.9883
6912,10.2539,13.2813
6948,10.4492,13.4766
6984,10.6445,13.4766
7020,9.8633,13.8672
7056,10.3516,14.6484
7092,10.1563,12.9883
7128,11.6211,12.9883
7164,9.5703,13.3789
7200,9.9609,12.9883
7236,10.0586,14.5508
7276,10.2539,13.9648
7316,10.7422,15.5273
7356,9.9609,13.4766
7396,10.2539,13.7695
7436,14.1602,14.8438
7476,10.3516,12.6953
7516,10.5469,14.0625
7556,10.4492,14.1602
7596,10.0586,13.2813
7636,10.5469,13.0859
7676,10.6445,13.4766
7716,10.2539,12.8906
7756,9.9609,13.6719
7796,10.0586,12.9883
7836,10.3516,14.5508
7876,9.6680,13.7695
7916,10.2539,14.2578
7956,10.4492,14.7461
7996,10.3516,13.7695
8036,10.1563,14.0625
8080,10.7422,14.3555
8124,10.7422,14.5508
8168,9.6680,13.9648
8212,11.8164,15.1367
8256,11.3281,14.2578
8300,11.5234,14.1602
8344,10.5469,14.5508
8388,10.9375,14.7461
8432,10.6445,14.8438
8476,11.6211,15.1367
8520,10.4492,13.7695
8564,10.7422,14.5508
8608,11.7188,13.1836
8652,11.0352,14.6484
8696,11.7188,14.6484
8740,11.2305,14.8438
8784,9.7656,14.4531
8828,11.2305,14.0625
8876,11.3281,13.7695
8924,11.1328,14.2578
8972,10.6445,13.4766
9020,12.1094,15.4297
9068,11.6211,13.5742
9116,10.2539,15.2344
9164,10.7422,14.0625
9212,11.6211,13.9648
9260,10.8398,15.2344
9308,10.3516,14.8438
9356,11.0352,12.9883
9404,11.1328,15.1367
9452,10.9375,14.4531
9500,12.8906,14.0625
9548,10.8398,14.3555
9596,10.5469,13.8672
9644,11.0352,13.4766
9696,11.2305,14.8438
9748,10.9375,14.0625
9800,10.6445,14.6484
9852,10.7422,13.6719
9904,11.2305,14.0625
9956,10.8398,13.3789
10008,10.5469,14.6484
10060,11.7188,13.5742
10112,11.3281,15.0391
10164,10.3516,14.2578
10216,11.8164,14.3555
10268,11.2305,14.8438
10320,10.4492,14.7461
10372,11.6211,14.5508
10424,11.4258,15.5273
10480,11.1328,14.4531
10536,10.7422,13.3789
10592,11.5234,14.6484
10648,11.3281,14.2578
10704,11.2305,15.0391
10760,11.5234,13.4766
10816,10.7422,14.4531
10872,12.0117,13.7695
10928,11.4258,14.8438
10984,10.9375,14.7461
11040,11.4258,14.9414
11096,10.5469,14.5508
11152,11.8164,14.9414
11208,11.5234,15.0391
11268,11.0352,14.7461
11328,10.2539,14.2578
11388,10.5469,13.1836
11448,10.9375,14.2578
11508,10.6445,14.6484
11568,11.5234,14.2578
11628,11.1328,14.2578
11688,11.4258,15.1367
11748,9.8633,13.8672
11808,11.3281,14.2578
11868,10.9375,13.6719
11928,11.3281,14.1602
11988,10.8398,14.3555
12048,11.5234,14.1602
12112,11.3281,13.9648
12176,11.2305,14.1602
12240,11.1328,13.5742
12304,11.8164,13.8672
12368,10.5469,12.8906
12432,11.6211,14.6484
12496,11.6211,14.1602
12560,9.6680,13.6719
12624,11.1328,13.8672
12688,10.8398,14.5508
12752,11.2305,14.8438
12816,11.0352,14.2578
12884,11.5234,13.8672
12952,10.8398,15.4297
13020,11.2305,14.0625
13088,11.6211,15.4297
13156,10.7422,14.3555
13224,10.8398,13.3789
13292,10.3516,12.8906
13360,11.0352,15.7227
13428,11.2305,14.8438
13496,11.4258,14.4531
13564,11.5234,15.9180
13632,11.8164,14.6484
13704,10.7422,14.0625
13776,11.0352,14.2578
13848,13.1836,15.2344
13920,12.1094,15.4297
13992,11.4258,15.2344
14064,11.9141,15.5273
14136,11.3281,14.4531
14208,11.3281,15.2344
14280,15.6250,17.2852
14352,12.8906,13.8672
14424,11.5234,15.4297
14500,11.5234,14.4531
14576,10.8398,13.4766
14652,11.4258,14.7461
14728,11.8164,15.3320
14804,11.7188,15.3320
14880,10.3516,12.9883
14956,11.3281,14.5508
15032,11.0352,15.9180
15108,11.1328,14.7461
15184,11.4258,14.9414
15260,10.3516,14.8438
15340,10.8398,14.5508
15420,10.8398,15.2344
15500,10.7422,13.5742
15580,10.6445,13.8672
15660,11.1328,15.3320
15740,11.5234,14.7461
15820,11.1328,15.3320
15900,11.8164,15.4297
15980,11.4258,15.3320
16060,11.5234,15.5273
16144,12.0117,14.9414
16228,10.3516,14.0625
16312,11.3281,14.1602
16396,12.2070,16.0156
16480,12.2070,15.5273
16564,12.1094,16.2109
16648,12.4023,15.3320
16732,10.9375,13.9648
16816,12.6953,15.3320
16904,12.0117,14.7461
16992,12.2070,14.5508
17080,12.8906,15.6250
17168,12.5977,15.6250
17256,12.0117,14.5508
17344,12.0117,16.0156
17432,12.2070,14.7461
17520,11.8164,14.9414
17608,11.4258,13.9648
17700,12.9883,15.6250
17792,12.0117,14.7461
17884,12.0117,15.5273
17976,11.7188,14.3555
18068,11.8164,15.2344
18160,14.2578,16.1133
18252,12.0117,15.2344
18344,12.2070,14.7461
18436,12.4023,14.8438
18532,11.7188,14.2578
18628,11.9141,14.9414
18724,12.3047,14.0625
18820,12.2070,14.6484
18916,12.5000,14.2578
19012,12.5000,15.0391
19108,12.4023,14.4531
19204,12.4023,16.0156
19304,12.5977,15.4297
19404,12.2070,14.7461
19504,12.1094,15.0391
19604,12.0117,15.6250
19704,12.7930,15.0391
19804,12.4023,17.0898
19904,11.9141,14.8438
20004,12.1094,16.2109
20108,12.2070,15.4297
20212,11.9141,15.3320
20316,12.5977,16.0156
20420,12.0117,15.1367
20524,12.4023,15.5273
20628,12.3047,15.6250
20732,11.4258,14.2578
20836,12.5000,14.9414
20944,12.0117,15.0391
21052,12.3047,14.7461
21160,12.8906,15.2344
21268,11.8164,14.6484
21376,11.1328,14.2578
21484,11.7188,14.4531
21592,11.5234,15.8203
21700,13.4766,13.4766
21812,12.7930,15.7227
21924,12.5000,15.5273
22036,12.5000,15.7227
22148,12.5977,15.5273
22260,11.6211,14.5508
22372,11.3281,14.1602
22484,12.4023,15.7227
22600,12.1094,15.5273
22716,11.8164,15.0391
22832,11.4258,15.0391
22948,12.1094,15.3320
23064,12.3047,15.4297
23180,12.5977,15.3320
23296,12.3047,15.3320
23416,11.6211,14.1602
23536,12.5000,15.2344
23656,11.6211,17.5781
23776,11.8164,16.6016
23896,12.4023,16.4063
24016,11.4258,15.3320
24140,12.9883,15.3320
24264,11.8164,14.9414
24388,12.5000,16.7969
24512,12.5977,14.3555
24636,12.5977,14.9414
24760,12.0117,14.4531
24884,12.6953,16.9922
25012,12.8906,14.6484
25140,11.8164,15.2344
25268,12.2070,15.2344
25396,11.7188,15.3320
25524,12.1094,15.1367
25652,12.1094,15.2344
25784,12.4023,16.3086
25916,12.2070,14.5508
26048,11.8164,15.1367
26180,12.0117,14.7461
26312,12.2070,15.9180
26444,12.3047,15.8203
26580,12.4023,16.0156
26716,12.3047,16.6992
26852,11.9141,14.8438
26988,11.9141,14.8438
27124,12.4023,15.7227
27260,12.1094,15.5273
27400,12.4023,15.6250
27540,11.9141,14.6484
27680,11.9141,16.3086
27820,11.5234,14.0625
27960,12.4023,15.3320
28100,12.1094,14.9414
28244,12.2070,15.3320
28388,12.1094,14.8438
28532,11.7188,15.4297
28676,12.0117,14.5508
28820,12.2070,15.3320
28968,12.0117,14.8438
29116,11.4258,15.0391
29264,11.5234,15.4297
29412,12.1094,15.1367
29560,12.0117,15.7227
29708,11.9141,14.8438
29860,11.9141,15.0391
30012,11.7188,14.9414
30164,11.3281,15.2344
30316,12.3047,16.8945
30468,11.7188,15.5273
30624,13.6719,14.3555
30780,12.6953,15.9180
30936,11.6211,15.8203
31092,11.2305,15.2344
31248,12.5000,15.2344
31408,11.7188,15.0391
31568,12.5977,15.4297
31728,11.8164,16.3086
31888,12.3047,15.8203
32048,12.5977,14.7461
32212,11.7188,16.5039
32376,12.4023,15.5273
32540,11.5234,15.0391
32704,11.9141,15.9180
32868,14.2578,16.9922
33036,12.4023,15.9180
33204,12.8906,16.6016
33372,15.5273,16.3086
33540,13.5742,15.7227
33708,12.2070,15.2344
33880,13.6719,16.7969
34052,12.6953,16.4063
34224,12.9883,16.0156
34396,12.5977,15.6250
34568,12.7930,15.1367
34744,13.8672,17.1875
34920,12.8906,14.7461
35096,13.7695,15.8203
35272,12.5977,15.4297
35452,13.2813,16.2109
35632,12.7930,16.7969
35812,13.5742,16.6992
35992,13.7695,16.0156
36172,12.7930,15.7227
36356,13.2813,16.6992
36540,13.3789,16.3086
36724,13.4766,16.6992
36908,13.1836,16.3086
37096,12.9883,16.0156
37284,13.0859,16.3086
37472,13.0859,16.1133
37660,12.9883,16.2109
37852,12.7930,16.2109
38044,12.5000,15.9180
38236,14.1602,16.6992
38428,13.3789,16.5039
38624,12.6953,16.2109
38820,12.7930,16.5039
39016,12.7930,16.3086
39212,13.2813,17.3828
39412,13.3789,16.4063
39612,13.1836,16.3086
39812,13.2813,16.4063
40012,13.0859,15.7227
40216,13.8672,17.1875
40420,13.4766,16.6016
40624,13.6719,17.6758
40828,12.8906,16.6016
41036,13.0859,16.8945
41244,13.5742,16.5039
41452,13.7695,17.0898
41660,13.5742,16.4063
41872,13.4766,17.3828
42084,12.8906,16.0156
42296,13.0859,16.6992
42508,13.0859,15.2344
42724,13.1836,16.8945
42940,12.9883,16.1133
43156,12.5977,15.8203
43372,12.6953,16.6016
43592,13.7695,16.6016
43812,13.2813,16.6016
44032,12.7930,15.6250
44256,13.4766,17.0898
44480,12.6953,15.7227
44704,13.3789,16.1133
44928,13.7695,16.6016
45156,13.3789,17.8711
45384,13.0859,16.3086
45612,13.3789,16.4063
45844,13.9648,16.9922
46076,13.5742,18.2617
46308,13.9648,18.2617
46540,12.9883,18.1641
46776,13.2813,17.1875
47012,12.5977,16.5039
47248,13.4766,22.3633
47488,16.6992,16.4063
47728,12.9883,16.1133
47968,13.7695,17.7734
48208,13.5742,18.0664
48452,13.3789,17.1875
48696,13.2813,16.4063
48940,13.4766,16.7969
49188,13.3789,18.0664
49436,13.1836,15.4297
49684,13.2813,16.2109
49936,13.0859,16.2109
50188,13.0859,16.2109
50440,13.0859,18.5547
50696,12.1094,16.4063
50952,13.2813,16.8945
51208,12.5977,16.1133
51468,13.1836,17.3828
51728,13.1836,15.9180
51988,13.3789,17.2852
52248,13.1836,16.8945
52512,13.3789,15.6250
52776,13.5742,17.1875
53040,13.5742,17.0898
53308,13.3789,15.8203
53576,13.0859,16.8945
53844,13.6719,17.7734
54116,12.8906,17.4805
54388,13.1836,15.0391
54660,13.2813,16.6016
54936,13.9648,18.2617
55212,13.3789,15.6250
55492,13.3789,18.0664
55772,12.9883,16.1133
56052,13.5742,17.2852
56336,12.5977,15.6250
56620,12.9883,15.6250
56904,12.7930,15.9180
57192,12.9883,15.5273
57480,13.8672,17.4805
57768,13.1836,16.6992
58060,13.7695,17.2852
58352,13.5742,17.0898
58644,13.7695,16.7969
58940,13.6719,16.8945
59236,13.1836,17.1875
59536,15.3320,16.7969
59836,13.4766,17.3828
60136,12.9883,17.5781
60440,13.2813,16.6016
60744,13.5742,16.5039
61048,13.8672,16.6992
61356,13.6719,17.7734
61664,13.1836,16.6992
61976,13.7695,16.6016
62288,13.0859,16.1133
62600,13.4766,17.0898
62916,13.1836,17.4805
63232,13.0859,17.8711
63552,14.4531,18.4570
63872,13.3789,16.9922
64192,13.7695,17.4805
64516,12.3047,15.1367
64840,13.8672,18.2617
65168,13.9648,17.5781
65496,13.9648,17.4805
65824,15.5273,19.0430
66156,14.4531,18.4570
66488,14.6484,18.6523
66824,14.5508,18.3594
67160,14.5508,19.9219
67496,14.4531,18.9453
67836,14.5508,19.1406
68176,14.7461,18.6523
68520,13.7695,17.6758
68864,15.0391,18.4570
69212,14.5508,18.9453
69560,14.5508,18.7500
69908,14.6484,19.3359
70260,14.7461,19.7266
70612,15.4297,20.0195
70968,14.3555,18.5547
71324,14.5508,19.0430
71684,14.4531,18.6523
72044,14.6484,19.6289
72408,14.2578,19.5313
72772,14.9414,19.8242
73136,14.9414,19.2383
73504,14.2578,18.6523
73872,13.8672,18.7500
74244,14.3555,20.1172
74616,14.5508,17.9688
74992,14.3555,21.2891
75368,13.9648,18.6523
75748,14.7461,19.7266
76128,14.2578,19.5313
76512,14.9414,19.0430
76896,13.9648,18.1641
77284,14.7461,19.0430
77672,14.6484,17.8711
78064,14.6484,19.6289
78456,13.5742,16.3086
78852,14.6484,19.2383
79248,14.9414,19.9219
79648,14.9414,18.2617
80048,14.1602,18.7500
80452,14.8438,19.6289
80856,13.9648,18.1641
81264,14.5508,18.7500
81672,13.9648,18.0664
82084,20.4102,17.8711
82496,14.5508,18.7500
82912,14.0625,18.6523
83328,14.5508,19.3359
83748,14.0625,19.3359
84168,14.9414,19.4336
84592,14.7461,18.6523
85016,13.8672,17.5781
85444,14.0625,18.4570
85872,13.8672,16.9922
86304,15.0391,20.0195
86736,14.4531,19.0430
87172,14.3555,19.4336
87608,15.8203,19.3359
88048,14.6484,19.3359
88492,14.6484,18.8477
88936,14.6484,19.5313
89384,14.3555,17.3828
89832,14.3555,18.9453
90284,14.6484,18.7500
90736,14.4531,19.4336
91192,15.4297,18.8477
91648,15.4297,19.0430
92108,13.7695,18.0664
92572,15.0391,19.3359
93036,14.5508,19.2383
93504,14.6484,19.6289
93972,14.5508,20.6055
94444,13.7695,18.9453
94920,14.7461,18.5547
95396,14.9414,20.2148
95876,14.3555,19.4336
96356,14.7461,19.7266
96840,14.6484,18.6523
97328,15.5273,18.6523
97816,14.4531,19.4336
98308,15.1367,20.0195
98800,14.6484,19.4336
99296,14.2578,19.0430
99796,14.7461,19.5313
100296,14.6484,19.9219
100800,14.0625,17.7734
101304,14.4531,18.4570
101812,14.4531,19.5313
102324,14.4531,19.3359
102836,14.7461,20.0195
103352,13.6719,17.1875
103872,13.8672,18.6523
104392,14.4531,18.2617
104916,15.0391,17.8711
105444,14.6484,19.8242
105972,14.5508,19.5313
106504,14.5508,19.2383
107040,14.7461,19.7266
107576,15.0391,19.1406
108116,14.5508,19.0430
108660,14.6484,17.6758
109204,15.1367,22.9492
109752,14.3555,19.1406
110304,14.6484,18.9453
110856,14.6484,18.6523
111412,15.0391,19.8242
111972,14.8438,20.0195
112532,14.7461,21.0938
113096,15.0391,19.2383
113664,14.5508,19.6289
114236,14.5508,17.9688
114808,14.1602,18.3594
115384,14.8438,19.0430
115964,15.0391,20.1172
116544,14.2578,19.5313
117128,15.1367,20.0195
117716,14.4531,21.0938
118308,14.4531,18.2617
118900,14.6484,19.1406
119496,14.5508,18.8477
120096,15.4297,20.0195
120700,14.4531,18.9453
121304,15.0391,19.2383
121912,15.2344,19.1406
122524,14.5508,19.2383
123140,14.0625,19.4336
123756,15.1367,20.2148
124376,14.0625,18.9453
125000,15.2344,19.7266
125628,14.4531,19.4336
126260,14.6484,20.2148
126892,14.9414,17.9688
127528,14.0625,19.0430
128168,14.1602,18.7500
128812,14.6484,20.0195
129460,14.8438,19.5313
130108,14.7461,19.9219
130760,14.6484,20.6055
131416,17.0898,20.8008
132076,15.5273,19.2383
132740,16.0156,20.3125
133404,15.9180,20.5078
134072,16.3086,19.7266
134744,15.3320,19.8242
135420,15.5273,20.4102
136100,15.3320,21.0938
136784,16.1133,21.4844
137468,23.8281,23.7305
138156,15.6250,20.3125
138848,16.6992,19.6289
139544,15.5273,18.1641
140244,15.9180,19.7266
140948,16.0156,19.7266
141656,15.5273,19.5313
142368,16.5039,21.2891
143080,14.4531,17.8711
143796,15.2344,19.9219
144516,16.0156,19.2383
145240,15.7227,20.6055
145968,15.7227,21.4844
146700,16.2109,20.8008
147436,16.0156,20.9961
148176,15.7227,18.7500
148920,15.7227,19.7266
149668,16.1133,19.3359
150420,15.8203,21.1914
151176,16.0156,18.4570
151932,15.6250,18.8477
152692,16.5039,20.4102
153456,15.6250,20.5078
154224,15.2344,19.3359
154996,15.7227,19.1406
155772,16.2109,19.2383
156552,16.2109,20.6055
157336,15.5273,19.5313
158124,15.2344,20.0195
158916,15.3320,18.9453
159712,15.0391,19.5313
160512,16.1133,20.0195
161316,15.5273,21.1914
162124,16.0156,18.5547
162936,16.3086,20.0195
163752,15.6250,19.7266
164572,15.6250,20.5078
165396,15.5273,20.8984
166224,16.3086,20.4102
167056,16.3086,20.1172
167892,15.1367,20.2148
168732,16.2109,20.9961
169576,16.0156,20.2148
170424,15.2344,18.8477
171280,14.7461,18.9453
172140,16.8945,21.6797
173004,16.5039,21.2891
173872,16.5039,19.8242
174744,16.8945,20.1172
175620,15.8203,19.8242
176500,16.6992,20.4102
177384,15.0391,19.6289
178272,15.5273,19.6289
179164,15.3320,21.3867
180060,15.8203,20.2148
180964,15.1367,19.4336
181872,16.3086,20.4102
182784,15.1367,19.3359
183700,15.8203,20.1172
184620,15.4297,19.3359
185544,15.1367,19.9219
186472,15.1367,19.4336
187408,15.8203,19.2383
188348,16.6016,21.7773
189292,16.0156,19.3359
190240,16.0156,20.7031
191192,16.0156,20.0195
192148,16.1133,19.8242
193112,16.4063,21.7773
194080,15.5273,20.3125
195052,16.1133,21.1914
196028,15.8203,21.1914
197012,16.3086,20.5078
198000,16.1133,20.4102
198992,16.1133,20.2148
199988,16.7969,21.3867
200988,15.8203,20.2148
201996,16.3086,20.8984
203008,16.3086,20.2148
204024,16.1133,19.5313
205048,15.2344,20.0195
206076,15.8203,19.1406
207108,14.8438,19.7266
208144,16.1133,20.1172
209188,16.3086,21.7773
210236,16.0156,20.1172
211288,15.8203,21.5820
212348,15.9180,21.7773
213412,15.6250,19.4336
214480,16.9922,21.4844
215556,15.8203,19.6289
216636,15.5273,19.7266
217720,16.5039,21.5820
218812,16.3086,20.4102
219908,16.3086,21.1914
221008,15.4297,19.3359
222116,17.4805,21.5820
223228,15.9180,19.2383
224348,16.2109,20.5078
225472,16.8945,21.9727
226600,16.9922,22.3633
227736,14.7461,19.7266
228876,16.0156,21.0938
230024,15.7227,20.2148
231176,16.1133,20.6055
232332,15.9180,19.4336
233496,16.6016,20.4102
234664,16.0156,20.8008
235840,16.1133,20.2148
237020,18.5547,21.6797
238208,15.5273,18.7500
239400,16.5039,20.8984
240600,16.3086,21.3867
241804,17.3828,23.5352
243016,16.2109,20.4102
244232,15.7227,20.3125
245456,16.1133,20.9961
246684,16.4063,20.3125
247920,16.2109,21.1914
249160,17.1875,22.7539
250408,16.2109,21.7773
251664,17.0898,21.7773
252924,16.1133,24.6094
254192,15.8203,21.2891
255464,16.6016,20.8984
256744,16.6016,20.7031
258028,16.2109,20.1172
259320,16.3086,21.1914
260620,16.6992,20.7031
261924,16.6992,20.7031
263236,18.2617,22.2656
264556,17.8711,21.5820
265880,17.1875,21.2891
267212,17.7734,21.5820
268552,17.3828,21.3867
269896,16.6016,22.1680
271248,22.6563,19.9219
272608,17.9688,22.4609
273972,16.5039,19.4336
275344,17.0898,20.2148
276724,18.0664,22.0703
278108,17.4805,21.8750
279500,17.0898,21.6797
280900,18.1641,21.7773
282308,18.1641,21.1914
283720,18.4570,23.2422
285140,16.3086,20.1172
286568,17.1875,20.2148
288004,17.2852,21.8750
289448,18.3594,21.8750
290896,17.3828,21.4844
292352,17.8711,20.8008
293816,17.5781,21.5820
295288,17.8711,21.8750
296768,16.5039,19.5313
298252,17.0898,20.8008
299744,18.2617,21.2891
301244,17.4805,22.1680
302752,18.3594,22.0703
304268,17.1875,21.5820
305792,17.8711,21.1914
307324,18.4570,21.1914
308864,18.7500,21.6797
310412,17.7734,22.6563
311968,17.3828,20.9961
313528,18.2617,21.4844
315096,18.0664,22.4609
316672,16.8945,20.7031
318256,17.9688,21.8750
319848,17.9688,23.0469
321448,17.5781,21.4844
323056,18.6523,21.6797
324672,17.8711,23.3398
326296,17.7734,22.8516
327928,17.8711,21.9727
329568,17.8711,22.0703
331216,18.1641,22.3633
332876,18.0664,24.1211
334544,17.9688,21.0938
336220,17.1875,20.5078
337904,17.9688,21.4844
339596,17.8711,20.7031
341296,18.9453,22.1680
343004,17.1875,20.3125
344720,17.4805,21.6797
346444,17.7734,21.7773
348180,26.8555,28.6133
349924,18.4570,21.7773
351676,17.1875,20.9961
353436,18.3594,22.6563
355204,17.9688,21.6797
356984,18.2617,20.7031
358772,17.9688,22.8516
360568,17.8711,21.7773
362372,16.5039,19.8242
364184,18.1641,21.9727
366008,17.7734,22.1680
367840,17.7734,23.0469
369680,21.4844,21.1914
371532,18.6523,22.9492
373392,18.4570,21.5820
375260,18.2617,21.4844
377140,19.0430,22.6563
379028,18.3594,21.7773
380924,18.1641,22.6563
382832,18.2617,22.7539
384748,17.0898,20.7031
386672,16.9922,20.5078
388608,17.4805,21.3867
390552,19.0430,23.2422
392508,17.0898,23.3398
394472,18.1641,21.5820
396448,17.0898,19.5313
398432,19.2383,22.8516
400428,17.9688,22.2656
402432,18.3594,21.2891
404448,17.7734,22.7539
406472,18.5547,22.4609
408508,18.1641,22.8516
410552,19.2383,24.5117
412608,17.8711,20.8008
414672,17.9688,21.5820
416748,18.3594,22.5586
418832,19.0430,22.2656
420928,17.1875,20.2148
423036,18.3594,21.5820
425152,18.6523,22.2656
427280,18.6523,21.9727
429420,18.6523,23.0469
431568,18.2617,21.5820
433728,17.7734,20.5078
435900,17.3828,20.5078
438080,18.5547,22.6563
440272,18.3594,24.2188
442476,18.5547,23.5352
444692,19.9219,25.0000
446916,19.4336,23.4375
449152,18.9453,22.5586
451400,18.3594,22.8516
453660,17.6758,21.8750
455932,17.7734,20.7031
458212,19.0430,22.9492
460504,18.7500,22.1680
462808,17.2852,21.2891
465124,18.7500,21.9727
467452,18.2617,20.5078
469792,18.1641,22.5586
472144,17.8711,20.9961
474508,18.8477,21.9727
476884,18.4570,21.8750
479272,19.2383,23.6328
481672,18.4570,21.4844
484084,19.2383,23.6328
486508,17.6758,21.0938
488944,18.5547,22.8516
491392,17.9688,21.0938
493852,18.8477,22.9492
496324,18.5547,23.0469
498808,18.4570,21.4844
501304,18.8477,22.6563
503812,18.4570,22.7539
506332,18.2617,22.1680
508864,19.1406,21.9727
511412,17.3828,21.2891
513972,19.2383,21.9727
516544,18.0664,22.2656
519128,19.5313,23.3398
521724,19.6289,22.9492
524336,20.4102,25.7813
526960,20.1172,25.3906
529596,21.0938,24.4141
532244,19.8242,22.5586
534908,20.1172,23.3398
537584,19.7266,22.1680
540272,18.9453,22.7539
542976,20.0195,23.9258
545692,18.7500,21.0938
548424,19.6289,23.6328
551168,20.5078,22.1680
553924,20.8984,24.5117
556696,19.6289,22.9492
559480,20.1172,23.3398
562280,20.1172,23.0469
565092,18.1641,20.9961
567920,19.3359,21.6797
570760,20.5078,24.2188
573616,19.8242,24.7070
576488,19.8242,22.0703
579372,20.4102,23.8281
582272,20.0195,23.9258
585184,20.1172,22.8516
588112,20.7031,23.2422
591056,20.2148,23.9258
594012,21.0938,23.7305
596984,20.4102,23.0469
599972,20.8008,24.1211
602972,20.3125,23.1445
605988,19.5313,23.4375
609020,21.0938,24.7070
612068,21.0938,24.7070
615132,20.3125,24.5117
618208,19.8242,22.2656
621300,20.7031,23.7305
624408,20.6055,22.2656
627532,20.3125,22.6563
630672,20.4102,24.2188
633828,20.1172,22.8516
637000,20.8984,23.6328
640188,21.5820,22.7539
643392,19.5313,21.7773
646612,19.7266,23.2422
649848,20.4102,25.2930
653100,21.1914,24.5117
656368,19.7266,22.9492
659652,21.4844,24.7070
662952,21.1914,25.0977
666268,21.0938,22.9492
669600,21.6797,26.1719
672948,20.5078,23.8281
676316,20.4102,24.2188
679700,20.8984,23.7305
683100,20.8984,25.2930
686516,21.4844,24.6094
689952,19.5313,23.3398
693404,21.3867,25.0977
696872,20.5078,24.3164
700360,20.8008,24.7070
703864,21.0938,25.2930
707384,22.1680,25.8789
710924,21.3867,21.9727
714480,19.0430,22.0703
718056,20.8008,24.7070
721648,19.3359,22.5586
725260,19.8242,22.3633
728888,18.8477,22.1680
732536,19.4336,23.0469
736200,19.7266,22.3633
739884,18.3594,21.0938
743584,20.0195,23.4375
747304,20.7031,29.1992
751044,23.7305,25.2930
754800,22.3633,24.0234
758576,18.5547,21.8750
762372,20.4102,22.7539
766184,20.1172,22.5586
770016,21.8750,25.4883
773868,21.0938,25.0977
777740,21.0938,24.5117
781632,20.5078,24.7070
785544,19.8242,22.0703
789472,19.7266,22.7539
793420,23.7305,25.0000
797388,21.0938,24.9023
801376,20.8984,24.5117
805384,21.0938,24.1211
809412,20.9961,23.6328
813460,20.0195,23.9258
817528,21.0938,25.0000
821616,21.5820,25.0977
825728,21.3867,24.7070
829860,19.2383,23.1445
834012,23.4375,23.1445
838184,21.1914,23.9258
842376,20.1172,23.5352
846588,19.7266,24.7070
850824,19.8242,22.2656
855080,20.3125,23.6328
859356,21.4844,25.8789
863656,21.9727,24.9023
867976,21.0938,23.8281
872316,20.7031,25.1953
876680,21.3867,24.6094
881064,20.4102,23.4375
885472,21.0938,25.2930
889900,20.4102,23.9258
894352,18.4570,21.6797
898824,21.7773,24.8047
903320,22.2656,25.3906
907840,20.6055,24.4141
912380,21.6797,26.7578
916944,20.1172,24.3164
921532,20.4102,23.6328
926140,21.7773,26.7578
930772,19.6289,22.3633
935428,20.2148,23.2422
940108,21.0938,24.6094
944812,20.7031,25.0000
949540,21.1914,25.5859
954288,20.9961,24.3164
959060,23.0469,27.9297
963856,20.7031,23.1445
968676,20.7031,23.2422
973520,21.6797,26.0742
978388,22.0703,25.2930
983280,20.8008,25.0977
988200,22.3633,26.1719
993144,20.6055,24.6094
998112,20.0195,24.2188
1003104,21.7773,25.6836
1008120,21.5820,25.2930
1013164,21.7773,26.5625
1018232,21.5820,26.2695
1023324,21.4844,25.0977
1028444,22.3633,26.3672
1033588,22.3633,25.8789
1038756,22.7539,26.2695
1043952,21.6797,26.0742
1049172,23.0469,26.7578
1054420,22.8516,25.5859
1059696,23.0469,26.9531
1064996,22.9492,25.2930
1070324,25.6836,26.1719
1075676,22.7539,26.1719
1081056,22.7539,26.4648
1086464,23.9258,26.8555
1091900,22.1680,25.2930
1097360,23.1445,27.7344
1102848,22.0703,25.1953
1108364,21.6797,23.3398
1113908,21.7773,25.2930
1119480,22.7539,25.4883
1125080,23.0469,26.5625
1130708,22.8516,25.6836
1136364,21.9727,24.7070
1142048,24.4141,25.2930
1147760,22.3633,25.7813
1153500,21.4844,24.9023
1159268,20.5078,23.4375
1165068,22.3633,25.0000
1170896,21.2891,23.1445
1176752,23.9258,26.4648
1182636,21.4844,24.8047
1188552,22.1680,23.3398
1194496,25.5859,25.9766
1200472,22.9492,25.5859
1206476,23.3398,26.1719
1212512,22.0703,24.1211
1218576,23.1445,25.8789
1224672,22.7539,25.8789
1230796,22.5586,26.5625
1236952,22.0703,24.4141
1243140,23.3398,28.2227
1249356,22.3633,24.8047
1255604,21.6797,24.3164
1261884,23.7305,26.4648
1268196,22.4609,25.6836
1274540,23.3398,25.9766
1280916,22.2656,24.9023
1287324,22.7539,26.1719
1293764,22.9492,26.3672
1300236,25.2930,25.2930
1306740,48.3398,29.5898
1313276,22.6563,26.2695
1319844,22.8516,25.5859
1326444,23.2422,27.0508
1333080,23.7305,26.1719
1339748,22.5586,25.8789
1346448,24.0234,26.1719
1353184,25.8789,26.6602
1359952,22.0703,23.9258
1366752,22.8516,25.5859
1373588,22.0703,23.5352
1380456,22.2656,24.9023
1387360,23.1445,27.0508
1394300,33.2031,27.8320
1401272,23.2422,27.8320
1408280,24.7070,32.5195
1415324,22.8516,25.3906
1422404,26.2695,28.0273
1429520,23.0469,26.4648
1436668,23.4375,30.7617
1443852,22.3633,25.7813
1451072,23.5352,26.6602
1458328,24.0234,28.1250
1465620,24.5117,27.3438
1472952,23.2422,26.2695
1480320,24.4141,27.2461
1487724,24.1211,26.8555
1495164,23.2422,25.0977
1502640,22.9492,25.1953
1510156,23.2422,25.0977
1517708,23.3398,26.7578
1525300,24.6094,28.4180
1532928,23.8281,25.9766
1540596,23.3398,25.9766
1548300,23.3398,26.8555
1556044,23.2422,26.6602
1563828,23.8281,27.1484
1571648,24.5117,26.0742
1579508,22.9492,29.1992
1587408,24.0234,27.0508
1595348,23.7305,27.8320
1603328,25.7813,25.9766
1611348,25.7813,28.3203
1619408,24.8047,26.8555
1627508,22.9492,25.0000
1635648,23.9258,27.3438
1643828,23.3398,25.5859
1652048,23.9258,27.9297
1660312,25.1953,27.6367
1668616,25.9766,29.0039
1676960,23.6328,26.6602
1685348,25.0977,28.3203
1693776,24.0234,26.4648
1702248,24.9023,28.2227
1710760,22.9492,26.0742
1719316,24.5117,26.6602
1727916,23.0469,25.1953
1736556,23.4375,25.7813
1745240,24.6094,27.1484
1753968,24.9023,28.1250
1762740,24.5117,26.9531
1771556,22.4609,25.3906
1780416,25.0000,27.5391
1789320,24.5117,27.5391
1798268,25.8789,28.1250
1807260,25.5859,28.3203
1816300,24.0234,27.8320
1825384,25.4883,28.8086
1834512,25.9766,30.9570
1843688,25.0977,26.8555
1852908,24.5117,26.6602
1862176,23.8281,26.3672
1871488,25.0977,27.6367
1880848,24.3164,29.4922
1890256,24.9023,26.6602
1899708,24.6094,27.1484
1909208,24.2188,26.3672
1918756,24.1211,27.0508
1928352,24.8047,27.5391
1937996,23.6328,26.2695
1947688,24.1211,26.8555
1957428,24.7070,27.2461
1967216,23.5352,26.4648
1977056,24.9023,29.0039
1986944,25.0977,28.2227
1996880,25.6836,28.9063
2006868,23.8281,27.4414
2016904,25.5859,29.8828
2026992,26.0742,30.3711
2037128,24.1211,26.9531
2047316,24.2188,28.8086
2057556,25.5859,28.8086
2067844,24.5117,26.8555
2078184,25.2930,28.9063
2088576,25.9766,28.6133
2099020,27.3438,31.3477
2109516,25.2930,30.2734
2120064,24.7070,28.1250
2130668,24.7070,28.2227
2141324,25.0977,28.4180
2152032,25.1953,26.0742
2162796,22.9492,27.7344
2173612,25.0977,29.2969
2184484,24.8047,27.2461
2195408,24.4141,26.1719
2206388,24.8047,28.2227
2217420,26.1719,27.0508
2228508,24.4141,27.3438
2239652,25.4883,31.5430
2250852,24.5117,26.8555
2262108,26.1719,28.9063
2273420,25.3906,28.2227
2284788,24.6094,32.7148
2296212,25.5859,29.0039
2307696,25.4883,27.3438
2319236,27.9297,26.7578
2330836,25.7813,27.6367
2342492,24.7070,27.9297
2354208,25.9766,28.9063
2365980,26.3672,30.2734
2377812,26.1719,28.6133
2389704,25.0000,30.8594
2401656,30.4688,28.7109
2413668,30.2734,30.2734
2425740,29.2969,38.1836
2437872,27.4414,29.2969
2450064,27.2461,29.9805
2462316,26.4648,28.4180
2474628,24.7070,27.7344
2487004,25.9766,27.8320
2499440,26.0742,28.9063
2511940,27.5391,30.8594
2524500,25.9766,30.0781
2537124,24.3164,26.9531
2549812,25.0977,27.0508
2562564,25.8789,28.7109
2575380,31.7383,29.1992
2588260,25.0977,27.5391
2601204,26.3672,28.2227
2614212,24.7070,28.1250
2627284,27.4414,30.2734
2640424,25.9766,29.3945
2653628,26.8555,29.7852
2666900,25.0977,29.0039
2680236,27.9297,31.1523
2693640,26.0742,28.7109
2707112,25.2930,27.9297
2720648,26.0742,29.5898
2734252,25.0000,27.0508
2747924,25.3906,27.7344
2761664,26.8555,27.8320
2775476,25.5859,28.8086
2789356,24.7070,26.6602
2803304,27.0508,30.1758
2817324,25.6836,28.6133
2831412,27.3438,30.2734
2845572,25.1953,27.7344
2859800,28.2227,30.0781
2874100,25.9766,28.0273
2888472,26.0742,28.3203
2902916,26.6602,30.4688
2917432,25.7813,27.6367
2932020,26.8555,30.8594
2946684,26.3672,30.0781
2961420,27.2461,30.4688
2976228,27.2461,29.6875
2991112,27.9297,27.9297
3006068,27.1484,30.3711
3021100,27.4414,32.0313
3036208,26.8555,29.5898
3051392,26.0742,29.4922
3066652,25.0977,27.3438
3081988,27.3438,30.8594
3097400,24.8047,27.6367
3112888,26.9531,29.1992
3128456,24.9023,27.7344
3144100,28.3203,30.6641
3159824,27.9297,32.5195
3175624,27.2461,29.4922
3191504,27.2461,30.4688
3207464,27.8320,30.7617
3223504,26.1719,28.4180
3239624,26.9531,30.3711
3255824,30.1758,31.0547
3272104,25.9766,30.0781
3288468,25.6836,28.4180
3304912,26.2695,29.1016
3321440,26.5625,27.7344
3338048,29.1992,32.6172
3354740,25.6836,29.0039
3371516,26.1719,27.9297
3388376,35.5469,37.2070
3405320,27.9297,29.6875
3422348,28.2227,31.7383
3439460,26.9531,29.7852
3456660,26.5625,28.6133
3473944,28.8086,33.0078
3491316,26.7578,29.7852
3508776,27.8320,30.5664
3526320,26.7578,28.0273
3543952,24.7070,28.0273
3561672,26.6602,28.6133
3579484,28.1250,30.9570
3597384,27.5391,29.3945
3615372,28.4180,30.5664
3633452,26.4648,27.1484
3651620,26.1719,27.8320
3669880,29.2969,31.9336
3688232,27.5391,29.9805
3706676,28.0273,31.0547
3725212,26.9531,32.7148
3743840,28.2227,32.4219
3762560,26.2695,28.5156
3781376,27.7344,31.4453
3800284,26.6602,29.4922
3819288,26.6602,37.4023
3838388,27.7344,30.2734
3857580,26.8555,29.1016
3876868,26.1719,28.7109
3896256,28.5156,31.0547
3915740,28.4180,31.9336
3935320,28.0273,30.9570
3955000,27.7344,30.3711
3974776,28.4180,30.8594
3994652,28.6133,30.6641
4014628,27.7344,32.6172
4034704,28.0273,32.1289
4054880,27.0508,30.7617
4075156,27.8320,30.3711
4095532,29.5898,32.7148
4116012,27.6367,30.7617
4136596,26.3672,29.1992
4157280,27.8320,31.4453
4178068,28.1250,31.2500
4198960,28.7109,33.9844
4219956,28.3203,30.9570
4241056,28.7109,30.9570
4262264,28.4180,32.1289
4283576,27.8320,30.5664
4304996,29.5898,32.6172
4326524,29.3945,33.3008
4348160,28.3203,30.8594
4369904,29.3945,33.1055
4391756,29.6875,33.3008
4413716,27.9297,33.4961
4435788,28.7109,31.0547
4457968,28.4180,32.2266
4480260,28.5156,30.9570
4502664,26.6602,28.9063
4525180,27.9297,30.0781
4547808,28.5156,30.0781
4570548,29.1016,31.7383
4593404,27.8320,30.2734
4616372,27.7344,30.6641
4639456,28.9063,31.4453
4662656,28.1250,30.7617
4685972,27.8320,31.8359
4709404,27.9297,30.4688
4732952,28.8086,32.2266
4756620,28.0273,31.7383
4780404,27.8320,31.4453
4804308,27.7344,31.2500
4828332,28.3203,31.2500
4852476,28.8086,32.2266
4876740,27.9297,30.5664
4901124,29.0039,31.7383
4925632,31.0547,35.0586
4950264,29.6875,33.2031
4975016,30.7617,35.0586
4999892,29.1016,31.3477
5024892,26.5625,28.8086
5050020,31.1523,34.5703
5075272,28.7109,32.3242
5100652,28.2227,30.7617
5126156,27.7344,30.4688
5151788,27.7344,31.1523
5177548,28.4180,30.7617
5203436,30.8594,34.5703
5229456,29.9805,32.9102
5255604,29.0039,32.4219
5281884,28.1250,32.1289
5308296,28.4180,32.1289
5334840,28.3203,31.5430
5361516,27.3438,29.1992
5388324,27.2461,30.1758
5415268,41.1133,35.3516
5442348,35.0586,35.1563
5469560,33.3008,33.9844
5496908,32.4219,34.8633
5524396,30.8594,32.2266
5552020,29.7852,33.4961
5579784,29.1992,32.3242
5607684,31.4453,37.3047
5635724,30.9570,33.4961
5663904,30.0781,33.6914
5692224,28.9063,31.5430
5720688,29.2969,33.0078
5749292,30.7617,34.1797
5778040,27.6367,30.8594
5806932,29.1992,32.7148
5835968,29.8828,34.2773
5865148,28.5156,32.0313
5894476,28.8086,31.0547
5923952,29.7852,33.0078
5953572,30.6641,34.3750
5983340,35.8398,31.1523
6013260,29.0039,31.8359
6043328,28.5156,32.9102
6073548,29.8828,33.1055
6103916,27.8320,30.8594
6134436,30.3711,33.7891
6165112,29.0039,32.8125
6195940,29.0039,32.5195
6226920,28.9063,31.3477
6258056,31.0547,34.1797
6289348,31.5430,32.4219
6320796,27.8320,31.7383
6352400,28.6133,32.4219
6384164,28.5156,31.4453
6416088,29.1992,32.4219
6448172,27.7344,31.5430
6480416,29.2969,31.5430
6512820,29.1016,31.9336
6545388,28.7109,31.3477
6578116,29.5898,33.8867
6611008,30.3711,34.3750
6644064,31.5430,34.5703
6677288,32.2266,37.4023
6710676,29.6875,34.5703
6744232,28.1250,32.2266
6777956,38.6719,34.7656
6811848,28.5156,30.6641
6845908,30.8594,34.4727
6880140,30.6641,34.4727
6914544,29.5898,33.0078
6949120,31.6406,35.7422
6983868,30.1758,35.3516
7018788,30.9570,34.2773
7053884,31.1523,34.0820
7089156,30.1758,34.3750
7124604,30.3711,33.5938
7160228,31.8359,34.6680
7196032,30.1758,34.1797
7232016,32.9102,34.4727
7268180,29.7852,32.8125
7304524,30.1758,34.3750
7341048,30.1758,32.7148
7377756,28.8086,31.3477
7414648,30.2734,34.5703
7451724,29.9805,33.3008
7488984,30.1758,34.3750
7526432,30.0781,33.5938
7564068,30.8594,33.3008
7601892,30.6641,35.8398
7639904,30.1758,33.8867
7678104,29.7852,33.0078
7716496,31.1523,31.7383
7755080,30.6641,33.1055
7793856,31.1523,35.2539
7832828,29.9805,34.0820
7871996,29.2969,32.2266
7911356,28.5156,30.8594
7950916,30.5664,34.9609
7990672,29.9805,31.0547
8030628,30.5664,33.6914
8070784,29.1016,31.9336
8111140,33.5938,34.0820
8151696,33.1055,34.8633
8192456,29.0039,31.4453
8233420,30.6641,35.8398
8274588,30.3711,33.2031
8315964,32.5195,36.3281
8357544,29.1016,32.3242
8399332,30.3711,34.2773
8441332,30.5664,32.6172
8483540,29.2969,32.9102
8525960,28.9063,31.7383
8568592,28.9063,32.0313
8611436,30.0781,32.5195
8654496,29.0039,30.5664
8697772,32.1289,38.0859
8741264,29.0039,30.8594
8784972,30.7617,35.2539
8828900,31.1523,37.1094
8873048,32.8125,37.2070
8917416,30.9570,34.5703
8962004,31.9336,35.7422
9006816,33.0078,34.9609
9051852,31.1523,33.5938
9097112,29.5898,31.6406
9142600,31.2500,33.6914
9188316,30.0781,32.2266
9234260,30.0781,33.3008
9280432,30.7617,33.6914
9326836,32.1289,35.5469
9373472,32.3242,36.4258
9420340,30.5664,33.3984
9467444,30.9570,33.3008
9514784,32.6172,35.5469
9562360,31.9336,34.6680
9610172,32.3242,35.9375
9658224,31.8359,34.3750
9706516,28.3203,30.5664
9755052,33.7891,34.4727
9803828,31.0547,34.0820
9852848,30.5664,33.3984
9902116,31.1523,33.7891
9951628,31.2500,36.1328
10001388,31.6406,34.3750
10051396,32.5195,34.5703
10101656,30.2734,31.8359
10152168,31.0547,33.5938
10202932,32.6172,36.4258
10253948,30.6641,33.9844
10305220,30.3711,33.5938
10356748,29.2969,31.5430
10408532,30.6641,33.1055
10460576,31.3477,32.9102
10512880,29.1016,31.9336
10565448,32.7148,36.5234
10618276,29.9805,31.9336
10671368,32.4219,34.2773
10724728,30.0781,32.6172
10778352,29.1016,31.0547
10832244,31.8359,33.3008
10886408,31.9336,35.4492
10940844,31.1523,32.7148
10995552,30.9570,34.9609
11050532,31.5430,34.3750
11105788,30.7617,33.7891
11161320,31.9336,35.0586
11217128,32.7148,36.6211
11273216,29.8828,33.6914
11329584,31.2500,35.4492
11386232,32.2266,35.0586
11443164,27.8320,30.7617
11500380,33.1055,35.9375
11557884,32.2266,35.4492
11615676,32.4219,34.8633
11673756,32.6172,35.0586
11732128,31.6406,35.1563
11790792,32.7148,34.1797
11849748,33.4961,35.5469
11909000,38.4766,37.5977
11968548,30.8594,33.8867
12028392,31.0547,34.1797
12088536,32.2266,35.5469
12148980,39.7461,37.8906
12209728,36.2305,36.5234
12270780,30.8594,33.5938
12332136,30.9570,33.7891
12393800,31.8359,34.5703
12455772,32.6172,36.4258
12518052,29.8828,31.9336
12580644,33.1055,36.8164
12643548,30.8594,38.9648
12706768,30.8594,35.3516
12770304,32.2266,34.7656
12834156,32.3242,35.6445
12898328,31.1523,34.9609
12962820,32.4219,35.8398
13027636,32.4219,36.0352
13092776,30.0781,32.5195
13158240,33.1055,35.1563
13224032,31.7383,34.3750
13290156,32.1289,36.8164
13356608,32.3242,34.4727
13423392,31.5430,34.4727
13490512,34.7656,35.2539
13557968,32.9102,36.1328
13625760,32.8125,36.4258
13693892,32.1289,33.6914
13762364,30.7617,35.2539
13831176,30.1758,32.4219
13900332,31.5430,35.0586
13969836,32.4219,35.4492
14039688,30.8594,33.3008
14109888,30.3711,33.8867
14180440,31.5430,33.3984
14251344,31.6406,33.3984
14322604,29.4922,33.7891
14394220,30.7617,37.0117
14466192,33.5938,35.0586
14538524,32.7148,37.5977
14611220,32.6172,35.8398
14684280,32.5195,35.5469
14757704,31.2500,33.8867
14831496,33.2031,36.1328
14905656,32.2266,35.6445
14980188,33.0078,36.4258
15055092,33.3984,35.4492
15130368,31.6406,34.6680
15206020,31.1523,34.6680
15282052,31.0547,33.4961
15358464,33.0078,33.6914
15435260,33.1055,36.2305
15512440,35.3516,35.4492
15590004,32.7148,34.4727
15667956,32.8125,37.3047
15746296,32.7148,38.0859
15825028,36.0352,38.7695
15904156,32.5195,36.0352
15983680,31.6406,32.7148
16063600,32.2266,34.8633
16143920,33.7891,36.8164
16224640,35.7422,36.2305
16305764,32.6172,35.9375
16387296,31.9336,37.8906
16469236,33.6914,39.0625
16551584,32.7148,34.7656
16634344,36.1328,39.0625
16717516,33.1055,35.2539
16801104,36.2305,37.7930
16885112,33.5938,37.2070
16969540,34.3750,38.3789
17054388,32.3242,35.3516
17139660,33.7891,38.1836
17225360,32.1289,44.8242
17311488,50.2930,42.7734
17398048,35.0586,37.1094
17485040,35.2539,37.7930
17572468,34.7656,38.4766
17660332,30.8594,33.7891
17748636,35.1563,38.7695
17837380,33.5938,36.7188
17926568,38.6719,41.3086
18016204,35.1563,39.3555
18106288,32.0313,35.6445
18196820,36.1328,39.4531
18287808,41.7969,40.2344
18379248,41.3086,40.4297
18471148,34.6680,35.7422
18563504,31.8359,35.2539
18656324,35.4492,38.2813
18749608,33.5938,36.7188
18843360,33.7891,37.7930
18937580,31.9336,33.6914
19032268,33.8867,37.5977
19127432,34.4727,38.9648
19223072,33.6914,36.8164
19319188,36.8164,38.6719
19415784,33.1055,35.7422
19512864,35.7422,40.0391
19610432,34.0820,39.5508
19708488,34.1797,35.7422
19807032,35.0586,39.5508
19906068,33.0078,35.7422
20005600,34.5703,38.2813
20105628,34.1797,37.7930
20206160,32.4219,36.8164
20307192,33.8867,37.4023
20408728,34.6680,36.9141
20510772,34.2773,36.2305
20613328,34.5703,48.1445
20716396,33.7891,36.3281
20819980,30.7617,34.3750
20924080,36.1328,38.2813
21028704,31.9336,36.7188
21133848,33.5938,38.6719
21239520,34.5703,37.4023
21345720,33.0078,35.0586
21452452,34.5703,37.4023
21559716,32.8125,35.8398
21667516,38.3789,40.0391
21775856,33.3984,37.4023
21884736,33.9844,37.5000
21994160,34.9609,44.7266
22104132,34.1797,38.0859
22214656,32.7148,36.8164
22325732,33.1055,36.7188
22437364,34.9609,41.6016
22549552,34.5703,37.7930
22662300,35.2539,36.5234
22775612,34.5703,38.0859
22889492,36.0352,39.0625
23003940,33.8867,36.8164
23118960,35.3516,41.1133
23234556,33.3008,35.8398
23350732,36.6211,38.2813
23467488,33.4961,37.2070
23584828,36.5234,38.0859
23702756,34.8633,36.2305
23821272,35.1563,38.4766
23940380,34.7656,38.8672
24060084,36.1328,39.8438
24180388,38.6719,41.3086
24301292,34.7656,37.2070
24422800,34.1797,38.2813
24544916,39.6484,41.0156
24667644,42.6758,41.6992
24790984,36.9141,39.4531
24914940,37.9883,39.3555
25039516,39.4531,42.1875
25164716,33.4961,41.3086
25290540,41.5039,40.2344
25416996,43.1641,42.6758
25544084,41.3086,40.9180
25671808,43.3594,43.7500
25800168,44.6289,44.3359
25929172,39.8438,39.4531
26058820,38.7695,41.5039
26189116,38.0859,41.7969
26320064,35.2539,36.1328
26451668,37.1094,45.5078
26583928,37.7930,39.1602
26716848,45.5078,40.5273
26850436,40.0391,42.9688
26984692,36.5234,37.9883
27119616,38.8672,42.6758
27255216,44.2383,45.5078
27391496,54.1992,52.4414
27528456,54.2969,51.1719
27666100,51.2695,49.2188
27804432,46.5820,44.8242
27943456,45.3125,42.2852
28083176,41.9922,40.1367
28223592,45.2148,42.9688
28364712,41.5039,45.4102
28506536,43.9453,43.1641
28649072,46.6797,46.6797
28792320,39.4531,41.0156
28936284,43.1641,45.4102
29080968,46.8750,45.8008
29226376,42.8711,41.8945
29372508,46.3867,46.4844
29519372,42.1875,42.9688
29666972,40.7227,53.4180
29815308,51.1719,46.9727
29964388,41.4063,40.7227
30114212,44.4336,45.1172
30264784,42.0898,51.2695
30416108,54.2969,48.4375
30568192,50.7813,48.7305
30721036,50.5859,54.2969
30874644,51.5625,45.6055
31029020,43.6523,43.3594
31184168,42.3828,41.7969
31340092,47.5586,43.7500
31496796,44.7266,45.8984
31654280,49.5117,45.8984
31812552,47.2656,63.7695
31971616,61.3281,53.2227
32131476,54.5898,50.3906
32292136,71.5820,54.5898
32453600,52.4414,47.6563
32615868,49.2188,55.8594
32778948,63.0859,56.9336
32942844,57.2266,52.1484
33107560,55.4688,52.7344
33273100,52.2461,49.6094
33439468,57.3242,58.3984
33606668,51.1719,49.1211
33774704,54.9805,51.9531
33943580,50.8789,49.8047
34113300,49.3164,56.8359
34283868,74.2188,60.8398
34455288,54.8828,54.2969
34627568,52.4414,63.0859
34800708,58.6914,53.6133
34974712,59.7656,54.6875
35149588,70.0195,58.6914
35325336,61.8164,55.0781
35501964,57.6172,63.7695
35679476,60.5469,56.2500
35857876,58.2031,61.2305
36037168,59.9609,56.8359
36217356,55.7617,51.6602
36398444,55.0781,62.2070
36580440,64.5508,58.3984
36763344,72.2656,60.9375
36947164,58.6914,52.1484
37131900,71.3867,64.2578
37317560,69.6289,61.5234
37504148,66.6016,56.4453
37691672,61.9141,65.1367
37880132,61.2305,60.7422
38069536,57.0313,57.2266
38259884,55.9570,55.9570
38451184,61.5234,64.5508
38643440,73.3398,59.7656
38836660,55.6641,61.1328
39030844,60.0586,67.3828
39226000,66.6016,59.4727
39422132,61.3281,64.8438
39619244,63.0859,59.7656
39817344,61.7188,72.8516
40016432,56.3477,59.4727
40216516,67.0898,84.3750
40417600,64.6484,67.6758
40619688,60.1563,56.8359
40822788,67.7734,65.7227
41026904,84.4727,74.8047
41232040,79.2969,71.1914
41438204,70.9961,62.4023
41645396,75.1953,65.1367
41853624,67.7734,66.2109
42062896,72.7539,66.2109
42273212,93.1641,93.7500
42484580,70.8008,62.5977
42697004,80.8594,70.2148
42910492,79.2969,93.8477
43125048,83.4961,75.6836
43340676,89.5508,102.3438
43557380,80.6641,79.9805
43775168,140.0391,70.8984
43994044,96.3867,84.6680
44214016,84.3750,80.5664
44435088,76.9531,69.4336
44657264,75.5859,72.6563
44880552,82.0313,75.3906
45104956,74.3164,69.1406
45330484,117.2852,80.0781
45557140,99.6094,109.6680
45784928,85.0586,87.5977
46013856,131.2500,80.4688
46243928,88.1836,75.6836
46475148,93.8477,88.2813
46707524,91.6992,106.9336
46941064,78.4180,70.4102
47175772,92.0898,101.0742
47411652,87.7930,90.1367
47648712,81.8359,76.8555
47886956,100.7813,73.7305
48126392,104.6875,78.6133
48367024,83.3984,85.2539
48608860,73.5352,69.9219
48851908,81.0547,80.2734
49096168,79.5898,73.1445
49341652,79.7852,78.3203
49588364,92.3828,85.5469
49836308,88.5742,77.4414
50085492,80.6641,78.6133
50335920,81.8359,74.5117
50587600,80.2734,76.4648
50840540,102.8320,77.2461
51094744,79.1016,78.5156
51350220,82.3242,80.3711
51606972,103.7109,87.8906
51865008,104.6875,88.1836
52124336,92.5781,84.0820
52384960,96.0938,89.3555
52646888,92.4805,83.8867
52910124,89.1602,84.8633
53174676,90.3320,76.6602
53440552,107.3242,85.4492
53707756,86.6211,86.1328
53976296,94.8242,108.3984
54246180,100.6836,94.4336
54517412,92.8711,88.3789
54790000,92.2852,79.2969
55063952,95.8008,92.6758
55339272,104.2969,81.8359
55615972,95.8984,90.4297
55894052,93.8477,99.9023
56173524,83.8867,80.7617
56454392,95.6055,130.1758
56736664,96.6797,90.7227
57020348,91.2109,84.7656
57305452,87.8906,83.0078
57591980,97.2656,81.3477
57879940,101.6602,84.2773
58169340,139.6484,86.6211
58460188,96.4844,95.2148
58752492,99.1211,92.8711
59046256,91.9922,92.6758
59341488,92.9688,120.3125
59638196,95.4102,92.3828
59936388,110.9375,99.4141
60236072,88.8672,82.0313
60537256,101.9531,91.5039
60839944,102.3438,94.2383
61144144,99.7070,88.9648
61449868,117.5781,103.5156
61757120,100.8789,98.7305
62065908,104.9805,105.5664
62376240,93.9453,91.5039
62688124,108.5938,102.1484
63001568,100.3906,87.6953
63316576,99.7070,92.7734
63633160,148.0469,98.3398
63951328,106.7383,95.2148
64271088,102.7344,98.7305
64592444,106.8359,100.5859
64915408,108.8867,97.4609
65239988,109.6680,106.9336
65566188,112.4023,121.0938
65894020,121.4844,91.5039
66223492,102.3438,96.5820
66554612,111.5234,96.7773
66887388,116.8945,97.2656
