4,1.7578,1.6602
8,2.4414,4.4922
12,2.4414,6.2500
16,2.5391,7.1289
20,3.1250,7.3242
24,2.9297,9.1797
28,3.2227,10.3516
32,3.1250,10.1563
36,3.6133,10.5469
40,3.5156,10.5469
44,3.9063,11.0352
48,3.7109,11.7188
52,3.8086,12.2070
56,3.6133,12.0117
60,4.0039,12.8906
64,3.7109,14.0625
68,4.7852,13.5742
72,4.3945,13.7695
76,4.3945,12.7930
80,4.3945,13.3789
84,7.3242,15.7227
88,4.5898,13.4766
92,4.7852,13.4766
96,4.2969,13.9648
100,4.6875,14.3555
104,4.4922,14.2578
108,4.2969,15.0391
112,4.8828,15.0391
116,4.4922,15.0391
120,4.6875,15.5273
124,4.4922,16.0156
128,4.4922,17.2852
132,5.4688,16.6992
136,5.2734,16.6016
140,5.2734,16.0156
144,5.4688,15.5273
148,5.2734,16.2109
152,5.2734,16.5039
156,5.0781,16.4063
160,5.4688,15.9180
164,5.2734,16.5039
168,5.3711,16.3086
172,5.4688,16.0156
176,5.3711,16.2109
180,5.1758,15.7227
184,5.2734,16.6016
188,5.3711,16.5039
192,5.1758,15.8203
196,5.3711,16.2109
200,5.3711,16.7969
204,5.1758,17.3828
208,5.2734,16.8945
212,5.3711,17.2852
216,5.2734,16.7969
220,5.2734,17.8711
224,5.0781,16.7969
228,5.1758,17.8711
232,5.4688,17.7734
236,5.2734,17.4805
240,5.3711,17.5781
244,5.1758,17.6758
248,5.1758,19.1406
252,5.3711,17.8711
256,5.1758,19.3359
260,6.1523,18.7500
264,6.1523,18.5547
268,6.1523,18.9453
272,6.3477,17.6758
276,6.3477,17.9688
280,6.3477,18.9453
284,6.4453,18.1641
288,6.3477,18.1641
292,6.3477,18.0664
296,6.1523,19.0430
300,6.5430,19.7266
304,6.1523,18.2617
308,6.3477,18.5547
312,6.4453,18.8477
316,6.2500,19.0430
320,6.1523,17.4805
324,6.2500,18.6523
328,6.2500,18.4570
332,6.3477,18.3594
336,6.3477,18.3594
340,6.2500,18.7500
344,6.3477,18.8477
348,6.2500,18.5547
352,6.7383,18.7500
356,6.5430,18.7500
360,6.3477,20.0195
364,6.6406,18.3594
368,6.2500,18.4570
372,6.3477,18.1641
376,6.1523,19.3359
380,6.5430,18.2617
384,6.3477,19.3359
388,6.3477,18.6523
392,6.5430,19.2383
396,6.3477,19.2383
400,6.4453,19.1406
404,6.2500,18.3594
408,6.1523,18.5547
412,6.7383,19.4336
416,6.3477,18.9453
420,6.3477,19.7266
424,6.4453,18.5547
428,6.3477,19.5313
432,6.2500,19.0430
436,6.6406,20.6055
440,6.2500,19.3359
444,6.4453,18.9453
448,6.5430,21.0938
452,6.2500,19.3359
456,6.4453,19.5313
460,6.6406,19.3359
464,6.3477,19.1406
468,6.8359,19.0430
472,6.4453,19.7266
476,6.2500,20.5078
480,6.4453,20.4102
484,6.2500,19.6289
488,6.5430,19.2383
492,6.1523,20.2148
496,6.3477,19.7266
500,6.2500,20.5078
504,6.1523,21.2891
508,6.1523,20.3125
512,9.7656,24.1211
516,8.1055,23.0469
520,7.7148,21.6797
524,7.8125,21.6797
528,8.5938,20.3125
532,7.8125,19.3359
536,8.0078,20.1172
540,7.8125,20.8008
544,7.8125,21.8750
548,7.3242,20.6055
552,8.2031,20.1172
556,8.4961,21.2891
560,8.1055,20.5078
564,8.1055,20.5078
568,7.4219,20.0195
572,7.4219,21.6797
576,8.3008,20.8008
580,8.1055,19.9219
584,9.5703,20.7031
588,8.3984,20.0195
592,8.0078,20.8984
596,7.6172,20.9961
600,6.9336,20.5078
604,7.1289,19.6289
608,7.7148,20.3125
612,8.3984,20.7031
616,8.3008,20.5078
620,8.2031,21.2891
624,7.5195,20.3125
628,8.0078,21.4844
632,7.5195,21.0938
636,7.9102,20.6055
640,8.2031,20.6055
644,8.0078,20.9961
648,7.0313,20.0195
652,7.0313,20.1172
656,8.1055,21.6797
660,8.1055,20.8984
664,7.7148,21.6797
668,7.5195,21.2891
672,8.3008,20.8984
676,8.3008,20.6055
680,8.1055,20.4102
684,8.0078,20.6055
688,8.1055,20.8984
692,7.8125,21.3867
696,7.8125,20.8984
700,8.2031,21.5820
704,7.7148,21.5820
708,7.8125,20.5078
712,7.5195,21.0938
716,8.0078,21.1914
720,7.7148,20.3125
724,8.1055,21.2891
728,7.1289,20.8984
732,8.4961,21.6797
736,7.5195,21.9727
740,7.5195,20.5078
744,7.8125,21.8750
748,8.1055,22.5586
752,7.7148,21.6797
756,8.0078,21.0938
760,8.0078,21.8750
764,7.6172,20.4102
768,7.4219,21.6797
772,7.0313,20.7031
776,8.2031,21.1914
780,8.0078,21.3867
784,8.2031,21.9727
788,7.7148,21.0938
792,7.9102,20.5078
796,8.3984,21.9727
800,7.4219,20.8984
804,8.0078,22.0703
812,7.6172,22.0703
820,8.0078,21.8750
828,7.9102,22.1680
836,7.7148,22.4609
844,7.6172,22.2656
852,7.3242,21.8750
860,8.0078,21.9727
868,8.0078,22.6563
876,7.9102,21.8750
884,8.0078,23.3398
892,7.5195,28.4180
900,7.7148,23.6328
908,7.8125,22.3633
916,8.0078,23.4375
924,7.8125,20.7031
932,8.2031,22.7539
940,7.4219,22.8516
948,7.6172,23.8281
956,7.7148,22.2656
964,8.1055,23.3398
972,8.1055,23.0469
980,8.5938,22.6563
988,8.0078,22.5586
996,8.2031,22.0703
1004,8.5938,22.9492
1012,8.4961,27.2461
1020,7.8125,23.2422
1028,9.4727,23.5352
1036,9.7656,24.2188
1044,9.8633,23.8281
1052,9.5703,23.6328
1060,9.4727,24.0234
1068,9.3750,23.0469
1076,9.7656,23.5352
1084,9.2773,21.4844
1092,9.8633,21.8750
1100,9.5703,23.9258
1108,9.5703,23.3398
1116,9.8633,26.9531
1124,9.3750,23.7305
1132,9.5703,22.9492
1140,9.8633,23.6328
1148,9.7656,23.5352
1156,9.8633,22.3633
1164,9.0820,22.7539
1172,9.1797,23.9258
1180,9.3750,23.6328
1188,10.1563,22.3633
1196,9.4727,23.4375
1204,9.7656,23.0469
1212,9.6680,23.7305
1220,9.6680,24.0234
1228,9.7656,22.6563
1236,9.8633,23.8281
1244,10.0586,22.7539
1252,9.6680,23.4375
1260,11.3281,23.7305
1268,9.2773,22.7539
1276,9.2773,23.2422
1284,9.2773,24.2188
1292,9.5703,22.9492
1300,9.5703,22.9492
1308,9.1797,23.0469
1316,9.6680,23.6328
1324,9.9609,23.4375
1332,9.4727,22.4609
1340,9.2773,23.2422
1348,9.2773,23.2422
1356,9.6680,23.8281
1364,9.1797,23.7305
1372,9.3750,22.6563
1380,9.1797,24.4141
1388,9.8633,24.0234
1396,9.5703,23.8281
1404,10.0586,22.6563
1412,10.1563,23.7305
1420,9.0820,24.0234
1428,10.0586,23.2422
1436,9.4727,23.8281
1444,9.3750,23.7305
1452,9.9609,23.8281
1460,9.7656,24.2188
1468,9.3750,23.2422
1476,9.6680,23.2422
1484,9.6680,24.8047
1492,9.1797,24.1211
1500,10.1563,24.2188
1508,9.3750,23.4375
1516,9.3750,24.2188
1524,9.5703,24.3164
1532,9.4727,24.3164
1540,9.8633,24.1211
1548,9.5703,23.9258
1556,10.0586,23.7305
1564,9.4727,23.5352
1572,9.6680,23.7305
1580,9.6680,24.0234
1588,9.7656,24.9023
1596,9.3750,23.8281
1604,9.0820,24.8047
1616,9.9609,24.1211
1628,9.8633,24.1211
1640,9.6680,23.7305
1652,9.7656,23.7305
1664,9.8633,24.2188
1676,9.6680,23.8281
1688,9.2773,24.8047
1700,9.0820,24.5117
1712,9.3750,23.7305
1724,9.7656,24.6094
1736,9.7656,24.4141
1748,9.6680,23.9258
1760,9.7656,24.4141
1772,9.6680,25.0977
1784,9.2773,24.5117
1796,9.9609,25.5859
1808,9.5703,24.3164
1820,9.4727,26.4648
1832,9.3750,24.1211
1844,9.7656,24.3164
1856,9.0820,24.0234
1868,10.4492,25.8789
1880,9.5703,23.9258
1892,9.7656,24.1211
1904,9.6680,24.8047
1916,9.2773,24.8047
1928,9.6680,26.0742
1940,9.7656,24.6094
1952,9.5703,24.1211
1964,9.5703,25.0000
1976,9.3750,24.6094
1988,9.8633,25.9766
2000,9.3750,26.6602
2012,9.3750,25.0000
2024,9.3750,24.6094
2036,9.3750,24.0234
2048,9.9609,27.4414
2060,10.9375,26.0742
2072,11.6211,25.1953
2084,11.2305,26.5625
2096,11.7188,26.2695
2108,11.8164,27.2461
2120,11.9141,25.2930
2132,11.8164,26.4648
2144,12.4023,26.8555
2156,11.0352,26.6602
2168,11.4258,25.6836
2180,12.4023,25.9766
2192,12.3047,25.4883
2204,11.3281,25.2930
2216,11.7188,25.3906
2228,11.6211,25.9766
2240,11.7188,25.1953
2252,11.7188,25.0000
2264,11.8164,26.3672
2276,12.0117,25.6836
2288,11.4258,26.3672
2300,12.2070,26.2695
2312,11.9141,26.2695
2324,11.8164,24.9023
2336,11.8164,26.5625
2348,13.5742,25.4883
2360,11.8164,25.3906
2372,11.9141,25.7813
2384,11.4258,25.8789
2396,11.7188,25.0000
2408,11.0352,24.5117
2424,11.5234,25.6836
2440,12.5977,26.8555
2456,11.2305,25.0000
2472,11.7188,26.1719
2488,11.5234,25.4883
2504,11.5234,25.0977
2520,11.7188,25.0000
2536,12.0117,25.3906
2552,11.6211,27.5391
2568,11.4258,25.1953
2584,11.5234,25.9766
2600,11.4258,25.4883
2616,11.7188,26.1719
2632,11.4258,26.7578
2648,11.5234,26.7578
2664,11.9141,25.6836
2680,10.8398,25.5859
2696,11.0352,26.5625
2712,11.7188,25.1953
2728,11.6211,26.0742
2744,11.2305,26.9531
2760,11.8164,25.7813
2776,11.7188,27.4414
2792,12.2070,26.9531
2808,11.7188,26.6602
2824,12.5000,26.8555
2840,11.9141,25.8789
2856,11.6211,26.4648
2872,11.9141,24.3164
2888,12.0117,26.2695
2904,12.2070,26.3672
2920,11.2305,27.5391
2936,12.0117,25.5859
2952,11.6211,25.4883
2968,12.2070,25.7813
2984,11.8164,25.3906
3000,11.4258,25.0000
3016,12.5977,26.6602
3032,11.6211,27.4414
3048,11.7188,26.4648
3064,11.6211,27.1484
3080,12.3047,26.2695
3096,11.1328,25.8789
3112,11.8164,27.3438
3128,11.9141,26.3672
3144,12.3047,28.0273
3160,11.6211,26.9531
3176,11.8164,26.4648
3192,10.6445,26.9531
3208,12.2070,26.8555
3228,11.6211,26.5625
3248,11.7188,26.7578
3268,12.0117,27.6367
3288,11.6211,27.3438
3308,11.8164,28.0273
3328,12.1094,27.2461
3348,11.8164,26.3672
3368,11.0352,26.4648
3388,11.2305,28.2227
3408,11.7188,27.3438
3428,11.6211,25.1953
3448,10.5469,25.2930
3468,11.9141,26.6602
3488,11.0352,26.7578
3508,11.3281,27.7344
3528,11.6211,26.6602
3548,10.9375,27.2461
3568,11.6211,27.4414
3588,11.8164,27.2461
3608,11.8164,27.1484
3628,12.4023,26.9531
3648,11.5234,26.7578
3668,12.4023,26.9531
3688,11.8164,27.9297
3708,11.7188,29.1016
3728,11.6211,29.9805
3748,11.8164,26.7578
3768,11.4258,27.1484
3788,21.0938,27.8320
3808,12.3047,27.7344
3828,11.5234,26.9531
3848,11.0352,26.6602
3868,10.2539,27.7344
3888,11.8164,27.0508
3908,11.9141,27.9297
3928,12.1094,26.9531
3948,11.7188,27.4414
3968,11.9141,27.5391
3988,11.2305,27.0508
4008,11.4258,28.0273
4032,11.9141,28.7109
4056,12.1094,27.8320
4080,11.2305,27.3438
4104,14.3555,29.7852
4128,14.1602,29.1016
4152,13.5742,27.6367
4176,13.9648,28.0273
4200,13.6719,28.3203
4224,13.5742,27.7344
4248,14.1602,27.2461
4272,14.6484,29.1992
4296,13.5742,27.1484
4320,13.9648,28.6133
4344,13.9648,27.2461
4368,13.5742,28.0273
4392,15.5273,28.4180
4416,13.9648,27.5391
4440,13.9648,28.2227
4464,14.1602,29.4922
4488,13.5742,28.3203
4512,13.8672,29.3945
4536,13.8672,28.8086
4560,13.3789,27.0508
4584,14.2578,28.6133
4608,14.1602,28.4180
4632,13.8672,28.1250
4656,14.1602,28.8086
4680,13.5742,28.4180
4704,14.1602,31.2500
4728,12.9883,28.2227
4752,13.8672,28.3203
4776,13.7695,27.7344
4800,12.9883,28.6133
4824,13.9648,29.1016
4852,13.6719,28.3203
4880,13.3789,28.5156
4908,14.3555,27.7344
4936,13.9648,28.6133
4964,13.7695,28.8086
4992,13.5742,28.5156
5020,13.0859,26.9531
5048,13.2813,28.7109
5076,13.7695,28.9063
5104,13.5742,28.5156
5132,14.0625,29.1016
5160,13.7695,29.2969
5188,13.5742,29.2969
5216,13.7695,28.5156
5244,14.0625,28.1250
5272,14.1602,29.2969
5300,14.2578,29.1016
5328,13.3789,28.3203
5356,14.0625,28.5156
5384,13.6719,29.1016
5412,14.0625,28.8086
5440,14.0625,28.7109
5468,14.1602,28.7109
5496,13.8672,28.7109
5524,13.8672,28.7109
5552,13.9648,29.2969
5580,13.5742,28.6133
5608,13.5742,27.9297
5640,13.6719,27.8320
5672,13.8672,28.3203
5704,14.0625,27.7344
5736,13.3789,29.1016
5768,13.8672,28.6133
5800,13.5742,28.9063
5832,15.4297,28.3203
5864,14.2578,29.3945
5896,14.0625,28.5156
5928,13.0859,28.4180
5960,13.9648,28.4180
5992,13.8672,29.5898
6024,14.1602,29.1016
6056,13.7695,28.4180
6088,14.1602,28.8086
6120,16.6992,29.5898
6152,13.9648,28.6133
6184,13.8672,28.4180
6216,13.8672,29.7852
6248,13.1836,33.9844
6280,13.9648,29.1016
6312,13.3789,29.6875
6344,13.2813,28.0273
6376,14.0625,29.3945
6408,13.8672,29.4922
6444,13.8672,29.1992
6480,13.6719,28.2227
6516,13.1836,28.7109
6552,14.0625,29.0039
6588,13.9648,28.9063
6624,13.9648,28.4180
6660,13.3789,28.8086
6696,14.1602,30.6641
6732,14.3555,30.0781
6768,13.4766,29.1992
6804,14.4531,29.1992
6840,14.0625,30.3711
6876,13.8672,29.7852
6912,14.1602,29.8828
6948,13.5742,27.5391
6984,13.8672,28.9063
7020,13.6719,29.6875
7056,14.0625,29.1992
7092,13.0859,31.6406
7128,13.8672,29.4922
7164,13.8672,32.5195
7200,13.1836,29.7852
7236,13.8672,29.4922
7276,14.1602,29.7852
7316,14.1602,29.1992
7356,13.6719,29.3945
7396,13.6719,29.6875
7436,13.7695,28.9063
7476,13.2813,30.3711
7516,13.2813,29.2969
7556,14.0625,28.7109
7596,13.9648,29.5898
7636,13.9648,30.3711
7676,13.6719,32.1289
7716,13.6719,31.2500
7756,13.2813,29.7852
7796,13.7695,31.2500
7836,13.9648,29.0039
7876,14.2578,29.5898
7916,13.1836,29.4922
7956,13.8672,30.3711
7996,14.3555,29.6875
8036,13.5742,30.1758
8080,13.7695,29.3945
8124,13.5742,29.3945
8168,13.7695,29.9805
8212,16.3086,32.6172
8256,15.5273,31.4453
8300,15.4297,30.0781
8344,15.5273,31.1523
8388,15.5273,29.8828
8432,16.0156,30.9570
8476,15.7227,31.4453
8520,16.0156,31.1523
8564,15.3320,29.3945
8608,16.7969,31.5430
8652,15.8203,30.8594
8696,15.8203,30.0781
8740,15.5273,29.4922
8784,16.3086,30.0781
8828,15.4297,30.2734
8876,16.3086,31.5430
8924,16.0156,30.1758
8972,16.5039,30.7617
9020,15.9180,29.8828
9068,15.9180,29.3945
9116,16.1133,30.2734
9164,15.2344,29.2969
9212,16.0156,30.6641
9260,15.6250,29.0039
9308,16.2109,31.3477
9356,16.2109,31.1523
9404,15.5273,30.6641
9452,16.2109,30.4688
9500,16.3086,30.6641
9548,15.6250,31.7383
9596,15.4297,29.9805
9644,15.6250,31.1523
9696,15.0391,29.1016
9748,21.0938,30.8594
9800,16.7969,30.6641
9852,16.2109,31.6406
9904,15.8203,30.1758
9956,15.8203,32.6172
10008,15.7227,29.6875
10060,15.9180,29.7852
10112,16.0156,29.9805
10164,15.7227,30.6641
10216,15.5273,29.8828
10268,16.2109,29.3945
10320,15.6250,30.3711
10372,16.0156,29.5898
10424,16.6016,30.8594
10480,16.3086,31.3477
10536,16.2109,29.7852
10592,15.0391,30.5664
10648,15.8203,29.1016
10704,15.9180,30.5664
10760,16.2109,31.1523
10816,16.3086,32.0313
10872,15.3320,31.3477
10928,14.7461,29.6875
10984,15.7227,30.2734
11040,15.4297,30.2734
11096,15.8203,29.7852
11152,15.3320,31.0547
11208,16.0156,30.1758
11268,16.1133,30.7617
11328,15.6250,30.2734
11388,16.0156,31.1523
11448,15.4297,30.0781
11508,16.0156,30.9570
11568,15.5273,29.9805
11628,15.6250,30.2734
11688,15.9180,30.7617
11748,16.2109,30.1758
11808,15.3320,30.4688
11868,15.4297,30.1758
11928,16.0156,31.0547
11988,16.2109,31.1523
12048,15.1367,29.9805
12112,15.1367,29.8828
12176,16.3086,30.6641
12240,15.4297,29.5898
12304,16.2109,31.3477
12368,15.2344,31.1523
12432,15.8203,31.3477
12496,15.5273,30.7617
12560,15.4297,29.9805
12624,15.6250,29.8828
12688,14.8438,29.7852
12752,16.3086,32.0313
12816,16.1133,31.8359
12884,15.9180,33.2031
12952,16.5039,31.9336
13020,16.1133,30.8594
13088,16.0156,31.3477
13156,16.0156,31.4453
13224,15.8203,31.0547
13292,15.9180,29.6875
13360,15.7227,30.2734
13428,16.0156,30.1758
13496,16.1133,31.0547
13564,15.7227,30.7617
13632,16.2109,30.9570
13704,16.2109,32.4219
13776,16.1133,31.5430
13848,15.2344,31.2500
13920,15.4297,31.1523
13992,16.0156,31.2500
14064,15.7227,30.2734
14136,16.3086,30.8594
14208,15.9180,29.6875
14280,15.5273,31.0547
14352,15.9180,31.0547
14424,15.7227,32.1289
14500,16.4063,32.3242
14576,15.7227,32.0313
14652,17.1875,30.8594
14728,16.4063,33.1055
14804,16.2109,32.3242
14880,16.6992,31.8359
14956,16.0156,30.5664
15032,15.2344,31.6406
15108,16.1133,31.7383
15184,15.7227,31.7383
15260,15.5273,30.8594
15340,14.7461,32.4219
15420,15.7227,31.2500
15500,16.2109,32.0313
15580,15.6250,31.7383
15660,15.9180,31.7383
15740,16.3086,31.9336
15820,15.7227,32.6172
15900,15.1367,31.6406
15980,15.3320,30.9570
16060,16.5039,31.9336
16144,14.9414,32.0313
16228,16.6016,31.3477
16312,15.5273,31.3477
16396,18.9453,33.3008
16480,19.1406,32.5195
16564,18.2617,33.9844
16648,19.5313,33.6914
16732,17.6758,30.4688
16816,18.1641,31.9336
16904,18.5547,32.5195
16992,17.4805,32.6172
17080,17.1875,31.2500
17168,18.1641,32.4219
17256,18.5547,32.5195
17344,18.3594,32.1289
17432,18.4570,33.2031
17520,17.6758,32.0313
17608,20.5078,33.1055
17700,18.2617,31.3477
17792,17.9688,31.1523
17884,18.1641,32.1289
17976,18.7500,32.3242
18068,18.1641,30.7617
18160,18.0664,31.9336
18252,18.9453,32.1289
18344,18.4570,31.4453
18436,17.3828,32.3242
18532,18.3594,32.7148
18628,18.2617,31.3477
18724,18.9453,34.0820
18820,18.1641,32.7148
18916,17.4805,30.9570
19012,17.9688,32.4219
19108,17.5781,30.7617
19204,18.4570,32.4219
19304,17.9688,32.1289
19404,18.1641,32.3242
19504,18.2617,33.0078
19604,18.4570,33.5938
19704,17.7734,32.4219
19804,17.8711,33.3008
19904,18.4570,31.5430
20004,18.0664,31.2500
20108,18.1641,33.4961
20212,17.9688,31.9336
20316,18.1641,33.5938
20420,18.7500,33.2031
20524,18.6523,32.3242
20628,17.7734,32.5195
20732,18.8477,33.1055
20836,17.4805,33.1055
20944,17.8711,32.8125
21052,19.2383,37.1094
21160,18.7500,32.9102
21268,17.9688,32.6172
21376,18.2617,33.5938
21484,18.2617,33.1055
21592,17.9688,32.0313
21700,17.8711,31.9336
21812,17.9688,32.4219
21924,18.0664,32.4219
22036,18.0664,33.8867
22148,18.0664,32.0313
22260,18.6523,33.8867
22372,20.2148,32.0313
22484,18.4570,32.7148
22600,18.6523,33.8867
22716,18.3594,33.2031
22832,18.1641,32.7148
22948,17.5781,32.0313
23064,19.7266,32.0313
23180,17.7734,32.3242
23296,17.7734,33.5938
23416,19.0430,34.7656
23536,17.8711,31.8359
23656,17.7734,33.2031
23776,17.3828,32.2266
23896,18.9453,33.4961
24016,18.7500,33.3984
24140,18.1641,33.2031
24264,18.3594,33.1055
24388,17.3828,32.8125
24512,17.5781,32.9102
24636,18.3594,34.2773
24760,18.4570,33.9844
24884,18.5547,33.6914
25012,18.2617,32.8125
25140,17.9688,34.0820
25268,17.9688,31.8359
25396,17.7734,33.7891
25524,17.9688,31.7383
25652,18.5547,34.7656
25784,18.2617,34.4727
25916,18.1641,33.1055
26048,17.4805,32.4219
26180,18.6523,33.1055
26312,18.3594,33.4961
26444,17.9688,31.5430
26580,17.7734,36.5234
26716,17.9688,32.8125
26852,17.9688,33.0078
26988,18.2617,34.0820
27124,17.3828,32.6172
27260,16.8945,32.3242
27400,17.8711,32.8125
27540,18.4570,35.1563
27680,18.2617,33.6914
27820,17.6758,33.8867
27960,18.0664,33.4961
28100,17.1875,32.5195
28244,18.7500,34.5703
28388,17.9688,32.6172
28532,18.2617,34.0820
28676,18.0664,33.3008
28820,18.5547,33.3008
28968,18.0664,33.9844
29116,18.7500,33.3008
29264,17.8711,33.4961
29412,18.2617,34.9609
29560,18.4570,32.7148
29708,18.2617,33.3008
29860,17.5781,37.5000
30012,18.1641,32.7148
30164,18.1641,32.2266
30316,18.1641,33.7891
30468,17.6758,33.3008
30624,18.0664,33.3984
30780,17.6758,32.5195
30936,18.1641,32.7148
31092,17.6758,31.8359
31248,18.5547,34.4727
31408,17.5781,34.2773
31568,18.8477,36.4258
31728,18.2617,33.7891
31888,17.9688,34.1797
32048,19.0430,34.2773
32212,17.2852,32.6172
32376,17.4805,31.5430
32540,17.7734,32.5195
32704,19.0430,34.2773
32868,20.9961,34.6680
33036,20.7031,33.9844
33204,20.7031,34.3750
33372,20.6055,33.7891
33540,20.4102,34.6680
33708,20.9961,34.8633
33880,20.1172,33.8867
34052,20.4102,34.2773
34224,19.8242,32.9102
34396,24.7070,36.4258
34568,20.2148,34.0820
34744,19.3359,33.5938
34920,20.2148,33.9844
35096,21.2891,35.1563
35272,20.4102,33.3008
35452,20.5078,36.7188
35632,20.4102,34.3750
35812,20.4102,35.0586
35992,20.8984,34.1797
36172,20.3125,33.8867
36356,20.8984,34.8633
36540,20.5078,33.5938
36724,19.8242,34.2773
36908,20.6055,35.0586
37096,21.3867,35.5469
37284,20.2148,34.6680
37472,20.1172,36.5234
37660,20.3125,33.2031
37852,20.0195,34.0820
38044,19.9219,34.3750
38236,20.0195,34.9609
38428,20.8008,35.5469
38624,19.4336,33.9844
38820,20.9961,34.3750
39016,20.4102,34.5703
39212,21.1914,34.9609
39412,19.6289,35.1563
39612,20.8984,37.5000
39812,20.0195,35.5469
40012,20.6055,34.2773
40216,20.4102,34.6680
40420,20.0195,34.5703
40624,20.8008,35.4492
40828,20.1172,34.5703
41036,20.8008,35.4492
41244,21.3867,34.9609
41452,21.1914,35.7422
41660,20.8984,35.5469
41872,22.4609,35.6445
42084,20.0195,34.7656
42296,20.0195,34.9609
42508,20.2148,35.3516
42724,20.5078,36.9141
42940,20.5078,36.5234
43156,21.5820,36.4258
43372,20.9961,34.3750
43592,19.7266,35.0586
43812,20.7031,35.8398
44032,19.6289,34.8633
44256,24.2188,35.1563
44480,20.1172,34.4727
44704,20.1172,36.1328
44928,21.3867,35.6445
45156,20.1172,34.6680
45384,19.7266,33.8867
45612,21.1914,35.9375
45844,20.9961,35.6445
46076,20.8008,35.5469
46308,21.1914,36.9141
46540,20.2148,35.7422
46776,22.2656,35.2539
47012,20.7031,36.7188
47248,20.1172,36.1328
47488,20.9961,36.6211
47728,20.3125,37.0117
47968,19.7266,35.3516
48208,20.2148,34.2773
48452,20.9961,35.5469
48696,21.0938,35.8398
48940,20.2148,36.8164
49188,20.1172,34.0820
49436,20.3125,36.1328
49684,20.7031,36.8164
49936,21.4844,36.9141
50188,21.6797,37.4023
50440,23.0469,36.4258
50696,20.6055,35.8398
50952,21.0938,36.2305
51208,20.7031,36.7188
51468,20.5078,36.3281
51728,20.9961,35.6445
51988,20.3125,37.2070
52248,20.6055,35.7422
52512,21.7773,37.8906
52776,20.1172,36.0352
53040,20.4102,36.0352
53308,20.3125,35.8398
53576,20.7031,36.2305
53844,20.8984,37.5000
54116,20.1172,36.3281
54388,20.6055,35.3516
54660,20.4102,36.0352
54936,20.2148,36.5234
55212,21.0938,36.8164
55492,20.6055,35.9375
55772,20.8984,36.6211
56052,20.6055,37.7930
56336,20.3125,35.0586
56620,20.6055,37.1094
56904,20.3125,35.1563
57192,21.3867,36.4258
57480,20.9961,36.9141
57768,20.6055,36.0352
58060,23.1445,37.9883
58352,19.2383,34.8633
58644,20.6055,35.1563
58940,21.1914,38.2813
59236,21.8750,38.0859
59536,21.0938,35.6445
59836,21.0938,37.7930
60136,20.2148,35.2539
60440,19.9219,37.3047
60744,21.1914,37.2070
61048,20.8008,36.5234
61356,20.5078,36.5234
61664,20.0195,35.2539
61976,20.3125,37.3047
62288,20.1172,35.6445
62600,20.4102,36.2305
62916,20.9961,36.7188
63232,20.9961,37.7930
63552,20.7031,38.1836
63872,20.9961,38.0859
64192,20.8008,37.4023
64516,22.8516,36.5234
64840,20.8984,37.4023
65168,21.1914,37.9883
65496,23.0469,37.7930
65824,24.7070,39.4531
66156,23.5352,39.5508
66488,23.2422,39.4531
66824,23.1445,37.7930
67160,23.2422,39.9414
67496,23.3398,39.0625
67836,23.1445,38.7695
68176,22.5586,37.5977
68520,23.4375,39.3555
68864,23.4375,39.0625
69212,23.3398,39.6484
69560,23.4375,39.3555
69908,23.7305,38.7695
70260,23.0469,38.9648
70612,22.7539,38.0859
70968,22.5586,38.2813
71324,23.2422,46.8750
71684,22.4609,39.3555
72044,23.6328,41.5039
72408,32.4219,41.9922
72772,23.2422,39.8438
73136,22.4609,40.0391
73504,22.6563,39.7461
73872,22.9492,39.2578
74244,23.4375,40.6250
74616,23.3398,39.1602
74992,25.9766,39.0625
75368,22.6563,39.0625
75748,23.1445,39.4531
76128,22.3633,40.3320
76512,23.7305,39.8438
76896,22.9492,38.0859
77284,23.1445,38.3789
77672,24.0234,38.3789
78064,22.7539,37.7930
78456,22.9492,39.3555
78852,22.3633,38.9648
79248,23.4375,40.2344
79648,22.8516,39.6484
80048,23.6328,40.7227
80452,22.7539,40.5273
80856,23.0469,40.5273
81264,22.8516,40.0391
81672,22.7539,39.1602
82084,22.8516,39.1602
82496,23.3398,40.6250
82912,24.2188,40.2344
83328,23.2422,40.5273
83748,23.6328,40.3320
84168,23.6328,40.8203
84592,23.6328,40.4297
85016,24.0234,41.6016
85444,23.8281,40.6250
85872,23.6328,41.2109
86304,22.4609,39.1602
86736,23.7305,41.7969
87172,23.3398,40.0391
87608,22.8516,40.0391
88048,23.4375,39.3555
88492,23.6328,41.6016
88936,23.4375,41.5039
89384,22.5586,39.3555
89832,22.6563,39.6484
90284,23.2422,38.7695
90736,23.0469,39.9414
91192,23.3398,40.9180
91648,23.4375,40.1367
92108,22.4609,39.7461
92572,23.4375,41.3086
93036,23.5352,40.7227
93504,23.1445,40.7227
93972,22.5586,41.5039
94444,23.6328,40.0391
94920,22.8516,40.3320
95396,23.8281,40.8203
95876,23.0469,45.3125
96356,22.7539,38.8672
96840,23.1445,41.4063
97328,23.3398,40.1367
97816,22.8516,40.7227
98308,23.6328,39.9414
98800,23.1445,40.0391
99296,22.4609,38.6719
99796,23.7305,40.9180
100296,22.8516,40.3320
100800,24.7070,40.9180
101304,23.9258,41.0156
101812,22.7539,42.7734
102324,23.2422,40.2344
102836,23.3398,41.4063
103352,22.8516,41.1133
103872,22.4609,39.6484
104392,23.0469,40.6250
104916,24.3164,41.6992
105444,23.8281,40.7227
105972,22.7539,41.1133
106504,23.8281,41.1133
107040,22.1680,39.2578
107576,24.7070,42.6758
108116,23.3398,41.0156
108660,22.4609,40.1367
109204,22.9492,41.3086
109752,23.9258,41.2109
110304,23.2422,40.2344
110856,22.6563,42.1875
111412,22.5586,40.7227
111972,22.7539,42.0898
112532,23.3398,41.6016
113096,23.4375,42.0898
113664,23.6328,41.6016
114236,23.6328,40.6250
114808,24.2188,42.9688
115384,23.8281,40.9180
115964,22.8516,40.5273
116544,23.0469,42.7734
117128,23.2422,40.3320
117716,23.9258,42.3828
118308,22.9492,42.1875
118900,23.4375,42.0898
119496,22.4609,39.9414
120096,22.9492,39.9414
120700,22.5586,40.5273
121304,23.2422,41.5039
121912,23.8281,41.6992
122524,24.9023,40.9180
123140,22.6563,40.5273
123756,23.3398,41.3086
124376,23.9258,42.0898
125000,22.9492,41.4063
125628,22.9492,40.5273
126260,23.7305,41.5039
126892,23.5352,42.6758
127528,23.2422,41.7969
128168,22.5586,39.5508
128812,22.4609,42.6758
129460,22.6563,41.7969
130108,23.1445,41.2109
130760,22.6563,41.7969
131416,27.4414,41.1133
132076,28.3203,44.5313
132740,25.2930,40.0391
133404,25.7813,41.6992
134072,26.2695,42.5781
134744,27.8320,41.0156
135420,24.7070,41.2109
136100,26.6602,42.3828
136784,26.3672,42.2852
137468,25.8789,42.5781
138156,27.6367,43.1641
138848,26.1719,41.9922
139544,25.0977,41.6016
140244,26.1719,40.7227
140948,27.2461,44.9219
141656,26.8555,43.8477
142368,28.2227,43.6523
143080,25.4883,40.9180
143796,25.9766,42.5781
144516,25.9766,42.8711
145240,24.8047,41.5039
145968,24.6094,39.6484
146700,25.7813,41.0156
147436,25.8789,43.7500
148176,26.3672,42.4805
148920,25.4883,41.7969
149668,26.3672,42.9688
150420,26.3672,42.9688
151176,25.7813,42.4805
151932,25.9766,43.7500
152692,25.2930,40.5273
153456,26.3672,42.5781
154224,25.4883,41.7969
154996,33.5938,45.0195
155772,26.4648,43.7500
156552,26.0742,41.3086
157336,26.8555,43.8477
158124,25.9766,41.8945
158916,27.1484,44.1406
159712,25.6836,43.3594
160512,25.4883,41.9922
161316,27.7344,46.1914
162124,26.3672,43.4570
162936,26.1719,42.9688
163752,25.5859,44.0430
164572,26.6602,41.6016
165396,26.3672,43.9453
166224,25.3906,42.8711
167056,26.1719,41.5039
167892,25.9766,41.9922
168732,26.0742,43.0664
169576,25.8789,42.8711
170424,25.5859,43.4570
171280,26.3672,44.1406
172140,26.3672,43.4570
173004,27.0508,43.7500
173872,25.8789,42.4805
174744,27.8320,44.5313
175620,26.2695,43.0664
176500,26.8555,43.8477
177384,26.2695,43.8477
178272,25.6836,43.1641
179164,26.5625,43.4570
180060,26.6602,43.0664
180964,26.2695,42.6758
181872,26.4648,44.1406
182784,25.9766,43.1641
183700,26.3672,41.2109
184620,25.3906,43.4570
185544,26.1719,44.2383
186472,26.5625,43.9453
187408,26.6602,43.5547
188348,26.4648,43.8477
189292,25.9766,43.5547
190240,25.5859,42.0898
191192,25.8789,44.0430
192148,26.6602,44.1406
193112,27.0508,44.9219
194080,26.4648,42.8711
195052,26.7578,51.4648
196028,26.0742,42.4805
197012,25.8789,44.1406
198000,25.6836,42.6758
198992,25.6836,43.5547
199988,25.2930,42.8711
200988,26.1719,43.9453
201996,26.2695,42.7734
203008,26.5625,41.9922
204024,26.2695,43.5547
205048,25.7813,44.2383
206076,24.6094,41.9922
207108,26.9531,44.6289
208144,26.3672,45.4102
209188,26.2695,43.9453
210236,27.3438,45.5078
211288,29.3945,43.9453
212348,26.2695,44.6289
213412,26.0742,43.6523
214480,26.6602,44.4336
215556,25.5859,43.0664
216636,26.0742,42.8711
217720,26.8555,44.2383
218812,26.5625,45.3125
219908,26.2695,43.6523
221008,27.0508,43.3594
222116,25.9766,43.0664
223228,26.1719,43.6523
224348,25.8789,43.6523
225472,26.6602,44.1406
226600,27.5391,45.8008
227736,26.0742,43.8477
228876,25.8789,42.0898
230024,26.5625,43.7500
231176,25.8789,44.2383
232332,25.9766,42.8711
233496,27.2461,45.0195
234664,25.9766,43.4570
235840,26.1719,45.5078
237020,26.9531,45.6055
238208,27.8320,46.6797
239400,26.2695,44.4336
240600,26.5625,47.0703
241804,26.6602,44.1406
243016,26.2695,43.8477
244232,26.0742,44.8242
245456,25.8789,43.0664
246684,28.2227,46.9727
247920,26.4648,44.9219
249160,26.0742,44.1406
250408,26.4648,43.9453
251664,26.8555,46.8750
252924,26.4648,44.8242
254192,26.9531,45.3125
255464,26.8555,45.8984
256744,26.9531,45.3125
258028,26.6602,44.9219
259320,27.3438,45.7031
260620,27.5391,46.1914
261924,28.2227,45.9961
263236,43.1641,48.8281
264556,31.3477,44.1406
265880,31.8359,46.7773
267212,30.3711,43.4570
268552,30.1758,44.8242
269896,29.2969,44.6289
271248,29.6875,44.9219
272608,30.3711,45.1172
273972,31.1523,44.0430
275344,28.9063,43.6523
276724,30.5664,47.1680
278108,29.4922,46.0938
279500,30.8594,45.6055
280900,29.7852,45.5078
282308,29.1992,44.8242
283720,30.8594,47.3633
285140,29.1992,47.0703
286568,30.0781,46.7773
288004,30.5664,47.5586
289448,29.7852,45.6055
290896,29.6875,46.2891
292352,28.9063,45.7031
293816,30.0781,46.7773
295288,30.3711,45.7031
296768,29.8828,44.8242
298252,29.5898,43.8477
299744,30.7617,45.8008
301244,30.1758,45.6055
302752,29.6875,45.8984
304268,31.1523,47.8516
305792,30.2734,45.6055
307324,31.0547,47.5586
308864,29.7852,46.3867
310412,36.9141,45.8984
311968,30.6641,46.3867
313528,29.4922,45.3125
315096,31.2500,48.0469
316672,30.2734,45.7031
318256,30.2734,47.5586
319848,29.9805,47.1680
321448,30.1758,46.3867
323056,31.5430,45.7031
324672,29.9805,45.8984
326296,30.4688,47.4609
327928,29.6875,46.4844
329568,29.7852,47.0703
331216,30.6641,46.1914
332876,29.8828,45.8008
334544,29.8828,46.7773
336220,29.4922,45.6055
337904,29.2969,46.2891
339596,29.3945,46.8750
341296,29.9805,46.1914
343004,29.5898,46.7773
344720,31.8359,48.7305
346444,30.8594,47.1680
348180,30.3711,47.3633
349924,40.2344,48.4375
351676,29.9805,46.0938
353436,30.1758,45.7031
355204,28.4180,45.0195
356984,29.5898,45.8984
358772,29.8828,45.3125
360568,30.3711,45.8984
362372,29.5898,45.7031
364184,30.1758,50.2930
366008,29.5898,45.3125
367840,29.6875,44.8242
369680,30.2734,47.0703
371532,30.5664,46.9727
373392,31.3477,48.5352
375260,30.5664,47.6563
377140,29.8828,46.2891
379028,31.1523,48.0469
380924,31.0547,48.1445
382832,30.2734,47.2656
384748,32.1289,50.0000
386672,31.4453,48.5352
388608,30.4688,47.6563
390552,30.2734,46.9727
392508,31.8359,50.1953
394472,31.2500,44.7266
396448,30.7617,46.6797
398432,31.7383,48.9258
400428,30.8594,47.3633
402432,31.3477,47.3633
404448,30.7617,47.6563
406472,31.8359,49.6094
408508,30.4688,47.2656
410552,31.4453,47.7539
412608,31.9336,49.3164
414672,30.7617,49.4141
416748,31.8359,48.3398
418832,32.0313,48.5352
420928,30.6641,48.0469
423036,31.8359,48.9258
425152,31.1523,50.0977
427280,31.0547,47.1680
429420,30.7617,47.4609
431568,30.6641,47.3633
433728,30.7617,47.7539
435900,32.4219,49.0234
438080,30.8594,47.5586
440272,31.1523,48.4375
442476,30.8594,51.9531
444692,32.3242,51.3672
446916,31.1523,48.6328
449152,30.9570,49.8047
451400,31.9336,49.0234
453660,31.5430,50.2930
455932,31.3477,49.1211
458212,30.1758,48.2422
460504,33.3008,49.2188
462808,31.8359,47.7539
465124,32.5195,50.0000
467452,31.6406,49.7070
469792,31.3477,49.5117
472144,31.2500,49.8047
474508,33.0078,49.3164
476884,34.3750,49.0234
479272,31.4453,49.4141
481672,31.5430,49.5117
484084,33.0078,49.9023
486508,31.8359,49.3164
488944,31.7383,49.4141
491392,31.1523,49.3164
493852,31.1523,49.3164
496324,31.1523,48.2422
498808,33.3008,51.7578
501304,32.2266,49.4141
503812,30.7617,49.0234
506332,32.3242,51.2695
508864,32.0313,50.5859
511412,31.7383,50.0000
513972,34.3750,48.7305
516544,31.3477,49.7070
519128,32.2266,50.9766
521724,31.9336,49.7070
524336,40.8203,54.0039
526960,36.3281,51.4648
529596,35.1563,49.0234
532244,38.4766,50.7813
534908,35.3516,49.0234
537584,36.7188,50.9766
540272,35.8398,51.1719
542976,36.6211,51.1719
545692,35.3516,47.8516
548424,36.7188,51.8555
551168,35.2539,53.3203
553924,34.8633,49.1211
556696,35.3516,49.3164
559480,36.0352,51.2695
562280,36.6211,51.7578
565092,35.8398,51.1719
567920,36.0352,51.7578
570760,34.3750,66.9922
573616,35.2539,51.7578
576488,38.0859,54.8828
579372,37.5977,55.0781
582272,35.4492,49.3164
585184,36.4258,52.3438
588112,35.3516,50.0977
591056,47.2656,53.2227
594012,37.5977,52.5391
596984,37.7930,53.5156
599972,36.7188,53.5156
602972,36.4258,51.5625
605988,36.1328,52.6367
609020,37.9883,55.1758
612068,36.7188,51.3672
615132,35.7422,50.5859
618208,35.0586,50.8789
621300,36.3281,51.8555
624408,36.2305,51.2695
627532,36.7188,52.5391
630672,34.9609,54.9805
633828,36.5234,52.0508
637000,35.6445,50.2930
640188,36.4258,52.5391
643392,36.3281,51.8555
646612,37.3047,53.3203
649848,36.6211,50.8789
653100,35.5469,54.0039
656368,37.1094,52.6367
659652,37.4023,52.2461
662952,37.1094,52.6367
666268,36.6211,52.6367
669600,37.6953,53.6133
672948,36.4258,52.4414
676316,35.3516,50.5859
679700,36.4258,51.0742
683100,35.7422,51.1719
686516,35.6445,53.0273
689952,35.2539,50.8789
693404,36.0352,52.1484
696872,36.6211,53.6133
700360,39.4531,53.1250
703864,37.2070,52.1484
707384,37.5000,54.2969
710924,40.0391,53.2227
714480,34.9609,50.3906
718056,35.1563,51.3672
721648,37.7930,50.0000
725260,36.4258,50.9766
728888,34.8633,51.3672
732536,34.9609,52.3438
736200,34.8633,52.8320
739884,35.6445,58.5938
743584,36.6211,52.4414
747304,35.9375,51.4648
751044,35.1563,52.1484
754800,35.5469,51.9531
758576,35.2539,52.2461
762372,36.5234,52.8320
766184,35.7422,52.3438
770016,35.3516,53.6133
773868,34.8633,50.8789
777740,35.5469,51.5625
781632,35.8398,52.2461
785544,35.4492,52.7344
789472,37.5000,53.9063
793420,35.8398,52.3438
797388,35.7422,54.1992
801376,36.0352,53.8086
805384,35.6445,53.4180
809412,36.1328,53.6133
813460,35.9375,53.9063
817528,36.0352,53.3203
821616,34.9609,52.8320
825728,35.7422,52.2461
829860,37.3047,54.6875
834012,34.7656,51.2695
838184,34.4727,52.6367
842376,36.9141,54.5898
846588,36.7188,54.1992
850824,34.5703,54.3945
855080,36.6211,53.5156
859356,35.5469,52.1484
863656,36.7188,54.8828
867976,37.2070,54.5898
872316,37.6953,55.7617
876680,37.1094,55.2734
881064,37.1094,52.5391
885472,37.1094,55.0781
889900,36.0352,53.6133
894352,38.2813,54.6875
898824,37.5000,53.8086
903320,37.7930,55.9570
907840,41.1133,56.5430
912380,38.0859,55.4688
916944,35.6445,52.9297
921532,36.1328,53.5156
926140,36.9141,53.3203
930772,37.5000,53.7109
935428,37.0117,57.2266
940108,37.0117,54.7852
944812,36.6211,55.6641
949540,37.2070,54.9805
954288,36.1328,53.2227
959060,36.4258,53.9063
963856,37.5977,55.7617
968676,36.7188,52.3438
973520,36.8164,55.4688
978388,36.1328,54.8828
983280,37.7930,56.0547
988200,37.4023,55.3711
993144,36.2305,54.8828
998112,39.3555,54.3945
1003104,37.7930,56.9336
1008120,38.0859,56.7383
1013164,38.4766,55.1758
1018232,37.9883,56.2500
1023324,36.8164,54.3945
1028444,38.8672,55.7617
1033588,38.1836,56.8359
1038756,38.2813,57.3242
1043952,40.0391,58.1055
1049172,44.4336,61.7188
1054420,40.9180,56.9336
1059696,44.1406,57.9102
1064996,42.2852,57.9102
1070324,48.2422,58.0078
1075676,43.0664,57.4219
1081056,41.3086,56.3477
1086464,39.6484,53.2227
1091900,41.1133,56.6406
1097360,40.0391,55.1758
1102848,40.0391,55.1758
1108364,41.2109,56.2500
1113908,40.7227,58.4961
1119480,42.6758,59.3750
1125080,41.9922,57.1289
1130708,41.2109,56.1523
1136364,41.9922,58.4961
1142048,41.0156,55.7617
1147760,41.5039,59.7656
1153500,41.6992,56.7383
1159268,42.3828,59.2773
1165068,43.2617,58.6914
1170896,40.7227,55.1758
1176752,40.9180,55.3711
1182636,41.8945,58.0078
1188552,40.7227,56.5430
1194496,41.6992,56.5430
1200472,41.5039,57.6172
1206476,41.3086,57.6172
1212512,42.7734,57.6172
1218576,43.3594,56.2500
1224672,42.0898,60.1563
1230796,41.0156,57.0313
1236952,42.1875,58.6914
1243140,41.0156,58.5938
1249356,41.8945,57.7148
1255604,41.6992,58.1055
1261884,42.0898,59.4727
1268196,41.9922,58.6914
1274540,42.1875,58.0078
1280916,41.9922,58.9844
1287324,42.3828,59.3750
1293764,41.7969,57.8125
1300236,42.7734,57.4219
1306740,41.5039,57.0313
1313276,42.7734,59.6680
1319844,42.7734,58.3984
1326444,45.0195,57.9102
1333080,41.2109,57.5195
1339748,41.9922,58.6914
1346448,42.5781,60.1563
1353184,42.2852,59.5703
1359952,43.1641,62.1094
1366752,41.7969,58.1055
1373588,42.4805,58.9844
1380456,42.4805,58.7891
1387360,41.3086,57.7148
1394300,43.6523,61.1328
1401272,44.9219,59.8633
1408280,42.8711,59.6680
1415324,42.9688,60.6445
1422404,41.9922,59.0820
1429520,43.5547,60.4492
1436668,42.2852,59.8633
1443852,43.6523,59.5703
1451072,42.7734,60.0586
1458328,42.7734,59.3750
1465620,43.3594,60.4492
1472952,42.0898,58.1055
1480320,46.3867,62.5977
1487724,42.6758,59.3750
1495164,42.9688,58.6914
1502640,43.3594,59.2773
1510156,43.6523,61.3281
1517708,43.2617,65.6250
1525300,42.3828,59.4727
1532928,43.7500,59.2773
1540596,41.3086,57.1289
1548300,43.1641,58.5938
1556044,42.5781,59.1797
1563828,44.8242,62.8906
1571648,43.7500,60.0586
1579508,44.5313,61.4258
1587408,44.1406,61.1328
1595348,43.2617,60.5469
1603328,51.7578,63.5742
1611348,47.0703,63.3789
1619408,43.5547,59.1797
1627508,43.5547,61.8164
1635648,42.9688,59.9609
1643828,43.6523,60.3516
1652048,44.2383,61.4258
1660312,51.8555,60.8398
1668616,43.0664,60.0586
1676960,44.2383,62.4023
1685348,43.3594,59.5703
1693776,45.0195,61.3281
1702248,44.3359,62.2070
1710760,42.6758,61.1328
1719316,43.8477,61.0352
1727916,45.1172,62.7930
1736556,45.1172,62.0117
1745240,44.1406,61.2305
1753968,43.0664,58.5938
1762740,45.8984,61.0352
1771556,45.2148,63.3789
1780416,42.4805,58.3984
1789320,45.4102,62.0117
1798268,45.1172,60.8398
1807260,45.6055,62.3047
1816300,43.8477,60.9375
1825384,43.0664,60.8398
1834512,43.3594,61.2305
1843688,44.3359,62.5977
1852908,45.9961,60.4492
1862176,44.8242,61.3281
1871488,43.7500,61.3281
1880848,45.2148,64.6484
1890256,45.1172,61.6211
1899708,47.7539,63.0859
1909208,45.5078,63.7695
1918756,44.4336,61.5234
1928352,44.0430,60.7422
1937996,44.8242,61.7188
1947688,46.8750,62.7930
1957428,44.9219,63.6719
1967216,45.7031,67.4805
1977056,45.2148,61.6211
1986944,44.0430,61.5234
1996880,46.4844,64.6484
2006868,44.9219,62.7930
2016904,44.2383,62.2070
2026992,45.5078,64.0625
2037128,44.7266,61.2305
2047316,45.6055,62.6953
2057556,46.1914,64.2578
2067844,46.1914,64.6484
2078184,46.3867,64.2578
2088576,45.2148,64.9414
2099020,49.1211,65.7227
2109516,48.2422,64.2578
2120064,49.0234,64.6484
2130668,48.3398,64.0625
2141324,49.7070,65.9180
2152032,48.3398,67.5781
2162796,49.8047,64.4531
2173612,48.0469,62.9883
2184484,49.3164,64.0625
2195408,50.3906,66.6016
2206388,47.8516,64.4531
2217420,48.2422,65.0391
2228508,47.7539,61.8164
2239652,49.5117,77.7344
2250852,48.7305,64.2578
2262108,49.9023,64.7461
2273420,48.0469,63.4766
2284788,47.4609,63.9648
2296212,51.3672,64.2578
2307696,49.0234,66.0156
2319236,54.0039,66.1133
2330836,47.6563,64.7461
2342492,47.7539,64.0625
2354208,49.6094,64.8438
2365980,47.1680,61.4258
2377812,49.7070,65.3320
2389704,48.2422,64.2578
2401656,49.5117,64.6484
2413668,49.1211,62.9883
2425740,51.1719,66.0156
2437872,48.5352,62.9883
2450064,49.6094,66.8945
2462316,50.0000,66.6992
2474628,48.7305,65.8203
2487004,48.5352,62.5000
2499440,49.2188,63.1836
2511940,47.3633,63.7695
2524500,48.5352,65.0391
2537124,51.9531,69.9219
2549812,50.7813,67.1875
2562564,50.9766,66.9922
2575380,51.1719,67.7734
2588260,50.1953,65.9180
2601204,49.2188,65.6250
2614212,48.9258,65.8203
2627284,48.1445,63.7695
2640424,50.7813,68.4570
2653628,49.8047,66.6992
2666900,55.8594,68.9453
2680236,48.4375,64.2578
2693640,49.9023,67.1875
2707112,48.9258,65.7227
2720648,49.8047,64.9414
2734252,50.7813,66.5039
2747924,49.3164,67.1875
2761664,51.2695,65.4297
2775476,50.4883,66.7969
2789356,49.6094,65.1367
2803304,51.3672,67.5781
2817324,49.2188,66.6992
2831412,50.3906,66.3086
2845572,50.3906,67.0898
2859800,49.4141,64.6484
2874100,49.9023,69.3359
2888472,50.2930,67.0898
2902916,49.9023,64.5508
2917432,49.1211,65.0391
2932020,50.8789,68.4570
2946684,51.5625,68.0664
2961420,50.0000,64.6484
2976228,50.9766,68.5547
2991112,49.5117,67.1875
3006068,51.6602,68.9453
3021100,51.6602,70.5078
3036208,51.1719,67.1875
3051392,51.3672,68.6523
3066652,50.8789,68.0664
3081988,50.2930,67.4805
3097400,49.9023,66.3086
3112888,51.0742,69.4336
3128456,54.2969,67.1875
3144100,50.8789,68.9453
3159824,50.0977,66.9922
3175624,52.0508,68.6523
3191504,50.9766,67.2852
3207464,50.0000,66.4063
3223504,51.2695,67.9688
3239624,49.8047,66.4063
3255824,53.8086,66.5039
3272104,51.7578,70.3125
3288468,51.0742,68.8477
3304912,49.3164,67.8711
3321440,52.6367,67.7734
3338048,52.2461,69.5313
3354740,51.8555,69.2383
3371516,50.2930,67.4805
3388376,49.4141,67.6758
3405320,50.1953,68.1641
3422348,50.8789,69.8242
3439460,52.2461,68.1641
3456660,50.1953,67.1875
3473944,52.0508,70.1172
3491316,50.3906,68.0664
3508776,51.5625,70.6055
3526320,52.2461,77.8320
3543952,49.0234,65.0391
3561672,53.0273,70.9961
3579484,50.5859,67.7734
3597384,83.6914,76.5625
3615372,63.3789,71.6797
3633452,56.1523,71.1914
3651620,56.1523,73.3398
3669880,54.4922,71.7773
3688232,50.8789,68.2617
3706676,52.6367,69.4336
3725212,55.7617,70.5078
3743840,51.3672,69.8242
3762560,51.3672,67.7734
3781376,51.5625,68.0664
3800284,51.8555,70.4102
3819288,51.6602,69.2383
3838388,51.2695,67.9688
3857580,51.1719,72.0703
3876868,53.4180,71.0938
3896256,52.1484,68.1641
3915740,50.6836,67.2852
3935320,52.7344,69.6289
3955000,52.2461,68.9453
3974776,53.3203,72.0703
3994652,53.6133,73.7305
4014628,51.2695,70.9961
4034704,52.4414,70.8008
4054880,52.0508,72.4609
4075156,51.6602,69.0430
4095532,51.7578,70.8984
4116012,53.2227,70.6055
4136596,54.8828,74.0234
4157280,54.7852,75.5859
4178068,53.6133,73.4375
4198960,57.1289,75.5859
4219956,54.9805,74.3164
4241056,55.6641,71.8750
4262264,55.1758,70.6055
4283576,56.1523,71.5820
4304996,55.8594,73.4375
4326524,56.6406,72.9492
4348160,52.0508,68.3594
4369904,58.0078,69.9219
4391756,56.6406,71.9727
4413716,54.7852,70.1172
4435788,55.5664,76.4648
4457968,65.4297,71.6797
4480260,56.7383,73.1445
4502664,54.4922,70.3125
4525180,55.8594,71.1914
4547808,56.3477,74.3164
4570548,54.1016,69.8242
4593404,55.0781,70.2148
4616372,56.2500,71.9727
4639456,55.5664,72.5586
4662656,56.4453,75.6836
4685972,57.2266,73.4375
4709404,54.9805,72.3633
4732952,55.5664,70.9961
4756620,53.2227,68.7500
4780404,55.3711,71.3867
4804308,57.3242,74.4141
4828332,56.2500,73.5352
4852476,57.9102,75.4883
4876740,56.8359,72.0703
4901124,56.0547,75.0977
4925632,57.0313,73.6328
4950264,56.8359,75.0000
4975016,56.1523,72.2656
4999892,58.5938,73.8281
5024892,56.5430,73.5352
5050020,55.9570,71.1914
5075272,58.3008,75.3906
5100652,56.0547,72.8516
5126156,57.6172,75.0000
5151788,72.9492,72.8516
5177548,58.3008,74.2188
5203436,55.3711,70.3125
5229456,59.5703,77.8320
5255604,53.5156,67.8711
5281884,56.1523,72.1680
5308296,56.8359,73.5352
5334840,56.7383,73.5352
5361516,57.6172,75.5859
5388324,56.3477,74.5117
5415268,59.5703,75.4883
5442348,57.4219,80.4688
5469560,57.7148,75.0000
5496908,57.0313,76.3672
5524396,56.3477,77.1484
5552020,55.5664,71.1914
5579784,55.7617,73.7305
5607684,57.6172,80.8594
5635724,55.5664,74.2188
5663904,58.5938,77.2461
5692224,59.1797,83.1055
5720688,55.2734,72.5586
5749292,58.2031,75.4883
5778040,55.4688,76.7578
5806932,57.1289,75.4883
5835968,56.7383,72.1680
5865148,56.8359,76.6602
5894476,55.6641,74.0234
5923952,54.4922,70.5078
5953572,57.8125,78.1250
5983340,59.2773,78.7109
6013260,57.6172,73.9258
6043328,60.2539,74.3164
6073548,57.9102,77.5391
6103916,58.0078,94.7266
6134436,55.8594,73.7305
6165112,58.5938,76.4648
6195940,58.5938,76.5625
6226920,57.1289,76.2695
6258056,58.7891,78.9063
6289348,60.6445,78.3203
6320796,59.7656,76.6602
6352400,57.9102,75.0000
6384164,57.0313,76.2695
6416088,59.1797,76.4648
6448172,59.2773,76.6602
6480416,57.8125,75.3906
6512820,57.7148,78.0273
6545388,57.6172,74.5117
6578116,62.9883,77.5391
6611008,56.6406,74.3164
6644064,56.9336,74.8047
6677288,57.3242,75.0000
6710676,57.9102,75.8789
6744232,58.7891,78.1250
6777956,55.9570,73.8281
6811848,58.2031,74.4141
6845908,58.3984,76.1719
6880140,57.4219,74.9023
6914544,56.8359,76.2695
6949120,58.4961,75.7813
6983868,58.0078,76.6602
7018788,58.6914,76.8555
7053884,58.8867,76.3672
7089156,56.0547,73.7305
7124604,62.5000,74.3164
7160228,58.8867,77.8320
7196032,59.5703,78.1250
7232016,60.0586,79.6875
7268180,57.9102,139.2578
7304524,63.0859,77.1484
7341048,60.4492,80.2734
7377756,58.0078,76.3672
7414648,56.1523,73.9258
7451724,58.3008,77.0508
7488984,59.4727,76.2695
7526432,59.2773,78.7109
7564068,59.7656,77.3438
7601892,57.9102,75.6836
7639904,61.6211,78.7109
7678104,58.3008,76.9531
7716496,59.5703,77.4414
7755080,60.6445,79.1016
7793856,58.5938,77.9297
7832828,60.5469,79.3945
7871996,61.2305,80.5664
7911356,59.1797,79.7852
7950916,59.3750,78.3203
7990672,59.9609,77.7344
8030628,58.1055,75.6836
8070784,59.6680,78.6133
8111140,69.2383,83.3984
8151696,63.6719,80.9570
8192456,58.4961,76.5625
8233420,58.0078,75.2930
8274588,60.7422,78.6133
8315964,59.3750,78.7109
8357544,58.3008,76.2695
8399332,66.6016,80.3711
8441332,65.0391,82.4219
8483540,61.6211,78.6133
8525960,64.9414,81.9336
8568592,60.5469,75.3906
8611436,62.3047,77.6367
8654496,62.6953,78.2227
8697772,64.3555,76.3672
8741264,61.7188,77.7344
8784972,62.4023,78.5156
8828900,63.8672,79.8828
8873048,62.2070,78.0273
8917416,61.9141,77.4414
8962004,60.2539,77.2461
9006816,73.0469,78.0273
9051852,63.4766,82.1289
9097112,60.2539,74.0234
9142600,60.4492,77.4414
9188316,62.6953,80.6641
9234260,63.2813,80.4688
9280432,61.6211,77.6367
9326836,63.6719,81.1523
9373472,63.8672,79.8828
9420340,66.2109,80.7617
9467444,63.5742,77.6367
9514784,64.2578,81.3477
9562360,62.6953,78.4180
9610172,63.0859,94.2383
9658224,64.2578,78.7109
9706516,62.4023,88.2813
9755052,62.9883,79.1016
9803828,64.6484,79.0039
9852848,61.6211,76.5625
9902116,62.6953,79.2969
9951628,63.1836,80.6641
10001388,62.6953,80.1758
10051396,63.4766,77.2461
10101656,63.7695,81.8359
10152168,62.2070,77.5391
10202932,63.0859,80.2734
10253948,63.5742,78.7109
10305220,61.9141,79.9805
10356748,63.3789,80.6641
10408532,64.8438,81.7383
10460576,62.5977,79.5898
10512880,63.5742,81.1523
10565448,62.6953,83.7891
10618276,63.0859,82.2266
10671368,60.8398,77.4414
10724728,62.5977,78.2227
10778352,65.0391,81.8359
10832244,62.6953,79.7852
10886408,63.5742,81.0547
10940844,62.1094,78.9063
10995552,64.6484,82.0313
11050532,63.4766,76.4648
11105788,62.9883,81.2500
11161320,63.1836,81.4453
11217128,62.5977,79.5898
11273216,64.3555,82.9102
11329584,64.1602,79.9805
11386232,63.6719,81.2500
11443164,63.5742,79.3945
11500380,63.9648,83.4961
11557884,64.9414,83.3008
11615676,61.8164,78.1250
11673756,65.2344,85.9375
11732128,63.1836,82.8125
11790792,61.9141,80.2734
11849748,61.7188,77.5391
11909000,63.9648,82.2266
11968548,63.6719,81.3477
12028392,63.6719,81.0547
12088536,64.6484,81.4453
12148980,78.8086,83.0078
12209728,71.6797,79.2969
12270780,70.6055,85.7422
12332136,68.5547,84.1797
12393800,68.7500,82.3242
12455772,64.3555,83.3008
12518052,64.9414,81.8359
12580644,65.8203,83.5938
12643548,60.3516,75.5859
12706768,85.0586,84.2773
12770304,65.1367,82.3242
12834156,66.6992,82.0313
12898328,63.6719,79.5898
12962820,66.2109,83.8867
13027636,64.7461,82.4219
13092776,64.6484,83.3008
13158240,64.8438,82.8125
13224032,63.9648,82.6172
13290156,70.9961,86.4258
13356608,65.5273,84.8633
13423392,65.1367,83.2031
13490512,64.7461,84.6680
13557968,63.1836,79.4922
13625760,64.2578,81.4453
13693892,63.9648,81.6406
13762364,65.3320,83.4961
13831176,63.8672,82.0313
13900332,64.1602,82.6172
13969836,66.3086,83.3984
14039688,64.0625,80.6641
14109888,63.7695,81.9336
14180440,63.5742,81.6406
14251344,62.9883,79.6875
14322604,65.4297,84.4727
14394220,65.7227,85.7422
14466192,65.7227,82.1289
14538524,66.7969,84.6680
14611220,69.6289,81.0547
14684280,64.4531,95.4102
14757704,65.2344,83.1055
14831496,66.1133,84.8633
14905656,66.1133,83.0078
14980188,66.8945,84.0820
15055092,68.0664,88.1836
15130368,64.3555,82.4219
15206020,67.0898,82.5195
15282052,63.8672,83.9844
15358464,62.5000,80.0781
15435260,65.9180,82.7148
15512440,68.8477,88.6719
15590004,64.8438,83.3008
15667956,66.5039,85.2539
15746296,66.4063,86.0352
15825028,65.7227,79.9805
15904156,66.1133,85.7422
15983680,63.5742,83.2031
16063600,67.1875,85.7422
16143920,65.1367,82.0313
16224640,64.2578,80.6641
16305764,65.8203,83.7891
16387296,67.1875,87.5977
16469236,68.5547,85.6445
16551584,66.5039,82.5195
16634344,67.6758,85.3516
16717516,67.0898,86.3281
16801104,70.5078,88.3789
16885112,69.3359,86.3281
16969540,66.1133,80.8594
17054388,71.3867,88.4766
17139660,70.4102,86.8164
17225360,72.0703,88.7695
17311488,68.5547,85.6445
17398048,69.7266,84.8633
17485040,69.3359,84.2773
17572468,70.5078,87.6953
17660332,83.1055,88.5742
17748636,70.4102,87.8906
17837380,68.4570,86.9141
17926568,70.2148,84.8633
18016204,72.4609,87.7930
18106288,69.4336,87.0117
18196820,68.3594,83.6914
18287808,99.3164,101.1719
18379248,85.1563,89.7461
18471148,85.9375,89.4531
18563504,69.8242,84.1797
18656324,69.1406,86.5234
18749608,67.8711,83.7891
18843360,70.5078,86.2305
18937580,69.9219,88.3789
19032268,68.5547,85.8398
19127432,68.7500,87.0117
19223072,72.6563,86.0352
19319188,66.7969,82.5195
19415784,67.9688,86.5234
19512864,69.8242,88.0859
19610432,68.7500,87.2070
19708488,69.8242,87.1094
19807032,69.2383,87.6953
19906068,70.0195,89.1602
20005600,74.7070,89.3555
20105628,70.6055,89.7461
20206160,69.9219,91.1133
20307192,68.9453,87.3047
20408728,71.2891,88.7695
20510772,70.9961,82.0313
20613328,74.0234,89.7461
20716396,68.8477,85.3516
20819980,70.8008,93.3594
20924080,66.2109,83.0078
21028704,67.7734,84.9609
21133848,69.0430,86.7188
21239520,69.9219,86.5234
21345720,69.0430,86.3281
21452452,70.8008,91.3086
21559716,71.1914,86.2305
21667516,71.4844,92.2852
21775856,71.2891,89.2578
21884736,68.5547,86.7188
21994160,72.3633,92.1875
22104132,75.7813,95.8008
22214656,71.1914,87.5000
22325732,76.9531,87.3047
22437364,72.0703,89.2578
22549552,70.5078,87.8906
22662300,72.5586,93.5547
22775612,72.2656,90.0391
22889492,73.3398,92.1875
23003940,71.0938,89.9414
23118960,72.6563,96.1914
23234556,72.6563,89.7461
23350732,72.6563,90.8203
23467488,72.4609,88.2813
23584828,70.1172,84.6680
23702756,74.9023,92.4805
23821272,71.3867,127.9297
23940380,84.2773,92.3828
24060084,80.2734,95.5078
24180388,73.6328,91.7969
24301292,73.6328,93.1641
24422800,70.8008,88.4766
24544916,73.7305,93.1641
24667644,84.7656,92.4805
24790984,76.9531,90.4297
24914940,73.5352,90.4297
25039516,79.6875,96.0938
25164716,75.4883,90.5273
25290540,73.9258,98.7305
25416996,79.3945,94.0430
25544084,79.9805,94.9219
25671808,75.2930,91.1133
25800168,76.3672,94.1406
25929172,77.0508,98.4375
26058820,82.6172,91.4063
26189116,81.8359,93.2617
26320064,72.5586,88.4766
26451668,75.2930,92.2852
26583928,74.3164,90.9180
26716848,78.0273,98.1445
26850436,78.1250,93.0664
26984692,76.1719,93.2617
27119616,74.6094,98.7305
27255216,85.5469,102.7344
27391496,119.8242,117.2852
27528456,104.3945,112.2070
27666100,94.6289,100.1953
27804432,89.8438,100.8789
27943456,79.4922,96.5820
28083176,84.8633,92.5781
28223592,93.0664,101.3672
28364712,87.5000,97.3633
28506536,81.0547,93.7500
28649072,79.4922,93.5547
28792320,90.5273,99.4141
28936284,89.5508,99.0234
29080968,82.9102,98.2422
29226376,81.8359,95.7031
29372508,79.5898,103.6133
29519372,89.6484,99.6094
29666972,84.4727,95.9961
29815308,85.4492,95.6055
29964388,93.3594,114.0625
30114212,97.3633,105.0781
30264784,94.4336,106.6406
30416108,92.4805,133.4961
30568192,106.6406,105.0781
30721036,104.5898,107.1289
30874644,87.3047,98.5352
31029020,95.1172,99.4141
31184168,93.6523,107.0313
31340092,85.7422,96.9727
31496796,89.1602,119.0430
31654280,92.2852,104.1016
31812552,100.6836,108.6914
31971616,88.3789,110.0586
32131476,115.2344,115.3320
32292136,103.0273,109.4727
32453600,102.7344,110.5469
32615868,126.8555,112.7930
32778948,106.0547,109.7656
32942844,104.3945,112.5977
33107560,112.1094,114.1602
33273100,106.2500,110.7422
33439468,104.5898,112.1094
33606668,112.1094,114.3555
33774704,107.7148,110.3516
33943580,110.2539,120.8984
34113300,115.0391,120.2148
34283868,108.7891,120.1172
34455288,98.3398,120.6055
34627568,111.4258,115.4297
34800708,111.4258,119.2383
34974712,105.4688,145.3125
35149588,122.0703,118.1641
35325336,181.5430,156.6406
35501964,130.6641,129.2969
35679476,123.2422,125.8789
35857876,127.1484,119.7266
36037168,120.0195,124.3164
36217356,114.0625,134.9609
36398444,121.9727,124.4141
36580440,111.4258,119.2383
36763344,124.8047,124.0234
36947164,118.5547,126.5625
37131900,123.5352,141.2109
37317560,129.5898,125.3906
37504148,127.6367,140.2344
37691672,127.1484,127.4414
37880132,122.9492,150.2930
38069536,125.1953,129.1992
38259884,131.2500,134.8633
38451184,130.7617,131.1523
38643440,122.6563,127.9297
38836660,152.7344,134.5703
39030844,135.0586,132.3242
39226000,167.3828,146.8750
39422132,151.6602,156.6406
39619244,145.0195,138.9648
39817344,139.5508,142.8711
40016432,138.8672,150.8789
40216516,136.9141,137.1094
40417600,146.0938,140.0391
40619688,140.1367,139.8438
40822788,155.8594,151.1719
41026904,164.1602,152.0508
41232040,166.6992,154.1992
41438204,151.3672,161.5234
41645396,148.3398,143.9453
41853624,141.7969,165.7227
42062896,153.9063,148.0469
42273212,179.1016,155.1758
42484580,151.8555,193.0664
42697004,149.3164,147.5586
42910492,145.3125,153.8086
43125048,145.8008,156.3477
43340676,165.9180,153.7109
43557380,149.2188,145.8984
43775168,153.8086,147.7539
43994044,155.1758,205.9570
44214016,160.9375,155.1758
44435088,156.1523,158.8867
44657264,149.1211,148.7305
44880552,173.5352,149.8047
45104956,147.8516,160.4492
45330484,153.9063,157.0313
45557140,192.9688,154.1016
45784928,160.0586,176.1719
46013856,160.8398,155.0781
46243928,175.5859,168.0664
46475148,157.0313,161.5234
46707524,155.3711,150.2930
46941064,156.9336,167.3828
47175772,156.5430,151.6602
47411652,157.8125,154.4922
47648712,152.0508,175.4883
47886956,163.7695,155.3711
48126392,166.6016,154.1992
48367024,162.5977,175.1953
48608860,156.6406,219.4336
48851908,170.2148,169.2383
49096168,222.3633,183.9844
49341652,178.2227,174.3164
49588364,174.9023,213.7695
49836308,180.2734,165.6250
50085492,177.4414,163.2813
50335920,173.7305,187.5977
50587600,175.0000,192.0898
50840540,192.6758,173.1445
51094744,183.1055,203.9063
51350220,247.7539,199.2188
51606972,216.4063,173.7305
51865008,186.4258,172.7539
52124336,188.2813,204.2969
52384960,185.6445,209.0820
52646888,186.3281,172.0703
52910124,175.9766,176.8555
53174676,194.8242,246.0938
53440552,183.7891,180.3711
53707756,185.1563,200.2930
53976296,193.7500,258.3008
54246180,189.0625,181.1523
54517412,184.3750,171.0938
54790000,198.4375,187.9883
55063952,277.6367,186.2305
55339272,207.9102,207.2266
55615972,201.2695,195.3125
55894052,206.6406,200.2930
56173524,200.0977,209.9609
56454392,191.8945,205.9570
56736664,200.7813,221.7773
57020348,199.3164,204.5898
57305452,190.4297,186.6211
57591980,217.5781,239.7461
57879940,229.1992,232.1289
58169340,290.4297,220.9961
58460188,251.6602,244.5313
58752492,253.4180,216.3086
59046256,214.0625,191.3086
59341488,219.5313,191.2109
59638196,203.3203,187.0117
59936388,202.9297,187.2070
60236072,201.6602,194.9219
60537256,199.5117,191.1133
60839944,216.4063,193.5547
61144144,218.3594,194.8242
61449868,249.8047,233.2031
61757120,228.1250,227.7344
62065908,325.5859,199.8047
62376240,293.4570,215.2344
62688124,237.2070,214.0625
63001568,225.3906,235.5469
63316576,223.8281,214.2578
63633160,214.0625,211.6211
63951328,214.4531,223.2422
64271088,218.7500,216.7969
64592444,235.8398,207.3242
64915408,210.6445,204.0039
65239988,222.8516,202.4414
65566188,221.8750,231.1523
65894020,215.2344,201.1719
66223492,211.4258,209.0820
66554612,216.6992,214.0625
66887388,292.8711,212.0117
