4,1.4648,1.5625
8,2.1484,4.7852
12,2.6367,5.9570
16,2.5391,6.0547
20,3.0273,5.9570
24,3.1250,8.8867
28,5.4688,9.7656
32,3.1250,9.0820
36,4.1992,7.7148
40,3.5156,8.7891
44,3.7109,9.1797
48,3.5156,9.1797
52,3.9063,8.9844
56,3.7109,10.2539
60,3.8086,9.8633
64,3.6133,11.6211
68,4.1992,10.5469
72,4.7852,10.0586
76,4.3945,10.2539
80,4.3945,10.9375
84,4.4922,10.0586
88,4.9805,10.5469
92,4.4922,11.0352
96,4.6875,11.7188
100,5.1758,10.5469
104,4.5898,10.8398
108,4.4922,11.5234
112,4.7852,11.5234
116,4.4922,14.6484
120,4.5898,11.5234
124,4.2969,12.9883
128,4.6875,13.7695
132,5.2734,12.6953
136,5.2734,12.8906
140,5.2734,12.8906
144,5.3711,12.0117
148,5.1758,13.0859
152,5.3711,12.9883
156,5.1758,13.1836
160,5.3711,12.9883
164,5.3711,12.5000
168,5.4688,14.4531
172,5.2734,13.2813
176,5.3711,13.3789
180,5.4688,13.6719
184,5.3711,12.6953
188,5.2734,13.0859
192,5.4688,13.1836
196,5.2734,12.7930
200,5.2734,12.9883
204,5.3711,13.1836
208,5.1758,12.8906
212,5.3711,12.6953
216,5.2734,12.5000
220,5.0781,14.5508
224,4.9805,13.3789
228,5.2734,13.9648
232,5.1758,13.5742
236,5.3711,14.3555
240,5.1758,13.4766
244,5.1758,14.2578
248,5.2734,14.3555
252,5.2734,13.7695
256,5.2734,15.8203
260,6.1523,12.9883
264,6.2500,14.5508
268,6.1523,14.6484
272,6.3477,14.5508
276,6.2500,14.1602
280,6.2500,15.3320
284,6.3477,15.0391
288,6.2500,14.4531
292,6.1523,14.9414
296,6.1523,14.6484
300,6.1523,14.3555
304,6.1523,15.5273
308,6.1523,14.1602
312,6.1523,13.4766
316,6.1523,13.7695
320,6.1523,15.4297
324,6.2500,14.6484
328,6.2500,14.6484
332,6.1523,14.7461
336,7.9102,14.5508
340,6.2500,14.8438
344,6.4453,13.0859
348,6.3477,14.5508
352,6.1523,14.7461
356,6.4453,15.0391
360,6.1523,13.7695
364,6.1523,14.2578
368,6.1523,14.7461
372,6.3477,14.7461
376,6.1523,15.3320
380,6.1523,14.4531
384,6.2500,14.0625
388,6.1523,14.7461
392,6.1523,14.7461
396,6.1523,14.5508
400,6.2500,14.2578
404,6.3477,14.7461
408,6.1523,14.0625
412,6.2500,14.4531
416,6.1523,14.4531
420,6.3477,15.8203
424,6.3477,14.5508
428,6.1523,14.5508
432,6.3477,15.6250
436,10.1563,17.3828
440,6.2500,15.1367
444,6.2500,14.2578
448,6.1523,15.4297
452,6.2500,15.2344
456,6.3477,15.9180
460,6.2500,15.4297
464,6.1523,15.7227
468,6.1523,17.2852
472,6.1523,16.4063
476,9.6680,17.6758
480,6.3477,16.7969
484,6.3477,14.8438
488,6.1523,18.9453
492,9.0820,17.9688
496,6.3477,15.4297
500,6.3477,15.4297
504,6.1523,16.1133
508,6.6406,14.7461
512,6.1523,17.1875
516,7.3242,15.8203
520,7.7148,17.0898
524,7.1289,17.1875
528,8.0078,17.6758
532,7.2266,15.6250
536,7.8125,15.6250
540,7.3242,15.8203
544,7.8125,15.6250
548,7.5195,15.7227
552,7.8125,16.4063
556,7.6172,16.2109
560,7.6172,16.3086
564,7.4219,16.1133
568,7.7148,16.4063
572,7.4219,15.6250
576,7.4219,15.9180
580,7.7148,14.8438
584,7.0313,15.9180
588,7.6172,15.7227
592,7.4219,15.9180
596,7.5195,16.3086
600,7.4219,17.5781
604,7.8125,16.7969
608,7.3242,15.9180
612,7.2266,16.5039
616,7.7148,15.2344
620,7.2266,16.3086
624,7.4219,16.2109
628,8.2031,16.6992
632,7.6172,16.6016
636,12.2070,16.0156
640,7.5195,16.9922
644,7.0313,16.2109
648,7.9102,17.2852
652,7.1289,17.8711
656,7.2266,16.5039
660,7.3242,15.7227
664,7.3242,15.7227
668,7.6172,17.1875
672,7.5195,15.7227
676,7.8125,17.2852
680,7.7148,15.4297
684,7.4219,16.5039
688,7.5195,16.0156
692,7.7148,17.0898
696,6.9336,15.6250
700,7.6172,15.3320
704,7.5195,16.2109
708,8.0078,18.1641
712,7.5195,16.1133
716,7.0313,16.4063
720,7.2266,16.3086
724,7.7148,17.0898
728,6.9336,17.3828
732,7.3242,16.2109
736,7.9102,16.7969
740,7.6172,16.9922
744,7.7148,17.2852
748,6.9336,15.9180
752,7.5195,17.0898
756,7.8125,16.7969
760,7.1289,16.5039
764,7.3242,16.9922
768,7.3242,16.2109
772,7.6172,17.3828
776,7.5195,17.4805
780,7.6172,17.0898
784,7.6172,17.1875
788,7.4219,17.0898
792,7.2266,16.6992
796,7.5195,17.3828
800,7.2266,16.3086
804,7.7148,17.4805
812,7.8125,17.5781
820,7.5195,15.9180
828,7.8125,17.3828
836,7.9102,17.7734
844,7.3242,17.6758
852,7.6172,16.5039
860,7.4219,17.1875
868,7.6172,16.4063
876,7.3242,17.2852
884,7.4219,16.8945
892,7.6172,17.0898
900,7.3242,17.3828
908,7.3242,17.7734
916,7.6172,17.0898
924,7.3242,18.1641
932,7.4219,16.6992
940,7.3242,16.3086
948,7.2266,18.0664
956,7.5195,17.4805
964,7.2266,17.7734
972,7.5195,16.9922
980,7.6172,17.6758
988,7.3242,18.0664
996,8.0078,17.9688
1004,7.3242,17.7734
1012,7.3242,17.7734
1020,7.5195,17.0898
1028,9.4727,18.9453
1036,8.7891,18.3594
1044,8.7891,18.7500
1052,8.9844,17.6758
1060,9.2773,19.3359
1068,8.5938,18.3594
1076,11.4258,19.6289
1084,8.6914,17.5781
1092,11.9141,17.8711
1100,8.9844,18.9453
1108,8.6914,18.5547
1116,9.1797,18.5547
1124,8.8867,18.1641
1132,8.9844,19.0430
1140,9.3750,18.0664
1148,8.6914,18.0664
1156,9.0820,18.3594
1164,8.9844,17.5781
1172,9.0820,18.3594
1180,9.0820,18.5547
1188,9.0820,18.7500
1196,8.6914,17.5781
1204,8.9844,18.1641
1212,9.0820,18.5547
1220,8.4961,17.8711
1228,8.8867,18.1641
1236,8.8867,19.0430
1244,8.8867,17.6758
1252,9.2773,18.4570
1260,8.7891,18.3594
1268,8.4961,18.4570
1276,8.6914,19.5313
1284,8.6914,19.1406
1292,8.5938,18.5547
1300,8.7891,18.3594
1308,8.9844,17.2852
1316,10.8398,17.7734
1324,9.2773,18.6523
1332,8.4961,18.7500
1340,8.9844,17.4805
1348,8.6914,18.7500
1356,8.8867,19.4336
1364,8.4961,17.8711
1372,8.5938,18.9453
1380,9.1797,18.9453
1388,8.8867,18.0664
1396,8.6914,19.1406
1404,8.9844,18.9453
1412,8.5938,18.9453
1420,8.8867,17.0898
1428,9.0820,19.1406
1436,8.9844,18.3594
1444,9.0820,17.8711
1452,8.8867,20.7031
1460,8.9844,18.3594
1468,9.2773,18.0664
1476,8.9844,18.5547
1484,8.7891,18.1641
1492,8.7891,18.7500
1500,8.8867,18.1641
1508,8.7891,18.6523
1516,8.3984,18.6523
1524,8.5938,19.5313
1532,8.9844,19.1406
1540,8.5938,18.2617
1548,8.9844,18.3594
1556,8.8867,19.0430
1564,9.1797,18.2617
1572,8.3984,18.2617
1580,8.8867,18.2617
1588,8.7891,19.8242
1596,8.6914,18.6523
1604,8.8867,19.4336
1616,8.7891,17.8711
1628,8.7891,18.2617
1640,8.9844,20.8008
1652,8.8867,18.0664
1664,9.3750,18.2617
1676,9.3750,18.6523
1688,9.2773,19.4336
1700,9.0820,18.7500
1712,9.2773,19.1406
1724,8.9844,18.0664
1736,8.7891,19.0430
1748,8.4961,19.5313
1760,8.9844,20.1172
1772,9.0820,18.1641
1784,8.8867,20.4102
1796,9.1797,18.8477
1808,9.4727,18.5547
1820,8.8867,20.0195
1832,9.3750,20.2148
1844,8.5938,19.0430
1856,8.6914,18.9453
1868,8.9844,19.5313
1880,8.7891,19.3359
1892,8.8867,19.6289
1904,8.9844,19.0430
1916,9.0820,19.7266
1928,8.5938,19.1406
1940,9.0820,19.7266
1952,8.5938,18.6523
1964,9.2773,20.0195
1976,8.9844,19.3359
1988,9.3750,20.8008
2000,9.3750,19.1406
2012,8.6914,19.3359
2024,8.8867,20.3125
2036,8.8867,18.8477
2048,8.9844,20.7031
2060,10.3516,19.6289
2072,10.3516,20.9961
2084,10.1563,19.7266
2096,10.5469,21.3867
2108,11.2305,21.2891
2120,9.9609,20.5078
2132,10.9375,21.6797
2144,10.9375,21.1914
2156,11.0352,21.5820
2168,10.3516,19.1406
2180,10.7422,22.0703
2192,10.8398,19.6289
2204,9.9609,19.3359
2216,13.8672,22.6563
2228,10.3516,20.3125
2240,11.1328,20.3125
2252,11.2305,20.0195
2264,10.3516,21.0938
2276,13.7695,20.5078
2288,10.7422,21.6797
2300,10.0586,22.0703
2312,10.3516,19.2383
2324,9.8633,19.5313
2336,11.6211,21.5820
2348,10.0586,21.7773
2360,13.9648,23.4375
2372,11.1328,20.8984
2384,10.0586,20.7031
2396,10.9375,20.5078
2408,10.8398,20.7031
2424,10.4492,20.1172
2440,10.8398,21.4844
2456,9.9609,18.6523
2472,10.8398,19.8242
2488,11.1328,21.2891
2504,10.4492,20.9961
2520,10.3516,20.8984
2536,10.6445,20.4102
2552,11.1328,20.3125
2568,10.4492,21.3867
2584,10.3516,20.6055
2600,10.7422,20.6055
2616,11.5234,19.8242
2632,10.6445,20.8008
2648,10.2539,20.1172
2664,9.9609,20.2148
2680,10.5469,20.5078
2696,9.9609,20.3125
2712,10.3516,20.2148
2728,10.5469,20.8984
2744,10.2539,21.7773
2760,11.4258,22.0703
2776,10.2539,19.9219
2792,10.4492,20.6055
2808,10.2539,20.1172
2824,11.1328,20.5078
2840,10.2539,20.2148
2856,11.9141,22.2656
2872,13.4766,20.5078
2888,9.9609,19.7266
2904,11.2305,20.5078
2920,10.6445,21.2891
2936,10.4492,20.8984
2952,10.6445,19.8242
2968,10.6445,20.0195
2984,9.6680,21.4844
3000,11.2305,20.7031
3016,9.9609,20.8984
3032,10.7422,21.7773
3048,10.8398,20.4102
3064,10.7422,21.4844
3080,10.7422,20.3125
3096,10.7422,20.2148
3112,10.8398,20.8008
3128,10.5469,20.4102
3144,10.2539,20.9961
3160,11.1328,20.5078
3176,9.8633,20.9961
3192,11.7188,21.4844
3208,11.3281,21.1914
3228,10.9375,21.7773
3248,9.9609,20.7031
3268,11.0352,20.1172
3288,10.4492,21.1914
3308,10.3516,20.3125
3328,10.8398,22.0703
3348,10.6445,21.2891
3368,10.9375,23.0469
3388,10.8398,20.7031
3408,11.9141,19.7266
3428,9.2773,21.3867
3448,9.5703,21.7773
3468,10.4492,21.9727
3488,11.2305,21.3867
3508,11.2305,21.7773
3528,9.1797,20.0195
3548,10.8398,20.7031
3568,10.7422,20.3125
3588,9.7656,20.9961
3608,10.7422,20.8984
3628,10.5469,22.3633
3648,10.2539,20.7031
3668,10.4492,20.6055
3688,10.5469,22.0703
3708,10.7422,19.6289
3728,9.7656,21.6797
3748,11.2305,22.6563
3768,11.3281,22.2656
3788,10.6445,21.9727
3808,10.5469,21.0938
3828,10.1563,22.0703
3848,10.4492,20.3125
3868,10.5469,22.3633
3888,10.8398,21.9727
3908,10.9375,21.1914
3928,10.7422,21.6797
3948,10.9375,21.1914
3968,9.8633,21.0938
3988,11.1328,21.9727
4008,10.8398,21.7773
4032,10.4492,23.8281
4056,10.7422,22.9492
4080,14.0625,24.6094
4104,13.1836,25.3906
4128,11.7188,22.2656
4152,11.7188,22.4609
4176,12.3047,22.7539
4200,11.9141,22.4609
4224,12.4023,21.5820
4248,12.8906,23.4375
4272,12.5977,22.4609
4296,12.1094,22.3633
4320,12.2070,21.8750
4344,12.2070,22.0703
4368,11.9141,21.7773
4392,12.4023,24.4141
4416,12.4023,23.7305
4440,12.4023,21.7773
4464,12.0117,21.5820
4488,11.8164,22.0703
4512,12.6953,22.7539
4536,12.5977,23.8281
4560,12.2070,23.4375
4584,12.1094,21.8750
4608,12.4023,23.4375
4632,12.5977,23.0469
4656,12.3047,22.3633
4680,12.5000,22.4609
4704,12.2070,21.9727
4728,12.6953,22.5586
4752,11.8164,23.5352
4776,12.5000,22.6563
4800,12.3047,22.6563
4824,12.1094,22.5586
4852,11.7188,21.4844
4880,12.6953,22.3633
4908,12.4023,22.6563
4936,11.9141,22.1680
4964,12.2070,22.3633
4992,11.8164,20.9961
5020,12.5977,22.2656
5048,12.5000,21.9727
5076,12.2070,22.6563
5104,12.4023,23.9258
5132,12.7930,23.5352
5160,12.1094,24.7070
5188,12.1094,23.1445
5216,12.6953,22.9492
5244,12.2070,22.4609
5272,12.6953,22.1680
5300,11.7188,21.4844
5328,12.2070,21.5820
5356,11.7188,20.8984
5384,12.4023,21.7773
5412,13.1836,23.3398
5440,12.9883,22.2656
5468,12.1094,22.6563
5496,11.7188,22.7539
5524,11.8164,21.6797
5552,11.6211,21.5820
5580,12.1094,24.0234
5608,11.9141,22.3633
5640,12.5000,22.8516
5672,12.2070,21.8750
5704,12.0117,22.2656
5736,13.0859,22.9492
5768,12.4023,23.3398
5800,12.1094,22.6563
5832,12.3047,23.9258
5864,13.0859,22.7539
5896,12.5977,22.4609
5928,12.1094,22.7539
5960,12.5000,22.3633
5992,12.5977,24.0234
6024,12.2070,23.9258
6056,12.5977,24.3164
6088,12.5000,22.1680
6120,12.4023,23.7305
6152,12.7930,22.3633
6184,12.6953,22.1680
6216,12.2070,22.1680
6248,11.7188,22.8516
6280,12.3047,22.6563
6312,12.1094,23.0469
6344,12.9883,24.3164
6376,12.6953,23.1445
6408,12.4023,22.9492
6444,12.2070,22.5586
6480,12.6953,23.6328
6516,12.4023,23.2422
6552,12.6953,22.9492
6588,12.7930,22.9492
6624,12.5977,24.3164
6660,12.5977,22.7539
6696,12.1094,22.6563
6732,12.4023,23.2422
6768,12.5000,23.5352
6804,12.2070,22.8516
6840,11.9141,22.6563
6876,12.1094,22.0703
6912,12.6953,22.2656
6948,12.5000,23.9258
6984,11.4258,21.6797
7020,12.5000,22.7539
7056,12.5977,22.1680
7092,14.7461,24.2188
7128,16.0156,24.0234
7164,12.4023,22.7539
7200,12.7930,24.0234
7236,12.5000,22.0703
7276,12.4023,22.0703
7316,11.8164,22.6563
7356,12.5000,22.7539
7396,12.6953,23.1445
7436,12.5000,22.7539
7476,12.5977,23.7305
7516,12.2070,23.2422
7556,12.2070,23.0469
7596,12.0117,22.6563
7636,12.4023,23.6328
7676,12.8906,23.7305
7716,12.5000,22.9492
7756,12.1094,23.4375
7796,12.7930,23.2422
7836,12.1094,24.4141
7876,12.2070,23.5352
7916,11.8164,23.7305
7956,12.4023,23.4375
7996,12.4023,23.5352
8036,12.4023,22.5586
8080,12.5977,23.5352
8124,12.7930,24.8047
8168,13.0859,24.2188
8212,14.1602,26.5625
8256,13.6719,25.4883
8300,14.3555,24.2188
8344,13.6719,25.0977
8388,13.8672,24.5117
8432,13.4766,24.0234
8476,13.1836,24.9023
8520,13.0859,24.3164
8564,14.0625,23.0469
8608,13.8672,24.1211
8652,14.5508,24.1211
8696,13.8672,23.3398
8740,13.4766,23.4375
8784,13.4766,23.6328
8828,14.5508,25.0000
8876,14.1602,26.3672
8924,14.4531,23.5352
8972,14.6484,24.4141
9020,13.5742,22.5586
9068,14.3555,25.1953
9116,13.6719,23.9258
9164,14.0625,24.4141
9212,13.5742,22.5586
9260,13.5742,24.7070
9308,13.8672,24.7070
9356,14.0625,24.9023
9404,14.0625,24.5117
9452,14.0625,24.6094
9500,14.1602,22.6563
9548,13.6719,25.9766
9596,13.5742,23.0469
9644,13.8672,23.2422
9696,14.1602,24.0234
9748,14.0625,25.4883
9800,13.8672,24.9023
9852,13.9648,23.5352
9904,14.0625,25.4883
9956,13.2813,23.5352
10008,13.7695,24.7070
10060,13.9648,23.7305
10112,13.8672,23.6328
10164,14.2578,24.0234
10216,13.9648,24.0234
10268,14.2578,27.8320
10320,14.3555,29.4922
10372,15.0391,26.6602
10424,14.1602,24.2188
10480,14.3555,23.8281
10536,14.0625,23.4375
10592,14.2578,24.7070
10648,13.3789,23.3398
10704,14.2578,22.3633
10760,14.4531,24.5117
10816,13.6719,23.7305
10872,13.9648,24.7070
10928,13.9648,23.6328
10984,13.7695,23.3398
11040,19.3359,22.4609
11096,13.2813,23.5352
11152,13.6719,23.8281
11208,13.9648,23.6328
11268,14.0625,24.0234
11328,14.3555,25.0000
11388,13.9648,24.3164
11448,14.1602,22.7539
11508,13.7695,25.0977
11568,13.8672,24.5117
11628,13.8672,23.4375
11688,14.3555,24.0234
11748,13.1836,23.5352
11808,14.1602,24.5117
11868,20.1172,26.3672
11928,14.2578,25.3906
11988,14.0625,24.0234
12048,14.7461,24.4141
12112,13.7695,24.0234
12176,14.6484,24.8047
12240,13.9648,23.7305
12304,13.3789,23.2422
12368,13.9648,23.2422
12432,13.5742,24.5117
12496,14.0625,23.7305
12560,14.9414,25.6836
12624,14.1602,23.8281
12688,14.0625,25.8789
12752,15.1367,23.3398
12816,14.2578,25.0000
12884,13.7695,24.6094
12952,14.3555,24.1211
13020,14.4531,25.0977
13088,14.0625,24.0234
13156,13.5742,23.3398
13224,13.6719,24.5117
13292,14.1602,24.5117
13360,14.7461,24.9023
13428,14.4531,25.1953
13496,13.9648,24.7070
13564,13.6719,24.7070
13632,13.4766,22.3633
13704,13.5742,25.0000
13776,13.8672,25.0977
13848,13.8672,24.8047
13920,13.3789,25.1953
13992,13.0859,24.3164
14064,13.9648,24.6094
14136,13.9648,24.2188
14208,14.0625,24.9023
14280,14.1602,25.0000
14352,12.8906,24.6094
14424,13.8672,25.1953
14500,14.3555,24.3164
14576,13.5742,24.0234
14652,13.9648,25.4883
14728,13.8672,28.1250
14804,14.1602,25.4883
14880,14.0625,24.9023
14956,14.0625,24.1211
15032,13.9648,25.3906
15108,14.0625,25.8789
15184,13.6719,24.7070
15260,13.2813,24.6094
15340,13.7695,24.7070
15420,13.3789,23.5352
15500,13.6719,25.0000
15580,14.3555,25.0000
15660,14.0625,25.5859
15740,13.3789,25.6836
15820,14.5508,26.8555
15900,13.5742,23.8281
15980,13.9648,23.6328
16060,13.8672,24.0234
16144,14.1602,25.5859
16228,13.6719,25.1953
16312,14.4531,24.9023
16396,15.4297,26.5625
16480,15.9180,24.8047
16564,16.0156,25.6836
16648,15.6250,23.4375
16732,16.2109,25.6836
16816,16.6016,25.4883
16904,15.4297,25.6836
16992,17.7734,25.6836
17080,16.2109,25.1953
17168,15.6250,24.9023
17256,15.5273,23.9258
17344,15.4297,24.2188
17432,15.3320,24.7070
17520,14.7461,23.5352
17608,15.7227,24.3164
17700,16.1133,26.5625
17792,15.7227,25.2930
17884,15.9180,26.1719
17976,16.4063,26.4648
18068,15.4297,25.3906
18160,15.5273,25.0000
18252,15.8203,25.4883
18344,15.6250,24.8047
18436,15.9180,24.5117
18532,16.3086,25.6836
18628,15.6250,24.5117
18724,15.0391,24.4141
18820,15.7227,25.4883
18916,16.3086,24.5117
19012,15.6250,24.9023
19108,15.7227,26.7578
19204,15.7227,24.9023
19304,15.4297,24.4141
19404,20.7031,27.2461
19504,15.5273,25.0977
19604,15.7227,25.7813
19704,15.6250,24.6094
19804,15.6250,25.2930
19904,15.4297,25.3906
20004,15.8203,25.7813
20108,15.5273,25.3906
20212,15.9180,26.0742
20316,15.6250,27.2461
20420,15.3320,25.1953
20524,15.9180,26.0742
20628,16.0156,26.4648
20732,15.4297,26.0742
20836,15.3320,27.8320
20944,17.2852,26.4648
21052,15.8203,25.2930
21160,15.1367,25.1953
21268,15.8203,26.1719
21376,15.8203,26.1719
21484,15.6250,25.0977
21592,16.4063,26.3672
21700,14.8438,24.4141
21812,16.3086,25.4883
21924,16.0156,24.2188
22036,15.3320,27.9297
22148,15.3320,26.4648
22260,16.1133,26.3672
22372,16.1133,25.9766
22484,15.2344,25.1953
22600,15.3320,25.1953
22716,15.9180,25.0000
22832,16.1133,25.4883
22948,15.2344,25.3906
23064,15.6250,25.5859
23180,16.1133,26.9531
23296,15.6250,26.8555
23416,15.5273,24.6094
23536,15.9180,25.9766
23656,16.8945,27.4414
23776,15.7227,25.0977
23896,17.0898,26.4648
24016,15.2344,25.8789
24140,15.3320,25.2930
24264,14.6484,24.9023
24388,15.1367,25.3906
24512,15.9180,26.7578
24636,16.1133,27.0508
24760,16.0156,26.7578
24884,15.6250,25.8789
25012,16.5039,25.6836
25140,16.0156,28.1250
25268,15.4297,25.9766
25396,15.3320,25.2930
25524,15.3320,28.6133
25652,14.6484,25.1953
25784,16.5039,26.2695
25916,15.8203,26.1719
26048,15.6250,26.3672
26180,14.7461,25.7813
26312,15.5273,25.5859
26444,15.6250,25.6836
26580,15.4297,26.1719
26716,15.7227,25.9766
26852,15.6250,25.9766
26988,15.5273,26.4648
27124,15.8203,27.0508
27260,16.0156,26.0742
27400,15.4297,25.9766
27540,15.0391,26.0742
27680,15.6250,25.2930
27820,15.9180,27.1484
27960,16.1133,26.9531
28100,14.9414,24.5117
28244,15.7227,26.2695
28388,15.7227,25.4883
28532,14.9414,24.9023
28676,15.8203,26.5625
28820,15.3320,25.7813
28968,16.3086,26.9531
29116,16.0156,26.8555
29264,15.7227,25.8789
29412,16.5039,27.1484
29560,15.6250,25.9766
29708,15.9180,27.1484
29860,15.9180,26.5625
30012,15.4297,26.3672
30164,15.3320,26.6602
30316,15.5273,26.8555
30468,16.2109,26.7578
30624,15.4297,26.9531
30780,15.2344,25.7813
30936,20.1172,28.2227
31092,15.9180,26.6602
31248,22.1680,30.1758
31408,16.4063,26.6602
31568,19.8242,26.5625
31728,15.5273,26.0742
31888,16.1133,27.5391
32048,16.1133,26.3672
32212,17.0898,31.1523
32376,15.4297,26.8555
32540,15.2344,25.7813
32704,15.5273,27.7344
32868,18.3594,26.3672
33036,18.4570,28.3203
33204,17.4805,29.1016
33372,17.7734,26.8555
33540,16.8945,27.1484
33708,17.7734,27.6367
33880,18.1641,26.8555
34052,17.4805,27.2461
34224,17.6758,28.2227
34396,17.1875,26.8555
34568,17.9688,27.3438
34744,17.7734,27.9297
34920,17.6758,28.9063
35096,17.7734,28.0273
35272,16.5039,26.7578
35452,17.3828,27.7344
35632,17.1875,27.7344
35812,17.5781,26.6602
35992,17.3828,27.0508
36172,17.9688,28.5156
36356,18.1641,27.8320
36540,17.6758,28.0273
36724,17.3828,28.0273
36908,17.1875,26.3672
37096,17.4805,28.4180
37284,17.3828,27.0508
37472,16.9922,28.8086
37660,17.0898,28.1250
37852,18.1641,29.1016
38044,18.1641,28.2227
38236,17.1875,27.4414
38428,17.3828,27.0508
38624,16.9922,27.4414
38820,18.0664,28.3203
39016,16.2109,25.9766
39212,18.0664,28.0273
39412,17.1875,26.6602
39612,16.7969,27.4414
39812,17.5781,28.1250
40012,17.0898,27.9297
40216,17.5781,27.3438
40420,16.8945,27.1484
40624,16.6992,26.4648
40828,17.5781,28.2227
41036,17.9688,27.2461
41244,17.7734,26.9531
41452,17.6758,27.0508
41660,17.7734,28.1250
41872,18.3594,28.7109
42084,18.2617,28.2227
42296,18.2617,29.1992
42508,17.6758,27.8320
42724,17.3828,30.0781
42940,18.1641,28.1250
43156,17.6758,28.2227
43372,17.3828,27.4414
43592,17.7734,26.6602
43812,18.5547,28.7109
44032,18.1641,29.1016
44256,18.0664,28.4180
44480,17.8711,28.2227
44704,17.5781,28.3203
44928,18.0664,28.9063
45156,17.3828,29.0039
45384,17.2852,28.1250
45612,19.6289,27.0508
45844,17.8711,29.1016
46076,16.7969,27.0508
46308,18.1641,29.0039
46540,16.4063,26.8555
46776,17.7734,27.9297
47012,17.8711,29.0039
47248,17.3828,28.6133
47488,17.8711,29.0039
47728,17.5781,28.7109
47968,22.7539,29.1992
48208,18.5547,28.6133
48452,16.7969,29.3945
48696,17.3828,26.5625
48940,17.3828,27.7344
49188,17.8711,29.5898
49436,17.8711,28.8086
49684,17.8711,28.0273
49936,17.9688,28.0273
50188,18.1641,28.7109
50440,17.5781,28.8086
50696,18.2617,28.2227
50952,17.3828,27.4414
51208,17.5781,28.6133
51468,18.3594,27.4414
51728,17.9688,29.1016
51988,18.3594,27.8320
52248,17.8711,28.1250
52512,17.5781,28.5156
52776,17.3828,29.1016
53040,17.9688,29.0039
53308,17.4805,28.7109
53576,17.5781,29.4922
53844,17.6758,29.1016
54116,18.3594,29.1992
54388,18.0664,29.1992
54660,17.5781,28.0273
54936,19.7266,28.9063
55212,17.6758,28.8086
55492,17.7734,28.4180
55772,16.9922,27.5391
56052,17.2852,28.4180
56336,18.1641,27.7344
56620,17.4805,29.7852
56904,17.7734,28.5156
57192,17.2852,28.2227
57480,18.3594,29.3945
57768,17.7734,27.9297
58060,17.8711,28.9063
58352,18.4570,31.3477
58644,18.7500,30.7617
58940,18.0664,27.3438
59236,17.6758,29.4922
59536,17.6758,28.4180
59836,17.7734,27.8320
60136,17.0898,28.8086
60440,18.3594,29.0039
60744,17.8711,29.0039
61048,17.9688,30.5664
61356,17.2852,28.9063
61664,17.5781,29.1016
61976,17.4805,28.2227
62288,18.0664,30.1758
62600,17.6758,28.1250
62916,18.1641,29.0039
63232,17.2852,26.3672
63552,17.7734,28.5156
63872,17.8711,29.8828
64192,17.2852,28.9063
64516,17.6758,29.8828
64840,17.1875,28.1250
65168,16.9922,29.0039
65496,19.4336,29.1992
65824,20.0195,32.8125
66156,20.3125,32.2266
66488,19.6289,31.2500
66824,20.2148,30.4688
67160,19.9219,31.2500
67496,19.9219,30.1758
67836,20.4102,32.2266
68176,19.2383,30.6641
68520,20.2148,31.6406
68864,19.4336,32.1289
69212,19.9219,30.6641
69560,19.5313,31.8359
69908,22.5586,31.6406
70260,19.1406,29.6875
70612,20.0195,32.6172
70968,19.6289,32.5195
71324,19.8242,30.9570
71684,20.1172,30.9570
72044,19.4336,32.4219
72408,18.8477,30.8594
72772,19.5313,33.7891
73136,20.2148,32.0313
73504,18.5547,29.1992
73872,19.7266,37.6953
74244,20.8008,32.1289
74616,20.1172,32.4219
74992,19.3359,30.7617
75368,19.6289,30.1758
75748,19.3359,30.7617
76128,19.8242,31.2500
76512,18.8477,29.9805
76896,19.6289,31.6406
77284,18.6523,29.5898
77672,19.6289,32.0313
78064,19.8242,32.3242
78456,21.6797,32.7148
78852,19.4336,30.5664
79248,19.5313,31.7383
79648,19.6289,31.4453
80048,20.1172,33.7891
80452,20.1172,31.7383
80856,19.8242,32.1289
81264,19.4336,31.7383
81672,19.8242,31.4453
82084,20.1172,31.2500
82496,19.7266,31.0547
82912,19.8242,34.4727
83328,21.0938,33.5938
83748,20.0195,31.4453
84168,19.7266,31.6406
84592,19.8242,31.2500
85016,19.5313,33.5938
85444,19.5313,31.5430
85872,19.8242,32.2266
86304,19.7266,30.6641
86736,17.9688,30.3711
87172,20.1172,32.2266
87608,20.4102,31.3477
88048,19.8242,33.3984
88492,20.1172,33.8867
88936,20.0195,33.2031
89384,19.7266,31.7383
89832,19.0430,31.6406
90284,19.5313,31.2500
90736,19.2383,31.4453
91192,19.8242,31.5430
91648,19.7266,31.8359
92108,19.5313,32.9102
92572,19.3359,30.6641
93036,21.9727,30.6641
93504,19.8242,34.1797
93972,20.3125,34.6680
94444,19.2383,31.5430
94920,19.4336,30.7617
95396,19.2383,31.7383
95876,19.7266,31.6406
96356,19.8242,32.4219
96840,20.4102,33.1055
97328,19.0430,32.0313
97816,19.8242,32.3242
98308,22.1680,32.0313
98800,19.6289,31.6406
99296,20.8984,32.4219
99796,19.2383,30.8594
100296,19.2383,33.5938
100800,20.8984,34.1797
101304,19.9219,33.5938
101812,20.4102,32.5195
102324,20.0195,33.6914
102836,19.8242,31.7383
103352,19.8242,32.2266
103872,19.9219,35.5469
104392,20.2148,32.9102
104916,19.9219,32.3242
105444,19.5313,33.7891
105972,19.4336,32.2266
106504,20.2148,33.3008
107040,19.6289,31.7383
107576,19.5313,32.7148
108116,24.4141,32.0313
108660,19.3359,31.8359
109204,19.4336,32.0313
109752,19.8242,32.8125
110304,20.0195,33.3008
110856,19.8242,32.4219
111412,20.8984,33.9844
111972,20.3125,33.3008
112532,19.4336,32.1289
113096,19.7266,33.0078
113664,19.7266,33.0078
114236,24.7070,30.9570
114808,19.6289,32.1289
115384,19.9219,33.8867
115964,20.3125,36.4258
116544,21.1914,36.1328
117128,20.3125,33.6914
117716,20.8008,33.8867
118308,19.1406,32.2266
118900,19.7266,32.7148
119496,19.3359,32.5195
120096,20.0195,33.4961
120700,20.4102,33.6914
121304,19.6289,33.0078
121912,20.4102,33.6914
122524,20.1172,34.5703
123140,19.7266,33.3984
123756,20.2148,34.4727
124376,19.8242,33.1055
125000,19.7266,31.0547
125628,19.8242,33.3008
126260,19.7266,33.3984
126892,19.7266,33.3984
127528,20.0195,33.4961
128168,19.5313,32.8125
128812,20.8008,34.0820
129460,20.6055,35.4492
130108,20.3125,33.6914
130760,20.1172,34.2773
131416,22.8516,33.3984
132076,22.5586,33.0078
132740,22.7539,33.3008
133404,21.9727,34.1797
134072,21.9727,33.4961
134744,22.4609,33.4961
135420,22.4609,35.2539
136100,21.9727,33.7891
136784,22.5586,36.3281
137468,21.5820,33.3008
138156,22.3633,34.7656
138848,22.4609,34.5703
139544,22.6563,33.7891
140244,23.2422,34.8633
140948,22.2656,33.0078
141656,22.1680,32.1289
142368,20.9961,33.1055
143080,21.9727,33.2031
143796,22.4609,34.7656
144516,21.4844,33.3008
145240,21.9727,33.2031
145968,21.7773,33.0078
146700,22.5586,34.9609
147436,22.2656,33.3984
148176,22.2656,33.7891
148920,21.7773,32.3242
149668,23.1445,35.1563
150420,22.5586,33.4961
151176,22.4609,34.5703
151932,21.1914,35.8398
152692,21.5820,33.3984
153456,22.7539,35.8398
154224,22.4609,35.5469
154996,22.3633,35.1563
155772,22.3633,34.5703
156552,21.7773,34.3750
157336,28.0273,33.4961
158124,21.1914,33.2031
158916,22.9492,35.0586
159712,24.6094,32.1289
160512,21.6797,33.8867
161316,25.2930,34.7656
162124,22.0703,37.6953
162936,22.0703,34.1797
163752,21.3867,32.6172
164572,22.0703,33.6914
165396,21.3867,32.6172
166224,22.8516,34.9609
167056,21.5820,33.3984
167892,23.0469,35.4492
168732,22.3633,34.7656
169576,21.3867,33.2031
170424,21.9727,33.7891
171280,21.1914,33.5938
172140,22.7539,35.5469
173004,22.5586,33.7891
173872,20.5078,32.7148
174744,23.8281,35.3516
175620,22.1680,34.9609
176500,21.5820,33.3008
177384,22.0703,33.7891
178272,21.4844,33.3984
179164,22.2656,33.2031
180060,22.5586,34.6680
180964,21.7773,32.9102
181872,21.3867,33.2031
182784,21.7773,33.3984
183700,22.8516,34.2773
184620,21.5820,34.3750
185544,20.5078,32.7148
186472,22.7539,33.9844
187408,22.2656,35.3516
188348,22.7539,34.7656
189292,22.0703,35.2539
190240,21.7773,35.4492
191192,23.7305,36.7188
192148,21.6797,33.7891
193112,22.7539,34.9609
194080,22.8516,35.1563
195052,22.7539,34.8633
196028,20.9961,32.6172
197012,21.6797,33.5938
198000,27.2461,34.5703
198992,20.8984,33.7891
199988,22.0703,34.4727
200988,21.3867,34.6680
201996,22.1680,33.4961
203008,22.1680,34.4727
204024,21.8750,34.6680
205048,21.6797,32.8125
206076,22.7539,36.0352
207108,21.9727,34.3750
208144,25.3906,35.8398
209188,21.8750,35.3516
210236,21.8750,33.7891
211288,23.0469,33.8867
212348,21.5820,34.4727
213412,21.6797,34.6680
214480,22.3633,35.8398
215556,22.4609,34.3750
216636,22.0703,35.4492
217720,21.9727,36.9141
218812,22.0703,33.3008
219908,22.4609,35.4492
221008,21.2891,36.1328
222116,21.9727,34.3750
223228,22.2656,34.3750
224348,27.7344,39.4531
225472,22.3633,33.6914
226600,22.4609,34.9609
227736,21.2891,33.2031
228876,22.5586,34.8633
230024,21.2891,32.1289
231176,21.7773,33.5938
232332,22.6563,36.0352
233496,22.5586,35.8398
234664,22.7539,36.2305
235840,22.8516,36.3281
237020,23.1445,36.4258
238208,22.8516,35.6445
239400,22.4609,34.3750
240600,22.6563,35.3516
241804,22.9492,35.3516
243016,22.1680,36.6211
244232,22.8516,35.6445
245456,21.4844,36.3281
246684,22.0703,33.4961
247920,22.9492,36.8164
249160,23.0469,37.6953
250408,21.8750,34.8633
251664,21.6797,33.6914
252924,23.2422,36.5234
254192,25.4883,35.7422
255464,22.2656,36.2305
256744,22.2656,35.4492
258028,22.6563,34.3750
259320,22.2656,34.4727
260620,22.6563,35.3516
261924,24.1211,38.1836
263236,25.9766,37.6953
264556,25.1953,35.4492
265880,25.1953,35.5469
267212,25.8789,35.7422
268552,25.5859,36.5234
269896,24.7070,36.3281
271248,25.3906,35.7422
272608,25.4883,36.7188
273972,24.9023,35.0586
275344,24.6094,35.3516
276724,25.2930,36.2305
278108,23.6328,35.0586
279500,24.9023,37.9883
280900,25.0000,37.1094
282308,25.4883,38.0859
283720,25.3906,36.4258
285140,25.1953,36.8164
286568,24.4141,36.8164
288004,25.4883,36.4258
289448,25.0977,36.0352
290896,25.1953,37.9883
292352,24.1211,34.2773
293816,25.6836,35.2539
295288,24.9023,36.6211
296768,24.6094,35.5469
298252,25.4883,36.3281
299744,25.3906,38.0859
301244,24.5117,35.8398
302752,25.1953,37.0117
304268,24.6094,36.3281
305792,25.0000,35.3516
307324,24.1211,33.9844
308864,25.3906,35.8398
310412,25.7813,37.2070
311968,24.6094,35.3516
313528,25.2930,37.4023
315096,27.4414,40.6250
316672,25.1953,35.7422
318256,24.2188,37.1094
319848,25.1953,36.9141
321448,24.9023,36.0352
323056,26.4648,34.8633
324672,24.7070,36.5234
326296,25.0977,36.3281
327928,25.4883,36.2305
329568,25.0977,38.1836
331216,24.2188,35.1563
332876,25.2930,37.1094
334544,24.8047,37.3047
336220,23.7305,34.7656
337904,25.5859,36.9141
339596,25.0000,36.8164
341296,25.6836,37.8906
343004,24.4141,36.2305
344720,25.5859,35.8398
346444,25.4883,37.2070
348180,25.3906,37.0117
349924,25.0000,37.8906
351676,25.1953,36.2305
353436,25.0977,35.2539
355204,30.1758,35.2539
356984,24.9023,36.2305
358772,24.4141,35.8398
360568,25.0000,37.5000
362372,25.4883,37.4023
364184,26.5625,38.2813
366008,26.0742,38.4766
367840,25.7813,36.9141
369680,26.6602,37.2070
371532,25.1953,38.1836
373392,25.9766,36.9141
375260,26.5625,37.9883
377140,24.9023,35.6445
379028,25.6836,37.4023
380924,25.4883,36.3281
382832,24.6094,35.1563
384748,25.5859,37.1094
386672,25.0000,36.4258
388608,25.4883,39.6484
390552,25.6836,36.6211
392508,25.5859,36.4258
394472,25.2930,37.0117
396448,25.0977,36.5234
398432,24.9023,35.3516
400428,24.7070,36.8164
402432,24.8047,36.2305
404448,25.6836,38.0859
406472,26.1719,39.7461
408508,26.0742,38.2813
410552,26.0742,37.3047
412608,25.4883,37.3047
414672,27.3438,39.3555
416748,25.3906,36.7188
418832,25.1953,37.0117
420928,26.3672,38.2813
423036,25.7813,38.1836
425152,26.2695,41.1133
427280,27.0508,38.3789
429420,27.1484,39.7461
431568,27.3438,38.5742
433728,33.9844,41.6992
435900,25.1953,37.4023
438080,25.6836,37.5977
440272,26.0742,37.5977
442476,25.6836,36.6211
444692,25.9766,38.1836
446916,27.2461,38.3789
449152,25.5859,37.9883
451400,26.0742,38.2813
453660,25.7813,37.8906
455932,26.8555,38.6719
458212,25.8789,37.6953
460504,26.8555,38.0859
462808,27.3438,38.2813
465124,28.4180,37.2070
467452,27.1484,39.1602
469792,26.3672,37.9883
472144,26.3672,38.2813
474508,27.3438,38.0859
476884,27.3438,38.7695
479272,26.3672,38.2813
481672,27.1484,39.6484
484084,25.9766,38.6719
486508,26.2695,37.1094
488944,26.3672,37.6953
491392,26.6602,37.8906
493852,26.4648,37.5000
496324,27.1484,40.0391
498808,25.5859,37.7930
501304,27.4414,40.1367
503812,25.5859,37.0117
506332,30.8594,39.1602
508864,27.7344,39.5508
511412,26.1719,38.3789
513972,27.0508,39.0625
516544,27.2461,37.9883
519128,26.5625,39.0625
521724,27.4414,40.6250
524336,32.6172,42.2852
526960,30.8594,45.7031
529596,30.1758,41.1133
532244,29.3945,39.4531
534908,29.5898,39.0625
537584,29.7852,40.3320
540272,29.6875,40.3320
542976,29.2969,40.6250
545692,29.5898,40.1367
548424,29.1992,42.5781
551168,29.5898,39.8438
553924,28.7109,38.5742
556696,29.6875,40.4297
559480,30.0781,40.1367
562280,30.1758,40.1367
565092,29.3945,39.5508
567920,29.9805,39.7461
570760,30.8594,43.1641
573616,29.5898,38.5742
576488,29.9805,40.3320
579372,31.2500,47.2656
582272,29.6875,37.7930
585184,30.5664,40.0391
588112,28.8086,38.7695
591056,31.5430,41.6016
594012,28.8086,37.6953
596984,29.1992,38.4766
599972,30.4688,39.8438
602972,30.1758,41.5039
605988,28.7109,39.3555
609020,29.4922,39.4531
612068,30.4688,41.3086
615132,29.4922,39.0625
618208,30.2734,44.1406
621300,29.4922,38.7695
624408,29.4922,40.3320
627532,28.6133,37.6953
630672,30.2734,40.2344
633828,29.9805,39.8438
637000,29.2969,41.1133
640188,29.7852,41.5039
643392,30.8594,44.4336
646612,31.0547,41.5039
649848,32.0313,42.7734
653100,29.9805,39.2578
656368,29.8828,39.7461
659652,30.1758,40.4297
662952,30.4688,39.8438
666268,29.6875,39.5508
669600,29.5898,44.8242
672948,29.8828,40.1367
676316,30.0781,40.4297
679700,29.5898,40.1367
683100,30.1758,40.2344
686516,30.8594,40.5273
689952,30.6641,39.7461
693404,30.7617,40.8203
696872,29.3945,42.7734
700360,30.9570,43.0664
703864,30.7617,41.7969
707384,31.8359,42.4805
710924,30.5664,39.3555
714480,28.1250,37.1094
718056,30.0781,40.2344
721648,29.5898,42.5781
725260,29.9805,41.3086
728888,29.2969,39.9414
732536,29.7852,39.2578
736200,30.2734,40.5273
739884,29.1016,40.4297
743584,30.8594,42.2852
747304,28.1250,37.8906
751044,32.7148,39.8438
754800,29.8828,41.6992
758576,29.4922,45.4102
762372,29.4922,38.5742
766184,30.3711,41.6992
770016,30.1758,40.0391
773868,30.3711,44.6289
777740,32.4219,45.6055
781632,30.2734,41.3086
785544,29.6875,39.9414
789472,29.6875,39.9414
793420,30.6641,41.5039
797388,29.8828,39.8438
801376,29.8828,41.0156
805384,30.9570,43.1641
809412,30.2734,47.7539
813460,29.1016,39.9414
817528,30.9570,40.2344
821616,30.4688,41.6992
825728,29.4922,41.1133
829860,33.6914,45.6055
834012,32.7148,43.9453
838184,33.1055,45.8008
842376,30.6641,41.6016
846588,31.2500,41.6992
850824,34.1797,42.7734
855080,30.7617,40.6250
859356,30.0781,42.5781
863656,30.0781,40.5273
867976,31.5430,44.0430
872316,30.6641,39.8438
876680,30.2734,41.7969
881064,29.1992,39.1602
885472,29.8828,41.0156
889900,30.9570,42.2852
894352,31.8359,44.1406
898824,33.4961,45.0195
903320,31.8359,45.4102
907840,30.7617,41.7969
912380,31.7383,42.4805
916944,32.1289,43.6523
921532,31.9336,42.8711
926140,31.2500,43.3594
930772,30.6641,42.0898
935428,31.6406,46.5820
940108,30.3711,41.4063
944812,30.2734,41.8945
949540,32.9102,44.3359
954288,30.5664,42.3828
959060,30.8594,41.3086
963856,32.9102,45.8008
968676,30.2734,44.0430
973520,33.0078,46.4844
978388,33.3008,49.1211
983280,31.8359,43.6523
988200,32.0313,42.3828
993144,30.9570,42.3828
998112,30.9570,43.6523
1003104,31.1523,43.1641
1008120,31.6406,43.9453
1013164,31.9336,42.8711
1018232,31.3477,42.1875
1023324,32.8125,44.2383
1028444,32.9102,43.6523
1033588,31.8359,43.5547
1038756,31.4453,41.9922
1043952,32.1289,45.4102
1049172,34.5703,45.2148
1054420,34.7656,44.8242
1059696,34.3750,45.1172
1064996,33.8867,43.0664
1070324,40.4297,46.9727
1075676,33.7891,43.2617
1081056,35.1563,44.3359
1086464,33.9844,43.7500
1091900,34.4727,43.5547
1097360,34.4727,43.9453
1102848,33.0078,42.6758
1108364,34.4727,44.2383
1113908,34.2773,45.5078
1119480,33.9844,42.8711
1125080,34.9609,44.3359
1130708,36.2305,46.3867
1136364,33.7891,45.3125
1142048,33.4961,48.0469
1147760,33.8867,44.5313
1153500,35.2539,44.9219
1159268,33.5938,42.2852
1165068,35.6445,45.7031
1170896,33.7891,44.4336
1176752,33.6914,45.7031
1182636,35.3516,47.0703
1188552,33.7891,43.8477
1194496,35.2539,45.2148
1200472,35.8398,46.5820
1206476,33.8867,44.3359
1212512,34.2773,44.6289
1218576,33.4961,43.6523
1224672,33.3008,43.1641
1230796,43.5547,44.5313
1236952,34.2773,44.2383
1243140,37.5977,49.6094
1249356,32.4219,41.0156
1255604,33.0078,44.6289
1261884,35.4492,44.6289
1268196,33.7891,44.0430
1274540,34.4727,43.4570
1280916,35.3516,46.6797
1287324,34.1797,44.5313
1293764,33.1055,43.4570
1300236,35.8398,46.1914
1306740,36.2305,46.4844
1313276,35.9375,45.6055
1319844,32.5195,42.8711
1326444,35.6445,45.2148
1333080,35.0586,44.0430
1339748,36.2305,47.8516
1346448,33.6914,44.4336
1353184,34.7656,44.1406
1359952,34.5703,44.3359
1366752,34.4727,45.5078
1373588,34.3750,44.4336
1380456,34.3750,45.5078
1387360,36.6211,47.5586
1394300,36.8164,48.5352
1401272,37.3047,49.5117
1408280,36.4258,46.5820
1415324,35.8398,48.0469
1422404,35.3516,45.3125
1429520,33.6914,43.8477
1436668,35.4492,45.6055
1443852,34.1797,43.7500
1451072,35.9375,46.6797
1458328,36.4258,46.8750
1465620,36.3281,47.3633
1472952,35.9375,45.9961
1480320,37.7930,48.8281
1487724,37.2070,48.0469
1495164,36.8164,47.0703
1502640,34.6680,43.7500
1510156,35.4492,45.4102
1517708,34.6680,45.1172
1525300,38.9648,47.7539
1532928,38.3789,49.1211
1540596,36.3281,47.0703
1548300,35.5469,45.8984
1556044,36.4258,47.3633
1563828,36.2305,45.6055
1571648,39.8438,46.9727
1579508,36.1328,47.4609
1587408,37.4023,47.6563
1595348,38.5742,49.2188
1603328,44.7266,47.5586
1611348,38.5742,47.8516
1619408,38.7695,49.8047
1627508,37.8906,48.8281
1635648,37.8906,48.5352
1643828,36.6211,50.0000
1652048,35.5469,45.7031
1660312,37.4023,49.8047
1668616,35.8398,44.9219
1676960,36.7188,48.0469
1685348,37.4023,47.4609
1693776,36.4258,48.6328
1702248,35.2539,46.0938
1710760,37.2070,47.7539
1719316,37.7930,48.5352
1727916,36.7188,47.2656
1736556,36.8164,47.0703
1745240,36.3281,48.5352
1753968,38.0859,47.7539
1762740,37.8906,49.7070
1771556,37.8906,49.5117
1780416,38.4766,50.0977
1789320,38.0859,50.0000
1798268,41.6016,45.8008
1807260,37.6953,49.5117
1816300,37.2070,47.6563
1825384,37.8906,49.2188
1834512,38.0859,49.5117
1843688,37.6953,48.6328
1852908,46.9727,49.8047
1862176,38.1836,49.1211
1871488,35.9375,44.1406
1880848,38.8672,50.2930
1890256,38.0859,49.3164
1899708,35.9375,45.5078
1909208,37.5977,47.2656
1918756,38.7695,49.8047
1928352,38.7695,50.1953
1937996,38.3789,49.2188
1947688,38.3789,48.6328
1957428,37.4023,48.5352
1967216,38.1836,50.6836
1977056,37.5000,48.7305
1986944,37.8906,48.3398
1996880,36.1328,47.1680
2006868,38.5742,54.1992
2016904,38.1836,50.0000
2026992,37.8906,49.0234
2037128,38.3789,49.8047
2047316,37.5000,47.6563
2057556,37.3047,48.7305
2067844,38.5742,49.3164
2078184,38.4766,49.5117
2088576,37.9883,48.1445
2099020,40.9180,52.5391
2109516,40.8203,52.8320
2120064,39.0625,48.3398
2130668,40.0391,50.8789
2141324,39.5508,50.1953
2152032,40.7227,50.0000
2162796,40.2344,49.8047
2173612,40.8203,65.5273
2184484,41.1133,52.2461
2195408,39.9414,50.2930
2206388,40.7227,52.9297
2217420,40.4297,50.6836
2228508,41.0156,64.9414
2239652,39.6484,49.7070
2250852,41.2109,48.6328
2262108,36.9141,45.6055
2273420,43.4570,50.8789
2284788,40.2344,52.8320
2296212,41.3086,51.3672
2307696,40.1367,50.5859
2319236,39.6484,49.8047
2330836,42.4805,52.9297
2342492,41.3086,51.5625
2354208,39.5508,48.6328
2365980,38.0859,46.8750
2377812,41.4063,51.4648
2389704,39.2578,49.5117
2401656,53.8086,56.2500
2413668,48.2422,54.1992
2425740,48.7305,56.1523
2437872,48.8281,52.3438
2450064,39.4531,50.0000
2462316,40.0391,49.3164
2474628,41.1133,54.1992
2487004,40.2344,49.5117
2499440,38.0859,46.4844
2511940,40.4297,48.8281
2524500,38.8672,50.1953
2537124,39.5508,51.9531
2549812,41.8945,52.4414
2562564,38.2813,46.2891
2575380,41.1133,50.9766
2588260,39.0625,47.6563
2601204,47.9492,57.4219
2614212,41.2109,51.8555
2627284,41.4063,52.3438
2640424,41.3086,51.1719
2653628,41.3086,53.1250
2666900,41.3086,51.4648
2680236,42.8711,52.4414
2693640,41.0156,50.7813
2707112,41.0156,50.6836
2720648,41.6016,51.7578
2734252,42.9688,52.2461
2747924,41.8945,52.2461
2761664,40.2344,50.6836
2775476,41.6992,50.1953
2789356,42.2852,53.4180
2803304,41.3086,50.8789
2817324,40.6250,50.5859
2831412,39.5508,50.3906
2845572,40.5273,50.0977
2859800,42.4805,52.2461
2874100,42.5781,55.8594
2888472,41.7969,54.0039
2902916,41.3086,51.7578
2917432,40.8203,51.2695
2932020,41.3086,53.1250
2946684,40.3320,49.9023
2961420,43.7500,55.0781
2976228,41.4063,52.3438
2991112,41.0156,50.9766
3006068,46.8750,55.2734
3021100,40.3320,50.2930
3036208,42.5781,53.1250
3051392,41.6016,52.6367
3066652,46.7773,49.3164
3081988,42.1875,51.5625
3097400,43.4570,53.1250
3112888,43.2617,52.7344
3128456,42.7734,51.3672
3144100,56.3477,51.7578
3159824,42.8711,53.6133
3175624,40.8203,51.4648
3191504,41.8945,50.8789
3207464,42.0898,55.7617
3223504,42.3828,53.3203
3239624,41.7969,53.0273
3255824,42.4805,52.0508
3272104,41.2109,51.5625
3288468,43.5547,50.2930
3304912,41.9922,52.1484
3321440,39.5508,48.7305
3338048,42.8711,54.6875
3354740,41.5039,53.8086
3371516,42.6758,53.4180
3388376,41.8945,49.7070
3405320,41.6992,51.0742
3422348,42.2852,52.9297
3439460,43.6523,54.0039
3456660,41.5039,52.2461
3473944,43.2617,52.7344
3491316,40.3320,50.0977
3508776,42.7734,54.5898
3526320,42.1875,52.2461
3543952,41.9922,52.2461
3561672,42.3828,56.0547
3579484,43.3594,56.6406
3597384,76.4648,62.4023
3615372,55.6641,56.9336
3633452,50.0000,56.5430
3651620,43.1641,51.7578
3669880,45.9961,56.2500
3688232,45.3125,55.6641
3706676,44.2383,54.2969
3725212,42.7734,53.7109
3743840,43.5547,55.4688
3762560,43.6523,54.0039
3781376,43.1641,53.7109
3800284,43.9453,55.1758
3819288,46.1914,54.9805
3838388,41.8945,53.4180
3857580,44.5313,55.1758
3876868,42.1875,52.1484
3896256,47.0703,56.4453
3915740,43.4570,54.5898
3935320,44.8242,58.3008
3955000,42.7734,53.2227
3974776,41.7969,52.8320
3994652,44.3359,54.4922
4014628,43.3594,53.2227
4034704,47.2656,55.0781
4054880,41.7969,52.5391
4075156,45.7031,56.4453
4095532,41.6016,52.6367
4116012,44.1406,55.1758
4136596,47.1680,55.7617
4157280,43.2617,53.4180
4178068,43.3594,53.2227
4198960,46.2891,58.8867
4219956,46.2891,55.4688
4241056,46.3867,57.2266
4262264,45.1172,55.2734
4283576,46.6797,56.0547
4304996,45.0195,55.2734
4326524,45.9961,56.3477
4348160,44.9219,55.7617
4369904,44.9219,55.9570
4391756,44.8242,54.6875
4413716,47.7539,58.8867
4435788,44.1406,54.3945
4457968,45.3125,57.3242
4480260,45.0195,55.8594
4502664,43.4570,54.5898
4525180,45.5078,56.1523
4547808,44.6289,55.1758
4570548,46.2891,57.0313
4593404,47.3633,58.3008
4616372,45.5078,55.1758
4639456,49.9023,55.1758
4662656,46.5820,57.0313
4685972,46.5820,57.6172
4709404,44.6289,57.8125
4732952,46.5820,58.1055
4756620,47.8516,59.2773
4780404,44.9219,55.3711
4804308,46.1914,54.7852
4828332,45.6055,56.0547
4852476,45.8008,56.4453
4876740,48.3398,59.1797
4901124,47.8516,59.0820
4925632,45.6055,54.5898
4950264,46.6797,58.0078
4975016,47.7539,58.3008
4999892,46.6797,58.3008
5024892,44.9219,55.5664
5050020,44.5313,55.8594
5075272,45.5078,55.6641
5100652,44.3359,54.6875
5126156,46.5820,58.8867
5151788,48.0469,59.1797
5177548,46.0938,58.0078
5203436,45.4102,61.2305
5229456,43.8477,53.3203
5255604,46.0938,57.7148
5281884,46.8750,57.0313
5308296,46.3867,57.1289
5334840,45.7031,56.4453
5361516,45.8984,56.5430
5388324,45.4102,55.4688
5415268,47.6563,59.2773
5442348,46.5820,57.5195
5469560,46.3867,58.3008
5496908,47.5586,61.9141
5524396,45.8984,58.8867
5552020,46.4844,58.2031
5579784,46.8750,56.8359
5607684,47.0703,56.3477
5635724,46.8750,59.2773
5663904,46.7773,55.5664
5692224,47.3633,59.2773
5720688,48.8281,59.4727
5749292,55.5664,58.8867
5778040,47.0703,58.2031
5806932,46.4844,57.4219
5835968,48.0469,59.8633
5865148,46.9727,57.9102
5894476,46.1914,57.3242
5923952,46.8750,58.8867
5953572,48.0469,58.7891
5983340,46.9727,57.0313
6013260,48.0469,60.0586
6043328,45.9961,57.8125
6073548,51.0742,57.8125
6103916,46.9727,57.7148
6134436,47.1680,57.8125
6165112,47.0703,58.1055
6195940,47.2656,57.3242
6226920,47.9492,60.5469
6258056,46.0938,58.5938
6289348,45.7031,55.7617
6320796,46.3867,57.6172
6352400,49.0234,63.6719
6384164,48.0469,62.1094
6416088,57.0313,58.1055
6448172,46.6797,59.4727
6480416,46.7773,56.6406
6512820,46.5820,56.2500
6545388,48.0469,60.4492
6578116,47.1680,58.3008
6611008,46.9727,58.9844
6644064,45.5078,56.5430
6677288,48.0469,60.0586
6710676,49.4141,61.5234
6744232,47.8516,59.0820
6777956,48.2422,61.7188
6811848,46.6797,58.4961
6845908,47.3633,60.7422
6880140,47.2656,58.3984
6914544,48.8281,61.0352
6949120,48.0469,58.3008
6983868,49.1211,61.6211
7018788,46.9727,58.2031
7053884,48.8281,60.7422
7089156,47.4609,61.5234
7124604,47.9492,58.4961
7160228,46.6797,65.1367
7196032,48.4375,60.0586
7232016,48.7305,59.7656
7268180,47.2656,59.7656
7304524,48.2422,58.0078
7341048,46.5820,57.5195
7377756,47.9492,60.6445
7414648,49.4141,61.7188
7451724,47.3633,59.6680
7488984,49.4141,58.3984
7526432,47.0703,58.0078
7564068,49.2188,60.7422
7601892,52.0508,63.6719
7639904,48.5352,60.6445
7678104,47.3633,61.9141
7716496,48.7305,60.0586
7755080,46.9727,58.8867
7793856,47.1680,57.8125
7832828,48.0469,58.7891
7871996,51.4648,62.1094
7911356,55.8594,60.5469
7950916,50.1953,62.4023
7990672,46.4844,57.2266
8030628,50.4883,64.9414
8070784,50.5859,62.6953
8111140,53.8086,61.7188
8151696,47.7539,59.6680
8192456,50.8789,65.2344
8233420,47.6563,57.9102
8274588,49.4141,59.7656
8315964,47.1680,57.9102
8357544,51.0742,62.9883
8399332,50.6836,63.6719
8441332,49.3164,60.3516
8483540,51.6602,61.7188
8525960,51.2695,61.5234
8568592,47.9492,57.5195
8611436,51.7578,61.3281
8654496,51.5625,61.6211
8697772,52.4414,79.1992
8741264,50.0977,59.3750
8784972,49.1211,59.6680
8828900,50.5859,58.3008
8873048,50.5859,59.5703
8917416,50.8789,64.7461
8962004,49.5117,58.2031
9006816,50.0977,58.4961
9051852,50.0977,59.6680
9097112,52.5391,62.5977
9142600,52.1484,61.7188
9188316,60.4492,59.4727
9234260,50.5859,61.4258
9280432,48.2422,56.0547
9326836,51.4648,63.4766
9373472,51.4648,61.0352
9420340,51.0742,62.4023
9467444,50.8789,60.3516
9514784,50.4883,59.5703
9562360,48.5352,59.3750
9610172,48.4375,59.4727
9658224,50.4883,61.0352
9706516,49.7070,61.2305
9755052,49.6094,58.7891
9803828,52.2461,62.5977
9852848,50.7813,61.4258
9902116,52.9297,62.8906
9951628,52.3438,62.7930
10001388,52.4414,63.8672
10051396,51.6602,63.8672
10101656,55.1758,61.8164
10152168,50.6836,62.5000
10202932,51.6602,61.2305
10253948,51.2695,61.3281
10305220,47.9492,57.1289
10356748,51.6602,60.1563
10408532,53.7109,65.5273
10460576,51.0742,61.4258
10512880,50.8789,61.8164
10565448,50.8789,60.4492
10618276,52.4414,61.7188
10671368,50.0000,59.7656
10724728,52.7344,63.5742
10778352,53.3203,67.4805
10832244,53.0273,66.8945
10886408,51.5625,60.9375
10940844,49.8047,60.8398
10995552,53.2227,64.9414
11050532,49.4141,58.9844
11105788,51.9531,62.9883
11161320,52.7344,63.2813
11217128,50.7813,60.9375
11273216,50.6836,60.5469
11329584,51.1719,61.1328
11386232,51.9531,61.0352
11443164,48.8281,57.3242
11500380,51.0742,61.2305
11557884,53.8086,63.6719
11615676,51.8555,65.5273
11673756,50.0000,60.7422
11732128,52.3438,62.6953
11790792,51.7578,62.8906
11849748,53.1250,64.7461
11909000,51.8555,62.2070
11968548,51.8555,63.8672
12028392,52.9297,62.4023
12088536,49.9023,63.4766
12148980,53.6133,62.5977
12209728,58.3008,79.8828
12270780,52.2461,63.5742
12332136,55.1758,64.9414
12393800,50.1953,60.9375
12455772,52.8320,63.8672
12518052,51.5625,60.3516
12580644,52.2461,62.8906
12643548,53.1250,64.5508
12706768,48.7305,59.8633
12770304,50.3906,61.5234
12834156,53.1250,64.0625
12898328,53.2227,64.9414
12962820,51.8555,64.1602
13027636,49.5117,61.2305
13092776,52.3438,63.8672
13158240,51.4648,62.5977
13224032,51.7578,63.1836
13290156,52.6367,66.6016
13356608,54.1016,66.6016
13423392,52.2461,61.9141
13490512,51.1719,61.9141
13557968,50.3906,60.7422
13625760,57.2266,68.6523
13693892,52.2461,63.0859
13762364,53.9063,64.7461
13831176,55.7617,64.4531
13900332,52.4414,64.3555
13969836,51.7578,62.6953
14039688,53.6133,68.1641
14109888,53.0273,65.0391
14180440,51.6602,77.4414
14251344,50.6836,63.0859
14322604,56.1523,68.4570
14394220,51.1719,61.3281
14466192,49.4141,59.5703
14538524,55.2734,64.9414
14611220,55.3711,67.0898
14684280,53.6133,66.6016
14757704,53.0273,64.0625
14831496,53.5156,65.4297
14905656,52.5391,61.0352
14980188,52.6367,62.1094
15055092,50.4883,61.3281
15130368,54.9805,65.1367
15206020,55.8594,67.9688
15282052,53.8086,62.7930
15358464,55.5664,66.6016
15435260,55.8594,68.0664
15512440,54.1016,66.1133
15590004,54.2969,66.5039
15667956,53.5156,64.1602
15746296,54.5898,63.5742
15825028,54.5898,67.8711
15904156,56.0547,67.4805
15983680,54.2969,64.4531
16063600,51.7578,63.7695
16143920,53.6133,65.5273
16224640,52.3438,67.6758
16305764,51.4648,61.7188
16387296,54.6875,64.4531
16469236,55.1758,67.2852
16551584,53.2227,64.3555
16634344,56.3477,68.8477
16717516,53.9063,67.5781
16801104,55.3711,68.0664
16885112,55.9570,65.5273
16969540,56.0547,67.2852
17054388,54.7852,64.4531
17139660,56.4453,68.5547
17225360,56.1523,66.3086
17311488,55.5664,67.7734
17398048,57.5195,69.7266
17485040,56.6406,67.2852
17572468,52.2461,62.9883
17660332,53.3203,63.0859
17748636,56.8359,67.1875
17837380,57.5195,68.1641
17926568,56.2500,67.9688
18016204,58.1055,69.8242
18106288,53.2227,64.5508
18196820,56.1523,67.4805
18287808,87.9883,86.4258
18379248,81.2500,77.3438
18471148,55.9570,66.1133
18563504,57.4219,69.5313
18656324,55.9570,68.1641
18749608,59.9609,70.6055
18843360,57.8125,68.5547
18937580,54.0039,66.7969
19032268,56.0547,67.6758
19127432,54.6875,66.2109
19223072,57.3242,67.5781
19319188,55.5664,68.8477
19415784,56.8359,68.8477
19512864,57.3242,70.2148
19610432,56.0547,72.0703
19708488,57.5195,68.6523
19807032,56.0547,70.3125
19906068,56.6406,70.5078
20005600,56.1523,69.9219
20105628,57.1289,68.6523
20206160,57.4219,66.4063
20307192,54.5898,65.2344
20408728,57.0313,69.8242
20510772,59.5703,74.7070
20613328,58.3008,66.6992
20716396,56.9336,67.4805
20819980,58.4961,70.9961
20924080,54.1992,66.6992
21028704,58.8867,69.9219
21133848,56.9336,67.5781
21239520,53.6133,65.7227
21345720,56.0547,68.8477
21452452,56.9336,68.9453
21559716,58.3008,70.1172
21667516,56.1523,67.3828
21775856,55.0781,67.1875
21884736,60.8398,70.8984
21994160,57.4219,66.9922
22104132,55.8594,68.1641
22214656,55.2734,64.8438
22325732,57.2266,70.8984
22437364,58.3984,68.4570
22549552,57.9102,70.8008
22662300,57.2266,69.1406
22775612,55.7617,67.4805
22889492,56.0547,67.0898
23003940,61.9141,72.2656
23118960,56.9336,67.8711
23234556,53.9063,68.4570
23350732,63.2813,75.1953
23467488,56.1523,66.7969
23584828,57.7148,68.7500
23702756,58.8867,72.1680
23821272,62.0117,94.9219
23940380,63.9648,74.1211
24060084,60.8398,76.9531
24180388,67.4805,67.2852
24301292,58.3984,70.0195
24422800,60.4492,68.5547
24544916,59.9609,72.5586
24667644,59.3750,70.1172
24790984,57.3242,67.2852
24914940,59.1797,75.0000
25039516,64.5508,70.9961
25164716,61.4258,69.3359
25290540,60.6445,70.6055
25416996,60.1563,70.0195
25544084,60.7422,69.6289
25671808,60.5469,72.7539
25800168,61.5234,66.7969
25929172,61.7188,70.6055
26058820,61.9141,69.5313
26189116,60.4492,72.6563
26320064,61.1328,72.8516
26451668,59.2773,69.0430
26583928,69.8242,76.2695
26716848,62.6953,70.8008
26850436,64.9414,74.5117
26984692,67.5781,74.2188
27119616,64.5508,80.7617
27255216,77.0508,77.5391
27391496,105.1758,88.0859
27528456,81.7383,78.7109
27666100,90.5273,70.0195
27804432,61.0352,70.9961
27943456,64.2578,77.4414
28083176,66.3086,70.7031
28223592,63.5742,72.2656
28364712,71.0938,75.3906
28506536,65.5273,73.8281
28649072,75.5859,77.9297
28792320,70.0195,76.1719
28936284,70.9961,76.7578
29080968,65.7227,76.8555
29226376,86.6211,82.2266
29372508,77.9297,81.8359
29519372,77.5391,80.1758
29666972,72.4609,85.3516
29815308,73.7305,77.7344
29964388,75.0000,81.9336
30114212,72.1680,75.2930
30264784,72.4609,86.3281
30416108,77.7344,81.3477
30568192,70.5078,80.3711
30721036,71.9727,75.9766
30874644,71.8750,81.8359
31029020,83.3984,82.1289
31184168,73.1445,78.3203
31340092,75.0977,82.7148
31496796,103.9063,100.3906
31654280,86.7188,83.1055
31812552,84.7656,82.9102
31971616,87.2070,86.1328
32131476,94.4336,89.8438
32292136,82.5195,87.4023
32453600,89.4531,84.2773
32615868,85.1563,88.8672
32778948,83.3008,84.8633
32942844,90.0391,88.5742
33107560,79.4922,86.8164
33273100,80.7617,90.1367
33439468,83.0078,95.4102
33606668,83.5938,87.9883
33774704,82.0313,92.6758
33943580,87.1094,102.6367
34113300,94.7266,92.0898
34283868,81.8359,87.2070
34455288,84.8633,106.4453
34627568,106.5430,100.9766
34800708,96.4844,96.5820
34974712,103.6133,98.3398
35149588,90.5273,97.0703
35325336,89.5508,100.3906
35501964,124.2188,103.5156
35679476,93.1641,93.7500
35857876,102.2461,95.6055
36037168,91.3086,93.7500
36217356,88.8672,103.4180
36398444,102.5391,100.1953
36580440,115.0391,93.4570
36763344,104.8828,97.0703
36947164,110.1563,103.6133
37131900,110.0586,94.3359
37317560,100.3906,100.9766
37504148,94.7266,111.0352
37691672,121.3867,100.7813
37880132,103.8086,123.2422
38069536,107.0313,104.6875
38259884,109.0820,111.4258
38451184,143.5547,112.9883
38643440,116.8945,116.2109
38836660,135.1563,117.4805
39030844,129.2969,130.7617
39226000,118.8477,115.6250
39422132,110.7422,120.9961
39619244,113.3789,109.2773
39817344,107.2266,131.3477
40016432,118.2617,115.3320
40216516,107.4219,138.5742
40417600,119.5313,113.6719
40619688,113.7695,129.1992
40822788,116.0156,115.3320
41026904,142.4805,132.4219
41232040,134.0820,118.8477
41438204,122.4609,124.9023
41645396,126.3672,113.3789
41853624,138.8672,125.5859
42062896,125.0000,121.5820
42273212,116.5039,120.6055
42484580,112.6953,143.5547
42697004,119.6289,117.9688
42910492,116.6992,126.2695
43125048,113.2813,119.6289
43340676,125.3906,142.3828
43557380,128.5156,119.3359
43775168,141.6016,123.0469
43994044,134.3750,144.3359
44214016,150.9766,136.3281
44435088,153.7109,126.9531
44657264,127.0508,121.0938
44880552,127.8320,123.0469
45104956,144.3359,133.1055
45330484,127.7344,125.0000
45557140,141.6016,125.5859
45784928,121.6797,151.5625
46013856,127.9297,127.4414
46243928,127.4414,134.3750
46475148,120.8984,130.0781
46707524,130.0781,125.8789
46941064,130.9570,151.7578
47175772,143.5547,136.9141
47411652,193.6523,159.4727
47648712,129.7852,142.5781
47886956,142.6758,128.8086
48126392,140.5273,131.5430
48367024,157.8125,130.9570
48608860,136.3281,151.6602
48851908,159.5703,139.6484
49096168,189.9414,134.2773
49341652,138.7695,133.1055
49588364,129.7852,126.0742
49836308,130.5664,128.6133
50085492,176.8555,133.4961
50335920,160.1563,179.2969
50587600,153.4180,209.4727
50840540,157.5195,151.5625
51094744,158.6914,144.0430
51350220,157.6172,145.1172
51606972,162.6953,157.4219
51865008,164.9414,160.4492
52124336,197.4609,192.2852
52384960,224.1211,192.5781
52646888,212.8906,149.7070
52910124,161.1328,145.3125
53174676,160.6445,184.2773
53440552,157.1289,166.1133
53707756,177.7344,135.4492
53976296,152.1484,143.0664
54246180,170.8984,146.4844
54517412,155.4688,158.8867
54790000,191.6992,173.2422
55063952,175.2930,165.1367
55339272,170.8984,162.3047
55615972,177.1484,162.5977
55894052,161.5234,182.0313
56173524,171.9727,154.7852
56454392,151.1719,160.4492
56736664,155.2734,149.0234
57020348,158.6914,151.8555
57305452,154.9805,147.1680
57591980,159.3750,142.4805
57879940,158.6914,150.7813
58169340,161.4258,155.8594
58460188,197.8516,147.7539
58752492,159.2773,155.6641
59046256,157.0313,181.4453
59341488,168.8477,182.2266
59638196,245.9961,170.8984
59936388,192.8711,169.4336
60236072,187.6953,171.2891
60537256,184.9609,191.7969
60839944,183.3008,166.9922
61144144,169.9219,156.7383
61449868,198.0469,181.7383
61757120,208.4961,179.1992
62065908,185.7422,169.6289
62376240,180.1758,160.3516
62688124,190.9180,199.4141
63001568,193.1641,175.4883
63316576,172.0703,193.6523
63633160,180.9570,209.5703
63951328,323.4375,169.3359
64271088,235.9375,176.0742
64592444,181.3477,158.8867
64915408,170.4102,175.3906
65239988,194.5313,172.4609
65566188,170.0195,169.2383
65894020,189.2578,166.1133
66223492,173.6328,170.4102
66554612,224.7070,164.6484
66887388,219.8242,174.8047
