4,1.9531,1.7578
8,2.5391,6.0547
12,2.2461,9.3750
16,2.5391,9.6680
20,3.0273,9.3750
24,3.1250,12.2070
28,3.1250,12.4023
32,3.1250,13.4766
36,3.8086,13.0859
40,3.8086,13.5742
44,3.7109,14.1602
48,3.8086,14.6484
52,3.9063,15.0391
56,3.8086,16.6016
60,3.9063,16.7969
64,3.7109,17.2852
68,4.1992,17.2852
72,4.1992,16.8945
76,4.5898,17.9688
80,5.0781,17.4805
84,4.6875,17.5781
88,4.1992,17.6758
92,4.4922,17.6758
96,3.8086,18.3594
100,4.6875,19.1406
104,4.6875,19.1406
108,4.9805,19.2383
112,4.4922,19.5313
116,4.2969,20.3125
120,4.4922,20.4102
124,4.8828,19.4336
128,4.5898,20.9961
132,5.1758,20.7031
136,5.2734,21.3867
140,5.2734,20.8008
144,5.1758,20.9961
148,5.3711,20.7031
152,5.1758,20.2148
156,5.1758,20.0195
160,5.1758,20.7031
164,5.1758,20.2148
168,5.1758,21.1914
172,5.4688,20.5078
176,5.3711,22.2656
180,5.1758,21.2891
184,5.3711,20.0195
188,5.3711,21.2891
192,5.3711,20.9961
196,5.2734,20.7031
200,5.2734,21.6797
204,5.3711,20.8008
208,5.2734,21.8750
212,5.1758,21.1914
216,5.3711,21.6797
220,5.2734,21.6797
224,5.1758,22.0703
228,5.1758,22.0703
232,5.1758,21.5820
236,5.2734,22.9492
240,4.9805,22.4609
244,5.4688,21.5820
248,5.3711,23.7305
252,5.1758,22.4609
256,5.5664,23.7305
260,6.2500,22.9492
264,6.2500,23.5352
268,6.3477,23.9258
272,6.1523,23.4375
276,6.1523,23.0469
280,6.2500,24.1211
284,6.2500,22.4609
288,6.1523,23.2422
292,6.1523,23.9258
296,6.1523,22.6563
300,6.2500,23.3398
304,6.1523,24.6094
308,6.1523,24.0234
312,6.1523,22.9492
316,10.0586,26.7578
320,9.8633,26.7578
324,9.7656,25.3906
328,10.0586,26.5625
332,10.0586,26.7578
336,10.0586,25.5859
340,10.2539,26.7578
344,9.5703,28.0273
348,9.6680,28.1250
352,10.5469,27.5391
356,9.7656,27.8320
360,10.7422,32.3242
364,9.6680,26.9531
368,10.2539,52.8320
372,10.1563,27.0508
376,10.1563,27.0508
380,10.1563,27.8320
384,9.3750,27.2461
388,10.0586,27.0508
392,10.1563,27.8320
396,9.7656,26.2695
400,9.6680,27.6367
404,10.3516,36.8164
408,6.3477,24.4141
412,6.2500,23.9258
416,6.2500,23.7305
420,6.5430,24.0234
424,6.1523,24.8047
428,6.2500,25.3906
432,6.2500,24.6094
436,6.1523,24.0234
440,6.1523,24.2188
444,6.1523,25.1953
448,6.3477,24.3164
452,6.2500,24.7070
456,6.2500,24.1211
460,6.1523,24.5117
464,6.1523,25.4883
468,6.2500,27.5391
472,6.2500,25.4883
476,6.1523,25.4883
480,6.2500,25.3906
484,6.3477,24.7070
488,6.3477,25.2930
492,6.2500,25.9766
496,6.4453,25.9766
500,6.2500,25.3906
504,6.1523,25.7813
508,6.1523,26.0742
512,6.1523,26.4648
516,8.3008,26.3672
520,8.4961,25.9766
524,8.9844,26.4648
528,8.3984,25.6836
532,8.5938,25.9766
536,8.3008,26.0742
540,8.3984,26.5625
544,7.9102,25.5859
548,8.3008,26.7578
552,8.1055,26.1719
556,8.3008,26.3672
560,8.3984,26.4648
564,8.2031,26.0742
568,8.2031,27.0508
572,8.3008,26.7578
576,8.3008,26.0742
580,7.9102,25.9766
584,8.3008,25.7813
588,8.5938,26.9531
592,8.2031,29.6875
596,8.1055,25.2930
600,8.3984,25.2930
604,8.1055,26.7578
608,8.4961,25.8789
612,8.2031,26.2695
616,8.1055,26.2695
620,8.2031,26.5625
624,8.3984,26.2695
628,8.1055,26.9531
632,8.3008,26.7578
636,8.6914,26.0742
640,8.6914,26.6602
644,8.3008,27.1484
648,8.0078,26.4648
652,8.7891,41.3086
656,8.7891,26.4648
660,7.9102,26.8555
664,7.9102,26.8555
668,8.1055,27.1484
672,8.1055,26.1719
676,8.3008,26.4648
680,8.3984,26.6602
684,8.3984,25.5859
688,7.7148,26.7578
692,8.7891,26.3672
696,8.4961,26.4648
700,8.4961,27.0508
704,8.3008,27.3438
708,8.3984,25.5859
712,8.0078,30.1758
716,7.9102,27.3438
720,8.3984,26.7578
724,7.9102,27.2461
728,8.0078,27.0508
732,8.3984,27.4414
736,8.1055,108.3984
740,11.2305,52.5391
744,7.8125,27.0508
748,8.1055,27.2461
752,11.8164,29.4922
756,8.4961,27.1484
760,8.0078,27.1484
764,8.3984,31.3477
768,8.0078,27.2461
772,8.3008,28.0273
776,8.3008,26.9531
780,8.3984,26.8555
784,8.3984,26.3672
788,8.5938,28.0273
792,7.8125,27.3438
796,8.4961,27.5391
800,8.3008,27.2461
804,8.1055,26.6602
812,8.5938,27.0508
820,8.2031,27.7344
828,8.3008,26.8555
836,8.5938,27.3438
844,8.2031,28.3203
852,8.4961,28.3203
860,8.1055,27.4414
868,8.6914,29.0039
876,8.3008,28.1250
884,8.3984,28.4180
892,7.9102,28.0273
900,8.3984,28.2227
908,8.0078,28.4180
916,8.3008,28.6133
924,8.4961,27.9297
932,8.2031,27.8320
940,8.3008,28.8086
948,8.0078,28.6133
956,8.7891,32.0313
964,8.2031,28.8086
972,8.5938,28.9063
980,8.5938,28.5156
988,8.2031,27.7344
996,8.1055,28.4180
1004,8.3984,29.2969
1012,8.2031,28.9063
1020,8.5938,28.7109
1028,11.2305,30.1758
1036,9.4727,29.5898
1044,10.4492,29.4922
1052,10.3516,29.0039
1060,10.5469,29.5898
1068,10.5469,31.5430
1076,10.3516,29.0039
1084,11.1328,28.4180
1092,10.8398,29.5898
1100,10.9375,29.3945
1108,10.7422,29.5898
1116,10.3516,29.8828
1124,10.6445,29.4922
1132,10.9375,29.9805
1140,10.5469,29.8828
1148,10.6445,29.0039
1156,10.0586,29.1992
1164,11.0352,29.7852
1172,9.9609,29.2969
1180,10.9375,32.1289
1188,11.2305,29.9805
1196,10.6445,28.2227
1204,11.5234,30.3711
1212,10.4492,29.4922
1220,11.3281,30.0781
1228,10.1563,29.5898
1236,10.8398,28.7109
1244,10.5469,29.3945
1252,10.0586,29.6875
1260,10.7422,29.1992
1268,11.6211,30.1758
1276,10.8398,30.0781
1284,9.5703,29.1016
1292,10.1563,31.9336
1300,10.1563,29.0039
1308,10.5469,29.6875
1316,10.1563,29.1016
1324,11.2305,29.3945
1332,10.7422,28.9063
1340,10.5469,29.5898
1348,10.8398,29.0039
1356,10.3516,30.3711
1364,10.5469,29.8828
1372,9.8633,29.5898
1380,10.8398,30.0781
1388,10.3516,29.4922
1396,11.1328,30.2734
1404,10.3516,33.3008
1412,10.2539,29.4922
1420,10.9375,29.8828
1428,9.7656,29.6875
1436,11.2305,31.0547
1444,76.4648,30.1758
1452,10.1563,32.9102
1460,11.9141,32.3242
1468,14.7461,34.8633
1476,14.4531,125.7813
1484,14.6484,33.8867
1492,14.1602,34.1797
1500,14.4531,33.8867
1508,14.0625,34.6680
1516,14.9414,34.7656
1524,14.7461,34.8633
1532,14.3555,64.7461
1540,14.2578,34.2773
1548,14.9414,35.1563
1556,14.2578,35.1563
1564,14.4531,34.9609
1572,15.0391,34.5703
1580,14.4531,35.6445
1588,14.5508,34.9609
1596,14.9414,35.6445
1604,14.8438,34.4727
1616,14.7461,34.2773
1628,14.4531,34.8633
1640,14.3555,34.6680
1652,14.3555,35.2539
1664,14.1602,35.6445
1676,14.0625,38.0859
1688,9.8633,30.5664
1700,10.5469,31.1523
1712,10.2539,31.0547
1724,10.1563,31.8359
1736,10.2539,31.5430
1748,10.4492,31.3477
1760,11.5234,30.7617
1772,10.5469,30.2734
1784,10.5469,30.9570
1796,11.6211,31.3477
1808,10.4492,31.0547
1820,11.8164,30.6641
1832,11.0352,31.2500
1844,13.1836,30.2734
1856,10.9375,31.8359
1868,11.3281,32.0313
1880,10.6445,31.3477
1892,11.3281,31.4453
1904,11.3281,31.1523
1916,11.0352,29.5898
1928,10.5469,31.5430
1940,10.9375,31.1523
1952,11.2305,32.1289
1964,10.5469,31.3477
1976,10.6445,31.8359
1988,10.7422,31.7383
2000,10.1563,35.8398
2012,9.8633,32.2266
2024,10.5469,32.0313
2036,10.5469,32.5195
2048,11.1328,33.1055
2060,12.9883,33.1055
2072,13.3789,32.1289
2084,13.0859,33.2031
2096,13.5742,32.3242
2108,13.5742,33.2031
2120,13.4766,32.1289
2132,12.9883,32.5195
2144,13.4766,32.2266
2156,13.2813,36.6211
2168,13.2813,32.5195
2180,13.9648,31.3477
2192,12.9883,32.7148
2204,13.6719,32.8125
2216,13.5742,33.1055
2228,13.3789,32.3242
2240,13.5742,32.7148
2252,13.2813,32.6172
2264,12.9883,31.8359
2276,13.5742,32.2266
2288,13.3789,32.8125
2300,12.8906,32.0313
2312,14.8438,32.8125
2324,12.8906,32.1289
2336,12.9883,33.2031
2348,12.9883,32.6172
2360,12.9883,32.2266
2372,13.8672,32.8125
2384,12.9883,32.9102
2396,12.9883,32.6172
2408,13.7695,33.2031
2424,13.2813,32.8125
2440,12.9883,32.6172
2456,13.6719,33.2031
2472,14.0625,34.1797
2488,13.4766,34.0820
2504,13.1836,33.4961
2520,12.7930,33.7891
2536,12.9883,32.5195
2552,13.4766,33.4961
2568,13.4766,33.0078
2584,13.6719,33.6914
2600,12.9883,33.8867
2616,12.6953,32.7148
2632,13.0859,33.5938
2648,12.9883,32.9102
2664,14.3555,35.7422
2680,12.6953,34.1797
2696,14.0625,34.4727
2712,12.7930,33.5938
2728,13.6719,34.5703
2744,13.1836,33.6914
2760,13.3789,32.9102
2776,13.3789,33.7891
2792,13.0859,33.3984
2808,12.6953,33.1055
2824,13.4766,34.0820
2840,13.3789,32.9102
2856,15.5273,33.5938
2872,12.7930,32.7148
2888,13.1836,33.3984
2904,13.5742,32.9102
2920,13.1836,33.5938
2936,13.2813,33.6914
2952,13.1836,33.3984
2968,13.5742,32.4219
2984,13.1836,33.4961
3000,13.3789,33.4961
3016,13.3789,33.4961
3032,12.6953,32.9102
3048,13.5742,33.1055
3064,12.6953,32.9102
3080,12.8906,33.6914
3096,12.6953,34.7656
3112,13.1836,33.5938
3128,13.2813,33.8867
3144,13.2813,32.8125
3160,13.1836,33.8867
3176,13.2813,33.1055
3192,13.5742,33.4961
3208,13.4766,34.4727
3228,12.5977,33.3008
3248,13.1836,32.8125
3268,13.5742,33.4961
3288,13.2813,33.6914
3308,13.0859,33.7891
3328,13.0859,34.1797
3348,13.0859,33.9844
3368,13.3789,33.0078
3388,13.1836,33.8867
3408,13.0859,34.2773
3428,12.9883,34.3750
3448,12.9883,35.5469
3468,13.1836,34.3750
3488,13.6719,33.4961
3508,12.7930,35.6445
3528,12.9883,34.2773
3548,13.2813,35.3516
3568,13.0859,33.3984
3588,13.0859,34.4727
3608,12.9883,34.3750
3628,13.4766,34.8633
3648,13.0859,34.5703
3668,12.6953,34.7656
3688,13.3789,34.2773
3708,13.2813,35.3516
3728,12.6953,33.9844
3748,13.2813,36.7188
3768,13.8672,35.9375
3788,12.8906,35.1563
3808,13.4766,34.6680
3828,15.1367,37.7930
3848,16.3086,38.8672
3868,16.7969,40.1367
3888,18.3594,35.8398
3908,13.0859,34.9609
3928,12.6953,35.1563
3948,12.8906,34.9609
3968,13.0859,34.3750
3988,12.8906,35.4492
4008,13.3789,36.1328
4032,12.7930,34.5703
4056,13.0859,34.5703
4080,13.2813,35.4492
4104,15.0391,36.5234
4128,15.5273,36.0352
4152,16.3086,35.7422
4176,16.2109,36.3281
4200,15.3320,36.2305
4224,15.9180,35.8398
4248,16.4063,35.7422
4272,16.1133,35.9375
4296,15.9180,35.9375
4320,16.1133,35.2539
4344,15.5273,35.3516
4368,16.1133,35.2539
4392,16.2109,35.9375
4416,16.6992,35.9375
4440,16.0156,35.7422
4464,16.4063,35.8398
4488,15.5273,36.4258
4512,15.5273,34.1797
4536,15.5273,43.5547
4560,15.7227,36.2305
4584,16.2109,34.5703
4608,15.6250,35.2539
4632,16.0156,36.3281
4656,15.8203,35.5469
4680,15.7227,35.2539
4704,15.2344,35.0586
4728,15.9180,34.6680
4752,16.3086,36.5234
4776,15.6250,35.3516
4800,15.8203,34.5703
4824,16.1133,36.9141
4852,15.8203,35.8398
4880,15.6250,35.4492
4908,15.6250,36.1328
4936,15.9180,35.6445
4964,16.1133,36.1328
4992,16.1133,35.7422
5020,15.8203,34.9609
5048,15.7227,35.8398
5076,16.4063,36.5234
5104,16.2109,35.7422
5132,15.2344,35.5469
5160,15.6250,36.0352
5188,16.0156,36.1328
5216,15.6250,37.2070
5244,16.8945,36.1328
5272,15.5273,35.4492
5300,16.0156,35.6445
5328,16.2109,36.1328
5356,16.4063,36.2305
5384,15.8203,35.4492
5412,16.6016,36.1328
5440,16.3086,36.7188
5468,15.8203,36.4258
5496,16.0156,37.0117
5524,15.5273,36.5234
5552,15.9180,35.7422
5580,15.7227,37.5000
5608,16.0156,35.0586
5640,16.1133,36.7188
5672,15.7227,35.6445
5704,15.9180,36.7188
5736,15.3320,35.2539
5768,15.4297,36.5234
5800,15.4297,36.1328
5832,15.8203,39.7461
5864,16.0156,36.3281
5896,16.1133,105.6641
5928,15.5273,37.1094
5960,15.5273,36.9141
5992,15.6250,37.0117
6024,16.5039,36.5234
6056,15.3320,36.1328
6088,15.9180,36.5234
6120,15.6250,35.5469
6152,15.8203,35.5469
6184,15.5273,39.8438
6216,15.7227,37.0117
6248,16.0156,37.2070
6280,16.1133,36.8164
6312,15.8203,36.8164
6344,15.3320,35.0586
6376,15.5273,37.0117
6408,16.2109,36.7188
6444,15.9180,36.7188
6480,15.9180,36.5234
6516,15.6250,37.0117
6552,15.7227,36.2305
6588,17.0898,35.9375
6624,16.1133,35.8398
6660,15.6250,35.6445
6696,15.1367,36.8164
6732,15.8203,35.8398
6768,15.4297,37.0117
6804,16.0156,36.6211
6840,15.8203,37.7930
6876,16.6992,37.8906
6912,16.1133,36.4258
6948,16.6992,37.5977
6984,15.7227,37.4023
7020,20.1172,38.7695
7056,19.5313,39.1602
7092,20.0195,38.4766
7128,19.7266,38.4766
7164,20.8984,38.5742
7200,18.9453,39.2578
7236,16.3086,36.8164
7276,15.5273,36.7188
7316,16.4063,36.9141
7356,16.2109,37.4023
7396,15.5273,42.5781
7436,16.2109,37.7930
7476,16.2109,37.6953
7516,16.2109,37.8906
7556,15.0391,37.5977
7596,16.0156,37.0117
7636,16.2109,38.0859
7676,16.0156,37.8906
7716,16.0156,38.2813
7756,15.5273,37.7930
7796,16.5039,37.5977
7836,16.0156,37.2070
7876,16.2109,37.3047
7916,15.7227,38.8672
7956,16.5039,38.2813
7996,15.8203,37.5977
8036,16.6016,37.5977
8080,15.8203,37.9883
8124,15.7227,37.2070
8168,15.5273,37.7930
8212,18.5547,38.8672
8256,18.9453,39.8438
8300,18.8477,38.9648
8344,21.9727,38.4766
8388,18.4570,37.5000
8432,18.2617,38.2813
8476,18.1641,38.2813
8520,18.7500,38.2813
8564,19.3359,38.9648
8608,17.7734,38.3789
8652,18.4570,37.5000
8696,19.1406,38.1836
8740,18.5547,37.9883
8784,18.5547,38.5742
8828,21.5820,38.0859
8876,79.6875,41.1133
8924,18.9453,38.2813
8972,18.4570,38.2813
9020,18.2617,37.5000
9068,18.5547,37.7930
9116,18.8477,38.3789
9164,18.8477,38.5742
9212,18.8477,38.6719
9260,19.0430,39.0625
9308,22.3633,37.2070
9356,18.7500,39.2578
9404,18.7500,38.2813
9452,19.0430,38.8672
9500,19.1406,38.4766
9548,18.6523,38.6719
9596,18.7500,38.2813
9644,18.8477,38.6719
9696,18.7500,38.4766
9748,18.6523,38.4766
9800,18.0664,38.0859
9852,19.6289,38.5742
9904,18.6523,37.7930
9956,18.2617,38.2813
10008,18.8477,37.6953
10060,18.7500,38.6719
10112,18.3594,38.2813
10164,18.5547,38.9648
10216,18.4570,39.4531
10268,18.5547,39.2578
10320,18.8477,38.2813
10372,19.3359,39.4531
10424,19.2383,39.4531
10480,19.5313,37.8906
10536,18.5547,38.7695
10592,19.1406,38.8672
10648,18.8477,38.9648
10704,18.3594,39.0625
10760,18.7500,38.4766
10816,18.4570,38.7695
10872,18.9453,39.0625
10928,18.9453,39.3555
10984,18.3594,38.4766
11040,18.7500,39.2578
11096,18.4570,38.1836
11152,18.9453,39.0625
11208,18.6523,39.7461
11268,18.2617,39.3555
11328,18.6523,37.6953
11388,18.1641,39.8438
11448,18.5547,39.2578
11508,18.8477,38.7695
11568,18.7500,38.9648
11628,17.9688,37.9883
11688,18.5547,38.3789
11748,18.9453,38.4766
11808,19.2383,39.2578
11868,18.3594,39.1602
11928,18.6523,39.2578
11988,18.3594,39.9414
12048,18.3594,38.7695
12112,18.3594,39.7461
12176,18.8477,38.5742
12240,18.7500,38.9648
12304,18.6523,42.6758
12368,18.6523,39.0625
12432,18.7500,38.0859
12496,19.1406,39.1602
12560,18.3594,38.9648
12624,18.9453,39.1602
12688,18.2617,39.0625
12752,18.5547,37.8906
12816,18.8477,40.3320
12884,18.8477,38.8672
12952,18.7500,39.1602
13020,17.8711,44.4336
13088,23.6328,45.1172
13156,23.3398,39.9414
13224,18.5547,39.9414
13292,38.7695,39.6484
13360,17.5781,37.5977
13428,18.1641,40.2344
13496,18.7500,57.1289
13564,19.3359,39.5508
13632,19.0430,42.6758
13704,19.0430,40.4297
13776,18.7500,39.9414
13848,18.6523,39.9414
13920,17.7734,39.1602
13992,18.6523,39.1602
14064,19.4336,40.3320
14136,18.2617,39.8438
14208,18.5547,40.0391
14280,18.4570,39.6484
14352,18.3594,40.2344
14424,18.3594,42.2852
14500,19.1406,40.9180
14576,18.8477,39.8438
14652,18.6523,39.2578
14728,18.5547,39.6484
14804,19.1406,40.2344
14880,18.7500,40.6250
14956,17.8711,40.8203
15032,18.8477,41.1133
15108,18.6523,40.1367
15184,18.9453,40.7227
15260,21.1914,40.4297
15340,18.5547,40.6250
15420,18.8477,41.0156
15500,18.9453,40.6250
15580,19.0430,39.3555
15660,18.2617,40.1367
15740,18.7500,40.3320
15820,18.7500,39.7461
15900,18.6523,40.4297
15980,19.0430,41.6992
16060,18.4570,40.3320
16144,19.4336,40.1367
16228,18.2617,40.1367
16312,18.6523,40.9180
16396,22.2656,41.0156
16480,21.2891,39.9414
16564,21.8750,40.2344
16648,21.5820,40.8203
16732,21.4844,40.9180
16816,21.6797,40.6250
16904,21.8750,41.8945
16992,49.2188,43.0664
17080,20.9961,40.4297
17168,21.0938,40.5273
17256,21.4844,40.3320
17344,20.8984,40.4297
17432,22.2656,41.0156
17520,22.3633,41.1133
17608,20.9961,40.3320
17700,20.8984,39.8438
17792,21.1914,40.8203
17884,23.5352,40.7227
17976,21.5820,41.2109
18068,21.4844,40.6250
18160,21.8750,40.8203
18252,21.1914,39.9414
18344,21.1914,40.5273
18436,22.7539,42.1875
18532,21.8750,40.8203
18628,21.8750,40.6250
18724,21.5820,42.0898
18820,24.1211,45.5078
18916,21.0938,40.2344
19012,21.7773,41.2109
19108,21.9727,40.6250
19204,21.0938,41.3086
19304,21.3867,41.6992
19404,20.8008,40.5273
19504,21.2891,40.1367
19604,21.9727,41.4063
19704,22.0703,40.9180
19804,20.8984,43.6523
19904,22.0703,40.4297
20004,21.2891,40.7227
20108,22.0703,41.9922
20212,21.6797,41.4063
20316,21.8750,43.3594
20420,21.0938,40.3320
20524,21.6797,42.0898
20628,20.4102,39.7461
20732,21.9727,41.4063
20836,20.8008,40.1367
20944,21.1914,41.5039
21052,20.7031,40.7227
21160,20.8008,40.5273
21268,21.7773,42.6758
21376,20.9961,41.1133
21484,21.0938,42.2852
21592,20.9961,41.2109
21700,21.2891,41.0156
21812,20.6055,40.8203
21924,20.8984,40.5273
22036,21.0938,41.2109
22148,21.3867,41.1133
22260,21.3867,41.0156
22372,21.3867,41.0156
22484,21.6797,42.2852
22600,21.2891,42.2852
22716,21.3867,40.3320
22832,21.7773,40.7227
22948,22.0703,43.0664
23064,21.3867,42.0898
23180,21.4844,42.5781
23296,21.4844,42.8711
23416,21.8750,42.5781
23536,21.7773,41.5039
23656,21.4844,42.2852
23776,22.1680,41.4063
23896,21.3867,41.0156
24016,21.7773,41.5039
24140,21.7773,42.6758
24264,21.6797,42.0898
24388,20.8984,43.6523
24512,21.5820,41.3086
24636,21.2891,41.8945
24760,21.7773,42.0898
24884,21.7773,42.3828
25012,21.6797,43.2617
25140,21.4844,42.7734
25268,20.8984,42.6758
25396,20.9961,41.7969
25524,21.1914,42.0898
25652,21.4844,44.3359
25784,21.9727,41.3086
25916,22.3633,42.1875
26048,21.2891,41.6016
26180,22.2656,42.2852
26312,21.5820,41.6016
26444,20.8008,41.5039
26580,21.5820,41.9922
26716,21.5820,41.3086
26852,21.3867,44.0430
26988,24.1211,44.4336
27124,21.6797,42.5781
27260,21.9727,42.1875
27400,21.6797,42.8711
27540,20.7031,43.1641
27680,22.3633,42.9688
27820,21.7773,42.7734
27960,21.2891,43.4570
28100,21.3867,41.1133
28244,21.8750,42.4805
28388,21.1914,43.9453
28532,22.0703,43.4570
28676,21.4844,43.5547
28820,21.8750,43.8477
28968,21.3867,42.0898
29116,21.7773,43.9453
29264,21.5820,41.4063
29412,21.7773,42.4805
29560,21.7773,42.6758
29708,20.8008,42.5781
29860,20.5078,44.0430
30012,22.0703,41.9922
30164,21.5820,43.1641
30316,21.4844,42.4805
30468,21.9727,42.9688
30624,21.1914,44.3359
30780,21.8750,43.4570
30936,21.4844,42.8711
31092,21.1914,42.6758
31248,21.8750,43.0664
31408,21.3867,45.4102
31568,21.5820,43.8477
31728,22.1680,44.4336
31888,21.1914,44.1406
32048,21.5820,42.2852
32212,21.9727,44.8242
32376,21.4844,43.2617
32540,21.7773,43.3594
32704,22.2656,42.8711
32868,25.1953,43.7500
33036,25.4883,45.8008
33204,24.4141,43.9453
33372,24.2188,42.5781
33540,24.8047,41.8945
33708,24.2188,43.2617
33880,24.5117,43.7500
34052,25.4883,44.7266
34224,24.9023,44.1406
34396,24.7070,43.5547
34568,24.6094,43.0664
34744,23.8281,44.0430
34920,25.0000,43.3594
35096,24.8047,43.9453
35272,25.1953,43.9453
35452,23.9258,42.4805
35632,24.2188,42.6758
35812,24.1211,43.8477
35992,25.0000,43.9453
36172,23.7305,43.5547
36356,24.0234,45.2148
36540,24.5117,44.4336
36724,24.4141,44.5313
36908,24.4141,43.8477
37096,25.2930,44.1406
37284,24.9023,44.0430
37472,24.8047,44.2383
37660,24.7070,44.2383
37852,23.3398,44.8242
38044,28.4180,43.7500
38236,40.1367,46.1914
38428,25.0000,44.7266
38624,24.4141,45.1172
38820,25.4883,46.1914
39016,24.3164,45.6055
39212,24.1211,43.7500
39412,23.9258,43.8477
39612,25.0000,44.8242
39812,24.8047,46.1914
40012,24.1211,46.2891
40216,24.4141,46.4844
40420,23.5352,43.9453
40624,24.3164,43.9453
40828,24.4141,45.1172
41036,24.3164,44.2383
41244,24.8047,44.6289
41452,24.5117,43.9453
41660,25.0000,45.3125
41872,24.3164,44.1406
42084,23.8281,44.2383
42296,23.8281,44.3359
42508,23.9258,44.8242
42724,24.4141,45.7031
42940,25.0977,45.2148
43156,25.2930,45.5078
43372,23.1445,44.5313
43592,24.1211,44.5313
43812,24.3164,45.0195
44032,24.5117,45.8008
44256,24.3164,44.4336
44480,24.2188,45.5078
44704,24.1211,45.5078
44928,24.6094,45.7031
45156,24.1211,45.5078
45384,24.0234,45.2148
45612,24.5117,45.0195
45844,24.9023,46.7773
46076,24.3164,47.9492
46308,24.6094,45.2148
46540,24.2188,44.9219
46776,25.0977,46.9727
47012,25.5859,46.1914
47248,24.5117,45.4102
47488,24.7070,45.9961
47728,25.1953,47.1680
47968,24.0234,45.7031
48208,23.3398,43.9453
48452,27.6367,46.8750
48696,24.7070,46.3867
48940,24.7070,45.9961
49188,24.6094,46.3867
49436,24.4141,44.8242
49684,25.2930,47.3633
49936,24.8047,45.5078
50188,24.5117,46.1914
50440,25.1953,47.3633
50696,24.1211,51.0742
50952,24.0234,46.3867
51208,24.6094,46.7773
51468,24.4141,46.8750
51728,24.1211,47.9492
51988,25.0977,45.8008
52248,24.8047,46.8750
52512,25.1953,47.2656
52776,27.3438,47.3633
53040,24.5117,48.3398
53308,24.2188,45.2148
53576,24.7070,45.4102
53844,23.8281,47.0703
54116,24.6094,46.1914
54388,24.5117,46.7773
54660,24.4141,47.0703
54936,23.7305,45.8984
55212,24.4141,47.3633
55492,24.4141,46.7773
55772,24.3164,46.9727
56052,24.2188,47.1680
56336,24.4141,46.5820
56620,24.5117,45.7031
56904,25.1953,47.6563
57192,24.9023,46.5820
57480,24.9023,46.2891
57768,24.6094,45.5078
58060,24.6094,45.8984
58352,27.6367,46.3867
58644,23.8281,46.0938
58940,24.2188,46.3867
59236,25.1953,47.5586
59536,24.3164,46.3867
59836,24.7070,47.6563
60136,25.4883,48.1445
60440,24.6094,48.0469
60744,24.6094,46.5820
61048,26.4648,46.2891
61356,24.1211,47.8516
61664,25.7813,47.5586
61976,24.6094,46.6797
62288,25.0000,46.8750
62600,25.0977,48.9258
62916,26.2695,47.5586
63232,24.7070,46.9727
63552,24.4141,46.9727
63872,26.0742,48.0469
64192,24.1211,47.9492
64516,25.1953,48.7305
64840,25.0977,48.1445
65168,24.2188,48.3398
65496,26.8555,48.1445
65824,29.4922,49.2188
66156,29.0039,49.2188
66488,28.8086,48.9258
66824,30.4688,49.0234
67160,27.6367,48.4375
67496,28.2227,49.3164
67836,27.9297,48.4375
68176,27.7344,48.9258
68520,28.4180,47.5586
68864,27.2461,49.9023
69212,28.2227,49.0234
69560,28.0273,48.6328
69908,28.9063,50.0000
70260,27.2461,49.0234
70612,28.3203,49.4141
70968,27.0508,48.6328
71324,28.1250,48.9258
71684,28.0273,50.5859
72044,29.0039,50.5859
72408,27.6367,48.7305
72772,27.9297,50.9766
73136,28.6133,49.7070
73504,27.6367,47.7539
73872,30.6641,49.5117
74244,33.8867,49.3164
74616,26.6602,48.3398
74992,28.5156,49.9023
75368,27.0508,48.0469
75748,28.0273,49.5117
76128,30.2734,49.3164
76512,28.2227,49.2188
76896,27.1484,48.5352
77284,27.8320,49.4141
77672,28.5156,49.9023
78064,28.9063,49.6094
78456,27.7344,49.9023
78852,28.1250,49.4141
79248,27.9297,51.4648
79648,27.6367,50.8789
80048,27.9297,51.2695
80452,28.5156,50.4883
80856,26.7578,48.7305
81264,27.9297,50.5859
81672,27.5391,50.5859
82084,27.9297,49.4141
82496,28.2227,51.4648
82912,27.7344,52.2461
83328,28.3203,51.3672
83748,28.2227,49.3164
84168,28.1250,49.8047
84592,27.8320,50.0000
85016,27.2461,50.5859
85444,27.5391,50.1953
85872,27.3438,49.3164
86304,27.9297,49.8047
86736,28.4180,51.8555
87172,28.6133,50.8789
87608,27.8320,50.0977
88048,27.7344,51.2695
88492,27.1484,50.7813
88936,28.1250,50.7813
89384,27.6367,50.8789
89832,27.8320,50.8789
90284,27.2461,51.7578
90736,28.0273,51.1719
91192,27.9297,51.3672
91648,27.1484,49.8047
92108,27.8320,49.2188
92572,27.5391,50.6836
93036,28.2227,51.0742
93504,28.2227,50.3906
93972,28.6133,51.1719
94444,28.6133,50.8789
94920,27.9297,50.2930
95396,28.3203,50.9766
95876,27.9297,50.9766
96356,28.0273,51.2695
96840,27.8320,53.4180
97328,28.5156,51.0742
97816,28.2227,52.1484
98308,27.6367,55.2734
98800,28.4180,50.0977
99296,27.6367,50.0000
99796,28.6133,51.6602
100296,28.7109,51.1719
100800,27.1484,51.3672
101304,27.4414,51.8555
101812,28.4180,50.5859
102324,27.1484,50.7813
102836,28.5156,51.8555
103352,28.5156,51.1719
103872,27.7344,50.7813
104392,27.1484,50.6836
104916,29.4922,52.0508
105444,27.4414,51.2695
105972,27.7344,51.4648
106504,27.3438,51.0742
107040,27.0508,53.4180
107576,27.2461,51.1719
108116,28.3203,51.5625
108660,27.3438,52.0508
109204,28.6133,51.2695
109752,28.4180,52.4414
110304,27.3438,50.4883
110856,28.9063,51.5625
111412,27.8320,51.5625
111972,27.8320,52.5391
112532,27.5391,52.2461
113096,28.8086,52.9297
113664,28.1250,51.9531
114236,28.2227,51.9531
114808,27.7344,50.6836
115384,27.5391,50.7813
115964,28.2227,51.6602
116544,31.6406,53.7109
117128,27.5391,51.1719
117716,27.4414,51.6602
118308,28.4180,52.2461
118900,28.0273,50.9766
119496,27.7344,52.0508
120096,28.3203,51.9531
120700,28.0273,52.1484
121304,28.3203,54.4922
121912,28.1250,51.5625
122524,28.4180,51.7578
123140,28.3203,51.9531
123756,28.3203,52.6367
124376,28.0273,51.5625
125000,28.4180,52.6367
125628,29.0039,52.0508
126260,27.6367,52.5391
126892,28.7109,53.4180
127528,28.1250,51.5625
128168,28.0273,51.3672
128812,28.1250,52.3438
129460,28.0273,52.2461
130108,33.8867,53.1250
130760,27.6367,52.0508
131416,33.6914,54.4922
132076,35.5469,53.0273
132740,32.7148,53.1250
133404,32.5195,53.2227
134072,31.4453,52.1484
134744,33.0078,53.5156
135420,31.8359,53.1250
136100,31.9336,52.7344
136784,31.7383,53.1250
137468,33.0078,51.3672
138156,32.3242,53.7109
138848,31.2500,52.2461
139544,31.2500,50.7813
140244,31.8359,53.0273
140948,30.8594,52.4414
141656,30.6641,51.4648
142368,32.5195,54.0039
143080,33.3008,52.4414
143796,30.5664,52.7344
144516,32.2266,54.2969
145240,32.5195,54.3945
145968,31.4453,52.9297
146700,30.8594,52.8320
147436,31.5430,53.8086
148176,31.4453,53.4180
148920,33.5938,53.9063
149668,32.9102,54.9805
150420,31.6406,54.2969
151176,31.4453,51.8555
151932,30.9570,54.5898
152692,32.4219,54.1992
153456,31.5430,52.8320
154224,31.6406,53.4180
154996,35.7422,53.3203
155772,32.7148,54.2969
156552,32.0313,53.3203
157336,32.1289,53.6133
158124,32.5195,54.1016
158916,31.5430,53.3203
159712,32.3242,54.5898
160512,31.9336,55.8594
161316,33.6914,55.2734
162124,31.8359,54.3945
162936,31.2500,53.5156
163752,31.7383,54.1016
164572,32.0313,54.0039
165396,31.2500,53.9063
166224,31.1523,53.8086
167056,31.8359,56.7383
167892,32.1289,54.4922
168732,30.9570,52.9297
169576,31.6406,54.0039
170424,32.1289,54.7852
171280,37.9883,53.4180
172140,31.3477,54.1992
173004,32.8125,54.1992
173872,31.9336,57.5195
174744,34.8633,57.2266
175620,32.3242,55.5664
176500,32.1289,55.4688
177384,31.3477,54.3945
178272,30.8594,54.1016
179164,32.5195,54.8828
180060,32.1289,54.2969
180964,37.4023,54.8828
181872,31.6406,54.6875
182784,31.5430,54.1992
183700,30.7617,52.9297
184620,31.8359,53.2227
185544,31.1523,52.7344
186472,31.1523,52.3438
187408,31.2500,54.8828
188348,31.1523,53.3203
189292,32.5195,55.5664
190240,31.3477,53.5156
191192,31.1523,53.5156
192148,31.6406,54.5898
193112,31.2500,55.1758
194080,32.2266,55.0781
195052,31.9336,56.0547
196028,30.6641,54.1016
197012,31.9336,55.9570
198000,31.4453,53.2227
198992,31.1523,54.4922
199988,31.4453,55.1758
200988,31.1523,54.5898
201996,32.1289,55.8594
203008,32.2266,57.7148
204024,31.0547,54.3945
205048,31.1523,53.9063
206076,31.3477,54.6875
207108,31.3477,55.0781
208144,31.6406,54.3945
209188,32.3242,54.7852
210236,32.7148,55.3711
211288,32.6172,54.1016
212348,30.9570,55.0781
213412,32.2266,57.2266
214480,31.2500,53.9063
215556,30.5664,54.2969
216636,31.6406,54.1016
217720,32.5195,56.1523
218812,32.0313,58.4961
219908,32.1289,56.3477
221008,31.7383,55.8594
222116,31.7383,55.4688
223228,38.7695,55.3711
224348,34.6680,55.9570
225472,31.5430,55.6641
226600,31.2500,55.0781
227736,31.2500,55.3711
228876,31.2500,55.2734
230024,31.3477,56.1523
231176,32.0313,55.4688
232332,36.9141,54.9805
233496,31.9336,56.0547
234664,31.5430,55.5664
235840,32.5195,58.0078
237020,31.7383,56.6406
238208,32.4219,56.3477
239400,31.8359,56.4453
240600,31.4453,55.5664
241804,31.5430,55.2734
243016,31.6406,55.0781
244232,31.9336,56.2500
245456,32.6172,57.1289
246684,33.9844,58.5938
247920,31.2500,56.8359
249160,32.1289,56.7383
250408,31.8359,56.2500
251664,33.3984,55.9570
252924,32.6172,56.7383
254192,32.2266,59.4727
255464,31.7383,56.1523
256744,31.7383,55.0781
258028,32.1289,56.2500
259320,32.6172,56.5430
260620,32.5195,57.4219
261924,33.9844,59.3750
263236,37.8906,57.4219
264556,38.9648,58.7891
265880,36.5234,58.2031
267212,36.5234,56.7383
268552,36.3281,57.1289
269896,36.2305,56.9336
271248,37.1094,57.8125
272608,35.8398,57.7148
273972,39.2578,59.0820
275344,36.3281,56.7383
276724,35.1563,56.3477
278108,35.9375,58.2031
279500,36.0352,58.4961
280900,36.8164,58.3008
282308,36.8164,58.6914
283720,39.7461,60.8398
285140,34.9609,55.7617
286568,34.9609,56.6406
288004,40.3320,61.6211
289448,35.7422,57.9102
290896,35.9375,58.3984
292352,37.3047,59.3750
293816,38.1836,57.7148
295288,35.7422,57.6172
296768,37.0117,57.8125
298252,36.7188,60.8398
299744,40.2344,60.5469
301244,37.5000,58.6914
302752,37.2070,59.1797
304268,38.0859,57.3242
305792,37.4023,58.7891
307324,37.0117,57.9102
308864,37.7930,59.1797
310412,35.6445,57.5195
311968,35.6445,57.1289
313528,37.6953,58.3008
315096,42.8711,59.7656
316672,37.1094,58.1055
318256,37.1094,58.7891
319848,36.9141,58.3008
321448,35.4492,56.8359
323056,35.9375,56.9336
324672,36.1328,57.2266
326296,36.9141,58.4961
327928,36.2305,57.3242
329568,37.4023,59.7656
331216,37.4023,59.3750
332876,37.2070,59.3750
334544,37.2070,58.4961
336220,36.2305,59.4727
337904,35.3516,57.9102
339596,36.9141,58.1055
341296,37.0117,57.5195
343004,36.6211,59.2773
344720,36.3281,59.8633
346444,36.5234,59.1797
348180,36.2305,58.8867
349924,37.2070,58.3984
351676,36.6211,59.5703
353436,37.5977,59.6680
355204,36.6211,59.1797
356984,36.5234,58.3984
358772,36.4258,60.7422
360568,36.6211,60.5469
362372,36.9141,60.7422
364184,36.9141,59.0820
366008,37.1094,65.5273
367840,39.7461,61.4258
369680,37.0117,59.5703
371532,37.2070,59.4727
373392,36.8164,62.6953
375260,37.5977,60.4492
377140,36.1328,60.4492
379028,37.2070,58.3984
380924,36.7188,60.1563
382832,37.6953,60.5469
384748,37.0117,60.4492
386672,37.6953,64.1602
388608,36.6211,60.7422
390552,38.0859,60.7422
392508,37.3047,60.9375
394472,37.5977,61.3281
396448,36.1328,59.5703
398432,37.7930,60.2539
400428,38.8672,60.5469
402432,37.7930,61.1328
404448,38.1836,62.5977
406472,37.8906,62.2070
408508,37.4023,59.9609
410552,37.9883,61.3281
412608,38.4766,59.6680
414672,37.6953,60.6445
416748,37.8906,61.2305
418832,38.5742,62.0117
420928,37.9883,61.0352
423036,37.5977,61.7188
425152,36.9141,60.9375
427280,37.4023,64.0625
429420,37.5000,61.4258
431568,37.2070,60.5469
433728,36.4258,61.8164
435900,37.3047,62.4023
438080,37.0117,61.9141
440272,37.9883,62.7930
442476,41.3086,63.8672
444692,38.4766,62.8906
446916,37.2070,61.2305
449152,38.3789,63.0859
451400,37.8906,62.5000
453660,37.4023,61.0352
455932,38.0859,64.9414
458212,38.3789,62.7930
460504,38.8672,66.3086
462808,39.3555,62.9883
465124,37.3047,61.8164
467452,38.3789,62.3047
469792,38.6719,62.9883
472144,40.0391,62.9883
474508,38.6719,62.5000
476884,37.9883,62.4023
479272,36.6211,62.5000
481672,38.3789,62.8906
484084,38.2813,63.1836
486508,44.4336,61.8164
488944,38.6719,63.1836
491392,37.8906,62.0117
493852,36.6211,62.6953
496324,38.9648,64.1602
498808,37.5000,62.0117
501304,38.9648,66.5039
503812,38.5742,61.7188
506332,38.7695,64.2578
508864,39.1602,64.4531
511412,38.7695,63.5742
513972,36.8164,63.8672
516544,37.8906,62.3047
519128,38.3789,65.1367
521724,38.6719,65.1367
524336,51.4648,68.9453
526960,43.7500,64.4531
529596,44.2383,63.8672
532244,43.2617,63.6719
534908,42.6758,64.5508
537584,44.2383,64.4531
540272,43.0664,64.9414
542976,44.1406,65.7227
545692,43.1641,64.7461
548424,43.7500,65.3320
551168,45.8008,63.2813
553924,43.1641,64.9414
556696,43.8477,64.7461
559480,43.3594,63.5742
562280,43.7500,65.5273
565092,44.7266,65.6250
567920,47.5586,65.9180
570760,43.6523,71.3867
573616,43.6523,64.4531
576488,43.3594,64.5508
579372,42.4805,63.0859
582272,43.1641,64.3555
585184,45.9961,64.9414
588112,44.1406,65.5273
591056,43.4570,63.2813
594012,42.2852,64.0625
596984,43.1641,64.7461
599972,44.2383,65.9180
602972,45.2148,66.3086
605988,43.4570,65.8203
609020,44.1406,66.1133
612068,44.2383,66.5039
615132,43.6523,64.9414
618208,42.8711,65.1367
621300,47.7539,68.1641
624408,44.5313,68.3594
627532,43.3594,65.4297
630672,44.9219,67.0898
633828,44.0430,66.2109
637000,43.6523,65.8203
640188,43.8477,67.1875
643392,44.3359,66.9922
646612,43.6523,65.4297
649848,44.0430,67.7734
653100,44.2383,67.2852
656368,43.1641,66.8945
659652,43.6523,66.5039
662952,45.0195,66.6016
666268,44.4336,66.4063
669600,42.9688,65.5273
672948,42.7734,65.1367
676316,44.5313,69.1406
679700,44.8242,66.6992
683100,45.0195,66.4063
686516,45.0195,68.5547
689952,44.9219,68.0664
693404,44.0430,68.7500
696872,43.7500,70.1172
700360,43.6523,74.0234
703864,47.8516,66.4063
707384,43.3594,66.2109
710924,44.3359,65.1367
714480,42.5781,67.5781
718056,43.2617,64.3555
721648,42.4805,66.9922
725260,42.8711,64.7461
728888,41.6016,64.8438
732536,41.9922,64.0625
736200,43.1641,70.2148
739884,41.8945,65.0391
743584,42.9688,65.1367
747304,41.9922,66.6992
751044,42.2852,65.0391
754800,43.1641,67.1875
758576,42.2852,66.6992
762372,42.2852,66.5039
766184,43.0664,66.6992
770016,40.4297,63.5742
773868,42.2852,65.7227
777740,43.0664,66.6016
781632,53.5156,68.9453
785544,44.4336,67.3828
789472,44.7266,68.7500
793420,44.7266,67.6758
797388,43.1641,68.2617
801376,42.6758,71.0938
805384,42.5781,66.7969
809412,42.9688,67.2852
813460,42.9688,69.3359
817528,43.6523,69.2383
821616,42.2852,66.6016
825728,43.2617,71.7773
829860,42.6758,66.0156
834012,43.1641,67.5781
838184,43.2617,68.5547
842376,42.6758,66.5039
846588,43.1641,66.0156
850824,45.8008,69.1406
855080,44.1406,70.8984
859356,43.7500,68.5547
863656,43.3594,67.5781
867976,42.6758,69.1406
872316,43.2617,68.0664
876680,44.0430,70.2148
881064,43.5547,69.0430
885472,44.9219,68.9453
889900,43.3594,68.4570
894352,42.2852,68.9453
898824,48.7305,73.3398
903320,44.5313,70.1172
907840,44.5313,71.0938
912380,44.5313,70.4102
916944,43.0664,69.5313
921532,44.5313,71.2891
926140,43.6523,69.4336
930772,44.0430,69.7266
935428,44.7266,70.9961
940108,44.5313,70.8984
944812,45.4102,70.2148
949540,45.8984,69.8242
954288,43.1641,68.8477
959060,43.4570,69.8242
963856,43.6523,69.7266
968676,44.2383,71.3867
973520,44.3359,72.3633
978388,44.1406,70.8008
983280,43.9453,70.1172
988200,44.9219,70.8008
993144,43.5547,70.8984
998112,45.6055,72.3633
1003104,45.8984,71.5820
1008120,44.4336,71.5820
1013164,43.9453,72.5586
1018232,44.2383,70.8008
1023324,45.3125,71.6797
1028444,44.1406,74.2188
1033588,44.7266,73.4375
1038756,45.6055,72.0703
1043952,44.7266,73.9258
1049172,51.9531,73.6328
1054420,50.1953,74.7070
1059696,50.0977,71.4844
1064996,50.0977,73.5352
1070324,55.2734,74.0234
1075676,48.9258,73.9258
1081056,50.0000,73.3398
1086464,49.3164,72.6563
1091900,49.7070,72.8516
1097360,50.1953,73.6328
1102848,50.1953,73.7305
1108364,49.6094,71.9727
1113908,49.5117,72.0703
1119480,49.9023,73.4375
1125080,49.6094,72.4609
1130708,49.4141,72.4609
1136364,50.4883,73.5352
1142048,48.6328,70.0195
1147760,49.2188,72.6563
1153500,50.9766,74.5117
1159268,48.5352,72.1680
1165068,54.7852,74.3164
1170896,50.3906,72.8516
1176752,48.9258,71.7773
1182636,49.0234,72.4609
1188552,49.9023,73.0469
1194496,56.2500,71.1914
1200472,51.6602,76.4648
1206476,49.0234,74.0234
1212512,49.0234,73.5352
1218576,50.1953,74.1211
1224672,59.4727,79.0039
1230796,51.3672,75.6836
1236952,49.2188,72.7539
1243140,50.8789,75.6836
1249356,51.2695,75.7813
1255604,50.7813,74.5117
1261884,50.6836,74.3164
1268196,52.0508,76.1719
1274540,50.4883,74.9023
1280916,50.7813,75.9766
1287324,50.9766,76.0742
1293764,52.4414,77.4414
1300236,51.2695,74.5117
1306740,50.8789,73.3398
1313276,49.6094,74.6094
1319844,52.0508,76.7578
1326444,50.4883,75.5859
1333080,50.0977,75.0000
1339748,51.4648,76.0742
1346448,50.6836,77.5391
1353184,51.8555,75.0977
1359952,51.2695,76.2695
1366752,51.6602,75.7813
1373588,50.8789,74.6094
1380456,51.9531,78.4180
1387360,49.7070,75.3906
1394300,50.4883,75.4883
1401272,51.5625,75.9766
1408280,51.4648,78.0273
1415324,54.2969,75.8789
1422404,50.8789,75.8789
1429520,50.2930,75.7813
1436668,52.6367,77.5391
1443852,50.5859,76.5625
1451072,52.0508,75.3906
1458328,50.8789,76.4648
1465620,51.9531,78.5156
1472952,50.5859,73.8281
1480320,52.5391,80.0781
1487724,52.6367,76.5625
1495164,50.2930,75.9766
1502640,51.3672,77.2461
1510156,51.9531,77.0508
1517708,54.2969,77.9297
1525300,52.9297,76.9531
1532928,51.0742,76.6602
1540596,49.7070,77.0508
1548300,50.8789,78.2227
1556044,51.9531,77.0508
1563828,51.6602,76.5625
1571648,52.4414,78.9063
1579508,52.1484,77.1484
1587408,51.8555,80.7617
1595348,52.3438,77.5391
1603328,62.9883,79.7852
1611348,54.5898,81.0547
1619408,52.8320,78.2227
1627508,51.9531,78.8086
1635648,52.7344,77.7344
1643828,51.8555,76.5625
1652048,54.0039,78.0273
1660312,53.0273,79.1016
1668616,51.7578,79.4922
1676960,53.4180,79.4922
1685348,52.7344,91.5039
1693776,53.3203,79.1016
1702248,52.6367,79.6875
1710760,52.6367,79.1016
1719316,52.0508,78.2227
1727916,66.6992,82.4219
1736556,53.8086,79.7852
1745240,52.1484,79.8828
1753968,52.4414,79.8828
1762740,53.2227,86.1328
1771556,54.0039,80.4688
1780416,54.4922,79.9805
1789320,54.1992,82.0313
1798268,52.4414,82.7148
1807260,53.3203,80.9570
1816300,54.0039,79.9805
1825384,53.3203,80.9570
1834512,54.1016,80.2734
1843688,55.6641,79.4922
1852908,53.1250,80.1758
1862176,54.0039,81.3477
1871488,53.6133,78.7109
1880848,54.2969,82.1289
1890256,53.1250,80.5664
1899708,52.8320,81.6406
1909208,52.9297,79.6875
1918756,53.7109,83.8867
1928352,53.4180,79.2969
1937996,54.2969,80.6641
1947688,54.1992,80.5664
1957428,60.4492,80.6641
1967216,54.1992,86.3281
1977056,53.7109,81.1523
1986944,54.7852,82.9102
1996880,52.7344,81.6406
2006868,57.0313,83.0078
2016904,54.5898,83.0078
2026992,52.5391,80.0781
2037128,54.2969,80.1758
2047316,53.7109,83.4961
2057556,53.6133,82.9102
2067844,53.6133,81.7383
2078184,53.9063,80.6641
2088576,53.8086,83.2031
2099020,59.4727,85.1563
2109516,58.9844,83.4961
2120064,58.5938,82.7148
2130668,58.3008,84.2773
2141324,58.0078,80.1758
2152032,59.4727,81.0547
2162796,59.0820,82.6172
2173612,59.5703,85.2539
2184484,59.5703,83.4961
2195408,58.5938,81.0547
2206388,59.1797,82.3242
2217420,59.4727,84.4727
2228508,58.2031,83.1055
2239652,57.9102,81.8359
2250852,58.3008,82.8125
2262108,58.3984,81.3477
2273420,59.3750,82.0313
2284788,59.7656,84.9609
2296212,60.3516,83.5938
2307696,58.2031,87.5977
2319236,58.3008,81.6406
2330836,59.0820,82.2266
2342492,61.2305,84.5703
2354208,60.0586,84.8633
2365980,58.9844,82.4219
2377812,60.8398,85.1563
2389704,58.8867,83.6914
2401656,70.8008,88.3789
2413668,60.6445,84.4727
2425740,59.9609,85.2539
2437872,60.1563,84.5703
2450064,60.7422,84.5703
2462316,59.5703,87.5977
2474628,59.9609,86.4258
2487004,60.2539,85.0586
2499440,57.9102,84.0820
2511940,60.6445,87.5977
2524500,58.6914,83.8867
2537124,60.1563,85.1563
2549812,68.7500,83.4961
2562564,59.3750,82.8125
2575380,59.0820,83.5938
2588260,60.1563,85.8398
2601204,59.8633,85.1563
2614212,63.7695,85.0586
2627284,58.7891,83.7891
2640424,61.7188,86.7188
2653628,60.3516,87.4023
2666900,58.6914,82.7148
2680236,62.1094,86.9141
2693640,61.0352,87.4023
2707112,59.9609,89.5508
2720648,60.9375,86.5234
2734252,58.2031,85.3516
2747924,59.4727,84.3750
2761664,60.3516,88.7695
2775476,58.9844,83.7891
2789356,60.5469,86.1328
2803304,62.3047,89.2578
2817324,62.4023,86.0352
2831412,59.0820,86.2305
2845572,60.0586,86.5234
2859800,60.9375,86.6211
2874100,59.3750,86.4258
2888472,60.4492,84.7656
2902916,67.0898,94.3359
2917432,61.0352,90.4297
2932020,60.4492,86.9141
2946684,61.0352,87.3047
2961420,60.3516,86.8164
2976228,62.4023,84.1797
2991112,60.8398,87.2070
3006068,61.0352,86.5234
3021100,61.3281,86.8164
3036208,61.0352,88.0859
3051392,59.3750,86.9141
3066652,59.6680,84.2773
3081988,61.9141,88.6719
3097400,60.6445,86.4258
3112888,61.6211,89.3555
3128456,59.7656,87.2070
3144100,62.1094,88.3789
3159824,59.5703,85.7422
3175624,61.6211,87.2070
3191504,61.5234,93.6523
3207464,60.5469,87.5000
3223504,59.3750,85.5469
3239624,61.5234,88.0859
3255824,62.5000,86.9141
3272104,59.4727,88.6719
3288468,68.8477,85.9375
3304912,62.1094,91.3086
3321440,61.8164,89.2578
3338048,60.3516,87.8906
3354740,61.9141,89.9414
3371516,61.9141,88.4766
3388376,62.7930,87.7930
3405320,61.0352,87.5000
3422348,62.0117,89.4531
3439460,61.0352,87.9883
3456660,62.5000,90.4297
3473944,60.6445,88.8672
3491316,60.8398,88.2813
3508776,61.0352,88.4766
3526320,60.9375,85.8398
3543952,65.1367,90.7227
3561672,60.7422,88.2813
3579484,61.4258,89.8438
3597384,107.5195,99.6094
3615372,81.8359,96.4844
3633452,69.5313,96.0938
3651620,64.3555,90.5273
3669880,67.5781,94.7266
3688232,62.5977,91.1133
3706676,62.7930,89.4531
3725212,64.1602,90.4297
3743840,62.9883,90.3320
3762560,63.4766,90.9180
3781376,61.6211,89.1602
3800284,63.7695,91.5039
3819288,61.3281,87.5977
3838388,62.7930,94.6289
3857580,62.6953,89.0625
3876868,62.5000,88.9648
3896256,61.0352,90.2344
3915740,63.4766,91.6016
3935320,61.9141,90.0391
3955000,62.3047,90.9180
3974776,61.8164,89.5508
3994652,63.4766,91.1133
4014628,62.0117,91.5039
4034704,61.0352,91.5039
4054880,62.7930,91.4063
4075156,63.3789,93.0664
4095532,62.4023,95.2148
4116012,63.5742,91.7969
4136596,62.4023,90.5273
4157280,63.4766,94.0430
4178068,62.9883,92.7734
4198960,67.5781,94.4336
4219956,68.8477,93.5547
4241056,66.8945,92.6758
4262264,68.3594,92.1875
4283576,67.9688,92.3828
4304996,68.4570,91.5039
4326524,66.6992,90.3320
4348160,67.9688,91.5039
4369904,71.3867,93.2617
4391756,67.0898,89.7461
4413716,66.8945,91.6992
4435788,70.8984,92.0898
4457968,69.1406,92.6758
4480260,68.9453,95.2148
4502664,72.1680,92.1875
4525180,69.9219,93.8477
4547808,67.7734,92.6758
4570548,71.5820,93.8477
4593404,66.9922,90.0391
4616372,69.4336,93.2617
4639456,71.3867,92.9688
4662656,68.0664,91.6016
4685972,68.8477,91.8945
4709404,71.7773,95.3125
4732952,67.2852,93.4570
4756620,70.0195,95.5078
4780404,67.8711,92.9688
4804308,67.7734,92.4805
4828332,69.7266,95.8008
4852476,68.3594,93.0664
4876740,68.7500,93.6523
4901124,67.9688,94.2383
4925632,68.5547,94.3359
4950264,68.4570,94.8242
4975016,67.4805,92.3828
4999892,67.5781,97.2656
5024892,67.3828,93.6523
5050020,69.0430,96.7773
5075272,67.9688,94.7266
5100652,66.7969,92.6758
5126156,69.3359,95.1172
5151788,68.6523,95.4102
5177548,68.0664,93.3594
5203436,78.1250,95.9961
5229456,72.5586,97.1680
5255604,67.1875,92.5781
5281884,68.0664,91.8945
5308296,70.3125,95.6055
5334840,69.5313,97.0703
5361516,69.2383,95.4102
5388324,70.8984,96.1914
5415268,72.1680,96.4844
5442348,70.5078,99.6094
5469560,71.5820,102.1484
5496908,74.3164,97.3633
5524396,69.8242,95.3125
5552020,70.0195,96.6797
5579784,70.3125,96.0938
5607684,69.3359,93.7500
5635724,71.8750,100.4883
5663904,69.8242,95.9961
5692224,70.0195,96.1914
5720688,69.5313,96.0938
5749292,69.9219,95.3125
5778040,67.4805,95.2148
5806932,68.4570,95.8984
5835968,69.5313,95.7031
5865148,72.5586,98.6328
5894476,69.6289,97.3633
5923952,70.5078,98.9258
5953572,74.9023,95.8008
5983340,68.3594,93.6523
6013260,69.4336,97.5586
6043328,69.8242,94.5313
6073548,70.1172,96.2891
6103916,67.8711,96.9727
6134436,70.5078,98.2422
6165112,71.2891,100.5859
6195940,69.5313,94.3359
6226920,69.3359,97.4609
6258056,72.8516,97.9492
6289348,70.0195,97.4609
6320796,70.0195,97.3633
6352400,69.1406,95.7031
6384164,69.9219,95.7031
6416088,70.1172,96.7773
6448172,70.1172,95.8984
6480416,70.5078,97.9492
6512820,78.4180,96.6797
6545388,70.8984,98.2422
6578116,69.1406,95.5078
6611008,69.4336,97.2656
6644064,68.0664,96.2891
6677288,69.0430,95.8008
6710676,73.3398,103.2227
6744232,70.2148,100.4883
6777956,70.1172,97.7539
6811848,70.5078,98.6328
6845908,69.3359,96.3867
6880140,71.0938,100.2930
6914544,69.9219,96.3867
6949120,70.3125,97.6563
6983868,71.0938,99.6094
7018788,68.8477,95.5078
7053884,69.0430,97.5586
7089156,74.7070,97.3633
7124604,71.6797,100.2930
7160228,69.4336,100.2930
7196032,70.4102,100.6836
7232016,70.8008,97.5586
7268180,71.8750,99.5117
7304524,68.6523,96.7773
7341048,71.7773,101.0742
7377756,70.5078,99.6094
7414648,71.0938,99.4141
7451724,71.7773,102.0508
7488984,71.2891,100.3906
7526432,74.3164,99.8047
7564068,71.0938,99.1211
7601892,72.4609,100.3906
7639904,72.2656,101.7578
7678104,70.5078,103.9063
7716496,83.9844,99.9023
7755080,70.2148,98.6328
7793856,70.6055,99.1211
7832828,70.5078,100.8789
7871996,73.1445,98.3398
7911356,70.6055,98.3398
7950916,71.1914,102.8320
7990672,71.8750,101.7578
8030628,70.8984,102.2461
8070784,70.8984,99.9023
8111140,87.5000,104.8828
8151696,77.0508,101.9531
8192456,74.0234,100.9766
8233420,71.4844,99.4141
8274588,71.8750,98.8281
8315964,72.6563,100.8789
8357544,71.1914,100.3906
8399332,79.0039,102.7344
8441332,78.1250,101.0742
8483540,78.5156,103.3203
8525960,79.3945,102.0508
8568592,77.7344,100.2930
8611436,75.3906,98.0469
8654496,74.6094,97.4609
8697772,77.8320,104.2969
8741264,77.0508,101.1719
8784972,78.3203,104.1016
8828900,77.1484,103.0273
8873048,75.0977,97.4609
8917416,77.8320,103.0273
8962004,78.1250,101.6602
9006816,77.8320,101.2695
9051852,79.5898,102.4414
9097112,77.0508,101.9531
9142600,77.7344,100.9766
9188316,78.7109,100.7813
9234260,78.1250,101.1719
9280432,77.6367,100.0977
9326836,77.3438,100.7813
9373472,77.0508,103.2227
9420340,76.6602,101.2695
9467444,81.8359,103.6133
9514784,75.3906,100.2930
9562360,78.8086,103.7109
9610172,76.4648,101.5625
9658224,77.5391,102.5391
9706516,77.0508,101.8555
9755052,78.6133,102.7344
9803828,77.8320,102.0508
9852848,78.0273,104.9805
9902116,77.4414,104.1016
9951628,76.3672,98.7305
10001388,77.1484,99.8047
10051396,78.2227,104.5898
10101656,76.0742,100.5859
10152168,82.2266,104.7852
10202932,78.7109,105.4688
10253948,78.1250,104.6875
10305220,77.0508,99.8047
10356748,79.0039,100.2930
10408532,79.1992,104.6875
10460576,79.7852,105.0781
10512880,77.5391,103.5156
10565448,80.3711,103.3203
10618276,79.4922,103.6133
10671368,79.8828,105.8594
10724728,77.1484,101.4648
10778352,77.0508,101.9531
10832244,85.7422,106.7383
10886408,77.4414,104.3945
10940844,78.6133,106.3477
10995552,77.8320,101.3672
11050532,77.3438,103.4180
11105788,79.3945,104.5898
11161320,80.8594,106.8359
11217128,78.9063,106.5430
11273216,79.3945,103.0273
11329584,76.2695,103.4180
11386232,77.1484,103.7109
11443164,80.2734,105.7617
11500380,77.9297,103.9063
11557884,79.3945,108.3008
11615676,79.1016,105.5664
11673756,79.6875,106.3477
11732128,77.8320,103.3203
11790792,81.0547,108.5938
11849748,78.3203,104.5898
11909000,78.9063,105.4688
11968548,77.7344,106.7383
12028392,77.7344,103.0273
12088536,78.2227,105.4688
12148980,99.3164,112.3047
12209728,88.7695,108.1055
12270780,76.8555,102.8320
12332136,78.2227,103.6133
12393800,79.3945,104.6875
12455772,84.4727,105.3711
12518052,79.8828,107.1289
12580644,80.6641,108.2031
12643548,78.9063,106.4453
12706768,77.0508,107.3242
12770304,80.5664,108.6914
12834156,77.3438,105.9570
12898328,77.2461,103.4180
12962820,77.2461,105.7617
13027636,79.8828,107.8125
13092776,77.9297,106.5430
13158240,79.1992,107.0313
13224032,81.5430,108.3984
13290156,79.6875,106.8359
13356608,80.6641,109.3750
13423392,78.8086,105.6641
13490512,87.1094,106.9336
13557968,80.0781,109.5703
13625760,78.6133,119.2383
13693892,80.2734,107.3242
13762364,82.7148,112.5000
13831176,78.5156,106.6406
13900332,78.1250,106.0547
13969836,81.2500,111.0352
14039688,77.6367,106.3477
14109888,85.0586,108.4961
14180440,78.8086,109.0820
14251344,79.4922,107.0313
14322604,82.8125,108.9844
14394220,80.2734,106.0547
14466192,79.4922,106.5430
14538524,80.1758,110.7422
14611220,80.4688,108.3008
14684280,78.2227,106.0547
14757704,80.1758,110.1563
14831496,79.1992,107.9102
14905656,80.3711,108.6914
14980188,81.0547,111.1328
15055092,83.6914,110.3516
15130368,79.6875,108.7891
15206020,80.5664,105.9570
15282052,82.7148,111.6211
15358464,79.4922,104.8828
15435260,79.1016,119.0430
15512440,80.7617,110.5469
15590004,80.0781,108.8867
15667956,81.3477,112.9883
15746296,79.8828,109.6680
15825028,80.4688,109.5703
15904156,80.7617,110.8398
15983680,79.7852,109.0820
16063600,79.3945,108.3984
16143920,79.8828,110.3516
16224640,80.8594,108.9844
16305764,80.8594,111.1328
16387296,81.7383,110.0586
16469236,81.4453,112.8906
16551584,81.7383,113.2813
16634344,80.7617,107.6172
16717516,81.8359,109.9609
16801104,87.7930,113.5742
16885112,86.4258,110.9375
16969540,88.8672,111.9141
17054388,85.5469,113.4766
17139660,85.9375,112.2070
17225360,84.6680,110.2539
17311488,86.4258,113.4766
17398048,85.2539,109.3750
17485040,85.9375,112.3047
17572468,84.7656,109.9609
17660332,88.5742,115.0391
17748636,86.9141,112.5000
17837380,85.1563,110.7422
17926568,88.3789,113.8672
18016204,85.4492,110.8398
18106288,86.4258,113.6719
18196820,86.2305,113.6719
18287808,109.8633,124.7070
18379248,102.2461,114.9414
18471148,87.7930,115.3320
18563504,85.1563,112.4023
18656324,89.9414,114.4531
18749608,89.7461,111.5234
18843360,87.6953,111.9141
18937580,87.2070,111.3281
19032268,85.6445,114.2578
19127432,86.8164,113.2813
19223072,88.0859,113.2813
19319188,88.6719,115.0391
19415784,85.6445,112.6953
19512864,83.9844,110.6445
19610432,86.9141,116.7969
19708488,85.6445,113.4766
19807032,89.5508,116.0156
19906068,91.6992,113.0859
20005600,88.8672,114.8438
20105628,87.8906,120.7031
20206160,84.4727,178.9063
20307192,88.5742,114.4531
20408728,86.3281,113.1836
20510772,106.1523,115.8203
20613328,101.8555,113.1836
20716396,89.9414,118.2617
20819980,86.5234,114.4531
20924080,87.0117,117.2852
21028704,85.6445,117.8711
21133848,88.7695,114.9414
21239520,87.8906,114.7461
21345720,87.5977,114.3555
21452452,90.9180,115.5273
21559716,87.8906,114.7461
21667516,85.9375,113.7695
21775856,87.1094,115.9180
21884736,87.0117,118.7500
21994160,92.1875,118.2617
22104132,87.9883,115.7227
22214656,84.8633,114.5508
22325732,90.4297,116.7969
22437364,92.1875,120.4102
22549552,87.1094,113.2813
22662300,86.7188,114.9414
22775612,90.6250,114.3555
22889492,88.6719,117.8711
23003940,87.6953,114.4531
23118960,86.1328,112.7930
23234556,90.4297,115.6250
23350732,88.1836,116.0156
23467488,88.7695,115.1367
23584828,90.4297,113.7695
23702756,88.9648,112.2070
23821272,88.3789,115.0391
23940380,91.8945,118.5547
24060084,89.2578,113.7695
24180388,87.7930,116.1133
24301292,87.3047,118.6523
24422800,111.3281,118.6523
24544916,91.9922,118.0664
24667644,91.1133,120.7031
24790984,90.7227,116.6992
24914940,89.4531,118.0664
25039516,88.3789,115.2344
25164716,91.8945,128.1250
25290540,92.1875,115.3320
25416996,89.6484,115.3320
25544084,89.1602,117.5781
25671808,91.3086,119.7266
25800168,88.3789,116.6016
25929172,101.3672,130.7617
26058820,128.3203,121.0938
26189116,99.6094,123.2422
26320064,94.5313,122.0703
26451668,92.8711,119.8242
26583928,106.7383,124.3164
26716848,100.0977,122.8516
26850436,101.0742,122.3633
26984692,94.3359,118.6523
27119616,91.6016,126.0742
27255216,104.4922,128.0273
27391496,144.6289,136.8164
27528456,117.9688,131.2500
27666100,107.3242,122.6563
27804432,93.2617,119.7266
27943456,100.1953,132.0313
28083176,125.7813,121.5820
28223592,105.1758,119.3359
28364712,98.3398,118.3594
28506536,100.9766,129.4922
28649072,119.4336,129.4922
28792320,107.9102,125.8789
28936284,106.1523,131.2500
29080968,104.3945,135.2539
29226376,111.9141,130.0781
29372508,104.5898,127.5391
29519372,102.0508,129.0039
29666972,111.7188,134.8633
29815308,124.4141,137.4023
29964388,110.1563,123.9258
30114212,107.5195,132.9102
30264784,111.9141,127.4414
30416108,110.0586,129.2969
30568192,109.5703,132.1289
30721036,107.1289,147.8516
30874644,118.2617,134.8633
31029020,112.5000,132.5195
31184168,112.3047,131.8359
31340092,134.1797,138.6719
31496796,123.5352,134.4727
31654280,117.9688,132.4219
31812552,129.0039,142.8711
31971616,119.9219,139.0625
32131476,139.6484,140.9180
32292136,132.2266,143.6523
32453600,117.5781,137.5000
32615868,118.3594,138.3789
32778948,144.7266,147.7539
32942844,123.7305,138.9648
33107560,118.7500,137.4023
33273100,144.8242,156.9336
33439468,136.7188,145.8984
33606668,137.8906,147.1680
33774704,139.9414,149.0234
33943580,130.2734,143.1641
34113300,125.0000,156.6406
34283868,133.5938,150.8789
34455288,130.1758,143.3594
34627568,148.9258,159.0820
34800708,135.9375,151.8555
34974712,130.4688,149.7070
35149588,156.2500,149.6094
35325336,144.6289,169.5313
35501964,146.6797,187.2070
35679476,154.1992,160.1563
35857876,145.2148,162.7930
36037168,152.3438,156.1523
36217356,140.2344,153.3203
36398444,166.3086,174.0234
36580440,179.9805,169.0430
36763344,198.7305,170.8008
36947164,170.1172,158.4961
37131900,203.1250,196.8750
37317560,151.8555,161.6211
37504148,148.6328,185.0586
37691672,162.3047,166.2109
37880132,150.6836,176.1719
38069536,152.2461,166.3086
38259884,174.1211,170.0195
38451184,158.5938,162.8906
38643440,145.3125,173.0469
38836660,158.3984,170.1172
39030844,143.1641,164.4531
39226000,163.5742,167.3828
39422132,152.5391,161.4258
39619244,195.8008,175.4883
39817344,167.0898,180.8594
40016432,190.5273,176.4648
40216516,158.2031,171.6797
40417600,162.5977,171.4844
40619688,155.1758,173.5352
40822788,167.2852,176.5625
41026904,204.6875,197.8516
41232040,203.2227,195.0195
41438204,181.3477,192.5781
41645396,172.6563,180.4688
41853624,224.8047,175.8789
42062896,166.6016,179.5898
42273212,225.5859,139.2578
42484580,171.3867,178.7109
42697004,183.2031,182.4219
42910492,173.6328,204.5898
43125048,180.7617,182.7148
43340676,183.1055,176.8555
43557380,172.9492,182.7148
43775168,177.0508,193.3594
43994044,170.1172,229.1016
44214016,181.7383,187.5000
44435088,176.1719,204.4922
44657264,187.7930,193.2617
44880552,187.9883,192.8711
45104956,179.2969,202.7344
45330484,190.7227,218.0664
45557140,269.9219,191.0156
45784928,184.7656,210.4492
46013856,196.4844,193.7500
46243928,203.4180,199.8047
46475148,186.2305,208.5938
46707524,184.8633,188.8672
46941064,196.6797,195.1172
47175772,185.2539,209.7656
47411652,190.5273,202.9297
47648712,204.1016,203.5156
47886956,258.9844,208.3984
48126392,205.5664,208.4961
48367024,201.1719,200.5859
48608860,209.9609,203.2227
48851908,191.3086,227.2461
49096168,205.9570,263.0859
49341652,210.2539,200.5859
49588364,208.3984,212.4023
49836308,255.6641,211.2305
50085492,235.3516,215.7227
50335920,198.2422,198.2422
50587600,203.3203,208.1055
50840540,196.4844,227.7344
51094744,208.3984,227.2461
51350220,210.8398,207.9102
51606972,250.8789,208.7891
51865008,205.1758,207.1289
52124336,202.2461,225.7813
52384960,230.0781,260.0586
52646888,218.0664,213.1836
52910124,208.8867,211.2305
53174676,217.3828,215.0391
53440552,206.7383,223.1445
53707756,208.3984,244.3359
53976296,262.6953,274.8047
54246180,231.3477,300.9766
54517412,253.8086,225.8789
54790000,218.3594,229.1016
55063952,230.0781,230.1758
55339272,344.9219,222.5586
55615972,221.2891,264.8438
55894052,246.1914,302.2461
56173524,312.9883,246.8750
56454392,287.5000,253.8086
56736664,292.1875,242.0898
57020348,259.7656,277.5391
57305452,245.3125,236.6211
57591980,238.6719,233.1055
57879940,239.9414,227.0508
58169340,260.2539,230.5664
58460188,234.0820,236.4258
58752492,239.0625,227.0508
59046256,237.8906,247.9492
59341488,243.0664,235.4492
59638196,233.9844,227.1484
59936388,247.9492,238.6719
60236072,256.3477,233.6914
60537256,261.8164,338.6719
60839944,288.8672,281.4453
61144144,271.7773,258.1055
61449868,304.0039,296.5820
61757120,279.7852,260.3516
62065908,267.3828,255.5664
62376240,390.0391,242.2852
62688124,255.6641,234.0820
63001568,264.5508,235.7422
63316576,249.0234,239.2578
63633160,252.1484,240.4297
63951328,250.9766,250.6836
64271088,256.0547,311.5234
64592444,266.4063,251.5625
64915408,253.3203,252.1484
65239988,254.3945,239.5508
65566188,247.8516,255.0781
65894020,422.2656,258.3984
66223492,262.7930,254.5898
66554612,263.8672,295.8984
66887388,245.3125,277.9297
