4,1.6602,1.8555
8,2.1484,6.0547
12,2.4414,6.6406
16,2.6367,8.0078
20,3.0273,9.2773
24,3.1250,10.9375
28,3.0273,11.6211
32,3.1250,12.4023
36,3.8086,12.2070
40,3.7109,13.1836
44,3.7109,13.1836
48,3.7109,13.3789
52,4.0039,14.6484
56,3.6133,15.3320
60,3.4180,15.7227
64,3.7109,17.1875
68,3.7109,15.5273
72,5.0781,16.4063
76,4.9805,15.5273
80,4.3945,16.6992
84,4.3945,16.3086
88,4.5898,16.1133
92,4.6875,16.4063
96,4.2969,16.3086
100,4.3945,16.6992
104,5.1758,17.4805
108,4.1992,18.0664
112,4.5898,17.7734
116,4.6875,18.4570
120,4.3945,18.8477
124,4.2969,18.5547
128,4.5898,20.1172
132,5.2734,18.6523
136,5.4688,19.5313
140,5.2734,19.5313
144,5.2734,19.8242
148,5.2734,19.0430
152,5.2734,18.9453
156,5.1758,19.6289
160,5.2734,20.0195
164,5.2734,19.9219
168,5.3711,19.9219
172,5.3711,20.3125
176,5.2734,19.3359
180,7.4219,19.8242
184,9.4727,20.1172
188,5.3711,18.9453
192,5.1758,19.8242
196,5.4688,19.7266
200,5.0781,20.5078
204,5.4688,19.9219
208,5.4688,20.7031
212,5.0781,20.9961
216,5.4688,20.2148
220,5.4688,20.1172
224,5.4688,20.5078
228,5.1758,21.1914
232,5.2734,21.8750
236,5.1758,21.1914
240,5.4688,21.6797
244,5.2734,21.2891
248,5.0781,22.0703
252,5.1758,20.9961
256,5.1758,22.9492
260,6.1523,22.1680
264,6.1523,22.0703
268,6.3477,22.1680
272,6.3477,21.9727
276,6.5430,23.2422
280,6.2500,21.1914
284,6.8359,21.7773
288,6.8359,21.0938
292,6.8359,21.6797
296,6.3477,21.4844
300,6.1523,22.7539
304,6.4453,22.0703
308,6.4453,22.2656
312,6.3477,21.5820
316,6.3477,23.1445
320,6.3477,21.7773
324,6.2500,21.9727
328,6.7383,22.5586
332,6.3477,22.9492
336,6.3477,21.7773
340,6.3477,22.8516
344,6.1523,22.4609
348,6.2500,22.0703
352,6.1523,22.2656
356,6.2500,22.6563
360,6.1523,22.6563
364,6.2500,22.5586
368,6.5430,22.0703
372,6.3477,21.8750
376,6.5430,22.6563
380,6.3477,22.8516
384,6.4453,21.4844
388,6.7383,24.1211
392,6.5430,22.1680
396,6.1523,22.4609
400,6.4453,22.6563
404,6.8359,22.5586
408,6.7383,23.3398
412,6.2500,22.3633
416,6.2500,22.5586
420,6.4453,23.4375
424,6.1523,23.1445
428,6.4453,23.4375
432,6.4453,24.3164
436,6.8359,23.5352
440,6.8359,24.6094
444,6.4453,23.7305
448,6.1523,23.2422
452,6.4453,23.7305
456,8.8867,24.1211
460,6.1523,24.5117
464,6.6406,24.6094
468,6.1523,23.3398
472,6.6406,24.3164
476,6.3477,24.0234
480,6.3477,23.7305
484,6.3477,24.9023
488,6.6406,23.9258
492,6.6406,24.4141
496,6.1523,23.6328
500,6.3477,24.8047
504,6.3477,25.9766
508,6.3477,24.1211
512,6.7383,25.9766
516,8.3008,25.5859
520,8.2031,27.1484
524,8.3984,25.4883
528,8.1055,26.0742
532,8.1055,25.3906
536,8.2031,25.1953
540,8.3984,25.2930
544,8.3984,24.5117
548,8.3008,25.5859
552,8.5938,24.9023
556,8.0078,24.8047
560,7.9102,25.2930
564,7.8125,25.2930
568,7.8125,25.4883
572,8.1055,25.4883
576,8.2031,24.4141
580,7.9102,26.3672
584,8.4961,25.6836
588,7.9102,25.2930
592,7.7148,24.2188
596,8.3008,24.7070
600,8.2031,24.4141
604,8.1055,26.0742
608,8.3984,26.0742
612,8.0078,25.8789
616,7.8125,25.7813
620,8.5938,24.7070
624,7.9102,25.8789
628,7.6172,25.5859
632,8.3984,25.0000
636,11.5234,28.9063
640,10.3516,25.3906
644,8.3984,25.2930
648,8.3008,25.9766
652,8.1055,25.1953
656,8.2031,25.2930
660,8.5938,25.0977
664,8.1055,25.7813
668,8.2031,24.9023
672,8.4961,25.5859
676,8.2031,24.5117
680,8.2031,25.6836
684,8.2031,26.2695
688,7.5195,25.0977
692,8.0078,25.4883
696,8.2031,25.7813
700,8.1055,25.4883
704,7.9102,25.0000
708,8.2031,25.4883
712,8.3008,25.0000
716,8.1055,25.2930
720,7.9102,26.8555
724,8.2031,24.4141
728,8.3984,25.4883
732,8.7891,26.6602
736,8.3984,26.4648
740,8.2031,25.1953
744,7.9102,25.3906
748,8.3008,26.4648
752,8.3984,25.8789
756,8.0078,26.4648
760,8.3008,25.6836
764,7.9102,25.4883
768,8.3984,26.6602
772,8.0078,25.3906
776,8.3008,26.5625
780,8.3008,25.4883
784,7.8125,26.9531
788,7.8125,26.2695
792,8.4961,25.4883
796,8.4961,27.0508
800,8.3008,25.4883
804,8.0078,24.7070
812,7.7148,26.3672
820,8.3984,25.4883
828,7.8125,25.6836
836,8.3008,25.7813
844,8.3008,26.1719
852,8.6914,28.5156
860,8.3008,26.9531
868,8.0078,25.6836
876,8.2031,24.7070
884,10.3516,26.3672
892,8.1055,29.1016
900,7.9102,26.2695
908,7.9102,28.1250
916,8.1055,26.7578
924,7.8125,27.4414
932,8.1055,26.4648
940,8.0078,25.4883
948,8.3008,27.1484
956,7.7148,27.4414
964,7.9102,30.2734
972,8.3008,26.7578
980,8.1055,27.1484
988,8.2031,27.3438
996,7.7148,28.9063
1004,8.3008,27.8320
1012,8.0078,28.2227
1020,8.3984,28.0273
1028,10.0586,28.5156
1036,10.5469,27.8320
1044,10.6445,28.5156
1052,11.3281,27.9297
1060,10.7422,28.1250
1068,10.4492,26.7578
1076,10.5469,28.8086
1084,10.9375,27.3438
1092,10.5469,28.2227
1100,9.4727,28.8086
1108,11.1328,28.4180
1116,10.0586,28.1250
1124,10.2539,27.6367
1132,10.4492,28.0273
1140,10.4492,28.3203
1148,10.5469,29.0039
1156,10.5469,27.6367
1164,10.8398,27.9297
1172,10.6445,27.6367
1180,10.5469,28.2227
1188,10.7422,29.1016
1196,10.4492,29.1016
1204,10.0586,27.5391
1212,10.4492,28.9063
1220,10.3516,28.4180
1228,9.7656,28.4180
1236,11.2305,27.9297
1244,11.3281,28.9063
1252,10.3516,28.5156
1260,10.7422,28.8086
1268,10.6445,28.6133
1276,11.4258,29.2969
1284,10.6445,28.0273
1292,10.6445,27.9297
1300,10.4492,29.1992
1308,9.7656,30.7617
1316,10.4492,27.5391
1324,10.4492,27.7344
1332,10.2539,28.4180
1340,10.5469,29.1992
1348,10.3516,28.7109
1356,10.7422,28.6133
1364,9.8633,28.9063
1372,10.1563,28.7109
1380,10.2539,28.4180
1388,10.5469,27.2461
1396,10.4492,28.2227
1404,10.5469,28.5156
1412,10.1563,28.1250
1420,9.3750,29.6875
1428,10.2539,28.3203
1436,10.6445,29.0039
1444,10.5469,28.1250
1452,11.1328,28.2227
1460,10.9375,28.3203
1468,9.4727,28.6133
1476,9.7656,29.1016
1484,10.6445,27.8320
1492,11.0352,29.6875
1500,9.9609,27.6367
1508,9.8633,28.4180
1516,10.1563,29.7852
1524,10.0586,29.5898
1532,10.7422,30.1758
1540,11.1328,28.0273
1548,10.1563,28.0273
1556,10.6445,27.6367
1564,10.3516,28.6133
1572,10.6445,29.0039
1580,9.9609,30.2734
1588,10.5469,29.1016
1596,9.7656,29.3945
1604,10.2539,28.6133
1616,10.8398,30.3711
1628,9.7656,28.0273
1640,10.8398,28.7109
1652,9.8633,28.4180
1664,10.7422,30.0781
1676,10.2539,28.7109
1688,10.7422,30.1758
1700,9.4727,29.3945
1712,9.7656,28.7109
1724,10.0586,29.8828
1736,10.0586,30.0781
1748,11.0352,29.9805
1760,10.8398,28.9063
1772,10.4492,29.2969
1784,10.5469,28.1250
1796,10.9375,29.4922
1808,10.3516,31.1523
1820,10.0586,29.5898
1832,10.8398,32.9102
1844,9.0820,30.2734
1856,10.7422,30.4688
1868,10.4492,29.6875
1880,10.4492,29.7852
1892,9.3750,30.3711
1904,9.3750,29.9805
1916,10.0586,29.1992
1928,10.2539,30.6641
1940,10.5469,29.5898
1952,10.2539,30.8594
1964,10.1563,30.7617
1976,10.4492,29.9805
1988,10.2539,30.1758
2000,9.9609,32.9102
2012,10.2539,30.1758
2024,10.5469,30.3711
2036,11.0352,30.6641
2048,10.4492,30.8594
2060,13.3789,32.0313
2072,12.9883,30.8594
2084,12.9883,30.9570
2096,13.4766,31.9336
2108,13.1836,32.3242
2120,13.7695,31.2500
2132,12.8906,31.1523
2144,12.8906,31.6406
2156,12.5977,32.0313
2168,12.8906,31.2500
2180,13.0859,31.1523
2192,13.1836,30.8594
2204,13.0859,30.9570
2216,13.0859,31.0547
2228,12.5977,31.0547
2240,13.1836,30.2734
2252,13.1836,30.6641
2264,13.0859,31.2500
2276,12.9883,30.7617
2288,12.5977,29.9805
2300,12.8906,31.0547
2312,12.9883,30.9570
2324,13.0859,30.9570
2336,12.6953,31.1523
2348,13.2813,31.4453
2360,12.8906,31.0547
2372,13.2813,30.7617
2384,12.4023,30.2734
2396,13.0859,30.9570
2408,12.8906,29.9805
2424,12.5000,30.4688
2440,12.5977,30.7617
2456,12.8906,31.4453
2472,12.7930,31.1523
2488,12.6953,30.7617
2504,13.2813,32.3242
2520,12.3047,31.4453
2536,13.1836,31.7383
2552,12.7930,32.7148
2568,12.7930,30.9570
2584,12.7930,31.2500
2600,12.2070,31.2500
2616,12.6953,31.4453
2632,12.9883,31.9336
2648,12.4023,31.3477
2664,13.0859,31.0547
2680,13.0859,30.7617
2696,12.7930,31.4453
2712,13.2813,31.6406
2728,12.6953,30.5664
2744,12.6953,31.5430
2760,12.5000,31.1523
2776,12.8906,31.8359
2792,12.8906,30.9570
2808,13.6719,31.7383
2824,13.1836,31.6406
2840,12.5977,30.8594
2856,12.2070,32.6172
2872,13.0859,31.5430
2888,13.1836,32.2266
2904,12.4023,31.7383
2920,12.9883,30.8594
2936,12.5977,32.7148
2952,12.5000,31.7383
2968,12.6953,31.9336
2984,12.8906,32.1289
3000,12.9883,31.4453
3016,13.8672,31.8359
3032,12.8906,31.5430
3048,12.8906,31.8359
3064,13.1836,32.4219
3080,12.9883,32.5195
3096,12.8906,31.9336
3112,12.7930,32.3242
3128,19.7266,31.3477
3144,12.5000,32.2266
3160,12.9883,32.1289
3176,12.2070,31.8359
3192,12.3047,32.0313
3208,12.5977,32.1289
3228,12.5977,31.6406
3248,12.5000,31.7383
3268,13.1836,32.7148
3288,13.0859,32.4219
3308,12.9883,32.4219
3328,12.8906,32.4219
3348,12.4023,33.7891
3368,13.2813,31.9336
3388,12.8906,31.5430
3408,12.8906,33.0078
3428,13.2813,32.3242
3448,12.6953,31.9336
3468,13.0859,31.8359
3488,12.6953,32.2266
3508,13.1836,32.4219
3528,12.7930,32.4219
3548,12.8906,33.0078
3568,12.3047,33.0078
3588,12.5000,32.4219
3608,14.5508,32.0313
3628,12.8906,33.0078
3648,12.7930,32.3242
3668,12.7930,32.9102
3688,12.7930,32.9102
3708,12.5000,31.9336
3728,13.0859,33.1055
3748,12.5977,33.0078
3768,12.4023,33.3008
3788,16.6016,32.7148
3808,12.8906,33.4961
3828,12.3047,32.9102
3848,12.5977,33.2031
3868,13.1836,33.6914
3888,12.7930,33.3008
3908,12.8906,33.1055
3928,13.2813,33.7891
3948,12.9883,33.1055
3968,12.6953,32.4219
3988,13.5742,33.7891
4008,13.4766,34.6680
4032,12.8906,33.2031
4056,12.0117,33.0078
4080,12.6953,33.2031
4104,15.7227,35.1563
4128,15.7227,36.3281
4152,15.2344,34.3750
4176,15.0391,34.5703
4200,14.9414,33.6914
4224,15.1367,33.7891
4248,14.9414,34.2773
4272,14.6484,33.5938
4296,15.7227,33.6914
4320,15.2344,33.0078
4344,14.9414,34.0820
4368,15.7227,34.1797
4392,14.7461,33.1055
4416,14.8438,35.5469
4440,15.4297,33.7891
4464,15.6250,34.1797
4488,15.2344,33.2031
4512,14.9414,34.6680
4536,14.7461,33.4961
4560,15.1367,34.4727
4584,14.8438,33.9844
4608,15.1367,33.7891
4632,15.2344,33.4961
4656,15.0391,34.2773
4680,14.8438,33.4961
4704,15.6250,36.3281
4728,15.1367,33.3984
4752,15.3320,34.4727
4776,15.9180,34.9609
4800,15.0391,33.8867
4824,15.2344,33.3008
4852,15.4297,34.7656
4880,15.5273,34.7656
4908,14.9414,33.5938
4936,15.3320,34.3750
4964,14.9414,34.7656
4992,15.2344,33.7891
5020,15.4297,33.9844
5048,15.1367,33.2031
5076,15.0391,34.5703
5104,15.4297,33.8867
5132,15.3320,33.6914
5160,15.3320,33.0078
5188,14.8438,33.6914
5216,15.9180,35.4492
5244,15.3320,34.2773
5272,15.7227,33.2031
5300,15.1367,33.7891
5328,15.8203,35.3516
5356,15.6250,34.4727
5384,15.7227,34.9609
5412,15.3320,34.3750
5440,15.4297,35.6445
5468,15.5273,34.9609
5496,15.7227,33.2031
5524,16.1133,34.4727
5552,15.6250,34.5703
5580,15.7227,35.6445
5608,16.0156,35.2539
5640,15.5273,34.5703
5672,15.5273,35.5469
5704,15.4297,34.8633
5736,15.7227,35.0586
5768,15.5273,34.5703
5800,15.5273,35.2539
5832,15.3320,35.1563
5864,14.9414,34.2773
5896,15.6250,34.8633
5928,15.6250,34.8633
5960,15.2344,34.6680
5992,15.1367,34.5703
6024,15.4297,35.4492
6056,15.1367,34.3750
6088,15.3320,34.2773
6120,15.5273,35.3516
6152,15.1367,34.1797
6184,15.3320,35.5469
6216,15.0391,34.9609
6248,15.0391,34.7656
6280,15.0391,33.9844
6312,14.9414,34.5703
6344,15.6250,35.1563
6376,15.8203,35.4492
6408,15.6250,34.6680
6444,15.3320,34.9609
6480,15.1367,35.1563
6516,14.8438,35.2539
6552,14.9414,34.5703
6588,16.1133,35.0586
6624,15.1367,34.9609
6660,15.1367,34.4727
6696,16.0156,36.8164
6732,15.5273,34.9609
6768,15.8203,34.7656
6804,14.9414,34.4727
6840,14.7461,34.5703
6876,15.8203,34.9609
6912,16.0156,35.3516
6948,15.8203,35.5469
6984,14.9414,35.1563
7020,14.9414,34.9609
7056,15.3320,35.5469
7092,14.8438,34.7656
7128,15.2344,33.7891
7164,15.7227,34.2773
7200,15.4297,34.9609
7236,15.6250,35.3516
7276,15.8203,36.9141
7316,15.1367,36.2305
7356,15.4297,35.7422
7396,15.5273,36.0352
7436,15.5273,34.6680
7476,15.2344,35.5469
7516,15.7227,36.1328
7556,15.5273,36.5234
7596,16.0156,36.7188
7636,15.5273,35.7422
7676,15.5273,35.7422
7716,14.5508,34.5703
7756,15.5273,37.1094
7796,16.0156,36.4258
7836,15.4297,37.3047
7876,15.4297,35.3516
7916,15.0391,35.6445
7956,15.2344,36.3281
7996,15.1367,35.9375
8036,15.6250,36.8164
8080,15.0391,35.8398
8124,15.6250,35.6445
8168,14.7461,35.4492
8212,18.7500,38.0859
8256,18.0664,36.9141
8300,18.0664,36.6211
8344,19.7266,35.4492
8388,17.7734,36.0352
8432,18.1641,36.9141
8476,17.6758,35.6445
8520,17.6758,35.4492
8564,18.7500,37.0117
8608,18.1641,36.1328
8652,17.9688,35.4492
8696,18.1641,36.8164
8740,18.4570,36.1328
8784,18.0664,34.8633
8828,17.3828,37.4023
8876,17.6758,38.1836
8924,17.9688,37.0117
8972,16.9922,37.1094
9020,17.9688,36.6211
9068,17.1875,37.0117
9116,17.2852,36.6211
9164,18.2617,36.5234
9212,17.9688,37.0117
9260,18.4570,37.3047
9308,17.7734,36.8164
9356,17.9688,42.8711
9404,18.0664,36.6211
9452,17.2852,37.0117
9500,17.7734,35.9375
9548,17.8711,35.9375
9596,17.3828,36.1328
9644,18.1641,36.1328
9696,18.0664,37.1094
9748,17.7734,35.6445
9800,17.9688,37.1094
9852,18.1641,36.5234
9904,18.4570,37.9883
9956,18.2617,37.1094
10008,17.6758,35.1563
10060,17.9688,37.0117
10112,18.3594,36.1328
10164,17.1875,35.4492
10216,18.0664,37.0117
10268,18.6523,37.6953
10320,18.0664,36.0352
10372,17.4805,37.0117
10424,17.3828,37.0117
10480,17.9688,37.0117
10536,17.8711,36.9141
10592,18.0664,37.1094
10648,18.2617,36.9141
10704,17.6758,37.2070
10760,18.0664,37.2070
10816,18.2617,36.4258
10872,17.3828,36.9141
10928,17.6758,36.8164
10984,17.8711,37.1094
11040,19.0430,37.8906
11096,17.8711,37.2070
11152,18.4570,39.3555
11208,17.8711,35.0586
11268,18.4570,37.5977
11328,17.4805,38.0859
11388,16.8945,37.2070
11448,18.6523,37.4023
11508,18.3594,38.3789
11568,17.7734,37.8906
11628,17.9688,36.9141
11688,17.6758,36.5234
11748,18.3594,37.9883
11808,17.6758,37.4023
11868,17.5781,37.1094
11928,17.3828,35.9375
11988,17.8711,37.1094
12048,17.1875,36.5234
12112,18.1641,37.3047
12176,18.4570,37.5977
12240,18.3594,37.6953
12304,17.4805,37.3047
12368,18.9453,38.4766
12432,18.0664,37.8906
12496,18.0664,38.6719
12560,18.0664,37.3047
12624,17.9688,36.5234
12688,16.8945,37.2070
12752,18.0664,37.6953
12816,17.8711,37.0117
12884,17.6758,37.5000
12952,17.4805,37.3047
13020,17.6758,37.7930
13088,18.3594,37.4023
13156,18.4570,38.0859
13224,17.8711,38.1836
13292,21.4844,37.4023
13360,17.6758,37.9883
13428,17.9688,37.8906
13496,18.1641,38.5742
13564,18.1641,38.2813
13632,17.6758,40.1367
13704,18.4570,38.1836
13776,18.1641,36.5234
13848,17.4805,37.9883
13920,18.7500,37.8906
13992,17.5781,37.5000
14064,19.7266,37.8906
14136,17.0898,38.6719
14208,18.4570,38.2813
14280,18.5547,38.4766
14352,18.5547,38.3789
14424,18.3594,38.6719
14500,17.6758,36.9141
14576,17.2852,36.4258
14652,18.1641,39.1602
14728,17.5781,38.9648
14804,17.8711,37.4023
14880,17.9688,40.1367
14956,18.5547,39.3555
15032,18.2617,38.8672
15108,18.8477,38.7695
15184,17.1875,38.3789
15260,17.8711,37.5977
15340,17.3828,37.6953
15420,17.3828,38.9648
15500,17.8711,39.8438
15580,17.3828,38.7695
15660,17.6758,37.8906
15740,18.4570,40.4297
15820,18.2617,39.5508
15900,18.1641,37.9883
15980,17.8711,37.9883
16060,18.1641,39.0625
16144,17.8711,38.5742
16228,17.6758,38.8672
16312,18.6523,40.0391
16396,21.3867,39.9414
16480,21.1914,39.3555
16564,20.7031,39.5508
16648,22.5586,38.9648
16732,20.4102,38.0859
16816,20.6055,38.2813
16904,20.8008,39.3555
16992,21.4844,39.4531
17080,20.6055,38.4766
17168,20.4102,39.3555
17256,20.8008,39.7461
17344,21.1914,39.2578
17432,20.1172,38.8672
17520,20.9961,39.1602
17608,20.9961,39.2578
17700,21.0938,40.3320
17792,21.4844,38.1836
17884,21.4844,39.5508
17976,20.8008,39.4531
18068,20.7031,39.2578
18160,20.8984,39.1602
18252,20.7031,38.7695
18344,21.2891,39.9414
18436,20.5078,39.4531
18532,22.8516,39.6484
18628,20.3125,39.9414
18724,20.6055,38.6719
18820,20.4102,39.3555
18916,20.8984,38.9648
19012,19.7266,39.2578
19108,21.5820,40.8203
19204,20.1172,38.3789
19304,20.9961,38.5742
19404,19.9219,38.8672
19504,20.2148,37.5000
19604,21.1914,39.5508
19704,20.4102,39.4531
19804,19.9219,39.5508
19904,20.8008,39.0625
20004,21.1914,38.7695
20108,22.2656,38.8672
20212,21.0938,39.3555
20316,20.8008,38.8672
20420,20.6055,40.3320
20524,20.8008,39.0625
20628,21.0938,44.8242
20732,20.5078,38.8672
20836,21.4844,38.1836
20944,21.0938,39.7461
21052,20.8008,37.8906
21160,20.8008,40.1367
21268,21.3867,39.9414
21376,20.6055,39.0625
21484,20.0195,38.0859
21592,20.4102,39.6484
21700,20.2148,39.2578
21812,21.0938,41.3086
21924,20.3125,40.3320
22036,20.8984,40.1367
22148,20.8984,40.0391
22260,20.6055,39.2578
22372,21.7773,41.3086
22484,20.1172,40.1367
22600,20.1172,39.3555
22716,20.2148,40.1367
22832,20.2148,40.1367
22948,25.8789,39.1602
23064,20.1172,39.2578
23180,20.3125,43.6523
23296,20.5078,42.9688
23416,20.8984,40.4297
23536,20.6055,39.9414
23656,20.4102,40.1367
23776,21.0938,39.9414
23896,20.6055,38.6719
24016,19.3359,38.1836
24140,22.8516,38.7695
24264,20.2148,38.6719
24388,21.4844,40.3320
24512,20.5078,39.8438
24636,20.1172,39.4531
24760,20.8984,40.5273
24884,20.3125,40.4297
25012,21.1914,41.2109
25140,20.4102,39.6484
25268,20.8984,40.1367
25396,20.8008,42.7734
25524,20.1172,40.4297
25652,20.5078,40.0391
25784,21.1914,40.8203
25916,20.5078,40.3320
26048,20.8984,40.0391
26180,20.5078,40.3320
26312,20.5078,40.3320
26444,20.1172,39.7461
26580,20.8984,39.5508
26716,20.7031,40.7227
26852,21.1914,40.7227
26988,20.0195,39.7461
27124,20.5078,39.3555
27260,20.9961,40.3320
27400,20.8984,40.6250
27540,20.4102,40.8203
27680,20.8984,41.6016
27820,20.2148,40.6250
27960,20.1172,39.6484
28100,20.6055,40.6250
28244,22.0703,40.7227
28388,19.9219,40.2344
28532,20.3125,39.4531
28676,21.1914,40.5273
28820,23.8281,42.5781
28968,20.5078,39.9414
29116,20.3125,41.5039
29264,20.8008,40.9180
29412,20.8984,39.7461
29560,20.8008,40.2344
29708,20.9961,44.1406
29860,20.7031,41.0156
30012,21.0938,41.0156
30164,21.0938,42.3828
30316,21.0938,42.3828
30468,20.7031,41.1133
30624,20.5078,41.9922
30780,20.7031,40.1367
30936,21.0938,41.0156
31092,20.5078,40.6250
31248,20.8008,41.0156
31408,20.8984,40.1367
31568,20.6055,41.2109
31728,20.6055,40.2344
31888,21.4844,41.6992
32048,21.5820,41.6016
32212,20.7031,40.5273
32376,20.8008,41.9922
32540,20.5078,41.6992
32704,20.8008,41.4063
32868,24.9023,42.0898
33036,25.6836,41.5039
33204,23.0469,40.1367
33372,23.1445,40.8203
33540,24.3164,42.2852
33708,23.6328,41.1133
33880,23.7305,41.3086
34052,22.9492,41.7969
34224,23.7305,42.2852
34396,23.6328,41.6992
34568,23.4375,41.2109
34744,24.0234,41.9922
34920,23.7305,41.8945
35096,24.3164,42.7734
35272,23.5352,42.1875
35452,24.1211,42.2852
35632,23.5352,41.8945
35812,23.0469,43.1641
35992,23.5352,42.0898
36172,23.4375,43.3594
36356,23.3398,42.3828
36540,24.2188,41.8945
36724,24.0234,42.5781
36908,23.5352,41.9922
37096,22.5586,40.5273
37284,23.6328,41.4063
37472,23.6328,41.2109
37660,23.6328,41.6016
37852,23.7305,42.8711
38044,23.5352,43.0664
38236,23.0469,43.4570
38428,23.5352,43.3594
38624,22.6563,40.0391
38820,23.1445,42.4805
39016,22.5586,41.6016
39212,23.4375,42.3828
39412,23.1445,41.9922
39612,22.0703,40.1367
39812,23.5352,42.3828
40012,23.5352,43.1641
40216,23.3398,44.6289
40420,23.3398,42.2852
40624,23.1445,41.6992
40828,22.7539,42.8711
41036,25.7813,41.9922
41244,23.9258,42.1875
41452,23.9258,43.3594
41660,23.1445,42.8711
41872,23.9258,43.6523
42084,23.5352,43.1641
42296,26.1719,43.6523
42508,23.4375,42.7734
42724,23.8281,43.5547
42940,23.8281,43.4570
43156,23.8281,43.1641
43372,23.6328,42.9688
43592,24.4141,43.4570
43812,23.2422,40.9180
44032,23.5352,42.5781
44256,23.3398,42.8711
44480,23.6328,43.4570
44704,23.7305,43.8477
44928,23.7305,42.5781
45156,23.4375,43.1641
45384,23.7305,43.1641
45612,23.2422,42.1875
45844,23.5352,42.1875
46076,23.1445,43.8477
46308,23.5352,42.4805
46540,24.1211,45.4102
46776,24.5117,43.5547
47012,23.6328,43.1641
47248,22.9492,42.8711
47488,23.4375,43.3594
47728,24.0234,44.5313
47968,23.9258,44.4336
48208,24.3164,44.4336
48452,22.6563,42.8711
48696,23.5352,43.3594
48940,23.6328,53.8086
49188,22.8516,43.2617
49436,24.3164,44.5313
49684,23.5352,43.4570
49936,24.6094,45.0195
50188,23.7305,43.8477
50440,23.9258,44.4336
50696,23.8281,44.0430
50952,23.7305,43.7500
51208,23.9258,43.7500
51468,23.9258,43.7500
51728,23.0469,43.6523
51988,23.3398,44.4336
52248,23.6328,42.7734
52512,23.1445,44.1406
52776,23.9258,45.2148
53040,23.5352,43.5547
53308,23.2422,44.4336
53576,23.2422,44.1406
53844,23.1445,45.9961
54116,23.4375,43.2617
54388,23.4375,45.0195
54660,24.0234,45.3125
54936,24.1211,44.9219
55212,24.5117,44.5313
55492,23.1445,42.1875
55772,23.7305,44.9219
56052,23.8281,44.3359
56336,24.0234,43.3594
56620,26.4648,45.3125
56904,23.9258,45.2148
57192,23.7305,51.8555
57480,24.4141,45.5078
57768,24.4141,45.2148
58060,23.3398,45.1172
58352,24.5117,45.7031
58644,24.3164,45.1172
58940,23.3398,44.5313
59236,22.6563,46.3867
59536,23.6328,43.6523
59836,23.4375,44.8242
60136,23.4375,44.3359
60440,23.5352,43.6523
60744,24.3164,45.7031
61048,24.9023,45.5078
61356,23.6328,44.5313
61664,24.8047,45.8008
61976,23.5352,44.9219
62288,23.5352,45.1172
62600,23.7305,44.1406
62916,24.3164,45.4102
63232,24.5117,45.1172
63552,24.0234,44.8242
63872,23.6328,46.5820
64192,23.8281,45.5078
64516,24.1211,45.6055
64840,23.7305,45.8008
65168,23.6328,45.8984
65496,25.4883,46.3867
65824,27.9297,46.5820
66156,26.2695,45.8008
66488,26.9531,46.4844
66824,26.1719,45.4102
67160,26.4648,45.8984
67496,26.3672,46.9727
67836,26.6602,47.0703
68176,29.1992,47.0703
68520,26.4648,48.0469
68864,26.4648,46.8750
69212,25.8789,45.8008
69560,27.0508,48.1445
69908,27.1484,47.4609
70260,26.9531,46.9727
70612,26.2695,47.1680
70968,26.9531,47.5586
71324,28.5156,46.5820
71684,26.4648,47.1680
72044,26.7578,47.5586
72408,27.6367,48.1445
72772,26.5625,47.4609
73136,27.4414,48.9258
73504,27.7344,47.7539
73872,27.2461,47.9492
74244,26.1719,47.1680
74616,26.4648,46.8750
74992,26.9531,47.9492
75368,26.4648,47.7539
75748,28.0273,47.9492
76128,27.5391,47.1680
76512,26.7578,47.5586
76896,26.1719,46.8750
77284,26.0742,47.0703
77672,25.7813,46.7773
78064,27.2461,48.3398
78456,26.5625,46.9727
78852,26.4648,46.5820
79248,26.7578,47.6563
79648,26.8555,48.0469
80048,26.8555,47.6563
80452,26.4648,46.6797
80856,26.9531,48.7305
81264,26.2695,49.9023
81672,25.2930,45.6055
82084,26.6602,47.6563
82496,27.3438,48.2422
82912,26.3672,46.8750
83328,26.1719,47.0703
83748,26.0742,48.4375
84168,26.4648,47.7539
84592,26.0742,47.0703
85016,26.1719,48.5352
85444,26.2695,47.5586
85872,26.3672,48.1445
86304,25.9766,47.1680
86736,27.1484,49.3164
87172,26.8555,47.5586
87608,26.6602,48.4375
88048,26.2695,47.3633
88492,26.8555,47.6563
88936,26.9531,50.4883
89384,26.4648,49.8047
89832,26.4648,47.5586
90284,26.6602,47.2656
90736,27.3438,50.0977
91192,27.4414,49.2188
91648,27.4414,47.2656
92108,26.7578,46.3867
92572,26.5625,49.3164
93036,27.1484,51.1719
93504,27.0508,47.8516
93972,26.8555,48.4375
94444,26.9531,48.9258
94920,27.0508,48.0469
95396,27.2461,48.9258
95876,25.9766,47.7539
96356,26.3672,46.8750
96840,27.5391,48.6328
97328,26.9531,48.6328
97816,26.1719,48.9258
98308,27.5391,49.1211
98800,27.5391,49.7070
99296,26.9531,49.2188
99796,27.9297,50.6836
100296,26.7578,49.0234
100800,26.2695,48.9258
101304,26.8555,49.7070
101812,26.7578,48.9258
102324,27.4414,48.1445
102836,26.0742,48.7305
103352,27.2461,49.3164
103872,27.1484,50.6836
104392,26.4648,46.7773
104916,28.5156,49.7070
105444,25.9766,48.2422
105972,26.1719,48.1445
106504,26.3672,51.5625
107040,26.6602,47.7539
107576,26.9531,48.6328
108116,25.8789,46.8750
108660,26.0742,48.6328
109204,26.6602,48.1445
109752,26.0742,50.2930
110304,27.9297,49.0234
110856,28.8086,49.6094
111412,26.6602,49.7070
111972,26.7578,50.0977
112532,26.3672,49.5117
113096,26.4648,49.0234
113664,26.0742,48.7305
114236,27.7344,49.7070
114808,27.6367,50.0977
115384,27.1484,51.3672
115964,26.2695,49.7070
116544,28.5156,51.3672
117128,26.6602,47.8516
117716,27.5391,49.5117
118308,26.9531,50.0977
118900,26.3672,49.8047
119496,26.3672,49.1211
120096,27.0508,49.9023
120700,26.6602,53.7109
121304,26.1719,50.4883
121912,26.9531,50.0977
122524,27.1484,49.0234
123140,26.4648,49.3164
123756,27.2461,50.1953
124376,26.8555,49.9023
125000,27.5391,50.5859
125628,26.5625,49.8047
126260,26.4648,49.7070
126892,26.2695,49.3164
127528,28.0273,50.7813
128168,26.2695,50.1953
128812,27.2461,50.8789
129460,27.4414,50.2930
130108,26.5625,50.3906
130760,26.7578,49.8047
131416,31.7383,52.4414
132076,31.8359,50.9766
132740,30.2734,49.2188
133404,30.6641,50.7813
134072,30.8594,49.3164
134744,29.9805,49.8047
135420,31.1523,50.3906
136100,29.5898,50.0000
136784,29.1016,49.3164
137468,29.8828,50.6836
138156,30.0781,50.4883
138848,30.9570,50.9766
139544,30.4688,49.9023
140244,30.7617,49.7070
140948,30.0781,49.0234
141656,30.7617,51.2695
142368,31.0547,51.5625
143080,30.3711,54.3945
143796,30.3711,50.9766
144516,31.2500,51.5625
145240,30.2734,49.5117
145968,30.2734,51.9531
146700,29.5898,50.8789
147436,29.8828,50.0000
148176,29.9805,49.8047
148920,31.9336,50.2930
149668,30.8594,51.2695
150420,29.1992,50.5859
151176,30.4688,51.2695
151932,30.1758,51.3672
152692,31.1523,52.0508
153456,30.6641,51.5625
154224,31.4453,51.9531
154996,31.8359,51.3672
155772,29.4922,51.2695
156552,30.2734,51.0742
157336,31.0547,51.9531
158124,28.3203,48.3398
158916,29.7852,50.4883
159712,29.6875,50.6836
160512,29.6875,50.4883
161316,31.3477,53.7109
162124,30.2734,52.1484
162936,29.1992,49.6094
163752,29.9805,50.5859
164572,30.2734,51.6602
165396,29.7852,50.0977
166224,30.3711,52.4414
167056,30.6641,51.7578
167892,30.9570,53.3203
168732,30.3711,50.3906
169576,29.9805,51.6602
170424,30.6641,51.0742
171280,30.2734,52.4414
172140,30.0781,52.0508
173004,30.5664,52.1484
173872,29.8828,50.5859
174744,32.4219,56.4453
175620,30.5664,52.3438
176500,31.0547,52.4414
177384,30.6641,50.4883
178272,30.3711,52.2461
179164,30.0781,52.2461
180060,31.1523,52.1484
180964,30.2734,52.2461
181872,30.4688,52.4414
182784,30.9570,52.3438
183700,29.9805,51.9531
184620,31.2500,52.4414
185544,30.4688,52.4414
186472,30.3711,52.2461
187408,30.7617,53.3203
188348,30.3711,52.0508
189292,30.5664,56.6406
190240,30.7617,52.8320
191192,29.7852,51.2695
192148,30.1758,51.8555
193112,30.1758,52.8320
194080,30.5664,52.5391
195052,30.6641,52.3438
196028,31.0547,52.0508
197012,29.9805,52.1484
198000,38.7695,51.7578
198992,30.1758,52.1484
199988,29.9805,52.9297
200988,31.3477,54.0039
201996,30.9570,53.6133
203008,31.3477,54.1016
204024,31.4453,54.0039
205048,30.5664,55.3711
206076,30.3711,52.1484
207108,30.3711,51.6602
208144,29.8828,51.6602
209188,30.0781,50.6836
210236,30.5664,52.0508
211288,31.4453,52.7344
212348,29.8828,51.7578
213412,31.8359,52.2461
214480,30.4688,52.2461
215556,30.0781,50.8789
216636,29.1992,51.1719
217720,29.9805,52.1484
218812,30.2734,52.1484
219908,31.2500,52.5391
221008,30.3711,52.7344
222116,34.5703,53.6133
223228,30.3711,52.7344
224348,30.7617,53.6133
225472,31.7383,54.1992
226600,31.4453,54.0039
227736,30.6641,53.6133
228876,30.5664,53.8086
230024,30.4688,53.1250
231176,31.1523,53.0273
232332,31.0547,53.6133
233496,30.3711,52.5391
234664,31.2500,53.8086
235840,31.2500,55.1758
237020,30.5664,54.2969
238208,30.6641,52.8320
239400,30.4688,55.1758
240600,31.1523,53.7109
241804,30.9570,54.1016
243016,29.5898,52.5391
244232,29.6875,53.4180
245456,30.9570,54.6875
246684,32.9102,54.3945
247920,29.8828,53.4180
249160,30.8594,56.5430
250408,30.9570,52.0508
251664,30.4688,53.1250
252924,30.5664,54.3945
254192,33.0078,56.8359
255464,30.4688,53.4180
256744,31.8359,55.3711
258028,31.4453,54.2969
259320,33.0078,55.1758
260620,30.4688,53.3203
261924,32.3242,55.3711
263236,36.8164,54.8828
264556,35.6445,52.6367
265880,35.4492,54.5898
267212,36.0352,54.3945
268552,35.5469,55.9570
269896,35.1563,54.6875
271248,35.1563,54.7852
272608,35.3516,55.8594
273972,34.6680,55.1758
275344,34.5703,55.1758
276724,35.0586,55.0781
278108,33.9844,55.0781
279500,36.9141,56.9336
280900,35.0586,55.4688
282308,34.6680,54.0039
283720,33.9844,54.7852
285140,33.4961,54.3945
286568,34.5703,54.6875
288004,36.0352,56.8359
289448,33.7891,58.0078
290896,34.4727,54.7852
292352,35.0586,54.9805
293816,33.4961,53.9063
295288,34.1797,55.3711
296768,34.6680,53.3203
298252,34.3750,55.5664
299744,35.0586,54.0039
301244,34.8633,54.6875
302752,33.5938,54.2969
304268,35.1563,53.9063
305792,35.5469,55.9570
307324,34.3750,54.9805
308864,34.5703,56.6406
310412,34.8633,55.9570
311968,36.6211,55.5664
313528,33.7891,55.1758
315096,35.1563,54.1016
316672,34.7656,55.6641
318256,35.9375,56.8359
319848,34.3750,56.3477
321448,34.9609,55.8594
323056,34.3750,57.6172
324672,34.5703,56.1523
326296,35.2539,56.3477
327928,35.1563,55.8594
329568,36.0352,56.8359
331216,36.0352,56.7383
332876,34.6680,55.5664
334544,33.4961,55.2734
336220,34.1797,55.4688
337904,35.2539,56.2500
339596,35.7422,56.1523
341296,34.5703,56.4453
343004,36.4258,59.2773
344720,35.9375,57.4219
346444,34.5703,55.5664
348180,35.0586,57.1289
349924,35.9375,56.4453
351676,34.9609,56.3477
353436,35.9375,57.0313
355204,36.2305,55.1758
356984,35.9375,56.9336
358772,35.3516,55.5664
360568,41.5039,58.6914
362372,35.6445,57.4219
364184,34.1797,56.0547
366008,34.3750,55.9570
367840,35.1563,55.3711
369680,36.8164,57.1289
371532,35.7422,56.0547
373392,35.7422,56.5430
375260,35.3516,56.8359
377140,35.0586,57.0313
379028,33.3984,54.5898
380924,35.3516,56.7383
382832,34.5703,57.1289
384748,34.8633,56.7383
386672,35.3516,59.3750
388608,35.5469,57.8125
390552,34.7656,56.1523
392508,35.1563,57.3242
394472,35.4492,57.2266
396448,34.8633,57.1289
398432,35.6445,56.9336
400428,36.0352,57.3242
402432,35.9375,58.0078
404448,35.2539,56.2500
406472,35.0586,57.4219
408508,35.8398,58.3008
410552,36.0352,57.9102
412608,42.3828,67.3828
414672,37.5977,57.8125
416748,36.7188,58.1055
418832,35.4492,57.7148
420928,35.0586,55.9570
423036,35.8398,58.1055
425152,35.1563,57.9102
427280,34.9609,57.8125
429420,38.0859,64.6484
431568,35.5469,57.7148
433728,36.0352,58.2031
435900,36.0352,58.9844
438080,35.7422,58.3008
440272,35.3516,56.9336
442476,36.8164,59.6680
444692,36.1328,58.9844
446916,36.5234,57.6172
449152,34.4727,57.8125
451400,36.2305,57.9102
453660,36.1328,57.6172
455932,36.9141,58.6914
458212,36.1328,58.3008
460504,36.4258,58.6914
462808,36.9141,60.6445
465124,36.1328,59.8633
467452,37.1094,59.4727
469792,36.5234,58.4961
472144,35.6445,58.3984
474508,40.4297,60.4492
476884,35.6445,59.0820
479272,37.8906,60.6445
481672,36.2305,59.4727
484084,37.3047,59.9609
486508,37.6953,60.6445
488944,37.6953,58.6914
491392,36.5234,58.6914
493852,37.4023,61.4258
496324,37.9883,62.2070
498808,36.8164,59.4727
501304,36.2305,60.3516
503812,37.5000,60.6445
506332,37.0117,61.8164
508864,37.5977,61.0352
511412,36.6211,60.9375
513972,36.7188,60.2539
516544,37.4023,59.7656
519128,36.7188,63.8672
521724,37.6953,61.9141
524336,52.1484,66.7969
526960,43.7500,60.7422
529596,41.5039,60.6445
532244,40.8203,60.5469
534908,41.8945,61.7188
537584,41.4063,60.0586
540272,43.0664,62.2070
542976,42.0898,59.7656
545692,42.4805,62.2070
548424,41.3086,59.0820
551168,42.6758,62.4023
553924,40.5273,61.1328
556696,41.7969,62.9883
559480,42.4805,62.7930
562280,41.4063,61.7188
565092,41.0156,61.6211
567920,41.9922,61.5234
570760,42.0898,61.7188
573616,41.0156,60.7422
576488,41.6992,60.7422
579372,41.7969,61.3281
582272,41.7969,60.8398
585184,41.7969,59.9609
588112,41.4063,60.8398
591056,41.5039,62.1094
594012,44.2383,61.6211
596984,42.1875,63.7695
599972,41.6016,60.9375
602972,43.4570,64.1602
605988,41.8945,62.0117
609020,41.9922,62.3047
612068,44.7266,80.0781
615132,43.5547,62.2070
618208,43.1641,62.2070
621300,44.2383,65.1367
624408,43.6523,63.2813
627532,42.7734,62.1094
630672,58.2031,63.0859
633828,41.7969,62.0117
637000,42.1875,63.6719
640188,42.0898,61.7188
643392,57.6172,64.4531
646612,42.9688,62.1094
649848,42.7734,64.4531
653100,42.0898,63.0859
656368,41.5039,62.7930
659652,42.9688,64.0625
662952,43.3594,63.6719
666268,42.4805,63.7695
669600,41.8945,62.7930
672948,43.7500,65.2344
676316,42.4805,63.4766
679700,42.9688,63.7695
683100,42.1875,62.4023
686516,42.2852,63.2813
689952,42.6758,63.7695
693404,41.7969,61.7188
696872,42.0898,63.4766
700360,43.0664,64.7461
703864,43.7500,63.9648
707384,41.6992,61.9141
710924,44.1406,61.3281
714480,40.7227,62.6953
718056,42.0898,63.6719
721648,40.3320,61.7188
725260,40.4297,60.9375
728888,40.9180,66.8945
732536,39.7461,60.6445
736200,40.3320,60.4492
739884,40.2344,61.5234
743584,40.5273,62.9883
747304,42.6758,65.0391
751044,41.3086,66.0156
754800,40.3320,63.4766
758576,40.6250,61.8164
762372,41.9922,63.1836
766184,41.5039,64.3555
770016,42.2852,65.8203
773868,40.8203,65.4297
777740,41.5039,63.8672
781632,41.5039,63.4766
785544,41.6016,64.5508
789472,40.3320,62.8906
793420,41.3086,62.4023
797388,41.9922,66.1133
801376,41.3086,62.8906
805384,41.4063,62.8906
809412,40.3320,61.9141
813460,41.3086,64.3555
817528,40.7227,63.0859
821616,41.7969,67.2852
825728,42.2852,63.6719
829860,42.7734,64.9414
834012,41.6016,64.9414
838184,41.4063,65.5273
842376,41.0156,65.1367
846588,42.2852,65.7227
850824,40.9180,64.6484
855080,40.9180,63.6719
859356,42.0898,64.5508
863656,41.6016,63.3789
867976,42.0898,65.7227
872316,45.0195,65.0391
876680,40.7227,64.4531
881064,42.6758,66.1133
885472,42.4805,66.1133
889900,43.4570,66.0156
894352,41.3086,66.9922
898824,43.6523,67.5781
903320,41.6016,65.2344
907840,42.4805,66.3086
912380,42.2852,66.8945
916944,42.3828,65.8203
921532,42.6758,68.6523
926140,41.0156,65.2344
930772,41.0156,65.0391
935428,43.1641,67.6758
940108,41.5039,65.8203
944812,42.3828,66.6016
949540,44.9219,66.6992
954288,43.4570,66.8945
959060,43.2617,67.8711
963856,42.6758,69.3359
968676,41.3086,64.4531
973520,42.1875,67.2852
978388,42.1875,66.0156
983280,44.0430,70.7031
988200,43.0664,67.9688
993144,42.5781,66.8945
998112,42.6758,67.7734
1003104,42.2852,65.8203
1008120,41.6992,67.2852
1013164,43.1641,68.9453
1018232,42.3828,64.9414
1023324,44.5313,66.9922
1028444,43.8477,69.5313
1033588,42.1875,66.2109
1038756,43.8477,67.7734
1043952,44.5313,68.8477
1049172,50.3906,70.1172
1054420,49.1211,71.0938
1059696,51.3672,69.2383
1064996,49.7070,70.5078
1070324,58.3008,72.2656
1075676,47.9492,68.0664
1081056,50.2930,71.1914
1086464,47.5586,68.6523
1091900,49.0234,69.5313
1097360,48.6328,69.7266
1102848,48.3398,68.3594
1108364,46.9727,69.3359
1113908,47.3633,68.0664
1119480,47.1680,70.3125
1125080,47.0703,70.6055
1130708,49.3164,71.5820
1136364,47.7539,71.5820
1142048,48.6328,68.3594
1147760,46.5820,69.5313
1153500,48.6328,75.0977
1159268,48.8281,68.9453
1165068,50.7813,72.3633
1170896,48.2422,70.3125
1176752,47.5586,70.8008
1182636,47.7539,70.3125
1188552,47.3633,66.7969
1194496,47.6563,69.4336
1200472,50.0000,68.9453
1206476,48.8281,71.0938
1212512,49.5117,71.6797
1218576,48.3398,69.8242
1224672,48.2422,69.3359
1230796,50.6836,69.2383
1236952,47.9492,70.5078
1243140,48.3398,71.9727
1249356,47.3633,70.4102
1255604,48.0469,69.0430
1261884,47.2656,69.7266
1268196,48.2422,70.4102
1274540,49.7070,71.4844
1280916,48.7305,71.3867
1287324,48.9258,71.5820
1293764,50.2930,74.6094
1300236,48.3398,71.6797
1306740,47.4609,72.1680
1313276,49.1211,70.9961
1319844,48.7305,71.1914
1326444,48.1445,73.1445
1333080,49.3164,71.8750
1339748,50.0000,73.5352
1346448,48.0469,71.7773
1353184,49.3164,72.0703
1359952,48.4375,71.2891
1366752,49.1211,70.2148
1373588,48.8281,72.4609
1380456,49.2188,71.3867
1387360,47.4609,71.4844
1394300,49.3164,72.3633
1401272,49.7070,73.0469
1408280,48.8281,71.8750
1415324,50.0977,72.1680
1422404,50.0977,73.0469
1429520,53.0273,70.7031
1436668,49.4141,72.3633
1443852,49.2188,72.3633
1451072,47.8516,69.6289
1458328,50.1953,73.0469
1465620,62.1094,75.3906
1472952,50.0977,73.0469
1480320,50.9766,75.3906
1487724,51.1719,74.7070
1495164,51.9531,83.9844
1502640,49.5117,72.8516
1510156,49.9023,73.7305
1517708,49.6094,71.5820
1525300,49.8047,72.8516
1532928,50.3906,77.7344
1540596,50.2930,74.7070
1548300,49.5117,73.4375
1556044,50.3906,74.5117
1563828,49.6094,72.4609
1571648,53.1250,75.0977
1579508,49.7070,74.4141
1587408,50.4883,72.4609
1595348,49.8047,71.6797
1603328,70.2148,79.7852
1611348,74.1211,76.4648
1619408,52.0508,76.2695
1627508,51.0742,76.5625
1635648,49.9023,72.8516
1643828,50.6836,75.1953
1652048,51.0742,74.9023
1660312,51.8555,77.1484
1668616,50.1953,77.6367
1676960,50.6836,75.1953
1685348,50.7813,74.9023
1693776,51.3672,74.3164
1702248,50.4883,73.6328
1710760,54.4922,77.4414
1719316,50.9766,74.6094
1727916,51.4648,75.3906
1736556,50.2930,73.8281
1745240,51.2695,78.1250
1753968,49.9023,75.0977
1762740,50.5859,76.0742
1771556,50.7813,75.0977
1780416,51.9531,75.8789
1789320,53.5156,76.8555
1798268,51.0742,73.9258
1807260,51.5625,75.0000
1816300,52.9297,77.7344
1825384,50.3906,74.4141
1834512,50.4883,76.4648
1843688,51.7578,75.2930
1852908,50.9766,76.0742
1862176,52.5391,77.5391
1871488,50.2930,75.8789
1880848,50.0977,76.8555
1890256,51.6602,76.7578
1899708,51.0742,74.1211
1909208,51.4648,74.2188
1918756,51.2695,75.9766
1928352,52.2461,76.1719
1937996,51.4648,77.6367
1947688,51.7578,78.2227
1957428,53.2227,74.1211
1967216,51.8555,75.7813
1977056,52.2461,74.0234
1986944,50.6836,77.1484
1996880,51.5625,81.7383
2006868,51.1719,76.8555
2016904,51.1719,75.9766
2026992,51.3672,78.0273
2037128,51.7578,78.3203
2047316,54.7852,80.2734
2057556,52.6367,77.6367
2067844,52.5391,78.2227
2078184,52.3438,78.5156
2088576,52.0508,84.1797
2099020,55.5664,78.4180
2109516,55.7617,78.4180
2120064,55.5664,77.2461
2130668,56.3477,94.4336
2141324,56.2500,78.7109
2152032,56.3477,76.6602
2162796,57.6172,79.8828
2173612,57.3242,79.0039
2184484,56.7383,80.7617
2195408,59.0820,80.8594
2206388,56.9336,77.4414
2217420,57.8125,81.3477
2228508,57.2266,77.3438
2239652,56.8359,79.5898
2250852,55.8594,78.8086
2262108,56.3477,76.4648
2273420,55.5664,77.4414
2284788,55.4688,77.2461
2296212,55.6641,77.8320
2307696,56.5430,78.7109
2319236,59.0820,79.0039
2330836,57.9102,79.5898
2342492,56.6406,78.6133
2354208,57.7148,80.2734
2365980,61.5234,81.2500
2377812,56.3477,77.1484
2389704,56.0547,79.4922
2401656,57.6172,78.5156
2413668,57.3242,79.7852
2425740,57.4219,80.8594
2437872,58.3008,81.5430
2450064,57.9102,82.0313
2462316,56.1523,79.0039
2474628,56.4453,79.0039
2487004,58.3008,83.3008
2499440,57.4219,79.2969
2511940,57.8125,80.2734
2524500,58.3984,80.4688
2537124,57.5195,79.4922
2549812,57.2266,80.1758
2562564,56.9336,79.0039
2575380,58.2031,79.6875
2588260,57.0313,81.2500
2601204,58.2031,80.8594
2614212,57.0313,82.3242
2627284,57.9102,81.4453
2640424,56.5430,78.1250
2653628,56.3477,79.0039
2666900,57.6172,79.5898
2680236,58.3984,86.5234
2693640,58.8867,81.9336
2707112,56.7383,79.7852
2720648,58.3008,81.2500
2734252,58.2031,85.4492
2747924,56.7383,79.5898
2761664,57.4219,79.8828
2775476,57.0313,79.6875
2789356,56.9336,81.8359
2803304,57.6172,80.7617
2817324,59.0820,82.8125
2831412,58.2031,81.7383
2845572,63.7695,102.4414
2859800,59.0820,83.1055
2874100,57.9102,81.6406
2888472,59.9609,94.5313
2902916,59.2773,83.5938
2917432,58.5938,82.6172
2932020,57.5195,79.3945
2946684,56.9336,81.9336
2961420,59.2773,82.5195
2976228,59.3750,83.5938
2991112,57.6172,83.3008
3006068,61.8164,83.7891
3021100,58.5938,82.1289
3036208,58.5938,83.2031
3051392,58.2031,82.4219
3066652,58.9844,83.3984
3081988,58.2031,82.4219
3097400,59.1797,82.5195
3112888,59.3750,84.4727
3128456,58.9844,84.0820
3144100,59.5703,83.7891
3159824,57.6172,81.3477
3175624,60.6445,81.7383
3191504,59.1797,84.5703
3207464,59.6680,82.4219
3223504,58.6914,82.9102
3239624,72.4609,84.0820
3255824,57.6172,82.2266
3272104,58.4961,83.1055
3288468,58.6914,82.8125
3304912,58.1055,82.6172
3321440,60.1563,84.2773
3338048,59.5703,84.5703
3354740,60.0586,85.3516
3371516,58.5938,83.3008
3388376,59.3750,84.6680
3405320,57.2266,81.3477
3422348,57.4219,84.5703
3439460,57.6172,83.2031
3456660,59.0820,84.5703
3473944,60.4492,86.4258
3491316,61.7188,85.8398
3508776,59.5703,84.6680
3526320,59.1797,87.1094
3543952,58.3984,82.0313
3561672,58.9844,82.7148
3579484,59.6680,83.5938
3597384,109.3750,90.3320
3615372,80.7617,89.5508
3633452,67.3828,87.6953
3651620,59.5703,84.5703
3669880,64.5508,88.3789
3688232,59.9609,85.1563
3706676,59.0820,85.9375
3725212,61.4258,86.7188
3743840,61.2305,87.4023
3762560,60.2539,86.0352
3781376,72.8516,87.6953
3800284,58.9844,83.3008
3819288,60.2539,86.4258
3838388,60.4492,86.9141
3857580,60.6445,87.3047
3876868,60.1563,87.2070
3896256,59.8633,87.2070
3915740,60.6445,85.2539
3935320,59.2773,84.3750
3955000,59.3750,84.5703
3974776,64.3555,86.3281
3994652,60.3516,86.5234
4014628,60.8398,86.6211
4034704,74.3164,86.6211
4054880,65.5273,86.2305
4075156,59.0820,85.8398
4095532,59.4727,84.2773
4116012,61.1328,87.2070
4136596,60.6445,86.6211
4157280,57.6172,88.2813
4178068,60.9375,87.3047
4198960,66.4063,89.5508
4219956,66.6016,90.3320
4241056,65.0391,88.0859
4262264,65.3320,87.1094
4283576,65.0391,88.1836
4304996,66.8945,87.5977
4326524,65.8203,86.5234
4348160,66.1133,88.3789
4369904,67.8711,89.5508
4391756,63.2813,87.5977
4413716,64.6484,87.1094
4435788,65.3320,87.2070
4457968,64.0625,86.8164
4480260,65.9180,88.6719
4502664,66.2109,88.2813
4525180,64.7461,87.8906
4547808,64.4531,85.5469
4570548,72.3633,91.7969
4593404,65.2344,87.0117
4616372,68.3594,91.0156
4639456,64.5508,89.8438
4662656,65.7227,87.7930
4685972,66.2109,89.6484
4709404,64.4531,88.0859
4732952,65.1367,87.8906
4756620,65.8203,88.1836
4780404,64.6484,93.0664
4804308,65.0391,88.1836
4828332,64.4531,88.0859
4852476,64.6484,91.1133
4876740,64.9414,87.0117
4901124,66.2109,90.1367
4925632,64.3555,90.7227
4950264,64.4531,86.5234
4975016,67.6758,95.3125
4999892,65.1367,89.5508
5024892,65.7227,90.6250
5050020,63.8672,87.6953
5075272,66.2109,90.0391
5100652,66.5039,88.1836
5126156,66.6992,89.6484
5151788,69.2383,91.6016
5177548,65.5273,89.3555
5203436,65.7227,90.1367
5229456,66.6016,89.0625
5255604,64.9414,87.8906
5281884,65.2344,89.6484
5308296,65.3320,90.1367
5334840,65.2344,88.5742
5361516,66.2109,89.3555
5388324,67.2852,91.8945
5415268,68.0664,91.5039
5442348,72.9492,89.8438
5469560,67.3828,92.2852
5496908,66.8945,93.0664
5524396,66.5039,90.0391
5552020,64.1602,89.3555
5579784,66.6016,91.8945
5607684,65.9180,90.7227
5635724,68.2617,94.3359
5663904,65.7227,90.1367
5692224,66.8945,91.6016
5720688,67.3828,89.9414
5749292,67.4805,93.2617
5778040,65.5273,88.6719
5806932,66.5039,91.5039
5835968,65.7227,92.6758
5865148,65.0391,88.2813
5894476,65.8203,95.4102
5923952,65.9180,90.2344
5953572,76.2695,91.6992
5983340,69.4336,91.5039
6013260,65.8203,91.3086
6043328,66.0156,90.6250
6073548,68.2617,92.8711
6103916,65.7227,90.6250
6134436,66.3086,93.8477
6165112,66.0156,90.4297
6195940,66.8945,90.6250
6226920,70.2148,93.8477
6258056,64.9414,89.4531
6289348,67.6758,92.2852
6320796,65.4297,90.6250
6352400,67.4805,92.4805
6384164,65.6250,91.3086
6416088,66.2109,89.6484
6448172,67.6758,94.4336
6480416,70.5078,92.5781
6512820,67.2852,95.2148
6545388,65.4297,92.2852
6578116,67.9688,95.0195
6611008,70.8008,90.7227
6644064,66.0156,91.0156
6677288,66.1133,93.2617
6710676,68.7500,94.5313
6744232,67.4805,94.6289
6777956,67.6758,93.7500
6811848,67.7734,93.9453
6845908,66.2109,90.6250
6880140,68.8477,94.5313
6914544,67.0898,91.8945
6949120,68.4570,96.6797
6983868,69.1406,94.9219
7018788,67.4805,92.1875
7053884,68.2617,95.1172
7089156,65.3320,90.9180
7124604,69.6289,98.0469
7160228,73.7305,97.8516
7196032,67.8711,92.9688
7232016,66.9922,96.7773
7268180,68.2617,95.4102
7304524,67.1875,94.1406
7341048,69.4336,91.7969
7377756,68.0664,93.0664
7414648,68.0664,96.9727
7451724,67.6758,94.0430
7488984,68.2617,94.0430
7526432,68.4570,94.0430
7564068,67.5781,91.6016
7601892,67.5781,95.3125
7639904,68.4570,95.1172
7678104,68.3594,95.1172
7716496,66.6992,96.6797
7755080,69.2383,96.1914
7793856,69.0430,94.6289
7832828,68.7500,95.4102
7871996,67.8711,93.5547
7911356,67.7734,94.2383
7950916,69.9219,100.5859
7990672,68.2617,93.9453
8030628,69.8242,95.5078
8070784,67.3828,92.3828
8111140,79.0039,98.7305
8151696,74.3164,97.5586
8192456,70.0195,96.5820
8233420,69.2383,96.7773
8274588,69.1406,94.5313
8315964,67.8711,93.4570
8357544,71.5820,98.2422
8399332,74.7070,96.9727
8441332,73.6328,93.8477
8483540,72.7539,94.6289
8525960,73.0469,110.4492
8568592,76.1719,97.4609
8611436,73.8281,97.5586
8654496,75.3906,96.4844
8697772,73.8281,95.6055
8741264,73.9258,95.7031
8784972,71.7773,92.6758
8828900,78.1250,96.7773
8873048,74.6094,95.6055
8917416,70.8984,91.7969
8962004,72.8516,93.7500
9006816,74.5117,95.8984
9051852,74.5117,98.4375
9097112,72.0703,94.9219
9142600,74.9023,98.1445
9188316,73.7305,99.2188
9234260,75.7813,96.4844
9280432,72.3633,94.7266
9326836,74.4141,96.2891
9373472,74.4141,98.0469
9420340,73.5352,96.7773
9467444,73.7305,98.1445
9514784,75.9766,106.1523
9562360,71.9727,95.9961
9610172,76.9531,98.9258
9658224,75.3906,97.5586
9706516,78.2227,99.2188
9755052,74.7070,98.7305
9803828,76.7578,98.6328
9852848,72.3633,94.7266
9902116,78.0273,98.0469
9951628,74.1211,95.9961
10001388,76.7578,97.7539
10051396,75.1953,97.8516
10101656,75.3906,98.4375
10152168,77.6367,98.1445
10202932,84.0820,105.7617
10253948,76.0742,97.8516
10305220,74.1211,97.4609
10356748,76.2695,99.6094
10408532,72.9492,96.6797
10460576,71.4844,94.5313
10512880,73.4375,97.4609
10565448,75.9766,99.4141
10618276,73.2422,97.1680
10671368,73.2422,97.8516
10724728,73.7305,98.3398
10778352,72.8516,94.4336
10832244,75.3906,100.9766
10886408,75.4883,100.4883
10940844,80.0781,98.6328
10995552,74.2188,99.9023
11050532,72.1680,95.8008
11105788,74.8047,99.9023
11161320,75.8789,98.8281
11217128,75.4883,100.5859
11273216,75.0977,100.3906
11329584,72.6563,94.3359
11386232,75.6836,101.3672
11443164,78.1250,100.7813
11500380,75.0000,99.2188
11557884,76.8555,100.6836
11615676,76.4648,100.6836
11673756,72.7539,95.6055
11732128,75.1953,110.1563
11790792,77.3438,101.2695
11849748,75.4883,98.6328
11909000,73.8281,96.7773
11968548,74.8047,99.1211
12028392,75.4883,100.8789
12088536,75.4883,98.7305
12148980,93.9453,108.2031
12209728,82.5195,100.0000
12270780,79.2969,100.0000
12332136,73.6328,97.0703
12393800,74.4141,99.2188
12455772,75.7813,99.7070
12518052,75.5859,101.3672
12580644,76.2695,102.0508
12643548,73.8281,105.0781
12706768,74.9023,99.0234
12770304,73.5352,98.0469
12834156,73.7305,97.3633
12898328,87.2070,100.0977
12962820,73.4375,96.5820
13027636,76.4648,102.7344
13092776,76.1719,106.3477
13158240,73.6328,99.1211
13224032,73.9258,98.5352
13290156,75.1953,101.0742
13356608,77.2461,104.0039
13423392,78.0273,100.5859
13490512,75.2930,101.0742
13557968,76.9531,100.7813
13625760,76.8555,101.9531
13693892,77.2461,102.5391
13762364,77.0508,100.4883
13831176,74.0234,98.9258
13900332,74.6094,100.8789
13969836,76.1719,102.5391
14039688,76.0742,103.2227
14109888,76.4648,99.7070
14180440,73.3398,97.7539
14251344,76.5625,102.1484
14322604,78.6133,103.9063
14394220,75.3906,102.2461
14466192,77.5391,100.9766
14538524,75.9766,102.5391
14611220,75.7813,100.3906
14684280,78.7109,104.5898
14757704,75.4883,102.5391
14831496,76.1719,103.2227
14905656,78.9063,100.0000
14980188,76.4648,104.1016
15055092,76.5625,102.9297
15130368,91.7969,101.1719
15206020,79.1992,115.6250
15282052,77.8320,105.6641
15358464,93.7500,101.9531
15435260,75.0977,101.6602
15512440,79.0039,108.7891
15590004,80.0781,103.6133
15667956,74.5117,101.2695
15746296,76.5625,103.9063
15825028,76.8555,101.2695
15904156,77.4414,104.2969
15983680,79.2969,103.6133
16063600,80.1758,103.4180
16143920,77.2461,105.8594
16224640,77.2461,102.7344
16305764,78.8086,103.9063
16387296,75.9766,103.0273
16469236,78.4180,106.5430
16551584,75.5859,101.6602
16634344,74.8047,100.5859
16717516,76.8555,104.8828
16801104,85.4492,109.2773
16885112,89.3555,105.4688
16969540,84.4727,108.4961
17054388,83.3984,106.6406
17139660,84.0820,107.5195
17225360,83.4961,105.8594
17311488,82.9102,107.0313
17398048,80.8594,105.7617
17485040,84.9609,108.6914
17572468,82.1289,112.8906
17660332,87.2070,109.1797
17748636,88.3789,112.1094
17837380,87.5000,107.8125
17926568,82.8125,104.7852
18016204,84.9609,109.2773
18106288,81.0547,103.8086
18196820,81.7383,105.8594
18287808,126.4648,130.7617
18379248,97.9492,105.9570
18471148,81.2500,107.8125
18563504,80.7617,104.2969
18656324,82.0313,108.9844
18749608,88.3789,107.1289
18843360,83.3984,107.7148
18937580,82.7148,108.6914
19032268,81.0547,105.7617
19127432,83.0078,106.2500
19223072,81.2500,105.4688
19319188,86.5234,109.2773
19415784,84.5703,108.1055
19512864,86.1328,114.4531
19610432,80.7617,103.7109
19708488,86.9141,109.7656
19807032,84.6680,109.8633
19906068,81.7383,108.3984
20005600,81.8359,105.7617
20105628,86.7188,110.9375
20206160,83.1055,108.1055
20307192,86.3281,108.3008
20408728,86.3281,107.9102
20510772,83.1055,105.6641
20613328,83.5938,109.2773
20716396,82.8125,109.7656
20819980,81.3477,106.9336
20924080,84.5703,108.0078
21028704,84.3750,109.1797
21133848,84.1797,108.2031
21239520,91.6016,112.0117
21345720,87.6953,108.2031
21452452,89.5508,113.1836
21559716,86.3281,107.4219
21667516,85.6445,109.6680
21775856,89.2578,109.2773
21884736,87.4023,110.9375
21994160,86.9141,112.7930
22104132,87.3047,113.1836
22214656,85.0586,109.1797
22325732,84.2773,109.0820
22437364,84.3750,112.4023
22549552,83.2031,109.1797
22662300,90.3320,112.2070
22775612,86.9141,111.5234
22889492,87.6953,111.9141
23003940,87.2070,112.6953
23118960,86.4258,111.3281
23234556,84.8633,109.8633
23350732,85.2539,135.4492
23467488,111.9141,118.5547
23584828,120.4102,119.2383
23702756,100.8789,117.9688
23821272,95.6055,110.6445
23940380,105.4688,117.3828
24060084,95.0195,112.4023
24180388,93.4570,116.5039
24301292,94.6289,113.9648
24422800,91.4063,113.2813
24544916,93.6523,114.1602
24667644,91.1133,113.9648
24790984,89.0625,114.5508
24914940,91.7969,116.1133
25039516,89.5508,112.9883
25164716,98.4375,117.5781
25290540,89.3555,114.3555
25416996,89.6484,114.2578
25544084,87.3047,111.1328
25671808,87.2070,110.4492
25800168,89.7461,116.2109
25929172,94.4336,116.3086
26058820,113.8672,113.7695
26189116,91.4063,112.5000
26320064,89.4531,123.9258
26451668,100.7813,120.8008
26583928,102.8320,116.5039
26716848,95.9961,117.2852
26850436,97.5586,118.1641
26984692,93.5547,115.6250
27119616,99.3164,121.1914
27255216,104.5898,121.8750
27391496,142.5781,146.5820
27528456,127.0508,126.3672
27666100,93.2617,112.4023
27804432,92.4805,121.4844
27943456,99.0234,113.0859
28083176,91.0156,112.7930
28223592,111.0352,112.4023
28364712,91.6992,117.4805
28506536,107.3242,121.7773
28649072,102.5391,123.5352
28792320,98.9258,122.6563
28936284,94.1406,116.1133
29080968,95.4102,141.4063
29226376,116.5039,126.5625
29372508,114.2578,128.5156
29519372,103.8086,122.5586
29666972,125.5859,129.0039
29815308,117.2852,125.8789
29964388,112.9883,128.2227
30114212,128.5156,128.2227
30264784,118.0664,130.5664
30416108,106.8359,127.5391
30568192,125.1953,141.5039
30721036,115.0391,134.7656
30874644,108.6914,123.6328
31029020,103.5156,129.9805
31184168,116.9922,131.6406
31340092,115.6250,130.9570
31496796,103.8086,128.0273
31654280,146.7773,134.7656
31812552,132.0313,138.7695
31971616,118.0664,135.5469
32131476,142.7734,154.4922
32292136,132.8125,142.6758
32453600,124.0234,154.6875
32615868,121.9727,133.2031
32778948,127.2461,135.7422
32942844,115.8203,141.0156
33107560,119.7266,133.1055
33273100,154.1016,147.4609
33439468,124.5117,145.4102
33606668,131.3477,140.2344
33774704,125.5859,135.6445
33943580,164.9414,144.9219
34113300,133.0078,143.0664
34283868,127.0508,138.1836
34455288,150.7813,145.3125
34627568,136.0352,147.5586
34800708,127.1484,156.4453
34974712,137.5000,139.4531
35149588,128.4180,147.2656
35325336,136.5234,195.8984
35501964,150.7813,155.9570
35679476,212.0117,163.1836
35857876,145.3125,150.9766
36037168,147.5586,179.4922
36217356,156.0547,163.0859
36398444,149.7070,171.0938
36580440,150.7813,158.5938
36763344,143.6523,173.2422
36947164,146.7773,147.7539
37131900,141.4063,169.7266
37317560,143.3594,155.8594
37504148,142.8711,155.5664
37691672,162.7930,156.4453
37880132,138.7695,148.3398
38069536,143.8477,182.3242
38259884,151.3672,159.6680
38451184,153.0273,172.8516
38643440,159.3750,155.4688
38836660,139.6484,160.7422
39030844,150.8789,161.8164
39226000,146.7773,179.8828
39422132,159.4727,162.8906
39619244,157.4219,196.1914
39817344,163.2813,161.9141
40016432,147.1680,178.1250
40216516,168.2617,171.7773
40417600,156.7383,177.0508
40619688,204.6875,170.8008
40822788,153.8086,175.8789
41026904,196.4844,195.6055
41232040,196.6797,238.0859
41438204,179.1016,173.4375
41645396,190.0391,199.1211
41853624,188.5742,199.0234
42062896,186.5234,179.1992
42273212,212.1094,225.0977
42484580,215.9180,219.0430
42697004,210.8398,231.3477
42910492,201.3672,199.2188
43125048,238.5742,203.8086
43340676,188.1836,206.7383
43557380,199.8047,186.5234
43775168,192.4805,191.5039
43994044,178.1250,177.4414
44214016,196.1914,222.4609
44435088,378.7109,227.0508
44657264,213.2813,239.1602
44880552,211.9141,205.4688
45104956,225.0000,201.1719
45330484,210.3516,201.3672
45557140,192.6758,221.7773
45784928,202.7344,276.0742
46013856,210.5469,197.0703
46243928,215.7227,196.7773
46475148,182.4219,213.9648
46707524,218.5547,237.6953
46941064,205.9570,195.5078
47175772,228.0273,192.9688
47411652,188.3789,227.1484
47648712,201.0742,191.8945
47886956,205.0781,210.3516
48126392,183.7891,201.5625
48367024,188.0859,188.5742
48608860,190.6250,188.2813
48851908,205.8594,201.5625
49096168,188.8672,240.4297
49341652,214.0625,197.2656
49588364,232.0313,203.4180
49836308,220.3125,202.7344
50085492,262.6953,206.0547
50335920,201.8555,197.1680
50587600,197.6563,200.6836
50840540,198.5352,228.4180
51094744,197.4609,206.2500
51350220,197.9492,199.3164
51606972,264.3555,200.0000
51865008,223.4375,204.8828
52124336,198.4375,214.7461
52384960,209.2773,219.5313
52646888,201.1719,206.0547
52910124,199.1211,195.0195
53174676,201.7578,202.5391
53440552,192.2852,208.6914
53707756,205.5664,247.2656
53976296,212.1094,270.7031
54246180,218.4570,218.1641
54517412,203.6133,240.8203
54790000,237.9883,223.9258
55063952,299.3164,233.4961
55339272,253.4180,221.7773
55615972,225.4883,227.1484
55894052,263.3789,220.3125
56173524,216.6016,223.6328
56454392,219.6289,229.8828
56736664,213.7695,243.1641
57020348,225.7813,269.6289
57305452,218.9453,227.7344
57591980,218.0664,208.8867
57879940,213.9648,213.1836
58169340,225.6836,216.3086
58460188,249.5117,219.5313
58752492,228.5156,217.8711
59046256,251.0742,219.9219
59341488,223.7305,224.4141
59638196,234.4727,232.5195
59936388,265.9180,228.3203
60236072,226.2695,235.7422
60537256,265.5273,232.5195
60839944,219.6289,252.0508
61144144,230.6641,236.2305
61449868,274.8047,255.2734
61757120,250.7813,232.6172
62065908,241.3086,248.0469
62376240,252.7344,318.0664
62688124,245.3125,242.4805
63001568,241.5039,242.5781
63316576,236.6211,233.1055
63633160,240.9180,252.2461
63951328,329.3945,243.1641
64271088,241.2109,236.7188
64592444,278.0273,238.7695
64915408,240.5273,233.3984
65239988,267.9688,236.4258
65566188,250.2930,247.9492
65894020,236.1328,276.0742
66223492,241.5039,278.1250
66554612,249.4141,245.8008
66887388,247.1680,234.3750
