4,1.7578,1.6602
8,2.1484,3.3203
12,2.5391,4.1992
16,2.4414,4.9805
20,3.0273,5.5664
24,3.0273,5.7617
28,3.0273,6.4453
32,3.0273,8.7891
36,5.8594,9.0820
40,5.3711,8.0078
44,5.7617,6.0547
48,3.8086,7.9102
52,3.7109,7.5195
56,3.9063,7.1289
60,3.8086,7.4219
64,3.7109,8.3008
68,4.4922,8.1055
72,4.5898,8.0078
76,4.7852,8.3984
80,4.2969,7.2266
84,4.9805,8.3008
88,4.3945,8.3008
92,4.1992,8.8867
96,4.7852,8.4961
100,4.4922,8.3008
104,4.5898,8.3984
108,4.4922,7.5195
112,4.4922,8.7891
116,4.6875,9.4727
120,4.4922,8.9844
124,4.3945,8.3984
128,4.2969,9.3750
132,5.1758,8.7891
136,5.4688,9.5703
140,5.0781,9.0820
144,5.0781,8.9844
148,5.2734,9.9609
152,5.2734,9.6680
156,5.2734,9.2773
160,5.2734,9.6680
164,5.2734,9.0820
168,5.2734,8.6914
172,5.1758,9.7656
176,5.2734,9.0820
180,5.1758,8.7891
184,5.3711,9.2773
188,5.0781,9.1797
192,5.3711,9.8633
196,5.2734,9.3750
200,4.9805,9.5703
204,5.2734,10.1563
208,5.3711,9.4727
212,5.1758,10.0586
216,5.1758,9.5703
220,5.5664,9.2773
224,5.4688,10.7422
228,5.1758,10.0586
232,5.3711,9.9609
236,5.1758,10.0586
240,5.3711,9.5703
244,5.3711,10.2539
248,4.9805,10.2539
252,5.3711,10.4492
256,5.2734,10.7422
260,6.1523,10.6445
264,6.1523,10.6445
268,6.1523,10.9375
272,6.1523,11.0352
276,6.2500,10.3516
280,6.3477,9.8633
284,6.2500,10.9375
288,6.5430,10.7422
292,6.1523,10.3516
296,6.1523,10.8398
300,6.1523,11.2305
304,6.3477,9.9609
308,6.2500,12.0117
312,6.1523,10.2539
316,6.1523,10.1563
320,6.3477,11.4258
324,6.2500,11.4258
328,6.2500,10.8398
332,6.1523,10.1563
336,6.1523,10.7422
340,6.1523,10.2539
344,6.3477,10.8398
348,6.1523,10.9375
352,6.2500,10.0586
356,6.1523,11.1328
360,6.3477,11.0352
364,6.1523,10.1563
368,6.1523,11.3281
372,6.2500,10.7422
376,6.2500,10.9375
380,6.1523,10.7422
384,6.1523,10.0586
388,6.1523,11.2305
392,6.2500,10.3516
396,6.5430,11.0352
400,6.1523,11.0352
404,6.1523,10.3516
408,6.2500,10.7422
412,6.2500,11.4258
416,6.1523,10.9375
420,6.2500,11.0352
424,6.1523,10.2539
428,6.4453,10.4492
432,6.2500,10.9375
436,6.2500,11.6211
440,6.3477,10.7422
444,6.3477,10.5469
448,6.1523,11.4258
452,6.3477,11.1328
456,6.1523,10.1563
460,6.1523,10.7422
464,6.3477,11.4258
468,6.2500,10.8398
472,6.1523,10.5469
476,6.2500,11.6211
480,6.2500,11.6211
484,6.3477,10.4492
488,6.3477,11.5234
492,6.1523,12.3047
496,6.1523,11.4258
500,6.2500,12.8906
504,6.3477,10.6445
508,6.4453,12.9883
512,6.4453,11.9141
516,6.8359,12.5000
520,7.2266,11.5234
524,7.2266,12.5000
528,7.0313,11.9141
532,7.4219,11.9141
536,7.3242,11.7188
540,7.2266,12.2070
544,7.7148,12.0117
548,7.1289,11.4258
552,7.3242,11.6211
556,7.2266,12.4023
560,7.2266,11.8164
564,6.9336,12.2070
568,6.9336,11.6211
572,7.1289,11.6211
576,7.2266,12.8906
580,7.3242,11.8164
584,7.4219,11.5234
588,7.4219,11.2305
592,7.2266,12.0117
596,7.2266,12.5000
600,7.1289,11.9141
604,7.3242,10.7422
608,7.6172,12.3047
612,7.6172,12.0117
616,7.4219,11.8164
620,7.2266,11.7188
624,7.5195,13.1836
628,7.3242,12.2070
632,7.7148,11.9141
636,8.0078,12.2070
640,7.2266,11.2305
644,7.2266,11.2305
648,7.1289,11.3281
652,7.0313,11.7188
656,7.3242,12.4023
660,7.2266,12.3047
664,7.4219,12.1094
668,7.5195,11.3281
672,7.0313,11.9141
676,7.1289,12.2070
680,7.1289,12.1094
684,7.2266,11.2305
688,6.5430,11.6211
692,7.4219,12.3047
696,7.3242,11.9141
700,7.3242,11.1328
704,7.7148,11.9141
708,7.1289,11.7188
712,6.9336,13.1836
716,7.3242,13.0859
720,7.4219,12.5977
724,7.0313,11.8164
728,7.2266,11.3281
732,7.2266,11.8164
736,7.3242,12.9883
740,7.4219,12.2070
744,7.4219,12.9883
748,7.1289,14.0625
752,7.2266,11.7188
756,7.1289,12.1094
760,7.5195,12.4023
764,7.3242,12.3047
768,7.3242,12.3047
772,7.0313,11.9141
776,7.4219,12.6953
780,7.2266,12.1094
784,7.3242,12.6953
788,6.9336,11.8164
792,7.1289,12.5000
796,7.2266,12.9883
800,7.5195,12.7930
804,7.1289,11.7188
812,7.2266,11.5234
820,7.4219,13.2813
828,7.2266,12.4023
836,7.1289,11.5234
844,7.3242,12.5000
852,7.1289,12.5977
860,8.6914,13.3789
868,7.0313,11.8164
876,7.3242,12.5977
884,7.1289,12.7930
892,7.2266,13.2813
900,7.1289,12.5000
908,7.3242,12.3047
916,7.1289,12.8906
924,6.9336,12.4023
932,7.2266,12.4023
940,7.3242,12.4023
948,7.1289,13.0859
956,7.2266,13.3789
964,7.0313,13.0859
972,7.4219,13.5742
980,7.0313,12.9883
988,6.9336,11.7188
996,7.3242,13.0859
1004,7.2266,13.5742
1012,7.0313,12.1094
1020,9.4727,13.5742
1028,8.3984,13.8672
1036,8.3984,13.6719
1044,8.1055,13.5742
1052,8.0078,13.5742
1060,8.2031,13.5742
1068,7.8125,13.4766
1076,8.3008,13.8672
1084,8.6914,14.4531
1092,8.3008,14.8438
1100,8.2031,12.6953
1108,8.0078,13.4766
1116,8.3984,12.7930
1124,8.2031,13.2813
1132,8.5938,13.0859
1140,8.3008,13.0859
1148,8.3984,14.5508
1156,8.6914,13.3789
1164,8.4961,14.1602
1172,8.5938,13.4766
1180,12.0117,18.6523
1188,8.4961,13.8672
1196,8.3984,15.9180
1204,8.3984,13.9648
1212,8.3008,13.7695
1220,8.3984,12.9883
1228,8.3984,13.5742
1236,8.2031,13.8672
1244,8.0078,13.2813
1252,8.1055,14.4531
1260,8.2031,14.7461
1268,7.8125,13.0859
1276,8.1055,13.2813
1284,10.9375,15.2344
1292,11.4258,13.4766
1300,9.6680,17.5781
1308,11.1328,13.1836
1316,8.6914,15.0391
1324,8.1055,12.8906
1332,8.4961,13.2813
1340,8.3984,14.0625
1348,8.1055,13.3789
1356,8.3984,14.3555
1364,8.0078,13.8672
1372,8.1055,13.2813
1380,7.9102,13.1836
1388,8.4961,12.9883
1396,8.3008,13.1836
1404,8.3008,13.1836
1412,8.5938,14.8438
1420,8.2031,13.6719
1428,8.5938,14.1602
1436,8.4961,13.5742
1444,8.3984,14.3555
1452,7.9102,13.9648
1460,8.6914,13.9648
1468,8.3008,13.5742
1476,8.0078,13.5742
1484,8.6914,14.2578
1492,8.3008,13.9648
1500,8.6914,13.3789
1508,8.4961,13.8672
1516,8.3008,13.7695
1524,8.3984,12.4023
1532,8.0078,13.4766
1540,8.4961,13.7695
1548,8.2031,13.5742
1556,8.0078,13.9648
1564,7.8125,12.8906
1572,7.8125,14.2578
1580,8.5938,14.4531
1588,8.3008,14.4531
1596,7.9102,14.0625
1604,12.5977,15.9180
1616,8.2031,13.3789
1628,8.3008,13.8672
1640,8.1055,14.2578
1652,8.1055,14.1602
1664,8.2031,13.5742
1676,8.2031,15.0391
1688,8.1055,12.9883
1700,8.3984,13.7695
1712,8.5938,13.8672
1724,8.1055,13.8672
1736,8.0078,13.2813
1748,8.6914,12.2070
1760,8.3008,13.0859
1772,8.0078,12.9883
1784,8.1055,14.0625
1796,8.0078,13.9648
1808,8.5938,13.7695
1820,8.4961,13.6719
1832,8.3008,13.8672
1844,8.2031,13.5742
1856,8.3984,13.5742
1868,8.3008,12.9883
1880,8.4961,14.4531
1892,8.3008,14.5508
1904,8.3008,14.2578
1916,8.4961,14.6484
1928,8.3008,13.4766
1940,8.1055,14.3555
1952,8.1055,12.9883
1964,8.2031,12.5000
1976,8.3008,14.7461
1988,8.3984,13.5742
2000,8.3008,14.1602
2012,8.3984,14.0625
2024,8.2031,14.2578
2036,8.2031,14.2578
2048,8.4961,15.1367
2060,12.1094,15.3320
2072,10.5469,16.7969
2084,9.5703,15.0391
2096,10.0586,15.3320
2108,9.5703,15.5273
2120,9.7656,14.9414
2132,9.9609,15.2344
2144,9.6680,15.4297
2156,9.6680,15.7227
2168,9.4727,14.8438
2180,9.0820,14.3555
2192,9.6680,15.1367
2204,9.3750,14.0625
2216,9.7656,15.9180
2228,9.3750,16.3086
2240,9.3750,14.6484
2252,9.6680,15.4297
2264,9.6680,14.4531
2276,9.9609,16.8945
2288,9.1797,13.9648
2300,9.9609,16.2109
2312,9.5703,14.2578
2324,9.5703,15.2344
2336,9.5703,15.6250
2348,9.8633,14.3555
2360,9.4727,14.1602
2372,10.0586,15.5273
2384,9.1797,14.9414
2396,9.1797,14.1602
2408,9.8633,15.6250
2424,9.5703,14.9414
2440,9.6680,15.1367
2456,8.9844,15.9180
2472,9.7656,14.6484
2488,9.4727,13.2813
2504,9.6680,14.0625
2520,9.3750,15.8203
2536,9.4727,16.2109
2552,9.5703,16.2109
2568,9.3750,15.9180
2584,9.5703,14.7461
2600,9.5703,15.1367
2616,9.6680,15.5273
2632,9.7656,15.9180
2648,9.4727,14.7461
2664,9.1797,14.8438
2680,9.9609,14.8438
2696,9.6680,14.6484
2712,9.8633,15.3320
2728,9.2773,15.0391
2744,9.4727,13.8672
2760,9.6680,15.0391
2776,9.6680,15.2344
2792,13.2813,18.0664
2808,9.8633,15.4297
2824,9.2773,13.4766
2840,9.5703,14.9414
2856,10.2539,16.0156
2872,9.4727,14.7461
2888,9.7656,15.1367
2904,9.4727,15.0391
2920,9.6680,15.2344
2936,9.6680,14.9414
2952,10.2539,16.5039
2968,9.9609,15.2344
2984,9.6680,15.3320
3000,9.6680,14.2578
3016,9.5703,15.0391
3032,10.1563,14.4531
3048,9.6680,15.6250
3064,9.3750,14.2578
3080,9.7656,13.6719
3096,10.0586,14.4531
3112,9.8633,16.8945
3128,9.4727,15.8203
3144,9.2773,15.8203
3160,9.8633,16.9922
3176,9.9609,15.7227
3192,9.8633,15.4297
3208,9.5703,15.0391
3228,9.2773,16.6016
3248,9.8633,15.8203
3268,9.4727,15.5273
3288,9.3750,15.6250
3308,9.4727,15.1367
3328,9.2773,15.4297
3348,9.9609,16.4063
3368,10.2539,16.0156
3388,10.0586,15.4297
3408,9.3750,15.9180
3428,9.0820,18.6523
3448,9.6680,15.1367
3468,9.5703,15.9180
3488,9.9609,14.9414
3508,9.4727,16.4063
3528,10.0586,16.0156
3548,9.3750,16.7969
3568,9.3750,15.6250
3588,9.7656,15.5273
3608,9.5703,15.8203
3628,9.4727,14.0625
3648,9.5703,16.4063
3668,9.6680,16.3086
3688,9.1797,16.6016
3708,9.6680,15.5273
3728,9.2773,14.1602
3748,9.3750,15.6250
3768,9.5703,15.2344
3788,9.6680,17.4805
3808,9.1797,15.0391
3828,9.8633,16.0156
3848,9.8633,15.5273
3868,9.1797,16.6016
3888,9.8633,15.8203
3908,9.6680,16.0156
3928,9.4727,15.4297
3948,9.6680,15.7227
3968,8.8867,15.4297
3988,9.9609,15.8203
4008,9.6680,15.5273
4032,9.6680,15.6250
4056,9.2773,16.3086
4080,9.8633,16.0156
4104,11.7188,17.8711
4128,11.3281,15.9180
4152,10.7422,15.8203
4176,11.3281,19.0430
4200,10.9375,17.4805
4224,10.6445,17.5781
4248,11.2305,17.1875
4272,10.4492,16.4063
4296,11.1328,17.9688
4320,10.9375,16.2109
4344,10.3516,16.4063
4368,11.7188,16.8945
4392,11.8164,17.6758
4416,10.7422,16.8945
4440,11.7188,16.3086
4464,10.7422,16.7969
4488,10.9375,17.3828
4512,9.9609,15.5273
4536,11.6211,16.9922
4560,11.0352,15.7227
4584,12.0117,16.6992
4608,10.8398,17.6758
4632,10.3516,15.6250
4656,11.3281,16.5039
4680,10.7422,15.9180
4704,11.2305,17.0898
4728,10.0586,16.4063
4752,11.1328,16.6016
4776,9.0820,15.8203
4800,10.3516,16.6016
4824,10.9375,16.3086
4852,11.6211,16.7969
4880,10.1563,15.9180
4908,11.4258,17.5781
4936,9.7656,15.6250
4964,11.0352,16.3086
4992,10.2539,17.0898
5020,10.9375,15.7227
5048,10.8398,16.7969
5076,11.5234,16.2109
5104,10.8398,15.5273
5132,10.7422,16.1133
5160,10.4492,16.9922
5188,10.7422,16.6992
5216,11.2305,15.8203
5244,11.0352,17.9688
5272,10.8398,15.1367
5300,11.4258,16.5039
5328,11.3281,17.7734
5356,11.8164,17.8711
5384,10.3516,16.6016
5412,14.5508,18.4570
5440,11.1328,16.7969
5468,11.1328,16.2109
5496,11.4258,16.6016
5524,12.2070,20.3125
5552,10.7422,15.4297
5580,11.0352,15.9180
5608,11.3281,16.4063
5640,11.1328,17.1875
5672,11.4258,17.1875
5704,11.0352,17.0898
5736,10.8398,18.3594
5768,14.6484,16.0156
5800,11.6211,16.2109
5832,10.4492,17.5781
5864,10.4492,16.9922
5896,11.2305,16.6992
5928,10.0586,15.9180
5960,11.0352,16.3086
5992,10.7422,16.3086
6024,11.2305,16.6016
6056,10.6445,25.1953
6088,11.0352,16.4063
6120,10.4492,15.7227
6152,11.0352,15.9180
6184,10.7422,16.3086
6216,11.3281,17.3828
6248,11.6211,17.5781
6280,11.3281,17.6758
6312,10.7422,16.3086
6344,10.4492,15.5273
6376,10.5469,16.3086
6408,10.8398,16.9922
6444,10.8398,17.0898
6480,9.6680,16.4063
6516,11.1328,16.7969
6552,10.6445,15.9180
6588,10.2539,16.2109
6624,11.4258,18.4570
6660,11.7188,16.9922
6696,11.5234,16.6016
6732,11.4258,17.0898
6768,10.9375,17.1875
6804,10.0586,17.1875
6840,11.2305,17.5781
6876,10.1563,16.2109
6912,11.0352,18.0664
6948,10.7422,16.6016
6984,11.4258,17.2852
7020,11.3281,16.6992
7056,10.8398,16.6992
7092,10.5469,15.3320
7128,10.9375,16.6016
7164,11.1328,17.8711
7200,11.4258,17.6758
7236,10.2539,16.0156
7276,11.4258,16.1133
7316,11.3281,16.6992
7356,10.9375,16.6016
7396,10.7422,16.2109
7436,10.2539,17.1875
7476,10.3516,17.0898
7516,10.6445,16.1133
7556,11.2305,16.2109
7596,10.8398,16.0156
7636,10.7422,17.2852
7676,11.6211,17.2852
7716,10.7422,17.3828
7756,11.0352,17.4805
7796,11.8164,17.7734
7836,10.8398,17.1875
7876,10.3516,16.3086
7916,10.5469,17.4805
7956,14.1602,16.5039
7996,11.8164,17.8711
8036,10.7422,18.5547
8080,11.4258,17.0898
8124,10.9375,16.9922
8168,11.1328,17.6758
8212,12.3047,18.7500
8256,12.0117,19.5313
8300,10.7422,16.9922
8344,12.6953,18.4570
8388,11.3281,18.1641
8432,11.3281,16.9922
8476,12.4023,17.6758
8520,12.4023,18.9453
8564,12.4023,18.1641
8608,12.4023,17.3828
8652,12.3047,18.3594
8696,12.1094,18.1641
8740,12.5000,17.2852
8784,12.2070,18.1641
8828,12.0117,17.0898
8876,12.5000,17.7734
8924,11.8164,18.1641
8972,12.5977,17.2852
9020,12.1094,17.5781
9068,11.7188,17.8711
9116,12.2070,18.1641
9164,11.8164,18.5547
9212,11.6211,16.8945
9260,11.8164,17.4805
9308,11.8164,16.2109
9356,11.6211,17.9688
9404,12.1094,17.1875
9452,12.5977,19.2383
9500,11.8164,17.6758
9548,11.8164,16.7969
9596,11.9141,17.1875
9644,11.2305,17.7734
9696,12.1094,17.8711
9748,10.9375,17.3828
9800,12.5000,17.7734
9852,12.2070,18.3594
9904,12.3047,17.6758
9956,12.0117,17.4805
10008,11.8164,76.5625
10060,12.6953,19.2383
10112,12.0117,18.1641
10164,11.9141,17.2852
10216,12.5000,17.0898
10268,12.1094,17.1875
10320,12.1094,15.1367
10372,12.4023,17.3828
10424,11.9141,17.3828
10480,12.2070,17.3828
10536,12.2070,17.1875
10592,12.4023,18.4570
10648,12.1094,18.3594
10704,12.1094,18.1641
10760,11.3281,16.6992
10816,12.6953,18.3594
10872,11.7188,18.7500
10928,11.7188,17.3828
10984,11.8164,17.4805
11040,11.2305,16.3086
11096,12.1094,18.9453
11152,16.1133,17.7734
11208,12.2070,17.8711
11268,12.5977,18.5547
11328,11.6211,17.5781
11388,12.3047,17.2852
11448,11.4258,16.7969
11508,12.4023,17.8711
11568,12.2070,18.1641
11628,12.4023,17.8711
11688,12.3047,17.1875
11748,11.8164,17.4805
11808,11.8164,17.3828
11868,11.8164,17.5781
11928,11.7188,17.4805
11988,12.1094,18.3594
12048,12.1094,17.0898
12112,11.8164,18.3594
12176,12.5977,17.5781
12240,12.4023,18.7500
12304,12.7930,18.3594
12368,11.3281,16.8945
12432,12.0117,17.4805
12496,12.7930,18.1641
12560,12.5977,17.8711
12624,12.4023,17.1875
12688,11.9141,18.2617
12752,12.5000,17.4805
12816,11.4258,18.1641
12884,12.6953,17.5781
12952,13.1836,19.5313
13020,12.8906,17.6758
13088,12.6953,18.5547
13156,12.5977,18.5547
13224,14.7461,17.4805
13292,11.9141,17.5781
13360,12.2070,16.2109
13428,12.5977,17.8711
13496,11.8164,17.3828
13564,11.7188,17.1875
13632,12.4023,18.8477
13704,12.4023,19.2383
13776,12.5977,16.0156
13848,12.6953,18.3594
13920,11.4258,17.3828
13992,11.6211,18.4570
14064,12.5000,18.2617
14136,11.7188,18.6523
14208,13.0859,18.5547
14280,12.4023,16.7969
14352,12.6953,18.3594
14424,11.9141,17.2852
14500,12.0117,18.8477
14576,12.6953,20.2148
14652,12.2070,18.2617
14728,11.4258,17.5781
14804,12.5977,18.2617
14880,12.7930,20.0195
14956,12.0117,18.0664
15032,11.4258,16.7969
15108,12.3047,17.7734
15184,11.3281,16.6992
15260,11.8164,17.7734
15340,11.1328,17.9688
15420,11.6211,17.4805
15500,12.1094,18.9453
15580,12.2070,18.2617
15660,14.4531,17.5781
15740,12.1094,17.6758
15820,12.3047,18.2617
15900,11.9141,17.7734
15980,12.5000,18.3594
16060,12.0117,17.4805
16144,12.0117,18.7500
16228,11.3281,16.5039
16312,12.4023,18.0664
16396,13.4766,19.7266
16480,13.7695,18.0664
16564,13.6719,18.8477
16648,12.8906,18.7500
16732,13.3789,18.3594
16816,13.9648,18.6523
16904,13.0859,17.3828
16992,14.1602,23.1445
17080,13.8672,17.8711
17168,13.2813,19.2383
17256,13.2813,17.8711
17344,13.2813,19.0430
17432,13.4766,18.3594
17520,13.2813,18.8477
17608,12.8906,18.6523
17700,12.5000,18.4570
17792,13.4766,17.7734
17884,72.2656,18.8477
17976,13.5742,19.8242
18068,13.2813,17.3828
18160,13.0859,19.0430
18252,13.3789,18.4570
18344,14.0625,41.0156
18436,13.1836,18.1641
18532,13.5742,36.3281
18628,13.0859,17.6758
18724,30.1758,18.3594
18820,13.3789,18.0664
18916,13.2813,18.2617
19012,13.2813,18.1641
19108,13.5742,19.1406
19204,13.0859,18.2617
19304,13.4766,19.4336
19404,12.5000,18.6523
19504,12.9883,18.3594
19604,12.6953,17.6758
19704,13.3789,18.8477
19804,13.2813,18.3594
19904,13.6719,19.4336
20004,12.9883,16.9922
20108,13.7695,19.7266
20212,12.7930,17.7734
20316,13.1836,19.8242
20420,13.1836,19.0430
20524,13.5742,19.2383
20628,13.7695,20.6055
20732,13.3789,18.4570
20836,12.9883,18.5547
20944,12.9883,18.6523
21052,12.9883,17.5781
21160,13.2813,18.7500
21268,13.6719,18.8477
21376,13.0859,19.3359
21484,13.6719,19.7266
21592,12.9883,17.5781
21700,13.2813,17.7734
21812,13.8672,19.4336
21924,13.3789,18.9453
22036,13.0859,18.1641
22148,13.2813,18.3594
22260,13.9648,18.6523
22372,12.5977,18.0664
22484,12.9883,18.0664
22600,13.3789,19.1406
22716,13.1836,18.9453
22832,12.9883,17.4805
22948,13.3789,19.5313
23064,12.8906,18.9453
23180,13.3789,19.1406
23296,13.1836,77.6367
23416,13.1836,18.8477
23536,13.0859,18.7500
23656,13.5742,19.1406
23776,12.7930,18.9453
23896,13.5742,19.1406
24016,13.2813,18.0664
24140,12.9883,19.1406
24264,13.9648,18.6523
24388,13.2813,18.7500
24512,12.4023,19.0430
24636,13.7695,20.7031
24760,13.4766,18.9453
24884,13.1836,19.1406
25012,12.6953,18.5547
25140,13.5742,18.7500
25268,13.7695,18.9453
25396,12.8906,18.6523
25524,13.1836,19.2383
25652,12.8906,19.3359
25784,13.7695,18.1641
25916,13.6719,18.7500
26048,13.4766,19.7266
26180,13.5742,18.9453
26312,13.1836,18.2617
26444,13.2813,19.1406
26580,12.5000,18.8477
26716,12.7930,18.5547
26852,13.5742,18.2617
26988,13.5742,19.5313
27124,12.8906,18.5547
27260,13.7695,20.0195
27400,13.8672,19.0430
27540,13.5742,18.9453
27680,12.9883,19.2383
27820,13.3789,19.1406
27960,13.5742,18.6523
28100,13.1836,19.6289
28244,13.7695,19.2383
28388,14.1602,19.4336
28532,12.9883,18.7500
28676,12.8906,18.8477
28820,13.4766,18.8477
28968,13.4766,20.1172
29116,13.1836,18.6523
29264,13.2813,19.5313
29412,12.6953,18.8477
29560,12.7930,18.0664
29708,13.1836,19.3359
29860,13.0859,18.6523
30012,13.5742,20.4102
30164,12.9883,18.6523
30316,13.9648,20.0195
30468,12.8906,80.4688
30624,13.1836,24.0234
30780,15.6250,18.8477
30936,14.4531,21.4844
31092,13.0859,19.4336
31248,13.4766,18.8477
31408,16.6992,20.6055
31568,13.9648,20.0195
31728,13.0859,19.7266
31888,12.9883,19.6289
32048,13.4766,20.1172
32212,13.5742,19.7266
32376,12.5000,18.7500
32540,12.8906,19.5313
32704,13.8672,19.5313
32868,15.8203,21.1914
33036,14.3555,17.5781
33204,14.0625,19.9219
33372,14.6484,19.7266
33540,14.2578,19.7266
33708,14.7461,19.8242
33880,14.6484,21.8750
34052,14.5508,20.0195
34224,14.7461,19.7266
34396,14.9414,19.8242
34568,14.6484,18.5547
34744,14.1602,18.9453
34920,14.4531,18.9453
35096,15.0391,19.6289
35272,14.4531,20.6055
35452,14.9414,20.5078
35632,14.9414,20.4102
35812,14.4531,19.9219
35992,15.2344,20.0195
36172,14.6484,20.5078
36356,14.5508,18.7500
36540,15.0391,20.8984
36724,14.3555,20.2148
36908,14.4531,18.9453
37096,14.3555,19.7266
37284,14.9414,20.5078
37472,15.1367,21.8750
37660,14.6484,20.8008
37852,14.8438,19.8242
38044,14.7461,19.9219
38236,14.5508,19.6289
38428,14.9414,21.2891
38624,14.3555,20.1172
38820,14.8438,19.3359
39016,14.9414,20.8984
39212,14.5508,19.3359
39412,13.8672,19.0430
39612,14.8438,19.9219
39812,14.8438,20.1172
40012,14.4531,20.8008
40216,14.3555,19.9219
40420,14.6484,20.1172
40624,14.6484,19.7266
40828,15.0391,20.5078
41036,14.6484,20.8008
41244,14.8438,20.8984
41452,14.2578,19.4336
41660,14.6484,20.4102
41872,14.3555,19.3359
42084,14.7461,19.9219
42296,14.6484,19.6289
42508,15.2344,23.5352
42724,14.5508,20.5078
42940,14.7461,20.8008
43156,14.4531,20.0195
43372,14.5508,20.2148
43592,14.4531,19.8242
43812,14.8438,20.3125
44032,14.3555,20.2148
44256,14.0625,19.0430
44480,14.2578,20.2148
44704,14.5508,19.9219
44928,15.0391,20.8984
45156,14.9414,19.8242
45384,14.4531,19.5313
45612,14.9414,20.0195
45844,14.6484,22.8516
46076,14.1602,19.2383
46308,14.3555,19.7266
46540,14.4531,20.2148
46776,15.0391,20.3125
47012,14.1602,19.3359
47248,14.9414,20.2148
47488,15.7227,21.8750
47728,14.6484,20.3125
47968,14.7461,20.3125
48208,13.6719,19.6289
48452,14.3555,21.3867
48696,14.4531,20.1172
48940,14.8438,21.9727
49188,14.9414,21.5820
49436,14.7461,24.5117
49684,14.0625,19.8242
49936,15.1367,21.6797
50188,14.6484,20.5078
50440,14.6484,21.0938
50696,14.9414,22.8516
50952,15.0391,21.3867
51208,14.7461,82.9102
51468,21.1914,24.6094
51728,21.5820,20.5078
51988,15.4297,21.5820
52248,14.4531,20.5078
52512,15.8203,20.8008
52776,14.6484,26.0742
53040,14.1602,20.6055
53308,14.9414,21.2891
53576,14.4531,20.8984
53844,14.1602,20.9961
54116,15.5273,21.1914
54388,15.0391,20.7031
54660,14.8438,21.0938
54936,14.3555,21.4844
55212,14.9414,21.8750
55492,14.9414,21.4844
55772,15.5273,22.3633
56052,15.3320,22.0703
56336,14.7461,20.3125
56620,14.7461,20.8984
56904,17.7734,21.0938
57192,15.6250,21.3867
57480,14.6484,21.2891
57768,14.4531,20.6055
58060,14.6484,21.8750
58352,15.0391,21.6797
58644,13.6719,19.4336
58940,15.3320,21.7773
59236,13.9648,18.8477
59536,15.9180,21.6797
59836,14.5508,18.7500
60136,14.9414,21.1914
60440,14.7461,22.2656
60744,15.2344,21.3867
61048,14.8438,21.5820
61356,14.9414,20.9961
61664,14.4531,20.4102
61976,14.3555,19.5313
62288,15.0391,20.7031
62600,15.7227,20.9961
62916,14.2578,20.1172
63232,15.0391,20.7031
63552,14.8438,20.8984
63872,14.4531,21.4844
64192,14.3555,20.6055
64516,13.3789,20.1172
64840,14.6484,20.7031
65168,14.1602,19.9219
65496,15.0391,21.8750
65824,16.7969,23.6328
66156,17.0898,23.1445
66488,16.7969,24.7070
66824,16.4063,22.8516
67160,16.3086,23.5352
67496,16.8945,24.0234
67836,16.2109,22.7539
68176,16.3086,21.8750
68520,16.5039,23.1445
68864,16.0156,22.8516
69212,15.6250,22.5586
69560,15.3320,22.9492
69908,15.4297,23.7305
70260,16.0156,27.5391
70612,16.3086,23.5352
70968,15.5273,22.1680
71324,16.3086,23.1445
71684,15.9180,23.2422
72044,16.9922,23.8281
72408,16.2109,22.2656
72772,16.2109,24.6094
73136,16.4063,23.1445
73504,16.4063,23.5352
73872,15.7227,21.5820
74244,16.7969,23.1445
74616,16.4063,23.4375
74992,15.1367,21.1914
75368,16.2109,48.7305
75748,15.8203,23.6328
76128,14.9414,22.6563
76512,16.5039,23.3398
76896,15.9180,22.9492
77284,17.2852,24.7070
77672,15.9180,21.5820
78064,15.9180,22.5586
78456,16.4063,22.5586
78852,15.7227,23.0469
79248,22.3633,26.7578
79648,15.5273,21.9727
80048,16.6992,23.3398
80452,16.6016,24.1211
80856,15.6250,22.3633
81264,15.3320,22.9492
81672,16.3086,23.0469
82084,17.0898,23.7305
82496,16.0156,22.6563
82912,15.5273,24.8047
83328,17.6758,23.1445
83748,15.4297,22.6563
84168,16.3086,24.5117
84592,16.6016,23.2422
85016,16.1133,23.6328
85444,15.5273,23.0469
85872,15.9180,21.1914
86304,16.5039,22.6563
86736,15.8203,22.5586
87172,16.3086,23.6328
87608,16.8945,23.9258
88048,16.8945,23.2422
88492,16.0156,22.6563
88936,16.7969,23.5352
89384,16.2109,23.1445
89832,16.5039,23.8281
90284,16.2109,24.2188
90736,15.4297,22.7539
91192,16.5039,23.2422
91648,15.8203,22.4609
92108,16.5039,23.1445
92572,16.3086,24.5117
93036,16.3086,23.9258
93504,16.1133,22.6563
93972,16.3086,25.0977
94444,16.0156,24.1211
94920,16.1133,23.3398
95396,16.5039,24.4141
95876,16.2109,23.6328
96356,16.5039,23.2422
96840,16.0156,22.7539
97328,16.4063,23.9258
97816,16.2109,24.0234
98308,15.8203,22.7539
98800,19.2383,24.1211
99296,16.3086,24.4141
99796,16.3086,22.8516
100296,16.3086,24.8047
100800,16.1133,23.1445
101304,16.6992,24.6094
101812,16.4063,23.8281
102324,15.7227,22.3633
102836,16.0156,24.0234
103352,15.8203,22.3633
103872,16.2109,24.3164
104392,16.1133,22.7539
104916,16.6992,23.4375
105444,17.3828,26.7578
105972,15.4297,21.2891
106504,16.0156,22.8516
107040,16.7969,23.1445
107576,16.5039,23.4375
108116,16.1133,23.5352
108660,16.2109,24.4141
109204,17.0898,24.5117
109752,15.6250,23.0469
110304,16.7969,23.9258
110856,16.0156,23.4375
111412,16.9922,24.6094
111972,16.6016,25.1953
112532,15.9180,24.4141
113096,18.1641,23.6328
113664,16.8945,24.3164
114236,15.9180,22.5586
114808,16.1133,23.6328
115384,15.7227,23.4375
115964,16.1133,24.1211
116544,16.7969,24.5117
117128,16.5039,23.3398
117716,15.4297,23.3398
118308,16.0156,23.4375
118900,16.7969,23.9258
119496,16.5039,22.9492
120096,16.1133,23.8281
120700,16.2109,27.3438
121304,16.1133,24.6094
121912,15.6250,24.4141
122524,16.2109,23.1445
123140,16.4063,23.0469
123756,16.0156,22.9492
124376,16.7969,24.7070
125000,16.6992,24.1211
125628,16.0156,22.9492
126260,17.6758,27.1484
126892,17.3828,26.4648
127528,16.3086,23.1445
128168,17.0898,26.1719
128812,15.9180,24.1211
129460,16.0156,24.5117
130108,15.9180,24.1211
130760,16.7969,24.4141
131416,20.0195,26.9531
132076,17.7734,27.4414
132740,18.4570,23.8281
133404,18.0664,24.7070
134072,18.4570,25.2930
134744,18.4570,24.1211
135420,16.7969,22.9492
136100,17.7734,24.5117
136784,17.2852,24.6094
137468,18.4570,28.2227
138156,17.7734,24.2188
138848,17.7734,26.1719
139544,17.7734,24.1211
140244,17.6758,24.1211
140948,18.0664,29.3945
141656,17.0898,23.5352
142368,17.5781,24.7070
143080,18.1641,23.8281
143796,17.6758,23.8281
144516,17.4805,23.7305
145240,17.6758,24.3164
145968,18.1641,24.8047
146700,19.9219,25.0977
147436,17.8711,24.1211
148176,17.2852,23.9258
148920,18.3594,25.0000
149668,17.1875,22.2656
150420,17.3828,22.7539
151176,16.7969,24.6094
151932,18.3594,26.1719
152692,17.0898,24.5117
153456,17.5781,25.0977
154224,18.9453,27.5391
154996,17.6758,24.1211
155772,17.4805,23.7305
156552,17.6758,24.3164
157336,17.5781,23.2422
158124,18.3594,25.4883
158916,18.6523,25.1953
159712,18.7500,25.5859
160512,17.5781,24.2188
161316,17.6758,23.2422
162124,17.5781,24.4141
162936,18.1641,24.6094
163752,18.0664,26.3672
164572,18.0664,23.5352
165396,18.2617,24.7070
166224,17.1875,25.9766
167056,17.8711,25.0000
167892,17.9688,23.2422
168732,17.2852,25.7813
169576,17.6758,24.2188
170424,18.3594,24.9023
171280,17.6758,24.6094
172140,17.6758,23.2422
173004,18.0664,24.9023
173872,18.1641,25.5859
174744,19.6289,27.3438
175620,17.7734,24.6094
176500,17.1875,25.8789
177384,20.1172,25.3906
178272,17.5781,25.1953
179164,18.1641,24.5117
180060,19.3359,27.2461
180964,18.0664,25.1953
181872,17.8711,26.0742
182784,18.1641,25.3906
183700,17.6758,25.0000
184620,18.1641,25.0000
185544,17.6758,24.8047
186472,19.1406,27.4414
187408,17.5781,23.6328
188348,17.4805,25.7813
189292,18.0664,25.5859
190240,17.9688,25.0000
191192,18.1641,25.5859
192148,17.6758,24.3164
193112,18.0664,24.0234
194080,17.9688,24.1211
195052,18.0664,24.1211
196028,16.9922,23.9258
197012,17.1875,24.8047
198000,17.3828,24.7070
198992,18.3594,27.0508
199988,17.9688,26.3672
200988,18.4570,25.2930
201996,17.9688,25.0977
203008,17.6758,25.6836
204024,18.1641,24.4141
205048,23.9258,25.8789
206076,18.2617,25.7813
207108,18.4570,26.0742
208144,18.1641,25.6836
209188,18.0664,25.8789
210236,18.2617,26.5625
211288,18.5547,24.6094
212348,19.5313,26.0742
213412,18.0664,25.5859
214480,18.4570,25.8789
215556,18.1641,27.0508
216636,17.9688,25.0977
217720,17.7734,25.2930
218812,18.4570,25.4883
219908,18.2617,25.4883
221008,18.2617,25.4883
222116,19.0430,27.1484
223228,17.7734,24.9023
224348,18.0664,24.3164
225472,18.2617,26.7578
226600,18.2617,25.4883
227736,18.7500,26.1719
228876,17.5781,25.0000
230024,18.3594,26.8555
231176,24.9023,26.9531
232332,18.2617,24.8047
233496,18.7500,25.2930
234664,19.1406,28.7109
235840,18.6523,26.2695
237020,18.2617,25.1953
238208,18.1641,24.1211
239400,19.0430,29.0039
240600,17.9688,24.8047
241804,17.5781,24.5117
243016,18.5547,25.0000
244232,18.0664,25.5859
245456,18.8477,26.5625
246684,18.9453,25.2930
247920,18.4570,25.5859
249160,18.4570,25.4883
250408,18.6523,25.6836
251664,18.6523,25.7813
252924,17.9688,25.5859
254192,18.7500,27.6367
255464,17.6758,24.9023
256744,18.0664,24.9023
258028,18.0664,25.0000
259320,18.7500,25.9766
260620,17.8711,24.3164
261924,19.8242,27.6367
263236,21.6797,28.0273
264556,20.4102,26.2695
265880,21.1914,28.1250
267212,20.3125,26.4648
268552,21.3867,28.0273
269896,22.4609,26.3672
271248,19.6289,25.5859
272608,19.9219,25.7813
273972,20.2148,26.7578
275344,20.7031,25.7813
276724,20.2148,26.4648
278108,19.8242,25.5859
279500,19.9219,26.7578
280900,19.9219,26.0742
282308,20.7031,27.1484
283720,20.3125,25.7813
285140,19.5313,26.6602
286568,19.8242,25.8789
288004,20.6055,26.7578
289448,19.5313,26.0742
290896,19.6289,26.4648
292352,19.8242,25.2930
293816,19.0430,25.3906
295288,19.1406,25.0000
296768,20.8008,27.0508
298252,20.3125,26.9531
299744,20.3125,27.0508
301244,19.9219,25.7813
302752,19.4336,26.0742
304268,19.5313,26.0742
305792,19.9219,26.5625
307324,27.6367,31.2500
308864,27.0508,28.3203
310412,21.3867,27.5391
311968,20.9961,27.4414
313528,21.3867,26.8555
315096,20.6055,26.2695
316672,20.7031,27.6367
318256,19.4336,26.3672
319848,21.2891,27.9297
321448,20.1172,26.6602
323056,19.3359,23.9258
324672,20.4102,26.2695
326296,19.7266,25.1953
327928,19.9219,26.1719
329568,19.9219,25.2930
331216,20.2148,26.6602
332876,20.8984,28.7109
334544,19.1406,25.5859
336220,20.3125,27.4414
337904,20.3125,27.1484
339596,20.0195,25.0000
341296,19.5313,25.2930
343004,20.7031,27.0508
344720,21.1914,28.9063
346444,19.1406,24.5117
348180,20.3125,26.3672
349924,19.3359,25.7813
351676,20.8008,26.4648
353436,20.8984,26.4648
355204,19.8242,26.0742
356984,21.1914,26.2695
358772,23.1445,27.1484
360568,19.8242,25.2930
362372,18.9453,25.7813
364184,20.6055,26.9531
366008,21.3867,28.0273
367840,21.0938,27.7344
369680,19.9219,25.7813
371532,20.0195,25.3906
373392,20.3125,26.7578
375260,20.1172,26.1719
377140,20.4102,26.5625
379028,23.5352,26.1719
380924,21.1914,27.1484
382832,21.1914,27.6367
384748,20.4102,26.5625
386672,19.7266,28.0273
388608,20.8984,26.7578
390552,21.1914,27.2461
392508,20.6055,26.3672
394472,21.5820,28.0273
396448,20.3125,26.5625
398432,21.2891,27.9297
400428,24.6094,26.2695
402432,21.7773,28.0273
404448,19.9219,26.3672
406472,21.8750,29.3945
408508,20.7031,26.9531
410552,19.6289,26.5625
412608,20.6055,27.0508
414672,20.6055,27.1484
416748,20.1172,26.7578
418832,21.1914,27.0508
420928,20.5078,28.9063
423036,21.1914,27.3438
425152,19.3359,25.0977
427280,20.4102,27.2461
429420,20.5078,26.2695
431568,21.4844,27.8320
433728,20.4102,26.0742
435900,20.5078,26.2695
438080,20.5078,27.6367
440272,20.1172,24.9023
442476,21.0938,27.6367
444692,19.8242,25.2930
446916,22.2656,28.2227
449152,20.3125,29.6875
451400,25.0000,28.8086
453660,21.5820,28.7109
455932,21.0938,27.6367
458212,21.2891,28.0273
460504,21.8750,28.1250
462808,21.5820,27.3438
465124,20.9961,28.1250
467452,21.6797,28.8086
469792,23.7305,27.7344
472144,20.4102,27.1484
474508,21.5820,28.1250
476884,20.8984,26.5625
479272,21.0938,28.6133
481672,22.4609,29.7852
484084,20.8984,27.3438
486508,20.8008,25.8789
488944,21.2891,28.2227
491392,21.9727,27.9297
493852,21.5820,27.1484
496324,20.5078,26.5625
498808,21.3867,27.2461
501304,21.5820,28.8086
503812,21.5820,28.3203
506332,22.2656,28.9063
508864,22.6563,29.1016
511412,22.4609,28.9063
513972,21.7773,27.8320
516544,20.9961,27.5391
519128,23.6328,31.7383
521724,23.4375,30.5664
524336,25.5859,32.6172
526960,22.9492,29.4922
529596,23.1445,27.8320
532244,22.8516,27.7344
534908,22.5586,27.8320
537584,23.5352,30.0781
540272,22.9492,28.7109
542976,23.5352,29.0039
545692,24.3164,30.0781
548424,24.2188,29.1992
551168,24.2188,30.9570
553924,24.2188,29.1992
556696,24.4141,31.0547
559480,22.7539,29.1992
562280,23.8281,27.9297
565092,24.0234,30.1758
567920,23.3398,29.7852
570760,23.3398,32.2266
573616,25.2930,29.5898
576488,23.1445,28.1250
579372,24.6094,30.4688
582272,24.3164,30.5664
585184,23.5352,28.4180
588112,23.8281,29.3945
591056,23.9258,29.9805
594012,23.3398,29.4922
596984,23.2422,29.0039
599972,23.7305,29.4922
602972,22.4609,27.6367
605988,23.0469,29.1992
609020,24.7070,31.5430
612068,24.2188,28.6133
615132,24.1211,29.7852
618208,23.2422,28.0273
621300,24.3164,31.0547
624408,23.8281,29.1016
627532,23.7305,31.6406
630672,24.6094,33.8867
633828,24.4141,30.4688
637000,23.5352,29.9805
640188,23.1445,29.6875
643392,24.1211,30.8594
646612,23.6328,28.5156
649848,23.9258,28.4180
653100,24.8047,30.3711
656368,24.4141,29.3945
659652,23.1445,28.5156
662952,29.8828,29.6875
666268,23.8281,29.1992
669600,24.2188,28.2227
672948,24.6094,30.1758
676316,24.1211,29.1992
679700,24.9023,30.7617
683100,24.6094,30.1758
686516,22.7539,28.9063
689952,27.3438,30.3711
693404,24.8047,30.3711
696872,23.6328,29.8828
700360,25.4883,31.4453
703864,24.5117,28.5156
707384,24.5117,29.0039
710924,27.9297,29.6875
714480,22.7539,28.7109
718056,25.8789,29.5898
721648,22.5586,28.0273
725260,24.4141,30.0781
728888,23.4375,29.1016
732536,22.6563,29.0039
736200,23.7305,29.4922
739884,23.0469,29.0039
743584,24.1211,30.6641
747304,23.4375,29.4922
751044,23.0469,30.3711
754800,23.1445,29.4922
758576,23.0469,29.2969
762372,24.1211,29.6875
766184,24.1211,29.1016
770016,22.8516,28.0273
773868,22.8516,28.6133
777740,22.7539,27.1484
781632,23.2422,29.4922
785544,23.9258,29.2969
789472,23.3398,28.7109
793420,24.3164,29.4922
797388,23.8281,29.6875
801376,23.3398,28.9063
805384,23.6328,28.1250
809412,24.0234,30.1758
813460,23.6328,29.9805
817528,24.0234,28.9063
821616,24.2188,29.7852
825728,29.7852,29.8828
829860,23.6328,28.8086
834012,24.3164,32.0313
838184,22.9492,28.1250
842376,24.4141,31.4453
846588,24.5117,29.9805
850824,23.6328,29.1992
855080,22.9492,27.8320
859356,24.7070,30.8594
863656,27.8320,35.7422
867976,25.8789,29.8828
872316,25.0000,30.3711
876680,29.6875,30.5664
881064,25.1953,34.3750
885472,24.1211,30.6641
889900,25.6836,29.9805
894352,22.5586,27.8320
898824,23.6328,32.0313
903320,22.9492,28.8086
907840,22.9492,28.7109
912380,24.4141,31.2500
916944,24.6094,30.5664
921532,24.0234,30.9570
926140,23.8281,28.9063
930772,24.5117,30.0781
935428,24.8047,30.9570
940108,25.2930,31.3477
944812,25.6836,30.5664
949540,23.8281,30.4688
954288,25.3906,31.5430
959060,25.0000,32.8125
963856,24.4141,30.8594
968676,25.3906,31.4453
973520,25.6836,32.5195
978388,26.1719,33.9844
983280,23.9258,28.2227
988200,23.1445,29.1016
993144,25.0977,32.3242
998112,26.0742,31.7383
1003104,25.2930,30.7617
1008120,23.8281,29.2969
1013164,25.0977,32.1289
1018232,25.0977,31.7383
1023324,25.5859,31.0547
1028444,25.2930,31.9336
1033588,25.2930,31.7383
1038756,25.4883,31.2500
1043952,25.4883,32.9102
1049172,26.2695,31.5430
1054420,27.4414,34.7656
1059696,25.9766,31.3477
1064996,35.6445,31.4453
1070324,30.6641,31.5430
1075676,27.3438,33.5938
1081056,27.8320,33.2031
1086464,26.6602,33.2031
1091900,25.5859,31.4453
1097360,35.4492,32.8125
1102848,27.2461,33.2031
1108364,27.6367,33.3984
1113908,26.7578,30.8594
1119480,26.5625,30.9570
1125080,25.2930,31.1523
1130708,26.6602,32.4219
1136364,26.8555,33.2031
1142048,38.0859,32.7148
1147760,26.6602,31.5430
1153500,26.9531,32.5195
1159268,25.9766,31.3477
1165068,27.3438,31.6406
1170896,28.1250,37.4023
1176752,27.3438,32.3242
1182636,26.8555,31.6406
1188552,27.2461,33.2031
1194496,27.9297,33.3008
1200472,28.5156,32.6172
1206476,26.5625,31.7383
1212512,26.9531,31.3477
1218576,26.9531,33.2031
1224672,27.2461,32.2266
1230796,26.9531,33.0078
1236952,28.2227,32.7148
1243140,26.5625,32.6172
1249356,28.6133,32.5195
1255604,25.0977,30.2734
1261884,27.3438,33.1055
1268196,27.5391,32.9102
1274540,27.3438,31.0547
1280916,27.3438,34.5703
1287324,27.8320,33.4961
1293764,27.7344,32.1289
1300236,27.7344,33.1055
1306740,26.9531,32.6172
1313276,26.7578,32.8125
1319844,27.2461,32.4219
1326444,27.1484,32.6172
1333080,29.0039,30.6641
1339748,27.9297,32.8125
1346448,28.5156,34.3750
1353184,28.4180,33.8867
1359952,27.2461,33.0078
1366752,27.2461,31.8359
1373588,27.6367,33.3984
1380456,27.7344,35.4492
1387360,27.0508,31.8359
1394300,27.0508,33.3984
1401272,27.6367,32.6172
1408280,27.5391,32.0313
1415324,28.1250,33.0078
1422404,26.9531,29.8828
1429520,27.9297,31.7383
1436668,29.6875,30.4688
1443852,26.7578,31.7383
1451072,27.2461,32.3242
1458328,26.7578,32.1289
1465620,26.0742,31.7383
1472952,28.2227,32.1289
1480320,26.7578,32.0313
1487724,37.4023,36.4258
1495164,26.5625,30.2734
1502640,27.3438,32.6172
1510156,27.4414,33.9844
1517708,28.1250,35.0586
1525300,28.9063,34.1797
1532928,26.4648,31.2500
1540596,27.5391,32.8125
1548300,28.5156,33.9844
1556044,28.3203,33.9844
1563828,30.3711,35.9375
1571648,28.6133,32.8125
1579508,28.2227,33.4961
1587408,27.2461,30.3711
1595348,26.8555,31.4453
1603328,34.6680,35.9375
1611348,31.7383,35.8398
1619408,26.7578,30.9570
1627508,29.0039,33.5938
1635648,28.1250,37.5000
1643828,28.1250,32.4219
1652048,27.7344,32.3242
1660312,29.0039,33.1055
1668616,28.4180,33.2031
1676960,30.1758,33.7891
1685348,30.1758,35.7422
1693776,28.5156,34.0820
1702248,28.7109,33.4961
1710760,28.9063,33.5938
1719316,28.8086,32.5195
1727916,27.7344,32.8125
1736556,26.8555,31.1523
1745240,29.0039,33.8867
1753968,30.5664,33.4961
1762740,28.6133,33.2031
1771556,26.8555,31.5430
1780416,28.7109,34.1797
1789320,28.6133,32.9102
1798268,28.5156,34.0820
1807260,28.3203,33.1055
1816300,31.0547,33.3984
1825384,29.0039,33.3008
1834512,29.3945,35.2539
1843688,27.7344,32.9102
1852908,28.8086,33.8867
1862176,29.2969,36.0352
1871488,34.9609,35.6445
1880848,32.7148,34.6680
1890256,29.9805,35.5469
1899708,29.1992,35.2539
1909208,29.9805,36.1328
1918756,28.2227,34.0820
1928352,28.4180,34.6680
1937996,28.0273,32.4219
1947688,30.0781,37.2070
1957428,28.8086,34.1797
1967216,28.1250,34.0820
1977056,28.7109,34.2773
1986944,29.9805,35.7422
1996880,30.0781,39.5508
2006868,30.2734,35.1563
2016904,29.7852,35.0586
2026992,29.5898,34.6680
2037128,29.6875,34.5703
2047316,30.4688,35.9375
2057556,30.6641,37.4023
2067844,30.3711,35.1563
2078184,29.2969,35.4492
2088576,29.8828,34.0820
2099020,31.4453,38.7695
2109516,30.7617,37.1094
2120064,29.4922,35.2539
2130668,30.8594,35.0586
2141324,31.5430,37.0117
2152032,30.7617,36.4258
2162796,31.5430,37.4023
2173612,31.7383,36.6211
2184484,31.4453,37.3047
2195408,30.0781,35.8398
2206388,30.5664,36.2305
2217420,29.3945,32.0313
2228508,28.9063,34.3750
2239652,29.1992,34.5703
2250852,31.9336,37.7930
2262108,33.6914,35.0586
2273420,29.1992,33.2031
2284788,29.4922,34.9609
2296212,31.6406,37.1094
2307696,29.5898,34.5703
2319236,31.7383,37.5000
2330836,31.9336,36.1328
2342492,31.0547,36.9141
2354208,29.1992,34.4727
2365980,29.5898,35.3516
2377812,29.8828,35.8398
2389704,29.8828,41.5039
2401656,41.3086,43.3594
2413668,30.9570,41.0156
2425740,31.3477,35.3516
2437872,30.9570,36.8164
2450064,31.1523,38.0859
2462316,31.4453,35.4492
2474628,31.3477,37.9883
2487004,30.5664,34.6680
2499440,29.9805,34.3750
2511940,31.6406,37.8906
2524500,30.0781,35.6445
2537124,31.5430,36.0352
2549812,33.9844,40.0391
2562564,37.4023,37.7930
2575380,31.4453,36.2305
2588260,32.5195,37.1094
2601204,32.5195,36.6211
2614212,31.2500,35.8398
2627284,32.0313,36.1328
2640424,31.4453,35.4492
2653628,31.4453,38.0859
2666900,31.8359,36.6211
2680236,31.1523,36.6211
2693640,30.7617,35.4492
2707112,30.4688,36.2305
2720648,32.6172,37.9883
2734252,30.2734,35.5469
2747924,31.6406,36.4258
2761664,30.6641,97.0703
2775476,31.1523,38.3789
2789356,29.0039,32.8125
2803304,30.4688,53.1250
2817324,32.5195,38.2813
2831412,32.7148,38.3789
2845572,31.8359,37.6953
2859800,31.9336,36.7188
2874100,29.3945,33.6914
2888472,30.6641,35.5469
2902916,32.5195,37.2070
2917432,31.1523,36.0352
2932020,47.7539,37.7930
2946684,31.9336,37.1094
2961420,31.8359,36.0352
2976228,31.0547,36.9141
2991112,31.8359,36.4258
3006068,32.2266,41.6992
3021100,32.0313,37.0117
3036208,32.6172,37.7930
3051392,32.8125,37.4023
3066652,33.9844,38.8672
3081988,32.9102,38.2813
3097400,31.0547,35.1563
3112888,33.0078,37.4023
3128456,31.0547,35.9375
3144100,33.1055,37.5977
3159824,29.8828,35.6445
3175624,31.9336,36.7188
3191504,29.8828,36.1328
3207464,33.3984,41.0156
3223504,32.0313,36.5234
3239624,32.7148,36.8164
3255824,36.0352,37.9883
3272104,31.6406,37.1094
3288468,30.2734,35.5469
3304912,30.1758,98.4375
3321440,32.7148,38.2813
3338048,31.5430,37.7930
3354740,32.7148,37.2070
3371516,33.7891,40.0391
3388376,33.2031,37.7930
3405320,34.1797,39.3555
3422348,30.8594,36.0352
3439460,34.2773,41.3086
3456660,33.6914,38.5742
3473944,33.1055,37.9883
3491316,32.4219,36.8164
3508776,32.3242,37.4023
3526320,31.5430,36.7188
3543952,30.4688,36.6211
3561672,34.4727,38.6719
3579484,33.8867,41.6992
3597384,50.3906,43.7500
3615372,43.0664,41.2109
3633452,40.4297,40.9180
3651620,35.1563,36.9141
3669880,36.0352,38.8672
3688232,34.3750,39.8438
3706676,34.0820,38.9648
3725212,32.3242,36.9141
3743840,34.2773,39.4531
3762560,33.0078,38.5742
3781376,33.5938,38.7695
3800284,92.8711,40.2344
3819288,33.3984,39.5508
3838388,34.0820,39.0625
3857580,30.7617,35.4492
3876868,31.2500,36.6211
3896256,32.0313,37.1094
3915740,32.2266,35.7422
3935320,33.1055,39.4531
3955000,31.9336,36.5234
3974776,33.9844,38.6719
3994652,33.2031,38.7695
4014628,34.6680,39.5508
4034704,34.4727,39.1602
4054880,34.7656,40.3320
4075156,33.4961,39.2578
4095532,32.1289,41.8945
4116012,31.7383,36.7188
4136596,34.8633,38.9648
4157280,35.3516,40.1367
4178068,34.1797,39.1602
4198960,36.4258,42.5781
4219956,35.8398,42.2852
4241056,36.8164,43.4570
4262264,34.0820,38.6719
4283576,33.9844,39.1602
4304996,34.6680,41.0156
4326524,35.4492,41.2109
4348160,35.7422,40.7227
4369904,35.3516,41.8945
4391756,35.2539,41.0156
4413716,36.1328,42.4805
4435788,37.7930,40.1367
4457968,33.7891,37.5000
4480260,35.6445,42.2852
4502664,34.8633,41.4063
4525180,31.4453,37.5000
4547808,34.3750,39.2578
4570548,37.0117,42.9688
4593404,33.9844,40.8203
4616372,34.3750,40.6250
4639456,34.3750,39.7461
4662656,36.7188,39.9414
4685972,35.7422,41.1133
4709404,36.2305,42.3828
4732952,35.1563,40.1367
4756620,34.0820,39.9414
4780404,33.8867,40.2344
4804308,34.0820,39.5508
4828332,34.9609,39.4531
4852476,34.5703,39.3555
4876740,34.1797,40.1367
4901124,35.8398,41.9922
4925632,34.3750,39.1602
4950264,32.9102,37.5000
4975016,36.4258,42.3828
4999892,35.2539,40.6250
5024892,34.4727,40.4297
5050020,33.4961,39.4531
5075272,35.1563,41.0156
5100652,32.7148,39.4531
5126156,33.7891,39.2578
5151788,35.7422,41.4063
5177548,33.0078,38.5742
5203436,35.1563,43.0664
5229456,34.4727,38.5742
5255604,35.2539,41.9922
5281884,34.3750,39.9414
5308296,35.5469,40.7227
5334840,36.4258,41.9922
5361516,38.2813,41.9922
5388324,35.8398,41.1133
5415268,35.9375,42.0898
5442348,33.4961,39.6484
5469560,34.0820,40.2344
5496908,35.6445,39.7461
5524396,34.1797,39.7461
5552020,34.9609,41.0156
5579784,35.8398,42.0898
5607684,35.6445,40.5273
5635724,34.7656,41.1133
5663904,36.4258,43.5547
5692224,37.0117,43.9453
5720688,36.1328,42.4805
5749292,35.2539,46.6797
5778040,33.3008,38.0859
5806932,35.0586,41.4063
5835968,35.1563,40.8203
5865148,37.1094,43.3594
5894476,34.1797,40.0391
5923952,35.1563,39.7461
5953572,36.2305,44.0430
5983340,33.9844,41.5039
6013260,33.2031,38.7695
6043328,35.5469,43.0664
6073548,39.9414,42.6758
6103916,34.8633,41.0156
6134436,35.2539,38.8672
6165112,33.3008,39.8438
6195940,34.7656,41.6016
6226920,34.2773,38.4766
6258056,36.3281,41.7969
6289348,36.3281,42.3828
6320796,35.7422,41.7969
6352400,35.1563,40.4297
6384164,34.7656,38.2813
6416088,35.1563,39.6484
6448172,44.7266,42.0898
6480416,38.1836,42.6758
6512820,37.7930,40.8203
6545388,36.9141,42.8711
6578116,35.3516,41.8945
6611008,37.9883,47.1680
6644064,35.6445,42.8711
6677288,35.5469,41.6992
6710676,36.7188,42.7734
6744232,34.8633,40.2344
6777956,35.7422,41.3086
6811848,36.3281,41.7969
6845908,38.6719,42.4805
6880140,36.1328,41.3086
6914544,36.7188,42.8711
6949120,35.2539,42.0898
6983868,36.7188,43.0664
7018788,38.2813,43.4570
7053884,36.1328,41.1133
7089156,36.1328,41.4063
7124604,38.7695,45.1172
7160228,35.3516,41.7969
7196032,36.5234,43.1641
7232016,35.7422,40.7227
7268180,35.9375,41.8945
7304524,37.6953,42.4805
7341048,36.2305,43.0664
7377756,35.8398,41.6992
7414648,38.4766,45.3125
7451724,36.5234,42.2852
7488984,35.1563,40.3320
7526432,37.7930,46.4844
7564068,35.8398,41.4063
7601892,37.8906,43.8477
7639904,36.4258,42.9688
7678104,33.7891,38.7695
7716496,35.5469,41.0156
7755080,37.1094,43.3594
7793856,36.7188,42.6758
7832828,36.7188,40.0391
7871996,37.0117,41.8945
7911356,38.4766,42.0898
7950916,38.9648,46.9727
7990672,36.3281,41.8945
8030628,45.6055,43.1641
8070784,36.5234,41.6016
8111140,43.4570,47.0703
8151696,39.8438,43.6523
8192456,35.2539,41.6016
8233420,37.5000,44.1406
8274588,36.2305,38.3789
8315964,36.7188,41.9922
8357544,34.7656,40.5273
8399332,39.3555,45.5078
8441332,37.1094,42.7734
8483540,37.7930,43.0664
8525960,37.6953,42.9688
8568592,36.6211,41.1133
8611436,38.0859,44.5313
8654496,38.6719,43.9453
8697772,36.9141,44.1406
8741264,37.4023,42.7734
8784972,42.3828,43.2617
8828900,37.2070,42.6758
8873048,36.0352,40.8203
8917416,37.5977,42.6758
8962004,37.5000,43.6523
9006816,37.4023,41.8945
9051852,38.5742,42.8711
9097112,37.5000,43.2617
9142600,38.9648,44.2383
9188316,39.9414,46.1914
9234260,38.0859,43.5547
9280432,36.0352,39.8438
9326836,37.3047,42.4805
9373472,40.6250,44.2383
9420340,39.5508,44.2383
9467444,37.0117,41.7969
9514784,47.5586,43.3594
9562360,39.4531,45.4102
9610172,38.5742,44.7266
9658224,42.5781,45.5078
9706516,38.6719,43.3594
9755052,37.4023,43.6523
9803828,37.8906,43.3594
9852848,37.6953,41.4063
9902116,41.2109,47.2656
9951628,36.7188,40.6250
10001388,39.9414,45.5078
10051396,38.7695,43.8477
10101656,39.7461,44.7266
10152168,35.6445,40.3320
10202932,37.7930,42.1875
10253948,41.3086,47.7539
10305220,37.0117,41.9922
10356748,38.7695,46.7773
10408532,40.4297,45.7031
10460576,36.3281,41.6016
10512880,41.3086,46.9727
10565448,40.1367,46.7773
10618276,37.0117,42.9688
10671368,37.2070,41.0156
10724728,36.1328,41.4063
10778352,37.3047,43.5547
10832244,37.5977,43.3594
10886408,39.9414,42.7734
10940844,37.4023,42.0898
10995552,37.8906,45.2148
11050532,36.7188,40.9180
11105788,39.3555,43.6523
11161320,41.8945,45.5078
11217128,38.7695,45.1172
11273216,38.1836,44.0430
11329584,39.5508,45.2148
11386232,38.7695,44.2383
11443164,38.5742,42.1875
11500380,38.0859,43.3594
11557884,38.6719,46.1914
11615676,38.7695,44.3359
11673756,37.6953,43.3594
11732128,37.5000,42.1875
11790792,38.7695,45.8984
11849748,38.9648,43.0664
11909000,37.8906,45.3125
11968548,41.6992,46.4844
12028392,37.4023,42.9688
12088536,40.3320,45.8008
12148980,41.7969,43.9453
12209728,37.5977,42.5781
12270780,39.0625,43.8477
12332136,37.8906,42.1875
12393800,39.3555,44.2383
12455772,40.1367,45.5078
12518052,38.3789,43.9453
12580644,39.4531,45.4102
12643548,38.4766,44.1406
12706768,39.5508,45.5078
12770304,37.2070,43.3594
12834156,41.2109,44.4336
12898328,37.5000,42.3828
12962820,45.6055,44.5313
13027636,39.1602,45.4102
13092776,40.3320,44.6289
13158240,39.5508,45.2148
13224032,38.1836,43.6523
13290156,37.6953,42.5781
13356608,39.9414,44.0430
13423392,38.2813,42.9688
13490512,37.7930,43.1641
13557968,39.1602,43.8477
13625760,41.6016,47.3633
13693892,41.8945,48.2422
13762364,49.0234,45.9961
13831176,38.4766,44.1406
13900332,38.7695,44.1406
13969836,38.9648,46.2891
14039688,37.5000,44.1406
14109888,38.6719,45.2148
14180440,39.7461,46.6797
14251344,37.7930,41.7969
14322604,38.8672,43.9453
14394220,41.5039,46.7773
14466192,40.3320,47.4609
14538524,41.5039,46.4844
14611220,43.4570,47.7539
14684280,38.2813,46.2891
14757704,39.2578,44.5313
14831496,40.0391,44.2383
14905656,38.7695,43.7500
14980188,37.0117,42.6758
15055092,38.1836,43.7500
15130368,39.7461,48.6328
15206020,41.1133,48.5352
15282052,40.1367,47.0703
15358464,40.5273,45.3125
15435260,40.1367,44.9219
15512440,40.0391,45.9961
15590004,40.8203,45.9961
15667956,41.4063,47.4609
15746296,38.5742,44.4336
15825028,39.0625,46.6797
15904156,39.2578,42.9688
15983680,39.5508,44.9219
16063600,41.3086,47.0703
16143920,40.1367,46.6797
16224640,40.9180,46.5820
16305764,41.6992,45.2148
16387296,38.5742,42.7734
16469236,40.2344,46.5820
16551584,40.9180,45.8984
16634344,39.5508,48.9258
16717516,40.6250,44.1406
16801104,37.4023,43.2617
16885112,42.5781,50.0000
16969540,38.9648,45.5078
17054388,40.5273,46.7773
17139660,43.4570,46.9727
17225360,43.6523,49.7070
17311488,40.4297,45.3125
17398048,37.9883,48.5352
17485040,41.2109,46.0938
17572468,39.5508,45.0195
17660332,42.8711,48.8281
17748636,43.0664,49.1211
17837380,44.6289,49.1211
17926568,41.0156,47.3633
18016204,38.4766,43.8477
18106288,40.2344,46.4844
18196820,41.3086,47.7539
18287808,45.8984,48.2422
18379248,43.3594,49.4141
18471148,44.2383,47.3633
18563504,42.4805,48.2422
18656324,43.7500,52.0508
18749608,39.2578,45.1172
18843360,42.8711,48.9258
18937580,40.1367,46.7773
19032268,44.6289,50.8789
19127432,44.4336,47.5586
19223072,42.5781,47.6563
19319188,43.3594,50.2930
19415784,40.3320,47.0703
19512864,43.2617,50.7813
19610432,41.2109,47.0703
19708488,42.1875,48.3398
19807032,42.4805,49.5117
19906068,42.9688,49.9023
20005600,42.4805,49.5117
20105628,40.3320,47.0703
20206160,39.7461,45.3125
20307192,43.6523,49.4141
20408728,40.7227,45.9961
20510772,39.2578,45.3125
20613328,44.0430,51.1719
20716396,42.1875,48.4375
20819980,41.0156,47.8516
20924080,45.4102,51.8555
21028704,42.3828,52.3438
21133848,45.0195,49.1211
21239520,41.6992,47.8516
21345720,45.6055,49.4141
21452452,39.9414,47.8516
21559716,43.5547,49.7070
21667516,42.2852,47.8516
21775856,42.4805,46.5820
21884736,41.6992,47.6563
21994160,42.5781,49.3164
22104132,43.6523,48.9258
22214656,47.6563,50.7813
22325732,45.6055,52.7344
22437364,40.1367,45.4102
22549552,43.7500,49.4141
22662300,42.4805,51.5625
22775612,41.6992,48.6328
22889492,42.0898,47.9492
23003940,46.9727,54.5898
23118960,48.4375,46.3867
23234556,42.9688,47.2656
23350732,43.5547,48.9258
23467488,39.2578,48.1445
23584828,43.0664,50.0000
23702756,46.2891,49.3164
23821272,43.2617,48.6328
23940380,42.8711,48.4375
24060084,43.5547,48.2422
24180388,44.8242,50.8789
24301292,48.0469,55.5664
24422800,42.8711,48.1445
24544916,42.6758,46.3867
24667644,42.4805,47.5586
24790984,56.9336,53.0273
24914940,51.3672,52.8320
25039516,44.2383,48.5352
25164716,46.8750,53.5156
25290540,44.7266,48.7305
25416996,45.2148,61.5234
25544084,54.3945,55.5664
25671808,44.6289,47.7539
25800168,52.2461,52.3438
25929172,51.0742,53.7109
26058820,42.6758,53.2227
26189116,54.6875,54.2969
26320064,51.9531,53.1250
26451668,51.7578,55.5664
26583928,45.4102,50.8789
26716848,53.4180,56.9336
26850436,48.3398,54.5898
26984692,52.3438,53.2227
27119616,51.8555,54.0039
27255216,48.1445,56.2500
27391496,77.9297,65.8203
27528456,73.4375,67.7734
27666100,75.6836,70.0195
27804432,72.9492,66.1133
27943456,64.7461,61.6211
28083176,62.7930,59.2773
28223592,62.8906,60.3516
28364712,59.2773,77.1484
28506536,73.7305,66.9922
28649072,72.5586,67.8711
28792320,75.3906,74.4141
28936284,67.2852,63.5742
29080968,66.4063,71.7773
29226376,94.9219,63.6719
29372508,66.6992,59.6680
29519372,69.2383,65.2344
29666972,57.3242,68.5547
29815308,74.7070,69.9219
29964388,61.4258,60.9375
30114212,58.2031,67.1875
30264784,66.0156,60.2539
30416108,63.0859,58.6914
30568192,61.3281,65.9180
30721036,65.2344,62.3047
30874644,76.9531,66.6016
31029020,57.4219,59.2773
31184168,63.2813,63.2813
31340092,60.3516,59.6680
31496796,60.8398,60.3516
31654280,72.5586,61.6211
31812552,64.5508,64.8438
31971616,59.7656,58.0078
32131476,57.9102,67.2852
32292136,71.9727,62.7930
32453600,65.1367,61.8164
32615868,59.9609,72.8516
32778948,65.7227,62.0117
32942844,64.6484,62.0117
33107560,63.7695,82.1289
33273100,77.3438,72.8516
33439468,67.5781,67.1875
33606668,69.5313,64.5508
33774704,70.8008,64.9414
33943580,69.3359,68.8477
34113300,67.8711,62.5000
34283868,82.1289,70.8984
34455288,66.8945,73.1445
34627568,75.4883,72.6563
34800708,73.0469,67.1875
34974712,66.6016,92.0898
35149588,82.6172,95.6055
35325336,88.3789,96.1914
35501964,89.6484,83.1055
35679476,87.8906,85.5469
35857876,76.5625,71.3867
36037168,86.9141,73.2422
36217356,83.8867,76.6602
36398444,75.9766,72.4609
36580440,82.7148,77.4414
36763344,76.5625,65.0391
36947164,73.1445,92.7734
37131900,139.1602,78.7109
37317560,76.4648,84.0820
37504148,74.0234,72.4609
37691672,70.5078,70.5078
37880132,78.1250,74.2188
38069536,74.5117,113.3789
38259884,74.2188,83.3984
38451184,80.5664,77.8320
38643440,73.5352,77.1484
38836660,79.3945,78.7109
39030844,79.3945,76.8555
39226000,101.8555,83.6914
39422132,82.8125,78.7109
39619244,89.7461,83.0078
39817344,80.7617,76.7578
40016432,74.5117,78.3203
40216516,85.7422,78.8086
40417600,90.3320,82.0313
40619688,84.4727,84.5703
40822788,82.2266,78.6133
41026904,117.7734,98.4375
41232040,106.3477,95.7031
41438204,93.6523,88.0859
41645396,87.3047,86.2305
41853624,79.7852,84.2773
42062896,92.7734,85.5469
42273212,82.7148,151.6602
42484580,84.0820,78.1250
42697004,110.7422,83.0078
42910492,94.9219,90.9180
43125048,91.0156,82.0313
43340676,92.3828,83.6914
43557380,86.6211,83.1055
43775168,79.7852,89.1602
43994044,84.4727,83.0078
44214016,89.2578,91.6016
44435088,86.2305,79.1016
44657264,101.9531,94.5313
44880552,94.3359,109.2773
45104956,104.4922,94.1406
45330484,88.9648,89.6484
45557140,95.4102,102.8320
45784928,119.3359,110.7422
46013856,141.1133,105.2734
46243928,100.7813,115.5273
46475148,102.3438,97.5586
46707524,98.0469,96.7773
46941064,100.2930,93.6523
47175772,108.2031,97.3633
47411652,104.9805,134.1797
47648712,156.1523,100.3906
47886956,112.4023,107.2266
48126392,104.0039,95.1172
48367024,98.5352,91.5039
48608860,112.4023,125.3906
48851908,111.5234,108.8867
49096168,102.0508,95.4102
49341652,100.1953,98.8281
49588364,102.4414,102.8320
49836308,100.6836,93.9453
50085492,98.2422,92.2852
50335920,96.3867,116.4063
50587600,125.5859,107.5195
50840540,99.3164,100.2930
51094744,106.2500,111.9141
51350220,117.1875,108.2031
51606972,112.3047,108.1055
51865008,116.3086,138.9648
52124336,115.4297,112.1094
52384960,129.8828,92.9688
52646888,112.9883,106.5430
52910124,104.4922,104.3945
53174676,107.8125,130.2734
53440552,113.8672,109.9609
53707756,121.4844,110.6445
53976296,135.1563,105.2734
54246180,124.1211,129.3945
54517412,122.2656,120.9961
54790000,121.2891,174.0234
55063952,133.2031,118.9453
55339272,114.0625,108.8867
55615972,118.0664,122.5586
55894052,115.9180,103.9063
56173524,113.1836,114.9414
56454392,127.1484,112.6953
56736664,121.6797,116.8945
57020348,124.5117,113.9648
57305452,114.1602,110.1563
57591980,111.7188,116.4063
57879940,130.1758,128.7109
58169340,116.6992,113.9648
58460188,148.6328,129.1992
58752492,122.0703,125.0977
59046256,110.1563,141.3086
59341488,126.3672,121.8750
59638196,118.6523,202.7344
59936388,126.9531,142.4805
60236072,121.6797,116.2109
60537256,129.3945,119.5313
60839944,116.3086,110.1563
61144144,129.2969,150.0977
61449868,132.3242,146.3867
61757120,156.2500,142.6758
62065908,184.9609,128.3203
62376240,142.0898,126.4648
62688124,127.3438,114.9414
63001568,146.5820,115.6250
63316576,147.8516,126.8555
63633160,135.4492,123.3398
63951328,129.0039,115.0391
64271088,119.3359,116.3086
64592444,126.9531,115.7227
64915408,136.2305,135.6445
65239988,154.1016,126.0742
65566188,132.7148,152.6367
65894020,140.6250,131.4453
66223492,132.5195,121.0938
66554612,136.5234,107.6172
66887388,130.1758,125.0977
