4,2.3926,2.9785
8,1.9531,2.0508
12,2.9785,2.0020
16,2.5391,2.3926
20,3.6621,2.2461
24,3.0762,3.3203
28,4.9316,3.7598
32,3.5645,4.9805
36,4.1016,4.9316
40,3.6133,2.8320
44,3.6621,2.6855
48,3.6621,2.8809
52,3.6621,2.7832
56,5.2246,2.6855
60,3.7109,2.7344
64,3.6133,5.2734
68,4.5898,2.9297
72,4.5410,3.0762
76,4.5898,2.9297
80,4.4922,3.2715
84,4.3945,3.0273
88,4.3457,3.3691
92,6.3965,5.5176
96,6.3477,5.8594
100,6.6895,5.9082
104,6.5430,5.8594
108,4.3457,5.3223
112,4.6387,4.9805
116,4.3457,3.2715
120,4.6387,3.1738
124,4.2969,3.1250
128,4.4922,3.4668
132,5.1758,3.6133
136,5.1270,3.6621
140,5.1758,3.6133
144,5.3223,4.7363
148,5.2246,3.5645
152,5.2734,3.6133
156,5.0781,3.6621
160,5.2246,3.5156
164,5.1758,3.4668
168,5.2246,3.6133
172,5.2734,3.1738
176,5.2734,3.6133
180,5.3223,3.7109
184,5.2734,3.6133
188,5.1758,3.7109
192,5.3711,3.6621
196,5.2246,3.6621
200,5.1270,3.7109
204,5.2734,3.6621
208,5.2734,3.6621
212,5.3223,3.6621
216,5.2246,3.6621
220,5.1270,3.7109
224,5.1270,3.6621
228,5.2246,3.6621
232,5.2246,3.7109
236,5.2734,3.6133
240,5.2246,3.6621
244,5.3223,3.6133
248,5.4199,3.6621
252,5.2734,3.6621
256,5.1270,3.8086
260,6.4453,4.1504
264,6.4453,3.9551
268,6.4941,4.0527
272,6.4453,4.2480
276,6.5430,4.1992
280,6.2988,4.3457
284,6.3965,4.1504
288,6.3965,4.1504
292,6.3965,4.1504
296,6.3965,4.1504
300,6.5430,4.1504
304,6.4941,4.0527
308,6.4941,4.1992
312,6.5918,4.2969
316,6.3965,4.1016
320,6.5430,4.0527
324,6.2988,4.1992
328,6.3965,4.1504
332,6.3477,4.2480
336,6.3965,4.2969
340,6.3477,4.2480
344,6.4453,4.1016
348,6.3965,4.2480
352,6.3477,4.1016
356,6.3965,4.1016
360,6.4453,4.0527
364,6.4941,3.8574
368,6.5430,4.1016
372,6.4453,4.1504
376,6.8848,4.2480
380,6.8359,4.1992
384,6.7871,4.1016
388,6.8359,4.0527
392,6.4453,4.1016
396,6.3477,4.2480
400,6.4453,4.1992
404,6.4941,4.2480
408,6.6895,4.1992
412,6.7383,4.1504
416,6.6895,4.1504
420,6.7871,4.1992
424,6.4453,4.1504
428,6.2012,4.1016
432,6.3965,4.1992
436,6.2988,4.1992
440,6.4453,5.1270
444,6.3477,4.1504
448,6.3965,4.1992
452,6.3965,4.0527
456,6.3477,4.1016
460,6.3477,4.1504
464,6.2012,4.0039
468,6.3965,4.1504
472,6.3477,4.1992
476,6.4941,4.1504
480,6.5430,4.1992
484,6.4453,4.2480
488,6.4941,4.1504
492,6.2500,4.1016
496,6.2988,4.1992
500,6.4453,4.1992
504,6.4453,4.1992
508,6.4453,4.0039
512,6.5430,4.3945
516,7.1777,4.6875
520,6.2988,5.6152
524,6.7871,4.8340
528,8.1055,4.6387
532,6.8359,4.8828
536,7.3242,4.5898
540,6.3965,4.9316
544,6.3965,4.6387
548,8.1543,4.8340
552,6.2012,4.4922
556,6.9336,4.8828
560,6.2012,4.4434
564,6.6406,4.8828
568,6.5918,4.6875
572,6.5430,4.7363
576,6.2500,4.6875
580,6.2012,4.5898
584,7.4707,4.6875
588,6.7871,4.5898
592,6.2500,4.6387
596,6.2012,5.6641
600,6.5430,4.4434
604,8.1055,4.7363
608,6.2012,4.6387
612,8.1543,4.6387
616,6.7871,4.7852
620,7.9102,4.7852
624,7.1777,4.6875
628,7.0313,4.6875
632,6.2500,4.3457
636,6.9824,4.6387
640,6.7383,4.7363
644,6.9824,4.5898
648,6.7383,4.6875
652,6.5918,4.4922
656,6.2012,4.6387
660,6.8848,4.6875
664,6.2012,4.7852
668,7.7637,4.6387
672,7.0313,4.8340
676,6.2500,4.1504
680,6.6406,4.4922
684,6.7871,5.0781
688,6.2500,4.6387
692,7.2266,4.6875
696,6.5430,4.8340
700,6.2012,4.6387
704,6.9336,4.7363
708,6.2012,4.4922
712,6.9824,4.7363
716,6.2500,4.8340
720,7.1777,4.6875
724,6.8848,4.5898
728,6.2012,4.6387
732,6.8848,4.5898
736,7.7637,4.6387
740,7.5195,4.6875
744,7.2266,4.6387
748,6.9336,4.7363
752,6.2500,4.6387
756,6.2012,4.7363
760,6.3477,4.7852
764,6.2012,4.5898
768,6.2012,4.5898
772,6.7871,4.5410
776,7.2266,4.5898
780,8.0566,4.7363
784,6.6895,4.6875
788,7.4219,4.7363
792,7.3730,4.7363
796,6.2012,4.4922
800,7.0313,4.5410
804,6.2012,4.6387
808,7.8613,4.8340
812,6.6406,4.7363
816,7.6660,4.6875
820,6.3965,4.5898
824,7.6660,4.5898
828,7.0801,4.8828
832,7.1777,4.8828
836,7.9590,4.5410
840,7.0313,4.6387
844,7.3242,4.6875
848,6.2012,4.5898
852,7.0313,4.5898
856,7.0313,4.7363
860,6.7383,4.7363
864,6.8359,4.5898
868,8.1055,4.6387
872,6.8848,4.7852
876,6.7383,4.7363
880,6.8359,4.6387
884,6.7871,4.7852
888,6.8359,4.6387
892,6.2012,4.5898
896,6.2012,4.4922
900,6.2012,4.8828
904,7.5195,4.5898
908,6.9336,4.8828
912,7.1289,4.7363
916,6.2012,4.4922
920,6.7871,4.8828
924,6.2012,4.3945
928,7.5684,4.4922
932,6.2988,4.3945
936,6.2012,4.7363
940,6.2012,4.8340
944,6.6895,4.5898
948,7.0801,4.5410
952,7.0801,4.6875
956,6.2988,4.7852
960,6.8848,4.6387
964,6.3477,4.5410
968,7.9102,4.6387
972,7.7148,4.6387
976,7.0313,4.5898
980,8.1055,4.5410
984,7.5195,4.5898
988,6.2012,4.6387
992,6.2012,4.6387
996,7.7637,4.6387
1000,6.2988,4.6875
1004,7.4219,4.5898
1008,7.0801,4.6387
1012,6.3477,4.6875
1016,6.2988,4.5898
1020,6.4453,4.5898
1024,6.9336,4.5898
1028,8.0078,5.0781
1032,8.0566,5.1758
1036,8.0078,5.1270
1040,9.1797,4.9805
1044,8.2031,5.2246
1048,7.0313,5.1758
1052,8.2031,5.2246
1056,8.0566,5.2246
1060,7.9102,5.1758
1064,7.9102,5.1758
1068,7.7637,5.0781
1072,7.6660,5.1758
1076,7.8613,5.3223
1080,7.8613,5.2734
1084,8.1055,5.1758
1088,7.9102,5.1758
1092,7.8613,5.0293
1096,7.8613,5.2246
1100,8.4961,5.2246
1104,7.9102,5.1758
1108,8.0566,5.2246
1112,8.2031,5.0781
1116,8.0566,4.9805
1120,7.9590,5.1758
1124,7.7637,5.1758
1128,8.0078,5.1270
1132,8.0078,5.2734
1136,7.8125,5.1270
1140,7.8125,5.1758
1144,8.2031,5.1758
1148,8.0566,5.1758
1152,8.0566,5.2246
1156,7.9590,5.1758
1160,8.1055,5.1270
1164,7.6660,5.0781
1168,8.2031,5.1270
1172,8.1055,5.1270
1176,8.1055,5.1758
1180,8.0078,5.1270
1184,7.7637,5.0781
1188,8.1543,5.2246
1192,7.8613,5.1270
1196,7.9102,5.1758
1200,9.3262,5.1270
1204,7.9102,5.0781
1212,7.8613,4.9805
1220,7.8125,5.1270
1228,7.8613,5.1758
1236,8.2031,5.2734
1244,7.7637,5.1758
1252,7.9102,5.2734
1260,8.0566,5.1758
1268,8.0566,5.2246
1276,8.2031,5.2734
1284,7.8613,5.1270
1292,6.9824,5.1270
1300,8.4961,5.1758
1308,7.9102,5.1758
1316,8.1055,5.1758
1324,8.0566,5.0781
1332,9.1797,5.3223
1340,7.8613,5.1758
1348,8.0078,5.2246
1356,8.0566,5.1270
1364,8.0566,5.2734
1372,7.9590,5.2246
1380,8.0566,5.1270
1388,8.1543,4.9805
1396,8.0078,5.1758
1404,7.7148,5.1758
1412,7.4707,5.2246
1420,7.8613,5.1758
1428,7.9102,5.2246
1436,7.7637,5.0293
1444,8.1543,5.2246
1452,8.1543,5.2246
1460,8.1543,5.0781
1468,8.3496,5.3223
1476,8.1055,5.0781
1484,7.9102,5.1758
1492,6.2500,5.2246
1500,7.9102,5.1758
1508,7.9590,5.2734
1516,7.7637,5.2246
1524,8.2031,5.3223
1532,8.3496,5.2734
1540,8.2520,4.9316
1548,8.3984,5.0781
1556,8.2031,5.3223
1564,7.9590,5.1270
1572,8.1543,5.1758
1580,7.8125,5.1270
1588,6.2012,5.2734
1596,7.9590,5.2734
1604,7.8125,5.2246
1612,7.8613,5.7129
1620,6.3477,4.9316
1628,8.0078,5.1758
1636,7.9102,4.8828
1644,7.7148,5.1758
1652,7.8613,5.1758
1660,7.9590,5.2246
1668,8.0078,4.9316
1676,7.7637,5.2734
1684,8.1055,5.2246
1692,7.8613,5.0781
1700,7.9590,5.1758
1708,7.8125,5.1758
1716,7.8613,5.1758
1724,8.1543,5.0293
1732,7.9590,5.1270
1740,6.2012,4.9805
1748,7.8125,5.2246
1756,8.4473,6.0059
1764,8.3496,5.2246
1772,7.9102,5.0293
1780,8.1055,5.1270
1788,8.3008,5.2246
1796,8.8867,5.2246
1804,8.1055,5.2734
1812,8.0078,5.1270
1820,7.9590,5.0781
1828,6.3477,5.1758
1836,8.0078,5.0781
1844,8.2031,5.1758
1852,7.9102,5.1758
1860,8.1055,5.1758
1868,7.8125,5.0293
1876,7.9102,5.3223
1884,8.2031,5.2734
1892,7.9102,5.0293
1900,8.0078,5.9570
1908,8.2031,5.1758
1916,8.0566,5.0781
1924,8.0078,5.2246
1932,7.9102,5.1270
1940,7.8125,5.1758
1948,8.2031,5.0293
1956,8.2031,5.1270
1964,7.9102,5.0781
1972,7.8125,5.1758
1980,8.0078,5.2734
1988,8.0566,5.1758
1996,7.7637,5.1270
2004,8.8867,5.1270
2012,7.9590,5.0781
2020,7.8125,5.2246
2028,7.9102,4.9805
2036,9.2773,5.0781
2044,8.1543,5.8594
2052,8.9844,5.1758
2060,9.1309,5.6152
2068,9.0820,5.6641
2076,9.0332,5.6641
2084,9.0332,5.7617
2092,9.0332,5.6641
2100,9.0332,5.6641
2108,9.0332,5.5176
2116,9.0332,5.6641
2124,9.0820,5.8105
2132,8.9844,5.7617
2140,9.0820,5.6641
2148,9.0332,5.5176
2156,9.1309,5.7129
2164,9.0820,5.5664
2172,8.9844,5.7129
2180,9.0332,5.7617
2188,9.0332,5.7129
2196,9.0332,5.4688
2204,9.0820,5.7129
2212,8.9844,5.6641
2220,8.9844,5.7129
2228,9.0820,5.6152
2236,9.0332,5.8105
2244,9.0332,5.7617
2252,9.0332,5.8594
2260,9.1309,5.7129
2268,9.0332,5.8594
2276,8.9844,5.7617
2284,8.9355,5.6641
2292,9.0332,5.4688
2300,8.9355,5.7617
2308,9.0820,5.8594
2316,9.1309,5.7617
2324,9.1309,5.8594
2332,8.9844,5.4688
2340,9.0820,5.5176
2348,9.0820,5.7617
2356,8.9844,5.6641
2364,9.0332,5.8594
2372,9.0332,5.1270
2380,9.2285,5.5664
2388,9.0820,5.5664
2396,9.1309,5.6152
2404,9.0332,5.8105
2416,9.0332,5.6152
2428,9.0332,5.5176
2440,9.0332,5.7617
2452,8.8867,5.6641
2464,9.1309,5.7129
2476,10.1074,5.6641
2488,8.9844,5.5664
2500,9.0820,5.7617
2512,9.1309,5.6641
2524,9.1309,5.5664
2536,8.9844,5.5664
2548,9.0332,5.4199
2560,8.9355,5.3711
2572,9.0820,5.9082
2584,9.0820,5.7617
2596,9.0332,5.6641
2608,9.0820,5.6152
2620,8.9844,5.8594
2632,9.1309,5.5664
2644,9.1309,5.6641
2656,9.1309,5.6152
2668,9.0820,5.5664
2680,9.9609,5.6641
2692,9.1797,5.5664
2704,9.0820,5.6641
2716,9.1797,5.5176
2728,9.0332,5.7617
2740,8.9844,5.7129
2752,9.1309,5.7129
2764,9.0332,5.9082
2776,9.0820,5.5176
2788,9.0332,5.6641
2800,9.1309,5.7129
2812,9.0820,5.7129
2824,8.8867,5.7617
2836,9.1797,5.5176
2848,9.0820,5.4199
2860,9.0820,5.6152
2872,9.1797,5.6641
2884,10.0098,5.6641
2896,9.1797,5.8105
2908,9.0820,5.5664
2920,8.9844,5.6152
2932,9.0820,5.7129
2944,8.9844,5.7617
2956,9.0820,5.7129
2968,9.0332,5.6641
2980,9.0820,5.7617
2992,9.1309,5.6152
3004,9.0820,5.6641
3016,9.2285,5.6152
3028,9.0820,5.6641
3040,8.9844,5.6641
3052,9.1797,5.6641
3064,9.0820,5.6641
3076,9.1309,5.5664
3088,9.8633,5.6152
3100,9.0332,5.5176
3112,9.0820,5.7617
3124,9.0820,5.7129
3136,9.0332,5.6641
3148,9.0332,5.5176
3160,9.6191,5.6641
3172,9.6191,5.7129
3184,9.6680,5.7129
3196,9.6680,5.9082
3208,9.5703,5.6152
3220,9.0332,5.6152
3232,9.0332,5.7129
3244,9.0820,5.6641
3256,9.0820,5.6641
3268,9.0820,5.3223
3280,9.1309,5.7617
3292,9.7656,5.7129
3304,9.0332,5.8105
3316,9.1309,5.9082
3328,9.0332,5.6152
3340,9.0820,5.5664
3352,8.9844,5.6641
3364,9.0820,5.6152
3376,9.0332,5.6641
3388,9.1797,5.5664
3400,8.9355,5.5176
3412,9.1309,5.6152
3424,9.2773,5.5664
3436,9.3750,6.2012
3448,9.0820,5.3223
3460,9.0820,5.6152
3472,9.1309,5.6152
3484,9.0332,5.5664
3496,9.9121,5.8105
3508,9.0332,5.7129
3520,9.0820,5.6641
3532,9.0332,5.5664
3544,9.0332,5.6641
3556,9.0332,5.6641
3568,9.0332,5.7617
3580,9.0820,5.8594
3592,9.0332,5.7129
3604,9.0820,5.8594
3620,9.0332,5.6641
3636,8.9844,5.4688
3652,9.0820,5.7617
3668,9.0332,5.7129
3684,9.0820,5.5664
3700,9.1309,5.9570
3716,9.1309,5.8105
3732,9.9609,5.6641
3748,9.0820,5.4199
3764,8.9355,5.6641
3780,9.0820,5.7129
3796,8.9355,5.7129
3812,9.1309,5.9570
3828,8.9355,5.8594
3844,9.1309,5.4688
3860,9.0820,5.7617
3876,9.0820,5.6152
3892,8.9844,5.8105
3908,9.0332,5.7129
3924,9.1309,5.5176
3940,8.9844,5.8594
3956,9.1309,5.7617
3972,9.1309,5.6152
3988,9.0332,5.6152
4004,10.0586,7.8613
4020,9.1309,5.5664
4036,8.9844,5.6641
4052,8.9844,5.7617
4068,9.0820,5.9082
4084,9.0820,5.6641
4100,10.6445,5.5176
4116,10.6934,6.2012
4132,10.6934,6.2012
4148,10.6445,6.1523
4164,10.6934,6.0059
4180,10.6934,6.2012
4196,10.7910,6.2012
4212,10.5957,6.2012
4228,10.5957,6.1035
4244,10.6934,6.0547
4260,10.6934,6.5430
4276,10.6445,6.2012
4292,10.5469,6.1523
4308,10.6445,6.1523
4324,10.6445,6.1035
4340,10.5957,6.2012
4356,10.6934,6.1523
4372,10.6934,6.2012
4388,10.3516,6.1523
4404,10.6445,6.1035
4420,10.7910,6.0547
4436,10.7422,6.1523
4452,10.5469,6.1035
4468,10.6934,6.1523
4484,10.5957,6.2012
4500,10.4980,6.2012
4516,10.7422,5.9570
4532,10.6934,6.2012
4548,10.4980,6.0059
4564,10.6934,6.1523
4580,10.6445,6.0547
4596,10.5469,6.0059
4612,10.5469,6.1523
4628,10.5957,6.1035
4644,10.6934,6.0547
4660,10.4980,6.1523
4676,10.5957,6.0547
4692,10.6934,6.2012
4708,10.6445,6.0547
4724,10.6934,6.2012
4740,10.4980,6.1035
4756,10.6445,6.2012
4772,11.4258,6.2012
4788,10.6934,6.2500
4804,10.5469,6.2012
4824,10.6934,6.1035
4844,10.7910,6.2012
4864,10.4980,6.1035
4884,10.6445,6.1523
4904,10.6445,6.2012
4924,10.6934,6.0059
4944,10.5957,6.1035
4964,10.6445,6.1523
4984,10.6445,6.1035
5004,10.6934,6.2012
5024,10.6934,6.2012
5044,10.4980,6.2012
5064,10.5469,6.2012
5084,11.7188,6.2012
5104,10.5957,6.1523
5124,10.6445,6.2012
5144,10.7422,6.0547
5164,10.6934,6.0547
5184,10.6445,6.2012
5204,10.5957,6.1035
5224,10.5957,6.1035
5244,10.7910,6.0059
5264,10.6445,6.1523
5284,10.5957,6.2500
5304,10.5957,6.1035
5324,10.5469,6.2012
5344,10.6934,6.2500
5364,10.6445,6.2012
5384,10.6445,6.1035
5404,10.6445,6.1523
5424,10.6934,6.0547
5444,10.6445,6.1523
5464,10.6934,6.1523
5484,10.6445,6.2012
5504,10.5957,6.1035
5524,10.5469,6.2012
5544,10.6445,6.1035
5564,10.5469,6.2012
5584,10.6445,6.1523
5604,10.7910,6.2012
5624,10.7422,6.1523
5644,10.7910,6.1035
5664,10.7422,6.1523
5684,10.6445,6.2012
5704,10.5957,6.1523
5724,10.5957,6.1523
5744,10.5957,6.0059
5764,10.5469,5.9570
5784,10.5957,6.1523
5804,10.6934,6.2012
5824,10.7422,6.2012
5844,10.6445,6.1523
5864,10.6934,6.2012
5884,10.6445,6.2012
5904,10.6445,6.2012
5924,10.6445,6.2012
5944,10.6445,6.1035
5964,10.6934,6.0547
5984,10.6445,6.1523
6004,10.4980,6.1035
6028,10.6445,7.7637
6052,10.6934,6.1035
6076,10.7910,6.2012
6100,10.5469,6.1035
6124,10.6934,6.2012
6148,10.5957,6.0059
6172,10.5957,6.2012
6196,10.6445,6.1035
6220,10.7422,6.2012
6244,10.6445,6.2012
6268,10.5957,6.1523
6292,10.5957,6.1523
6316,10.4980,6.0547
6340,10.7422,6.1523
6364,10.6934,6.1523
6388,10.4980,6.2012
6412,11.6699,6.1035
6436,10.6445,6.2012
6460,10.6934,6.1523
6484,10.6934,6.2012
6508,10.6934,6.0059
6532,10.6934,6.2012
6556,10.5957,6.1035
6580,10.6934,6.1523
6604,10.6445,6.1523
6628,10.6445,6.1523
6652,10.7422,6.1035
6676,10.6934,6.1523
6700,10.6445,6.0547
6724,10.6934,6.0547
6748,10.5469,6.0059
6772,10.6445,6.1035
6796,11.3281,6.2012
6820,10.5469,6.2012
6844,11.3281,6.2012
6868,10.5957,6.1035
6892,11.2305,6.1035
6916,11.4258,6.1035
6940,10.7422,6.1035
6964,10.5469,6.1523
6988,10.5469,6.2012
7012,10.7422,5.9570
7036,10.6445,6.1523
7060,10.5469,6.1035
7084,10.5469,6.0547
7108,10.4980,6.2012
7132,10.6445,6.1523
7156,10.6934,6.2012
7180,10.6934,6.2012
7204,10.5469,6.1035
7232,10.5957,6.1523
7260,11.0352,6.1523
7288,10.6445,6.1523
7316,10.4492,6.2012
7344,10.6934,6.1523
7372,10.6445,6.1035
7400,10.5957,6.0547
7428,10.5957,6.1035
7456,10.6934,6.0059
7484,10.5469,6.0059
7512,10.5469,6.0547
7540,10.4980,6.1035
7568,10.5957,5.9570
7596,10.6934,6.1035
7624,10.6445,6.1523
7652,10.4980,6.1035
7680,10.4980,6.2012
7708,10.5469,6.1523
7736,10.7422,6.1523
7764,10.6445,6.2012
7792,10.6445,6.1523
7820,10.6934,6.2012
7848,10.4980,6.2012
7876,10.5957,6.1523
7904,10.6445,6.1035
7932,10.5957,6.1523
7960,10.6934,6.2012
7988,10.6934,6.1523
8016,10.6445,6.1035
8044,10.6934,6.1523
8072,10.6934,6.1523
8100,10.6445,6.2012
8128,10.5957,6.0059
8156,10.6934,6.1523
8184,10.7422,6.1523
8212,11.4258,6.1523
8240,11.5234,6.4453
8268,11.4258,6.6895
8296,11.6211,6.6895
8324,11.6699,6.5430
8352,11.5234,6.6895
8380,11.5723,6.5430
8408,11.6699,6.6895
8440,11.8652,6.4941
8472,11.7188,6.7871
8504,11.6211,6.6406
8536,11.5234,6.7383
8568,11.6211,6.6895
8600,11.6211,6.4453
8632,11.6211,6.5918
8664,11.5234,6.4453
8696,11.6699,6.5918
8728,11.4746,6.7871
8760,11.5234,6.5430
8792,11.4258,6.6895
8824,11.5234,6.6406
8856,11.7188,6.7383
8888,11.6699,6.6895
8920,11.7188,6.6895
8952,11.5723,6.6895
8984,12.3535,6.6895
9016,11.4746,6.6406
9048,11.4746,6.5430
9080,11.3770,6.6406
9112,11.6211,6.6895
9144,11.5234,6.6406
9176,11.6211,6.6895
9208,11.6211,6.7383
9240,11.5723,6.6406
9272,11.6211,6.6895
9304,11.5723,6.6895
9336,11.3281,6.5918
9368,11.6211,6.6895
9400,11.7188,6.4941
9432,11.6211,6.7383
9464,12.4512,6.7383
9496,11.6211,6.7383
9528,11.6699,6.5430
9560,11.5723,6.6895
9592,11.4258,6.5430
9624,11.6211,6.7383
9660,11.5234,6.7383
9696,11.6211,6.7871
9732,11.5234,6.5430
9768,11.6211,6.5430
9804,11.7188,6.4941
9840,11.7188,6.7383
9876,11.4258,6.7383
9912,11.5234,6.6895
9948,11.4746,6.7383
9984,14.6484,6.4453
10020,11.4746,7.9102
10056,11.4746,6.6406
10092,11.6699,6.6895
10128,11.5234,6.7871
10164,11.6699,6.7871
10200,11.5723,6.6895
10236,11.5723,6.5430
10272,11.5723,6.6406
10308,11.6211,6.7383
10344,11.5723,6.7871
10380,11.6211,6.5430
10416,11.5723,6.7871
10452,11.5723,6.6406
10488,11.5234,6.5430
10524,14.5020,6.1523
10560,11.6699,6.6895
10596,11.5723,6.6895
10632,11.6211,6.5918
10668,11.5723,6.6406
10704,11.6211,6.6895
10740,11.7188,6.7383
10776,11.4746,6.5918
10812,11.5234,6.6406
10852,11.4258,6.7383
10892,11.5723,6.5430
10932,11.5234,6.7383
10972,11.5234,6.3965
11012,11.5723,6.6406
11052,11.6211,6.6895
11092,12.5000,6.6895
11132,11.6699,6.4453
11172,11.5234,6.6895
11212,11.6211,6.5430
11252,11.4746,6.6895
11292,11.5234,6.1523
11332,11.5723,6.8848
11372,11.6211,6.7871
11412,11.5234,6.7383
11452,11.6699,6.7383
11492,11.5723,6.6895
11532,11.6211,6.6406
11572,11.6211,6.6895
11612,11.6211,6.6406
11652,12.2559,7.7148
11692,11.5723,6.6895
11732,11.6211,6.6895
11772,11.5723,6.6406
11812,11.5234,6.6895
11852,11.7188,6.7383
11892,11.4746,6.3477
11932,11.5723,6.5918
11972,11.6211,6.2500
12012,11.5723,6.6406
12056,11.5723,6.5430
12100,11.3770,6.7383
12144,11.7188,6.7383
12188,11.6211,6.7383
12232,11.6211,6.6895
12276,11.4258,6.6895
12320,11.5723,6.4453
12364,11.6699,6.6895
12408,11.4746,6.6406
12452,11.6211,6.7383
12496,11.5234,6.5918
12540,11.4258,6.6895
12584,11.6211,6.5918
12628,11.4258,6.7383
12672,11.5723,6.7383
12716,11.5723,6.6406
12760,11.4258,6.6406
12804,11.5723,6.7383
12848,11.5723,6.6895
12892,11.5723,6.6895
12936,11.6699,6.7383
12980,11.6211,6.7383
13024,11.5234,6.7383
13068,11.4258,6.7871
13112,11.4258,6.4941
13156,11.4746,6.6406
13200,11.5723,6.5430
13244,11.7188,6.5430
13292,11.6211,6.6406
13340,11.3281,6.6895
13388,11.6211,6.6895
13436,11.5234,6.4941
13484,11.5723,6.5918
13532,11.4746,6.8359
13580,11.6699,6.7383
13628,11.6699,6.4941
13676,11.6699,6.6895
13724,11.5234,6.7871
13772,11.4258,6.7383
13820,11.4746,6.7383
13868,11.5234,6.6895
13916,11.6699,6.6406
13964,11.4746,6.6895
14012,12.0605,6.7383
14060,11.7676,6.6406
14108,11.8652,6.5918
14156,11.4746,6.5918
14204,11.4746,6.6895
14252,11.9141,6.7383
14300,11.8164,6.6895
14348,12.0605,6.6406
14396,11.6699,6.6406
14444,11.7676,6.5918
14496,11.6211,6.6895
14548,11.5723,6.5430
14600,11.6211,6.3965
14652,11.5234,6.6895
14704,11.5234,6.4941
14756,11.5723,6.6895
14808,11.5723,6.6406
14860,11.5723,6.7383
14912,11.3770,6.7871
14964,11.5723,6.4453
15016,11.7188,6.6406
15068,11.5723,6.5430
15120,11.5234,6.6895
15172,11.3770,6.6406
15224,11.5723,6.5430
15276,11.4258,6.6895
15328,11.5723,6.6406
15380,11.5234,6.6406
15432,11.6699,6.6406
15484,11.4258,6.5430
15536,11.5723,6.5430
15588,11.5723,6.6895
15640,11.6211,6.5918
15696,11.5723,6.5918
15752,11.4746,6.5918
15808,11.5234,6.5430
15864,11.6211,6.5430
15920,11.6699,6.5918
15976,11.5234,6.7383
16032,11.7188,6.6895
16088,11.6699,6.6895
16144,11.5234,6.6895
16200,11.3770,6.6895
16256,11.6699,6.6895
16312,11.5234,6.5430
16368,11.6211,6.5430
16424,12.5000,6.5918
16480,12.4023,7.1777
16536,12.4023,7.1289
16592,12.4512,7.1777
16648,12.4512,7.2266
16704,12.4023,7.0801
16760,12.4512,6.9824
16816,12.4023,7.2266
16876,12.4512,7.2754
16936,12.4512,7.2266
16996,12.4023,7.2754
17056,12.4512,7.1777
17116,12.4023,7.0801
17176,12.4023,7.1289
17236,12.4512,7.1777
17296,12.4023,7.0801
17356,12.4023,7.2266
17416,12.4512,7.0313
17476,12.5000,6.9824
17536,12.3535,7.0313
17596,12.4023,7.2266
17656,13.5742,7.1777
17716,12.4023,7.0313
17776,12.4023,7.0313
17836,12.4023,7.0313
17896,12.4023,7.0801
17956,12.4512,7.1289
18016,12.4023,7.1777
18080,12.4512,7.1289
18144,12.9883,7.0801
18208,12.3535,7.1777
18272,12.4512,7.2754
18336,12.5488,7.1289
18400,12.4023,7.0801
18464,12.5000,7.1777
18528,12.4023,7.9590
18592,12.5488,7.0313
18656,12.4023,7.0801
18720,12.4023,7.1289
18784,12.4023,7.2266
18848,12.4512,6.9824
18912,12.4512,7.1777
18976,12.3535,7.1777
19040,12.4023,7.1777
19104,12.3535,7.1777
19168,12.4023,7.1777
19232,12.4023,7.2266
19300,12.4512,7.1777
19368,12.4023,7.2754
19436,12.4023,7.2266
19504,12.5000,7.1289
19572,12.3535,7.2266
19640,12.4512,7.2266
19708,12.4512,7.2266
19776,12.4512,7.0801
19844,12.4023,7.2754
19912,12.4023,7.1777
19980,12.4023,7.1289
20048,12.4023,7.2266
20116,12.4023,7.0801
20184,12.4023,7.2266
20252,12.4023,7.0313
20320,12.4023,7.1777
20388,12.4023,7.0801
20456,13.2813,7.2266
20528,12.4512,7.0801
20600,12.5488,7.1777
20672,12.4023,7.1777
20744,12.4023,7.0801
20816,12.3535,7.0313
20888,12.4023,6.9824
20960,12.4023,7.1289
21032,12.4023,7.1777
21104,12.4512,7.1777
21176,12.4023,7.2266
21248,12.4512,7.1777
21320,12.4512,7.0801
21392,12.4023,7.0313
21464,12.4023,7.2266
21536,12.4023,6.8848
21608,13.5742,7.1777
21684,12.3535,7.2266
21760,12.4023,7.1777
21836,12.4023,6.9824
21912,12.4512,7.2266
21988,12.4023,7.2266
22064,12.4512,7.4219
22140,12.4023,7.1289
22216,12.4023,7.1777
22292,12.4023,6.9824
22368,12.4023,7.0313
22444,12.4023,7.0801
22520,12.5488,6.9336
22596,12.6465,6.8848
22672,12.3535,7.1289
22748,12.5977,7.0801
22824,12.4023,7.1289
22904,12.3535,7.0313
22984,12.4023,7.0801
23064,12.5488,7.2266
23144,12.4023,7.1289
23224,12.4512,7.1289
23304,12.4023,7.0313
23384,12.9395,7.0801
23464,12.4023,7.1777
23544,12.8418,7.1289
23624,12.4023,7.2266
23704,13.2813,7.1777
23784,12.4023,7.0801
23864,12.4023,7.3242
23944,12.7441,7.1777
24024,13.4766,7.1289
24108,13.1348,7.2266
24192,12.5977,7.2754
24276,12.4023,7.1777
24360,12.5000,6.9824
24444,12.4023,7.1289
24528,12.4512,7.0801
24612,12.4023,7.0801
24696,12.4023,6.9336
24780,12.4512,6.9824
24864,12.4023,7.5684
24948,12.4023,7.2266
25032,12.4023,7.2754
25116,12.4023,7.2754
25200,12.4023,7.1289
25284,12.4023,6.7383
25372,12.4023,6.9824
25460,12.5488,7.2266
25548,12.4023,7.0313
25636,12.4023,7.0801
25724,12.4023,7.2266
25812,12.4512,7.2754
25900,12.5488,7.2266
25988,12.4023,7.1777
26076,12.9883,7.1289
26164,13.0859,7.2754
26252,12.4512,7.1289
26340,12.4512,7.1289
26428,12.4023,6.9824
26520,12.4023,7.1289
26612,12.4023,7.1777
26704,12.3535,6.9336
26796,12.4512,6.9336
26888,12.4023,7.2754
26980,12.4023,7.2266
27072,12.3535,7.1289
27164,12.4512,7.3242
27256,12.4023,7.2266
27348,12.4023,7.0313
27440,12.4023,7.3730
27532,12.4023,7.0801
27624,12.5000,7.0801
27720,12.4023,7.0801
27816,12.4023,7.1289
27912,12.4023,7.1289
28008,12.4023,7.1777
28104,12.8906,6.9336
28200,12.4023,7.0801
28296,12.3047,7.3242
28392,12.4023,7.1777
28488,12.4023,7.1777
28584,12.4023,7.1777
28680,12.4023,7.2266
28776,12.4023,8.5449
28872,12.4023,7.2754
28972,12.5000,7.1777
29072,12.3535,7.2266
29172,12.5000,7.1289
29272,12.4023,7.1289
29372,12.4023,7.1777
29472,12.4023,7.2266
29572,12.4023,7.2266
29672,12.4023,6.9824
29772,12.4512,7.0313
29872,12.4023,7.1777
29972,12.4023,7.1289
30072,12.4023,7.0313
30176,12.4023,7.2266
30280,12.4023,11.3770
30384,12.4023,7.3730
30488,12.4023,7.1777
30592,12.4512,6.9824
30696,12.4023,7.2266
30800,12.3535,7.1777
30904,12.4023,7.2754
31008,12.4023,7.1289
31112,12.4023,7.1777
31216,12.4023,7.1777
31324,12.4023,7.1777
31432,12.4512,6.9824
31540,12.4023,7.0801
31648,12.3047,6.9824
31756,13.3301,7.2266
31864,12.4023,7.1777
31972,12.4023,7.0313
32080,12.4023,7.1777
32188,13.0371,7.0801
32296,12.4023,7.0313
32404,12.4023,7.1777
32516,12.4512,7.0801
32628,12.4023,7.0313
32740,12.4023,7.0313
32852,13.4766,7.0801
32964,13.4766,7.3730
33076,13.6230,7.6660
33188,13.4277,7.7637
33300,14.2578,7.6660
33412,13.4766,7.6660
33524,13.5254,7.5684
33636,13.5742,7.5195
33752,13.3301,7.7148
33868,13.4277,7.5684
33984,13.3789,7.4707
34100,13.5254,7.5684
34216,13.6230,7.6172
34332,13.5254,7.4707
34448,13.5742,7.7637
34564,13.6230,7.6172
34680,13.4277,7.6660
34796,13.3301,7.8613
34912,13.5254,7.8613
35032,13.5742,7.8125
35152,13.4766,7.7148
35272,13.3789,7.7148
35392,13.5742,7.6660
35512,13.6230,7.8125
35632,13.5254,7.6660
35752,13.4766,7.7148
35872,13.3301,7.6660
35992,13.3301,7.5684
36112,13.3789,7.5195
36236,13.5742,7.4219
36360,13.3301,7.8125
36484,13.5254,8.4961
36608,13.4277,7.7148
36732,13.6230,7.7637
36856,13.5742,7.6660
36980,13.6719,7.6172
37104,13.4277,7.8125
37228,13.4277,7.8613
37356,13.5742,7.8125
37484,13.4277,7.7637
37612,13.5254,7.7637
37740,13.5254,7.9590
37868,13.5254,7.5195
37996,13.5254,7.9102
38124,13.4277,7.6660
38252,14.3066,7.7148
38380,13.4277,7.5684
38508,13.4277,7.8613
38640,13.6719,7.8613
38772,13.4277,7.6660
38904,13.4277,7.8613
39036,13.3789,7.7148
39168,13.3301,7.7148
39300,13.3789,7.7637
39432,13.4277,7.4707
39564,13.5742,7.8125
39696,13.5254,7.8613
39832,13.4277,7.8125
39968,13.6230,7.6172
40104,13.4277,7.7148
40240,13.5254,7.5684
40376,13.3301,7.8125
40512,13.5254,7.6660
40648,13.6230,7.7637
40784,13.5254,7.8125
40920,13.4277,7.8125
41060,13.5254,7.6660
41200,13.6230,7.5684
41340,13.4766,7.5195
41480,13.3789,7.6660
41620,13.3789,7.6660
41760,13.4766,7.9102
41900,14.4531,7.8613
42040,13.4766,7.6172
42184,13.6230,7.6660
42328,13.8672,7.8613
42472,13.6230,7.7637
42616,13.5254,7.7637
42760,13.4766,7.6172
42904,13.5254,7.5684
43048,13.6230,7.5684
43192,13.4766,7.6660
43336,13.5254,7.8125
43484,13.4277,7.5684
43632,13.4766,7.8125
43780,13.6230,8.6914
43928,13.6230,7.7637
44076,13.5254,7.4707
44224,13.5254,7.5684
44372,13.5742,7.6172
44520,13.5254,7.7637
44672,13.5742,7.7637
44824,13.5742,7.5684
44976,13.5254,7.5684
45128,13.4766,7.7637
45280,13.4766,7.5684
45432,13.5742,7.7148
45584,13.5254,7.5195
45736,13.5254,7.6172
45892,15.8203,7.8125
46048,13.5742,7.7148
46204,13.5254,7.7148
46360,13.6719,7.8613
46516,13.4277,7.7148
46672,13.6230,7.9102
46828,13.5254,7.8613
46988,13.4766,7.5684
47148,13.4766,7.9590
47308,13.4766,7.6660
47468,13.5742,7.7148
47628,13.6230,7.6172
47788,13.5254,7.6660
47948,13.5254,7.5684
48108,13.5742,7.6660
48272,13.6230,7.7637
48436,13.5254,7.6172
48600,13.4766,7.8125
48764,13.5742,7.8125
48928,13.5742,7.8613
49092,13.5254,7.3730
49256,13.5254,7.8125
49424,13.4766,7.7637
49592,13.5254,7.7637
49760,13.7207,7.7637
49928,13.5254,7.7148
50096,13.5254,7.7637
50264,13.5742,7.7148
50432,13.5742,7.8125
50604,13.4766,7.5684
50776,13.5742,7.6172
50948,13.7207,7.7148
51120,13.5254,7.6660
51292,13.5742,7.7148
51464,13.5742,7.6172
51636,13.6230,7.6660
51812,13.5742,7.7637
51988,13.5254,7.6172
52164,13.4766,7.8613
52340,13.5742,7.7637
52516,13.5742,7.7148
52692,13.5742,7.7148
52868,13.6719,7.6660
53048,13.6230,7.7148
53228,13.5254,7.7148
53408,13.5742,7.5195
53588,13.5254,7.6172
53768,13.5254,7.7148
53948,14.3555,7.8125
54128,13.6230,7.8125
54312,13.4277,7.8125
54496,13.5742,7.5195
54680,13.4766,7.6172
54864,13.4277,7.6660
55048,14.4043,7.7148
55232,13.6230,7.6660
55420,13.5254,7.7637
55608,13.5254,7.5684
55796,13.6230,7.8125
55984,13.5742,7.6660
56172,13.5742,7.8613
56360,13.4766,7.6172
56548,13.6230,7.7148
56740,13.5254,7.9102
56932,13.5254,7.6172
57124,13.5254,7.7637
57316,13.6230,7.7148
57508,13.4766,7.8613
57700,13.0859,7.7148
57896,13.5742,7.5684
58092,13.4766,7.6172
58288,13.3789,7.6172
58484,13.4277,7.6172
58680,13.6719,7.6660
58876,13.5254,7.7148
59076,13.5254,7.6172
59276,13.5254,7.6660
59476,13.4766,7.7637
59676,13.5254,7.6172
59876,14.0137,7.6172
60076,13.5254,7.8125
60280,14.4043,7.6660
60484,13.3301,7.4707
60688,13.6230,7.6172
60892,13.5254,7.5684
61096,13.5254,7.6660
61300,13.5254,7.5684
61508,13.5742,7.9102
61716,13.6230,7.6660
61924,13.6230,7.7637
62132,13.4766,7.8613
62340,13.0859,7.5684
62548,13.5254,7.8125
62760,13.6230,7.5684
62972,14.4531,7.8613
63184,13.4766,7.8125
63396,13.5254,7.8613
63608,13.4277,7.5684
63824,13.4766,7.6172
64040,13.4766,7.7637
64256,13.4766,7.6172
64472,13.3789,7.6660
64688,13.4766,7.5195
64904,13.4277,7.6660
65124,13.5254,7.6172
65344,13.5254,7.6172
65564,14.4043,7.5684
65784,14.4043,7.9102
66004,14.5508,8.1543
66228,14.3555,7.7148
66452,14.4531,7.8125
66676,14.4531,7.7637
66900,14.4531,8.2031
67124,14.4043,8.2520
67348,14.4531,8.0078
67576,14.5020,8.3008
67804,14.4043,8.1055
68032,14.5996,8.1055
68260,14.4043,8.2031
68488,14.4043,8.2520
68720,14.3555,8.3008
68952,14.4043,8.2520
69184,14.2578,8.1543
69416,14.4043,8.3496
69648,14.3066,8.3008
69884,14.4531,8.0566
70120,14.5020,7.9590
70356,14.3555,8.0566
70592,14.8926,8.1543
70828,15.1367,8.1543
71068,14.3555,8.2520
71308,14.4531,8.0566
71548,14.4043,8.3008
71788,14.4043,8.2520
72028,14.3555,8.2520
72272,14.4043,8.0566
72516,14.4043,8.3496
72760,14.4531,8.2031
73004,14.3066,8.2031
73248,14.5020,8.1543
73496,14.2090,8.2520
73744,14.3555,8.2520
73992,14.2090,8.2520
74240,14.4043,8.0566
74488,14.2578,8.3008
74740,14.4043,8.3984
74992,14.4531,8.2520
75244,14.3555,8.3008
75496,14.4043,8.3496
75748,14.4043,8.1543
76004,14.3066,8.3496
76260,14.3555,8.3008
76516,14.3555,8.2520
76772,14.1113,8.3008
77028,14.3555,8.1543
77288,14.5020,8.1543
77548,14.4043,8.2031
77808,14.3555,8.3984
78068,14.4531,8.3008
78332,14.4531,9.4727
78596,14.4043,7.9102
78860,14.6973,7.7148
79124,14.2578,8.1543
79388,14.3066,7.7637
79656,14.4043,7.8613
79924,14.4043,8.1543
80192,14.4043,8.2031
80460,14.3555,7.7637
80732,14.5996,7.7148
81004,14.4043,8.3008
81276,14.3555,7.9590
81548,14.3555,8.0566
81820,14.4531,8.7891
82096,14.4043,8.2520
82372,14.5020,7.8613
82648,14.3066,8.2520
82924,14.4531,8.1543
83204,14.5508,8.1543
83484,14.4043,8.1055
83764,14.3066,8.1543
84044,14.4043,8.1055
84328,14.4531,8.2031
84612,14.4531,8.1055
84896,14.3555,8.3008
85180,14.3555,8.0566
85464,14.5996,9.0820
85752,15.0879,8.3008
86040,14.3066,8.2031
86328,14.3066,8.2031
86616,14.3555,8.1543
86908,14.4531,8.3008
87200,14.3066,8.2520
87492,14.4531,8.2520
87784,14.3066,8.3496
88080,14.3555,8.0566
88376,14.3555,8.1543
88672,14.4043,8.1055
88968,14.4043,8.1543
89268,15.1855,8.2520
89568,14.4043,8.2031
89868,14.6484,8.2520
90168,14.5020,8.2031
90472,14.4043,8.2031
90776,15.0391,8.1055
91080,14.5508,8.2031
91384,14.2578,8.3008
91692,14.4531,8.3496
92000,14.2090,8.1543
92308,14.3066,8.2031
92616,14.3555,8.1055
92928,14.3555,8.2520
93240,16.6016,8.2031
93552,14.2578,8.1543
93864,14.4043,8.3008
94180,14.2578,8.2031
94496,14.4043,8.2031
94812,14.3066,8.2031
95132,14.4043,8.3008
95452,14.5508,8.3008
95772,14.4043,8.1055
96092,14.5020,8.1055
96416,14.3555,8.3008
96740,14.4531,8.1055
97064,15.3809,8.3008
97388,14.5020,8.1055
97716,14.4531,8.3008
98044,14.4043,8.3008
98372,14.5508,8.3008
98700,14.4531,8.2520
99032,14.3555,8.1543
99364,14.2578,8.2031
99696,14.4531,8.2520
100032,14.4531,8.3008
100368,14.4043,8.2031
100704,14.5996,8.2031
101040,14.4043,8.3008
101380,15.1367,8.2520
101720,14.3555,8.2520
102060,14.5020,8.1055
102404,14.3066,8.1055
102748,14.4531,8.3008
103092,14.4043,8.3008
103436,14.4043,8.3984
103784,14.5508,8.2031
104132,14.4043,8.3984
104480,14.4043,8.3008
104832,14.5508,8.1543
105184,14.4043,8.3008
105536,14.3066,8.3008
105888,14.4531,8.3008
106244,14.5020,8.3008
106600,14.4043,8.3496
106956,14.3555,8.2031
107316,14.3555,8.2520
107676,14.4043,8.2520
108036,14.4043,8.2520
108400,14.4043,8.2520
108764,14.3555,8.3008
109128,14.3066,8.2031
109492,14.9414,8.2031
109860,14.3555,8.2520
110228,14.2578,10.3027
110596,14.5020,8.2520
110968,14.3066,8.2031
111340,14.3555,8.2520
111712,14.4043,8.0566
112088,14.8438,8.3008
112464,14.3066,8.1543
112840,14.2578,8.3008
113220,14.4531,8.1055
113600,14.5020,8.2031
113980,14.3555,8.2031
114360,14.5020,8.3008
114744,14.1602,8.2520
115128,15.2344,8.2520
115512,14.3555,8.2031
115900,14.3555,8.3008
116288,14.4531,8.3008
116676,14.1602,8.3008
117068,14.3555,8.3008
117460,14.3066,8.1543
117852,14.3555,8.3008
118248,14.3555,8.0078
118644,14.4043,8.1055
119040,14.5020,8.0078
119440,14.2090,8.1055
119840,14.2578,8.1543
120240,14.5996,8.2031
120644,14.5020,8.2520
121048,14.5020,8.0078
121452,14.4531,8.1543
121860,14.4043,8.3008
122268,14.3066,8.3008
122676,14.4043,8.3008
123088,14.5508,8.1543
123500,14.4043,8.2520
123912,14.3555,7.9102
124328,14.4043,8.3008
124744,14.3555,8.1055
125160,14.4043,9.2773
125580,14.5996,8.3496
126000,14.1113,8.2520
126420,14.3066,7.9102
126844,14.4531,8.0566
127268,14.4531,7.8613
127696,14.3066,8.0566
128124,14.5996,8.3008
128552,14.5508,7.7637
128984,14.3066,7.7637
129416,14.5996,8.3008
129848,14.3066,7.7637
130284,14.4043,8.3008
130720,15.5273,7.8125
131156,15.4785,8.1543
131596,15.3809,8.6426
132036,15.0879,8.6914
132480,15.8691,8.7891
132924,15.4785,8.8379
133368,15.2832,8.7402
133816,15.4785,8.7402
134264,15.6250,8.4961
134712,15.4785,8.7402
135164,15.5762,8.8379
135616,15.4785,8.7402
136072,15.4297,9.6680
136528,15.4785,8.8379
136984,15.4297,8.7402
137444,15.5273,8.7891
137904,15.3809,8.6426
138364,15.4785,8.7402
138828,15.5273,8.7402
139292,15.4785,8.6426
139760,15.5762,8.7402
140228,15.4297,8.6914
140696,15.5762,8.5938
141168,15.5273,8.6426
141640,16.4063,8.7402
142116,15.3809,8.5938
142592,15.5273,8.6426
143068,15.5762,8.6426
143548,15.5762,8.7402
144028,15.4785,8.5938
144512,15.5273,8.6426
144996,15.4297,8.7402
145480,15.5273,8.7891
145968,15.5273,8.8379
146456,15.5273,8.7402
146948,15.3809,8.7402
147440,15.6250,9.6680
147932,15.3809,8.6914
148428,15.4297,8.8379
148924,15.4297,8.7402
149424,15.4785,8.7402
149924,15.4785,8.7402
150424,15.5762,8.7891
150928,15.4785,8.6914
151432,15.3320,8.5449
151940,15.4297,8.5938
152448,15.5273,8.7402
152960,15.4297,8.7402
153472,15.4785,9.7656
153984,15.5273,8.6426
154500,15.5273,8.6914
155016,15.6250,8.4961
155536,15.4785,8.2031
156056,15.5762,8.3984
156580,15.5273,8.5938
157104,15.5273,8.4473
157628,15.4785,8.6426
158156,15.3809,8.7891
158684,15.5273,8.5449
159216,15.4785,8.5938
159748,16.5527,8.6426
160284,15.3809,8.6426
160820,15.4297,8.8867
161360,15.4785,8.7891
161900,15.4297,8.5449
162440,15.6738,8.7402
162984,15.4785,8.6914
163528,16.0645,8.6426
164076,15.4297,8.5938
164624,15.4297,8.3984
165176,15.4297,8.6914
165728,15.4785,8.5449
166284,16.3574,8.4961
166840,15.5273,8.7402
167400,15.4297,8.5938
167960,15.4785,8.7891
168520,15.4297,8.7402
169084,15.4785,8.7891
169648,15.5273,8.6426
170216,15.5273,8.5449
170784,15.5762,8.7402
171356,15.4297,8.7402
171928,15.5273,8.7891
172504,15.5762,8.5938
173080,16.3574,8.8379
173660,15.5762,8.5938
174240,15.5273,8.6914
174824,15.5762,8.3984
175408,15.5273,8.5938
175996,15.5273,8.6426
176584,15.5762,8.6426
177176,15.4297,8.6914
177768,15.4297,8.5938
178364,15.5273,8.6426
178960,15.4297,8.7402
179560,15.5273,8.8379
180160,17.6270,8.5449
180764,15.1855,8.7402
181368,15.5273,8.6914
181976,15.5273,8.6914
182584,15.5273,8.7891
183196,15.5762,8.7402
183808,15.5273,8.5938
184424,15.4785,8.4961
185040,15.4297,8.6426
185660,15.4785,8.3984
186280,15.5273,8.4961
186904,15.5273,8.6426
187528,16.8457,8.7402
188156,15.6738,8.6426
188784,15.8203,8.7891
189416,15.5273,8.8379
190048,15.4785,8.7891
190684,15.3809,8.5449
191320,15.5273,8.6426
191960,15.4785,8.6426
192600,15.4785,8.4473
193244,15.4785,8.5449
193892,15.4297,8.6426
194540,15.3809,8.8379
195192,16.4063,8.6426
195844,15.4785,8.5938
196500,15.3320,8.4961
197156,15.5273,8.3984
197816,15.5762,8.7402
198476,15.4785,8.7891
199140,15.2832,8.6914
199804,15.5762,8.5938
200472,15.4785,8.3984
201144,15.4785,8.5449
201816,15.4785,8.8379
202492,15.5273,8.8867
203168,15.4785,8.8379
203848,15.4297,8.5938
204528,15.4297,8.5449
205212,15.4785,8.7402
205900,15.5273,8.5938
206588,15.4785,8.5938
207280,15.5273,8.5938
207972,15.4785,8.5938
208668,15.4785,8.6426
209364,15.4785,8.7891
210064,15.4785,8.7891
210768,15.5762,8.6426
211472,15.5273,8.7402
212180,15.4297,8.4961
212888,15.5762,8.6426
213600,15.3320,8.7402
214312,15.3809,8.5449
215028,15.3320,8.6426
215748,15.4785,8.6426
216468,15.5762,8.7891
217192,16.0156,8.7402
217916,15.5273,8.6914
218644,15.3809,9.7168
219376,15.5273,8.6914
220108,15.4297,8.6914
220844,15.4785,8.5449
221584,15.3809,8.7891
222324,15.4297,8.6914
223068,15.2832,8.7891
223812,15.5762,8.7891
224560,15.5273,8.7402
225312,15.7715,8.7891
226064,15.4785,8.5938
226820,15.5273,8.7402
227580,16.3086,8.8379
228340,15.4297,8.5449
229104,15.3809,8.6426
229868,15.4785,8.5938
230636,15.0879,8.6426
231408,15.4785,8.6426
232180,15.5273,8.7891
232956,15.5273,8.6914
233736,15.6250,8.6426
234516,15.5762,8.7402
235300,15.6738,8.6426
236088,15.5273,8.7402
236876,16.6016,8.8379
237668,15.5273,8.6426
238464,15.5273,8.7891
239260,15.4297,8.5938
240060,15.7227,8.7891
240864,15.0391,8.7891
241668,15.4297,8.7402
242476,15.5273,8.7891
243288,15.7227,8.6426
244100,15.4297,8.6914
244916,15.5273,8.6914
245736,15.4297,8.7402
246556,15.4785,8.8379
247380,15.7715,8.6426
248208,15.5762,8.6914
249036,15.4297,8.7402
249868,16.0645,8.6914
250704,15.5762,8.7891
251540,15.5273,8.6914
252380,15.5273,8.6426
253224,15.5273,8.6914
254072,15.8203,8.6914
254920,15.5273,8.5449
255772,16.6504,8.7402
256628,15.5762,8.7891
257484,15.4785,8.7402
258344,15.8691,8.5449
259208,15.5273,8.6426
260076,15.5273,8.6914
260944,15.4297,8.7891
261816,15.4785,8.7891
262692,16.4551,8.7402
263568,16.6504,9.2773
264448,16.5527,8.7891
265332,16.6016,9.2285
266220,16.6016,9.0820
267108,16.6504,9.3262
268000,16.6992,9.2285
268896,16.6504,8.6426
269796,16.6504,9.3750
270696,16.5527,9.0820
271600,16.5527,9.0332
272508,16.6016,8.5938
273420,16.5527,9.2285
274332,17.0410,9.1797
275248,16.6016,9.1797
276168,16.6016,9.0332
277092,16.6504,9.1797
278016,16.6016,9.3262
278944,16.5527,9.1797
279876,16.5039,9.2285
280812,16.6016,8.6426
281752,16.6504,9.2773
282692,18.1152,9.2285
283636,16.6504,9.0332
284584,16.4551,9.1797
285536,16.4551,8.5449
286488,17.5293,8.7891
287444,16.6504,9.0820
288404,16.6504,9.3262
289368,16.6992,9.0820
290336,16.5039,9.0820
291304,16.6504,9.1797
292276,16.6016,9.3750
293252,16.4551,9.1309
294232,16.6992,9.0820
295216,16.5527,9.2773
296204,16.5039,9.2285
297192,17.7734,9.3262
298184,16.7480,9.2285
299180,16.6992,9.3750
300180,16.6504,9.1797
301184,16.4551,9.0820
302188,16.6504,9.2285
303196,16.6992,9.1797
304208,16.6504,9.1797
305224,12.4023,8.7891
306244,16.6016,8.5938
307268,16.6992,9.3262
308296,17.3340,8.6426
309324,16.6016,9.1797
310356,16.5039,8.8379
311392,16.6016,9.0820
312432,16.6504,9.2773
313476,16.5527,9.2285
314524,16.4551,9.1309
315576,16.6016,9.6680
316628,16.6992,9.2285
317684,16.6016,10.4980
318744,16.6016,9.0820
319808,16.6992,8.9355
320876,16.6016,9.1309
321948,16.6016,9.1797
323024,16.5039,9.4238
324104,16.4063,8.8867
325188,16.6016,9.0820
326272,16.6016,9.1797
327360,16.5527,9.1309
328452,16.6016,8.6914
329548,16.5039,12.0117
330648,16.6992,9.1309
331752,16.6016,8.8867
332860,16.7480,9.1797
333972,16.6504,9.2773
335088,16.4063,9.2773
336208,16.5527,8.4473
337332,16.6016,9.1309
338460,16.4551,9.1797
339592,16.6992,9.1309
340724,16.6504,9.4727
341860,17.6758,9.2285
343000,16.5039,9.1797
344144,16.6992,8.7402
345292,16.6504,9.2285
346444,16.6504,9.2285
347600,16.6016,9.2773
348760,16.6016,8.8379
349924,16.6504,9.6680
351092,16.6016,9.1797
352264,16.5527,8.7402
353440,16.5039,9.1309
354620,18.6035,8.7402
355804,16.6016,9.2285
356992,16.6504,8.6426
358184,16.5527,9.1797
359380,16.6016,9.0820
360580,16.5039,8.6426
361784,16.4551,9.2285
362992,17.7734,9.1797
364204,16.6992,9.1797
365420,16.4551,8.4961
366640,16.6504,9.1309
367864,16.6992,9.0820
369092,16.6016,8.8379
370324,16.6992,9.2285
371560,16.6504,9.1797
372800,16.5039,9.0820
374044,16.5527,9.0820
375292,16.5527,9.2285
376544,16.5527,9.1797
377800,16.4551,8.6426
379060,16.6016,9.1797
380324,16.6016,10.1074
381592,16.5527,8.5938
382864,16.5039,9.1797
384144,16.6504,9.2285
385428,16.6016,9.0820
386716,16.5527,9.1797
388008,16.5039,9.1797
389304,16.6504,8.7402
390604,16.6016,9.1309
391908,16.6016,8.9844
393216,16.5527,9.1797
394528,17.6758,8.6914
395844,16.6016,9.1797
397164,16.6504,9.1309
398488,16.6504,8.6914
399820,16.6016,9.1309
401156,16.6016,9.1797
402496,16.8945,9.1797
403840,16.4551,9.3262
405188,16.5039,9.1309
406540,16.5039,8.5938
407896,16.5527,9.1309
409256,17.8711,9.0332
410624,16.5527,9.1797
411996,16.6016,9.6191
413372,16.5527,9.2773
414752,16.6504,8.6426
416136,16.6992,8.7402
417524,16.6016,8.5938
418916,16.5527,9.0332
420316,16.6504,9.2285
421720,16.5527,8.7402
423128,16.6016,9.7168
424540,16.5527,9.0332
425956,16.5527,8.6426
427376,16.6016,9.1797
428804,16.6992,9.1797
430236,16.5527,9.1309
431672,16.6016,9.1797
433112,16.6504,8.9355
434556,16.6504,8.6914
436008,16.5527,9.1797
437464,16.4551,9.3262
438924,17.7734,8.5938
440388,16.5527,9.1309
441856,16.6504,9.2773
443332,16.6016,9.1309
444812,16.5527,9.2285
446296,16.6504,8.7402
447784,16.4551,8.4473
449280,16.5527,9.2285
450780,16.5527,9.2285
452284,16.4063,9.0820
453792,16.5527,10.2051
455308,16.4551,9.1797
456828,16.6992,8.7891
458352,16.5527,8.6914
459880,16.6016,9.2285
461416,16.5527,9.2285
462956,16.6016,9.1309
464500,16.5527,9.1797
466052,16.5527,9.3262
467608,16.6016,8.5938
469168,16.5039,9.1309
470732,16.8457,8.8867
472304,16.6016,9.1309
473880,16.6504,8.8379
475460,16.4551,9.0820
477048,16.6016,8.7402
478640,17.7246,8.7891
480236,16.6016,8.7891
481840,16.4551,9.1797
483448,16.6504,9.1797
485060,16.6016,9.2285
486680,17.7246,9.1309
488304,16.5527,8.6914
489932,16.8457,8.9355
491568,16.5527,8.6914
493208,16.7480,8.7402
494856,16.6016,8.7891
496508,16.5039,9.2285
498164,16.5527,9.1797
499828,16.6016,9.2773
501496,18.6035,9.1797
503168,16.5039,9.1797
504848,16.6504,8.6914
506532,16.5039,9.0820
508224,16.5527,8.8379
509920,16.5527,8.7891
511620,16.6016,9.3750
513328,16.6016,9.0820
515040,16.6504,9.2285
516760,16.5527,9.2285
518484,16.5527,9.2285
520216,16.4551,8.8379
521952,17.7246,8.7891
523692,16.6504,8.6914
525440,18.2617,9.0820
527192,18.1152,9.1309
528952,18.3105,9.5215
530716,18.2617,9.3750
532488,18.3105,9.4727
534264,18.6035,9.5703
536048,18.1641,9.2773
537836,18.1641,9.2285
539632,19.6777,9.3750
541432,18.2617,9.2773
543240,18.1152,9.4238
545052,18.1152,9.3262
546872,18.2129,9.1797
548696,18.2129,9.3750
550528,18.3594,9.5215
552364,18.1641,9.1797
554208,18.2129,9.3262
556056,18.2129,9.3750
557912,18.3594,9.3262
559772,18.3105,9.3750
561640,18.2617,9.2285
563516,18.2129,9.3750
565396,18.2617,9.2773
567284,18.2129,9.2285
569176,18.2617,9.1797
571076,18.3105,9.3262
572980,18.2617,9.3262
574892,18.1641,10.9863
576812,18.1152,9.3750
578736,18.4082,9.2773
580668,18.4570,9.4238
582604,18.2617,9.2285
584548,18.3105,9.1797
586500,18.2129,9.2773
588456,18.1152,9.4238
590420,18.2617,9.3750
592392,18.1152,9.3262
594368,20.8984,9.3262
596352,18.1152,9.3750
598340,18.3105,9.2285
600336,18.3105,9.3262
602340,18.0176,9.3262
604348,18.6035,9.3262
606364,18.2617,9.2773
608388,18.3105,9.3750
610416,18.4082,9.4238
612452,18.3105,9.3262
614496,18.1641,9.3750
616548,18.1152,9.4238
618604,18.4570,9.2773
620668,18.2129,9.4238
622740,18.2129,9.2773
624816,18.3594,9.3262
626900,18.2617,9.2773
628992,18.3594,9.3750
631092,18.2129,9.3262
633196,18.3105,10.7422
635308,18.1641,9.3750
637428,18.2129,9.2773
639556,18.4570,10.0586
641688,18.3105,9.2773
643828,18.2617,9.4238
645976,18.2617,9.3750
648132,18.4082,9.3262
650296,18.2617,9.3262
652464,18.2129,9.3262
654640,19.4824,9.3262
656824,18.2617,9.2773
659016,18.2129,9.2773
661216,18.1641,9.0332
663424,18.2617,9.3750
665636,18.1152,9.3262
667856,18.4082,9.4238
670084,18.3105,9.2773
672320,18.3105,9.3262
674564,18.2129,10.6445
676816,18.3105,9.3750
679076,18.3594,9.3262
681340,18.2129,9.4238
683612,18.1152,9.4238
685892,18.2617,9.2773
688180,18.2129,9.3262
690476,18.2129,9.3750
692780,18.3105,9.4727
695092,18.3105,9.4238
697412,18.2129,9.4727
699740,18.2129,9.3750
702076,18.3105,9.3750
704420,18.4082,9.3262
706772,18.3105,9.2285
709128,18.3105,9.4238
711492,18.1641,9.4727
713864,18.2129,9.4238
716244,18.4082,9.4727
718632,18.6035,9.2773
721028,18.4570,9.2285
723432,18.5547,9.3750
725844,18.3105,9.4238
728264,18.2617,9.3750
730692,18.4082,9.2773
733128,18.1152,9.2773
735572,18.1641,9.4727
738024,18.2129,9.1309
740488,18.4570,9.4727
742960,18.5059,9.5215
745440,18.4570,9.1797
747928,18.4570,9.5703
750424,18.5059,9.4727
752928,18.6035,9.1797
755440,18.4082,9.1797
757960,18.3594,9.4727
760488,18.2129,9.4238
763024,18.2129,9.3750
765568,18.3594,9.2773
768120,18.5059,9.3262
770684,18.1152,9.3262
773256,18.1152,9.3750
775836,18.3594,9.3750
778424,18.2617,9.3262
781020,18.3105,9.3262
783624,18.2617,9.4238
786240,17.6270,9.3262
788864,18.1152,9.3750
791496,18.2617,9.5215
794136,18.2617,9.2773
796784,18.3105,9.3262
799440,18.1152,9.2773
802108,18.2129,9.2773
804784,18.4082,9.3262
807468,18.2129,9.3262
810160,18.2129,9.3750
812864,18.2129,9.2773
815576,18.2129,9.3750
818296,18.2617,9.4238
821024,18.3105,9.2285
823764,17.9688,9.2285
826512,18.2129,9.2773
829268,18.2129,9.3750
832036,18.3105,10.7422
834812,18.3105,9.2773
837596,18.3594,9.4727
840388,18.1152,9.2773
843192,18.2129,9.3262
846004,18.1641,9.4238
848828,18.2129,9.4727
851660,18.1641,9.4727
854500,18.2617,9.4238
857352,18.3105,10.7910
860212,18.3105,9.4238
863080,18.0664,9.3750
865960,18.3105,9.2773
868848,17.6758,9.4238
871748,18.2129,9.2285
874656,18.2129,9.3262
877572,18.1641,9.2773
880500,18.2617,9.3262
883436,18.2617,10.4980
886384,18.3105,9.2285
889340,18.1152,9.2285
892308,18.1152,9.3262
895284,18.2129,9.3750
898272,18.3105,9.3262
901268,18.1641,9.1309
904276,18.2129,9.2285
907292,18.3594,9.4238
910320,18.3594,9.1309
913356,18.2617,9.3262
916404,18.2129,9.2773
919460,18.2129,9.3262
922528,18.1152,9.2285
925604,18.2617,9.2773
928692,18.2617,9.2773
931788,18.1641,9.3262
934896,18.1641,9.3750
938016,19.3359,9.3750
941144,18.3105,9.3750
944284,18.3594,9.3750
947432,18.3105,9.3262
950592,18.4082,9.2773
953764,18.9453,9.1309
956944,18.3594,9.3750
960136,18.0176,9.2773
963340,18.1152,9.2285
966552,19.2383,9.3750
969776,18.0176,9.1797
973012,18.2129,9.4727
976256,18.3105,9.4238
979512,18.3594,9.2773
982780,18.3105,9.4238
986056,18.3105,9.4238
989344,18.4082,9.4238
992644,18.2617,9.4238
995956,18.2617,9.3262
999276,18.2617,9.3750
1002608,18.3594,9.4238
1005952,18.3105,9.3262
1009308,18.2617,9.3262
1012676,18.3105,9.4238
1016052,18.3594,9.5215
1019440,18.2129,9.3262
1022840,18.3594,9.2285
1026252,18.2129,9.2773
1029676,18.2617,9.3262
1033112,18.4082,9.2285
1036556,18.4570,9.3750
1040012,18.3105,9.2773
1043480,18.3594,9.2285
1046960,18.3105,9.3262
1050452,19.6289,9.9609
1053956,19.6289,9.9121
1057472,20.4102,9.7656
1061000,19.5313,9.9609
1064540,19.6289,9.8633
1068092,19.6289,9.7656
1071656,19.9707,9.8145
1075232,21.1914,9.8145
1078820,19.6777,9.9121
1082420,19.5313,9.7656
1086032,19.6289,9.7656
1089656,19.5801,9.9121
1093292,19.8242,9.7656
1096940,19.3848,9.8633
1100600,19.6289,9.9121
1104272,19.5801,9.8633
1107956,19.5801,9.9121
1111652,19.5801,9.7656
1115360,19.5313,9.7656
1119080,19.6289,9.8633
1122812,19.5313,9.8145
1126556,19.5313,9.8145
1130312,19.6289,9.8145
1134080,19.5801,11.2793
1137864,19.6289,9.8145
1141660,19.5801,9.9609
1145468,19.5313,9.8633
1149288,19.5313,9.9609
1153120,19.5313,9.9121
1156964,19.5801,9.8633
1160824,19.6777,10.0586
1164696,19.5801,10.9863
1168580,19.4824,9.8633
1172476,19.5801,10.1563
1176388,19.3848,9.9609
1180312,19.4824,10.0098
1184248,19.6777,9.7656
1188196,19.5313,9.8633
1192160,19.4824,9.8633
1196136,19.6777,11.1328
1200124,19.5801,9.8633
1204128,19.6777,9.9121
1208144,19.5801,10.2051
1212172,19.6289,9.8633
1216216,19.6289,10.0586
1220272,19.6289,9.7656
1224340,19.4824,9.8145
1228424,19.5313,11.1328
1232520,19.7266,9.8633
1236632,19.6289,9.9609
1240756,19.5801,9.7656
1244892,19.6289,10.0098
1249044,19.5313,9.9121
1253208,19.5801,9.7656
1257388,19.6289,9.9121
1261580,19.6289,9.6191
1265788,19.9707,9.9121
1270008,19.5313,9.7656
1274244,19.5313,9.9609
1278492,19.5801,9.9609
1282756,19.5313,9.8145
1287032,20.6543,10.0098
1291324,19.6289,9.9121
1295632,20.8008,9.9609
1299952,19.5801,9.8145
1304288,19.5801,9.7168
1308636,19.5313,9.8145
1313000,19.6289,10.0586
1317380,19.6777,9.8145
1321772,19.5801,9.8633
1326180,19.5313,9.8633
1330604,19.6289,10.0586
1335040,19.5313,9.8145
1339492,19.6289,9.8633
1343960,19.4824,9.8633
1348440,19.6289,9.8145
1352936,19.5313,9.8145
1357448,19.6777,9.9609
1361976,19.6777,11.1816
1366516,19.6289,9.9121
1371072,19.5801,9.7168
1375644,19.5313,10.0586
1380232,19.6289,10.1074
1384836,19.6777,9.9609
1389456,19.5801,9.8145
1394088,19.5801,9.9609
1398736,22.0215,9.8145
1403400,19.5801,9.7656
1408080,19.6777,9.9121
1412776,19.7266,9.9609
1417488,19.5313,9.8633
1422216,19.5313,9.8633
1426960,19.6289,10.1074
1431720,19.5801,9.9121
1436496,20.5566,9.8633
1441288,19.6777,9.8145
1446096,19.4824,9.9609
1450920,19.6289,9.5703
1455760,19.4824,9.8145
1460616,19.5801,9.8633
1465488,19.6289,9.7168
1470376,19.6777,11.1328
1475280,19.6289,10.1074
1480200,19.5801,9.9609
1485136,19.5801,9.8633
1490088,19.6777,10.0098
1495056,19.5313,9.8633
1500040,20.5078,10.0098
1505044,19.5313,9.8633
1510064,19.5801,10.0586
1515100,19.4824,9.9609
1520152,19.4824,9.9121
1525220,19.5313,9.8145
1530308,19.6289,9.6191
1535412,19.4824,9.9609
1540532,19.6289,9.8633
1545668,19.6289,9.9121
1550824,19.5801,9.8145
1555996,19.4824,9.8145
1561184,19.4824,9.8633
1566388,19.5801,11.0352
1571612,19.6777,9.8145
1576852,19.5801,10.6934
1582112,19.5313,9.9121
1587388,19.5313,10.0098
1592680,19.5313,10.0098
1597992,19.6289,9.8633
1603320,19.6289,9.9121
1608668,19.5801,9.9609
1614032,19.5801,9.9609
1619416,19.5313,10.0098
1624816,19.5313,9.9121
1630236,19.6289,9.7656
1635672,19.8730,9.7656
1641128,19.5801,9.8145
1646600,19.4824,9.8633
1652092,19.4336,9.9609
1657600,19.5801,9.7168
1663128,19.5801,10.0098
1668672,19.6289,10.9375
1674236,19.6777,9.9609
1679820,19.5801,9.8633
1685420,19.5313,9.9609
1691040,19.5313,9.8145
1696680,19.5801,9.9121
1702336,19.5801,9.9609
1708012,19.5801,9.7656
1713708,19.5313,9.7656
1719424,19.6289,10.0098
1725156,19.7266,9.8633
1730908,19.5801,9.8633
1736680,19.5313,9.8633
1742472,19.8730,9.8633
1748284,19.4336,9.8633
1754112,19.6777,10.0098
1759960,19.6777,9.8633
1765828,20.4102,9.7656
1771716,19.5801,9.8145
1777624,19.5313,9.8145
1783552,19.6289,9.8145
1789500,19.5801,9.9609
1795468,19.6289,9.8145
1801456,19.6289,9.8145
1807464,19.5313,9.9609
1813492,19.5801,9.8633
1819540,19.5313,9.9121
1825608,19.5313,9.7656
1831696,19.3848,9.9609
1837804,20.5078,9.9121
1843932,21.4355,9.8633
1850080,19.5801,9.8145
1856248,19.6777,9.7168
1862436,19.4824,9.9609
1868648,19.6777,9.8633
1874880,19.5801,9.8633
1881132,19.5801,9.9121
1887404,19.7266,10.0098
1893696,19.5313,10.0098
1900012,19.5801,9.9609
1906348,19.4824,9.8633
1912704,19.6289,9.7656
1919080,19.5801,11.0840
1925480,19.5801,9.8145
1931900,19.7266,9.8633
1938340,19.6777,9.9609
1944804,19.4336,9.9121
1951288,19.6777,9.8633
1957796,19.7266,10.1074
1964324,19.6777,10.9375
1970872,19.5313,9.9121
1977444,19.5801,9.9609
1984036,19.6777,9.9609
1990652,19.5801,9.8145
1997288,19.5801,9.8145
2003948,19.5801,9.8145
2010628,19.6289,9.8633
2017332,19.6289,9.9121
2024060,19.5801,9.8633
2030808,19.5801,9.8145
2037580,19.5801,9.8145
2044372,19.5801,9.8145
2051188,19.6777,9.7656
2058028,22.8027,9.8633
2064892,19.5313,9.7656
2071776,19.6289,9.9121
2078684,19.5801,10.0586
2085616,19.6777,9.8633
2092572,19.4824,9.9609
2099548,21.6309,10.5469
2106548,21.7285,10.5469
2113572,21.7285,10.8398
2120620,21.9238,10.6445
2127692,21.6797,10.2539
2134788,21.6797,10.4492
2141904,21.6797,10.6445
2149044,21.9727,10.4492
2156208,21.5820,10.2539
2163396,22.2656,10.6445
2170608,21.7285,10.4004
2177844,21.8262,10.4004
2185104,21.8262,10.6934
2192388,21.7285,11.6211
2199696,21.9727,10.6445
2207032,21.8262,10.4492
2214392,21.7285,10.6934
2221776,21.7285,10.8398
2229184,21.7773,10.5957
2236616,21.7285,10.4492
2244072,21.7285,10.4980
2251556,21.7773,10.7422
2259064,21.6797,10.4980
2266596,21.8262,10.4492
2274152,21.8262,10.5957
2281736,21.9238,10.4004
2289344,22.6563,10.5469
2296976,21.7773,10.5469
2304636,21.6797,10.5957
2312320,21.7773,10.4004
2320028,21.5332,10.8398
2327764,21.9238,10.4004
2335524,21.6309,10.6445
2343312,21.7773,10.5469
2351124,21.8262,10.4980
2358964,22.0703,10.4980
2366828,21.5820,10.3516
2374720,21.7773,10.5469
2382636,22.0215,11.8164
2390580,21.7773,10.5469
2398552,21.6797,10.7422
2406548,21.8262,10.3516
2414572,21.8750,10.4492
2422624,21.7285,10.5469
2430700,21.8750,10.3516
2438804,21.8750,10.5957
2446936,21.7773,10.4492
2455096,21.8262,10.5469
2463280,21.8262,10.5957
2471492,21.7773,10.4980
2479732,21.8262,10.5469
2488000,21.5820,10.3516
2496296,21.6309,10.5469
2504620,21.6797,10.6445
2512972,21.7773,10.5469
2521352,21.6797,10.6934
2529760,21.7773,10.5957
2538196,21.8262,10.5957
2546660,21.7285,10.5469
2555152,21.5332,10.4492
2563672,21.6797,10.5957
2572220,21.8262,10.8398
2580796,21.7773,10.5469
2589400,22.2168,10.6934
2598032,21.7773,10.4980
2606696,21.7773,10.4004
2615388,21.7773,10.5469
2624108,21.6797,10.3027
2632856,21.8750,10.4980
2641636,21.7773,10.5957
2650444,21.6797,10.4980
2659280,21.8262,10.4980
2668148,21.7285,10.4492
2677044,21.8262,10.4492
2685968,21.6797,10.3516
2694924,21.9238,10.6934
2703908,21.6797,10.5957
2712924,21.8262,10.6445
2721968,23.0957,10.4980
2731044,21.7285,10.4004
2740148,21.6309,10.5469
2749284,21.8262,10.9375
2758452,21.6797,10.3516
2767648,21.6797,10.3027
2776876,21.6309,10.4980
2786136,21.7285,10.4980
2795424,21.6797,10.3027
2804744,21.6797,10.4980
2814096,21.7285,10.4004
2823480,21.7285,10.3516
2832892,21.9238,10.6934
2842336,22.2656,10.2539
2851812,22.2656,10.5957
2861320,22.3145,10.6445
2870860,22.1191,10.5469
2880432,25.4395,10.7910
2890036,22.2656,10.7422
2899672,22.2656,10.4004
2909340,21.7773,10.6934
2919040,21.7773,10.4980
2928772,21.5332,10.6934
2938536,21.7773,10.4980
2948332,21.7773,10.4980
2958160,21.7773,10.3027
2968024,22.1191,10.2051
2977920,22.1680,10.5957
2987848,22.3145,11.3281
2997808,22.1191,10.3516
3007804,22.1680,10.6445
3017832,22.0215,10.5957
3027892,22.2656,10.4492
3037988,21.7285,10.4980
3048116,23.0469,10.5469
3058280,21.7773,10.4980
3068476,21.7285,10.6445
3078708,21.6309,10.5469
3088972,21.7285,10.4980
3099272,21.8262,11.5234
3109604,21.7773,10.3027
3119972,21.7285,10.4492
3130372,21.6797,10.5469
3140808,21.7285,10.6934
3151280,21.6797,10.4980
3161788,22.9004,10.4492
3172328,21.6309,10.4492
3182904,21.6797,10.4492
3193516,21.7285,10.6445
3204164,21.6797,10.6445
3214848,21.7285,10.5957
3225568,21.7285,10.5469
3236320,21.9238,10.7422
3247108,21.8262,10.8398
3257932,21.8262,10.3516
3268792,21.7285,10.4492
3279688,21.7773,10.5469
3290624,21.8750,10.4492
3301596,21.7285,10.7910
3312604,21.8750,10.5469
3323648,21.7285,10.3027
3334728,22.6074,10.4004
3345844,21.7773,10.6934
3357000,21.8262,10.6445
3368192,21.7285,10.4492
3379420,21.7285,10.4492
3390688,21.7773,10.5469
3401992,21.6309,10.3516
3413332,21.4844,10.4004
3424712,21.8750,10.6934
3436128,21.6797,10.3027
3447584,21.8262,10.4492
3459076,21.6797,10.3027
3470608,21.7285,10.5957
3482180,21.7773,10.4980
3493788,21.6797,10.6934
3505436,21.7773,10.4492
3517124,21.8262,10.6934
3528848,21.7285,10.4492
3540612,21.6797,10.6445
3552416,21.7285,10.2539
3564260,22.1680,10.4492
3576144,22.8027,10.4980
3588068,21.8262,10.3516
3600032,21.8750,10.4004
3612036,21.7285,10.3516
3624080,21.6309,10.4492
3636164,21.7773,10.4492
3648288,21.7285,10.6934
3660452,21.8262,10.5957
3672656,21.7773,10.4980
3684900,21.6797,10.4980
3697184,21.7285,10.4492
3709508,21.8262,10.7422
3721876,21.7773,12.1582
3734284,21.7773,10.5469
3746732,21.7285,10.7422
3759224,21.5332,10.3516
3771756,21.7773,10.5469
3784332,21.7773,10.5957
3796948,21.7285,10.3516
3809608,21.7285,10.3516
3822308,21.7285,10.4980
3835052,21.7285,10.4004
3847836,21.8262,10.7422
3860664,21.6797,10.8398
3873536,21.7285,10.4980
3886448,21.7773,10.3516
3899404,21.8262,10.4492
3912404,21.7773,10.5957
3925448,21.7773,10.6445
3938536,21.8750,10.5469
3951668,21.7773,10.5469
3964844,21.8262,10.5469
3978064,22.6563,10.5469
3991328,21.7285,10.4980
4004636,21.6797,10.6445
4017988,21.7773,10.4492
4031384,21.7285,10.5469
4044824,21.7773,10.4004
4058308,21.8750,10.5957
4071836,21.7773,10.5957
4085412,21.7773,10.5469
4099032,21.6797,10.4004
4112696,21.8750,10.4004
4126408,21.9727,10.5957
4140164,21.8750,10.8398
4153968,21.7773,10.3516
4167816,21.7773,10.8398
4181712,21.7285,10.3027
4195652,23.0469,11.1816
4209640,23.0469,11.3281
4223676,22.9492,11.3281
4237756,24.0723,10.7910
4251884,22.9980,10.4004
4266060,23.0469,10.9863
4280284,22.9492,11.0840
4294552,22.9004,11.0840
4308868,22.9004,10.1074
4323232,23.0957,11.6211
4337644,23.0957,11.7676
4352104,23.0469,11.1328
4366612,23.0469,11.3281
4381168,22.9492,11.2305
4395772,22.8516,11.0352
4410428,23.1445,10.8398
4425132,22.9492,11.4258
4439884,22.9980,11.3281
4454684,22.9980,11.0352
4469536,22.9980,11.1816
4484436,22.8516,10.7910
4499388,22.8027,11.5723
4514388,23.1934,11.1816
4529436,22.9492,11.1816
4544536,22.9980,11.4258
4559688,22.9004,11.4258
4574888,22.9492,11.7676
4590140,23.0469,11.2793
4605444,23.1445,11.1816
4620796,23.0469,10.9375
4636200,23.8281,8.0566
4651656,23.0957,11.0352
4667164,22.8516,11.1328
4682724,22.9980,11.3770
4698336,23.0957,11.2305
4714000,22.9004,11.3281
4729716,23.1934,11.0840
4745484,22.9004,11.1816
4761304,23.0957,11.4258
4777176,22.9492,10.7910
4793100,22.9492,11.1328
4809080,22.9980,11.0840
4825112,23.0957,10.0586
4841196,23.0469,10.8398
4857336,22.9004,10.9375
4873528,23.0957,11.0840
4889776,22.9980,11.2793
4906076,22.9980,11.3281
4922432,23.0469,11.2305
4938844,22.9980,11.0352
4955308,22.9492,11.4258
4971828,22.9492,12.2070
4988404,22.9492,10.8398
5005036,22.8027,9.3262
5021720,22.9004,12.1094
5038460,22.9980,11.0840
5055256,23.1445,10.9375
5072108,22.9980,11.5234
5089016,22.9492,11.3281
5105980,22.9004,10.7910
5123000,23.1934,11.4258
5140080,23.0469,10.8887
5157216,22.9492,11.1328
5174408,23.1934,11.1328
5191660,24.0234,10.9375
5208968,23.0469,9.8145
5226332,22.8516,11.1816
5243756,22.9980,11.0840
5261236,23.9746,11.0352
5278776,23.0957,11.0352
5296372,22.9492,10.9375
5314028,22.9492,10.8398
5331744,24.1211,11.3281
5349520,22.9492,11.4258
5367352,22.9980,11.2305
5385244,22.9980,11.2305
5403196,23.0957,11.6699
5421208,22.9492,11.1328
5439280,22.9980,11.3281
5457412,22.7539,11.1328
5475604,23.1445,11.3281
5493860,22.9004,9.3750
5512176,23.0469,11.0352
5530552,22.9492,11.1816
5548988,22.8516,11.2793
5567488,23.0469,10.9863
5586048,22.9492,11.9141
5604672,23.0957,11.1816
5623356,22.9980,12.5977
5642104,23.0469,10.6934
5660912,22.8516,11.1328
5679784,22.9004,11.1816
5698720,22.9492,11.1328
5717716,23.1445,11.1328
5736776,23.0469,10.8887
5755900,22.8516,11.4746
5775088,23.0957,9.9609
5794340,23.2422,11.3770
5813656,22.9980,11.2793
5833036,22.9980,11.0840
5852480,24.0723,11.4746
5871992,22.9980,10.8887
5891568,22.9492,11.3770
5911208,23.0957,11.5234
5930916,22.9492,11.1816
5950688,23.0957,11.0840
5970524,22.9980,11.1816
5990428,22.9980,11.2305
6010400,22.9492,10.9375
6030436,22.9004,11.8652
6050540,24.7559,11.3770
6070712,22.9492,11.3770
6090948,23.0469,11.2305
6111252,22.9004,11.5723
6131624,23.0469,11.5723
6152064,22.9980,11.0840
6172572,22.9004,11.0352
6193148,22.9980,11.1816
6213792,23.0469,11.2305
6234508,22.9492,11.0840
6255292,22.9980,11.3281
6276144,23.0469,11.1328
6297068,22.9980,12.6953
6318060,22.9980,11.2793
6339124,23.0469,11.2793
6360256,22.9492,10.7422
6381460,23.1934,10.8398
6402732,23.0957,11.0352
6424076,22.8027,11.4258
6445492,23.0469,10.6445
6466980,23.0469,11.1816
6488540,23.0469,11.3281
6510172,22.9004,12.4023
6531876,23.2422,11.1328
6553652,23.0957,11.3281
6575500,23.0957,11.9141
6597420,22.9492,11.3281
6619412,22.9004,11.0840
6641480,22.9492,10.9863
6663620,22.9980,11.3770
6685836,22.9980,11.7676
6708124,22.9492,10.7910
6730488,23.0957,11.3770
6752924,22.9492,10.8887
6775436,24.4629,11.1816
6798024,22.9980,11.3281
6820688,23.0957,10.9375
6843424,22.9004,11.1816
6866236,23.0469,11.3281
6889124,23.0469,10.7910
6912088,23.0469,11.1816
6935132,22.8027,11.3281
6958252,23.0469,11.2793
6981448,23.2422,11.0840
7004720,23.1445,11.3281
7028072,23.1445,11.3281
7051500,23.0957,11.6699
7075008,22.9492,11.0840
7098592,22.9004,11.4258
7122256,22.9492,11.1328
7146000,22.9004,11.4258
7169820,22.9980,11.1816
7193720,23.0957,11.3770
7217700,22.9980,10.9863
7241760,22.9492,10.9375
7265900,22.9980,11.1816
7290120,23.1445,10.7910
7314424,23.0469,11.2793
7338808,23.0957,11.2305
7363272,22.8027,10.9863
7387820,23.0957,11.2305
7412448,22.9980,10.7910
7437160,22.9492,10.8887
7461952,22.9980,11.1816
7486828,22.9492,11.7676
7511788,22.8516,11.0352
7536828,22.8516,10.2539
7561952,23.8281,11.3770
7587160,23.0469,9.6680
7612452,22.9980,11.1328
7637828,22.9492,11.2305
7663288,22.9980,11.4258
7688836,22.9492,11.0352
7714468,22.9980,11.1816
7740184,22.8516,11.5723
7765988,22.8516,11.0352
7791876,22.8516,11.0840
7817852,24.1699,10.8887
7843912,23.0469,11.0840
7870060,22.8516,11.2305
7896296,22.9004,11.3281
7922620,22.9980,11.4746
7949032,23.0469,11.1328
7975532,23.0469,11.2793
8002120,22.9980,10.8887
8028796,22.9492,11.4746
8055560,23.1445,12.1582
8082412,23.0957,11.1816
8109356,23.0957,11.1328
8136388,22.9004,11.2305
8163512,22.9980,11.3281
8190724,25.4395,10.7910
8218028,22.9492,11.3770
8245424,22.9004,11.0352
8272912,22.9980,14.2090
8300492,22.9980,11.3281
8328164,22.9492,11.3770
8355928,22.9980,12.4023
8383784,22.8516,11.1328
8411732,25.0488,11.8164
8439772,24.9512,13.1836
8467908,24.8047,11.8164
8496136,25.0977,11.7188
8524460,25.0000,11.9629
8552876,25.0488,11.4746
8581388,24.8535,11.7676
8609996,25.0977,11.4746
8638696,25.0488,11.7676
8667492,24.8535,11.6211
8696384,24.9512,11.5723
8725372,25.0488,11.8652
8754460,24.9512,11.9141
8783644,24.8047,11.7188
8812924,25.1465,11.9629
8842304,25.0488,11.9141
8871780,25.8789,11.8164
8901356,24.9023,11.9141
8931028,24.9512,11.8164
8960800,25.1465,11.8164
8990672,25.0000,11.8652
9020644,25.0977,11.8164
9050716,25.0488,11.9141
9080888,24.9023,11.9141
9111160,24.9023,12.2070
9141532,24.9023,11.9629
9172004,24.8047,11.6699
9202580,24.8535,11.9141
9233256,24.9023,11.8164
9264036,24.9512,11.8164
9294920,25.9277,11.7676
9325904,24.8535,11.7188
9356992,24.9023,11.6211
9388184,24.9512,11.7676
9419480,25.0000,11.6699
9450880,25.0977,11.7676
9482384,24.9512,11.8164
9513992,24.8047,11.9141
9545708,25.0977,11.8652
9577528,24.9512,11.7676
9609456,25.0000,11.8652
9641488,28.6133,17.0898
9673628,24.9023,11.6699
9705876,25.0977,11.5723
9738232,24.8047,11.8652
9770696,24.9512,11.4258
9803268,24.9023,11.7676
9835948,24.9023,11.8164
9868736,25.0000,11.7676
9901632,24.9512,11.8164
9934640,25.0000,11.4258
9967756,25.0488,12.6953
10000984,24.9023,11.8164
10034324,25.0000,11.8652
10067772,25.0488,11.8652
10101332,25.0977,11.5234
10135004,25.0977,11.6699
10168788,24.9023,11.8164
10202684,25.0488,11.8164
10236696,24.8535,11.7676
10270820,25.0000,11.7188
10305060,24.9512,11.9141
10339412,25.0488,11.8652
10373880,24.8047,11.8164
10408460,24.9512,12.8906
10443156,25.2930,11.9629
10477968,24.8047,11.7676
10512896,25.9766,11.8164
10547940,24.9512,11.5234
10583100,25.0000,11.7188
10618380,24.8047,11.8652
10653776,24.9023,11.7676
10689292,26.0742,11.8164
10724924,25.0488,11.9141
10760676,24.8535,11.8164
10796548,24.9512,11.9629
10832540,24.9512,11.7676
10868652,26.0742,11.7676
10904884,24.8047,11.8652
10941236,25.0977,12.0117
10977708,25.0488,11.8652
11014304,24.8535,11.9141
11051020,25.8301,11.7188
11087860,24.9023,11.8652
11124820,25.0977,11.8164
11161904,25.0977,11.7188
11199112,25.3906,11.7676
11236444,25.0000,11.8652
11273900,24.9512,12.0117
11311480,24.8535,11.7188
11349188,25.0000,12.0117
11387020,25.3418,11.7676
11424980,24.9512,11.8164
11463064,24.9023,11.8164
11501276,24.9512,11.8652
11539616,24.9512,11.4746
11578084,25.0977,11.8652
11616680,24.8535,11.8164
11655404,24.8047,11.9629
11694256,25.0488,11.9141
11733240,25.0000,11.5723
11772352,24.9023,11.8652
11811596,24.9023,11.5234
11850968,25.0977,11.4746
11890472,24.8535,11.8164
11930108,24.8047,13.1348
11969876,25.0488,11.8164
12009776,24.9512,11.4746
12049812,24.9023,11.4258
12089980,25.0000,11.8652
12130280,25.8301,11.7676
12170716,24.8047,11.8164
12211288,25.0977,11.8652
12251996,24.9512,11.7188
12292836,24.9512,11.8652
12333816,24.8535,11.7676
12374932,26.0254,11.8164
12416184,25.0488,11.8164
12457572,24.9512,11.6211
12499100,24.9023,11.7188
12540764,24.9512,11.9141
12582568,25.0488,11.7676
12624512,25.0000,11.8652
12666596,24.8535,11.8164
12708820,24.8535,11.7676
12751184,25.0488,11.8164
12793688,24.9023,11.8164
12836336,25.8789,11.5723
12879124,24.9512,11.8164
12922056,24.8047,11.8652
12965132,24.9023,11.8652
13008352,24.9512,11.6699
13051716,24.9023,11.8164
13095224,24.9023,11.7188
13138876,24.8535,11.8164
13182676,25.0977,11.8652
13226620,25.0977,11.9629
13270712,25.0488,11.8164
13314948,24.8047,11.4258
13359332,24.8535,11.8652
13403864,24.8535,11.8164
13448544,24.9512,11.8652
13493376,25.8301,11.6699
13538356,24.9512,11.9629
13583484,24.8535,11.8652
13628764,24.9512,11.7188
13674196,24.9023,11.7676
13719780,24.9023,12.0117
13765516,25.0488,11.7676
13811404,25.0977,11.9141
13857444,24.8535,11.8652
13903636,24.9023,11.7676
13949984,24.8535,11.5234
13996484,25.7813,11.8652
14043140,25.0000,11.6211
14089952,24.9023,11.7676
14136920,24.8535,11.6699
14184044,24.8535,11.9141
14231328,25.0000,11.7188
14278768,24.8535,11.8652
14326364,25.0000,11.8652
14374120,24.9023,11.7676
14422036,24.8535,11.8652
14470112,24.9023,11.8652
14518348,24.9512,11.7188
14566744,24.9512,11.8652
14615300,24.9512,11.8652
14664020,24.9023,11.9629
14712904,25.3906,11.9141
14761948,25.0000,11.8652
14811156,24.8535,11.6211
14860528,24.9512,11.8652
14910064,24.9512,11.7676
14959768,24.9023,11.8164
15009636,25.0488,11.9141
15059672,24.9512,11.6211
15109872,24.9512,12.1582
15160240,24.9512,11.8652
15210776,24.8047,11.7676
15261480,24.8047,11.8652
15312352,29.2969,11.7188
15363396,24.9023,11.5723
15414608,24.8535,11.8164
15465992,24.9512,11.8164
15517548,24.9512,11.8652
15569276,24.8535,12.7930
15621176,24.8047,11.5234
15673248,24.8535,11.8164
15725496,24.9512,11.8164
15777916,25.0000,11.8652
15830512,25.5371,12.0117
15883284,24.9023,11.4746
15936232,24.8535,11.6699
15989356,25.0000,11.6699
16042656,24.8535,11.5723
16096132,25.0000,11.8652
16149788,24.8047,11.8164
16203624,25.0000,11.8164
16257640,25.0000,11.7676
16311836,25.1953,11.6211
16366212,24.9512,11.6699
16420768,24.9512,11.8164
16475504,26.0254,11.7188
16530424,24.9023,12.0117
16585528,25.0488,11.8164
16640816,25.0488,11.6699
16696288,24.9512,11.9141
16751944,25.0488,11.7676
16807784,26.4160,12.4023
16863812,26.3672,12.5977
16920028,26.3184,12.3535
16976432,26.3672,12.5000
17033024,27.3438,12.1094
17089804,26.7090,12.4512
17146772,26.4648,12.4512
17203928,26.3184,12.4023
17261276,27.4414,12.4023
17318816,26.5137,12.4023
17376548,31.0059,12.4512
17434472,26.3672,12.5000
17492588,27.0020,12.6465
17550900,26.3184,12.3535
17609404,26.4160,12.5000
17668104,26.5625,12.5000
17727000,26.3184,12.1582
17786092,26.3672,12.2070
17845380,26.4160,12.4023
17904868,26.3672,12.1094
17964552,26.3184,12.2559
18024436,26.1719,12.3047
18084520,26.4648,12.2070
18144804,26.3184,12.7441
18205288,26.4648,12.4023
18265976,26.4160,12.4023
18326864,26.5137,12.3535
18387956,27.3926,12.4023
18449252,26.5137,12.4512
18510752,26.5137,12.5000
18572456,26.3672,12.4023
18634368,26.4160,12.3047
18696484,26.3672,12.3535
18758808,26.7090,13.5742
18821340,26.1719,12.1582
18884080,26.3672,12.4023
18947028,26.5625,12.4023
19010188,26.3184,12.4023
19073556,26.2207,12.2559
19137136,26.3672,12.5000
19200928,26.3184,12.6465
19264932,26.6602,12.4023
19329152,26.4160,12.4023
19393584,27.4902,12.3535
19458232,26.3672,12.5000
19523096,26.4160,12.4512
19588176,26.4648,12.3535
19653472,26.2695,13.8672
19718984,26.4160,12.3047
19784716,27.2949,12.6465
19850668,26.3184,12.3047
19916840,26.5625,12.4512
19983232,26.6113,12.5000
20049844,26.3672,12.3047
20116680,26.3672,12.4023
20183736,26.4160,12.5488
20251016,26.4160,12.4023
20318520,26.4160,12.1582
20386252,26.2695,12.4023
20454208,26.5137,12.1094
20522392,26.4160,12.3047
20590800,26.4648,12.2070
20659436,26.3672,12.3047
20728304,26.5625,12.3535
20797400,27.6855,12.4023
20866728,26.2695,13.6230
20936284,26.4160,12.5977
21006072,26.4160,12.6465
21076096,26.2695,12.4023
21146352,26.4160,12.2070
21216840,26.5625,12.2559
21287564,26.6113,12.4512
21358524,26.5625,12.1582
21429720,26.3184,12.3047
21501156,26.5137,12.3047
21572828,26.7578,12.2559
21644740,27.4414,12.4512
21716892,26.5625,12.3047
21789284,26.2695,12.5977
21861916,26.3184,12.4023
21934792,26.5137,12.2559
22007908,26.4648,12.4023
22081268,26.5625,12.1582
22154876,26.1719,12.5000
22228728,27.5391,12.1582
22302824,26.4648,12.4512
22377168,26.3184,12.4023
22451760,26.3184,12.1582
22526600,26.3672,12.3535
22601692,24.8047,12.2070
22677032,26.2695,12.4023
22752624,26.5137,12.2559
22828468,26.5625,12.5488
22904564,26.5625,12.5000
22980916,27.5879,12.3535
23057520,26.4648,12.2559
23134380,26.4648,12.4023
23211496,26.6113,12.2559
23288868,26.4160,12.4512
23366500,27.6367,12.5977
23444392,26.3184,12.4023
23522540,26.3672,12.3535
23600952,27.3926,12.2559
23679624,26.5137,12.5488
23758560,26.6113,12.2559
23837756,26.3672,12.3535
23917216,26.3672,12.2070
23996944,26.2695,13.5742
24076936,26.2207,12.3535
24157196,26.2207,12.1582
24237720,26.6113,12.4023
24318516,25.9766,12.3535
24399580,26.5625,12.4512
24480912,26.3672,12.3047
24562516,26.4648,12.1094
24644392,25.8301,12.2070
24726540,26.5625,12.5488
24808964,26.3184,12.3047
24891664,26.5137,12.3535
24974640,26.4160,12.4023
25057892,26.4160,12.4023
25141420,26.3672,12.2070
25225228,26.2695,11.9629
25309316,26.5137,12.2070
25393684,26.4648,12.5000
25478332,26.4648,12.1582
25563260,26.4648,13.3301
25648472,26.3672,12.4512
25733968,26.5625,12.2559
25819748,26.3672,12.4512
25905816,26.3672,12.4023
25992172,27.2949,12.4023
26078816,26.6602,12.4512
26165748,26.4648,12.4023
26252968,26.3184,12.4512
26340480,26.7090,13.5742
26428284,26.5137,12.4512
26516380,26.3184,12.4512
26604768,26.2207,12.3047
26693452,26.3672,12.2070
26782432,27.5879,12.3535
26871708,26.1719,12.4023
26961284,26.3184,12.1582
27051156,26.3184,12.4023
27141328,26.5137,11.9141
27231800,26.4160,12.5488
27322576,26.3672,12.4023
27413652,26.2695,12.0605
27505032,26.4160,11.9629
27596716,26.3672,12.3047
27688708,26.1719,12.4023
27781004,26.3672,12.2559
27873608,26.2207,12.4023
27966524,26.4648,12.5977
28059748,26.5625,12.4512
28153284,26.4648,12.1582
28247132,26.3672,12.2559
28341292,26.4648,12.0117
28435764,26.5625,12.3047
28530552,26.4648,12.3047
28625656,27.7832,12.4023
28721076,26.3672,12.4023
28816816,26.3672,12.4023
28912876,27.6367,12.4512
29009256,26.3184,12.4512
29105956,26.3672,12.0605
29202976,26.6602,12.3047
29300320,26.4648,12.4512
29397988,26.4648,12.4023
29495984,26.2695,12.4023
29594304,26.4648,12.4512
29692952,27.4902,12.9395
29791932,26.5137,12.4023
29891240,26.3184,12.7441
29990880,26.4648,12.2070
30090852,26.5625,12.3047
30191156,26.3672,12.5000
30291796,26.3672,12.4512
30392772,26.6602,12.1582
30494084,26.4160,12.5488
30595732,26.3184,12.2559
30697720,27.7832,12.4512
30800048,26.3672,12.3535
30902716,26.3184,12.5000
31005728,27.4414,12.2559
31109084,26.3184,12.1582
31212784,26.4160,12.3047
31316828,27.7344,12.0605
31421220,26.4160,12.4512
31525960,26.4160,12.4023
31631048,26.5137,12.3047
31736488,26.3672,12.1582
31842280,26.2695,12.8906
31948424,26.3184,12.5000
32054920,26.3672,12.3047
32161772,26.3184,12.1582
32268980,26.3672,12.3535
32376544,26.2207,12.2559
32484468,26.5137,12.3047
32592752,26.3672,12.4023
32701396,26.6113,12.5000
32810404,27.6367,12.4512
32919776,26.6602,12.5488
33029512,26.4160,12.3535
33139612,26.3672,12.3535
33250080,26.4160,12.0605
33360916,26.4648,12.3047
33472120,26.4160,12.4023
33583696,27.6367,14.6484
33695644,28.3691,13.0371
33807964,27.5879,13.0371
33920660,27.5879,13.1348
34033732,27.7344,13.1348
34147180,28.8574,13.1348
34261004,27.9297,13.1348
34375208,27.6855,12.9883
34489796,27.6855,13.1836
34604764,30.0781,13.5742
34720116,27.6855,13.0859
34835852,27.6367,13.1348
34951972,27.6855,13.9160
35068480,29.0039,15.0879
35185376,27.7344,13.8672
35302664,27.6855,14.8438
35420340,26.8555,13.8672
35538408,27.6855,14.0137
35656872,27.7832,13.8184
35775732,26.8555,14.0625
35894988,27.7344,15.4785
36014640,27.6367,13.9160
36134692,27.6367,13.8672
36255144,27.6855,13.8672
36375996,27.7344,13.6719
36497252,27.7832,13.9160
36618912,27.7344,13.9648
36740976,27.5879,13.9648
36863448,28.7598,13.8672
36986328,27.6855,14.1602
37109616,27.6367,13.3789
37233316,27.7832,13.1836
37357428,27.6367,13.1836
37481956,27.6367,13.0371
37606896,28.9063,13.1348
37732256,27.6855,14.8438
37858032,27.6367,12.9883
37984228,27.5879,13.2813
38110844,28.9063,13.1836
38237884,27.7344,13.1348
38365344,27.8809,13.1836
38493232,27.7344,13.3301
38621544,27.6855,13.0859
38750284,27.7832,13.4277
38879452,28.9551,13.2324
39009052,27.6367,13.0371
39139084,27.5391,14.6973
39269548,27.7344,13.1836
39400448,27.5391,13.3301
39531784,28.9551,13.1836
39663560,27.7344,13.0859
39795772,27.7344,14.3555
39928428,28.9551,13.3301
40061524,27.6367,13.1348
40195064,27.6367,13.1348
40329048,27.6367,13.1836
40463480,26.8555,13.0859
40598360,27.6367,13.1348
40733688,27.5879,13.1348
40869468,27.5879,13.4766
41005700,27.7344,13.1348
41142388,27.7832,13.1348
41279532,27.7832,13.1836
41417132,27.6367,13.5742
41555192,27.8320,13.7695
41693712,27.7344,13.7695
41832692,27.7344,13.4766
41972136,27.6855,13.7207
42112044,27.4414,13.5254
42252420,27.5879,13.5742
42393264,27.7344,13.3301
42534576,26.9043,13.6719
42676360,27.6367,13.7207
42818616,28.9551,13.8184
42961348,28.9063,13.5254
43104556,27.7832,13.8672
43248240,27.7344,13.7695
43392404,27.5879,13.8672
43537048,27.6855,13.5254
43682172,27.1484,13.5254
43827780,27.5879,13.7695
43973876,27.6855,13.6230
44120456,28.9063,13.6719
44267528,27.6855,13.5742
44415088,27.5879,13.8184
44563140,27.6855,13.7207
44711684,27.7344,13.9648
44860724,27.6855,13.9160
45010260,27.5879,13.9160
45160296,27.7832,13.9160
45310832,26.9043,14.0625
45461872,27.5879,15.3320
45613412,27.6367,13.6719
45765460,27.6855,13.6230
45918012,27.7832,13.7695
46071076,27.6855,13.9648
46224648,27.6367,14.0137
46378732,27.6367,13.8184
46533328,27.6367,13.9160
46688440,27.6855,14.0625
46844072,27.5391,14.2578
47000220,27.5879,13.7695
47156888,27.7344,13.9160
47314080,27.6367,14.0625
47471796,27.8320,13.9160
47630036,27.6367,14.0137
47788804,27.6367,14.3555
47948104,27.7832,13.9160
48107932,27.6855,14.1113
48268292,30.8105,14.1113
48429188,27.7344,13.9160
48590620,27.5879,13.9648
48752592,28.9551,13.9160
48915104,27.5879,13.9160
49078156,27.7344,18.9453
49241752,26.9043,13.9160
49405892,27.6855,14.0137
49570580,27.6367,13.6719
49735816,28.9551,21.3867
49901604,27.6855,14.1602
50067944,27.6367,14.1602
50234840,28.7109,13.9648
50402292,27.6855,14.6484
50570300,27.7344,15.0391
50738868,27.7832,14.9902
50908000,27.6367,16.5527
51077696,27.6367,14.5508
51247956,27.5391,14.5996
51418784,29.0039,14.4531
51590180,26.8555,14.5996
51762148,27.6367,14.5996
51934692,28.2715,14.5996
52107808,27.6855,15.1855
52281504,27.7344,14.8438
52455776,27.7832,14.2090
52630632,27.7832,14.4043
52806068,27.7344,13.5742
52982092,28.1738,13.7695
53158700,27.7832,13.8184
53335896,27.5879,13.6230
53513684,32.5684,14.2090
53692064,26.9043,19.4336
53871040,27.6855,14.4043
54050612,27.6855,14.6484
54230784,27.5879,14.2578
54411556,28.9063,15.0391
54592928,27.6367,14.1602
54774908,27.5879,18.7012
54957492,27.6855,13.9160
55140684,28.3691,14.7461
55324488,28.9551,14.5020
55508904,27.6855,14.2090
55693936,27.6855,14.2578
55879584,27.6855,12.9883
56065852,27.6855,14.7461
56252740,27.6367,14.6484
56440252,26.9043,14.6973
56628388,27.6855,14.7949
56817152,27.6855,14.4043
57006544,26.8555,14.5020
57196568,27.7832,14.3066
57387224,27.6367,14.2090
57578516,27.0020,14.4531
57770448,27.7344,14.3066
57963020,27.7344,14.0625
58156232,27.7344,14.4043
58350088,27.6855,14.0625
58544592,27.6855,14.1602
58739744,27.7344,14.4043
58935544,27.6855,13.4766
59131996,27.7344,13.8672
59329104,28.0762,14.3066
59526868,27.6367,14.9902
59725292,27.7344,14.6484
59924380,27.7832,14.6973
60124128,27.6855,13.8184
60324544,27.6855,13.2324
60525628,27.6855,13.2324
60727384,27.6855,13.3301
60929812,27.6855,13.2324
61132912,27.7344,13.0859
61336692,26.8555,13.2324
61541148,27.6367,13.3789
61746288,26.9043,13.1836
61952112,27.6855,13.5254
62158620,27.6367,13.4277
62365816,27.5879,13.4766
62573704,31.1523,13.3789
62782284,27.7344,13.8672
62991560,27.5879,14.0625
63201532,28.9063,13.8184
63412204,27.6367,14.6973
63623580,26.9043,14.9414
63835660,27.7344,15.3809
64048448,29.0527,15.0879
64261944,27.6367,14.1602
64476152,27.7344,14.3066
64691076,28.6133,13.9648
64906716,27.5879,13.8184
65123072,27.7344,14.1113
65340152,27.7344,13.3301
65557956,28.8574,14.0625
65776484,27.5879,13.7695
65995740,26.8555,14.0625
66215728,27.5879,13.7695
66436448,27.6855,13.9160
66657904,27.5879,13.8184
66880100,27.7344,13.8672
67103036,27.9785,13.9648
