4,1.5625,1.5625
8,2.0508,2.8320
12,2.4414,3.5156
16,2.5391,4.3945
20,3.0273,4.1992
24,3.0273,4.1992
28,2.9297,5.1758
32,3.2227,5.9570
36,3.8086,5.7617
40,3.5156,5.4688
44,4.1992,5.9570
48,4.0039,5.5664
52,3.7109,5.5664
56,3.6133,4.9805
60,3.8086,5.3711
64,3.8086,6.2500
68,4.2969,6.2500
72,4.3945,5.4688
76,4.4922,6.1523
80,4.2969,5.1758
84,4.3945,4.9805
88,4.8828,6.5430
92,4.1992,6.5430
96,4.8828,6.0547
100,4.5898,6.2500
104,4.3945,6.1523
108,4.3945,6.4453
112,4.7852,6.4453
116,4.8828,6.5430
120,4.6875,7.0313
124,4.7852,7.0313
128,4.3945,7.8125
132,5.2734,8.1055
136,5.2734,7.1289
140,5.2734,7.1289
144,7.0313,7.2266
148,5.2734,7.9102
152,5.2734,7.6172
156,5.3711,7.7148
160,5.2734,7.8125
164,5.1758,7.1289
168,5.5664,6.5430
172,5.4688,7.4219
176,5.1758,8.0078
180,5.3711,6.3477
184,5.3711,7.0313
188,5.2734,7.5195
192,5.1758,7.1289
196,5.5664,7.0313
200,5.1758,7.3242
204,5.2734,6.6406
208,5.4688,7.1289
212,5.4688,7.0313
216,5.3711,7.7148
220,5.4688,7.7148
224,5.2734,7.2266
228,5.2734,10.0586
232,8.8867,10.1563
236,8.6914,10.1563
240,6.0547,7.9102
244,5.2734,10.8398
248,5.2734,6.9336
252,5.1758,7.7148
256,5.2734,8.8867
260,6.2500,8.8867
264,6.4453,8.6914
268,6.5430,8.3984
272,6.4453,8.8867
276,6.2500,8.2031
280,6.3477,8.5938
284,6.2500,8.2031
288,6.8359,8.6914
292,6.3477,8.6914
296,6.3477,8.1055
300,6.2500,7.9102
304,6.4453,8.3008
308,6.4453,7.9102
312,6.4453,7.7148
316,6.3477,8.9844
320,6.5430,8.2031
324,6.5430,7.4219
328,6.2500,8.5938
332,6.4453,8.3008
336,6.3477,8.9844
340,6.4453,7.9102
344,6.5430,8.8867
348,6.6406,8.3984
352,8.7891,8.3008
356,6.4453,8.2031
360,6.3477,8.1055
364,7.0313,8.0078
368,6.5430,8.1055
372,6.5430,8.1055
376,6.1523,9.1797
380,6.3477,8.5938
384,6.5430,8.4961
388,7.0313,8.3008
392,6.4453,8.0078
396,6.4453,9.1797
400,6.1523,8.2031
404,6.5430,7.5195
408,6.4453,7.9102
412,6.4453,8.4961
416,6.4453,8.7891
420,6.2500,8.1055
424,6.3477,8.6914
428,6.4453,8.3008
432,6.7383,8.4961
436,6.5430,8.6914
440,6.4453,9.4727
444,6.3477,8.7891
448,6.2500,8.6914
452,6.3477,8.5938
456,6.9336,8.3008
460,6.2500,8.0078
464,6.4453,8.2031
468,6.4453,8.2031
472,6.6406,7.9102
476,6.2500,8.3984
480,6.6406,8.0078
484,6.4453,8.3984
488,6.4453,8.5938
492,6.5430,8.6914
496,6.1523,9.8633
500,6.3477,8.9844
504,6.2500,8.3008
508,6.2500,9.5703
512,6.5430,9.2773
516,7.3242,10.1563
520,7.0313,9.0820
524,6.7383,8.7891
528,7.1289,9.2773
532,7.1289,10.0586
536,6.8359,8.9844
540,7.0313,9.1797
544,7.0313,8.9844
548,6.8359,7.8125
552,6.6406,9.7656
556,7.1289,8.7891
560,7.0313,10.0586
564,6.8359,9.2773
568,7.1289,8.9844
572,6.8359,8.9844
576,6.7383,8.6914
580,6.8359,10.5469
584,6.9336,9.2773
588,7.0313,9.3750
592,7.1289,9.1797
596,6.9336,9.5703
600,7.2266,9.3750
604,7.0313,9.2773
608,7.1289,9.6680
612,7.4219,9.0820
616,7.0313,9.3750
620,7.0313,8.5938
624,7.0313,8.4961
628,7.2266,9.7656
632,7.0313,9.3750
636,6.9336,9.7656
640,6.9336,9.0820
644,6.9336,9.1797
648,7.0313,9.7656
652,7.0313,9.3750
656,7.2266,8.9844
660,6.8359,8.7891
664,7.0313,9.8633
668,6.9336,10.1563
672,6.9336,9.7656
676,7.4219,9.7656
680,6.8359,9.3750
684,6.9336,9.5703
688,6.9336,9.2773
692,7.3242,9.0820
696,6.9336,9.1797
700,7.2266,9.4727
704,7.1289,9.9609
708,7.1289,9.1797
712,7.1289,9.4727
716,7.0313,9.5703
720,8.9844,8.7891
724,6.7383,9.2773
728,7.2266,9.0820
732,6.8359,8.6914
736,7.2266,9.5703
740,6.9336,8.5938
744,6.9336,9.6680
748,6.9336,9.0820
752,6.9336,8.7891
756,7.3242,9.3750
760,7.2266,9.5703
764,7.1289,9.6680
768,7.6172,10.3516
772,7.0313,9.0820
776,6.8359,9.3750
780,6.8359,9.6680
784,6.9336,9.2773
788,7.2266,9.5703
792,6.6406,9.5703
796,7.1289,8.7891
800,7.2266,9.6680
804,6.9336,9.6680
812,6.9336,9.3750
820,7.0313,9.0820
828,6.9336,8.8867
836,6.9336,8.8867
844,7.0313,9.5703
852,6.7383,9.8633
860,6.9336,9.0820
868,6.9336,8.5938
876,7.0313,9.2773
884,7.2266,10.4492
892,7.2266,9.8633
900,7.0313,9.7656
908,7.0313,9.0820
916,6.8359,9.7656
924,6.9336,9.2773
932,7.6172,12.0117
940,9.7656,11.3281
948,6.8359,9.7656
956,6.8359,10.6445
964,6.8359,9.8633
972,6.9336,9.7656
980,6.9336,9.9609
988,6.7383,9.9609
996,7.2266,9.3750
1004,6.9336,10.0586
1012,6.9336,9.3750
1020,7.0313,9.4727
1028,7.9102,10.5469
1036,8.2031,10.9375
1044,7.7148,10.9375
1052,8.2031,10.1563
1060,8.0078,10.1563
1068,8.1055,10.4492
1076,7.6172,9.9609
1084,7.9102,10.0586
1092,7.7148,11.4258
1100,7.8125,11.0352
1108,7.7148,9.1797
1116,7.9102,10.6445
1124,7.8125,10.5469
1132,7.7148,10.4492
1140,7.3242,9.9609
1148,7.8125,9.7656
1156,8.0078,10.0586
1164,7.9102,10.1563
1172,7.7148,10.6445
1180,8.3008,10.4492
1188,7.6172,10.3516
1196,8.2031,10.0586
1204,7.9102,10.9375
1212,8.1055,10.8398
1220,8.6914,11.4258
1228,7.9102,9.5703
1236,7.8125,10.5469
1244,7.5195,11.0352
1252,7.5195,10.3516
1260,7.8125,10.2539
1268,8.2031,10.2539
1276,7.2266,10.6445
1284,7.9102,10.8398
1292,7.8125,10.1563
1300,7.9102,11.0352
1308,8.0078,10.2539
1316,7.9102,10.5469
1324,7.9102,10.8398
1332,7.3242,9.9609
1340,8.1055,11.2305
1348,7.1289,10.1563
1356,7.8125,10.3516
1364,9.0820,10.6445
1372,8.1055,11.1328
1380,8.5938,10.6445
1388,8.0078,10.1563
1396,8.1055,10.4492
1404,8.5938,10.3516
1412,6.9336,10.0586
1420,8.2031,9.6680
1428,7.8125,10.5469
1436,7.2266,10.8398
1444,8.2031,11.5234
1452,8.4961,10.7422
1460,8.0078,10.9375
1468,8.2031,10.1563
1476,8.2031,10.5469
1484,8.1055,10.0586
1492,8.1055,10.8398
1500,8.1055,10.1563
1508,8.7891,10.7422
1516,7.8125,10.2539
1524,8.3984,11.2305
1532,7.5195,9.7656
1540,7.3242,10.1563
1548,7.8125,9.9609
1556,7.3242,10.1563
1564,7.1289,10.9375
1572,7.4219,9.9609
1580,8.3008,10.9375
1588,7.6172,9.7656
1596,8.3984,9.7656
1604,8.3984,10.7422
1616,7.8125,9.8633
1628,7.9102,10.3516
1640,7.9102,10.5469
1652,7.8125,10.9375
1664,8.1055,10.4492
1676,8.1055,10.8398
1688,7.9102,10.9375
1700,7.9102,10.3516
1712,7.8125,14.5508
1724,8.2031,10.9375
1736,8.2031,10.6445
1748,8.4961,10.2539
1760,7.7148,11.2305
1772,7.8125,11.5234
1784,7.9102,9.9609
1796,8.1055,10.7422
1808,8.4961,11.9141
1820,8.1055,10.4492
1832,8.2031,10.2539
1844,8.1055,10.4492
1856,8.4961,11.1328
1868,7.7148,10.3516
1880,7.7148,10.6445
1892,8.0078,10.2539
1904,8.1055,10.9375
1916,8.3984,9.6680
1928,8.1055,9.9609
1940,7.8125,10.0586
1952,7.3242,10.6445
1964,7.3242,10.7422
1976,8.9844,10.1563
1988,7.4219,10.7422
2000,7.8125,9.7656
2012,7.7148,11.5234
2024,8.1055,9.6680
2036,7.7148,10.5469
2048,8.2031,12.3047
2060,9.0820,12.5977
2072,8.9844,11.3281
2084,8.3984,11.5234
2096,8.9844,11.0352
2108,9.4727,12.7930
2120,9.2773,11.3281
2132,9.0820,11.1328
2144,8.7891,11.3281
2156,9.1797,11.3281
2168,8.7891,11.9141
2180,8.8867,11.7188
2192,8.9844,11.6211
2204,8.9844,10.1563
2216,8.9844,14.4531
2228,8.8867,10.9375
2240,8.6914,10.6445
2252,9.0820,12.4023
2264,8.5938,10.4492
2276,8.9844,10.9375
2288,8.7891,11.5234
2300,8.7891,10.5469
2312,8.5938,11.4258
2324,8.3984,10.5469
2336,8.6914,11.1328
2348,10.2539,11.8164
2360,13.1836,14.0625
2372,9.0820,15.8203
2384,8.6914,10.9375
2396,8.7891,11.5234
2408,8.5938,10.4492
2424,8.6914,11.8164
2440,8.9844,12.5000
2456,8.9844,10.9375
2472,8.7891,10.7422
2488,8.6914,11.0352
2504,9.0820,10.8398
2520,8.9844,11.3281
2536,8.6914,11.1328
2552,8.9844,12.0117
2568,8.8867,11.8164
2584,8.6914,11.6211
2600,9.0820,10.9375
2616,9.0820,11.2305
2632,8.5938,11.3281
2648,8.9844,11.4258
2664,9.0820,11.9141
2680,8.7891,11.1328
2696,9.3750,11.4258
2712,9.2773,12.3047
2728,9.0820,12.2070
2744,9.1797,11.5234
2760,9.3750,11.6211
2776,9.1797,11.0352
2792,9.1797,11.1328
2808,9.0820,11.5234
2824,8.9844,11.8164
2840,9.1797,11.5234
2856,9.5703,13.0859
2872,9.6680,11.8164
2888,9.4727,11.9141
2904,9.2773,10.7422
2920,8.9844,10.9375
2936,9.0820,10.9375
2952,9.1797,10.9375
2968,9.1797,11.7188
2984,8.9844,12.3047
3000,8.7891,11.3281
3016,9.0820,11.5234
3032,8.8867,11.9141
3048,9.1797,11.9141
3064,9.4727,12.5000
3080,9.0820,10.8398
3096,9.0820,11.6211
3112,9.3750,12.2070
3128,9.4727,11.8164
3144,9.0820,11.0352
3160,8.8867,12.0117
3176,8.9844,11.8164
3192,9.2773,11.4258
3208,9.0820,11.1328
3228,9.0820,11.3281
3248,9.0820,11.9141
3268,9.2773,12.2070
3288,9.0820,10.0586
3308,8.8867,11.8164
3328,8.9844,10.9375
3348,9.0820,12.6953
3368,8.9844,11.8164
3388,9.4727,11.2305
3408,8.9844,11.2305
3428,8.8867,11.7188
3448,9.1797,12.3047
3468,8.4961,12.1094
3488,9.0820,11.8164
3508,8.8867,13.3789
3528,8.9844,12.1094
3548,9.1797,11.3281
3568,9.1797,12.0117
3588,8.9844,11.9141
3608,8.6914,12.5000
3628,8.4961,12.1094
3648,8.9844,12.8906
3668,8.8867,12.5000
3688,8.4961,12.2070
3708,9.2773,11.5234
3728,9.1797,12.1094
3748,8.9844,12.0117
3768,9.4727,13.0859
3788,8.9844,12.1094
3808,8.7891,12.8906
3828,8.9844,12.8906
3848,8.9844,11.6211
3868,8.6914,12.1094
3888,9.2773,12.1094
3908,8.6914,11.7188
3928,9.0820,11.5234
3948,8.7891,11.9141
3968,9.3750,12.7930
3988,8.7891,12.5000
4008,8.9844,12.2070
4032,9.1797,12.9883
4056,9.0820,12.5977
4080,8.7891,12.1094
4104,10.1563,13.2813
4128,10.3516,12.5000
4152,9.9609,13.0859
4176,10.4492,13.2813
4200,10.4492,13.2813
4224,10.3516,13.4766
4248,9.7656,12.9883
4272,10.9375,13.1836
4296,9.8633,12.7930
4320,10.7422,12.8906
4344,9.8633,15.5273
4368,9.8633,13.2813
4392,10.0586,12.1094
4416,10.2539,12.5977
4440,10.2539,13.1836
4464,10.8398,12.1094
4488,9.5703,12.0117
4512,9.8633,12.4023
4536,10.0586,12.6953
4560,9.9609,12.8906
4584,10.1563,11.9141
4608,10.0586,12.2070
4632,9.6680,12.6953
4656,9.7656,12.2070
4680,9.6680,11.8164
4704,9.8633,12.5000
4728,9.7656,12.6953
4752,10.1563,13.3789
4776,10.3516,12.7930
4800,10.2539,12.3047
4824,12.6953,13.4766
4852,10.1563,12.4023
4880,10.0586,12.7930
4908,9.9609,13.2813
4936,10.1563,11.9141
4964,9.9609,12.4023
4992,9.7656,12.5977
5020,10.1563,12.6953
5048,10.0586,12.7930
5076,9.9609,13.1836
5104,13.0859,12.7930
5132,12.2070,13.4766
5160,9.6680,12.6953
5188,9.5703,12.3047
5216,10.5469,13.3789
5244,10.0586,13.2813
5272,10.5469,13.1836
5300,10.3516,14.0625
5328,9.2773,12.7930
5356,11.9141,13.3789
5384,10.2539,12.2070
5412,10.0586,12.5977
5440,10.2539,12.7930
5468,9.6680,12.4023
5496,10.1563,12.8906
5524,10.2539,13.4766
5552,9.8633,11.8164
5580,9.9609,12.5000
5608,10.0586,12.3047
5640,10.0586,12.4023
5672,10.1563,13.2813
5704,10.0586,11.2305
5736,10.2539,12.0117
5768,10.4492,13.9648
5800,9.9609,13.4766
5832,10.4492,13.3789
5864,9.8633,12.6953
5896,10.0586,12.7930
5928,10.1563,15.6250
5960,10.1563,13.2813
5992,10.3516,12.7930
6024,9.7656,12.4023
6056,10.1563,13.1836
6088,9.5703,12.3047
6120,9.5703,12.6953
6152,9.5703,13.1836
6184,9.9609,11.6211
6216,9.8633,12.7930
6248,9.8633,12.4023
6280,9.4727,12.9883
6312,9.7656,13.3789
6344,10.0586,12.3047
6376,10.1563,12.8906
6408,10.3516,14.3555
6444,10.5469,13.5742
6480,9.4727,12.9883
6516,10.0586,12.8906
6552,10.4492,13.8672
6588,9.6680,12.5977
6624,9.7656,13.5742
6660,9.7656,12.9883
6696,10.5469,13.9648
6732,9.9609,11.6211
6768,10.4492,12.5977
6804,9.1797,12.5977
6840,10.2539,12.5977
6876,10.6445,13.0859
6912,10.2539,13.4766
6948,9.8633,11.8164
6984,10.1563,12.5000
7020,10.1563,12.5977
7056,10.5469,13.6719
7092,9.4727,12.1094
7128,9.7656,13.4766
7164,9.8633,13.7695
7200,9.6680,12.3047
7236,9.9609,12.7930
7276,12.1094,12.8906
7316,9.9609,13.6719
7356,10.6445,14.3555
7396,10.0586,12.7930
7436,9.4727,12.5000
7476,9.6680,12.5977
7516,9.7656,12.6953
7556,10.8398,14.1602
7596,9.5703,13.2813
7636,10.9375,13.9648
7676,9.9609,13.4766
7716,10.1563,12.4023
7756,9.9609,12.7930
7796,9.7656,13.5742
7836,10.1563,12.7930
7876,10.3516,12.3047
7916,9.4727,13.4766
7956,9.8633,13.4766
7996,9.7656,12.7930
8036,10.2539,13.4766
8080,10.3516,13.0859
8124,10.2539,12.6953
8168,9.8633,13.7695
8212,11.4258,14.8438
8256,11.2305,14.9414
8300,11.1328,14.4531
8344,10.9375,13.6719
8388,10.7422,14.7461
8432,10.1563,14.3555
8476,12.1094,14.5508
8520,10.8398,14.2578
8564,10.0586,13.6719
8608,10.4492,12.6953
8652,11.2305,13.6719
8696,10.7422,12.8906
8740,10.9375,13.8672
8784,11.3281,14.3555
8828,11.0352,13.3789
8876,11.9141,13.0859
8924,11.0352,12.6953
8972,10.7422,13.8672
9020,10.5469,12.7930
9068,11.1328,13.7695
9116,10.5469,13.1836
9164,10.3516,13.1836
9212,10.7422,12.9883
9260,11.3281,13.3789
9308,10.7422,12.5977
9356,10.1563,13.3789
9404,11.4258,14.7461
9452,10.5469,14.0625
9500,11.3281,13.5742
9548,10.7422,13.2813
9596,11.4258,13.2813
9644,11.6211,13.3789
9696,10.7422,13.3789
9748,10.8398,13.1836
9800,10.5469,14.3555
9852,11.2305,13.4766
9904,10.9375,13.0859
9956,11.6211,14.2578
10008,10.8398,13.7695
10060,10.7422,13.6719
10112,10.7422,13.0859
10164,12.0117,13.1836
10216,12.5977,14.3555
10268,10.6445,13.0859
10320,10.9375,13.5742
10372,10.8398,12.9883
10424,10.5469,13.2813
10480,10.7422,13.7695
10536,10.3516,13.2813
10592,11.5234,13.9648
10648,11.0352,13.6719
10704,11.6211,13.6719
10760,11.4258,16.2109
10816,10.9375,14.1602
10872,10.0586,12.8906
10928,10.5469,14.7461
10984,10.8398,13.5742
11040,10.8398,12.9883
11096,12.0117,13.0859
11152,10.8398,13.6719
11208,11.3281,12.9883
11268,9.6680,12.6953
11328,11.2305,13.0859
11388,10.7422,13.0859
11448,10.6445,14.1602
11508,10.9375,12.5977
11568,11.2305,12.8906
11628,10.0586,13.4766
11688,11.1328,14.4531
11748,11.7188,13.8672
11808,11.0352,13.7695
11868,20.2148,14.5508
11928,10.4492,13.4766
11988,10.8398,14.8438
12048,11.6211,15.1367
12112,11.2305,14.5508
12176,10.3516,13.5742
12240,11.2305,13.7695
12304,10.8398,13.4766
12368,10.9375,13.2813
12432,10.1563,13.4766
12496,10.7422,13.4766
12560,11.0352,13.1836
12624,11.6211,13.9648
12688,11.7188,13.5742
12752,10.4492,13.3789
12816,10.9375,13.4766
12884,11.4258,13.2813
12952,10.1563,12.9883
13020,17.4805,13.2813
13088,10.3516,13.8672
13156,10.1563,13.6719
13224,10.2539,14.0625
13292,11.2305,14.0625
13360,11.8164,12.9883
13428,10.2539,13.5742
13496,10.9375,13.8672
13564,9.9609,13.2813
13632,10.8398,14.7461
13704,11.1328,12.9883
13776,11.2305,13.6719
13848,11.3281,14.0625
13920,10.5469,12.0117
13992,11.0352,14.2578
14064,10.6445,13.8672
14136,11.6211,14.0625
14208,11.4258,15.3320
14280,11.0352,13.4766
14352,11.1328,13.0859
14424,10.7422,13.2813
14500,10.3516,14.0625
14576,10.9375,14.0625
14652,10.1563,14.0625
14728,10.0586,14.4531
14804,10.3516,14.2578
14880,10.5469,14.1602
14956,9.6680,12.7930
15032,10.7422,13.7695
15108,11.6211,13.2813
15184,11.3281,14.9414
15260,11.1328,13.5742
15340,11.3281,14.4531
15420,10.3516,14.3555
15500,11.5234,14.9414
15580,10.4492,13.9648
15660,9.7656,12.6953
15740,11.3281,13.2813
15820,11.4258,15.4297
15900,11.4258,13.2813
15980,11.2305,14.0625
16060,10.4492,13.8672
16144,10.9375,13.6719
16228,10.9375,13.8672
16312,10.3516,14.1602
16396,12.0117,13.4766
16480,11.9141,15.0391
16564,12.3047,13.8672
16648,12.1094,15.2344
16732,12.3047,15.6250
16816,12.4023,14.8438
16904,11.8164,14.2578
16992,11.2305,14.3555
17080,10.6445,12.9883
17168,11.8164,14.2578
17256,12.0117,15.8203
17344,12.8906,15.6250
17432,12.3047,15.5273
17520,11.3281,13.6719
17608,10.7422,12.5977
17700,11.9141,14.7461
17792,11.2305,13.5742
17884,12.0117,13.7695
17976,12.6953,14.7461
18068,12.3047,15.0391
18160,11.2305,13.8672
18252,12.4023,14.9414
18344,12.4023,14.9414
18436,11.5234,13.8672
18532,11.4258,13.9648
18628,12.6953,15.4297
18724,11.9141,14.8438
18820,12.0117,13.1836
18916,12.1094,13.9648
19012,12.2070,14.2578
19108,11.9141,15.1367
19204,11.9141,14.3555
19304,12.2070,14.6484
19404,11.8164,14.6484
19504,11.4258,14.2578
19604,11.6211,14.5508
19704,11.8164,14.1602
19804,11.6211,14.0625
19904,11.4258,13.5742
20004,12.1094,14.5508
20108,12.0117,14.3555
20212,11.9141,15.5273
20316,11.7188,14.7461
20420,12.3047,14.5508
20524,12.1094,14.0625
20628,11.7188,14.0625
20732,11.1328,14.4531
20836,12.2070,14.3555
20944,11.1328,13.2813
21052,11.3281,14.9414
21160,11.9141,15.2344
21268,11.3281,13.5742
21376,11.5234,15.2344
21484,11.4258,14.2578
21592,12.3047,14.5508
21700,11.4258,13.8672
21812,11.5234,13.9648
21924,12.1094,14.1602
22036,11.1328,14.7461
22148,12.0117,14.5508
22260,12.6953,14.9414
22372,11.7188,13.9648
22484,11.3281,14.0625
22600,10.6445,13.0859
22716,12.2070,13.9648
22832,11.5234,13.9648
22948,11.9141,14.6484
23064,10.8398,13.8672
23180,11.3281,14.2578
23296,11.3281,14.6484
23416,11.4258,14.5508
23536,11.1328,15.0391
23656,11.3281,15.0391
23776,11.6211,14.0625
23896,12.2070,14.7461
24016,11.8164,14.2578
24140,11.4258,14.4531
24264,11.3281,15.2344
24388,11.4258,14.7461
24512,11.8164,14.9414
24636,11.5234,14.3555
24760,11.5234,14.0625
24884,12.1094,14.8438
25012,12.1094,15.0391
25140,11.5234,15.2344
25268,11.9141,15.2344
25396,12.0117,14.8438
25524,11.7188,14.0625
25652,11.5234,14.7461
25784,11.5234,15.2344
25916,12.2070,14.0625
26048,12.2070,14.6484
26180,11.5234,13.7695
26312,12.0117,15.8203
26444,11.6211,14.0625
26580,11.7188,14.3555
26716,11.9141,14.1602
26852,12.0117,14.6484
26988,10.4492,15.3320
27124,14.9414,15.1367
27260,12.0117,14.4531
27400,12.0117,15.4297
27540,12.1094,13.5742
27680,11.1328,14.0625
27820,11.7188,14.0625
27960,12.1094,14.6484
28100,12.3047,15.7227
28244,12.4023,14.8438
28388,11.0352,13.8672
28532,10.9375,14.9414
28676,12.1094,15.7227
28820,11.8164,14.8438
28968,12.2070,14.2578
29116,12.4023,14.8438
29264,11.9141,14.4531
29412,10.6445,13.9648
29560,11.9141,16.4063
29708,11.6211,14.1602
29860,11.4258,14.1602
30012,12.4023,14.8438
30164,11.9141,14.5508
30316,12.1094,15.2344
30468,10.7422,13.9648
30624,12.2070,13.7695
30780,11.8164,13.5742
30936,12.6953,14.4531
31092,11.7188,13.9648
31248,11.9141,14.6484
31408,11.6211,14.4531
31568,11.1328,14.3555
31728,11.5234,14.2578
31888,12.3047,15.3320
32048,10.9375,14.5508
32212,10.7422,14.2578
32376,12.0117,16.2109
32540,10.6445,13.6719
32704,12.2070,15.5273
32868,12.9883,15.0391
33036,12.9883,15.7227
33204,12.7930,16.0156
33372,13.1836,16.9922
33540,12.5977,14.8438
33708,12.9883,14.9414
33880,12.5977,15.2344
34052,12.7930,14.3555
34224,13.2813,16.1133
34396,12.7930,15.2344
34568,12.5977,15.5273
34744,12.8906,16.5039
34920,12.5977,15.6250
35096,12.5000,15.4297
35272,12.6953,19.9219
35452,12.9883,15.6250
35632,12.5977,15.7227
35812,12.5977,14.1602
35992,12.8906,16.2109
36172,12.8906,15.5273
36356,12.5000,15.7227
36540,12.0117,14.9414
36724,12.5977,14.8438
36908,13.0859,15.2344
37096,12.5977,13.7695
37284,12.5000,16.2109
37472,12.4023,14.4531
37660,12.6953,15.4297
37852,12.5977,16.2109
38044,12.8906,16.7969
38236,13.1836,16.5039
38428,12.8906,15.1367
38624,12.7930,16.4063
38820,12.5977,15.2344
39016,12.9883,16.4063
39212,12.5000,15.6250
39412,12.3047,15.1367
39612,12.5000,16.7969
39812,12.8906,15.8203
40012,13.4766,15.0391
40216,12.5977,15.6250
40420,12.1094,15.1367
40624,13.4766,16.0156
40828,12.5000,14.2578
41036,13.0859,15.8203
41244,12.7930,15.5273
41452,12.9883,15.6250
41660,13.2813,16.4063
41872,13.5742,16.6992
42084,12.9883,15.7227
42296,12.7930,15.8203
42508,12.5000,16.6016
42724,13.3789,16.3086
42940,12.4023,16.5039
43156,13.1836,16.0156
43372,13.2813,16.2109
43592,12.7930,16.3086
43812,12.3047,14.9414
44032,13.1836,16.3086
44256,12.3047,15.1367
44480,12.7930,15.5273
44704,12.3047,13.4766
44928,12.5000,15.2344
45156,13.0859,15.6250
45384,11.9141,15.1367
45612,13.1836,17.4805
45844,12.7930,16.2109
46076,12.2070,15.9180
46308,12.9883,15.4297
46540,13.1836,15.9180
46776,12.6953,15.4297
47012,12.8906,16.4063
47248,13.6719,16.6992
47488,12.4023,14.1602
47728,13.4766,15.9180
47968,12.7930,15.8203
48208,12.6953,16.6992
48452,12.8906,15.1367
48696,12.5977,16.4063
48940,13.2813,16.1133
49188,13.3789,18.1641
49436,12.5000,16.0156
49684,14.6484,18.9453
49936,13.2813,17.1875
50188,12.0117,15.1367
50440,13.5742,16.8945
50696,12.6953,17.0898
50952,12.5977,15.2344
51208,13.2813,15.9180
51468,13.0859,17.5781
51728,12.3047,17.0898
51988,12.3047,15.2344
52248,12.5977,16.4063
52512,12.7930,16.9922
52776,12.5977,15.2344
53040,12.6953,14.5508
53308,12.8906,15.5273
53576,13.0859,16.2109
53844,13.0859,15.1367
54116,12.2070,16.4063
54388,13.1836,16.3086
54660,12.3047,14.8438
54936,12.4023,15.6250
55212,12.5977,15.1367
55492,12.5000,16.5039
55772,12.5977,16.2109
56052,13.0859,15.7227
56336,12.9883,16.6016
56620,12.2070,16.9922
56904,13.4766,14.7461
57192,12.9883,16.1133
57480,13.4766,16.1133
57768,12.5000,15.9180
58060,13.4766,16.0156
58352,12.4023,16.2109
58644,12.6953,16.0156
58940,13.4766,16.3086
59236,13.1836,16.8945
59536,13.2813,16.2109
59836,13.1836,15.6250
60136,13.1836,15.8203
60440,13.0859,15.7227
60744,12.3047,15.2344
61048,13.0859,15.3320
61356,13.1836,16.5039
61664,13.3789,15.8203
61976,13.9648,16.1133
62288,12.9883,16.5039
62600,12.8906,16.1133
62916,13.0859,15.5273
63232,13.0859,16.2109
63552,12.2070,15.4297
63872,13.9648,16.5039
64192,12.5977,16.1133
64516,12.9883,16.1133
64840,12.3047,15.6250
65168,13.0859,15.9180
65496,19.5313,16.7969
65824,14.3555,16.8945
66156,14.2578,18.6523
66488,14.7461,18.2617
66824,13.7695,16.9922
67160,13.9648,18.0664
67496,13.6719,16.6992
67836,14.6484,18.5547
68176,14.3555,19.2383
68520,13.9648,16.7969
68864,13.4766,17.5781
69212,13.0859,16.1133
69560,15.0391,19.5313
69908,14.0625,17.2852
70260,13.8672,18.8477
70612,14.3555,18.0664
70968,13.4766,17.6758
71324,13.5742,16.8945
71684,14.5508,17.6758
72044,13.9648,18.5547
72408,15.1367,18.1641
72772,14.8438,18.1641
73136,13.7695,17.7734
73504,13.3789,16.8945
73872,14.1602,17.1875
74244,13.9648,18.1641
74616,13.5742,15.5273
74992,14.4531,19.4336
75368,14.5508,19.2383
75748,14.4531,18.8477
76128,13.5742,17.7734
76512,14.0625,18.2617
76896,13.7695,18.1641
77284,14.3555,17.9688
77672,14.7461,18.3594
78064,13.7695,17.9688
78456,14.7461,19.1406
78852,13.6719,16.8945
79248,13.9648,17.1875
79648,14.2578,17.5781
80048,13.8672,16.6016
80452,13.7695,18.1641
80856,13.8672,18.9453
81264,14.3555,18.7500
81672,15.0391,19.1406
82084,13.3789,17.5781
82496,13.8672,17.5781
82912,14.3555,17.7734
83328,13.6719,17.3828
83748,14.4531,18.7500
84168,13.0859,15.7227
84592,14.4531,18.5547
85016,14.1602,17.1875
85444,14.0625,18.0664
85872,13.4766,16.4063
86304,14.1602,18.8477
86736,13.6719,17.0898
87172,13.7695,17.9688
87608,13.8672,17.4805
88048,13.1836,16.4063
88492,13.6719,18.6523
88936,13.9648,17.1875
89384,14.3555,18.7500
89832,13.2813,18.4570
90284,13.9648,18.8477
90736,14.0625,18.5547
91192,13.6719,17.0898
91648,13.4766,16.2109
92108,13.0859,16.3086
92572,14.1602,17.3828
93036,13.5742,17.1875
93504,14.1602,18.0664
93972,13.9648,18.0664
94444,14.6484,20.2148
94920,14.6484,19.0430
95396,14.3555,17.3828
95876,14.0625,16.8945
96356,13.6719,17.6758
96840,14.1602,18.0664
97328,13.7695,18.2617
97816,14.4531,17.9688
98308,14.2578,17.1875
98800,13.4766,18.0664
99296,13.9648,17.6758
99796,13.8672,17.4805
100296,14.8438,19.3359
100800,14.4531,18.4570
101304,14.0625,19.1406
101812,13.1836,16.6992
102324,14.9414,18.8477
102836,14.3555,18.1641
103352,14.2578,17.9688
103872,14.1602,17.1875
104392,13.8672,18.0664
104916,14.6484,18.9453
105444,13.6719,17.1875
105972,14.8438,19.9219
106504,15.0391,18.3594
107040,14.1602,17.5781
107576,13.6719,18.3594
108116,14.4531,19.2383
108660,12.8906,16.6992
109204,13.8672,18.0664
109752,14.1602,18.6523
110304,14.4531,22.4609
110856,14.3555,18.2617
111412,13.1836,18.0664
111972,16.4063,18.5547
112532,15.1367,17.6758
113096,13.4766,18.0664
113664,14.4531,18.6523
114236,13.7695,17.9688
114808,14.4531,17.5781
115384,14.0625,18.5547
115964,14.9414,18.2617
116544,14.4531,17.3828
117128,14.1602,16.5039
117716,14.7461,19.2383
118308,13.7695,17.4805
118900,13.5742,19.1406
119496,14.0625,17.7734
120096,14.3555,18.8477
120700,13.8672,18.4570
121304,14.6484,19.6289
121912,14.3555,17.7734
122524,13.9648,18.1641
123140,13.6719,17.5781
123756,13.1836,16.3086
124376,14.5508,17.9688
125000,14.5508,18.0664
125628,14.0625,18.7500
126260,13.8672,18.7500
126892,14.9414,19.0430
127528,14.1602,17.3828
128168,14.6484,18.9453
128812,14.4531,17.9688
129460,14.1602,18.2617
130108,13.5742,17.2852
130760,14.1602,18.4570
131416,15.3320,18.9453
132076,15.2344,18.9453
132740,15.3320,18.5547
133404,14.8438,19.3359
134072,15.2344,19.4336
134744,16.1133,20.2148
135420,14.7461,18.4570
136100,15.8203,19.4336
136784,14.5508,17.7734
137468,15.3320,19.0430
138156,14.3555,18.7500
138848,15.5273,19.3359
139544,15.3320,18.1641
140244,15.8203,18.0664
140948,15.3320,18.6523
141656,15.0391,19.5313
142368,14.4531,17.9688
143080,14.4531,18.4570
143796,15.6250,18.3594
144516,14.6484,19.7266
145240,15.4297,18.7500
145968,15.7227,19.8242
146700,15.1367,19.4336
147436,15.7227,19.9219
148176,15.0391,18.8477
148920,17.8711,19.2383
149668,15.4297,19.3359
150420,15.2344,17.8711
151176,14.5508,18.4570
151932,15.2344,19.1406
152692,15.2344,18.2617
153456,15.2344,18.3594
154224,14.8438,19.1406
154996,13.7695,16.0156
155772,14.3555,19.5313
156552,14.3555,18.3594
157336,15.3320,18.7500
158124,15.0391,18.3594
158916,15.1367,19.8242
159712,15.1367,20.0195
160512,14.8438,18.4570
161316,15.7227,18.6523
162124,15.4297,19.1406
162936,16.0156,20.7031
163752,15.0391,18.7500
164572,15.2344,18.3594
165396,14.9414,17.9688
166224,15.3320,19.4336
167056,15.3320,18.7500
167892,14.5508,18.4570
168732,14.6484,17.5781
169576,16.1133,20.4102
170424,15.0391,18.1641
171280,15.2344,19.2383
172140,14.8438,19.1406
173004,21.3867,21.2891
173872,15.6250,19.1406
174744,15.4297,19.7266
175620,14.8438,17.4805
176500,15.2344,18.7500
177384,15.1367,18.9453
178272,15.3320,19.3359
179164,15.4297,18.8477
180060,16.0156,19.8242
180964,15.0391,17.0898
181872,15.5273,18.5547
182784,15.8203,19.0430
183700,15.7227,19.3359
184620,14.8438,18.0664
185544,14.3555,17.2852
186472,15.7227,21.1914
187408,15.9180,20.3125
188348,16.3086,20.5078
189292,15.5273,19.2383
190240,15.3320,18.5547
191192,15.7227,19.2383
192148,15.2344,19.3359
193112,16.1133,20.0195
194080,15.7227,18.8477
195052,14.9414,19.9219
196028,16.2109,18.3594
197012,14.4531,18.3594
198000,14.4531,17.9688
198992,14.8438,19.6289
199988,15.8203,20.0195
200988,13.7695,16.0156
201996,15.2344,19.3359
203008,14.8438,18.7500
204024,15.4297,18.5547
205048,15.4297,19.6289
206076,15.8203,19.6289
207108,15.5273,19.5313
208144,15.4297,17.4805
209188,15.1367,20.1172
210236,15.7227,19.1406
211288,15.8203,18.5547
212348,15.6250,21.4844
213412,15.4297,19.6289
214480,15.1367,18.8477
215556,14.7461,18.9453
216636,14.4531,19.0430
217720,15.1367,20.2148
218812,15.1367,19.0430
219908,14.7461,18.7500
221008,15.0391,17.6758
222116,15.0391,19.4336
223228,14.3555,18.8477
224348,14.9414,18.0664
225472,14.6484,18.3594
226600,15.6250,19.7266
227736,16.0156,20.4102
228876,15.3320,18.0664
230024,15.0391,19.9219
231176,16.1133,20.5078
232332,15.2344,18.5547
233496,15.6250,18.8477
234664,15.8203,19.7266
235840,14.3555,18.0664
237020,15.2344,19.3359
238208,15.4297,19.3359
239400,16.1133,19.6289
240600,15.0391,18.1641
241804,15.7227,18.6523
243016,15.0391,18.0664
244232,15.9180,19.3359
245456,15.4297,20.9961
246684,16.4063,20.5078
247920,15.3320,18.1641
249160,15.6250,19.7266
250408,15.1367,19.0430
251664,15.9180,19.2383
252924,15.6250,19.1406
254192,15.7227,19.5313
255464,14.9414,19.3359
256744,15.9180,20.0195
258028,16.2109,20.3125
259320,15.4297,19.0430
260620,15.3320,19.2383
261924,16.0156,21.1914
263236,18.3594,23.0469
264556,16.8945,19.9219
265880,17.2852,20.3125
267212,17.0898,20.1172
268552,17.2852,20.9961
269896,16.9922,19.9219
271248,17.5781,20.4102
272608,17.7734,21.2891
273972,17.4805,20.4102
275344,17.5781,20.1172
276724,17.3828,20.2148
278108,17.8711,22.1680
279500,16.6992,19.2383
280900,16.1133,19.5313
282308,16.6992,19.5313
283720,16.9922,20.2148
285140,15.6250,19.0430
286568,17.2852,21.2891
288004,17.1875,19.9219
289448,16.6016,18.9453
290896,16.6016,20.2148
292352,16.9922,19.1406
293816,16.3086,19.2383
295288,16.3086,18.7500
296768,16.5039,18.3594
298252,16.7969,20.6055
299744,18.0664,17.8711
301244,18.4570,20.3125
302752,15.8203,19.6289
304268,16.6992,19.4336
305792,17.6758,21.7773
307324,17.1875,20.5078
308864,17.5781,20.8008
310412,17.1875,21.3867
311968,16.8945,19.3359
313528,16.7969,19.7266
315096,16.9922,20.8984
316672,16.3086,20.4102
318256,17.5781,22.3633
319848,20.8008,19.7266
321448,16.8945,20.0195
323056,17.0898,20.2148
324672,16.6016,19.9219
326296,16.3086,20.4102
327928,17.3828,20.3125
329568,16.7969,20.8008
331216,17.2852,21.1914
332876,16.9922,20.8008
334544,17.1875,20.3125
336220,17.4805,20.8984
337904,16.8945,21.1914
339596,16.9922,20.8008
341296,19.8242,20.4102
343004,17.2852,21.1914
344720,17.3828,20.7031
346444,16.9922,19.7266
348180,16.9922,20.9961
349924,17.8711,21.8750
351676,16.6992,19.7266
353436,17.4805,21.2891
355204,18.1641,20.9961
356984,17.6758,20.5078
358772,17.4805,20.3125
360568,17.3828,20.3125
362372,17.3828,20.8008
364184,17.8711,21.9727
366008,16.5039,19.7266
367840,17.1875,19.3359
369680,16.9922,20.2148
371532,17.3828,20.0195
373392,17.2852,20.5078
375260,16.0156,18.4570
377140,16.3086,19.9219
379028,16.3086,20.0195
380924,17.8711,21.5820
382832,16.5039,19.2383
384748,17.0898,20.7031
386672,17.7734,22.8516
388608,16.6016,19.9219
390552,17.4805,20.2148
392508,16.7969,20.8984
394472,16.4063,19.4336
396448,17.6758,20.5078
398432,16.7969,19.5313
400428,17.6758,21.6797
402432,17.3828,20.8984
404448,16.7969,20.4102
406472,17.8711,20.3125
408508,17.4805,20.0195
410552,17.9688,20.7031
412608,19.3359,19.2383
414672,17.2852,21.0938
416748,17.6758,20.6055
418832,16.9922,20.2148
420928,17.2852,20.8008
423036,16.9922,20.0195
425152,16.3086,18.4570
427280,17.8711,20.5078
429420,17.5781,21.5820
431568,16.9922,19.7266
433728,17.5781,21.5820
435900,16.6992,19.0430
438080,17.7734,22.9492
440272,18.5547,22.1680
442476,17.7734,21.1914
444692,17.9688,21.0938
446916,17.9688,20.5078
449152,16.9922,20.5078
451400,17.7734,19.1406
453660,17.3828,20.2148
455932,18.4570,21.3867
458212,16.7969,19.8242
460504,17.6758,20.8008
462808,16.9922,19.9219
465124,16.9922,24.7070
467452,17.4805,19.8242
469792,16.9922,20.6055
472144,17.8711,20.8008
474508,16.9922,21.5820
476884,16.8945,20.0195
479272,17.9688,20.6055
481672,18.1641,20.4102
484084,18.8477,22.0703
486508,18.4570,22.3633
488944,18.9453,23.6328
491392,18.3594,21.7773
493852,17.7734,20.6055
496324,17.0898,20.3125
498808,18.4570,20.9961
501304,17.0898,19.8242
503812,18.0664,21.4844
506332,17.6758,21.0938
508864,17.5781,19.7266
511412,18.0664,21.3867
513972,18.1641,20.6055
516544,17.8711,22.1680
519128,16.9922,19.8242
521724,17.7734,20.3125
524336,20.3125,22.3633
526960,20.1172,23.4375
529596,17.9688,20.5078
532244,19.0430,22.9492
534908,18.2617,20.9961
537584,19.0430,21.8750
540272,17.6758,18.7500
542976,19.3359,22.2656
545692,19.0430,21.7773
548424,18.9453,21.2891
551168,18.1641,20.5078
553924,19.4336,22.7539
556696,18.2617,21.8750
559480,19.4336,22.5586
562280,18.7500,21.0938
565092,18.5547,21.6797
567920,19.2383,21.4844
570760,20.0195,23.5352
573616,18.6523,21.6797
576488,18.3594,21.2891
579372,19.8242,22.2656
582272,19.3359,22.5586
585184,19.8242,22.7539
588112,19.3359,21.7773
591056,18.6523,20.7031
594012,18.8477,22.3633
596984,19.9219,22.0703
599972,18.9453,20.3125
602972,19.0430,20.8984
605988,19.5313,22.6563
609020,18.9453,21.7773
612068,19.6289,22.7539
615132,18.7500,21.7773
618208,20.4102,23.0469
621300,18.8477,22.7539
624408,18.5547,22.5586
627532,19.4336,20.8008
630672,20.3125,22.9492
633828,18.7500,22.1680
637000,19.4336,23.0469
640188,19.5313,22.5586
643392,20.1172,22.4609
646612,18.5547,21.8750
649848,19.8242,22.9492
653100,20.1172,23.2422
656368,19.9219,23.0469
659652,19.1406,21.9727
662952,19.5313,21.7773
666268,19.7266,22.2656
669600,20.2148,22.3633
672948,20.1172,22.3633
676316,20.1172,22.5586
679700,20.4102,22.8516
683100,18.6523,19.4336
686516,23.7305,28.4180
689952,19.9219,21.8750
693404,19.5313,21.7773
696872,19.6289,23.2422
700360,19.2383,21.8750
703864,20.1172,22.2656
707384,20.0195,23.1445
710924,19.0430,19.5313
714480,18.0664,20.6055
718056,19.3359,21.5820
721648,20.1172,22.4609
725260,19.1406,22.1680
728888,20.9961,23.7305
732536,19.6289,22.0703
736200,18.8477,22.3633
739884,20.0195,23.1445
743584,18.7500,21.4844
747304,19.7266,23.3398
751044,19.3359,21.7773
754800,19.5313,21.8750
758576,19.5313,27.9297
762372,18.9453,20.9961
766184,19.8242,23.7305
770016,20.0195,23.7305
773868,18.1641,21.1914
777740,19.2383,22.2656
781632,20.2148,23.4375
785544,19.0430,20.6055
789472,19.4336,20.9961
793420,19.8242,22.4609
797388,20.4102,24.2188
801376,18.2617,21.2891
805384,19.1406,21.1914
809412,19.0430,23.2422
813460,18.4570,20.7031
817528,18.6523,21.4844
821616,20.2148,23.5352
825728,20.2148,22.7539
829860,20.5078,25.1953
834012,19.8242,23.1445
838184,20.2148,23.1445
842376,19.9219,22.5586
846588,18.6523,20.3125
850824,18.9453,21.6797
855080,21.0938,23.7305
859356,19.6289,21.8750
863656,19.9219,23.0469
867976,19.9219,22.6563
872316,19.1406,21.5820
876680,18.8477,21.4844
881064,20.4102,22.4609
885472,20.6055,25.3906
889900,20.4102,22.9492
894352,20.7031,24.5117
898824,19.5313,21.8750
903320,20.8008,24.1211
907840,20.8984,23.4375
912380,20.1172,23.7305
916944,19.7266,23.9258
921532,20.3125,22.8516
926140,19.6289,23.3398
930772,20.1172,23.1445
935428,19.3359,21.9727
940108,20.6055,23.3398
944812,18.2617,21.1914
949540,20.8008,23.9258
954288,19.8242,23.5352
959060,21.0938,24.6094
963856,19.2383,22.9492
968676,20.1172,23.3398
973520,22.3633,23.4375
978388,22.5586,23.0469
983280,20.7031,23.6328
988200,20.1172,22.8516
993144,20.0195,21.1914
998112,20.3125,23.5352
1003104,20.5078,25.1953
1008120,20.5078,23.5352
1013164,20.8984,24.7070
1018232,19.0430,21.9727
1023324,20.8008,25.3906
1028444,21.4844,24.8047
1033588,19.4336,21.7773
1038756,19.9219,23.2422
1043952,20.0195,23.2422
1049172,22.0703,24.5117
1054420,22.0703,25.0977
1059696,20.4102,23.3398
1064996,23.2422,27.7344
1070324,25.0000,25.0977
1075676,21.3867,23.9258
1081056,22.0703,25.1953
1086464,22.3633,24.2188
1091900,20.4102,22.6563
1097360,21.7773,25.0977
1102848,20.6055,22.9492
1108364,21.2891,24.1211
1113908,35.0586,27.3438
1119480,21.7773,24.0234
1125080,21.0938,23.5352
1130708,20.3125,23.5352
1136364,21.2891,23.3398
1142048,21.5820,23.9258
1147760,22.8516,25.8789
1153500,22.9492,25.2930
1159268,22.5586,24.4141
1165068,21.3867,23.5352
1170896,20.8984,23.4375
1176752,23.3398,25.6836
1182636,21.0938,24.5117
1188552,20.9961,25.2930
1194496,21.6797,24.7070
1200472,21.3867,24.1211
1206476,23.2422,25.6836
1212512,22.7539,24.8047
1218576,22.0703,24.2188
1224672,21.8750,23.5352
1230796,21.0938,22.5586
1236952,21.1914,22.9492
1243140,21.9727,23.8281
1249356,21.9727,25.0000
1255604,21.8750,24.7070
1261884,21.2891,24.0234
1268196,20.8008,23.2422
1274540,22.6563,25.3906
1280916,21.1914,23.3398
1287324,21.0938,23.6328
1293764,19.9219,22.1680
1300236,21.8750,23.5352
1306740,21.7773,23.4375
1313276,22.0703,25.7813
1319844,21.4844,23.4375
1326444,23.9258,23.0469
1333080,22.4609,25.8789
1339748,22.8516,24.6094
1346448,22.8516,26.1719
1353184,21.1914,23.7305
1359952,21.5820,23.5352
1366752,22.0703,24.7070
1373588,22.0703,24.4141
1380456,21.6797,24.7070
1387360,22.9492,25.0000
1394300,22.4609,24.7070
1401272,21.8750,23.7305
1408280,22.1680,24.4141
1415324,23.1445,24.7070
1422404,22.9492,26.0742
1429520,21.0938,22.6563
1436668,21.6797,23.9258
1443852,24.5117,23.9258
1451072,21.6797,24.4141
1458328,21.9727,23.6328
1465620,22.6563,25.5859
1472952,22.1680,24.4141
1480320,22.7539,25.3906
1487724,23.2422,25.3906
1495164,23.1445,24.5117
1502640,22.2656,24.6094
1510156,22.8516,25.2930
1517708,21.7773,23.2422
1525300,22.5586,23.8281
1532928,22.1680,23.5352
1540596,21.5820,24.5117
1548300,22.2656,24.1211
1556044,21.3867,23.9258
1563828,22.5586,27.0508
1571648,21.2891,23.0469
1579508,23.3398,24.4141
1587408,22.8516,24.8047
1595348,23.1445,25.7813
1603328,26.0742,25.7813
1611348,25.2930,24.7070
1619408,23.5352,24.8047
1627508,23.9258,24.4141
1635648,23.7305,25.9766
1643828,22.6563,24.9023
1652048,23.9258,26.4648
1660312,24.2188,26.7578
1668616,22.3633,25.0000
1676960,21.7773,25.7813
1685348,21.2891,23.3398
1693776,22.7539,24.1211
1702248,22.9492,25.5859
1710760,23.4375,25.9766
1719316,21.4844,23.7305
1727916,23.1445,24.7070
1736556,24.7070,27.7344
1745240,22.4609,24.2188
1753968,23.6328,26.4648
1762740,21.9727,24.3164
1771556,23.4375,26.5625
1780416,22.4609,25.6836
1789320,23.5352,25.6836
1798268,22.3633,25.0977
1807260,22.9492,26.3672
1816300,22.9492,25.4883
1825384,22.9492,24.5117
1834512,23.4375,25.5859
1843688,22.5586,24.4141
1852908,23.8281,26.5625
1862176,24.3164,26.2695
1871488,24.6094,29.3945
1880848,22.5586,25.0000
1890256,24.1211,26.6602
1899708,22.4609,25.4883
1909208,23.4375,27.0508
1918756,23.0469,25.4883
1928352,22.9492,25.1953
1937996,22.7539,25.3906
1947688,23.4375,25.9766
1957428,23.5352,26.2695
1967216,23.5352,25.6836
1977056,23.7305,25.2930
1986944,21.2891,23.2422
1996880,23.5352,26.0742
2006868,24.1211,25.1953
2016904,24.0234,26.4648
2026992,23.5352,24.9023
2037128,23.1445,26.0742
2047316,24.7070,27.8320
2057556,25.4883,27.4414
2067844,23.6328,25.7813
2078184,24.4141,27.9297
2088576,23.2422,28.0273
2099020,25.3906,29.6875
2109516,24.3164,27.1484
2120064,23.4375,26.0742
2130668,24.6094,26.2695
2141324,23.1445,25.7813
2152032,24.5117,26.6602
2162796,26.9531,28.1250
2173612,23.8281,26.0742
2184484,24.3164,26.2695
2195408,24.2188,25.5859
2206388,24.5117,26.4648
2217420,25.2930,27.0508
2228508,24.3164,26.1719
2239652,24.8047,28.0273
2250852,24.2188,26.1719
2262108,24.6094,28.4180
2273420,24.6094,26.9531
2284788,24.5117,25.4883
2296212,24.5117,26.5625
2307696,24.7070,27.2461
2319236,23.8281,25.6836
2330836,25.4883,26.2695
2342492,24.1211,26.0742
2354208,25.0000,27.1484
2365980,23.9258,26.1719
2377812,23.7305,25.7813
2389704,23.8281,26.8555
2401656,25.5859,27.4414
2413668,23.7305,25.9766
2425740,24.2188,25.8789
2437872,24.4141,27.8320
2450064,23.7305,25.4883
2462316,23.4375,25.0977
2474628,24.1211,24.8047
2487004,24.7070,26.9531
2499440,24.0234,25.9766
2511940,23.2422,24.8047
2524500,24.4141,26.2695
2537124,25.2930,27.8320
2549812,23.9258,26.4648
2562564,23.3398,25.4883
2575380,24.6094,27.3438
2588260,23.5352,25.6836
2601204,22.8516,24.5117
2614212,24.4141,26.8555
2627284,23.5352,26.2695
2640424,24.6094,26.2695
2653628,24.2188,25.9766
2666900,26.0742,29.0039
2680236,25.0000,27.1484
2693640,24.7070,27.0508
2707112,24.2188,26.3672
2720648,25.7813,28.1250
2734252,34.9609,26.3672
2747924,26.1719,29.4922
2761664,24.7070,26.7578
2775476,23.9258,25.8789
2789356,23.5352,25.0000
2803304,24.2188,28.3203
2817324,24.7070,27.5391
2831412,25.6836,28.3203
2845572,25.7813,27.9297
2859800,25.0977,26.7578
2874100,23.6328,26.2695
2888472,25.0000,26.0742
2902916,23.5352,26.1719
2917432,24.5117,27.1484
2932020,27.5391,27.3438
2946684,24.7070,27.5391
2961420,25.1953,27.3438
2976228,24.7070,26.6602
2991112,24.8047,28.4180
3006068,24.3164,26.5625
3021100,28.0273,28.2227
3036208,24.9023,27.6367
3051392,24.8047,25.9766
3066652,25.0977,27.0508
3081988,25.2930,27.1484
3097400,24.4141,27.2461
3112888,25.0977,27.1484
3128456,25.5859,26.8555
3144100,24.2188,25.4883
3159824,26.1719,28.9063
3175624,25.0000,27.0508
3191504,25.0000,28.9063
3207464,23.8281,25.0000
3223504,26.3672,29.8828
3239624,23.4375,24.6094
3255824,25.2930,26.1719
3272104,25.8789,27.4414
3288468,25.5859,29.9805
3304912,25.5859,28.6133
3321440,26.1719,29.2969
3338048,24.1211,26.5625
3354740,26.2695,28.9063
3371516,25.9766,28.4180
3388376,38.0859,28.7109
3405320,25.7813,29.6875
3422348,25.4883,26.8555
3439460,26.0742,27.3438
3456660,24.8047,26.6602
3473944,25.6836,29.3945
3491316,26.1719,28.3203
3508776,26.1719,28.1250
3526320,24.5117,27.7344
3543952,25.0000,26.8555
3561672,25.0977,27.2461
3579484,26.7578,29.1992
3597384,42.7734,33.4961
3615372,31.0547,29.3945
3633452,31.0547,28.0273
3651620,28.5156,28.7109
3669880,30.4688,32.4219
3688232,26.8555,28.7109
3706676,27.0508,28.3203
3725212,25.8789,27.9297
3743840,25.6836,27.8320
3762560,27.1484,28.2227
3781376,26.9531,29.1992
3800284,25.6836,27.3438
3819288,25.5859,28.4180
3838388,25.3906,27.8320
3857580,27.1484,28.7109
3876868,28.0273,30.3711
3896256,25.0000,27.3438
3915740,26.1719,28.2227
3935320,26.3672,30.4688
3955000,25.1953,27.4414
3974776,26.0742,28.1250
3994652,23.4375,25.9766
4014628,24.4141,26.8555
4034704,26.3672,26.3672
4054880,26.1719,28.5156
4075156,27.2461,29.6875
4095532,26.5625,30.3711
4116012,25.1953,27.2461
4136596,25.7813,28.2227
4157280,26.7578,28.7109
4178068,25.0977,26.6602
4198960,27.2461,30.7617
4219956,26.9531,29.2969
4241056,26.8555,28.2227
4262264,24.8047,28.1250
4283576,26.9531,30.0781
4304996,25.9766,27.8320
4326524,26.4648,29.5898
4348160,27.0508,29.3945
4369904,26.1719,29.0039
4391756,27.0508,29.1992
4413716,27.6367,29.4922
4435788,28.5156,31.1523
4457968,27.3438,30.7617
4480260,27.6367,30.2734
4502664,26.1719,28.8086
4525180,27.5391,30.0781
4547808,27.2461,29.1992
4570548,27.3438,30.4688
4593404,25.5859,27.4414
4616372,27.8320,30.8594
4639456,28.0273,33.5938
4662656,27.8320,30.5664
4685972,27.0508,29.7852
4709404,26.2695,29.2969
4732952,28.0273,30.2734
4756620,29.1992,29.4922
4780404,25.7813,28.7109
4804308,25.7813,28.5156
4828332,27.8320,31.2500
4852476,27.4414,43.0664
4876740,27.8320,31.0547
4901124,27.3438,30.5664
4925632,27.0508,29.1016
4950264,26.7578,30.2734
4975016,28.3203,31.6406
4999892,26.9531,29.6875
5024892,26.8555,28.8086
5050020,26.4648,30.4688
5075272,28.1250,31.0547
5100652,26.6602,28.5156
5126156,26.3672,27.4414
5151788,25.7813,29.3945
5177548,25.7813,30.8594
5203436,27.4414,29.8828
5229456,26.5625,28.3203
5255604,27.0508,29.6875
5281884,26.6602,28.5156
5308296,25.8789,28.6133
5334840,28.7109,32.0313
5361516,26.4648,29.3945
5388324,28.0273,31.0547
5415268,28.1250,29.6875
5442348,26.3672,28.5156
5469560,26.8555,29.1992
5496908,28.0273,30.1758
5524396,27.1484,29.7852
5552020,27.0508,29.3945
5579784,28.8086,31.3477
5607684,29.1016,32.0313
5635724,27.4414,30.2734
5663904,29.0039,31.9336
5692224,27.3438,30.1758
5720688,28.3203,30.8594
5749292,28.8086,31.2500
5778040,27.1484,29.0039
5806932,27.2461,29.7852
5835968,26.6602,29.1016
5865148,27.2461,29.5898
5894476,26.9531,29.6875
5923952,30.1758,32.9102
5953572,28.0273,33.8867
5983340,27.2461,30.5664
6013260,27.6367,29.7852
6043328,28.4180,30.9570
6073548,27.4414,29.5898
6103916,26.1719,29.1016
6134436,25.6836,28.8086
6165112,27.7344,29.6875
6195940,27.4414,29.4922
6226920,28.8086,31.6406
6258056,28.1250,31.4453
6289348,27.5391,29.9805
6320796,28.4180,31.4453
6352400,26.9531,30.6641
6384164,29.3945,33.0078
6416088,27.6367,29.9805
6448172,28.4180,32.7148
6480416,27.3438,31.1523
6512820,26.7578,29.0039
6545388,29.1016,32.1289
6578116,27.4414,29.5898
6611008,27.9297,31.1523
6644064,28.8086,30.7617
6677288,28.6133,30.7617
6710676,28.1250,30.0781
6744232,29.0039,31.5430
6777956,29.8828,34.7656
6811848,26.0742,28.9063
6845908,29.1992,31.2500
6880140,28.6133,30.7617
6914544,32.1289,31.5430
6949120,26.2695,28.9063
6983868,28.6133,31.6406
7018788,28.2227,31.4453
7053884,29.1016,32.0313
7089156,27.6367,30.5664
7124604,29.0039,30.5664
7160228,31.1523,31.0547
7196032,27.9297,30.0781
7232016,27.3438,31.2500
7268180,27.6367,32.0313
7304524,28.6133,30.2734
7341048,27.1484,30.9570
7377756,28.0273,30.3711
7414648,28.3203,32.2266
7451724,27.4414,29.5898
7488984,27.2461,30.7617
7526432,29.1016,31.7383
7564068,28.3203,32.4219
7601892,29.8828,32.2266
7639904,30.0781,33.7891
7678104,27.9297,29.9805
7716496,27.9297,29.6875
7755080,26.4648,28.9063
7793856,28.8086,31.7383
7832828,29.1992,32.5195
7871996,28.6133,30.8594
7911356,28.0273,30.8594
7950916,29.6875,32.5195
7990672,29.7852,33.8867
8030628,27.9297,30.2734
8070784,29.1016,32.2266
8111140,29.6875,31.4453
8151696,31.0547,31.9336
8192456,29.1016,33.8867
8233420,29.8828,32.5195
8274588,30.0781,33.7891
8315964,29.0039,39.7461
8357544,29.3945,31.7383
8399332,28.6133,31.7383
8441332,29.0039,30.9570
8483540,30.2734,33.3008
8525960,30.2734,33.2031
8568592,29.0039,30.8594
8611436,29.3945,30.4688
8654496,29.3945,30.8594
8697772,29.7852,32.9102
8741264,28.6133,31.4453
8784972,29.5898,31.7383
8828900,27.7344,29.2969
8873048,29.9805,32.7148
8917416,29.3945,32.4219
8962004,30.5664,32.6172
9006816,28.3203,30.6641
9051852,27.4414,32.1289
9097112,30.2734,31.7383
9142600,27.8320,29.3945
9188316,29.4922,31.9336
9234260,28.8086,29.9805
9280432,28.8086,30.7617
9326836,29.1016,31.8359
9373472,27.8320,29.9805
9420340,29.1016,30.7617
9467444,32.0313,32.0313
9514784,30.6641,34.7656
9562360,28.3203,30.3711
9610172,29.2969,31.5430
9658224,29.6875,31.8359
9706516,28.6133,30.3711
9755052,27.6367,29.1992
9803828,28.1250,31.2500
9852848,28.4180,29.9805
9902116,28.8086,31.2500
9951628,30.4688,32.4219
10001388,31.3477,31.9336
10051396,28.8086,30.8594
10101656,29.9805,32.2266
10152168,29.5898,32.5195
10202932,29.8828,32.5195
10253948,31.4453,35.3516
10305220,30.6641,33.3008
10356748,29.9805,32.8125
10408532,27.6367,30.4688
10460576,28.5156,31.4453
10512880,28.5156,35.1563
10565448,28.8086,31.0547
10618276,27.5391,29.1016
10671368,32.0313,32.4219
10724728,29.5898,34.2773
10778352,27.7344,32.3242
10832244,29.0039,31.7383
10886408,29.6875,32.0313
10940844,30.3711,32.2266
10995552,31.1523,32.9102
11050532,29.1992,34.6680
11105788,29.3945,30.6641
11161320,28.7109,30.7617
11217128,31.0547,33.0078
11273216,29.4922,31.9336
11329584,29.9805,33.9844
11386232,29.7852,31.6406
11443164,29.8828,32.7148
11500380,30.5664,33.3984
11557884,29.8828,32.5195
11615676,28.7109,29.7852
11673756,30.0781,33.0078
11732128,30.2734,33.3008
11790792,30.9570,33.8867
11849748,28.3203,30.5664
11909000,31.4453,31.9336
11968548,29.6875,31.8359
12028392,29.1016,30.4688
12088536,29.1016,30.4688
12148980,36.6211,34.8633
12209728,29.8828,31.4453
12270780,52.5391,34.9609
12332136,32.2266,32.4219
12393800,29.3945,30.6641
12455772,30.5664,31.1523
12518052,32.1289,33.1055
12580644,36.7188,31.7383
12643548,30.9570,33.2031
12706768,30.4688,32.9102
12770304,30.5664,33.3984
12834156,31.3477,33.9844
12898328,31.6406,35.4492
12962820,29.1992,31.1523
13027636,30.9570,33.3984
13092776,29.7852,31.0547
13158240,28.0273,28.8086
13224032,29.2969,32.5195
13290156,29.6875,32.1289
13356608,30.3711,31.9336
13423392,30.2734,33.3008
13490512,31.5430,32.1289
13557968,31.3477,34.8633
13625760,32.3242,33.5938
13693892,31.5430,36.1328
13762364,29.6875,31.9336
13831176,27.4414,29.7852
13900332,30.0781,33.6914
13969836,29.1992,33.2031
14039688,29.9805,32.9102
14109888,29.3945,32.2266
14180440,29.1992,32.2266
14251344,31.1523,34.4727
14322604,30.9570,33.3008
14394220,29.0039,30.3711
14466192,29.9805,32.9102
14538524,40.7227,33.7891
14611220,30.3711,32.8125
14684280,29.1016,30.8594
14757704,31.4453,33.4961
14831496,30.2734,33.1055
14905656,31.0547,32.4219
14980188,31.1523,32.9102
15055092,31.9336,33.9844
15130368,30.6641,33.4961
15206020,29.4922,30.6641
15282052,34.7656,35.7422
15358464,28.7109,31.3477
15435260,31.5430,33.3984
15512440,36.0352,31.9336
15590004,31.1523,33.2031
15667956,32.6172,37.1094
15746296,30.4688,32.6172
15825028,30.5664,32.9102
15904156,30.6641,33.0078
15983680,30.3711,33.7891
16063600,29.3945,31.8359
16143920,30.0781,32.8125
16224640,30.6641,32.2266
16305764,29.6875,32.4219
16387296,28.1250,30.4688
16469236,29.9805,36.0352
16551584,30.7617,33.6914
16634344,31.1523,33.6914
16717516,30.2734,31.3477
16801104,32.3242,35.4492
16885112,31.2500,33.1055
16969540,29.7852,35.7422
17054388,30.9570,33.4961
17139660,30.9570,34.0820
17225360,32.9102,35.2539
17311488,31.7383,34.3750
17398048,32.4219,35.7422
17485040,32.1289,34.5703
17572468,31.5430,33.9844
17660332,29.9805,33.3984
17748636,31.1523,32.5195
17837380,32.4219,35.1563
17926568,30.0781,33.2031
18016204,30.1758,32.6172
18106288,32.5195,34.9609
18196820,32.2266,36.1328
18287808,43.1641,40.9180
18379248,37.9883,37.7930
18471148,36.2305,35.3516
18563504,34.1797,36.2305
18656324,34.2773,35.9375
18749608,33.5938,37.2070
18843360,35.1563,34.0820
18937580,32.3242,33.2031
19032268,33.8867,37.1094
19127432,32.0313,33.7891
19223072,34.0820,37.2070
19319188,33.0078,36.0352
19415784,32.0313,35.0586
19512864,32.6172,34.9609
19610432,32.4219,35.6445
19708488,32.8125,36.1328
19807032,31.8359,34.4727
19906068,31.7383,33.7891
20005600,35.5469,36.9141
20105628,30.5664,33.6914
20206160,32.4219,34.8633
20307192,33.9844,38.3789
20408728,31.3477,30.8594
20510772,33.8867,37.5000
20613328,34.1797,35.2539
20716396,33.3008,35.4492
20819980,33.6914,36.9141
20924080,31.4453,34.0820
21028704,32.0313,34.5703
21133848,32.4219,35.3516
21239520,33.6914,37.2070
21345720,28.9063,32.1289
21452452,29.1992,31.4453
21559716,32.5195,36.0352
21667516,33.1055,35.9375
21775856,34.4727,37.3047
21884736,29.7852,32.0313
21994160,30.8594,33.3008
22104132,33.3984,36.8164
22214656,33.6914,35.7422
22325732,33.3984,35.3516
22437364,33.3008,36.6211
22549552,34.5703,37.3047
22662300,37.3047,37.9883
22775612,33.3984,35.0586
22889492,32.7148,37.3047
23003940,32.5195,36.6211
23118960,32.9102,34.5703
23234556,32.1289,34.4727
23350732,34.6680,39.6484
23467488,33.5938,34.4727
23584828,34.6680,36.0352
23702756,33.7891,37.1094
23821272,35.0586,36.3281
23940380,35.0586,37.6953
24060084,32.9102,36.3281
24180388,33.7891,35.4492
24301292,35.1563,36.7188
24422800,31.7383,42.5781
24544916,42.2852,37.4023
24667644,37.3047,41.9922
24790984,34.3750,37.4023
24914940,37.6953,37.6953
25039516,32.8125,33.1055
25164716,40.2344,41.3086
25290540,36.8164,38.7695
25416996,33.3984,35.9375
25544084,38.0859,40.1367
25671808,33.8867,36.4258
25800168,35.3516,36.8164
25929172,36.1328,37.4023
26058820,45.8008,45.3125
26189116,47.3633,40.2344
26320064,41.7969,39.0625
26451668,40.9180,45.1172
26583928,43.4570,44.8242
26716848,51.6602,45.0195
26850436,44.2383,43.5547
26984692,44.0430,41.8945
27119616,43.4570,50.2930
27255216,51.1719,42.3828
27391496,67.7734,55.7617
27528456,54.3945,40.9180
27666100,39.7461,37.4023
27804432,37.7930,46.0938
27943456,41.5039,42.4805
28083176,41.3086,40.4297
28223592,38.6719,37.1094
28364712,41.4063,44.2383
28506536,45.1172,42.1875
28649072,39.5508,39.2578
28792320,40.3320,40.3320
28936284,49.4141,42.7734
29080968,44.0430,44.7266
29226376,39.7461,37.8906
29372508,41.4063,39.0625
29519372,41.0156,45.2148
29666972,39.2578,40.7227
29815308,43.0664,43.4570
29964388,42.7734,44.7266
30114212,48.1445,45.6055
30264784,41.4063,41.3086
30416108,41.6016,42.2852
30568192,39.2578,39.9414
30721036,42.5781,62.3047
30874644,42.6758,39.6484
31029020,44.5313,42.0898
31184168,43.5547,45.9961
31340092,49.2188,45.3125
31496796,47.0703,46.4844
31654280,43.8477,41.9922
31812552,56.9336,47.9492
31971616,53.9063,45.7031
32131476,46.1914,44.6289
32292136,55.0781,47.1680
32453600,44.2383,44.5313
32615868,41.4063,40.5273
32778948,44.2383,48.2422
32942844,46.7773,44.1406
33107560,63.9648,50.3906
33273100,70.2148,64.2578
33439468,55.8594,49.3164
33606668,56.9336,54.0039
33774704,65.1367,55.6641
33943580,46.5820,46.5820
34113300,56.1523,59.9609
34283868,53.5156,52.5391
34455288,51.8555,46.9727
34627568,55.7617,48.3398
34800708,52.1484,50.5859
34974712,45.6055,54.1992
35149588,59.2773,55.7617
35325336,51.2695,50.0000
35501964,47.2656,49.8047
35679476,57.1289,54.1016
35857876,55.8594,51.7578
36037168,52.1484,63.0859
36217356,54.7852,52.1484
36398444,49.8047,58.3984
36580440,53.5156,49.9023
36763344,51.3672,49.4141
36947164,61.8164,51.4648
37131900,58.7891,54.8828
37317560,71.2891,64.3555
37504148,58.9844,55.5664
37691672,57.3242,53.3203
37880132,61.7188,54.3945
38069536,54.5898,52.9297
38259884,62.4023,56.5430
38451184,63.2813,61.7188
38643440,82.2266,56.8359
38836660,58.3984,57.0313
39030844,64.2578,67.2852
39226000,56.9336,58.9844
39422132,60.6445,64.1602
39619244,66.0156,57.2266
39817344,61.4258,74.3164
40016432,81.8359,64.8438
40216516,60.5469,60.4492
40417600,58.2031,53.2227
40619688,55.7617,55.9570
40822788,59.3750,53.6133
41026904,71.8750,74.2188
41232040,68.4570,61.3281
41438204,62.1094,68.5547
41645396,64.9414,60.0586
41853624,68.7500,88.4766
42062896,63.2813,61.2305
42273212,62.6953,59.7656
42484580,60.2539,58.9844
42697004,72.6563,60.6445
42910492,57.6172,53.8086
43125048,61.4258,56.2500
43340676,69.2383,64.4531
43557380,71.2891,68.9453
43775168,67.5781,70.2148
43994044,60.9375,58.3984
44214016,68.7500,73.6328
44435088,60.9375,57.9102
44657264,65.8203,61.6211
44880552,68.6523,61.7188
45104956,74.3164,93.3594
45330484,74.1211,75.3906
45557140,87.8906,71.4844
45784928,71.4844,67.2852
46013856,78.9063,67.2852
46243928,66.3086,63.8672
46475148,70.6055,65.2344
46707524,70.2148,85.8398
46941064,73.1445,66.7969
47175772,75.1953,76.3672
47411652,75.6836,67.8711
47648712,84.4727,66.1133
47886956,91.6992,67.0898
48126392,82.8125,90.2344
48367024,72.4609,72.2656
48608860,86.4258,69.3359
48851908,79.6875,77.0508
49096168,74.8047,70.1172
49341652,76.2695,75.3906
49588364,100.8789,69.9219
49836308,71.2891,70.1172
50085492,79.6875,54.7852
50335920,94.4336,78.5156
50587600,76.5625,76.8555
50840540,104.8828,65.8203
51094744,72.8516,66.9922
51350220,74.6094,70.7031
51606972,85.0586,98.7305
51865008,85.9375,76.5625
52124336,81.9336,69.2383
52384960,87.0117,72.2656
52646888,80.8594,80.5664
52910124,75.2930,67.6758
53174676,75.0977,72.5586
53440552,100.3906,74.2188
53707756,72.9492,73.9258
53976296,83.7891,99.7070
54246180,75.0000,70.4102
54517412,89.4531,82.9102
54790000,89.1602,87.6953
55063952,77.0508,74.8047
55339272,83.8867,79.5898
55615972,111.0352,101.7578
55894052,141.1133,76.5625
56173524,120.8984,83.0078
56454392,115.5273,92.3828
56736664,100.1953,88.4766
57020348,77.9297,70.4102
57305452,110.8398,76.5625
57591980,85.6445,97.4609
57879940,91.6016,82.8125
58169340,151.3672,100.0000
58460188,102.7344,88.2813
58752492,100.0000,90.3320
59046256,99.6094,81.7383
59341488,101.4648,91.5039
59638196,106.4453,88.7695
59936388,93.2617,102.2461
60236072,90.3320,88.8672
60537256,89.6484,85.6445
60839944,99.6094,112.5977
61144144,103.2227,87.2070
61449868,111.4258,94.0430
61757120,103.1250,92.6758
62065908,125.5859,84.4727
62376240,90.6250,86.7188
62688124,99.1211,83.5938
63001568,100.3906,87.3047
63316576,99.5117,105.1758
63633160,101.5625,91.3086
63951328,90.7227,83.4961
64271088,92.2852,84.4727
64592444,99.9023,115.7227
64915408,95.3125,102.8320
65239988,106.7383,87.5977
65566188,97.8516,102.5391
65894020,86.6211,82.4219
66223492,110.5469,90.4297
66554612,94.8242,89.1602
66887388,90.0391,88.1836
