4,1.9531,2.6367
8,3.7109,6.2500
12,3.7109,7.6172
16,4.7852,9.6680
20,6.2500,8.6914
24,4.9805,10.7422
28,5.8594,11.6211
32,6.6406,12.8906
36,7.3242,12.3047
40,6.1523,12.3047
44,6.3477,11.8164
48,6.0547,12.5977
52,6.4453,12.4023
56,6.5430,14.6484
60,6.4453,14.9414
64,6.3477,15.1367
68,7.1289,16.3086
72,8.1055,15.7227
76,7.7148,16.4063
80,8.0078,16.0156
84,7.9102,15.5273
88,7.7148,15.8203
92,7.2266,15.5273
96,9.0820,16.3086
100,7.3242,15.5273
104,7.0313,15.3320
108,7.5195,15.5273
112,7.9102,16.4063
116,6.6406,16.9922
120,7.1289,18.2617
124,7.6172,18.0664
128,7.2266,19.8242
132,8.5938,18.6523
136,8.5938,18.7500
140,8.4961,18.4570
144,8.3984,17.7734
148,8.6914,18.0664
152,8.7891,19.1406
156,8.9844,19.6289
160,8.8867,19.2383
164,5.3711,16.9922
168,5.2734,17.4805
172,5.2734,16.4063
176,5.0781,16.2109
180,5.3711,16.0156
184,5.2734,16.7969
188,5.2734,16.3086
192,5.3711,16.0156
196,5.3711,16.6992
200,5.2734,16.2109
204,5.4688,16.3086
208,5.2734,16.1133
212,5.3711,16.4063
216,5.3711,16.7969
220,5.2734,16.2109
224,5.1758,16.4063
228,5.2734,17.4805
232,5.1758,17.0898
236,5.0781,17.6758
240,5.3711,15.4297
244,5.2734,16.7969
248,5.4688,18.1641
252,5.3711,17.1875
256,5.2734,17.3828
260,6.1523,17.9688
264,6.2500,18.1641
268,6.1523,17.4805
272,6.1523,96.3867
276,6.2500,16.7969
280,6.1523,18.0664
284,6.4453,17.0898
288,6.2500,17.3828
292,6.1523,17.8711
296,6.1523,17.9688
300,6.3477,18.7500
304,6.4453,17.6758
308,6.3477,17.2852
312,6.1523,18.7500
316,6.2500,17.1875
320,6.3477,16.6016
324,6.3477,17.5781
328,6.2500,19.3359
332,6.1523,17.0898
336,6.2500,17.5781
340,9.8633,18.1641
344,6.3477,18.9453
348,6.3477,18.3594
352,6.2500,17.7734
356,6.3477,18.0664
360,6.2500,17.7734
364,6.2500,17.9688
368,6.2500,17.1875
372,6.3477,18.7500
376,6.2500,16.9922
380,6.1523,17.6758
384,6.5430,17.9688
388,6.2500,18.2617
392,6.1523,18.7500
396,6.2500,19.0430
400,6.2500,18.4570
404,6.1523,17.8711
408,6.3477,17.9688
412,6.1523,21.1914
416,6.4453,19.3359
420,6.1523,18.2617
424,6.1523,19.0430
428,6.2500,19.5313
432,6.6406,18.8477
436,6.1523,19.0430
440,6.3477,19.0430
444,6.2500,18.9453
448,6.1523,18.2617
452,6.2500,19.7266
456,6.1523,19.0430
460,6.2500,19.5313
464,6.4453,19.0430
468,6.1523,18.5547
472,6.1523,20.4102
476,6.1523,20.1172
480,6.1523,20.0195
484,6.2500,20.2148
488,6.2500,19.5313
492,6.1523,19.7266
496,6.2500,19.7266
500,6.2500,19.7266
504,6.2500,20.4102
508,6.1523,19.9219
512,6.1523,20.4102
516,8.1055,20.5078
520,8.3008,20.6055
524,7.7148,20.0195
528,8.3984,21.5820
532,8.2031,19.8242
536,7.6172,18.1641
540,8.0078,19.7266
544,7.4219,20.3125
548,7.6172,20.0195
552,7.4219,20.0195
556,7.6172,19.3359
560,8.0078,19.5313
564,8.3984,19.8242
568,7.6172,20.2148
572,7.9102,19.6289
576,7.8125,20.6055
580,7.1289,20.5078
584,8.1055,19.7266
588,8.1055,20.4102
592,7.7148,19.4336
596,8.0078,20.1172
600,8.3008,20.6055
604,7.4219,19.5313
608,7.6172,19.7266
612,7.4219,20.9961
616,7.4219,20.4102
620,10.7422,20.3125
624,8.0078,20.6055
628,7.4219,20.2148
632,8.3984,20.4102
636,8.3984,20.4102
640,7.1289,20.7031
644,7.9102,20.8008
648,7.8125,20.8008
652,8.0078,19.6289
656,8.4961,19.9219
660,8.3984,20.5078
664,7.6172,20.8984
668,8.2031,21.2891
672,8.2031,20.3125
676,7.6172,20.9961
680,8.2031,20.0195
684,8.4961,19.8242
688,7.9102,20.1172
692,8.1055,20.3125
696,8.5938,20.8008
700,7.7148,20.8008
704,7.3242,21.6797
708,8.2031,20.4102
712,7.9102,19.8242
716,8.0078,20.4102
720,7.3242,21.0938
724,7.7148,20.6055
728,7.6172,21.0938
732,7.7148,20.6055
736,7.9102,21.0938
740,7.5195,21.8750
744,7.9102,21.2891
748,7.4219,46.9727
752,8.5938,23.0469
756,7.8125,21.5820
760,8.0078,21.4844
764,7.7148,22.1680
768,7.6172,20.2148
772,8.3984,21.4844
776,8.2031,20.8008
780,7.8125,21.4844
784,8.5938,21.9727
788,7.8125,22.9492
792,7.3242,21.1914
796,8.3008,20.3125
800,7.8125,21.6797
804,7.8125,21.6797
812,7.9102,22.1680
820,16.6016,23.2422
828,8.0078,22.6563
836,8.2031,21.6797
844,7.3242,23.8281
852,8.2031,23.0469
860,7.7148,21.4844
868,8.2031,21.4844
876,7.9102,23.1445
884,7.9102,22.1680
892,8.2031,22.1680
900,7.5195,21.9727
908,7.5195,22.4609
916,7.7148,20.9961
924,7.3242,21.7773
932,7.7148,20.7031
940,7.8125,21.3867
948,7.6172,22.6563
956,7.8125,22.7539
964,7.1289,23.1445
972,8.5938,22.3633
980,8.0078,22.4609
988,7.2266,21.9727
996,7.5195,22.7539
1004,8.4961,22.2656
1012,8.3008,22.7539
1020,7.3242,21.9727
1028,9.9609,23.4375
1036,9.7656,22.8516
1044,9.7656,23.6328
1052,9.6680,23.5352
1060,9.7656,23.9258
1068,9.7656,25.8789
1076,9.5703,22.3633
1084,9.6680,23.2422
1092,10.1563,22.9492
1100,9.1797,21.1914
1108,9.3750,23.6328
1116,8.9844,21.6797
1124,9.3750,23.4375
1132,9.0820,22.5586
1140,9.5703,22.5586
1148,9.6680,23.7305
1156,9.4727,23.1445
1164,9.1797,23.8281
1172,9.2773,23.5352
1180,9.7656,23.5352
1188,10.0586,23.0469
1196,9.5703,22.6563
1204,9.6680,23.4375
1212,9.5703,21.9727
1220,9.7656,23.6328
1228,9.3750,22.9492
1236,9.9609,22.8516
1244,9.3750,23.2422
1252,9.4727,22.7539
1260,9.1797,21.1914
1268,9.5703,24.1211
1276,10.0586,23.6328
1284,9.6680,21.8750
1292,9.4727,23.3398
1300,9.3750,23.2422
1308,9.3750,22.4609
1316,9.2773,24.4141
1324,9.3750,23.1445
1332,9.6680,23.0469
1340,9.9609,23.3398
1348,9.5703,22.4609
1356,9.1797,22.7539
1364,9.3750,23.0469
1372,9.7656,23.5352
1380,9.2773,22.8516
1388,9.4727,23.5352
1396,9.7656,23.1445
1404,9.5703,22.1680
1412,9.7656,23.5352
1420,9.7656,23.0469
1428,9.6680,23.2422
1436,9.6680,22.6563
1444,10.1563,23.9258
1452,9.6680,23.1445
1460,9.8633,24.5117
1468,9.8633,24.1211
1476,9.8633,24.0234
1484,9.5703,22.8516
1492,9.5703,24.5117
1500,9.8633,23.3398
1508,9.5703,23.7305
1516,10.1563,22.9492
1524,9.9609,23.4375
1532,9.7656,23.6328
1540,9.5703,24.5117
1548,9.3750,23.8281
1556,8.8867,23.5352
1564,9.4727,25.4883
1572,9.8633,22.9492
1580,9.1797,22.8516
1588,9.7656,23.8281
1596,8.8867,23.0469
1604,9.5703,24.2188
1616,9.3750,24.5117
1628,9.3750,22.9492
1640,9.8633,23.3398
1652,9.1797,23.7305
1664,9.8633,23.4375
1676,9.3750,23.1445
1688,9.5703,23.9258
1700,9.6680,24.5117
1712,9.6680,22.8516
1724,9.8633,23.9258
1736,9.5703,24.2188
1748,9.4727,23.7305
1760,9.7656,23.7305
1772,9.5703,22.3633
1784,9.0820,23.6328
1796,9.9609,24.7070
1808,9.6680,24.6094
1820,9.0820,24.5117
1832,9.3750,23.2422
1844,9.9609,23.8281
1856,9.4727,23.3398
1868,9.0820,23.9258
1880,9.4727,22.9492
1892,9.7656,24.6094
1904,9.8633,23.5352
1916,9.9609,23.7305
1928,9.1797,23.8281
1940,9.2773,24.3164
1952,9.9609,24.5117
1964,9.5703,24.2188
1976,9.6680,24.4141
1988,9.8633,23.5352
2000,9.7656,24.7070
2012,9.5703,23.8281
2024,9.5703,26.2695
2036,9.9609,24.3164
2048,9.5703,26.3672
2060,11.6211,24.7070
2072,11.8164,26.8555
2084,11.5234,25.3906
2096,13.9648,25.5859
2108,11.7188,25.3906
2120,11.8164,25.3906
2132,11.7188,25.0000
2144,11.5234,24.2188
2156,12.5000,26.1719
2168,11.8164,25.5859
2180,11.1328,24.9023
2192,10.7422,25.3906
2204,11.5234,25.8789
2216,11.5234,25.2930
2228,11.4258,24.4141
2240,10.9375,24.8047
2252,10.7422,25.0000
2264,11.9141,24.5117
2276,11.7188,24.1211
2288,11.3281,25.4883
2300,11.3281,25.5859
2312,11.3281,25.7813
2324,12.0117,25.8789
2336,12.5000,25.7813
2348,11.1328,24.3164
2360,12.1094,26.4648
2372,11.3281,25.1953
2384,10.6445,25.4883
2396,12.2070,25.1953
2408,11.9141,25.2930
2424,11.2305,24.4141
2440,11.0352,24.6094
2456,13.8672,25.5859
2472,12.4023,25.9766
2488,12.0117,24.8047
2504,11.0352,26.1719
2520,11.9141,26.4648
2536,11.4258,24.2188
2552,11.0352,24.9023
2568,11.9141,24.3164
2584,11.4258,25.6836
2600,11.1328,24.7070
2616,11.8164,25.6836
2632,11.4258,24.5117
2648,11.9141,25.6836
2664,11.8164,26.4648
2680,11.5234,27.6367
2696,12.2070,25.6836
2712,11.5234,25.8789
2728,11.0352,25.3906
2744,11.5234,24.8047
2760,14.3555,29.8828
2776,15.4297,26.6602
2792,11.7188,25.5859
2808,11.7188,24.9023
2824,11.7188,26.4648
2840,11.7188,26.1719
2856,11.9141,27.0508
2872,11.7188,26.0742
2888,11.5234,26.3672
2904,12.3047,26.5625
2920,11.4258,25.2930
2936,12.3047,26.7578
2952,11.8164,26.3672
2968,12.3047,24.2188
2984,11.7188,25.1953
3000,12.0117,25.6836
3016,11.7188,25.0977
3032,11.2305,25.6836
3048,11.9141,26.0742
3064,11.5234,27.3438
3080,12.1094,26.2695
3096,11.6211,27.6367
3112,11.8164,26.9531
3128,11.3281,25.9766
3144,11.8164,25.7813
3160,11.9141,25.8789
3176,11.5234,26.2695
3192,11.1328,25.8789
3208,11.1328,26.1719
3228,10.7422,25.5859
3248,11.8164,26.3672
3268,11.0352,26.1719
3288,11.6211,26.7578
3308,11.5234,27.0508
3328,11.5234,26.6602
3348,11.8164,28.1250
3368,11.9141,27.7344
3388,11.7188,28.7109
3408,11.7188,28.3203
3428,11.9141,27.9297
3448,11.6211,29.2969
3468,11.6211,26.5625
3488,11.6211,25.9766
3508,11.7188,27.5391
3528,10.8398,26.2695
3548,12.1094,26.0742
3568,11.9141,26.3672
3588,11.4258,27.1484
3608,11.5234,26.2695
3628,11.2305,26.9531
3648,11.4258,26.6602
3668,11.6211,27.2461
3688,12.1094,26.4648
3708,11.6211,26.5625
3728,11.8164,26.5625
3748,11.2305,27.3438
3768,11.9141,27.4414
3788,11.8164,27.1484
3808,11.0352,26.5625
3828,11.5234,26.6602
3848,11.6211,26.7578
3868,12.0117,26.6602
3888,11.7188,26.7578
3908,10.7422,26.5625
3928,11.0352,27.1484
3948,13.8672,26.8555
3968,12.3047,26.4648
3988,12.3047,27.5391
4008,12.0117,27.0508
4032,11.3281,25.6836
4056,11.4258,28.2227
4080,11.9141,27.4414
4104,14.0625,29.1016
4128,13.7695,28.4180
4152,13.8672,29.1992
4176,13.9648,27.2461
4200,13.7695,28.5156
4224,13.3789,28.1250
4248,13.5742,27.0508
4272,13.1836,27.7344
4296,13.0859,26.3672
4320,13.7695,27.1484
4344,13.4766,27.1484
4368,13.6719,27.9297
4392,13.3789,28.0273
4416,13.4766,27.7344
4440,13.4766,27.6367
4464,14.0625,27.7344
4488,13.9648,28.0273
4512,13.5742,28.4180
4536,13.9648,28.8086
4560,13.6719,28.2227
4584,13.9648,27.3438
4608,13.7695,28.1250
4632,13.8672,27.2461
4656,16.4063,30.8594
4680,13.4766,28.2227
4704,13.9648,29.3945
4728,13.6719,28.0273
4752,13.9648,27.8320
4776,13.1836,28.4180
4800,13.3789,27.8320
4824,13.9648,27.5391
4852,13.8672,28.6133
4880,13.5742,28.4180
4908,13.8672,30.0781
4936,13.8672,27.7344
4964,13.5742,27.7344
4992,13.0859,26.9531
5020,13.6719,29.1016
5048,14.1602,28.6133
5076,13.4766,27.5391
5104,13.9648,27.6367
5132,13.4766,27.5391
5160,13.8672,27.7344
5188,14.0625,27.9297
5216,13.9648,28.9063
5244,14.0625,29.1016
5272,13.6719,28.9063
5300,13.5742,28.2227
5328,13.4766,28.1250
5356,14.0625,28.6133
5384,13.6719,27.0508
5412,14.2578,28.0273
5440,14.1602,29.0039
5468,13.2813,28.8086
5496,13.3789,27.8320
5524,14.1602,29.4922
5552,13.3789,28.8086
5580,13.3789,28.9063
5608,13.6719,28.3203
5640,13.4766,29.0039
5672,14.2578,28.2227
5704,13.3789,28.4180
5736,13.9648,27.8320
5768,13.7695,28.2227
5800,13.9648,28.7109
5832,13.3789,29.3945
5864,13.5742,28.6133
5896,14.1602,29.5898
5928,13.4766,28.5156
5960,13.9648,28.6133
5992,14.4531,29.5898
6024,13.4766,28.0273
6056,13.3789,28.3203
6088,13.0859,30.8594
6120,14.0625,29.6875
6152,13.9648,28.3203
6184,14.0625,28.9063
6216,13.6719,29.1992
6248,13.3789,28.0273
6280,13.4766,28.8086
6312,14.2578,29.3945
6344,13.9648,29.5898
6376,13.4766,29.0039
6408,13.3789,28.0273
6444,13.0859,27.8320
6480,14.2578,28.8086
6516,14.3555,30.9570
6552,13.4766,29.2969
6588,13.7695,28.0273
6624,13.9648,27.1484
6660,13.7695,27.9297
6696,13.6719,28.8086
6732,13.1836,28.5156
6768,13.3789,27.4414
6804,14.1602,28.6133
6840,13.9648,29.4922
6876,13.5742,28.9063
6912,13.4766,29.0039
6948,14.2578,29.5898
6984,13.6719,28.8086
7020,13.9648,29.9805
7056,13.1836,28.3203
7092,13.6719,29.1016
7128,13.9648,28.7109
7164,13.2813,29.1992
7200,13.7695,30.3711
7236,13.6719,29.8828
7276,13.9648,29.1992
7316,12.8906,28.9063
7356,13.4766,29.1016
7396,13.2813,29.0039
7436,13.3789,28.5156
7476,14.3555,29.1016
7516,15.6250,30.2734
7556,13.8672,29.6875
7596,13.1836,29.5898
7636,12.9883,29.2969
7676,13.3789,30.1758
7716,13.2813,29.1992
7756,14.3555,30.8594
7796,13.8672,29.4922
7836,14.5508,30.3711
7876,13.4766,29.0039
7916,14.0625,30.0781
7956,13.6719,29.4922
7996,13.5742,29.4922
8036,15.6250,29.3945
8080,13.5742,29.7852
8124,13.2813,29.4922
8168,13.2813,29.1016
8212,16.1133,30.2734
8256,15.8203,31.1523
8300,15.8203,30.3711
8344,16.3086,29.1016
8388,15.6250,29.2969
8432,15.7227,29.1992
8476,15.7227,29.5898
8520,16.1133,29.9805
8564,15.8203,30.2734
8608,16.6992,30.0781
8652,15.7227,30.7617
8696,15.1367,29.2969
8740,16.3086,31.7383
8784,15.7227,29.3945
8828,15.4297,29.5898
8876,14.9414,29.1016
8924,15.6250,30.2734
8972,15.9180,30.5664
9020,16.4063,31.2500
9068,15.8203,30.8594
9116,15.8203,30.7617
9164,15.8203,31.4453
9212,15.9180,29.6875
9260,15.8203,28.8086
9308,15.5273,29.6875
9356,14.7461,29.1992
9404,15.5273,28.4180
9452,15.7227,29.4922
9500,16.3086,30.9570
9548,15.9180,30.1758
9596,15.5273,29.9805
9644,15.9180,30.5664
9696,16.0156,30.9570
9748,16.3086,28.9063
9800,17.4805,29.1992
9852,15.3320,28.7109
9904,15.6250,28.4180
9956,15.5273,29.6875
10008,16.2109,31.0547
10060,15.9180,30.4688
10112,15.2344,28.8086
10164,15.3320,30.1758
10216,14.9414,28.3203
10268,15.7227,29.6875
10320,15.5273,30.4688
10372,15.6250,30.0781
10424,16.2109,29.5898
10480,19.7266,30.5664
10536,15.4297,29.4922
10592,15.9180,29.1992
10648,16.1133,31.8359
10704,15.7227,30.5664
10760,16.1133,29.5898
10816,15.3320,30.4688
10872,15.7227,28.5156
10928,15.6250,31.0547
10984,16.0156,31.0547
11040,16.4063,31.4453
11096,15.8203,30.4688
11152,15.8203,32.0313
11208,15.9180,30.4688
11268,16.3086,28.9063
11328,15.5273,28.9063
11388,16.3086,30.8594
11448,15.1367,29.4922
11508,15.0391,30.0781
11568,16.5039,30.4688
11628,15.6250,30.6641
11688,15.4297,29.7852
11748,15.9180,29.9805
11808,15.4297,29.4922
11868,16.1133,30.9570
11928,17.1875,30.2734
11988,16.3086,31.0547
12048,16.1133,30.7617
12112,15.1367,30.3711
12176,15.2344,30.2734
12240,15.8203,31.5430
12304,15.4297,29.5898
12368,16.1133,30.8594
12432,15.4297,29.9805
12496,15.4297,31.2500
12560,15.4297,29.8828
12624,16.1133,30.9570
12688,16.1133,32.5195
12752,15.8203,30.7617
12816,15.5273,30.0781
12884,15.4297,29.4922
12952,14.9414,29.7852
13020,15.6250,32.1289
13088,15.8203,31.2500
13156,16.2109,31.5430
13224,16.0156,32.3242
13292,15.1367,30.2734
13360,16.0156,31.3477
13428,15.2344,30.2734
13496,15.6250,31.8359
13564,16.6016,29.3945
13632,15.6250,30.7617
13704,14.6484,29.8828
13776,16.2109,30.4688
13848,16.1133,30.8594
13920,15.4297,31.6406
13992,15.4297,32.2266
14064,16.0156,31.1523
14136,15.5273,30.6641
14208,15.7227,30.7617
14280,16.1133,30.8594
14352,16.0156,30.2734
14424,16.1133,31.8359
14500,15.7227,30.9570
14576,15.9180,31.0547
14652,15.7227,30.4688
14728,16.5039,32.0313
14804,15.4297,31.6406
14880,16.6992,32.2266
14956,15.8203,31.5430
15032,16.3086,31.5430
15108,15.8203,30.5664
15184,15.9180,33.3984
15260,15.2344,30.5664
15340,16.2109,32.1289
15420,17.7734,31.7383
15500,15.8203,30.8594
15580,15.7227,31.6406
15660,15.9180,31.3477
15740,15.8203,29.9805
15820,16.2109,31.6406
15900,16.0156,29.7852
15980,16.1133,30.8594
16060,15.2344,31.9336
16144,15.8203,32.8125
16228,15.6250,31.5430
16312,15.6250,30.3711
16396,18.8477,34.7656
16480,18.0664,31.6406
16564,18.3594,31.4453
16648,17.8711,30.3711
16732,17.3828,32.1289
16816,17.8711,32.1289
16904,16.5039,31.1523
16992,18.7500,31.9336
17080,17.5781,30.9570
17168,17.7734,31.4453
17256,18.4570,32.1289
17344,17.4805,31.4453
17432,17.5781,31.5430
17520,18.3594,31.5430
17608,18.6523,31.6406
17700,18.5547,32.1289
17792,18.2617,31.9336
17884,18.0664,31.2500
17976,18.0664,32.9102
18068,17.2852,30.6641
18160,17.1875,31.4453
18252,18.2617,32.4219
18344,18.3594,31.9336
18436,18.0664,30.5664
18532,18.2617,33.2031
18628,22.6563,38.2813
18724,17.8711,31.8359
18820,18.0664,33.1055
18916,18.3594,32.7148
19012,18.4570,31.9336
19108,18.1641,32.2266
19204,18.1641,32.3242
19304,17.8711,30.8594
19404,17.8711,31.4453
19504,17.3828,31.3477
19604,17.8711,32.9102
19704,19.5313,31.9336
19804,18.0664,33.1055
19904,18.3594,31.4453
20004,18.2617,33.8867
20108,18.0664,32.1289
20212,18.0664,31.1523
20316,17.8711,31.5430
20420,16.9922,31.6406
20524,18.6523,33.8867
20628,17.5781,31.7383
20732,18.0664,32.5195
20836,17.7734,33.5938
20944,18.1641,30.3711
21052,17.0898,32.6172
21160,17.3828,31.9336
21268,17.9688,33.3008
21376,18.2617,31.4453
21484,17.0898,32.7148
21592,18.2617,31.1523
21700,18.1641,32.0313
21812,18.0664,32.4219
21924,16.8945,31.7383
22036,17.3828,33.0078
22148,17.7734,33.1055
22260,17.1875,31.6406
22372,17.7734,32.4219
22484,18.0664,32.5195
22600,17.8711,30.5664
22716,19.0430,33.6914
22832,18.1641,33.2031
22948,18.6523,32.2266
23064,17.5781,32.7148
23180,18.2617,33.6914
23296,18.0664,31.9336
23416,17.9688,32.8125
23536,17.9688,31.9336
23656,17.7734,31.7383
23776,18.0664,32.2266
23896,18.7500,34.5703
24016,18.5547,31.9336
24140,18.0664,32.2266
24264,17.4805,32.6172
24388,17.4805,32.8125
24512,18.1641,32.1289
24636,18.1641,33.1055
24760,18.8477,33.1055
24884,18.0664,32.1289
25012,22.8516,32.8125
25140,17.9688,32.7148
25268,18.1641,33.8867
25396,18.3594,33.3984
25524,17.7734,32.8125
25652,17.3828,32.6172
25784,18.4570,33.4961
25916,18.0664,33.5938
26048,18.1641,31.7383
26180,17.8711,32.4219
26312,18.9453,34.4727
26444,18.0664,33.3984
26580,17.5781,31.5430
26716,17.9688,32.3242
26852,18.9453,33.8867
26988,17.2852,31.8359
27124,17.8711,33.3008
27260,17.4805,33.3984
27400,18.7500,33.1055
27540,17.2852,32.2266
27680,18.3594,32.2266
27820,17.9688,32.5195
27960,18.5547,32.5195
28100,17.9688,62.8906
28244,19.0430,35.7422
28388,17.8711,34.4727
28532,17.1875,33.3984
28676,17.9688,33.7891
28820,18.0664,33.6914
28968,18.2617,34.0820
29116,18.5547,33.2031
29264,17.8711,34.6680
29412,17.9688,33.3984
29560,17.9688,32.7148
29708,17.9688,40.9180
29860,18.1641,32.2266
30012,18.1641,33.4961
30164,18.2617,34.6680
30316,17.5781,32.2266
30468,18.0664,32.9102
30624,17.9688,32.2266
30780,17.8711,32.1289
30936,18.0664,32.9102
31092,17.9688,33.4961
31248,18.2617,32.1289
31408,18.0664,33.2031
31568,17.3828,31.8359
31728,16.9922,32.2266
31888,17.5781,33.3008
32048,18.3594,33.7891
32212,18.0664,33.4961
32376,17.8711,34.8633
32540,18.1641,33.5938
32704,18.2617,34.4727
32868,20.5078,33.1055
33036,20.8008,33.3984
33204,20.4102,32.0313
33372,20.0195,34.6680
33540,20.2148,34.4727
33708,20.7031,34.3750
33880,19.3359,33.9844
34052,21.1914,34.9609
34224,20.8984,33.9844
34396,20.7031,34.1797
34568,19.6289,33.6914
34744,20.7031,35.0586
34920,20.2148,32.3242
35096,20.5078,33.8867
35272,20.2148,33.7891
35452,20.1172,34.1797
35632,19.8242,33.3984
35812,19.7266,33.4961
35992,20.8008,35.5469
36172,20.6055,34.9609
36356,19.9219,33.2031
36540,20.9961,34.3750
36724,19.6289,34.5703
36908,21.0938,34.4727
37096,20.1172,32.5195
37284,21.0938,35.5469
37472,20.4102,34.7656
37660,20.6055,34.8633
37852,19.7266,33.6914
38044,20.9961,35.3516
38236,19.2383,34.0820
38428,19.8242,33.3984
38624,20.4102,33.9844
38820,19.9219,33.3984
39016,20.5078,33.9844
39212,19.8242,34.7656
39412,20.7031,34.9609
39612,21.7773,33.1055
39812,19.9219,33.9844
40012,19.9219,34.5703
40216,20.7031,34.6680
40420,19.9219,33.7891
40624,20.6055,35.6445
40828,21.0938,34.3750
41036,19.8242,33.8867
41244,20.4102,34.5703
41452,20.1172,34.1797
41660,21.0938,35.9375
41872,20.3125,34.3750
42084,19.9219,33.7891
42296,20.4102,34.2773
42508,20.1172,34.2773
42724,20.7031,34.5703
42940,20.5078,34.9609
43156,19.8242,34.1797
43372,20.4102,34.4727
43592,20.3125,34.6680
43812,20.6055,36.0352
44032,20.4102,35.1563
44256,21.9727,35.4492
44480,20.2148,34.4727
44704,19.4336,34.5703
44928,20.2148,36.2305
45156,19.5313,33.6914
45384,19.9219,35.2539
45612,21.0938,35.1563
45844,20.7031,35.7422
46076,19.9219,34.9609
46308,19.5313,34.1797
46540,20.6055,33.1055
46776,22.4609,35.7422
47012,21.2891,35.7422
47248,20.8008,34.8633
47488,20.2148,35.3516
47728,20.6055,35.4492
47968,20.5078,34.2773
48208,21.2891,36.4258
48452,20.5078,34.2773
48696,20.7031,36.6211
48940,20.6055,35.5469
49188,20.2148,34.8633
49436,22.0703,34.9609
49684,20.1172,35.6445
49936,20.5078,35.5469
50188,20.3125,36.3281
50440,19.3359,33.8867
50696,20.0195,34.6680
50952,20.7031,35.7422
51208,20.6055,37.3047
51468,20.5078,36.7188
51728,20.9961,36.6211
51988,20.1172,34.6680
52248,20.8984,36.2305
52512,21.1914,36.0352
52776,20.3125,36.9141
53040,20.6055,35.5469
53308,20.3125,35.1563
53576,19.8242,35.4492
53844,20.7031,36.2305
54116,20.7031,35.4492
54388,20.8008,35.2539
54660,20.6055,34.7656
54936,20.8008,35.4492
55212,21.2891,36.8164
55492,20.7031,36.7188
55772,20.4102,35.2539
56052,20.3125,35.5469
56336,20.2148,34.3750
56620,21.0938,35.7422
56904,20.8008,35.0586
57192,21.3867,36.4258
57480,21.1914,37.5000
57768,20.8984,36.8164
58060,20.4102,36.2305
58352,19.6289,35.6445
58644,19.8242,34.8633
58940,20.7031,36.2305
59236,19.7266,35.5469
59536,20.5078,37.2070
59836,20.5078,34.0820
60136,19.9219,34.6680
60440,21.0938,38.1836
60744,21.4844,36.8164
61048,22.2656,40.8203
61356,21.0938,38.9648
61664,20.6055,35.9375
61976,20.4102,36.2305
62288,20.8008,37.3047
62600,20.6055,35.8398
62916,20.8008,36.6211
63232,20.0195,34.4727
63552,21.4844,37.0117
63872,20.6055,36.2305
64192,20.2148,34.8633
64516,20.4102,34.8633
64840,21.3867,37.5977
65168,20.9961,36.5234
65496,21.9727,38.0859
65824,24.3164,38.2813
66156,22.7539,40.3320
66488,22.1680,39.5508
66824,23.5352,39.5508
67160,24.2188,39.5508
67496,23.0469,39.8438
67836,22.9492,38.6719
68176,37.4023,40.4297
68520,23.5352,40.6250
68864,23.2422,39.4531
69212,22.9492,39.5508
69560,22.6563,38.9648
69908,22.8516,37.5977
70260,23.7305,40.4297
70612,22.9492,39.6484
70968,22.4609,39.8438
71324,22.6563,39.7461
71684,22.1680,38.2813
72044,23.2422,39.5508
72408,23.5352,38.6719
72772,21.3867,38.0859
73136,21.9727,37.7930
73504,23.3398,39.4531
73872,23.5352,39.9414
74244,23.5352,39.6484
74616,23.2422,40.5273
74992,22.8516,38.6719
75368,25.3906,38.9648
75748,21.8750,37.7930
76128,23.5352,38.8672
76512,23.3398,40.3320
76896,23.5352,39.0625
77284,21.8750,38.4766
77672,22.6563,38.7695
78064,23.3398,38.7695
78456,22.6563,39.5508
78852,22.0703,37.7930
79248,24.5117,38.1836
79648,22.2656,37.6953
80048,22.6563,38.4766
80452,22.5586,38.4766
80856,22.6563,39.1602
81264,21.6797,37.6953
81672,23.2422,39.5508
82084,22.9492,39.8438
82496,23.2422,39.9414
82912,22.7539,38.2813
83328,23.7305,39.5508
83748,21.6797,38.4766
84168,21.9727,39.9414
84592,21.9727,38.4766
85016,23.2422,39.8438
85444,22.7539,39.5508
85872,23.4375,41.3086
86304,22.5586,41.2109
86736,25.1953,39.7461
87172,23.5352,40.7227
87608,25.5859,40.6250
88048,22.5586,39.5508
88492,23.0469,40.5273
88936,22.5586,39.1602
89384,22.5586,39.8438
89832,22.9492,39.7461
90284,22.9492,40.5273
90736,21.8750,39.8438
91192,24.4141,42.1875
91648,22.4609,41.1133
92108,24.6094,39.6484
92572,22.6563,38.1836
93036,22.2656,38.7695
93504,22.7539,39.5508
93972,22.3633,40.4297
94444,22.7539,39.2578
94920,22.7539,38.5742
95396,23.4375,42.0898
95876,23.1445,40.6250
96356,24.1211,43.1641
96840,23.3398,40.2344
97328,22.6563,39.4531
97816,23.0469,39.1602
98308,22.9492,41.1133
98800,22.8516,39.2578
99296,23.0469,39.1602
99796,23.8281,39.6484
100296,23.1445,41.4063
100800,22.3633,40.3320
101304,22.1680,41.3086
101812,22.7539,40.1367
102324,22.4609,40.2344
102836,22.1680,39.7461
103352,22.8516,39.6484
103872,23.4375,39.9414
104392,23.2422,40.4297
104916,23.9258,40.2344
105444,22.8516,40.0391
105972,23.4375,41.3086
106504,23.3398,43.1641
107040,22.9492,39.7461
107576,23.1445,40.7227
108116,22.8516,41.3086
108660,23.1445,40.2344
109204,22.7539,40.2344
109752,23.4375,41.0156
110304,22.5586,39.2578
110856,23.4375,42.0898
111412,22.2656,39.9414
111972,22.5586,39.5508
112532,23.1445,40.4297
113096,23.7305,41.3086
113664,22.7539,40.1367
114236,21.9727,39.3555
114808,23.2422,40.9180
115384,23.5352,40.8203
115964,23.7305,41.9922
116544,24.7070,43.6523
117128,23.7305,42.2852
117716,23.3398,39.7461
118308,23.3398,41.6992
118900,22.7539,40.7227
119496,22.6563,39.6484
120096,22.3633,39.7461
120700,22.9492,40.8203
121304,22.9492,43.3594
121912,24.7070,44.8242
122524,23.7305,41.0156
123140,22.4609,44.8242
123756,22.5586,39.2578
124376,22.6563,40.9180
125000,23.3398,40.2344
125628,23.6328,42.0898
126260,23.2422,41.8945
126892,22.9492,41.1133
127528,23.9258,44.3359
128168,23.9258,42.4805
128812,23.1445,40.8203
129460,26.2695,40.3320
130108,22.7539,41.5039
130760,23.1445,41.0156
131416,28.2227,42.7734
132076,25.9766,39.0625
132740,27.2461,43.0664
133404,25.2930,41.0156
134072,25.6836,40.1367
134744,26.1719,42.1875
135420,25.2930,42.1875
136100,26.3672,41.9922
136784,25.5859,40.6250
137468,24.3164,39.4531
138156,26.5625,42.4805
138848,25.3906,41.4063
139544,24.2188,40.2344
140244,25.7813,41.4063
140948,25.1953,42.1875
141656,26.1719,41.7969
142368,26.0742,42.1875
143080,25.8789,41.9922
143796,25.8789,40.9180
144516,26.6602,41.6992
145240,25.8789,43.4570
145968,26.8555,42.7734
146700,25.4883,43.6523
147436,25.8789,40.4297
148176,25.2930,41.3086
148920,29.7852,51.9531
149668,26.9531,42.3828
150420,25.5859,40.4297
151176,25.5859,41.6992
151932,26.1719,43.6523
152692,26.7578,43.4570
153456,25.9766,42.1875
154224,27.2461,43.8477
154996,25.7813,41.4063
155772,37.6953,44.0430
156552,26.8555,42.6758
157336,26.7578,42.3828
158124,26.3672,42.4805
158916,25.9766,42.4805
159712,25.8789,42.9688
160512,26.1719,43.4570
161316,26.8555,42.6758
162124,25.5859,43.1641
162936,26.4648,41.3086
163752,26.9531,42.4805
164572,26.6602,43.6523
165396,26.2695,43.0664
166224,25.7813,42.4805
167056,26.4648,44.0430
167892,26.2695,43.1641
168732,26.0742,42.6758
169576,26.3672,42.2852
170424,24.9023,42.0898
171280,26.4648,42.9688
172140,25.4883,42.5781
173004,25.0977,41.7969
173872,25.6836,42.3828
174744,28.1250,43.9453
175620,26.1719,42.7734
176500,25.8789,42.7734
177384,25.7813,43.8477
178272,26.9531,44.8242
179164,25.2930,42.6758
180060,25.8789,42.2852
180964,25.0977,41.3086
181872,25.9766,41.9922
182784,26.7578,43.3594
183700,26.0742,42.4805
184620,26.3672,42.1875
185544,25.4883,41.7969
186472,25.4883,44.0430
187408,26.1719,43.3594
188348,25.9766,43.3594
189292,25.8789,42.0898
190240,25.8789,43.0664
191192,26.3672,43.3594
192148,25.5859,42.6758
193112,25.2930,43.1641
194080,25.4883,44.2383
195052,26.4648,44.6289
196028,26.0742,41.9922
197012,26.6602,43.6523
198000,25.4883,42.7734
198992,26.2695,44.4336
199988,26.2695,43.3594
200988,26.0742,43.8477
201996,26.4648,44.2383
203008,25.7813,43.8477
204024,26.7578,46.2891
205048,25.8789,41.9922
206076,26.1719,43.8477
207108,24.8047,43.1641
208144,25.9766,44.0430
209188,25.2930,42.1875
210236,25.7813,42.6758
211288,28.0273,44.5313
212348,25.5859,44.3359
213412,27.3438,41.7969
214480,27.2461,45.2148
215556,25.0000,43.2617
216636,26.5625,44.7266
217720,25.7813,43.9453
218812,26.9531,44.2383
219908,26.1719,44.7266
221008,26.4648,42.9688
222116,25.9766,44.1406
223228,28.4180,43.1641
224348,26.1719,43.1641
225472,25.7813,43.3594
226600,26.2695,43.8477
227736,25.4883,43.6523
228876,25.7813,42.8711
230024,25.6836,42.3828
231176,26.3672,44.0430
232332,26.8555,44.8242
233496,25.6836,44.1406
234664,27.4414,46.2891
235840,27.0508,43.9453
237020,25.0977,42.3828
238208,26.8555,43.8477
239400,25.5859,43.2617
240600,25.9766,43.8477
241804,26.3672,45.3125
243016,26.9531,45.2148
244232,26.4648,45.3125
245456,26.3672,44.7266
246684,28.0273,46.6797
247920,26.4648,44.8242
249160,25.9766,43.1641
250408,26.1719,45.2148
251664,26.7578,43.6523
252924,26.2695,44.2383
254192,26.5625,46.6797
255464,26.2695,45.6055
256744,26.8555,46.4844
258028,25.8789,44.3359
259320,26.9531,45.2148
260620,26.4648,44.1406
261924,27.8320,46.6797
263236,31.0547,46.9727
264556,30.4688,45.3125
265880,32.8125,44.9219
267212,29.8828,45.4102
268552,30.4688,46.3867
269896,29.4922,45.9961
271248,28.8086,44.9219
272608,29.7852,46.3867
273972,28.5156,45.1172
275344,30.5664,46.5820
276724,27.7344,45.4102
278108,28.1250,44.0430
279500,29.3945,45.6055
280900,29.3945,45.0195
282308,29.6875,44.6289
283720,29.0039,44.5313
285140,28.9063,44.1406
286568,30.1758,46.9727
288004,29.5898,45.8984
289448,29.2969,43.8477
290896,29.7852,45.6055
292352,28.8086,43.5547
293816,29.5898,47.1680
295288,28.8086,45.8984
296768,30.0781,46.2891
298252,30.2734,48.1445
299744,30.0781,46.9727
301244,32.9102,50.0977
302752,29.0039,44.1406
304268,30.3711,47.3633
305792,29.2969,45.2148
307324,28.5156,44.0430
308864,29.1016,45.3125
310412,28.8086,45.7031
311968,30.0781,45.8984
313528,29.8828,48.9258
315096,30.0781,46.5820
316672,29.7852,45.4102
318256,30.8594,47.4609
319848,30.2734,47.3633
321448,30.0781,46.2891
323056,30.2734,46.5820
324672,30.2734,47.5586
326296,30.8594,49.6094
327928,30.5664,45.5078
329568,29.3945,46.7773
331216,29.9805,46.9727
332876,29.4922,46.1914
334544,29.3945,44.9219
336220,30.1758,46.1914
337904,29.9805,46.6797
339596,30.8594,46.7773
341296,29.3945,45.8984
343004,30.1758,45.3125
344720,30.6641,46.6797
346444,30.6641,46.7773
348180,29.1016,44.6289
349924,31.4453,47.5586
351676,30.3711,47.1680
353436,29.9805,46.3867
355204,31.0547,47.0703
356984,31.1523,47.3633
358772,30.3711,46.1914
360568,31.1523,47.4609
362372,30.0781,46.3867
364184,29.6875,46.0938
366008,29.4922,44.2383
367840,29.6875,45.7031
369680,29.6875,44.7266
371532,29.4922,46.2891
373392,30.5664,46.9727
375260,29.1992,44.7266
377140,29.7852,46.2891
379028,28.5156,45.0195
380924,29.4922,44.5313
382832,29.3945,45.7031
384748,33.2031,47.0703
386672,29.4922,46.2891
388608,31.0547,47.6563
390552,30.9570,48.5352
392508,30.0781,46.8750
394472,31.3477,48.7305
396448,29.3945,46.1914
398432,32.0313,50.1953
400428,31.0547,47.9492
402432,30.5664,45.9961
404448,29.7852,47.6563
406472,30.6641,47.8516
408508,32.9102,47.7539
410552,29.6875,45.0195
412608,31.0547,47.8516
414672,30.1758,46.9727
416748,30.7617,46.3867
418832,31.7383,49.0234
420928,31.5430,48.9258
423036,31.2500,48.3398
425152,29.5898,45.9961
427280,31.5430,48.7305
429420,31.3477,47.5586
431568,30.7617,50.5859
433728,29.6875,45.3125
435900,31.8359,48.3398
438080,31.7383,49.1211
440272,30.0781,45.9961
442476,29.2969,44.7266
444692,30.3711,48.8281
446916,31.2500,47.5586
449152,29.7852,51.7578
451400,31.0547,48.3398
453660,31.4453,47.5586
455932,32.2266,49.8047
458212,30.0781,46.2891
460504,32.7148,51.5625
462808,31.2500,47.2656
465124,31.5430,48.5352
467452,32.7148,49.9023
469792,31.5430,49.4141
472144,31.7383,48.3398
474508,31.4453,47.3633
476884,30.3711,45.9961
479272,31.0547,47.5586
481672,31.3477,47.8516
484084,34.5703,49.3164
486508,31.1523,48.3398
488944,30.8594,47.6563
491392,31.4453,50.3906
493852,31.9336,49.9023
496324,31.6406,48.6328
498808,31.6406,49.7070
501304,31.5430,51.6602
503812,32.3242,49.8047
506332,31.6406,48.8281
508864,31.4453,49.8047
511412,30.9570,48.6328
513972,31.0547,47.3633
516544,31.6406,49.6094
519128,31.6406,49.5117
521724,34.7656,50.0977
524336,41.0156,53.6133
526960,35.6445,51.1719
529596,36.7188,54.1992
532244,34.3750,48.8281
534908,36.6211,50.9766
537584,34.9609,49.6094
540272,38.4766,50.3906
542976,34.5703,47.9492
545692,35.9375,49.9023
548424,34.4727,49.0234
551168,35.2539,49.8047
553924,34.1797,46.4844
556696,35.1563,49.8047
559480,35.4492,68.8477
562280,38.1836,52.0508
565092,35.7422,50.3906
567920,35.7422,50.4883
570760,36.5234,50.5859
573616,33.6914,48.6328
576488,35.2539,50.2930
579372,45.8008,50.9766
582272,35.9375,51.0742
585184,35.4492,50.9766
588112,35.5469,50.2930
591056,36.2305,50.8789
594012,34.3750,48.9258
596984,35.7422,50.0977
599972,39.6484,52.7344
602972,37.0117,53.0273
605988,34.1797,47.7539
609020,36.2305,50.0977
612068,35.0586,48.9258
615132,35.5469,49.6094
618208,35.9375,50.2930
621300,38.1836,52.2461
624408,37.1094,50.6836
627532,34.9609,49.0234
630672,36.5234,53.2227
633828,37.3047,51.8555
637000,35.1563,49.1211
640188,35.0586,48.5352
643392,39.0625,51.7578
646612,35.2539,50.7813
649848,35.9375,50.3906
653100,37.5000,51.7578
656368,35.0586,49.4141
659652,33.8867,50.3906
662952,35.9375,50.7813
666268,37.3047,52.0508
669600,37.0117,51.3672
672948,36.5234,51.2695
676316,35.0586,50.0000
679700,34.6680,49.6094
683100,36.8164,51.4648
686516,37.6953,52.0508
689952,36.3281,51.3672
693404,37.5000,51.9531
696872,36.0352,51.8555
700360,35.6445,50.7813
703864,35.2539,50.0977
707384,36.1328,51.6602
710924,41.3086,50.3906
714480,34.4727,49.9023
718056,35.0586,49.3164
721648,34.1797,48.8281
725260,35.7422,52.2461
728888,35.3516,50.7813
732536,35.1563,51.4648
736200,35.7422,51.9531
739884,35.6445,51.1719
743584,34.7656,49.5117
747304,35.5469,51.3672
751044,33.7891,49.6094
754800,35.6445,51.0742
758576,35.1563,56.7383
762372,37.0117,52.8320
766184,35.3516,52.3438
770016,35.9375,50.7813
773868,35.0586,51.8555
777740,34.7656,50.5859
781632,34.6680,51.3672
785544,35.7422,53.5156
789472,34.4727,49.8047
793420,35.9375,52.0508
797388,34.5703,51.7578
801376,35.9375,52.6367
805384,34.4727,51.3672
809412,34.9609,50.9766
813460,37.9883,50.1953
817528,34.4727,51.3672
821616,36.2305,53.0273
825728,36.5234,53.5156
829860,37.3047,54.5898
834012,35.5469,54.6875
838184,36.9141,54.4922
842376,37.0117,53.0273
846588,36.4258,53.0273
850824,45.6055,54.1016
855080,36.1328,53.3203
859356,35.3516,52.0508
863656,37.2070,53.4180
867976,38.0859,52.2461
872316,35.7422,52.4414
876680,36.2305,53.4180
881064,36.6211,54.2969
885472,35.3516,52.5391
889900,35.6445,52.0508
894352,36.0352,51.7578
898824,37.9883,55.8594
903320,36.5234,53.6133
907840,38.2813,56.1523
912380,38.3789,55.6641
916944,36.6211,53.9063
921532,37.2070,54.9805
926140,36.9141,54.1992
930772,37.5000,54.1016
935428,37.5000,54.3945
940108,37.2070,54.8828
944812,37.7930,56.4453
949540,38.0859,54.3945
954288,41.6016,52.2461
959060,37.3047,53.3203
963856,37.0117,54.6875
968676,36.4258,53.3203
973520,37.3047,55.0781
978388,36.2305,53.9063
983280,37.5000,58.3008
988200,36.7188,54.6875
993144,36.5234,53.3203
998112,37.5000,55.6641
1003104,37.2070,55.1758
1008120,37.3047,53.0273
1013164,37.4023,55.2734
1018232,36.0352,54.9805
1023324,37.6953,55.7617
1028444,38.9648,55.1758
1033588,36.9141,54.1992
1038756,35.9375,54.0039
1043952,38.1836,56.6406
1049172,43.2617,60.3516
1054420,39.3555,65.9180
1059696,41.0156,56.5430
1064996,40.8203,56.5430
1070324,51.0742,59.6680
1075676,42.3828,57.0313
1081056,40.4297,55.5664
1086464,41.9922,56.6406
1091900,40.6250,57.0313
1097360,41.0156,57.2266
1102848,43.8477,55.6641
1108364,41.8945,57.5195
1113908,41.0156,55.4688
1119480,41.7969,57.7148
1125080,39.6484,53.2227
1130708,40.4297,54.3945
1136364,41.9922,55.5664
1142048,40.8203,56.4453
1147760,39.0625,55.4688
1153500,41.6016,57.6172
1159268,40.1367,56.3477
1165068,43.2617,58.9844
1170896,46.0938,59.3750
1176752,40.4297,57.2266
1182636,39.9414,54.1992
1188552,41.9922,57.6172
1194496,40.8203,56.3477
1200472,40.7227,55.7617
1206476,42.0898,58.1055
1212512,41.8945,58.4961
1218576,41.2109,55.8594
1224672,39.2578,53.9063
1230796,41.8945,59.0820
1236952,41.4063,59.3750
1243140,39.2578,53.9063
1249356,39.9414,55.5664
1255604,41.0156,56.0547
1261884,40.3320,54.1992
1268196,42.4805,56.8359
1274540,40.6250,58.1055
1280916,41.2109,65.1367
1287324,41.6016,57.5195
1293764,41.2109,56.6406
1300236,42.0898,58.4961
1306740,41.9922,57.3242
1313276,44.8242,58.8867
1319844,42.3828,59.6680
1326444,42.6758,58.7891
1333080,41.9922,57.7148
1339748,41.6992,57.1289
1346448,41.3086,58.5938
1353184,42.5781,56.9336
1359952,41.9922,57.4219
1366752,42.2852,58.9844
1373588,43.5547,59.9609
1380456,41.7969,56.7383
1387360,41.4063,56.4453
1394300,41.9922,58.4961
1401272,41.4063,58.0078
1408280,43.0664,58.9844
1415324,42.6758,58.5938
1422404,41.8945,58.5938
1429520,41.8945,57.3242
1436668,43.3594,59.8633
1443852,43.0664,58.2031
1451072,43.0664,58.2031
1458328,43.0664,59.4727
1465620,44.0430,59.8633
1472952,42.7734,60.2539
1480320,43.7500,60.3516
1487724,42.1875,58.5938
1495164,42.2852,56.7383
1502640,41.3086,56.4453
1510156,41.8945,58.6914
1517708,43.5547,60.2539
1525300,44.9219,61.2305
1532928,42.4805,56.5430
1540596,42.1875,59.4727
1548300,46.0938,59.9609
1556044,47.8516,58.0078
1563828,42.9688,60.0586
1571648,43.8477,59.0820
1579508,42.6758,59.4727
1587408,46.8750,58.2031
1595348,43.5547,58.8867
1603328,53.9063,62.5000
1611348,44.9219,58.2031
1619408,44.6289,61.1328
1627508,43.4570,60.8398
1635648,45.2148,63.0859
1643828,43.5547,59.6680
1652048,43.1641,60.7422
1660312,43.5547,60.9375
1668616,42.9688,60.9375
1676960,44.1406,60.0586
1685348,43.2617,60.3516
1693776,42.4805,58.0078
1702248,45.8008,60.7422
1710760,42.8711,59.6680
1719316,42.9688,60.0586
1727916,43.9453,58.3008
1736556,42.3828,59.1797
1745240,42.7734,59.5703
1753968,43.3594,59.4727
1762740,44.1406,58.8867
1771556,43.7500,62.6953
1780416,45.5078,63.0859
1789320,43.8477,66.2109
1798268,43.7500,60.8398
1807260,44.2383,61.6211
1816300,44.6289,60.7422
1825384,44.1406,60.8398
1834512,43.7500,61.5234
1843688,46.9727,61.0352
1852908,45.7031,63.1836
1862176,41.9922,58.0078
1871488,45.0195,61.5234
1880848,44.3359,63.4766
1890256,44.0430,62.4023
1899708,43.0664,59.4727
1909208,44.2383,59.4727
1918756,43.1641,60.3516
1928352,43.7500,63.7695
1937996,44.1406,60.1563
1947688,44.7266,62.1094
1957428,44.7266,59.6680
1967216,45.8008,63.6719
1977056,45.6055,63.8672
1986944,44.5313,62.5000
1996880,44.7266,63.3789
2006868,44.3359,62.9883
2016904,43.9453,60.3516
2026992,44.4336,64.7461
2037128,45.3125,61.5234
2047316,44.5313,62.8906
2057556,46.0938,64.4531
2067844,44.5313,61.8164
2078184,44.6289,62.6953
2088576,44.9219,63.2813
2099020,49.7070,64.6484
2109516,47.5586,62.0117
2120064,47.0703,61.8164
2130668,50.2930,62.1094
2141324,46.3867,62.0117
2152032,48.3398,64.0625
2162796,48.5352,64.6484
2173612,49.9023,71.9727
2184484,48.2422,65.1367
2195408,47.7539,63.4766
2206388,48.1445,64.0625
2217420,48.9258,65.4297
2228508,66.9922,72.6563
2239652,49.6094,64.7461
2250852,48.9258,65.8203
2262108,49.2188,64.6484
2273420,48.1445,65.7227
2284788,48.4375,63.6719
2296212,49.3164,66.2109
2307696,48.1445,63.7695
2319236,47.7539,63.9648
2330836,49.3164,62.4023
2342492,49.9023,67.5781
2354208,48.3398,63.5742
2365980,48.7305,63.5742
2377812,47.5586,66.3086
2389704,48.1445,62.6953
2401656,55.2734,66.1133
2413668,50.3906,66.5039
2425740,48.1445,63.5742
2437872,48.6328,64.7461
2450064,48.1445,65.6250
2462316,47.7539,62.8906
2474628,46.7773,61.7188
2487004,48.2422,64.7461
2499440,49.9023,66.9922
2511940,56.5430,64.7461
2524500,48.2422,63.4766
2537124,48.8281,64.9414
2549812,48.8281,63.2813
2562564,49.0234,67.6758
2575380,50.0000,66.6016
2588260,48.2422,64.8438
2601204,47.1680,61.9141
2614212,83.4961,61.9141
2627284,48.2422,64.0625
2640424,47.8516,64.1602
2653628,51.6602,68.5547
2666900,50.2930,65.9180
2680236,53.1250,66.9922
2693640,49.5117,65.6250
2707112,50.8789,68.0664
2720648,49.9023,67.4805
2734252,49.2188,64.3555
2747924,49.2188,65.7227
2761664,50.4883,66.1133
2775476,50.0977,67.9688
2789356,50.2930,69.9219
2803304,50.9766,65.7227
2817324,48.9258,62.9883
2831412,52.0508,69.9219
2845572,48.2422,64.3555
2859800,50.5859,66.1133
2874100,50.6836,67.4805
2888472,50.4883,66.9922
2902916,47.5586,65.8203
2917432,56.2500,66.6016
2932020,50.5859,66.4063
2946684,50.0000,65.5273
2961420,51.3672,67.0898
2976228,49.8047,63.0859
2991112,48.8281,65.4297
3006068,50.3906,67.1875
3021100,49.9023,67.3828
3036208,49.6094,67.2852
3051392,49.1211,64.2578
3066652,50.2930,66.4063
3081988,51.6602,67.9688
3097400,51.1719,84.2773
3112888,51.2695,68.2617
3128456,50.0000,66.9922
3144100,51.4648,68.0664
3159824,51.4648,69.8242
3175624,50.8789,67.7734
3191504,51.3672,68.6523
3207464,51.4648,67.5781
3223504,49.4141,66.3086
3239624,49.8047,66.3086
3255824,50.1953,66.5039
3272104,50.6836,69.0430
3288468,50.3906,68.4570
3304912,50.3906,66.7969
3321440,50.0000,66.9922
3338048,51.7578,76.7578
3354740,50.9766,66.9922
3371516,51.8555,68.1641
3388376,50.5859,66.6992
3405320,50.9766,67.1875
3422348,54.9805,67.3828
3439460,50.8789,67.2852
3456660,52.2461,69.5313
3473944,50.5859,67.1875
3491316,51.1719,67.8711
3508776,51.1719,68.7500
3526320,50.5859,69.0430
3543952,50.5859,66.6992
3561672,50.2930,68.2617
3579484,50.7813,66.7969
3597384,104.5898,86.6211
3615372,72.5586,73.0469
3633452,63.3789,71.4844
3651620,52.3438,69.3359
3669880,52.7344,68.9453
3688232,51.4648,68.2617
3706676,52.4414,69.8242
3725212,50.9766,66.3086
3743840,52.3438,73.6328
3762560,58.1055,69.0430
3781376,52.3438,69.3359
3800284,52.1484,69.2383
3819288,52.5391,70.8008
3838388,52.9297,70.9961
3857580,50.0000,65.9180
3876868,51.7578,67.5781
3896256,52.8320,72.2656
3915740,51.8555,69.5313
3935320,52.3438,68.4570
3955000,50.7813,67.3828
3974776,52.4414,65.5273
3994652,52.1484,68.8477
4014628,49.7070,66.5039
4034704,50.6836,68.9453
4054880,50.8789,68.9453
4075156,52.8320,68.8477
4095532,51.3672,68.2617
4116012,51.5625,73.2422
4136596,64.5508,77.7344
4157280,65.4297,76.7578
4178068,66.2109,71.2891
4198960,57.5195,75.2930
4219956,54.1016,70.9961
4241056,58.2031,71.4844
4262264,54.6875,70.9961
4283576,54.9805,70.2148
4304996,54.8828,70.8008
4326524,57.8125,72.3633
4348160,56.5430,73.5352
4369904,55.0781,71.0938
4391756,56.8359,79.3945
4413716,56.3477,73.3398
4435788,55.3711,70.9961
4457968,55.7617,70.8008
4480260,55.1758,70.1172
4502664,55.1758,71.0938
4525180,56.7383,72.7539
4547808,55.5664,72.0703
4570548,53.0273,67.0898
4593404,54.7852,69.7266
4616372,55.0781,72.1680
4639456,55.3711,70.4102
4662656,54.6875,71.8750
4685972,55.5664,71.3867
4709404,58.2031,72.8516
4732952,52.9297,69.5313
4756620,53.9063,76.4648
4780404,57.7148,73.7305
4804308,54.2969,70.1172
4828332,55.5664,69.7266
4852476,56.4453,76.2695
4876740,55.5664,72.0703
4901124,56.0547,72.6563
4925632,55.7617,73.7305
4950264,54.2969,70.9961
4975016,54.8828,69.5313
4999892,53.2227,70.0195
5024892,57.0313,69.1406
5050020,57.4219,74.4141
5075272,56.5430,74.0234
5100652,55.6641,72.2656
5126156,56.1523,72.9492
5151788,56.9336,73.0469
5177548,56.5430,73.4375
5203436,55.5664,73.8281
5229456,54.3945,69.6289
5255604,56.0547,75.3906
5281884,54.7852,71.9727
5308296,56.5430,85.3516
5334840,56.8359,75.1953
5361516,55.7617,71.4844
5388324,57.0313,74.2188
5415268,57.9102,72.6563
5442348,57.6172,75.2930
5469560,53.7109,69.9219
5496908,63.4766,77.4414
5524396,54.1992,68.6523
5552020,55.7617,72.4609
5579784,59.4727,73.9258
5607684,56.9336,73.9258
5635724,58.1055,75.2930
5663904,57.8125,73.5352
5692224,57.0313,74.7070
5720688,56.1523,73.7305
5749292,56.8359,71.9727
5778040,55.5664,76.5625
5806932,62.5000,73.6328
5835968,55.6641,71.0938
5865148,56.6406,73.6328
5894476,56.1523,73.2422
5923952,56.7383,73.1445
5953572,57.9102,75.5859
5983340,58.5938,76.6602
6013260,56.8359,74.1211
6043328,57.7148,74.6094
6073548,56.5430,73.4375
6103916,57.2266,75.5859
6134436,56.3477,72.8516
6165112,55.7617,72.4609
6195940,56.2500,71.4844
6226920,54.9805,71.7773
6258056,57.9102,74.4141
6289348,57.9102,76.7578
6320796,57.9102,76.9531
6352400,58.2031,77.6367
6384164,57.1289,74.3164
6416088,60.1563,73.6328
6448172,57.3242,73.3398
6480416,56.9336,72.2656
6512820,58.6914,77.0508
6545388,61.4258,75.2930
6578116,58.0078,75.2930
6611008,57.7148,76.0742
6644064,60.3516,78.1250
6677288,57.9102,76.4648
6710676,58.6914,78.7109
6744232,58.6914,74.2188
6777956,57.9102,75.0000
6811848,58.6914,77.4414
6845908,57.5195,75.3906
6880140,57.6172,75.0000
6914544,61.8164,77.3438
6949120,57.3242,74.6094
6983868,57.5195,75.4883
7018788,58.0078,79.3945
7053884,56.9336,75.3906
7089156,57.9102,75.1953
7124604,59.3750,76.9531
7160228,55.4688,71.5820
7196032,60.1563,74.1211
7232016,57.1289,74.7070
7268180,57.4219,71.8750
7304524,59.2773,75.4883
7341048,59.5703,77.6367
7377756,58.6914,77.1484
7414648,58.7891,77.9297
7451724,56.9336,74.9023
7488984,57.7148,73.7305
7526432,58.0078,76.0742
7564068,58.8867,79.9805
7601892,60.9375,79.2969
7639904,58.2031,77.4414
7678104,60.0586,76.2695
7716496,58.6914,76.8555
7755080,58.3984,79.1016
7793856,57.7148,76.2695
7832828,56.1523,73.8281
7871996,61.7188,76.5625
7911356,59.1797,77.1484
7950916,59.0820,80.4688
7990672,58.8867,76.5625
8030628,58.3984,75.0977
8070784,61.7188,76.1719
8111140,113.7695,84.7656
8151696,82.3242,87.2070
8192456,72.1680,79.6875
8233420,67.2852,79.5898
8274588,61.9141,77.0508
8315964,59.4727,80.1758
8357544,58.3008,79.4922
8399332,65.5273,79.7852
8441332,61.5234,77.3438
8483540,62.8906,77.8320
8525960,62.3047,76.9531
8568592,63.3789,78.6133
8611436,63.0859,78.6133
8654496,60.1563,75.0000
8697772,59.9609,75.5859
8741264,61.3281,76.3672
8784972,62.8906,81.5430
8828900,59.5703,75.3906
8873048,63.3789,81.5430
8917416,63.2813,79.3945
8962004,62.5000,78.3203
9006816,65.0391,79.3945
9051852,61.4258,76.9531
9097112,62.3047,76.8555
9142600,60.0586,75.5859
9188316,63.0859,77.4414
9234260,62.4023,77.9297
9280432,62.0117,75.7813
9326836,62.5977,78.6133
9373472,61.5234,77.8320
9420340,61.7188,77.5391
9467444,61.8164,77.4414
9514784,62.2070,88.6719
9562360,62.3047,81.2500
9610172,60.2539,80.5664
9658224,60.9375,76.3672
9706516,62.7930,78.1250
9755052,63.1836,80.6641
9803828,62.3047,77.6367
9852848,62.4023,79.1992
9902116,64.5508,80.1758
9951628,66.8945,79.4922
10001388,63.1836,78.7109
10051396,63.8672,82.2266
10101656,61.8164,77.6367
10152168,64.3555,80.8594
10202932,63.6719,79.3945
10253948,61.6211,76.5625
10305220,63.0859,79.1992
10356748,62.2070,80.1758
10408532,61.4258,75.9766
10460576,60.9375,81.1523
10512880,62.7930,79.6875
10565448,62.1094,83.6914
10618276,61.7188,77.3438
10671368,63.0859,81.7383
10724728,60.5469,75.2930
10778352,62.0117,78.6133
10832244,63.0859,79.1992
10886408,63.1836,108.0078
10940844,64.3555,79.8828
10995552,65.1367,82.2266
11050532,62.5977,78.2227
11105788,74.2188,82.2266
11161320,63.6719,79.5898
11217128,77.5391,89.7461
11273216,60.7422,81.5430
11329584,66.3086,79.9805
11386232,63.6719,80.0781
11443164,65.0391,80.7617
11500380,65.3320,80.1758
11557884,62.5000,77.1484
11615676,67.0898,81.1523
11673756,63.2813,78.2227
11732128,69.5313,80.3711
11790792,63.9648,80.5664
11849748,62.7930,79.3945
11909000,64.1602,89.3555
11968548,64.5508,80.5664
12028392,62.5977,80.1758
12088536,63.0859,78.5156
12148980,80.0781,85.5469
12209728,76.3672,84.4727
12270780,62.0117,78.7109
12332136,65.2344,84.0820
12393800,63.5742,89.8438
12455772,62.0117,78.9063
12518052,61.1328,75.8789
12580644,64.3555,82.5195
12643548,63.6719,82.7148
12706768,63.7695,81.3477
12770304,66.8945,82.3242
12834156,61.3281,78.8086
12898328,62.6953,78.0273
12962820,64.6484,89.2578
13027636,64.2578,80.0781
13092776,63.5742,79.2969
13158240,62.9883,79.7852
13224032,66.6016,80.6641
13290156,65.3320,83.3984
13356608,62.1094,76.5625
13423392,64.9414,83.7891
13490512,61.8164,79.1992
13557968,63.9648,80.8594
13625760,62.5977,79.1992
13693892,65.0391,80.6641
13762364,64.3555,87.5000
13831176,64.8438,80.0781
13900332,64.9414,81.6406
13969836,63.9648,81.2500
14039688,66.8945,83.7891
14109888,62.7930,81.0547
14180440,64.4531,82.0313
14251344,63.6719,80.5664
14322604,65.0391,81.9336
14394220,62.9883,79.3945
14466192,64.0625,80.9570
14538524,89.7461,83.4961
14611220,64.6484,95.7031
14684280,63.2813,80.4688
14757704,68.7500,84.8633
14831496,62.1094,80.5664
14905656,64.6484,84.4727
14980188,63.3789,81.7383
15055092,63.4766,79.1992
15130368,64.1602,81.4453
15206020,65.1367,84.4727
15282052,66.4063,83.3008
15358464,66.1133,83.0078
15435260,66.6016,85.3516
15512440,65.4297,82.5195
15590004,66.7969,80.2734
15667956,65.0391,90.4297
15746296,63.4766,82.4219
15825028,68.4570,82.4219
15904156,66.5039,85.6445
15983680,66.3086,82.0313
16063600,64.6484,82.1289
16143920,63.6719,82.9102
16224640,64.2578,82.2266
16305764,64.4531,81.7383
16387296,66.1133,89.8438
16469236,69.3359,93.0664
16551584,68.2617,86.2305
16634344,68.2617,85.3516
16717516,64.7461,82.3242
16801104,69.2383,86.5234
16885112,68.2617,85.9375
16969540,70.2148,87.6953
17054388,71.7773,84.2773
17139660,69.0430,84.7656
17225360,66.0156,81.2500
17311488,73.2422,89.5508
17398048,70.3125,86.1328
17485040,72.3633,89.9414
17572468,66.3086,83.0078
17660332,69.1406,88.4766
17748636,68.6523,85.4492
17837380,72.4609,88.7695
17926568,66.2109,81.1523
18016204,68.2617,85.0586
18106288,68.8477,84.1797
18196820,69.6289,85.3516
18287808,88.8672,90.5273
18379248,88.1836,95.4102
18471148,72.9492,83.6914
18563504,70.4102,85.5469
18656324,71.7773,88.8672
18749608,68.1641,84.8633
18843360,68.3594,86.1328
18937580,66.8945,91.0156
19032268,156.0547,92.0898
19127432,74.3164,86.8164
19223072,71.4844,87.8906
19319188,69.5313,85.1563
19415784,67.4805,83.9844
19512864,70.4102,88.3789
19610432,72.0703,88.9648
19708488,73.2422,88.3789
19807032,77.7344,86.6211
19906068,107.4219,87.2070
20005600,70.8008,89.1602
20105628,68.6523,85.8398
20206160,67.1875,84.0820
20307192,69.0430,86.1328
20408728,70.5078,84.5703
20510772,65.7227,83.0078
20613328,71.9727,89.6484
20716396,69.7266,86.1328
20819980,70.2148,87.2070
20924080,73.1445,84.2773
21028704,71.0938,88.1836
21133848,71.8750,95.8008
21239520,73.9258,100.6836
21345720,92.5781,92.1875
21452452,78.7109,86.7188
21559716,71.2891,88.6719
21667516,70.9961,94.6289
21775856,73.2422,85.7422
21884736,71.9727,88.4766
21994160,75.2930,87.2070
22104132,68.6523,85.2539
22214656,70.0195,84.8633
22325732,69.1406,86.4258
22437364,70.0195,100.0000
22549552,80.7617,89.6484
22662300,71.7773,87.3047
22775612,77.5391,103.6133
22889492,70.0195,88.2813
23003940,70.3125,87.5000
23118960,69.3359,86.1328
23234556,75.6836,87.7930
23350732,79.5898,93.2617
23467488,82.2266,93.2617
23584828,73.3398,91.5039
23702756,73.4375,87.7930
23821272,71.3867,95.3125
23940380,79.3945,92.9688
24060084,85.7422,95.0195
24180388,80.3711,94.0430
24301292,85.2539,94.0430
24422800,75.2930,99.6094
24544916,84.6680,99.7070
24667644,92.3828,93.4570
24790984,100.7813,91.2109
24914940,77.3438,87.8906
25039516,86.9141,98.2422
25164716,98.4375,109.2773
25290540,90.3320,96.0938
25416996,84.8633,93.6523
25544084,83.2031,111.0352
25671808,100.0977,100.3906
25800168,88.8672,104.6875
25929172,82.6172,93.6523
26058820,82.3242,107.5195
26189116,87.6953,103.8086
26320064,90.9180,96.6797
26451668,87.9883,95.1172
26583928,87.6953,110.9375
26716848,99.6094,101.9531
26850436,92.3828,99.7070
26984692,85.2539,96.8750
27119616,83.6914,107.5195
27255216,101.8555,105.2734
27391496,154.1016,138.9648
27528456,135.7422,131.0547
27666100,118.2617,120.3125
27804432,113.2813,97.1680
27943456,83.0078,91.1133
28083176,78.1250,91.6016
28223592,98.2422,98.8281
28364712,101.3672,95.3125
28506536,85.2539,96.3867
28649072,83.8867,106.7383
28792320,102.6367,106.0547
28936284,129.4922,113.7695
29080968,103.7109,111.5234
29226376,107.6172,117.2852
29372508,102.6367,107.4219
29519372,98.2422,105.3711
29666972,119.1406,125.3906
29815308,115.0391,113.4766
29964388,101.2695,103.0273
30114212,119.3359,126.1719
30264784,109.5703,109.2773
30416108,102.4414,104.0039
30568192,100.0000,133.3008
30721036,106.5430,113.3789
30874644,116.7969,119.0430
31029020,145.1172,134.5703
31184168,120.1172,121.5820
31340092,115.1367,136.0352
31496796,119.4336,114.4531
31654280,125.9766,134.0820
31812552,203.4180,149.5117
31971616,158.3008,160.2539
32131476,159.0820,139.1602
32292136,132.8125,127.9297
32453600,147.0703,130.5664
32615868,128.8086,127.0508
32778948,144.0430,133.9844
32942844,126.8555,125.3906
33107560,161.6211,168.4570
33273100,129.0039,121.4844
33439468,119.7266,142.3828
33606668,134.2773,127.9297
33774704,141.1133,150.0977
33943580,277.8320,141.6992
34113300,210.0586,175.7813
34283868,160.1563,145.2148
34455288,143.2617,167.8711
34627568,145.8984,140.8203
34800708,135.3516,163.5742
34974712,151.0742,134.4727
35149588,197.4609,150.8789
35325336,146.2891,139.2578
35501964,187.3047,147.6563
35679476,154.9805,144.6289
35857876,167.9688,138.4766
36037168,144.2383,142.8711
36217356,163.7695,157.2266
36398444,145.8008,151.6602
36580440,159.3750,138.0859
36763344,132.4219,127.7344
36947164,170.6055,144.0430
37131900,141.0156,138.7695
37317560,158.0078,134.2773
37504148,160.1563,130.3711
37691672,155.5664,140.5273
37880132,140.4297,132.3242
38069536,162.6953,142.2852
38259884,134.3750,193.8477
38451184,149.6094,141.4063
38643440,141.3086,156.2500
38836660,152.6367,155.1758
39030844,138.5742,159.6680
39226000,150.5859,145.8008
39422132,157.9102,163.0859
39619244,146.6797,190.4297
39817344,158.2031,151.7578
40016432,151.9531,150.7813
40216516,147.9492,148.8281
40417600,139.0625,154.7852
40619688,145.9961,143.1641
40822788,148.2422,146.6797
41026904,157.2266,155.0781
41232040,188.2813,147.9492
41438204,141.3086,137.1094
41645396,169.8242,135.1563
41853624,144.2383,156.5430
42062896,155.7617,146.1914
42273212,147.4609,144.4336
42484580,139.9414,140.8203
42697004,143.7500,157.2266
42910492,144.3359,141.6992
43125048,139.1602,163.5742
43340676,156.6406,157.8125
43557380,163.9648,168.2617
43775168,151.3672,168.1641
43994044,155.5664,155.0781
44214016,172.0703,148.9258
44435088,141.8945,155.3711
44657264,154.7852,158.7891
44880552,151.9531,164.9414
45104956,150.8789,150.3906
45330484,222.9492,151.5625
45557140,150.6836,183.1055
45784928,150.4883,170.4102
46013856,150.1953,157.3242
46243928,161.8164,163.1836
46475148,160.2539,158.4961
46707524,143.1641,163.7695
46941064,163.8672,173.3398
47175772,171.7773,162.5977
47411652,183.6914,167.0898
47648712,161.0352,158.7891
47886956,159.3750,155.6641
48126392,158.0078,164.0625
48367024,158.7891,157.5195
48608860,192.1875,157.8125
48851908,193.7500,162.8906
49096168,169.4336,175.4883
49341652,170.4102,179.8828
49588364,185.7422,171.8750
49836308,183.3984,162.9883
50085492,171.9727,204.4922
50335920,185.0586,269.7266
50587600,183.0078,167.6758
50840540,180.9570,170.3125
51094744,176.6602,162.9883
51350220,169.9219,182.4219
51606972,172.6563,181.2500
51865008,181.7383,161.8164
52124336,180.3711,178.0273
52384960,214.0625,175.1953
52646888,173.3398,182.7148
52910124,169.1406,164.6484
53174676,178.5156,172.7539
53440552,179.7852,172.7539
53707756,229.8828,182.9102
53976296,185.1563,183.3008
54246180,189.7461,183.7891
54517412,180.1758,182.3242
54790000,188.7695,181.7383
55063952,191.4063,178.6133
55339272,188.0859,175.9766
55615972,179.3945,183.9844
55894052,175.2930,220.2148
56173524,186.2305,198.4375
56454392,188.7695,205.9570
56736664,192.7734,185.3516
57020348,196.0938,182.3242
57305452,210.5469,198.2422
57591980,193.7500,189.4531
57879940,222.7539,186.0352
58169340,179.7852,194.9219
58460188,230.0781,191.8945
58752492,191.8945,190.1367
59046256,187.0117,201.1719
59341488,208.8867,200.1953
59638196,204.1992,202.4414
59936388,194.7266,200.7813
60236072,191.1133,200.5859
60537256,194.3359,195.5078
60839944,198.9258,208.5938
61144144,208.3008,194.1406
61449868,241.7969,209.8633
61757120,230.5664,208.9844
62065908,224.0234,198.5352
62376240,217.2852,263.5742
62688124,220.3125,214.3555
63001568,204.2969,200.9766
63316576,210.4492,216.4063
63633160,216.5039,207.4219
63951328,204.2969,211.5234
64271088,239.4531,207.6172
64592444,329.9805,215.8203
64915408,223.5352,206.4453
65239988,218.6523,206.7383
65566188,220.4102,212.7930
65894020,206.1523,216.7969
66223492,318.7500,216.5039
66554612,257.4219,215.1367
66887388,229.0039,305.1758
