4,1.5625,1.6602
8,2.0508,4.4922
12,2.6367,4.1992
16,2.5391,6.6406
20,3.1250,6.4453
24,3.1250,8.1055
28,3.1250,8.1055
32,3.0273,9.3750
36,3.7109,8.1055
40,3.9063,8.3008
44,3.7109,9.3750
48,3.7109,9.2773
52,3.6133,9.0820
56,3.5156,11.0352
60,3.7109,10.0586
64,3.8086,11.3281
68,4.4922,11.1328
72,3.9063,10.5469
76,5.0781,11.4258
80,4.2969,10.7422
84,4.7852,10.6445
88,4.3945,11.2305
92,4.2969,11.7188
96,5.1758,11.6211
100,4.1016,11.4258
104,4.8828,11.1328
108,4.1992,10.8398
112,4.5898,11.5234
116,4.2969,11.9141
120,4.3945,12.1094
124,4.4922,12.2070
128,4.4922,13.6719
132,5.3711,13.1836
136,5.2734,13.3789
140,5.1758,12.7930
144,5.4688,12.7930
148,5.2734,13.0859
152,5.3711,12.5000
156,5.2734,12.7930
160,6.3477,14.1602
164,5.3711,13.0859
168,4.9805,15.1367
172,5.1758,13.4766
176,5.2734,13.1836
180,5.1758,12.9883
184,5.2734,13.0859
188,5.4688,12.6953
192,5.1758,13.5742
196,5.3711,13.2813
200,5.1758,13.5742
204,5.3711,12.5977
208,5.3711,13.1836
212,5.2734,12.8906
216,5.5664,13.5742
220,5.3711,14.3555
224,5.0781,13.4766
228,5.2734,13.5742
232,5.3711,13.2813
236,5.1758,13.6719
240,5.1758,14.4531
244,5.4688,20.0195
248,5.1758,15.3320
252,5.2734,15.0391
256,5.3711,15.4297
260,6.2500,14.3555
264,6.5430,14.3555
268,6.1523,14.8438
272,6.1523,14.9414
276,6.1523,15.3320
280,6.1523,14.3555
284,6.1523,15.1367
288,6.1523,14.5508
292,6.1523,14.7461
296,6.1523,14.3555
300,6.1523,13.8672
304,6.2500,15.0391
308,6.5430,14.2578
312,6.1523,14.4531
316,6.2500,14.2578
320,6.1523,14.5508
324,6.1523,15.3320
328,6.1523,15.0391
332,6.3477,15.0391
336,6.3477,15.1367
340,6.1523,14.1602
344,6.1523,13.7695
348,6.2500,14.3555
352,6.2500,15.0391
356,6.2500,14.7461
360,6.2500,14.5508
364,6.1523,15.4297
368,6.2500,14.1602
372,6.1523,15.9180
376,6.2500,14.8438
380,6.2500,15.2344
384,6.2500,13.5742
388,6.1523,15.5273
392,6.1523,15.2344
396,6.2500,14.7461
400,6.1523,16.7969
404,6.2500,15.8203
408,6.3477,14.2578
412,6.2500,13.8672
416,6.2500,15.4297
420,6.2500,14.6484
424,6.3477,15.2344
428,6.4453,14.5508
432,6.1523,15.1367
436,6.2500,14.8438
440,6.3477,15.1367
444,6.3477,15.1367
448,6.1523,16.0156
452,6.3477,15.1367
456,6.3477,15.6250
460,6.1523,16.0156
464,6.1523,16.4063
468,6.3477,15.0391
472,6.5430,15.4297
476,6.1523,15.2344
480,6.1523,15.6250
484,6.1523,14.8438
488,6.2500,15.7227
492,6.1523,15.9180
496,6.1523,15.9180
500,6.2500,15.9180
504,6.3477,14.8438
508,6.2500,15.8203
512,6.2500,17.4805
516,7.2266,16.4063
520,7.1289,16.9922
524,7.5195,17.0898
528,8.0078,16.0156
532,7.3242,16.2109
536,7.6172,16.2109
540,7.6172,16.6992
544,7.8125,16.6016
548,7.5195,16.7969
552,7.3242,17.9688
556,9.5703,16.1133
560,7.7148,16.4063
564,7.8125,17.2852
568,7.3242,16.6016
572,7.7148,17.4805
576,7.7148,15.6250
580,7.8125,16.0156
584,7.6172,15.7227
588,7.6172,15.7227
592,7.9102,16.9922
596,7.5195,17.2852
600,7.6172,16.5039
604,7.7148,15.8203
608,7.6172,16.0156
612,7.7148,16.4063
616,6.9336,16.5039
620,7.5195,15.8203
624,7.5195,17.3828
628,7.5195,16.8945
632,7.9102,15.9180
636,7.3242,16.6016
640,7.6172,15.9180
644,8.5938,17.4805
648,7.6172,17.5781
652,7.3242,16.6016
656,7.7148,16.1133
660,7.2266,16.0156
664,7.0313,19.1406
668,9.7656,17.3828
672,7.5195,17.1875
676,7.5195,16.2109
680,7.7148,16.2109
684,8.0078,17.0898
688,7.6172,17.6758
692,7.0313,16.6016
696,7.2266,18.3594
700,9.7656,18.4570
704,10.1563,17.4805
708,7.1289,16.4063
712,7.6172,17.3828
716,7.2266,17.5781
720,7.8125,16.6992
724,7.4219,16.9922
728,7.7148,16.6992
732,8.1055,17.0898
736,7.4219,17.1875
740,7.5195,16.8945
744,7.4219,16.1133
748,7.3242,17.5781
752,7.6172,16.8945
756,7.9102,17.0898
760,7.8125,16.7969
764,7.9102,17.3828
768,7.2266,19.1406
772,7.7148,17.5781
776,8.0078,16.4063
780,7.8125,16.6992
784,7.3242,17.2852
788,7.5195,16.8945
792,8.1055,17.0898
796,7.6172,16.9922
800,7.3242,16.8945
804,7.2266,18.5547
812,7.6172,16.6016
820,7.2266,17.1875
828,7.4219,18.1641
836,7.7148,17.8711
844,7.7148,16.7969
852,7.4219,17.5781
860,7.3242,16.7969
868,7.4219,16.6016
876,7.5195,19.5313
884,7.0313,18.2617
892,8.2031,17.8711
900,7.7148,17.1875
908,7.5195,17.0898
916,7.1289,18.1641
924,7.6172,17.7734
932,7.4219,17.0898
940,7.1289,17.4805
948,7.5195,17.3828
956,7.8125,18.4570
964,7.6172,16.8945
972,8.0078,17.5781
980,7.2266,18.8477
988,7.9102,17.9688
996,7.4219,16.9922
1004,7.2266,18.0664
1012,7.2266,18.2617
1020,7.5195,17.7734
1028,9.0820,18.9453
1036,9.1797,19.2383
1044,8.8867,19.0430
1052,9.3750,19.5313
1060,8.6914,19.3359
1068,8.8867,17.9688
1076,9.2773,18.0664
1084,8.9844,19.5313
1092,9.4727,18.7500
1100,8.8867,19.0430
1108,9.1797,18.9453
1116,8.8867,19.3359
1124,8.7891,18.7500
1132,8.8867,18.1641
1140,8.9844,18.7500
1148,8.5938,19.0430
1156,9.5703,18.5547
1164,8.5938,18.7500
1172,9.0820,18.0664
1180,9.0820,18.8477
1188,9.3750,18.6523
1196,8.7891,19.8242
1204,9.0820,18.4570
1212,8.7891,18.3594
1220,8.9844,19.7266
1228,8.8867,18.0664
1236,8.5938,18.9453
1244,9.0820,18.5547
1252,8.4961,17.4805
1260,8.5938,18.9453
1268,8.9844,19.5313
1276,9.0820,18.2617
1284,8.6914,18.5547
1292,8.9844,18.1641
1300,8.7891,17.7734
1308,8.9844,19.5313
1316,8.5938,18.5547
1324,8.6914,19.6289
1332,9.0820,18.2617
1340,9.4727,17.9688
1348,9.1797,19.4336
1356,9.1797,19.4336
1364,9.0820,19.0430
1372,9.0820,17.8711
1380,8.5938,19.5313
1388,8.7891,19.4336
1396,8.5938,19.1406
1404,8.7891,17.9688
1412,8.8867,18.7500
1420,8.9844,19.3359
1428,8.8867,17.9688
1436,8.9844,18.3594
1444,8.9844,19.0430
1452,8.9844,17.9688
1460,8.9844,20.5078
1468,11.0352,20.2148
1476,8.8867,19.4336
1484,8.7891,19.5313
1492,12.4023,20.8008
1500,9.1797,19.7266
1508,9.0820,18.8477
1516,8.6914,19.3359
1524,8.7891,22.1680
1532,8.3984,18.6523
1540,9.1797,18.7500
1548,8.9844,19.7266
1556,8.9844,18.8477
1564,8.7891,18.5547
1572,8.6914,18.8477
1580,8.8867,18.6523
1588,8.6914,20.3125
1596,12.0117,19.7266
1604,8.7891,18.7500
1616,9.2773,19.6289
1628,9.2773,19.0430
1640,8.7891,18.9453
1652,9.3750,19.7266
1664,8.4961,20.1172
1676,8.6914,19.2383
1688,8.8867,19.1406
1700,8.7891,19.2383
1712,9.1797,18.3594
1724,9.1797,22.2656
1736,8.8867,20.4102
1748,9.0820,18.3594
1760,8.7891,18.9453
1772,8.5938,18.6523
1784,8.6914,20.1172
1796,8.6914,20.0195
1808,9.0820,19.6289
1820,8.7891,18.7500
1832,8.6914,20.6055
1844,9.2773,19.4336
1856,8.9844,19.8242
1868,8.9844,19.5313
1880,8.8867,20.4102
1892,9.2773,19.4336
1904,8.7891,19.7266
1916,9.1797,19.3359
1928,8.7891,18.8477
1940,8.7891,20.1172
1952,8.7891,19.3359
1964,8.5938,19.0430
1976,8.9844,19.5313
1988,8.7891,19.4336
2000,8.3984,20.4102
2012,8.7891,20.1172
2024,8.8867,19.3359
2036,9.2773,19.2383
2048,9.0820,21.9727
2060,12.2070,21.6797
2072,10.4492,22.0703
2084,11.0352,21.2891
2096,10.9375,20.8984
2108,10.5469,22.1680
2120,11.5234,23.0469
2132,10.4492,22.2656
2144,10.9375,20.1172
2156,10.3516,21.6797
2168,9.6680,19.6289
2180,10.3516,20.5078
2192,9.9609,20.9961
2204,10.8398,20.9961
2216,10.8398,21.5820
2228,10.7422,20.3125
2240,10.3516,20.4102
2252,10.1563,20.2148
2264,10.8398,20.8984
2276,10.7422,21.6797
2288,10.5469,19.8242
2300,10.2539,20.3125
2312,10.1563,21.8750
2324,11.1328,21.5820
2336,10.7422,21.8750
2348,10.4492,20.9961
2360,10.8398,21.2891
2372,9.8633,20.0195
2384,10.5469,20.7031
2396,11.2305,20.1172
2408,10.0586,21.2891
2424,10.6445,19.5313
2440,11.3281,20.1172
2456,11.1328,20.7031
2472,10.9375,21.2891
2488,10.6445,21.0938
2504,10.9375,20.6055
2520,10.9375,21.5820
2536,10.8398,23.1445
2552,10.0586,20.5078
2568,10.0586,20.7031
2584,10.4492,20.4102
2600,11.5234,20.8984
2616,10.6445,20.8008
2632,10.3516,20.5078
2648,11.6211,21.5820
2664,11.1328,20.6055
2680,10.3516,20.7031
2696,10.7422,21.0938
2712,10.3516,21.0938
2728,11.7188,22.5586
2744,10.8398,21.6797
2760,10.4492,20.6055
2776,10.2539,21.0938
2792,12.5977,21.2891
2808,10.1563,21.5820
2824,10.3516,21.3867
2840,9.5703,20.2148
2856,9.7656,20.5078
2872,10.9375,21.3867
2888,10.9375,20.2148
2904,14.1602,23.1445
2920,10.2539,19.1406
2936,11.1328,21.4844
2952,10.5469,21.7773
2968,10.5469,21.4844
2984,10.7422,22.4609
3000,9.8633,21.9727
3016,14.0625,19.8242
3032,9.4727,20.4102
3048,11.8164,22.4609
3064,10.5469,20.9961
3080,10.5469,23.7305
3096,9.9609,21.3867
3112,11.3281,21.5820
3128,11.0352,21.3867
3144,10.8398,21.6797
3160,10.7422,22.0703
3176,10.5469,21.9727
3192,11.3281,21.3867
3208,10.4492,20.9961
3228,10.5469,20.5078
3248,10.8398,21.1914
3268,11.4258,21.9727
3288,10.2539,22.6563
3308,11.6211,23.5352
3328,10.4492,21.7773
3348,10.2539,22.1680
3368,10.6445,21.3867
3388,9.8633,21.9727
3408,10.6445,21.9727
3428,10.9375,21.1914
3448,10.8398,21.9727
3468,10.8398,20.5078
3488,10.5469,21.0938
3508,10.9375,21.9727
3528,10.2539,21.4844
3548,10.0586,22.0703
3568,10.9375,20.9961
3588,10.9375,21.6797
3608,12.9883,20.6055
3628,11.3281,21.5820
3648,10.0586,21.6797
3668,10.5469,20.7031
3688,9.9609,22.4609
3708,10.8398,22.1680
3728,10.5469,22.1680
3748,11.3281,21.3867
3768,10.4492,22.0703
3788,10.4492,21.6797
3808,10.7422,22.4609
3828,10.8398,21.2891
3848,9.7656,22.2656
3868,10.0586,20.4102
3888,10.8398,21.6797
3908,10.9375,22.0703
3928,11.0352,22.8516
3948,10.8398,20.8984
3968,10.3516,21.8750
3988,11.2305,23.6328
4008,11.1328,22.2656
4032,11.0352,22.4609
4056,10.5469,22.7539
4080,10.0586,22.7539
4104,12.5977,23.5352
4128,11.9141,22.5586
4152,12.4023,22.7539
4176,12.5000,24.0234
4200,12.5000,22.8516
4224,12.4023,21.5820
4248,12.4023,22.2656
4272,12.9883,21.8750
4296,12.6953,23.1445
4320,12.5977,23.0469
4344,13.0859,22.2656
4368,11.9141,21.7773
4392,12.7930,21.3867
4416,12.5977,22.5586
4440,12.4023,23.4375
4464,12.5000,23.8281
4488,12.5977,23.2422
4512,12.1094,21.1914
4536,12.1094,23.1445
4560,12.4023,23.7305
4584,12.8906,23.5352
4608,12.5000,21.8750
4632,12.7930,22.4609
4656,12.4023,22.2656
4680,13.1836,23.2422
4704,12.1094,22.5586
4728,12.4023,22.6563
4752,12.5977,21.6797
4776,12.5000,21.4844
4800,12.9883,23.5352
4824,12.4023,22.7539
4852,12.1094,23.3398
4880,12.7930,23.5352
4908,12.7930,22.6563
4936,12.5977,23.1445
4964,12.4023,22.6563
4992,12.5977,23.8281
5020,12.7930,24.0234
5048,12.8906,24.4141
5076,12.4023,23.7305
5104,11.5234,23.0469
5132,12.5000,24.1211
5160,16.8945,25.2930
5188,15.5273,23.4375
5216,12.4023,22.2656
5244,12.5977,23.3398
5272,12.2070,21.8750
5300,12.5000,22.0703
5328,12.7930,23.3398
5356,12.7930,22.7539
5384,11.9141,22.1680
5412,12.5977,21.7773
5440,12.5000,23.0469
5468,12.2070,22.5586
5496,12.8906,22.8516
5524,12.1094,22.8516
5552,12.3047,23.0469
5580,12.5000,22.8516
5608,12.3047,22.0703
5640,12.3047,24.2188
5672,12.5977,23.5352
5704,12.5977,23.0469
5736,12.2070,23.5352
5768,12.4023,23.9258
5800,12.5000,23.0469
5832,12.7930,23.4375
5864,15.1367,22.9492
5896,12.9883,24.3164
5928,12.7930,23.6328
5960,12.3047,22.8516
5992,12.4023,23.9258
6024,13.3789,23.8281
6056,12.0117,23.6328
6088,12.0117,23.3398
6120,12.5977,21.6797
6152,12.5977,23.4375
6184,12.2070,22.7539
6216,12.9883,24.1211
6248,12.2070,24.1211
6280,12.4023,23.5352
6312,12.2070,22.6563
6344,12.3047,22.5586
6376,12.6953,24.3164
6408,12.3047,23.0469
6444,11.9141,22.8516
6480,12.5977,24.4141
6516,13.4766,23.8281
6552,12.5000,24.3164
6588,12.4023,23.0469
6624,12.2070,23.9258
6660,12.3047,23.9258
6696,12.5977,23.4375
6732,12.1094,23.3398
6768,11.8164,21.8750
6804,12.4023,25.3906
6840,15.8203,22.9492
6876,12.3047,22.6563
6912,12.2070,23.1445
6948,12.5977,23.0469
6984,12.4023,22.7539
7020,12.6953,23.7305
7056,12.3047,22.6563
7092,12.5977,23.6328
7128,12.6953,23.1445
7164,12.0117,22.7539
7200,12.2070,23.9258
7236,12.7930,23.1445
7276,12.7930,22.7539
7316,12.6953,23.7305
7356,12.5000,24.2188
7396,12.4023,23.8281
7436,12.5000,23.0469
7476,12.3047,23.1445
7516,13.0859,24.5117
7556,12.4023,23.8281
7596,12.3047,23.3398
7636,12.5977,24.8047
7676,12.6953,24.1211
7716,12.5977,25.0977
7756,12.5000,24.5117
7796,12.4023,23.6328
7836,12.8906,24.7070
7876,12.5000,22.8516
7916,12.2070,23.6328
7956,12.0117,26.8555
7996,12.5977,24.7070
8036,12.3047,25.0977
8080,12.7930,24.2188
8124,12.2070,22.5586
8168,12.7930,23.5352
8212,14.4531,26.0742
8256,14.4531,25.8789
8300,14.2578,25.1953
8344,13.7695,24.3164
8388,13.8672,24.5117
8432,13.4766,23.6328
8476,13.6719,24.8047
8520,14.0625,25.3906
8564,13.8672,23.9258
8608,14.0625,24.5117
8652,13.9648,25.5859
8696,15.0391,25.9766
8740,13.4766,24.6094
8784,17.5781,23.6328
8828,14.2578,24.9023
8876,13.9648,24.0234
8924,14.2578,25.5859
8972,13.5742,24.4141
9020,14.3555,24.6094
9068,13.9648,24.7070
9116,13.6719,25.0000
9164,14.5508,25.8789
9212,14.3555,27.1484
9260,13.9648,25.5859
9308,13.9648,23.9258
9356,13.5742,22.9492
9404,14.3555,24.4141
9452,13.9648,25.4883
9500,13.3789,24.0234
9548,14.2578,23.9258
9596,14.2578,25.5859
9644,14.2578,23.2422
9696,13.5742,24.4141
9748,13.8672,23.8281
9800,13.5742,23.2422
9852,13.8672,24.3164
9904,14.0625,26.4648
9956,13.9648,24.8047
10008,14.6484,24.2188
10060,13.9648,24.7070
10112,13.7695,23.6328
10164,13.6719,26.2695
10216,13.8672,24.6094
10268,13.9648,24.3164
10320,14.0625,25.1953
10372,13.8672,25.9766
10424,14.1602,24.0234
10480,13.0859,23.7305
10536,13.9648,23.8281
10592,13.6719,24.5117
10648,13.7695,27.4414
10704,14.1602,25.4883
10760,13.6719,24.4141
10816,13.4766,24.0234
10872,13.3789,23.7305
10928,13.9648,25.3906
10984,14.0625,24.9023
11040,13.6719,23.5352
11096,13.7695,23.7305
11152,14.0625,23.2422
11208,13.7695,24.0234
11268,14.1602,24.4141
11328,14.1602,24.7070
11388,13.4766,23.9258
11448,14.3555,32.0313
11508,14.1602,24.5117
11568,14.2578,24.7070
11628,13.3789,23.7305
11688,13.7695,24.9023
11748,13.8672,24.8047
11808,13.6719,24.3164
11868,14.3555,24.7070
11928,14.2578,24.4141
11988,14.1602,23.8281
12048,13.8672,23.9258
12112,14.0625,24.5117
12176,14.2578,25.1953
12240,13.3789,23.6328
12304,15.4297,28.6133
12368,14.2578,24.6094
12432,14.6484,26.1719
12496,13.9648,24.2188
12560,14.1602,24.8047
12624,13.5742,24.1211
12688,14.0625,24.1211
12752,14.2578,24.5117
12816,13.8672,23.8281
12884,13.8672,22.7539
12952,13.3789,23.9258
13020,14.2578,25.5859
13088,15.2344,25.4883
13156,14.3555,25.2930
13224,13.8672,26.8555
13292,13.8672,24.7070
13360,13.7695,23.4375
13428,13.4766,23.9258
13496,14.6484,25.6836
13564,13.7695,25.0977
13632,13.3789,24.2188
13704,13.6719,24.3164
13776,13.8672,24.8047
13848,14.3555,24.4141
13920,13.7695,25.0000
13992,14.3555,26.2695
14064,13.7695,24.2188
14136,14.0625,24.1211
14208,14.0625,25.3906
14280,14.1602,24.8047
14352,14.1602,24.9023
14424,14.7461,28.3203
14500,16.8945,25.9766
14576,14.4531,24.3164
14652,13.1836,24.4141
14728,14.4531,26.0742
14804,14.1602,25.3906
14880,13.6719,24.0234
14956,14.3555,25.3906
15032,13.6719,25.0977
15108,13.5742,25.0000
15184,13.9648,25.4883
15260,16.3086,24.8047
15340,13.8672,25.5859
15420,14.0625,25.3906
15500,14.0625,25.4883
15580,13.8672,27.0508
15660,17.9688,24.6094
15740,14.5508,24.6094
15820,14.2578,25.4883
15900,14.0625,25.0977
15980,13.1836,24.9023
16060,14.2578,25.4883
16144,14.1602,25.8789
16228,13.8672,26.1719
16312,13.3789,24.8047
16396,15.7227,27.8320
16480,16.2109,29.1992
16564,15.6250,24.6094
16648,15.2344,24.5117
16732,16.4063,25.2930
16816,14.9414,25.5859
16904,15.5273,23.5352
16992,15.7227,24.5117
17080,16.2109,25.6836
17168,14.8438,24.2188
17256,16.1133,25.3906
17344,15.9180,26.0742
17432,16.4063,26.6602
17520,16.9922,25.4883
17608,16.7969,27.0508
17700,16.1133,26.0742
17792,15.9180,24.8047
17884,15.8203,25.2930
17976,16.1133,25.0977
18068,15.7227,24.7070
18160,15.9180,26.0742
18252,16.2109,24.9023
18344,15.3320,24.1211
18436,16.0156,25.3906
18532,15.8203,25.5859
18628,16.1133,25.8789
18724,16.1133,29.3945
18820,15.7227,25.0977
18916,15.8203,26.2695
19012,15.3320,26.3672
19108,16.1133,25.2930
19204,15.6250,25.0000
19304,15.2344,25.7813
19404,14.9414,26.4648
19504,16.0156,26.5625
19604,15.4297,25.5859
19704,15.9180,25.1953
19804,15.3320,24.8047
19904,16.6016,27.2461
20004,16.0156,26.5625
20108,16.5039,25.8789
20212,15.5273,26.5625
20316,15.2344,25.9766
20420,16.1133,26.6602
20524,16.1133,25.4883
20628,15.6250,26.2695
20732,15.3320,25.0000
20836,16.4063,26.1719
20944,15.9180,26.1719
21052,16.6992,26.4648
21160,16.7969,26.8555
21268,15.3320,24.6094
21376,16.2109,26.0742
21484,17.1875,25.0977
21592,16.2109,26.7578
21700,16.0156,26.8555
21812,16.7969,27.4414
21924,15.3320,26.8555
22036,16.4063,25.0977
22148,15.8203,25.5859
22260,15.2344,25.2930
22372,20.4102,28.0273
22484,15.1367,24.8047
22600,16.1133,26.7578
22716,16.2109,26.3672
22832,15.6250,25.7813
22948,15.4297,27.9297
23064,15.7227,26.7578
23180,16.5039,29.0039
23296,16.6992,26.1719
23416,15.7227,25.7813
23536,15.6250,26.5625
23656,15.6250,26.8555
23776,15.4297,25.2930
23896,15.6250,26.7578
24016,17.5781,28.3203
24140,16.2109,28.1250
24264,16.6016,26.3672
24388,15.9180,25.8789
24512,16.5039,28.0273
24636,16.0156,26.7578
24760,16.1133,26.0742
24884,16.1133,27.1484
25012,15.5273,26.8555
25140,15.4297,25.9766
25268,16.4063,27.3438
25396,14.7461,25.4883
25524,15.2344,26.6602
25652,15.9180,26.8555
25784,16.2109,27.5391
25916,16.1133,25.8789
26048,16.5039,27.1484
26180,15.7227,27.2461
26312,15.1367,26.3672
26444,16.3086,26.9531
26580,16.0156,27.0508
26716,16.0156,26.3672
26852,16.1133,25.6836
26988,15.7227,26.9531
27124,14.8438,26.3672
27260,15.8203,25.8789
27400,15.8203,26.4648
27540,15.1367,26.8555
27680,15.9180,27.7344
27820,15.4297,25.2930
27960,15.7227,25.5859
28100,15.9180,26.3672
28244,15.7227,27.8320
28388,15.7227,26.7578
28532,16.1133,26.8555
28676,15.9180,26.9531
28820,15.9180,26.5625
28968,15.9180,26.3672
29116,16.5039,26.8555
29264,16.0156,26.3672
29412,15.5273,26.4648
29560,16.1133,27.3438
29708,15.2344,26.9531
29860,16.0156,25.9766
30012,15.7227,26.2695
30164,15.9180,26.4648
30316,15.8203,27.2461
30468,16.4063,27.3438
30624,16.0156,28.2227
30780,16.3086,26.7578
30936,15.4297,25.9766
31092,16.5039,27.3438
31248,16.1133,26.3672
31408,16.0156,26.6602
31568,16.5039,27.1484
31728,15.2344,26.6602
31888,28.5156,29.7852
32048,16.7969,27.9297
32212,16.9922,29.2969
32376,15.5273,27.2461
32540,15.6250,28.8086
32704,22.1680,30.4688
32868,24.1211,33.3984
33036,23.5352,29.8828
33204,22.9492,30.7617
33372,23.1445,33.7891
33540,29.3945,29.1016
33708,18.0664,28.7109
33880,19.5313,31.4453
34052,22.9492,31.0547
34224,24.2188,33.0078
34396,24.9023,34.3750
34568,18.0664,28.5156
34744,17.0898,26.9531
34920,18.0664,26.9531
35096,18.2617,27.3438
35272,17.6758,28.2227
35452,18.4570,28.4180
35632,19.9219,27.5391
35812,18.2617,28.5156
35992,20.2148,28.6133
36172,26.1719,35.7422
36356,19.1406,30.7617
36540,17.3828,31.6406
36724,17.6758,27.2461
36908,18.3594,30.1758
37096,17.9688,31.6406
37284,17.2852,26.9531
37472,17.6758,26.8555
37660,17.3828,29.2969
37852,18.2617,28.3203
38044,16.6016,26.0742
38236,18.1641,29.1992
38428,17.3828,26.7578
38624,17.7734,27.8320
38820,17.9688,28.1250
39016,17.3828,27.9297
39212,17.6758,27.3438
39412,18.1641,27.8320
39612,18.0664,30.3711
39812,18.6523,28.3203
40012,17.5781,26.7578
40216,18.1641,28.0273
40420,19.9219,27.2461
40624,20.1172,32.8125
40828,24.4141,31.5430
41036,25.6836,35.4492
41244,25.0977,28.6133
41452,17.7734,30.2734
41660,18.3594,28.8086
41872,23.5352,33.8867
42084,18.1641,28.5156
42296,21.7773,31.1523
42508,17.5781,27.8320
42724,18.9453,29.4922
42940,17.7734,27.5391
43156,18.0664,29.1992
43372,17.3828,28.9063
43592,18.1641,30.2734
43812,17.3828,28.3203
44032,17.2852,28.8086
44256,17.5781,28.4180
44480,17.1875,28.4180
44704,17.5781,28.2227
44928,17.1875,26.4648
45156,17.9688,26.7578
45384,17.5781,28.2227
45612,18.0664,29.7852
45844,17.7734,28.2227
46076,18.0664,29.6875
46308,17.6758,27.5391
46540,18.6523,28.1250
46776,17.5781,28.1250
47012,17.9688,28.4180
47248,17.5781,27.0508
47488,16.9922,26.3672
47728,17.8711,28.3203
47968,18.6523,32.8125
48208,17.9688,29.0039
48452,17.8711,29.1016
48696,17.6758,28.8086
48940,17.2852,28.9063
49188,17.4805,28.6133
49436,17.6758,28.7109
49684,17.3828,27.5391
49936,18.6523,29.4922
50188,17.6758,28.4180
50440,17.5781,29.0039
50696,17.2852,27.6367
50952,17.6758,28.6133
51208,18.0664,29.1016
51468,16.7969,28.2227
51728,18.2617,28.8086
51988,17.7734,28.4180
52248,18.3594,29.1992
52512,17.8711,29.0039
52776,18.0664,29.5898
53040,17.9688,29.0039
53308,17.7734,29.6875
53576,17.6758,28.1250
53844,17.6758,28.6133
54116,17.9688,28.2227
54388,19.7266,28.3203
54660,17.6758,27.9297
54936,20.9961,29.4922
55212,18.5547,30.1758
55492,17.4805,28.0273
55772,17.6758,29.4922
56052,17.1875,27.5391
56336,17.6758,29.2969
56620,17.9688,29.3945
56904,18.0664,30.0781
57192,18.2617,30.2734
57480,17.9688,28.2227
57768,19.9219,29.1016
58060,17.0898,28.6133
58352,18.7500,29.4922
58644,18.0664,28.4180
58940,18.2617,30.8594
59236,18.5547,30.3711
59536,17.7734,29.8828
59836,17.5781,28.6133
60136,17.9688,29.3945
60440,17.6758,29.1016
60744,18.1641,28.9063
61048,18.1641,30.2734
61356,16.8945,29.3945
61664,18.0664,27.6367
61976,18.0664,30.4688
62288,18.3594,29.9805
62600,18.8477,30.1758
62916,17.6758,30.1758
63232,17.7734,29.2969
63552,17.6758,28.9063
63872,17.6758,29.5898
64192,18.4570,30.1758
64516,18.2617,29.2969
64840,18.3594,30.4688
65168,20.7031,29.5898
65496,19.3359,29.1992
65824,21.4844,33.8867
66156,19.8242,30.8594
66488,19.0430,32.5195
66824,20.8008,31.9336
67160,19.7266,31.0547
67496,19.8242,31.3477
67836,19.4336,30.6641
68176,19.3359,31.1523
68520,20.3125,32.5195
68864,19.8242,34.1797
69212,19.0430,30.9570
69560,19.9219,32.7148
69908,20.2148,32.3242
70260,19.9219,31.6406
70612,19.2383,30.5664
70968,20.6055,32.7148
71324,19.3359,30.7617
71684,19.9219,32.7148
72044,21.0938,33.3008
72408,20.4102,32.6172
72772,19.4336,32.1289
73136,21.1914,30.9570
73504,19.8242,32.0313
73872,20.3125,31.3477
74244,19.9219,31.0547
74616,20.3125,31.3477
74992,19.9219,31.3477
75368,20.3125,32.3242
75748,20.1172,32.2266
76128,20.5078,33.7891
76512,19.2383,31.8359
76896,19.6289,32.0313
77284,18.9453,37.0117
77672,20.7031,34.9609
78064,20.3125,32.0313
78456,19.2383,33.1055
78852,20.0195,31.2500
79248,20.4102,32.5195
79648,19.8242,31.4453
80048,19.3359,31.9336
80452,20.2148,31.8359
80856,19.9219,32.4219
81264,19.6289,31.2500
81672,19.8242,31.7383
82084,32.8125,37.9883
82496,28.6133,38.9648
82912,19.3359,31.7383
83328,19.8242,33.3008
83748,19.3359,31.4453
84168,18.7500,30.2734
84592,19.6289,31.5430
85016,19.7266,32.0313
85444,20.4102,33.3008
85872,20.1172,33.7891
86304,20.4102,34.6680
86736,19.2383,31.7383
87172,20.0195,32.1289
87608,19.7266,32.0313
88048,19.6289,31.9336
88492,20.1172,33.2031
88936,20.0195,31.6406
89384,20.3125,32.4219
89832,19.4336,31.5430
90284,19.3359,31.8359
90736,20.5078,34.1797
91192,21.2891,34.7656
91648,19.4336,30.3711
92108,19.9219,31.8359
92572,19.9219,32.4219
93036,19.1406,31.5430
93504,19.6289,33.0078
93972,20.3125,32.4219
94444,19.8242,33.1055
94920,20.1172,31.6406
95396,19.5313,32.9102
95876,20.1172,32.7148
96356,19.6289,33.3008
96840,20.5078,34.1797
97328,19.2383,31.9336
97816,20.5078,34.7656
98308,19.9219,33.6914
98800,20.3125,33.0078
99296,19.5313,33.6914
99796,20.2148,32.7148
100296,19.4336,32.5195
100800,20.8984,34.1797
101304,20.0195,33.6914
101812,19.2383,32.9102
102324,20.0195,33.8867
102836,20.3125,33.8867
103352,20.3125,33.4961
103872,19.7266,32.0313
104392,19.7266,33.0078
104916,20.8008,34.1797
105444,20.7031,32.5195
105972,19.0430,31.4453
106504,19.8242,32.3242
107040,20.4102,32.7148
107576,20.3125,33.5938
108116,20.9961,34.6680
108660,20.0195,33.1055
109204,20.3125,34.1797
109752,20.0195,33.0078
110304,20.7031,34.2773
110856,19.7266,30.9570
111412,19.4336,33.7891
111972,21.2891,34.4727
112532,20.2148,34.6680
113096,21.0938,34.4727
113664,21.0938,34.3750
114236,22.0703,33.6914
114808,20.2148,33.5938
115384,19.9219,33.8867
115964,20.1172,32.9102
116544,21.1914,34.9609
117128,19.9219,34.3750
117716,19.6289,32.8125
118308,20.5078,33.9844
118900,19.6289,33.6914
119496,19.2383,33.5938
120096,20.1172,36.7188
120700,28.8086,37.7930
121304,19.7266,33.6914
121912,19.3359,31.9336
122524,20.4102,33.3008
123140,20.2148,33.2031
123756,20.2148,33.7891
124376,20.4102,33.4961
125000,20.3125,33.8867
125628,20.1172,34.3750
126260,20.3125,34.3750
126892,20.7031,34.3750
127528,19.9219,31.2500
128168,20.4102,33.6914
128812,19.2383,32.5195
129460,20.4102,33.3008
130108,20.0195,33.9844
130760,20.8008,34.1797
131416,24.4141,35.2539
132076,23.1445,34.1797
132740,22.7539,33.9844
133404,23.1445,35.3516
134072,22.5586,35.7422
134744,22.1680,34.6680
135420,22.9492,33.8867
136100,23.7305,34.9609
136784,22.8516,33.9844
137468,21.3867,33.5938
138156,22.3633,34.1797
138848,22.5586,35.7422
139544,22.5586,34.5703
140244,21.9727,33.7891
140948,23.0469,34.1797
141656,22.5586,35.7422
142368,22.3633,33.3984
143080,22.2656,33.2031
143796,20.9961,33.3008
144516,22.9492,34.9609
145240,21.9727,33.2031
145968,21.7773,34.9609
146700,21.6797,33.0078
147436,22.0703,33.1055
148176,22.9492,35.5469
148920,22.8516,36.4258
149668,22.6563,36.0352
150420,23.2422,36.1328
151176,22.1680,34.6680
151932,22.3633,34.7656
152692,22.1680,33.5938
153456,22.5586,34.8633
154224,21.8750,33.3008
154996,22.6563,34.8633
155772,22.5586,33.6914
156552,21.8750,35.0586
157336,22.3633,33.1055
158124,21.4844,33.7891
158916,22.2656,33.7891
159712,20.9961,32.9102
160512,22.5586,35.9375
161316,22.4609,34.0820
162124,22.1680,36.1328
162936,22.6563,35.4492
163752,21.8750,34.5703
164572,21.9727,34.9609
165396,21.4844,35.3516
166224,22.0703,35.2539
167056,23.0469,34.0820
167892,21.2891,33.8867
168732,21.8750,34.4727
169576,22.8516,36.0352
170424,21.8750,34.3750
171280,22.6563,35.9375
172140,21.6797,32.6172
173004,21.7773,34.4727
173872,25.8789,36.2305
174744,23.2422,34.7656
175620,21.5820,34.5703
176500,21.4844,33.5938
177384,22.3633,34.6680
178272,21.8750,34.3750
179164,21.0938,33.3008
180060,21.5820,34.4727
180964,22.4609,33.9844
181872,22.7539,35.7422
182784,21.5820,36.3281
183700,24.6094,35.4492
184620,23.3398,36.8164
185544,21.8750,34.1797
186472,22.3633,34.8633
187408,21.6797,35.1563
188348,22.3633,35.8398
189292,21.2891,33.4961
190240,21.0938,34.2773
191192,23.0469,34.8633
192148,22.0703,34.4727
193112,21.6797,50.8789
194080,29.1016,40.3320
195052,30.3711,40.1367
196028,30.9570,38.9648
197012,22.7539,36.2305
198000,21.6797,34.2773
198992,23.3398,35.8398
199988,22.7539,35.5469
200988,22.8516,35.4492
201996,23.1445,48.1445
203008,23.9258,36.7188
204024,24.3164,37.2070
205048,22.8516,36.0352
206076,22.2656,36.6211
207108,22.7539,35.1563
208144,21.9727,35.5469
209188,22.3633,35.5469
210236,21.9727,35.2539
211288,23.4375,34.2773
212348,22.5586,35.3516
213412,21.9727,36.3281
214480,22.2656,34.8633
215556,22.6563,36.3281
216636,21.8750,35.6445
217720,22.5586,36.1328
218812,22.2656,34.5703
219908,21.5820,33.9844
221008,22.8516,36.5234
222116,21.6797,34.8633
223228,22.4609,34.1797
224348,22.4609,34.8633
225472,21.6797,36.1328
226600,23.0469,37.8906
227736,22.2656,36.3281
228876,23.0469,38.4766
230024,22.2656,34.6680
231176,22.5586,35.3516
232332,22.7539,36.4258
233496,23.5352,36.9141
234664,25.1953,36.7188
235840,22.5586,35.4492
237020,22.3633,36.8164
238208,21.4844,34.5703
239400,23.3398,36.9141
240600,22.9492,37.2070
241804,21.8750,35.2539
243016,21.9727,33.7891
244232,30.8594,39.9414
245456,22.9492,35.5469
246684,22.5586,36.2305
247920,22.6563,36.5234
249160,22.8516,36.0352
250408,22.6563,35.7422
251664,22.3633,36.2305
252924,23.2422,37.6953
254192,23.1445,35.5469
255464,21.8750,34.2773
256744,22.7539,35.6445
258028,22.3633,35.7422
259320,23.4375,37.5977
260620,22.7539,36.2305
261924,23.0469,35.6445
263236,25.4883,37.9883
264556,25.4883,36.2305
265880,25.9766,37.6953
267212,25.6836,36.4258
268552,25.7813,37.9883
269896,24.7070,35.9375
271248,26.1719,40.7227
272608,24.7070,37.7930
273972,25.8789,37.5977
275344,26.0742,38.1836
276724,25.4883,37.8906
278108,25.2930,37.6953
279500,24.8047,36.1328
280900,25.5859,38.5742
282308,25.0000,35.3516
283720,25.3906,37.9883
285140,25.6836,37.9883
286568,25.9766,36.9141
288004,25.0977,36.1328
289448,25.2930,37.5977
290896,25.8789,37.3047
292352,24.8047,36.6211
293816,24.1211,36.3281
295288,24.9023,34.9609
296768,25.0977,36.6211
298252,25.5859,38.6719
299744,26.7578,39.0625
301244,24.7070,37.2070
302752,25.9766,38.5742
304268,25.7813,37.3047
305792,25.3906,37.7930
307324,25.0977,37.7930
308864,25.0000,37.0117
310412,25.2930,36.4258
311968,24.9023,37.2070
313528,25.2930,36.6211
315096,24.7070,36.3281
316672,25.9766,39.6484
318256,25.4883,36.4258
319848,26.0742,38.0859
321448,24.9023,36.4258
323056,24.9023,36.4258
324672,25.8789,38.2813
326296,25.1953,37.7930
327928,28.9063,37.9883
329568,25.7813,37.9883
331216,25.4883,35.9375
332876,26.1719,37.7930
334544,25.5859,37.5977
336220,25.3906,37.0117
337904,26.3672,38.4766
339596,33.0078,38.2813
341296,24.8047,36.0352
343004,25.5859,39.8438
344720,25.7813,36.9141
346444,25.5859,37.0117
348180,25.8789,37.5977
349924,26.8555,39.2578
351676,26.4648,39.6484
353436,25.5859,37.0117
355204,26.3672,37.2070
356984,25.5859,37.7930
358772,26.0742,43.3594
360568,26.3672,39.9414
362372,25.4883,37.8906
364184,26.3672,38.0859
366008,26.0742,38.9648
367840,25.3906,36.9141
369680,25.8789,37.2070
371532,25.3906,36.3281
373392,26.4648,37.5000
375260,25.6836,38.2813
377140,25.9766,38.5742
379028,26.2695,39.1602
380924,25.7813,36.3281
382832,24.8047,36.3281
384748,25.1953,37.3047
386672,25.1953,37.2070
388608,26.3672,38.3789
390552,26.1719,38.7695
392508,25.9766,37.6953
394472,27.1484,39.1602
396448,25.1953,36.4258
398432,27.4414,38.9648
400428,26.1719,38.6719
402432,26.3672,38.1836
404448,26.4648,39.1602
406472,26.5625,37.9883
408508,26.7578,39.8438
410552,26.7578,40.8203
412608,36.9141,41.6016
414672,28.7109,41.5039
416748,26.5625,38.5742
418832,26.0742,37.9883
420928,26.4648,37.7930
423036,26.8555,38.5742
425152,25.3906,37.6953
427280,25.9766,37.9883
429420,29.9805,39.3555
431568,26.8555,37.8906
433728,26.7578,38.4766
435900,27.1484,38.9648
438080,25.9766,38.2813
440272,26.4648,39.5508
442476,27.8320,39.1602
444692,26.4648,39.3555
446916,26.9531,38.1836
449152,27.9297,40.1367
451400,26.5625,38.5742
453660,26.5625,39.3555
455932,26.8555,39.1602
458212,26.9531,39.0625
460504,27.0508,38.7695
462808,34.5703,41.3086
465124,26.3672,38.6719
467452,26.6602,40.9180
469792,26.2695,37.5000
472144,26.7578,40.3320
474508,26.5625,38.7695
476884,27.7344,41.4063
479272,27.5391,38.1836
481672,27.9297,40.6250
484084,25.6836,37.8906
486508,28.4180,44.3359
488944,27.3438,39.7461
491392,27.9297,41.3086
493852,27.2461,40.5273
496324,26.9531,38.2813
498808,27.4414,40.3320
501304,28.0273,40.4297
503812,26.7578,40.0391
506332,28.2227,42.1875
508864,32.2266,43.2617
511412,27.5391,41.2109
513972,27.4414,38.9648
516544,27.0508,39.5508
519128,28.4180,42.2852
521724,28.4180,41.6992
524336,33.3984,44.5313
526960,30.1758,40.3320
529596,33.1055,42.3828
532244,29.8828,39.8438
534908,31.5430,41.1133
537584,31.5430,43.6523
540272,30.1758,40.0391
542976,29.9805,40.6250
545692,30.7617,41.6992
548424,29.5898,41.4063
551168,32.5195,40.7227
553924,31.1523,41.4063
556696,29.5898,41.4063
559480,30.6641,39.7461
562280,30.0781,39.8438
565092,28.8086,40.0391
567920,29.4922,40.7227
570760,29.2969,38.9648
573616,28.5156,39.3555
576488,30.5664,40.8203
579372,30.6641,41.5039
582272,29.4922,40.4297
585184,30.8594,40.0391
588112,30.5664,41.2109
591056,30.2734,39.4531
594012,29.7852,40.4297
596984,29.4922,43.8477
599972,29.8828,39.4531
602972,30.9570,40.9180
605988,30.4688,41.3086
609020,30.1758,40.2344
612068,34.2773,47.5586
615132,30.4688,41.1133
618208,30.8594,42.3828
621300,33.7891,42.2852
624408,31.4453,43.1641
627532,30.3711,39.9414
630672,29.7852,39.6484
633828,29.4922,39.2578
637000,32.5195,43.4570
640188,29.7852,40.0391
643392,29.1016,39.9414
646612,32.3242,40.5273
649848,30.1758,39.7461
653100,29.8828,39.4531
656368,31.4453,40.9180
659652,29.9805,39.7461
662952,30.6641,40.3320
666268,30.3711,39.5508
669600,30.9570,41.9922
672948,32.0313,42.3828
676316,31.5430,42.0898
679700,30.9570,41.0156
683100,29.3945,39.6484
686516,30.6641,40.9180
689952,31.4453,43.5547
693404,31.6406,43.4570
696872,30.5664,44.2383
700360,31.6406,42.3828
703864,31.3477,41.1133
707384,31.1523,41.1133
710924,37.4023,44.9219
714480,30.8594,40.3320
718056,28.8086,38.6719
721648,30.0781,42.1875
725260,30.9570,42.0898
728888,29.5898,38.5742
732536,29.6875,40.9180
736200,30.1758,41.3086
739884,30.9570,42.3828
743584,31.4453,42.3828
747304,30.6641,40.7227
751044,33.3984,41.3086
754800,29.4922,40.8203
758576,29.9805,41.2109
762372,29.4922,40.7227
766184,31.0547,42.2852
770016,30.3711,43.1641
773868,30.6641,41.6992
777740,29.4922,40.8203
781632,35.4492,43.6523
785544,31.3477,43.4570
789472,30.2734,41.7969
793420,31.4453,41.4063
797388,30.2734,48.7305
801376,31.0547,42.0898
805384,30.2734,41.1133
809412,29.3945,39.6484
813460,31.7383,44.3359
817528,30.0781,41.3086
821616,31.6406,43.2617
825728,31.8359,44.5313
829860,31.1523,41.6992
834012,30.3711,41.9922
838184,30.2734,43.9453
842376,29.4922,39.6484
846588,31.3477,41.9922
850824,30.9570,42.5781
855080,30.0781,41.8945
859356,32.7148,44.3359
863656,31.5430,43.8477
867976,30.3711,42.5781
872316,30.9570,42.3828
876680,31.1523,44.0430
881064,31.5430,43.2617
885472,30.8594,42.9688
889900,30.6641,43.0664
894352,31.4453,43.4570
898824,31.5430,42.7734
903320,33.0078,40.7227
907840,31.8359,44.5313
912380,32.3242,42.6758
916944,33.2031,41.9922
921532,32.0313,44.2383
926140,32.6172,45.1172
930772,32.6172,45.3125
935428,32.2266,43.7500
940108,31.7383,42.7734
944812,31.7383,44.1406
949540,31.4453,44.0430
954288,31.5430,42.6758
959060,32.2266,44.8242
963856,31.7383,43.6523
968676,35.5469,43.8477
973520,31.1523,43.5547
978388,32.1289,43.0664
983280,31.9336,44.0430
988200,32.0313,43.8477
993144,31.3477,43.6523
998112,32.4219,45.1172
1003104,33.8867,42.8711
1008120,31.8359,44.4336
1013164,31.5430,44.1406
1018232,30.7617,43.7500
1023324,38.6719,46.4844
1028444,31.9336,44.8242
1033588,32.1289,45.4102
1038756,35.2539,44.2383
1043952,32.8125,44.9219
1049172,37.1094,49.0234
1054420,33.3984,44.8242
1059696,35.2539,44.4336
1064996,35.2539,46.8750
1070324,40.1367,45.6055
1075676,35.6445,45.3125
1081056,37.0117,48.2422
1086464,35.6445,47.1680
1091900,33.3984,43.4570
1097360,34.7656,44.7266
1102848,34.6680,44.2383
1108364,33.3008,43.3594
1113908,35.3516,45.5078
1119480,34.6680,44.3359
1125080,34.8633,45.0195
1130708,35.4492,45.6055
1136364,34.2773,45.8008
1142048,35.6445,45.7031
1147760,35.8398,48.0469
1153500,34.7656,44.2383
1159268,34.6680,45.3125
1165068,35.1563,45.8008
1170896,34.0820,43.7500
1176752,33.9844,44.4336
1182636,34.5703,43.6523
1188552,36.7188,48.1445
1194496,34.2773,42.0898
1200472,34.1797,44.7266
1206476,34.0820,43.6523
1212512,34.5703,44.9219
1218576,34.5703,45.5078
1224672,35.2539,45.6055
1230796,34.5703,46.6797
1236952,34.5703,44.6289
1243140,35.1563,45.8008
1249356,35.8398,46.6797
1255604,36.6211,49.8047
1261884,32.5195,43.2617
1268196,36.2305,45.8008
1274540,36.8164,47.1680
1280916,35.3516,46.6797
1287324,34.9609,43.5547
1293764,35.0586,45.5078
1300236,34.6680,44.2383
1306740,34.2773,45.0195
1313276,34.2773,44.9219
1319844,34.8633,44.6289
1326444,37.5000,49.0234
1333080,34.7656,44.6289
1339748,39.5508,49.4141
1346448,36.5234,46.9727
1353184,36.3281,47.5586
1359952,34.6680,45.4102
1366752,34.8633,44.5313
1373588,35.2539,45.8984
1380456,35.4492,46.7773
1387360,37.0117,47.5586
1394300,37.3047,47.6563
1401272,36.3281,47.5586
1408280,35.6445,44.9219
1415324,37.3047,48.4375
1422404,36.3281,48.6328
1429520,36.0352,48.3398
1436668,34.8633,44.2383
1443852,37.2070,48.1445
1451072,36.6211,46.8750
1458328,36.8164,46.6797
1465620,37.9883,48.4375
1472952,36.1328,48.0469
1480320,36.0352,47.3633
1487724,37.2070,47.5586
1495164,35.5469,46.7773
1502640,35.0586,45.6055
1510156,35.8398,47.6563
1517708,37.4023,47.8516
1525300,38.4766,50.3906
1532928,37.2070,47.8516
1540596,37.7930,49.7070
1548300,37.9883,49.2188
1556044,37.1094,49.5117
1563828,37.3047,48.6328
1571648,38.0859,49.0234
1579508,34.4727,46.8750
1587408,37.1094,48.2422
1595348,35.6445,45.3125
1603328,46.7773,52.8320
1611348,38.4766,47.3633
1619408,37.7930,46.6797
1627508,38.8672,50.6836
1635648,37.0117,48.8281
1643828,38.3789,48.2422
1652048,36.6211,46.5820
1660312,37.7930,48.7305
1668616,36.4258,46.7773
1676960,37.8906,49.6094
1685348,40.5273,49.2188
1693776,38.8672,50.5859
1702248,38.4766,50.4883
1710760,37.8906,48.8281
1719316,37.9883,48.5352
1727916,39.0625,48.6328
1736556,38.1836,50.2930
1745240,38.3789,49.7070
1753968,36.5234,47.8516
1762740,37.9883,49.3164
1771556,38.9648,50.7813
1780416,37.0117,51.2695
1789320,36.6211,48.0469
1798268,38.2813,49.6094
1807260,38.5742,50.3906
1816300,36.9141,46.8750
1825384,37.5000,49.7070
1834512,40.9180,50.6836
1843688,37.8906,49.5117
1852908,38.2813,49.9023
1862176,37.7930,48.8281
1871488,37.6953,50.8789
1880848,36.8164,48.9258
1890256,39.6484,52.5391
1899708,35.9375,46.8750
1909208,41.9922,50.5859
1918756,38.7695,51.2695
1928352,38.4766,50.0977
1937996,37.1094,49.0234
1947688,38.1836,50.0000
1957428,37.7930,47.5586
1967216,36.0352,47.4609
1977056,37.5977,48.8281
1986944,38.8672,49.9023
1996880,37.0117,48.8281
2006868,38.1836,50.1953
2016904,36.6211,48.5352
2026992,38.5742,49.5117
2037128,39.7461,53.1250
2047316,37.9883,49.0234
2057556,40.7227,51.6602
2067844,38.2813,50.1953
2078184,40.1367,52.2461
2088576,39.7461,52.1484
2099020,42.3828,57.8125
2109516,39.6484,52.0508
2120064,39.9414,51.0742
2130668,41.8945,51.9531
2141324,39.5508,49.0234
2152032,37.4023,46.4844
2162796,42.2852,51.7578
2173612,41.2109,52.8320
2184484,40.1367,51.2695
2195408,40.0391,50.4883
2206388,40.7227,50.7813
2217420,44.7266,52.6367
2228508,41.0156,51.0742
2239652,40.5273,50.3906
2250852,38.4766,46.8750
2262108,42.1875,51.1719
2273420,41.4063,49.0234
2284788,40.4297,50.8789
2296212,38.9648,46.9727
2307696,42.0898,52.6367
2319236,41.9922,52.4414
2330836,39.0625,49.9023
2342492,40.1367,49.2188
2354208,41.6992,52.2461
2365980,40.8203,50.6836
2377812,40.6250,49.7070
2389704,40.8203,53.7109
2401656,43.3594,51.3672
2413668,41.6992,49.8047
2425740,42.3828,54.0039
2437872,39.2578,49.0234
2450064,41.2109,52.4414
2462316,39.2578,50.1953
2474628,41.2109,51.8555
2487004,41.7969,52.1484
2499440,41.6016,52.6367
2511940,40.9180,52.2461
2524500,41.9922,53.7109
2537124,43.0664,51.7578
2549812,42.6758,53.9063
2562564,41.2109,52.1484
2575380,41.5039,53.1250
2588260,40.4297,51.1719
2601204,45.3125,52.6367
2614212,41.2109,51.7578
2627284,40.2344,51.3672
2640424,41.5039,52.7344
2653628,42.9688,53.1250
2666900,42.5781,52.5391
2680236,48.2422,53.4180
2693640,41.3086,51.8555
2707112,40.9180,52.0508
2720648,42.5781,54.7852
2734252,42.5781,54.0039
2747924,41.1133,54.2969
2761664,41.2109,52.9297
2775476,40.9180,51.8555
2789356,41.1133,52.9297
2803304,39.9414,50.4883
2817324,43.4570,55.3711
2831412,41.6016,52.4414
2845572,43.4570,53.4180
2859800,47.0703,55.6641
2874100,41.6992,52.6367
2888472,42.4805,52.5391
2902916,41.6992,52.2461
2917432,40.3320,50.4883
2932020,41.2109,50.8789
2946684,43.5547,55.5664
2961420,42.0898,51.8555
2976228,42.0898,52.8320
2991112,40.8203,51.0742
3006068,43.3594,54.5898
3021100,42.2852,53.2227
3036208,43.6523,54.6875
3051392,42.9688,54.2969
3066652,41.8945,51.5625
3081988,41.6992,54.1992
3097400,43.1641,54.2969
3112888,41.1133,49.8047
3128456,41.2109,53.3203
3144100,41.3086,52.7344
3159824,41.6992,52.3438
3175624,42.2852,53.4180
3191504,42.2852,53.2227
3207464,43.8477,55.0781
3223504,41.9922,52.2461
3239624,42.2852,53.5156
3255824,42.4805,53.9063
3272104,41.7969,52.7344
3288468,42.5781,52.8320
3304912,42.9688,54.8828
3321440,41.0156,51.5625
3338048,42.7734,54.4922
3354740,42.9688,54.8828
3371516,42.4805,52.5391
3388376,43.0664,54.9805
3405320,41.3086,52.8320
3422348,45.0195,54.1016
3439460,42.1875,54.5898
3456660,42.8711,52.7344
3473944,44.5313,54.3945
3491316,42.9688,54.6875
3508776,44.7266,57.9102
3526320,43.7500,55.0781
3543952,42.0898,54.0039
3561672,43.7500,54.7852
3579484,43.7500,55.6641
3597384,74.0234,64.6484
3615372,56.9336,58.5938
3633452,45.8008,54.4922
3651620,44.2383,56.7383
3669880,48.2422,59.1797
3688232,42.1875,52.1484
3706676,42.9688,55.3711
3725212,44.5313,56.8359
3743840,43.4570,56.0547
3762560,42.0898,51.4648
3781376,43.2617,55.5664
3800284,43.3594,56.9336
3819288,42.0898,53.4180
3838388,41.9922,53.4180
3857580,44.3359,54.3945
3876868,43.0664,56.9336
3896256,43.4570,53.4180
3915740,45.8008,58.4961
3935320,44.1406,56.3477
3955000,44.1406,57.6172
3974776,43.9453,54.9805
3994652,44.4336,55.7617
4014628,43.0664,53.5156
4034704,46.2891,58.8867
4054880,43.7500,55.0781
4075156,43.6523,55.9570
4095532,43.8477,56.1523
4116012,43.7500,58.6914
4136596,48.8281,57.2266
4157280,45.6055,57.2266
4178068,45.8008,58.3008
4198960,45.8008,71.1914
4219956,44.8242,56.2500
4241056,45.1172,55.5664
4262264,45.5078,55.7617
4283576,44.1406,55.0781
4304996,48.9258,60.3516
4326524,44.5313,54.6875
4348160,47.1680,57.8125
4369904,47.8516,57.3242
4391756,47.0703,59.7656
4413716,45.3125,55.7617
4435788,46.4844,57.7148
4457968,47.7539,56.5430
4480260,47.2656,59.8633
4502664,48.2422,58.6914
4525180,46.7773,60.8398
4547808,45.8008,57.2266
4570548,46.1914,55.9570
4593404,45.4102,55.9570
4616372,50.6836,59.1797
4639456,47.0703,59.4727
4662656,45.0195,54.8828
4685972,47.6563,63.4766
4709404,47.5586,57.3242
4732952,45.8984,60.2539
4756620,48.8281,57.2266
4780404,45.0195,55.3711
4804308,45.6055,55.8594
4828332,44.5313,54.0039
4852476,45.3125,56.7383
4876740,48.6328,61.5234
4901124,46.4844,58.1055
4925632,46.6797,57.2266
4950264,43.5547,54.1016
4975016,45.8008,55.4688
4999892,46.9727,58.3984
5024892,45.4102,57.6172
5050020,45.8008,56.0547
5075272,46.8750,56.9336
5100652,45.1172,55.8594
5126156,46.6797,59.6680
5151788,46.4844,59.0820
5177548,47.2656,59.1797
5203436,47.0703,59.7656
5229456,46.9727,58.1055
5255604,45.3125,58.3008
5281884,47.3633,57.5195
5308296,48.9258,56.1523
5334840,47.4609,58.2031
5361516,47.1680,55.5664
5388324,46.9727,58.6914
5415268,51.2695,62.8906
5442348,49.4141,60.2539
5469560,49.6094,60.1563
5496908,46.6797,57.3242
5524396,48.3398,60.6445
5552020,48.7305,59.0820
5579784,47.4609,58.3008
5607684,48.6328,59.0820
5635724,47.8516,61.1328
5663904,47.1680,56.6406
5692224,47.6563,59.1797
5720688,46.9727,59.3750
5749292,47.1680,57.7148
5778040,47.7539,58.6914
5806932,47.7539,64.8438
5835968,49.1211,57.6172
5865148,46.2891,58.5938
5894476,48.9258,61.1328
5923952,47.0703,57.5195
5953572,45.4102,56.0547
5983340,46.1914,57.8125
6013260,49.9023,67.0898
6043328,48.5352,61.2305
6073548,47.1680,58.7891
6103916,47.6563,57.8125
6134436,47.6563,58.3008
6165112,46.0938,57.8125
6195940,48.5352,60.3516
6226920,46.4844,58.9844
6258056,46.9727,58.3984
6289348,47.4609,58.5938
6320796,48.4375,59.9609
6352400,48.8281,59.1797
6384164,48.9258,60.7422
6416088,52.9297,61.9141
6448172,48.0469,59.9609
6480416,47.3633,61.5234
6512820,49.7070,58.7891
6545388,49.6094,62.5977
6578116,48.6328,60.1563
6611008,51.9531,62.2070
6644064,46.5820,59.9609
6677288,46.6797,58.3984
6710676,51.9531,61.4258
6744232,47.8516,60.2539
6777956,48.1445,60.3516
6811848,48.7305,61.3281
6845908,47.4609,61.1328
6880140,48.8281,60.2539
6914544,51.9531,62.6953
6949120,46.1914,56.5430
6983868,48.7305,61.4258
7018788,49.5117,62.6953
7053884,48.6328,60.2539
7089156,50.1953,62.0117
7124604,47.6563,58.8867
7160228,49.8047,62.0117
7196032,50.0977,67.6758
7232016,52.8320,62.6953
7268180,49.1211,61.1328
7304524,49.5117,60.9375
7341048,47.8516,58.7891
7377756,49.6094,59.1797
7414648,48.9258,60.3516
7451724,47.4609,60.4492
7488984,49.1211,59.8633
7526432,51.6602,62.6953
7564068,47.9492,59.0820
7601892,51.9531,65.0391
7639904,49.3164,62.0117
7678104,49.0234,61.4258
7716496,48.8281,60.4492
7755080,49.8047,63.0859
7793856,47.9492,59.6680
7832828,52.5391,62.5977
7871996,49.1211,61.1328
7911356,50.5859,61.9141
7950916,46.9727,58.3984
7990672,49.4141,61.4258
8030628,50.6836,65.2344
8070784,50.8789,63.2813
8111140,55.4688,62.5977
8151696,54.2969,65.0391
8192456,54.3945,62.6953
8233420,52.8320,62.8906
8274588,50.0977,62.0117
8315964,46.6797,58.2031
8357544,49.9023,60.9375
8399332,54.6875,62.8906
8441332,51.2695,61.6211
8483540,50.1953,61.2305
8525960,50.3906,60.9375
8568592,51.4648,61.5234
8611436,52.9297,64.8438
8654496,50.5859,59.6680
8697772,49.5117,59.5703
8741264,51.3672,61.6211
8784972,50.2930,58.4961
8828900,52.6367,62.0117
8873048,52.7344,62.2070
8917416,50.0977,60.7422
8962004,50.7813,61.1328
9006816,50.2930,61.2305
9051852,49.7070,59.9609
9097112,50.3906,61.5234
9142600,51.6602,63.2813
9188316,48.3398,59.4727
9234260,52.2461,62.6953
9280432,52.3438,63.1836
9326836,52.9297,62.7930
9373472,52.8320,65.3320
9420340,51.8555,61.7188
9467444,51.2695,62.1094
9514784,51.6602,61.3281
9562360,51.8555,61.9141
9610172,55.4688,63.7695
9658224,52.2461,61.5234
9706516,48.9258,58.3008
9755052,49.7070,59.6680
9803828,54.8828,65.6250
9852848,51.5625,61.8164
9902116,52.3438,63.1836
9951628,53.9063,62.6953
10001388,51.8555,62.0117
10051396,52.9297,63.1836
10101656,50.4883,60.6445
10152168,51.7578,62.3047
10202932,54.0039,65.6250
10253948,50.3906,61.4258
10305220,52.8320,62.3047
10356748,51.7578,61.9141
10408532,52.8320,64.3555
10460576,52.7344,62.7930
10512880,53.6133,63.4766
10565448,50.9766,62.0117
10618276,52.6367,64.7461
10671368,48.9258,58.7891
10724728,50.0977,59.9609
10778352,50.2930,61.5234
10832244,56.2500,62.4023
10886408,53.3203,64.2578
10940844,53.0273,65.4297
10995552,50.7813,63.2813
11050532,50.2930,62.0117
11105788,58.3984,67.5781
11161320,54.2969,63.7695
11217128,53.2227,66.8945
11273216,51.3672,61.1328
11329584,53.2227,64.4531
11386232,51.7578,62.8906
11443164,53.4180,63.8672
11500380,54.2969,66.1133
11557884,51.6602,65.2344
11615676,54.2969,65.8203
11673756,52.4414,65.9180
11732128,51.6602,63.9648
11790792,52.5391,64.0625
11849748,50.3906,60.4492
11909000,54.8828,65.5273
11968548,49.9023,59.2773
12028392,50.5859,62.5977
12088536,54.8828,64.8438
12148980,62.5977,67.4805
12209728,54.0039,66.3086
12270780,51.7578,62.5000
12332136,51.9531,63.1836
12393800,52.4414,63.0859
12455772,52.7344,63.7695
12518052,53.3203,66.6016
12580644,55.0781,66.4063
12643548,54.1016,64.4531
12706768,50.7813,62.0117
12770304,52.2461,61.7188
12834156,56.9336,69.8242
12898328,51.9531,64.1602
12962820,53.2227,64.6484
13027636,53.6133,66.4063
13092776,52.1484,65.0391
13158240,52.2461,63.3789
13224032,53.5156,68.0664
13290156,54.3945,64.0625
13356608,51.7578,64.4531
13423392,51.6602,62.5000
13490512,55.3711,67.7734
13557968,51.6602,62.2070
13625760,51.0742,60.2539
13693892,54.6875,65.5273
13762364,59.2773,68.9453
13831176,53.6133,68.9453
13900332,53.5156,65.2344
13969836,52.5391,65.8203
14039688,51.7578,61.9141
14109888,52.8320,62.2070
14180440,51.0742,62.3047
14251344,53.6133,65.5273
14322604,55.5664,67.8711
14394220,55.2734,63.9648
14466192,54.5898,64.9414
14538524,57.2266,68.3594
14611220,55.6641,66.9922
14684280,55.8594,65.5273
14757704,54.1016,66.6016
14831496,54.7852,64.5508
14905656,57.5195,67.2852
14980188,57.1289,68.5547
15055092,54.6875,67.0898
15130368,53.3203,64.4531
15206020,56.7383,67.0898
15282052,55.1758,62.4023
15358464,51.4648,62.2070
15435260,54.0039,65.8203
15512440,52.6367,64.3555
15590004,53.4180,64.2578
15667956,70.8008,71.5820
15746296,54.3945,66.4063
15825028,55.4688,66.4063
15904156,53.3203,64.2578
15983680,57.3242,68.9453
16063600,55.0781,65.1367
16143920,56.0547,67.4805
16224640,54.9805,66.2109
16305764,53.8086,66.2109
16387296,55.2734,68.5547
16469236,57.2266,69.6289
16551584,53.5156,64.0625
16634344,52.2461,61.6211
16717516,58.1055,71.4844
16801104,60.0586,71.3867
16885112,56.4453,68.5547
16969540,58.0078,69.0430
17054388,55.9570,67.2852
17139660,58.0078,70.5078
17225360,56.8359,72.7539
17311488,60.2539,70.2148
17398048,55.6641,67.4805
17485040,59.7656,72.0703
17572468,56.7383,70.7031
17660332,61.0352,75.0000
17748636,57.7148,69.9219
17837380,54.7852,65.3320
17926568,58.6914,69.1406
18016204,56.4453,72.8516
18106288,57.8125,67.7734
18196820,58.1055,70.9961
18287808,60.5469,67.7734
18379248,58.5938,70.1172
18471148,58.0078,74.0234
18563504,59.1797,70.8008
18656324,57.2266,67.8711
18749608,58.2031,67.6758
18843360,58.1055,72.3633
18937580,58.0078,68.8477
19032268,55.5664,67.5781
19127432,56.4453,68.8477
19223072,59.1797,72.0703
19319188,58.5938,71.2891
19415784,60.3516,70.3125
19512864,60.7422,68.8477
19610432,57.9102,70.0195
19708488,55.0781,67.4805
19807032,56.4453,68.3594
19906068,57.0313,68.6523
20005600,57.5195,71.8750
20105628,57.0313,67.4805
20206160,58.1055,69.4336
20307192,60.3516,72.8516
20408728,55.9570,67.6758
20510772,55.1758,70.1172
20613328,56.4453,67.7734
20716396,59.4727,71.0938
20819980,55.5664,68.4570
20924080,57.6172,69.1406
21028704,61.0352,72.5586
21133848,57.0313,70.4102
21239520,62.8906,74.1211
21345720,59.9609,68.4570
21452452,61.0352,73.4375
21559716,59.6680,69.6289
21667516,62.0117,69.8242
21775856,60.3516,72.4609
21884736,63.3789,77.3438
21994160,65.7227,74.9023
22104132,66.4063,75.7813
22214656,63.5742,72.2656
22325732,63.6719,75.0977
22437364,65.4297,75.7813
22549552,63.7695,75.0000
22662300,71.3867,75.7813
22775612,69.3359,100.1953
22889492,64.7461,73.0469
23003940,65.6250,74.5117
23118960,63.3789,71.7773
23234556,64.8438,84.2773
23350732,70.9961,75.2930
23467488,70.0195,75.5859
23584828,65.6250,73.0469
23702756,64.0625,73.6328
23821272,64.0625,72.6563
23940380,89.0625,75.9766
24060084,66.7969,73.9258
24180388,63.9648,73.8281
24301292,61.7188,73.9258
24422800,62.7930,74.1211
24544916,63.7695,77.7344
24667644,66.6016,76.2695
24790984,62.9883,72.8516
24914940,63.5742,74.4141
25039516,64.0625,74.2188
25164716,65.5273,74.9023
25290540,67.2852,78.6133
25416996,77.8320,79.6875
25544084,66.1133,73.1445
25671808,69.4336,75.2930
25800168,63.3789,72.5586
25929172,78.6133,79.9805
26058820,72.1680,79.0039
26189116,69.9219,78.8086
26320064,68.4570,77.0508
26451668,68.1641,87.2070
26583928,78.0273,77.9297
26716848,86.4258,76.0742
26850436,67.9688,76.8555
26984692,69.8242,76.6602
27119616,72.8516,78.9063
27255216,67.0898,83.7891
27391496,89.7461,87.5977
27528456,85.0586,87.5000
27666100,84.0820,86.9141
27804432,77.7344,92.2852
27943456,84.4727,82.7148
28083176,77.5391,82.0313
28223592,70.4102,77.1484
28364712,74.7070,91.6016
28506536,78.6133,83.4961
28649072,78.7109,104.5898
28792320,72.5586,78.1250
28936284,67.9688,84.0820
29080968,77.0508,81.7383
29226376,74.6094,78.7109
29372508,72.4609,83.9844
29519372,75.0977,90.0391
29666972,74.8047,83.6914
29815308,71.4844,77.1484
29964388,71.5820,75.6836
30114212,70.9961,87.5977
30264784,87.2070,83.3984
30416108,75.6836,82.1289
30568192,75.9766,81.4453
30721036,77.6367,101.1719
30874644,93.9453,91.4063
31029020,85.4492,87.8906
31184168,81.2500,104.5898
31340092,88.0859,88.6719
31496796,80.4688,85.6445
31654280,78.2227,85.3516
31812552,98.0469,92.2852
31971616,84.9609,113.0859
32131476,85.6445,86.1328
32292136,96.9727,90.3320
32453600,85.9375,90.3320
32615868,88.6719,91.0156
32778948,87.4023,133.0078
32942844,117.7734,237.5977
33107560,172.6563,153.3203
33273100,104.5898,97.2656
33439468,96.7773,98.7305
33606668,95.2148,94.7266
33774704,91.9922,92.4805
33943580,100.6836,94.7266
34113300,121.0938,100.6836
34283868,85.2539,92.9688
34455288,119.9219,105.2734
34627568,106.5430,100.8789
34800708,93.0664,102.4414
34974712,94.7266,116.0156
35149588,98.3398,96.2891
35325336,104.0039,99.5117
35501964,101.5625,104.2969
35679476,90.9180,104.4922
35857876,99.6094,99.9023
36037168,111.4258,133.9844
36217356,113.4766,105.9570
36398444,102.6367,99.9023
36580440,117.5781,106.8359
36763344,106.1523,105.3711
36947164,185.3516,108.9844
37131900,112.5000,107.5195
37317560,104.8828,120.2148
37504148,109.2773,105.5664
37691672,104.5898,129.2969
37880132,105.1758,111.1328
38069536,110.1563,108.8867
38259884,114.4531,107.1289
38451184,106.5430,107.2266
38643440,129.7852,113.7695
38836660,117.7734,116.0156
39030844,149.7070,113.3789
39226000,114.5508,111.1328
39422132,111.2305,120.8984
39619244,105.5664,107.1289
39817344,104.5898,114.8438
40016432,110.9375,114.1602
40216516,108.5938,138.3789
40417600,124.6094,110.3516
40619688,107.9102,116.3086
40822788,110.7422,106.8359
41026904,137.7930,128.2227
41232040,124.3164,127.4414
41438204,131.6406,132.7148
41645396,118.5547,113.3789
41853624,116.5039,146.5820
42062896,126.1719,117.3828
42273212,132.0313,123.0469
42484580,122.2656,112.6953
42697004,117.5781,111.5234
42910492,121.3867,126.7578
43125048,172.7539,130.5664
43340676,139.1602,128.9063
43557380,130.1758,139.1602
43775168,185.8398,127.7344
43994044,155.8594,123.9258
44214016,130.0781,149.9023
44435088,132.4219,125.4883
44657264,128.7109,142.1875
44880552,141.1133,128.4180
45104956,137.2070,131.0547
45330484,134.7656,137.5000
45557140,157.1289,127.8320
45784928,142.2852,136.5234
46013856,127.2461,133.5938
46243928,129.7852,123.4375
46475148,133.8867,123.2422
46707524,121.8750,132.6172
46941064,139.2578,136.4258
47175772,139.7461,129.8828
47411652,133.1055,137.4023
47648712,135.9375,131.8359
47886956,135.4492,128.9063
48126392,194.5313,144.2383
48367024,139.5508,182.4219
48608860,145.7031,137.5000
48851908,138.4766,127.8320
49096168,140.8203,144.8242
49341652,167.4805,154.1992
49588364,161.4258,148.9258
49836308,158.3984,170.2148
50085492,304.1016,169.7266
50335920,183.8867,161.4258
50587600,197.1680,170.6055
50840540,162.0117,158.8867
51094744,160.5469,160.5469
51350220,163.9648,165.4297
51606972,153.5156,170.8984
51865008,186.1328,164.3555
52124336,186.6211,154.3945
52384960,183.3984,179.3945
52646888,177.6367,152.3438
52910124,194.8242,146.8750
53174676,187.0117,188.4766
53440552,196.6797,167.8711
53707756,162.1094,147.6563
53976296,159.8633,156.2500
54246180,171.9727,153.5156
54517412,156.8359,157.2266
54790000,162.9883,162.8906
55063952,179.1992,142.5781
55339272,160.1563,152.5391
55615972,183.7891,150.1953
55894052,192.5781,150.6836
56173524,159.4727,158.3008
56454392,160.0586,157.9102
56736664,156.6406,168.9453
57020348,171.4844,166.5039
57305452,165.6250,152.4414
57591980,164.9414,150.1953
57879940,166.1133,155.3711
58169340,156.8359,147.3633
58460188,169.7266,157.6172
58752492,197.3633,153.9063
59046256,204.7852,147.2656
59341488,181.8359,159.5703
59638196,158.8867,163.1836
59936388,167.4805,173.3398
60236072,210.8398,154.2969
60537256,208.6914,145.8984
60839944,159.9609,160.0586
61144144,160.8398,165.4297
61449868,205.3711,175.8789
61757120,190.9180,172.9492
62065908,175.5859,169.6289
62376240,188.8672,165.2344
62688124,184.4727,214.3555
63001568,174.2188,172.8516
63316576,178.2227,178.9063
63633160,170.2148,165.9180
63951328,180.9570,194.9219
64271088,204.8828,181.5430
64592444,222.2656,174.4141
64915408,174.3164,153.5156
65239988,188.9648,174.1211
65566188,180.7617,195.6055
65894020,179.0039,178.1250
66223492,184.3750,172.1680
66554612,195.7031,188.0859
66887388,192.2852,168.1641
