4,1.3672,2.0508
8,2.1484,4.8828
12,2.5391,5.2734
16,2.4414,6.1523
20,3.1250,7.2266
24,3.1250,10.4492
28,5.0781,10.7422
32,5.9570,11.7188
36,7.4219,11.4258
40,5.9570,10.0586
44,6.2500,11.0352
48,6.1523,11.2305
52,5.9570,11.2305
56,3.9063,11.3281
60,3.7109,10.7422
64,3.6133,12.1094
68,4.1992,11.1328
72,4.2969,10.8398
76,4.5898,11.1328
80,4.9805,10.9375
84,4.8828,10.8398
88,4.5898,11.4258
92,4.4922,11.2305
96,4.6875,11.4258
100,4.3945,11.1328
104,4.4922,11.3281
108,4.2969,11.9141
112,4.3945,11.4258
116,4.8828,12.0117
120,4.5898,12.2070
124,4.4922,13.5742
128,4.5898,14.0625
132,5.2734,13.3789
136,5.3711,13.1836
140,5.3711,12.9883
144,5.4688,13.0859
148,5.2734,13.0859
152,5.2734,12.3047
156,5.4688,12.7930
160,5.3711,12.7930
164,5.2734,12.6953
168,5.2734,12.7930
172,5.1758,13.9648
176,7.3242,12.9883
180,5.8594,13.3789
184,5.2734,12.6953
188,5.1758,14.5508
192,5.4688,13.1836
196,5.3711,12.9883
200,5.3711,13.0859
204,5.2734,13.4766
208,5.1758,13.7695
212,5.2734,12.8906
216,5.1758,13.7695
220,5.0781,13.2813
224,5.1758,13.4766
228,5.2734,13.6719
232,5.2734,13.4766
236,5.4688,13.4766
240,5.4688,14.5508
244,5.0781,14.3555
248,5.2734,13.9648
252,5.2734,15.1367
256,5.3711,15.4297
260,6.4453,15.3320
264,6.1523,14.9414
268,6.1523,15.9180
272,6.3477,15.4297
276,6.1523,15.5273
280,6.3477,15.4297
284,6.2500,15.7227
288,6.4453,14.2578
292,6.1523,15.6250
296,6.2500,14.1602
300,6.2500,14.4531
304,6.1523,14.0625
308,6.2500,14.5508
312,6.1523,14.6484
316,6.1523,14.7461
320,6.5430,15.5273
324,6.1523,15.1367
328,6.1523,14.1602
332,6.1523,15.3320
336,6.1523,16.1133
340,6.2500,13.8672
344,6.2500,15.3320
348,6.4453,15.6250
352,6.1523,15.2344
356,6.1523,13.8672
360,6.3477,14.5508
364,6.2500,15.2344
368,6.4453,15.5273
372,6.3477,16.0156
376,6.1523,14.6484
380,6.1523,14.1602
384,6.1523,14.5508
388,6.1523,15.2344
392,6.2500,14.1602
396,6.2500,15.1367
400,6.1523,15.6250
404,6.2500,15.0391
408,6.1523,14.5508
412,6.2500,15.0391
416,6.1523,15.2344
420,6.1523,15.4297
424,6.2500,17.4805
428,6.2500,15.2344
432,6.2500,14.5508
436,6.1523,14.9414
440,6.2500,15.4297
444,6.1523,15.6250
448,6.1523,16.2109
452,6.1523,15.7227
456,6.1523,15.7227
460,6.2500,16.8945
464,6.1523,16.1133
468,6.2500,15.6250
472,6.2500,16.2109
476,6.1523,15.3320
480,6.1523,15.2344
484,6.4453,15.9180
488,6.3477,16.2109
492,6.1523,16.0156
496,6.1523,16.1133
500,6.1523,17.4805
504,6.4453,16.0156
508,6.1523,17.0898
512,6.2500,17.1875
516,7.6172,18.0664
520,7.4219,17.8711
524,7.2266,17.8711
528,7.7148,16.0156
532,7.6172,17.0898
536,7.8125,17.6758
540,7.7148,17.3828
544,8.0078,17.2852
548,8.0078,17.1875
552,7.4219,16.9922
556,7.4219,16.6016
560,7.1289,17.4805
564,7.2266,16.1133
568,7.5195,16.7969
572,7.3242,16.5039
576,7.4219,15.7227
580,7.2266,15.4297
584,8.2031,16.0156
588,7.4219,17.6758
592,7.5195,17.2852
596,7.5195,15.8203
600,7.1289,15.7227
604,7.5195,17.0898
608,8.0078,17.0898
612,7.3242,16.4063
616,7.2266,16.6992
620,7.8125,16.7969
624,7.4219,17.1875
628,7.1289,16.3086
632,7.5195,17.3828
636,7.7148,16.6016
640,7.3242,17.2852
644,8.1055,17.8711
648,7.9102,16.7969
652,7.7148,16.6992
656,7.3242,16.7969
660,7.1289,17.8711
664,7.2266,16.6992
668,7.9102,17.3828
672,7.9102,15.8203
676,7.5195,16.7969
680,7.8125,16.6992
684,7.7148,17.3828
688,7.7148,17.0898
692,7.5195,16.6016
696,7.3242,16.8945
700,9.4727,18.8477
704,10.0586,16.4063
708,7.7148,16.9922
712,8.0078,17.4805
716,7.3242,16.4063
720,7.5195,17.7734
724,7.4219,16.9922
728,7.6172,18.0664
732,7.4219,17.7734
736,7.2266,17.4805
740,7.2266,16.5039
744,7.5195,17.0898
748,7.6172,17.6758
752,7.6172,17.9688
756,7.2266,16.8945
760,7.8125,17.6758
764,7.4219,17.0898
768,7.3242,17.2852
772,7.6172,17.7734
776,7.7148,15.9180
780,7.5195,17.3828
784,7.9102,16.7969
788,7.5195,19.2383
792,7.3242,17.4805
796,7.4219,18.8477
800,7.5195,16.8945
804,7.0313,17.2852
812,7.5195,17.2852
820,7.4219,16.6992
828,7.4219,17.0898
836,7.6172,17.3828
844,7.4219,18.1641
852,7.7148,16.7969
860,7.5195,17.9688
868,7.5195,17.0898
876,7.9102,18.0664
884,7.5195,17.8711
892,7.4219,19.0430
900,7.6172,17.4805
908,7.3242,18.3594
916,7.0313,19.3359
924,7.3242,18.3594
932,7.3242,17.7734
940,7.2266,17.8711
948,8.2031,18.3594
956,7.5195,18.2617
964,7.5195,18.1641
972,7.0313,19.0430
980,7.9102,18.5547
988,7.3242,18.2617
996,7.5195,17.8711
1004,7.8125,18.4570
1012,7.2266,18.1641
1020,7.4219,19.1406
1028,9.1797,20.3125
1036,9.0820,19.8242
1044,9.4727,19.3359
1052,8.9844,20.9961
1060,9.2773,18.9453
1068,9.0820,19.0430
1076,9.6680,19.4336
1084,8.7891,18.5547
1092,9.0820,20.4102
1100,8.8867,18.9453
1108,9.4727,20.2148
1116,9.0820,18.6523
1124,9.1797,18.2617
1132,8.8867,19.9219
1140,9.3750,18.2617
1148,9.0820,19.7266
1156,8.9844,19.6289
1164,8.9844,19.1406
1172,9.0820,17.5781
1180,8.9844,19.1406
1188,10.6445,19.5313
1196,8.7891,18.2617
1204,8.9844,19.1406
1212,8.9844,19.3359
1220,9.2773,18.2617
1228,8.6914,19.0430
1236,8.8867,18.8477
1244,9.0820,18.6523
1252,9.0820,19.1406
1260,8.9844,19.5313
1268,8.8867,19.0430
1276,8.8867,19.2383
1284,8.7891,18.9453
1292,9.1797,18.6523
1300,9.3750,20.2148
1308,9.0820,18.0664
1316,8.9844,18.2617
1324,10.7422,30.0781
1332,12.9883,23.1445
1340,8.6914,20.5078
1348,8.6914,19.5313
1356,9.3750,20.0195
1364,8.8867,19.2383
1372,8.7891,19.9219
1380,8.6914,18.7500
1388,8.7891,20.1172
1396,9.1797,19.1406
1404,8.9844,18.9453
1412,8.9844,18.5547
1420,9.2773,17.9688
1428,8.9844,20.3125
1436,9.0820,19.2383
1444,8.6914,18.9453
1452,9.0820,25.7813
1460,9.1797,20.0195
1468,8.9844,18.6523
1476,9.1797,19.8242
1484,9.0820,18.7500
1492,8.6914,19.8242
1500,8.8867,19.2383
1508,9.2773,19.1406
1516,9.0820,18.0664
1524,8.8867,18.8477
1532,8.7891,21.9727
1540,11.2305,22.9492
1548,9.2773,20.7031
1556,8.5938,18.8477
1564,8.8867,18.8477
1572,9.3750,19.0430
1580,9.2773,19.2383
1588,9.5703,19.3359
1596,8.6914,19.5313
1604,8.3008,18.7500
1616,9.3750,19.7266
1628,9.0820,18.8477
1640,9.1797,20.4102
1652,9.5703,19.6289
1664,8.9844,19.6289
1676,8.5938,20.3125
1688,8.6914,19.3359
1700,9.0820,20.0195
1712,9.0820,21.1914
1724,8.9844,20.8984
1736,8.7891,19.0430
1748,8.3984,19.5313
1760,9.1797,19.6289
1772,9.0820,21.7773
1784,8.8867,20.4102
1796,9.0820,19.8242
1808,8.7891,20.0195
1820,9.0820,19.8242
1832,8.6914,19.9219
1844,8.6914,19.2383
1856,8.9844,20.1172
1868,8.7891,19.4336
1880,8.8867,20.1172
1892,8.9844,20.5078
1904,8.6914,18.7500
1916,9.1797,20.7031
1928,8.8867,20.4102
1940,8.9844,20.4102
1952,9.2773,19.5313
1964,8.6914,19.9219
1976,12.1094,20.8008
1988,8.9844,19.9219
2000,8.8867,19.5313
2012,9.0820,19.5313
2024,8.6914,20.0195
2036,8.9844,19.0430
2048,9.2773,21.9727
2060,10.6445,21.1914
2072,10.7422,21.4844
2084,11.2305,22.0703
2096,10.7422,22.1680
2108,10.9375,22.4609
2120,10.9375,20.8984
2132,10.5469,22.6563
2144,9.7656,20.0195
2156,10.2539,21.6797
2168,11.7188,21.4844
2180,11.0352,21.1914
2192,11.0352,21.1914
2204,11.3281,21.4844
2216,10.5469,21.2891
2228,10.2539,20.7031
2240,11.4258,21.6797
2252,10.8398,21.0938
2264,11.5234,20.8008
2276,10.5469,20.7031
2288,11.0352,20.9961
2300,11.3281,21.1914
2312,10.5469,22.0703
2324,10.5469,20.8984
2336,10.5469,20.9961
2348,9.8633,21.2891
2360,10.2539,20.7031
2372,10.7422,20.8984
2384,10.3516,20.7031
2396,10.4492,20.3125
2408,11.6211,20.1172
2424,11.3281,21.0938
2440,10.8398,20.7031
2456,11.1328,20.0195
2472,11.1328,19.9219
2488,11.1328,21.5820
2504,11.2305,22.0703
2520,10.1563,20.7031
2536,10.8398,22.0703
2552,10.1563,21.3867
2568,10.1563,20.1172
2584,10.1563,21.9727
2600,10.6445,20.5078
2616,10.3516,20.8984
2632,11.5234,21.0938
2648,10.5469,20.8008
2664,11.1328,20.8008
2680,10.7422,22.2656
2696,12.0117,22.0703
2712,11.1328,21.2891
2728,10.4492,20.9961
2744,10.3516,20.7031
2760,11.2305,20.8984
2776,10.0586,21.8750
2792,11.0352,21.2891
2808,11.1328,19.8242
2824,10.9375,21.6797
2840,11.0352,22.6563
2856,10.3516,20.7031
2872,10.1563,20.9961
2888,12.5000,20.8984
2904,11.4258,21.3867
2920,11.6211,21.5820
2936,10.9375,20.1172
2952,12.5000,22.2656
2968,11.0352,20.8984
2984,10.8398,25.1953
3000,11.5234,24.9023
3016,11.1328,20.6055
3032,10.1563,20.7031
3048,10.2539,21.2891
3064,9.6680,22.0703
3080,11.1328,22.8516
3096,10.9375,20.9961
3112,10.1563,21.4844
3128,12.0117,21.6797
3144,10.6445,22.1680
3160,10.8398,21.0938
3176,10.9375,21.4844
3192,11.9141,21.1914
3208,10.8398,21.1914
3228,10.5469,21.8750
3248,11.1328,21.0938
3268,10.7422,23.0469
3288,10.9375,21.7773
3308,10.3516,20.5078
3328,10.6445,22.0703
3348,10.5469,23.8281
3368,10.8398,22.1680
3388,10.5469,21.7773
3408,11.6211,22.0703
3428,10.4492,20.6055
3448,11.2305,21.9727
3468,11.0352,21.5820
3488,11.1328,21.9727
3508,10.7422,21.3867
3528,11.2305,21.5820
3548,11.6211,21.5820
3568,10.4492,21.2891
3588,11.0352,22.5586
3608,11.1328,19.8242
3628,11.2305,21.5820
3648,11.2305,23.5352
3668,13.2813,22.5586
3688,11.5234,21.4844
3708,10.4492,22.3633
3728,10.5469,21.7773
3748,10.5469,22.2656
3768,10.5469,22.5586
3788,10.7422,22.0703
3808,10.9375,22.1680
3828,11.6211,21.3867
3848,10.2539,22.0703
3868,10.0586,22.4609
3888,11.1328,22.2656
3908,10.6445,22.6563
3928,10.7422,23.5352
3948,10.9375,22.0703
3968,10.0586,23.7305
3988,11.1328,23.0469
4008,11.4258,22.9492
4032,11.7188,22.5586
4056,10.0586,22.8516
4080,10.7422,21.2891
4104,12.5000,25.0977
4128,12.2070,24.6094
4152,11.9141,22.0703
4176,12.5977,21.9727
4200,12.5977,22.8516
4224,13.0859,23.5352
4248,12.7930,22.7539
4272,12.9883,23.8281
4296,12.4023,23.4375
4320,12.4023,24.8047
4344,11.9141,22.5586
4368,13.0859,23.7305
4392,12.4023,23.7305
4416,12.4023,22.7539
4440,12.1094,23.3398
4464,12.7930,23.4375
4488,12.6953,24.8047
4512,12.3047,23.6328
4536,12.5000,22.8516
4560,12.3047,23.6328
4584,12.7930,22.9492
4608,12.4023,23.1445
4632,12.3047,23.5352
4656,12.3047,22.2656
4680,12.5000,23.8281
4704,12.6953,22.4609
4728,12.6953,22.7539
4752,12.8906,22.9492
4776,12.7930,22.4609
4800,12.8906,23.6328
4824,12.2070,22.3633
4852,12.3047,23.9258
4880,12.2070,22.8516
4908,12.5000,24.5117
4936,12.5000,23.6328
4964,12.7930,23.7305
4992,12.5977,23.8281
5020,12.1094,22.6563
5048,12.4023,23.8281
5076,14.5508,23.9258
5104,12.7930,23.3398
5132,12.3047,22.6563
5160,12.6953,23.1445
5188,12.4023,23.1445
5216,11.7188,22.3633
5244,13.0859,24.3164
5272,12.6953,25.2930
5300,12.3047,23.0469
5328,12.7930,23.5352
5356,12.7930,22.9492
5384,12.0117,22.7539
5412,12.8906,23.8281
5440,12.2070,23.5352
5468,12.8906,25.0000
5496,12.9883,25.3906
5524,12.1094,23.3398
5552,12.8906,24.4141
5580,13.0859,23.9258
5608,12.3047,23.2422
5640,12.5000,24.2188
5672,12.7930,23.2422
5704,12.0117,23.5352
5736,12.6953,23.6328
5768,12.7930,23.7305
5800,12.6953,23.8281
5832,12.4023,23.1445
5864,12.4023,22.7539
5896,12.9883,23.4375
5928,12.5000,23.9258
5960,12.5000,23.8281
5992,12.3047,23.0469
6024,11.8164,22.6563
6056,12.2070,23.2422
6088,12.3047,23.6328
6120,12.4023,23.5352
6152,12.6953,24.3164
6184,12.5977,24.4141
6216,12.5977,22.1680
6248,12.2070,23.7305
6280,12.7930,23.4375
6312,12.5977,24.5117
6344,12.2070,23.2422
6376,12.4023,26.2695
6408,12.7930,23.6328
6444,12.7930,24.5117
6480,12.8906,23.1445
6516,12.5000,24.1211
6552,12.6953,25.0000
6588,12.2070,23.3398
6624,12.8906,23.6328
6660,11.9141,22.6563
6696,12.9883,24.5117
6732,12.5000,23.2422
6768,12.4023,23.3398
6804,12.5000,24.7070
6840,12.5977,22.8516
6876,12.2070,23.3398
6912,16.4063,24.2188
6948,12.7930,23.0469
6984,12.5000,23.1445
7020,12.3047,23.5352
7056,12.3047,23.2422
7092,11.8164,24.4141
7128,12.2070,24.4141
7164,12.3047,24.5117
7200,12.2070,24.3164
7236,12.5977,23.7305
7276,12.2070,24.1211
7316,12.1094,22.8516
7356,12.5977,25.7813
7396,12.5000,24.4141
7436,12.0117,25.0000
7476,12.1094,24.5117
7516,12.6953,24.7070
7556,12.4023,25.5859
7596,12.0117,23.7305
7636,11.9141,25.3906
7676,12.4023,24.1211
7716,12.5977,24.9023
7756,12.5000,23.4375
7796,12.3047,23.7305
7836,12.9883,24.6094
7876,12.4023,25.1953
7916,12.8906,24.9023
7956,12.6953,24.2188
7996,12.1094,23.8281
8036,14.7461,24.3164
8080,11.8164,24.8047
8124,12.5000,24.6094
8168,13.0859,23.9258
8212,14.0625,25.5859
8256,14.3555,24.4141
8300,13.8672,25.1953
8344,14.7461,25.6836
8388,14.0625,25.3906
8432,14.1602,25.0977
8476,14.0625,24.9023
8520,14.8438,25.9766
8564,14.4531,25.0000
8608,13.6719,24.3164
8652,16.1133,25.5859
8696,13.3789,23.3398
8740,14.3555,25.2930
8784,14.0625,24.7070
8828,14.3555,25.4883
8876,13.5742,23.5352
8924,13.6719,22.9492
8972,13.9648,25.8789
9020,14.5508,25.4883
9068,14.4531,25.4883
9116,14.0625,25.1953
9164,13.6719,22.8516
9212,14.2578,23.9258
9260,13.3789,23.9258
9308,14.3555,25.0000
9356,14.5508,24.8047
9404,14.3555,26.2695
9452,14.5508,27.2461
9500,13.7695,23.5352
9548,14.7461,25.7813
9596,13.2813,23.9258
9644,13.4766,24.1211
9696,14.2578,24.2188
9748,13.6719,24.7070
9800,13.6719,25.7813
9852,14.0625,24.6094
9904,14.4531,25.4883
9956,13.8672,25.0977
10008,14.7461,26.5625
10060,14.6484,24.1211
10112,14.0625,25.3906
10164,14.3555,24.7070
10216,13.9648,24.7070
10268,13.5742,25.5859
10320,14.0625,24.9023
10372,14.4531,24.3164
10424,14.6484,25.0977
10480,13.8672,24.9023
10536,13.5742,23.9258
10592,13.9648,24.5117
10648,13.7695,23.5352
10704,14.2578,25.2930
10760,14.5508,24.3164
10816,13.5742,23.5352
10872,14.3555,25.0000
10928,14.0625,25.7813
10984,14.1602,25.2930
11040,13.7695,24.4141
11096,14.4531,25.9766
11152,13.5742,23.8281
11208,14.3555,25.8789
11268,13.5742,24.6094
11328,13.9648,24.0234
11388,14.0625,25.0977
11448,14.2578,24.7070
11508,13.9648,25.3906
11568,14.2578,25.1953
11628,14.5508,25.4883
11688,13.6719,25.2930
11748,14.1602,24.7070
11808,14.4531,24.9023
11868,13.9648,24.9023
11928,14.3555,24.9023
11988,13.8672,24.3164
12048,14.7461,25.7813
12112,14.2578,26.8555
12176,14.0625,25.7813
12240,13.6719,24.8047
12304,14.2578,25.2930
12368,13.7695,24.6094
12432,14.2578,25.1953
12496,14.3555,25.3906
12560,14.2578,25.2930
12624,14.1602,24.0234
12688,14.0625,24.0234
12752,14.1602,26.3672
12816,14.4531,26.0742
12884,14.1602,25.9766
12952,14.1602,24.9023
13020,13.9648,24.3164
13088,13.5742,23.2422
13156,13.8672,25.1953
13224,14.0625,25.1953
13292,14.0625,27.0508
13360,14.5508,25.0000
13428,13.6719,24.9023
13496,14.4531,25.0000
13564,14.0625,25.0977
13632,14.2578,25.4883
13704,14.4531,25.8789
13776,14.5508,25.0000
13848,14.6484,24.9023
13920,13.9648,24.5117
13992,14.6484,25.2930
14064,13.9648,25.7813
14136,14.1602,26.7578
14208,15.1367,26.2695
14280,14.3555,25.8789
14352,13.6719,24.2188
14424,15.0391,26.2695
14500,14.2578,25.2930
14576,14.0625,24.4141
14652,14.1602,25.5859
14728,17.5781,26.8555
14804,13.9648,24.9023
14880,14.6484,26.2695
14956,14.2578,25.3906
15032,14.0625,25.0977
15108,14.2578,25.2930
15184,14.0625,25.7813
15260,14.4531,26.0742
15340,14.0625,26.1719
15420,13.9648,24.5117
15500,13.8672,26.0742
15580,13.9648,26.2695
15660,14.2578,26.0742
15740,14.0625,25.0000
15820,13.9648,26.0742
15900,14.3555,25.5859
15980,14.2578,25.1953
16060,14.3555,25.5859
16144,14.0625,25.5859
16228,14.2578,25.8789
16312,14.0625,24.1211
16396,17.1875,25.8789
16480,27.2461,26.6602
16564,16.0156,25.3906
16648,16.0156,25.1953
16732,15.5273,25.5859
16816,15.1367,25.1953
16904,16.6016,27.4414
16992,16.7969,27.0508
17080,15.6250,27.2461
17168,15.8203,26.5625
17256,16.8945,26.7578
17344,15.5273,25.4883
17432,16.6016,26.6602
17520,15.6250,25.4883
17608,18.8477,26.4648
17700,16.0156,25.7813
17792,15.2344,25.0977
17884,15.8203,25.0977
17976,16.2109,25.6836
18068,16.0156,25.2930
18160,16.1133,25.3906
18252,16.1133,26.6602
18344,15.9180,26.6602
18436,15.8203,26.1719
18532,16.6992,27.7344
18628,16.4063,26.4648
18724,16.1133,27.5391
18820,17.2852,25.9766
18916,15.8203,26.8555
19012,15.6250,26.4648
19108,16.6016,26.9531
19204,16.2109,26.0742
19304,15.4297,25.4883
19404,15.4297,26.6602
19504,16.1133,26.4648
19604,15.9180,26.3672
19704,16.4063,28.3203
19804,15.7227,25.6836
19904,15.7227,26.6602
20004,16.4063,27.6367
20108,16.1133,45.7031
20212,15.8203,26.1719
20316,16.2109,26.2695
20420,16.0156,26.2695
20524,15.8203,26.2695
20628,16.7969,26.7578
20732,15.6250,25.8789
20836,16.5039,26.4648
20944,14.6484,25.3906
21052,15.7227,25.7813
21160,15.3320,25.5859
21268,16.6016,27.8320
21376,16.1133,28.0273
21484,15.6250,27.6367
21592,15.7227,25.6836
21700,16.0156,26.4648
21812,15.6250,26.0742
21924,15.5273,26.1719
22036,15.3320,26.3672
22148,16.0156,28.0273
22260,16.3086,26.6602
22372,16.0156,25.4883
22484,16.2109,27.0508
22600,15.7227,27.1484
22716,16.5039,26.5625
22832,15.3320,26.4648
22948,16.3086,29.2969
23064,16.3086,25.2930
23180,15.3320,25.6836
23296,15.9180,26.6602
23416,16.4063,26.9531
23536,16.8945,27.6367
23656,16.8945,28.1250
23776,15.9180,26.6602
23896,16.5039,28.2227
24016,15.4297,27.0508
24140,15.6250,26.3672
24264,16.6016,27.1484
24388,15.6250,26.3672
24512,18.0664,26.2695
24636,16.6016,26.1719
24760,15.8203,24.8047
24884,16.5039,27.7344
25012,16.0156,26.8555
25140,16.1133,27.3438
25268,16.6016,27.2461
25396,15.9180,27.6367
25524,16.0156,27.3438
25652,15.3320,26.4648
25784,16.2109,27.2461
25916,16.1133,27.4414
26048,16.2109,26.5625
26180,15.5273,28.1250
26312,15.9180,26.5625
26444,15.8203,26.6602
26580,16.7969,27.2461
26716,15.4297,26.5625
26852,15.6250,26.7578
26988,16.3086,27.0508
27124,15.3320,26.5625
27260,15.6250,26.4648
27400,16.3086,27.8320
27540,16.6992,27.4414
27680,15.5273,27.3438
27820,16.6992,27.4414
27960,18.5547,27.8320
28100,15.9180,27.9297
28244,15.7227,26.0742
28388,16.1133,27.3438
28532,15.6250,28.0273
28676,16.1133,28.0273
28820,16.1133,27.5391
28968,15.7227,26.7578
29116,16.0156,27.1484
29264,16.5039,28.0273
29412,15.7227,25.7813
29560,16.8945,27.9297
29708,16.7969,27.6367
29860,18.2617,28.2227
30012,16.7969,26.9531
30164,15.7227,27.0508
30316,15.4297,27.3438
30468,15.9180,28.7109
30624,16.5039,28.7109
30780,16.0156,28.3203
30936,16.6992,28.3203
31092,16.0156,27.8320
31248,15.8203,27.2461
31408,16.0156,28.7109
31568,15.9180,27.1484
31728,15.8203,26.8555
31888,17.7734,26.7578
32048,15.3320,27.2461
32212,15.9180,27.6367
32376,16.5039,27.4414
32540,16.3086,27.5391
32704,16.2109,27.6367
32868,18.3594,28.4180
33036,17.8711,29.1992
33204,17.5781,28.2227
33372,18.3594,28.6133
33540,17.6758,27.4414
33708,18.3594,28.9063
33880,17.3828,28.0273
34052,17.8711,27.2461
34224,18.3594,27.8320
34396,18.1641,29.4922
34568,18.0664,29.1016
34744,18.0664,27.9297
34920,17.6758,28.0273
35096,17.9688,27.9297
35272,17.9688,28.4180
35452,17.8711,27.9297
35632,18.1641,27.9297
35812,17.7734,28.7109
35992,18.9453,30.0781
36172,20.0195,29.1992
36356,17.6758,27.5391
36540,17.5781,27.9297
36724,17.2852,33.3008
36908,17.9688,29.0039
37096,17.4805,26.6602
37284,18.3594,29.9805
37472,17.6758,27.7344
37660,18.2617,28.9063
37852,18.1641,29.1992
38044,17.4805,27.7344
38236,17.6758,27.0508
38428,17.5781,30.5664
38624,18.2617,29.6875
38820,18.2617,29.1016
39016,17.4805,28.0273
39212,17.7734,28.3203
39412,18.5547,28.3203
39612,18.5547,29.6875
39812,18.3594,30.0781
40012,17.9688,28.3203
40216,17.9688,29.1992
40420,18.4570,29.5898
40624,17.9688,28.6133
40828,17.5781,28.6133
41036,17.2852,28.1250
41244,18.0664,28.6133
41452,18.1641,28.9063
41660,18.6523,29.5898
41872,17.7734,27.9297
42084,18.3594,29.1992
42296,18.6523,29.4922
42508,17.8711,29.1992
42724,17.4805,28.6133
42940,17.5781,29.9805
43156,17.2852,27.0508
43372,19.4336,29.4922
43592,17.1875,27.6367
43812,17.8711,27.6367
44032,17.4805,27.7344
44256,17.6758,27.6367
44480,17.7734,30.3711
44704,18.2617,29.8828
44928,18.2617,30.2734
45156,17.8711,29.5898
45384,17.8711,29.1016
45612,18.5547,29.4922
45844,16.4063,26.9531
46076,17.8711,27.3438
46308,19.5313,33.4961
46540,18.5547,30.7617
46776,18.6523,29.0039
47012,19.1406,30.4688
47248,17.3828,29.0039
47488,18.3594,30.0781
47728,18.8477,29.5898
47968,18.4570,30.1758
48208,17.5781,27.3438
48452,17.7734,29.2969
48696,17.8711,28.8086
48940,17.6758,28.5156
49188,17.7734,29.8828
49436,18.0664,29.0039
49684,17.8711,28.3203
49936,18.4570,29.6875
50188,17.9688,29.1992
50440,18.3594,29.3945
50696,17.9688,29.7852
50952,17.6758,29.6875
51208,17.9688,29.2969
51468,18.7500,30.0781
51728,18.1641,30.5664
51988,18.2617,28.4180
52248,18.1641,32.6172
52512,18.2617,29.8828
52776,16.7969,28.2227
53040,18.8477,29.7852
53308,17.6758,27.6367
53576,18.5547,30.9570
53844,17.6758,29.3945
54116,17.3828,28.4180
54388,17.9688,30.1758
54660,18.3594,28.8086
54936,17.4805,29.4922
55212,18.1641,31.3477
55492,19.2383,32.7148
55772,17.5781,28.0273
56052,18.0664,29.0039
56336,18.6523,33.3984
56620,17.7734,28.6133
56904,18.5547,29.2969
57192,18.8477,32.0313
57480,17.8711,29.9805
57768,18.7500,30.4688
58060,18.0664,30.7617
58352,18.3594,29.6875
58644,17.5781,28.8086
58940,17.9688,29.9805
59236,17.9688,30.0781
59536,18.1641,28.4180
59836,17.3828,29.1992
60136,18.7500,30.5664
60440,18.6523,30.4688
60744,18.9453,31.1523
61048,18.8477,29.3945
61356,18.0664,29.4922
61664,18.2617,29.5898
61976,18.4570,29.5898
62288,18.7500,31.2500
62600,18.3594,30.8594
62916,18.3594,30.5664
63232,18.6523,30.6641
63552,18.0664,30.9570
63872,18.2617,30.1758
64192,17.9688,29.0039
64516,18.5547,29.4922
64840,18.6523,30.5664
65168,17.1875,29.7852
65496,19.8242,30.1758
65824,21.2891,31.3477
66156,20.3125,32.0313
66488,22.6563,32.7148
66824,20.5078,32.2266
67160,19.1406,30.6641
67496,19.9219,33.0078
67836,20.3125,32.8125
68176,20.0195,31.8359
68520,19.7266,30.6641
68864,20.2148,32.8125
69212,19.5313,31.1523
69560,19.3359,32.6172
69908,21.7773,34.1797
70260,20.3125,35.5469
70612,19.6289,31.4453
70968,19.8242,31.5430
71324,20.1172,32.3242
71684,19.3359,32.0313
72044,20.0195,31.8359
72408,19.7266,31.8359
72772,19.7266,31.3477
73136,20.4102,32.3242
73504,19.8242,32.6172
73872,20.5078,33.1055
74244,19.1406,31.6406
74616,20.8984,32.3242
74992,20.0195,32.6172
75368,20.1172,35.1563
75748,20.6055,32.2266
76128,20.3125,32.9102
76512,20.4102,32.7148
76896,19.9219,33.1055
77284,19.8242,32.5195
77672,20.0195,33.3008
78064,20.6055,32.5195
78456,20.0195,33.2031
78852,20.9961,31.5430
79248,20.1172,31.3477
79648,19.9219,32.4219
80048,20.8984,33.7891
80452,20.0195,33.0078
80856,19.6289,32.4219
81264,19.8242,32.0313
81672,19.0430,30.1758
82084,20.7031,33.3984
82496,19.5313,33.0078
82912,20.1172,34.1797
83328,20.8008,35.1563
83748,20.0195,38.0859
84168,28.1250,32.6172
84592,20.1172,32.1289
85016,20.1172,32.4219
85444,20.5078,32.3242
85872,20.3125,33.2031
86304,19.5313,32.7148
86736,20.1172,33.2031
87172,19.3359,31.1523
87608,20.3125,32.2266
88048,20.3125,34.9609
88492,21.1914,34.7656
88936,19.6289,32.0313
89384,20.0195,32.4219
89832,20.0195,32.2266
90284,20.1172,31.8359
90736,20.3125,34.6680
91192,20.8008,33.2031
91648,20.5078,33.7891
92108,19.6289,33.3984
92572,20.1172,33.8867
93036,19.8242,33.8867
93504,19.9219,33.2031
93972,20.1172,33.3008
94444,20.7031,33.0078
94920,20.0195,33.5938
95396,20.7031,33.3984
95876,21.1914,33.5938
96356,20.4102,31.8359
96840,20.7031,33.8867
97328,20.9961,33.3008
97816,20.2148,33.7891
98308,21.9727,34.4727
98800,19.3359,31.9336
99296,20.4102,33.3008
99796,19.8242,34.3750
100296,19.7266,32.7148
100800,19.5313,32.0313
101304,20.7031,34.5703
101812,20.4102,33.3984
102324,19.9219,32.3242
102836,19.9219,31.7383
103352,20.0195,34.3750
103872,22.4609,33.2031
104392,20.8984,33.7891
104916,20.4102,35.4492
105444,19.4336,32.2266
105972,20.5078,33.8867
106504,21.1914,33.7891
107040,20.2148,33.3984
107576,20.8984,32.3242
108116,20.6055,33.5938
108660,21.1914,35.6445
109204,21.2891,35.5469
109752,23.0469,35.3516
110304,20.9961,34.1797
110856,20.2148,32.6172
111412,20.4102,34.6680
111972,20.3125,33.0078
112532,20.8008,35.0586
113096,20.5078,33.7891
113664,20.3125,33.0078
114236,20.5078,34.4727
114808,20.5078,34.1797
115384,20.4102,33.3008
115964,34.9609,36.8164
116544,21.7773,35.5469
117128,19.9219,32.4219
117716,20.2148,33.9844
118308,20.3125,33.3984
118900,20.6055,33.6914
119496,20.3125,34.2773
120096,19.9219,34.4727
120700,20.7031,34.7656
121304,21.1914,35.9375
121912,20.6055,43.3594
122524,26.4648,46.9727
123140,22.2656,35.7422
123756,26.9531,35.5469
124376,20.1172,40.1367
125000,22.1680,34.2773
125628,22.0703,34.6680
126260,20.7031,35.5469
126892,21.3867,35.3516
127528,20.2148,35.0586
128168,20.5078,37.4023
128812,21.0938,38.0859
129460,20.6055,33.9844
130108,20.3125,34.5703
130760,19.8242,34.5703
131416,24.6094,36.1328
132076,23.5352,35.4492
132740,23.1445,35.5469
133404,22.4609,35.3516
134072,23.0469,35.4492
134744,23.4375,35.9375
135420,22.2656,34.5703
136100,22.4609,34.9609
136784,22.7539,35.4492
137468,22.8516,33.7891
138156,22.1680,34.3750
138848,22.7539,35.0586
139544,22.9492,34.8633
140244,22.7539,34.8633
140948,22.6563,34.6680
141656,21.9727,34.3750
142368,24.0234,34.3750
143080,22.9492,35.3516
143796,22.6563,35.2539
144516,23.1445,36.1328
145240,23.0469,36.4258
145968,22.3633,34.9609
146700,21.7773,33.9844
147436,22.2656,34.1797
148176,21.9727,35.3516
148920,22.0703,33.3984
149668,22.3633,36.6211
150420,22.3633,34.4727
151176,22.2656,34.5703
151932,23.0469,34.6680
152692,21.7773,34.5703
153456,22.1680,34.4727
154224,22.6563,34.1797
154996,22.7539,35.6445
155772,21.6797,32.7148
156552,23.5352,35.8398
157336,23.3398,36.0352
158124,21.9727,33.4961
158916,22.1680,33.4961
159712,22.2656,33.3008
160512,23.1445,36.3281
161316,24.0234,37.5000
162124,21.0938,34.2773
162936,22.1680,34.9609
163752,22.4609,35.9375
164572,22.0703,34.8633
165396,23.2422,35.2539
166224,21.5820,34.4727
167056,22.2656,34.3750
167892,22.7539,34.7656
168732,22.5586,34.7656
169576,21.8750,35.2539
170424,21.5820,34.7656
171280,22.6563,34.7656
172140,22.9492,34.3750
173004,21.9727,33.3984
173872,22.8516,35.2539
174744,30.1758,42.0898
175620,23.0469,35.4492
176500,22.5586,36.5234
177384,23.0469,41.6016
178272,27.0508,38.2813
179164,25.6836,33.6914
180060,25.1953,37.5000
180964,22.8516,36.7188
181872,23.1445,35.6445
182784,27.3438,33.4961
183700,24.2188,34.5703
184620,23.6328,36.7188
185544,22.6563,35.9375
186472,22.8516,35.2539
187408,22.8516,35.6445
188348,22.2656,35.0586
189292,22.4609,35.9375
190240,22.6563,35.8398
191192,21.7773,34.4727
192148,22.3633,36.6211
193112,23.2422,38.7695
194080,22.8516,35.9375
195052,23.7305,36.9141
196028,23.1445,35.6445
197012,23.6328,35.4492
198000,22.6563,35.6445
198992,23.4375,36.9141
199988,22.8516,35.2539
200988,23.1445,35.8398
201996,22.2656,35.1563
203008,22.9492,36.0352
204024,22.2656,35.4492
205048,23.2422,36.4258
206076,23.7305,35.9375
207108,21.5820,34.1797
208144,22.3633,35.3516
209188,22.1680,35.6445
210236,23.1445,35.4492
211288,22.1680,34.3750
212348,22.4609,35.3516
213412,25.0977,35.5469
214480,23.2422,36.4258
215556,21.1914,34.3750
216636,22.8516,35.6445
217720,22.8516,35.3516
218812,24.0234,37.6953
219908,24.2188,37.4023
221008,23.9258,38.9648
222116,21.8750,34.2773
223228,23.1445,35.7422
224348,25.0000,36.7188
225472,24.0234,37.1094
226600,23.2422,36.2305
227736,23.4375,37.7930
228876,21.7773,34.7656
230024,22.3633,34.8633
231176,23.6328,37.2070
232332,22.8516,35.1563
233496,22.9492,36.2305
234664,22.6563,35.0586
235840,25.1953,36.3281
237020,23.5352,36.0352
238208,22.5586,37.7930
239400,22.1680,35.6445
240600,22.7539,34.5703
241804,23.1445,37.7930
243016,23.6328,37.5000
244232,22.7539,37.8906
245456,22.9492,36.8164
246684,26.3672,36.6211
247920,23.2422,36.7188
249160,23.1445,37.2070
250408,23.1445,36.4258
251664,23.5352,37.7930
252924,22.4609,35.3516
254192,23.7305,37.6953
255464,23.0469,35.6445
256744,22.9492,36.6211
258028,23.4375,37.4023
259320,22.9492,55.8594
260620,24.4141,38.4766
261924,26.0742,40.8203
263236,26.3672,39.1602
264556,26.9531,39.8438
265880,25.8789,38.5742
267212,25.8789,38.0859
268552,25.2930,37.5977
269896,26.4648,39.3555
271248,24.6094,48.0469
272608,25.7813,37.7930
273972,26.6602,37.9883
275344,26.8555,37.1094
276724,25.7813,38.2813
278108,26.1719,38.4766
279500,26.1719,38.2813
280900,25.7813,37.2070
282308,25.6836,38.0859
283720,26.0742,39.2578
285140,24.9023,36.5234
286568,24.5117,36.7188
288004,26.0742,37.7930
289448,25.7813,37.3047
290896,26.5625,40.5273
292352,25.2930,37.4023
293816,25.3906,37.4023
295288,25.5859,37.5000
296768,26.2695,39.0625
298252,25.1953,36.9141
299744,26.3672,36.4258
301244,25.0000,37.1094
302752,25.2930,37.8906
304268,26.7578,37.9883
305792,25.8789,38.6719
307324,25.5859,36.5234
308864,25.6836,38.2813
310412,25.6836,38.0859
311968,25.0977,37.0117
313528,26.3672,37.9883
315096,26.4648,38.5742
316672,25.9766,37.5000
318256,25.7813,36.9141
319848,25.9766,37.3047
321448,26.0742,37.9883
323056,25.7813,36.8164
324672,27.0508,39.9414
326296,25.1953,39.3555
327928,25.4883,37.2070
329568,25.5859,37.1094
331216,26.0742,38.0859
332876,25.3906,36.6211
334544,25.6836,37.3047
336220,25.9766,38.7695
337904,26.3672,39.4531
339596,24.9023,36.4258
341296,26.4648,39.7461
343004,25.0000,38.5742
344720,25.8789,38.6719
346444,25.6836,38.0859
348180,25.5859,38.7695
349924,25.4883,37.2070
351676,26.6602,38.8672
353436,25.6836,37.2070
355204,24.5117,36.9141
356984,25.9766,37.8906
358772,28.2227,38.2813
360568,25.8789,37.0117
362372,25.6836,37.5000
364184,26.3672,39.7461
366008,24.6094,36.9141
367840,25.0000,35.8398
369680,25.8789,37.2070
371532,25.6836,37.3047
373392,26.6602,37.8906
375260,28.0273,38.6719
377140,25.9766,38.1836
379028,26.5625,38.7695
380924,25.2930,36.9141
382832,27.0508,38.0859
384748,26.8555,39.1602
386672,26.2695,39.2578
388608,26.7578,39.1602
390552,27.0508,39.3555
392508,27.3438,40.1367
394472,26.4648,39.5508
396448,27.4414,39.4531
398432,27.7344,42.3828
400428,26.9531,39.4531
402432,26.4648,37.6953
404448,25.9766,38.3789
406472,26.4648,38.4766
408508,25.8789,37.8906
410552,26.0742,37.8906
412608,27.1484,39.3555
414672,25.9766,37.5977
416748,26.0742,38.1836
418832,26.4648,38.4766
420928,26.4648,38.6719
423036,26.5625,38.6719
425152,27.2461,39.9414
427280,27.8320,42.3828
429420,27.1484,39.2578
431568,27.1484,40.7227
433728,26.0742,39.6484
435900,27.6367,38.9648
438080,26.5625,39.5508
440272,26.6602,39.9414
442476,26.5625,39.0625
444692,26.5625,40.1367
446916,28.7109,38.2813
449152,26.9531,38.6719
451400,25.7813,38.8672
453660,26.3672,39.1602
455932,26.9531,39.3555
458212,27.6367,40.4297
460504,26.9531,39.8438
462808,27.4414,39.8438
465124,25.5859,36.9141
467452,27.9297,42.3828
469792,26.5625,40.3320
472144,27.6367,40.9180
474508,27.2461,40.0391
476884,26.5625,38.0859
479272,26.8555,40.2344
481672,27.5391,39.6484
484084,28.1250,41.7969
486508,26.5625,41.0156
488944,28.0273,41.6992
491392,26.3672,40.2344
493852,27.8320,39.4531
496324,27.3438,40.3320
498808,28.4180,41.8945
501304,27.7344,42.3828
503812,27.2461,39.8438
506332,26.6602,44.9219
508864,27.5391,40.0391
511412,26.7578,38.9648
513972,27.3438,40.9180
516544,28.3203,42.6758
519128,27.2461,40.3320
521724,27.5391,41.0156
524336,35.2539,45.4102
526960,30.6641,56.0547
529596,38.1836,43.8477
532244,30.2734,42.5781
534908,28.8086,41.3086
537584,30.5664,42.8711
540272,29.3945,40.0391
542976,30.1758,40.5273
545692,30.3711,39.2578
548424,37.4023,40.8203
551168,29.7852,38.9648
553924,31.2500,41.1133
556696,30.4688,40.4297
559480,30.4688,42.2852
562280,31.1523,41.9922
565092,30.3711,40.9180
567920,30.9570,42.4805
570760,31.8359,39.6484
573616,30.5664,41.5039
576488,29.1016,37.6953
579372,31.1523,41.4063
582272,29.1016,39.5508
585184,30.9570,42.2852
588112,29.4922,40.6250
591056,30.3711,41.6016
594012,33.0078,43.1641
596984,31.2500,42.0898
599972,29.8828,40.5273
602972,31.5430,42.4805
605988,29.5898,39.6484
609020,30.3711,40.7227
612068,29.3945,43.8477
615132,30.5664,41.2109
618208,31.9336,39.7461
621300,31.1523,40.5273
624408,30.3711,40.3320
627532,31.0547,40.8203
630672,29.4922,40.1367
633828,30.1758,40.3320
637000,29.9805,40.0391
640188,30.0781,41.1133
643392,31.7383,42.2852
646612,30.9570,40.5273
649848,31.8359,43.5547
653100,29.8828,40.1367
656368,29.1992,40.1367
659652,30.8594,41.1133
662952,32.2266,42.9688
666268,31.5430,46.2891
669600,32.2266,41.9922
672948,31.6406,41.9922
676316,31.4453,43.0664
679700,30.6641,42.0898
683100,32.2266,43.4570
686516,29.3945,39.6484
689952,31.6406,41.5039
693404,31.6406,44.4336
696872,30.3711,41.6016
700360,30.3711,41.2109
703864,31.7383,42.7734
707384,30.7617,40.9180
710924,36.3281,43.1641
714480,31.4453,42.3828
718056,31.3477,41.2109
721648,29.9805,41.3086
725260,30.0781,40.7227
728888,30.6641,41.3086
732536,30.0781,40.4297
736200,31.0547,43.7500
739884,30.1758,42.4805
743584,29.9805,40.9180
747304,29.6875,41.4063
751044,29.6875,40.7227
754800,30.7617,42.6758
758576,28.8086,40.4297
762372,31.5430,42.8711
766184,31.2500,43.9453
770016,31.1523,41.9922
773868,29.0039,41.3086
777740,30.4688,43.5547
781632,31.3477,41.8945
785544,31.1523,42.6758
789472,32.3242,45.7031
793420,30.2734,42.7734
797388,30.5664,42.6758
801376,31.0547,43.6523
805384,30.2734,39.9414
809412,30.0781,41.5039
813460,31.0547,40.8203
817528,29.1992,40.3320
821616,32.6172,44.3359
825728,32.4219,42.2852
829860,31.4453,42.6758
834012,31.5430,46.0938
838184,31.5430,43.0664
842376,31.9336,42.6758
846588,32.8125,43.6523
850824,32.9102,43.2617
855080,31.1523,43.3594
859356,30.5664,43.4570
863656,30.5664,41.4063
867976,32.5195,45.6055
872316,31.7383,45.0195
876680,30.7617,42.1875
881064,32.2266,43.0664
885472,33.3008,44.7266
889900,30.8594,43.0664
894352,32.2266,45.6055
898824,32.2266,44.3359
903320,31.4453,43.4570
907840,32.2266,43.4570
912380,32.1289,43.0664
916944,32.2266,42.7734
921532,31.9336,44.8242
926140,31.9336,44.3359
930772,30.8594,41.9922
935428,32.0313,43.4570
940108,31.8359,45.2148
944812,31.9336,45.0195
949540,31.7383,44.3359
954288,32.4219,45.6055
959060,32.0313,43.6523
963856,36.3281,43.7500
968676,31.8359,43.9453
973520,30.7617,43.2617
978388,33.2031,45.0195
983280,31.8359,45.1172
988200,32.9102,45.1172
993144,32.7148,45.1172
998112,33.6914,45.2148
1003104,32.7148,46.4844
1008120,31.5430,44.0430
1013164,33.5938,45.8008
1018232,37.4023,55.4688
1023324,32.9102,44.2383
1028444,33.3008,45.3125
1033588,33.9844,48.1445
1038756,32.8125,46.4844
1043952,32.8125,44.0430
1049172,36.7188,48.0469
1054420,34.8633,46.3867
1059696,34.6680,43.8477
1064996,35.5469,49.5117
1070324,40.8203,47.5586
1075676,35.5469,47.9492
1081056,35.2539,45.8008
1086464,33.5938,45.0195
1091900,36.1328,48.9258
1097360,36.3281,48.6328
1102848,34.0820,44.5313
1108364,35.1563,46.2891
1113908,34.8633,45.8008
1119480,34.9609,45.0195
1125080,34.7656,44.3359
1130708,33.9844,44.7266
1136364,36.5234,46.4844
1142048,33.1055,44.7266
1147760,34.6680,43.9453
1153500,34.9609,45.0195
1159268,34.8633,45.6055
1165068,35.7422,46.1914
1170896,36.5234,46.2891
1176752,35.9375,45.7031
1182636,34.3750,44.1406
1188552,35.6445,46.6797
1194496,36.0352,47.8516
1200472,35.2539,46.7773
1206476,33.6914,46.2891
1212512,35.7422,46.1914
1218576,37.0117,47.9492
1224672,35.2539,45.8984
1230796,35.8398,46.5820
1236952,36.0352,46.1914
1243140,35.1563,45.9961
1249356,34.1797,44.0430
1255604,35.9375,47.0703
1261884,34.0820,44.4336
1268196,37.5000,50.9766
1274540,49.9023,50.1953
1280916,36.3281,46.6797
1287324,40.0391,47.8516
1293764,37.0117,46.5820
1300236,35.4492,45.3125
1306740,34.3750,46.2891
1313276,35.0586,45.5078
1319844,35.0586,46.1914
1326444,37.0117,50.6836
1333080,37.8906,48.6328
1339748,36.2305,48.5352
1346448,36.0352,47.6563
1353184,36.7188,47.1680
1359952,37.0117,48.5352
1366752,35.3516,46.3867
1373588,34.4727,45.8984
1380456,37.4023,50.6836
1387360,35.1563,45.4102
1394300,37.9883,48.9258
1401272,36.5234,47.5586
1408280,36.2305,47.6563
1415324,36.3281,46.8750
1422404,36.4258,46.5820
1429520,37.0117,47.5586
1436668,37.5000,49.0234
1443852,37.5000,49.6094
1451072,37.8906,49.1211
1458328,40.6250,46.1914
1465620,37.5000,47.9492
1472952,38.1836,50.8789
1480320,38.3789,50.3906
1487724,38.3789,48.7305
1495164,37.5977,49.3164
1502640,36.1328,46.5820
1510156,38.0859,50.2930
1517708,36.5234,47.1680
1525300,38.3789,48.5352
1532928,37.6953,48.7305
1540596,36.4258,46.5820
1548300,38.1836,45.4102
1556044,37.9883,49.2188
1563828,37.8906,49.4141
1571648,37.4023,54.8828
1579508,38.2813,49.0234
1587408,35.6445,46.9727
1595348,47.1680,52.8320
1603328,58.6914,55.3711
1611348,43.8477,54.4922
1619408,52.2461,52.2461
1627508,38.4766,50.6836
1635648,36.9141,48.1445
1643828,38.2813,49.8047
1652048,36.8164,49.3164
1660312,39.8438,54.2969
1668616,37.6953,48.3398
1676960,37.5977,47.9492
1685348,39.3555,51.2695
1693776,37.0117,49.3164
1702248,35.1563,46.8750
1710760,38.8672,49.0234
1719316,38.4766,50.4883
1727916,35.9375,45.3125
1736556,37.7930,48.6328
1745240,39.2578,50.1953
1753968,38.9648,49.7070
1762740,40.6250,49.6094
1771556,38.2813,50.0977
1780416,37.9883,48.8281
1789320,37.6953,50.1953
1798268,38.2813,51.6602
1807260,36.6211,47.9492
1816300,37.6953,49.4141
1825384,38.3789,51.9531
1834512,38.9648,50.6836
1843688,38.4766,49.5117
1852908,38.7695,49.9023
1862176,37.9883,49.5117
1871488,37.6953,48.9258
1880848,38.0859,50.6836
1890256,42.7734,49.2188
1899708,37.6953,51.2695
1909208,38.6719,49.7070
1918756,37.9883,50.9766
1928352,37.4023,49.1211
1937996,39.8438,52.8320
1947688,37.0117,47.9492
1957428,41.4063,54.4922
1967216,37.1094,48.5352
1977056,39.2578,50.9766
1986944,38.2813,48.7305
1996880,38.8672,51.0742
2006868,38.7695,52.0508
2016904,38.5742,50.5859
2026992,39.9414,53.1250
2037128,38.5742,48.4375
2047316,35.9375,46.4844
2057556,38.7695,50.0000
2067844,39.7461,51.4648
2078184,40.7227,50.8789
2088576,40.1367,51.7578
2099020,41.6992,54.9805
2109516,41.4063,53.2227
2120064,41.4063,53.7109
2130668,40.8203,51.5625
2141324,40.5273,50.4883
2152032,40.9180,51.3672
2162796,41.1133,52.0508
2173612,40.7227,51.6602
2184484,38.2813,48.4375
2195408,43.1641,53.8086
2206388,41.6016,52.9297
2217420,39.7461,50.5859
2228508,40.7227,50.9766
2239652,42.3828,55.7617
2250852,41.8945,51.6602
2262108,39.6484,53.7109
2273420,41.4063,51.6602
2284788,41.0156,51.4648
2296212,41.5039,54.1016
2307696,41.7969,53.1250
2319236,39.3555,48.0469
2330836,40.5273,52.3438
2342492,39.9414,49.6094
2354208,41.2109,51.5625
2365980,41.7969,52.4414
2377812,42.0898,53.4180
2389704,40.8203,50.8789
2401656,42.8711,54.2969
2413668,40.6250,52.1484
2425740,42.4805,54.1016
2437872,42.2852,51.8555
2450064,41.5039,53.3203
2462316,41.5039,51.9531
2474628,41.2109,53.0273
2487004,42.3828,52.3438
2499440,40.8203,52.6367
2511940,42.1875,53.1250
2524500,43.3594,53.7109
2537124,42.7734,52.7344
2549812,41.4063,52.5391
2562564,42.7734,55.3711
2575380,41.6992,51.9531
2588260,43.3594,52.4414
2601204,42.6758,53.5156
2614212,41.9922,52.9297
2627284,42.7734,54.1016
2640424,42.7734,53.7109
2653628,45.4102,51.7578
2666900,39.9414,49.8047
2680236,43.2617,55.1758
2693640,43.6523,52.5391
2707112,42.4805,54.4922
2720648,42.6758,53.5156
2734252,41.7969,52.1484
2747924,43.1641,53.4180
2761664,41.5039,53.3203
2775476,42.2852,52.8320
2789356,42.4805,52.1484
2803304,43.0664,54.0039
2817324,42.5781,55.6641
2831412,42.8711,53.2227
2845572,41.6992,51.1719
2859800,43.9453,57.2266
2874100,41.2109,51.8555
2888472,45.4102,56.9336
2902916,41.2109,54.5898
2917432,41.9922,51.7578
2932020,42.4805,53.7109
2946684,43.6523,55.1758
2961420,41.0156,50.1953
2976228,41.3086,53.5156
2991112,41.6016,50.9766
3006068,42.3828,53.2227
3021100,41.6992,55.0781
3036208,44.4336,54.9805
3051392,42.6758,52.8320
3066652,42.5781,53.2227
3081988,42.9688,54.2969
3097400,43.6523,54.1016
3112888,44.7266,55.2734
3128456,44.2383,56.8359
3144100,42.9688,54.8828
3159824,43.1641,52.9297
3175624,43.6523,54.7852
3191504,42.8711,54.5898
3207464,44.1406,53.8086
3223504,43.3594,54.4922
3239624,43.5547,54.1016
3255824,43.1641,53.8086
3272104,43.7500,55.6641
3288468,42.9688,53.8086
3304912,42.5781,53.6133
3321440,44.0430,56.3477
3338048,44.3359,56.5430
3354740,44.2383,54.9805
3371516,44.3359,57.7148
3388376,42.3828,55.0781
3405320,42.2852,54.9805
3422348,44.3359,55.9570
3439460,42.1875,53.4180
3456660,43.8477,57.5195
3473944,42.7734,54.5898
3491316,43.7500,55.2734
3508776,45.9961,57.7148
3526320,45.7031,55.0781
3543952,45.4102,58.4961
3561672,41.7969,53.1250
3579484,42.8711,53.6133
3597384,87.9883,66.6016
3615372,63.4766,55.7617
3633452,44.2383,55.7617
3651620,42.4805,53.4180
3669880,47.4609,59.8633
3688232,42.8711,54.3945
3706676,44.4336,55.4688
3725212,44.1406,57.1289
3743840,44.4336,56.0547
3762560,44.7266,56.7383
3781376,44.7266,57.2266
3800284,43.1641,53.9063
3819288,45.4102,57.8125
3838388,43.5547,54.8828
3857580,44.4336,54.9805
3876868,42.7734,54.2969
3896256,45.0195,58.5938
3915740,44.2383,55.9570
3935320,44.0430,56.5430
3955000,45.5078,57.4219
3974776,45.4102,56.5430
3994652,44.9219,56.5430
4014628,43.0664,54.9805
4034704,43.7500,56.0547
4054880,42.9688,54.8828
4075156,45.1172,58.5938
4095532,44.1406,55.6641
4116012,44.2383,58.3008
4136596,46.3867,56.8359
4157280,46.0938,58.3008
4178068,43.6523,57.1289
4198960,47.7539,59.3750
4219956,48.3398,61.4258
4241056,47.6563,60.5469
4262264,47.5586,60.0586
4283576,48.4375,61.0352
4304996,47.2656,58.1055
4326524,46.0938,57.0313
4348160,47.5586,57.9102
4369904,47.0703,58.5938
4391756,51.2695,61.0352
4413716,44.8242,56.6406
4435788,46.8750,57.2266
4457968,47.4609,58.3984
4480260,48.7305,60.4492
4502664,45.3125,57.7148
4525180,46.7773,58.6914
4547808,45.7031,59.8633
4570548,44.2383,54.0039
4593404,46.3867,55.9570
4616372,48.8281,61.0352
4639456,46.8750,73.9258
4662656,59.0820,61.9141
4685972,43.8477,53.7109
4709404,46.8750,69.4336
4732952,46.0938,58.0078
4756620,45.8008,56.4453
4780404,46.6797,57.5195
4804308,49.0234,59.1797
4828332,45.0195,56.0547
4852476,47.6563,58.4961
4876740,47.5586,62.3047
4901124,46.1914,58.3008
4925632,46.5820,59.5703
4950264,47.3633,58.9844
4975016,47.5586,57.2266
4999892,47.1680,58.5938
5024892,45.6055,56.5430
5050020,48.8281,61.7188
5075272,47.0703,58.0078
5100652,46.7773,57.7148
5126156,50.3906,63.5742
5151788,49.2188,60.4492
5177548,48.7305,60.9375
5203436,47.1680,57.4219
5229456,49.5117,59.9609
5255604,47.7539,59.4727
5281884,46.4844,57.9102
5308296,47.8516,59.9609
5334840,48.0469,59.4727
5361516,47.4609,59.6680
5388324,47.3633,60.0586
5415268,48.2422,58.5938
5442348,48.1445,59.3750
5469560,47.3633,58.0078
5496908,47.1680,59.7656
5524396,48.0469,58.7891
5552020,47.5586,59.0820
5579784,50.3906,62.5000
5607684,47.8516,60.4492
5635724,46.4844,57.6172
5663904,46.8750,57.7148
5692224,50.6836,63.2813
5720688,49.9023,61.9141
5749292,47.2656,64.6484
5778040,46.8750,58.6914
5806932,47.9492,58.7891
5835968,48.0469,58.3984
5865148,48.3398,61.0352
5894476,46.9727,60.3516
5923952,45.8984,58.9844
5953572,49.3164,59.3750
5983340,47.6563,59.5703
6013260,48.0469,60.3516
6043328,51.6602,61.0352
6073548,50.0000,62.4023
6103916,48.8281,61.2305
6134436,48.3398,61.7188
6165112,47.3633,58.0078
6195940,49.4141,61.2305
6226920,49.5117,61.5234
6258056,51.5625,63.2813
6289348,48.4375,61.7188
6320796,47.2656,58.9844
6352400,48.4375,60.8398
6384164,48.8281,61.2305
6416088,48.6328,60.1563
6448172,47.6563,61.3281
6480416,48.7305,60.5469
6512820,48.6328,59.7656
6545388,50.6836,62.3047
6578116,47.7539,58.3008
6611008,49.7070,61.5234
6644064,49.0234,63.3789
6677288,46.7773,60.4492
6710676,50.5859,61.8164
6744232,47.9492,61.1328
6777956,49.3164,62.1094
6811848,51.1719,62.4023
6845908,48.3398,59.3750
6880140,50.0000,62.5000
6914544,49.6094,61.0352
6949120,48.4375,59.3750
6983868,48.5352,60.7422
7018788,49.0234,60.5469
7053884,49.0234,61.6211
7089156,50.2930,62.5000
7124604,53.5156,62.2070
7160228,49.5117,62.6953
7196032,52.4414,65.6250
7232016,48.8281,61.4258
7268180,51.5625,65.9180
7304524,48.7305,61.3281
7341048,48.5352,59.2773
7377756,49.9023,61.8164
7414648,50.5859,65.8203
7451724,50.1953,63.4766
7488984,49.6094,61.5234
7526432,46.8750,59.1797
7564068,50.3906,63.0859
7601892,51.3672,62.4023
7639904,50.5859,62.8906
7678104,49.3164,61.2305
7716496,50.2930,62.4023
7755080,52.1484,64.5508
7793856,48.7305,62.2070
7832828,50.3906,60.6445
7871996,49.4141,59.9609
7911356,50.2930,59.9609
7950916,53.4180,63.2813
7990672,49.5117,61.1328
8030628,49.6094,59.5703
8070784,50.4883,61.8164
8111140,57.6172,66.3086
8151696,58.2031,65.8203
8192456,51.8555,62.3047
8233420,51.3672,62.6953
8274588,48.1445,58.2031
8315964,52.1484,63.9648
8357544,50.8789,65.2344
8399332,53.4180,65.9180
8441332,50.8789,61.2305
8483540,51.3672,60.1563
8525960,51.0742,61.4258
8568592,51.5625,61.7188
8611436,51.6602,62.5000
8654496,51.3672,60.5469
8697772,52.6367,62.7930
8741264,53.3203,64.4531
8784972,53.0273,63.8672
8828900,53.1250,65.2344
8873048,52.6367,62.7930
8917416,52.7344,65.2344
8962004,50.7813,62.3047
9006816,52.2461,63.2813
9051852,51.8555,66.0156
9097112,53.3203,63.5742
9142600,52.4414,61.9141
9188316,50.0977,59.2773
9234260,51.2695,63.7695
9280432,56.6406,64.5508
9326836,53.3203,64.6484
9373472,50.7813,62.7930
9420340,52.0508,62.8906
9467444,51.0742,61.6211
9514784,51.5625,62.3047
9562360,53.7109,63.7695
9610172,52.7344,63.6719
9658224,52.0508,63.8672
9706516,52.7344,68.9453
9755052,50.0000,60.7422
9803828,53.3203,65.0391
9852848,51.4648,61.7188
9902116,53.0273,65.7227
9951628,53.7109,66.2109
10001388,52.1484,64.4531
10051396,50.1953,61.4258
10101656,50.6836,61.9141
10152168,51.7578,61.9141
10202932,53.2227,62.6953
10253948,54.1016,63.9648
10305220,57.0313,67.0898
10356748,53.4180,64.3555
10408532,51.5625,61.7188
10460576,53.6133,66.6992
10512880,52.0508,65.3320
10565448,55.6641,67.2852
10618276,51.9531,64.0625
10671368,54.1992,65.2344
10724728,52.6367,64.2578
10778352,52.7344,64.7461
10832244,53.5156,65.0391
10886408,58.4961,66.0156
10940844,55.4688,67.4805
10995552,52.8320,62.7930
11050532,54.6875,64.5508
11105788,53.3203,63.5742
11161320,51.2695,62.5000
11217128,56.8359,71.7773
11273216,49.2188,59.4727
11329584,50.4883,62.8906
11386232,53.4180,65.5273
11443164,54.0039,65.4297
11500380,53.1250,65.1367
11557884,53.5156,64.1602
11615676,51.4648,62.6953
11673756,54.1016,64.2578
11732128,53.1250,63.9648
11790792,52.9297,64.7461
11849748,54.9805,66.7969
11909000,54.9805,66.4063
11968548,51.9531,62.9883
12028392,52.9297,63.1836
12088536,56.8359,68.7500
12148980,55.0781,67.1875
12209728,53.1250,64.9414
12270780,53.4180,66.3086
12332136,53.3203,64.1602
12393800,51.9531,63.1836
12455772,54.1992,68.2617
12518052,54.2969,65.3320
12580644,53.6133,65.2344
12643548,51.6602,64.4531
12706768,56.5430,67.9688
12770304,52.3438,66.2109
12834156,52.1484,61.2305
12898328,53.3203,64.4531
12962820,56.6406,69.7266
13027636,54.8828,65.6250
13092776,53.5156,64.9414
13158240,54.7852,67.4805
13224032,51.3672,63.1836
13290156,52.1484,63.4766
13356608,52.0508,62.9883
13423392,56.8359,66.2109
13490512,56.8359,66.8945
13557968,54.1016,66.7969
13625760,55.6641,66.3086
13693892,56.9336,68.0664
13762364,56.6406,68.6523
13831176,52.4414,65.5273
13900332,55.3711,66.6992
13969836,54.5898,66.3086
14039688,56.3477,67.7734
14109888,56.5430,70.0195
14180440,56.9336,66.2109
14251344,53.6133,64.4531
14322604,56.5430,67.2852
14394220,52.6367,64.1602
14466192,52.5391,63.4766
14538524,55.0781,71.4844
14611220,52.3438,65.4297
14684280,54.0039,64.9414
14757704,56.6406,69.0430
14831496,52.5391,62.3047
14905656,53.8086,69.2383
14980188,53.7109,64.5508
15055092,52.7344,64.7461
15130368,54.4922,65.1367
15206020,55.6641,68.5547
15282052,54.4922,66.5039
15358464,56.4453,67.5781
15435260,55.5664,65.6250
15512440,56.1523,66.1133
15590004,53.0273,64.3555
15667956,52.3438,61.7188
15746296,56.4453,67.9688
15825028,57.8125,70.1172
15904156,54.8828,67.8711
15983680,55.0781,67.4805
16063600,55.0781,66.6016
16143920,56.8359,70.1172
16224640,55.3711,68.5547
16305764,56.3477,70.4102
16387296,55.2734,67.7734
16469236,54.1016,69.9219
16551584,56.0547,67.6758
16634344,75.3906,69.5313
16717516,57.8125,69.4336
16801104,57.2266,68.6523
16885112,59.7656,68.7500
16969540,57.5195,68.8477
17054388,57.7148,69.7266
17139660,58.9844,70.4102
17225360,58.2031,69.0430
17311488,57.2266,68.7500
17398048,57.6172,72.3633
17485040,57.8125,71.0938
17572468,58.0078,70.3125
17660332,56.3477,70.2148
17748636,58.3008,70.2148
17837380,55.9570,68.3594
17926568,58.0078,68.1641
18016204,56.3477,67.6758
18106288,60.4492,73.4375
18196820,57.3242,68.4570
18287808,70.5078,72.6563
18379248,67.1875,68.8477
18471148,56.8359,70.4102
18563504,56.7383,68.9453
18656324,55.7617,68.3594
18749608,65.5273,70.8984
18843360,58.4961,71.3867
18937580,56.1523,68.1641
19032268,60.0586,72.5586
19127432,56.7383,70.3125
19223072,54.6875,67.3828
19319188,57.1289,71.3867
19415784,58.7891,68.0664
19512864,56.8359,70.8984
19610432,56.9336,70.3125
19708488,61.8164,74.1211
19807032,58.9844,70.3125
19906068,59.1797,71.8750
20005600,58.9844,71.8750
20105628,57.1289,70.1172
20206160,58.2031,69.4336
20307192,60.7422,75.5859
20408728,57.9102,68.9453
20510772,55.6641,67.8711
20613328,62.6953,71.2891
20716396,55.8594,69.7266
20819980,58.7891,71.3867
20924080,57.9102,73.0469
21028704,61.8164,75.7813
21133848,58.7891,72.8516
21239520,61.8164,72.2656
21345720,57.0313,69.1406
21452452,58.1055,76.2695
21559716,59.3750,70.6055
21667516,60.4492,71.6797
21775856,59.4727,71.6797
21884736,59.5703,71.2891
21994160,59.5703,70.9961
22104132,59.0820,72.9492
22214656,57.8125,68.5547
22325732,61.2305,82.8125
22437364,66.2109,77.2461
22549552,61.0352,72.9492
22662300,60.1563,73.9258
22775612,57.0313,69.8242
22889492,58.7891,70.3125
23003940,59.7656,71.5820
23118960,59.4727,71.9727
23234556,64.4531,73.1445
23350732,61.5234,73.3398
23467488,61.5234,73.5352
23584828,62.7930,74.4141
23702756,60.8398,72.8516
23821272,60.9375,73.2422
23940380,62.3047,79.0039
24060084,59.2773,70.7031
24180388,59.2773,74.5117
24301292,61.5234,67.2852
24422800,62.0117,73.1445
24544916,62.3047,74.0234
24667644,61.0352,72.0703
24790984,65.2344,73.4375
24914940,64.6484,75.0000
25039516,61.0352,71.9727
25164716,64.1602,72.8516
25290540,58.6914,76.5625
25416996,62.1094,70.8984
25544084,72.2656,79.1992
25671808,63.0859,74.8047
25800168,67.0898,79.1016
25929172,67.3828,81.1523
26058820,64.8438,78.0273
26189116,66.1133,85.1563
26320064,69.4336,78.5156
26451668,65.5273,71.8750
26583928,67.8711,76.2695
26716848,71.7773,79.1992
26850436,93.2617,80.9570
26984692,69.7266,75.5859
27119616,65.8203,74.0234
27255216,65.4297,75.2930
27391496,93.0664,87.7930
27528456,82.0313,85.3516
27666100,86.4258,90.2344
27804432,72.0703,77.6367
27943456,70.3125,77.0508
28083176,72.1680,76.3672
28223592,69.5313,96.7773
28364712,79.4922,90.9180
28506536,76.4648,79.3945
28649072,71.1914,79.3945
28792320,72.3633,78.4180
28936284,88.3789,86.8164
29080968,78.3203,83.4961
29226376,76.9531,81.9336
29372508,73.9258,120.0195
29519372,80.2734,84.7656
29666972,77.7344,83.7891
29815308,79.8828,83.4961
29964388,78.6133,91.0156
30114212,76.7578,80.7617
30264784,75.3906,81.8359
30416108,75.7813,85.3516
30568192,87.2070,87.0117
30721036,81.6406,86.7188
30874644,72.9492,80.1758
31029020,74.3164,118.3594
31184168,118.0664,102.8320
31340092,107.3242,97.5586
31496796,97.3633,123.2422
31654280,97.1680,93.5547
31812552,90.2344,94.4336
31971616,112.0117,105.1758
32131476,94.3359,91.3086
32292136,90.3320,89.9414
32453600,101.4648,98.5352
32615868,88.9648,92.3828
32778948,87.5000,91.6016
32942844,99.8047,96.9727
33107560,108.3008,97.3633
33273100,94.4336,115.3320
33439468,104.4922,93.1641
33606668,97.4609,101.5625
33774704,117.8711,102.4414
33943580,106.1523,102.8320
34113300,100.0977,106.2500
34283868,99.2188,100.4883
34455288,103.8086,94.2383
34627568,117.4805,95.6055
34800708,98.9258,101.3672
34974712,96.1914,96.9727
35149588,110.1563,107.8125
35325336,138.3789,103.6133
35501964,99.6094,132.7148
35679476,110.2539,109.1797
35857876,99.9023,101.8555
36037168,105.6641,103.2227
36217356,107.1289,104.4922
36398444,132.5195,108.2031
36580440,104.5898,103.6133
36763344,104.5898,125.0977
36947164,108.6914,106.9336
37131900,97.7539,133.3008
37317560,115.9180,109.1797
37504148,106.4453,110.8398
37691672,104.9805,121.2891
37880132,113.0859,112.5977
38069536,107.0313,118.6523
38259884,109.5703,106.1523
38451184,117.3828,153.2227
38643440,131.2500,122.7539
38836660,140.1367,130.6641
39030844,123.3398,124.3164
39226000,215.1367,174.8047
39422132,154.6875,161.0352
39619244,144.9219,134.0820
39817344,138.0859,127.1484
40016432,126.7578,115.4297
40216516,128.8086,131.0547
40417600,119.1406,133.9844
40619688,123.3398,122.2656
40822788,122.7539,136.0352
41026904,184.0820,157.0313
41232040,159.1797,142.4805
41438204,153.7109,147.7539
41645396,152.4414,143.2617
41853624,162.0117,137.8906
42062896,143.6523,154.3945
42273212,141.8945,137.1094
42484580,138.8672,135.9375
42697004,146.3867,145.4102
42910492,140.4297,129.3945
43125048,167.6758,124.7070
43340676,121.0938,116.8945
43557380,142.2852,127.4414
43775168,124.1211,131.7383
43994044,143.3594,130.9570
44214016,155.1758,129.4922
44435088,159.1797,126.2695
44657264,137.0117,135.1563
44880552,133.3984,131.0547
45104956,133.0078,147.5586
45330484,130.4688,126.2695
45557140,141.4063,126.7578
45784928,141.5039,146.0938
46013856,128.1250,126.9531
46243928,132.9102,132.9102
46475148,131.0547,147.1680
46707524,129.1016,129.2969
46941064,133.1055,141.1133
47175772,190.1367,188.6719
47411652,167.4805,144.2383
47648712,158.6914,147.1680
47886956,145.3125,167.3828
48126392,165.0391,132.3242
48367024,144.4336,139.3555
48608860,169.9219,138.5742
48851908,141.3086,155.3711
49096168,143.0664,137.1094
49341652,148.8281,144.3359
49588364,149.6094,140.0391
49836308,142.5781,161.2305
50085492,143.9453,132.1289
50335920,157.3242,138.6719
50587600,145.7031,149.2188
50840540,160.5469,170.5078
51094744,148.9258,140.7227
51350220,147.7539,137.7930
51606972,145.3125,150.7813
51865008,159.7656,169.1406
52124336,154.1992,146.2891
52384960,156.5430,150.2930
52646888,152.4414,141.7969
52910124,152.0508,151.9531
53174676,152.1484,180.7617
53440552,157.5195,142.0898
53707756,158.5938,153.9063
53976296,227.2461,156.1523
54246180,181.4453,158.3008
54517412,144.0430,150.4883
54790000,165.5273,171.4844
55063952,159.0820,150.5859
55339272,156.3477,153.9063
55615972,159.5703,150.0000
55894052,163.8672,157.1289
56173524,248.4375,166.9922
56454392,165.8203,153.4180
56736664,168.3594,190.3320
57020348,161.0352,154.9805
57305452,161.2305,154.3945
57591980,191.3086,158.7891
57879940,174.2188,187.0117
58169340,173.2422,189.2578
58460188,168.7500,154.6875
58752492,178.7109,170.8984
59046256,170.5078,168.1641
59341488,174.5117,163.2813
59638196,171.8750,163.1836
59936388,176.0742,172.7539
60236072,165.3320,153.6133
60537256,173.5352,161.3281
60839944,179.1016,168.4570
61144144,192.9688,153.8086
61449868,204.1992,182.2266
61757120,182.0313,165.1367
62065908,200.5859,184.5703
62376240,188.2813,172.6563
62688124,252.7344,160.1563
63001568,178.3203,161.6211
63316576,193.6523,173.8281
63633160,174.3164,161.6211
63951328,183.2031,165.8203
64271088,171.5820,170.8984
64592444,191.3086,200.9766
64915408,185.3516,178.4180
65239988,179.3945,167.7734
65566188,208.3008,171.4844
65894020,189.9414,172.0703
66223492,179.3945,163.4766
66554612,179.3945,184.6680
66887388,193.2617,174.0234
