4,1.7578,1.6602
8,1.8555,5.1758
12,2.4414,7.6172
16,2.5391,9.1797
20,3.1250,9.6680
24,3.1250,12.8906
28,3.0273,13.2813
32,2.9297,13.6719
36,3.7109,14.6484
40,3.8086,14.9414
44,3.8086,14.7461
48,3.7109,16.2109
52,3.7109,16.6016
56,3.7109,18.2617
60,3.4180,18.2617
64,3.8086,18.9453
68,4.3945,19.1406
72,4.3945,21.7773
76,4.2969,19.3359
80,4.3945,19.1406
84,4.8828,19.0430
88,4.3945,19.3359
92,6.0547,20.8008
96,4.1992,20.0195
100,4.7852,20.3125
104,4.6875,21.6797
108,4.3945,21.9727
112,4.5898,21.8750
116,4.6875,22.0703
120,4.2969,22.5586
124,4.8828,22.2656
128,4.4922,23.3398
132,5.1758,23.1445
136,5.1758,23.0469
140,5.3711,22.2656
144,5.4688,23.3398
148,5.1758,23.3398
152,13.8672,25.0977
156,5.4688,22.7539
160,5.4688,23.3398
164,5.3711,24.0234
168,5.3711,24.3164
172,5.1758,23.9258
176,5.0781,22.4609
180,5.3711,24.6094
184,5.2734,24.1211
188,5.1758,23.7305
192,5.3711,23.4375
196,5.2734,26.5625
200,5.3711,24.4141
204,5.0781,24.8047
208,5.2734,25.0977
212,5.3711,25.7813
216,5.2734,24.9023
220,5.0781,25.7813
224,5.2734,25.3906
228,5.1758,25.3906
232,5.0781,25.0977
236,5.3711,26.4648
240,5.2734,25.9766
244,5.1758,25.8789
248,5.0781,26.6602
252,5.0781,26.7578
256,5.1758,26.3672
260,6.2500,27.3438
264,6.3477,26.8555
268,6.3477,27.2461
272,6.2500,26.5625
276,6.3477,26.9531
280,6.4453,27.0508
284,6.2500,27.3438
288,6.4453,27.4414
292,6.4453,26.4648
296,6.2500,27.2461
300,6.3477,27.4414
304,6.1523,27.0508
308,6.4453,26.8555
312,6.4453,26.9531
316,6.2500,27.1484
320,6.5430,27.1484
324,6.3477,28.6133
328,6.1523,27.2461
332,6.4453,27.3438
336,6.6406,27.5391
340,6.1523,26.6602
344,6.1523,27.2461
348,6.4453,27.0508
352,6.5430,27.4414
356,6.2500,27.4414
360,6.9336,27.5391
364,6.5430,27.0508
368,6.1523,27.7344
372,6.2500,26.6602
376,6.2500,27.5391
380,6.4453,27.7344
384,6.3477,27.2461
388,6.3477,29.2969
392,6.3477,28.3203
396,6.3477,27.9297
400,6.1523,28.1250
404,6.5430,28.3203
408,6.9336,28.0273
412,6.3477,28.2227
416,6.5430,27.8320
420,6.2500,28.0273
424,6.3477,28.5156
428,6.5430,28.6133
432,6.5430,28.1250
436,6.5430,28.5156
440,6.5430,28.5156
444,6.4453,29.1016
448,6.1523,31.2500
452,6.6406,30.1758
456,6.5430,29.5898
460,6.5430,29.6875
464,6.3477,29.7852
468,6.3477,30.0781
472,6.4453,29.3945
476,9.8633,33.4961
480,6.1523,29.7852
484,6.1523,29.4922
488,6.1523,29.3945
492,6.6406,29.2969
496,7.0313,30.3711
500,6.3477,29.8828
504,6.4453,29.6875
508,6.3477,34.0820
512,6.2500,30.6641
516,8.8867,30.3711
520,8.6914,30.6641
524,8.6914,30.3711
528,8.2031,30.3711
532,8.5938,30.2734
536,8.1055,30.4688
540,8.5938,29.9805
544,8.6914,30.2734
548,8.3984,30.7617
552,8.4961,31.3477
556,8.5938,31.1523
560,8.3984,30.2734
564,8.6914,30.4688
568,8.4961,30.3711
572,8.6914,30.8594
576,8.3008,31.0547
580,8.4961,30.5664
584,8.4961,30.8594
588,8.4961,30.8594
592,8.2031,30.5664
596,8.5938,30.9570
600,8.8867,30.9570
604,8.7891,30.2734
608,8.1055,30.9570
612,8.6914,30.6641
616,8.3008,31.0547
620,8.5938,30.6641
624,10.1563,30.9570
628,8.3008,30.9570
632,8.2031,30.6641
636,8.5938,30.6641
640,8.3008,31.1523
644,8.3984,31.2500
648,8.5938,31.1523
652,8.5938,30.7617
656,8.7891,30.1758
660,8.8867,31.3477
664,8.7891,30.9570
668,8.5938,30.5664
672,8.1055,32.0313
676,8.9844,31.1523
680,7.9102,32.2266
684,8.4961,31.0547
688,8.4961,30.7617
692,8.8867,31.3477
696,8.6914,31.5430
700,8.4961,31.2500
704,8.5938,30.6641
708,8.6914,30.5664
712,8.9844,31.1523
716,8.3984,31.8359
720,8.7891,30.7617
724,8.3984,31.0547
728,8.3008,31.2500
732,8.7891,31.6406
736,8.7891,32.7148
740,8.3008,31.5430
744,8.4961,31.5430
748,8.8867,31.0547
752,8.3984,31.3477
756,8.5938,31.6406
760,8.1055,31.4453
764,8.4961,31.6406
768,8.2031,32.0313
772,8.6914,31.3477
776,8.6914,31.2500
780,8.4961,31.9336
784,8.5938,31.8359
788,8.3984,31.5430
792,8.3984,31.9336
796,8.2031,32.0313
800,8.5938,31.3477
804,8.3008,31.1523
812,8.7891,32.0313
820,8.8867,32.2266
828,8.2031,32.2266
836,8.6914,31.9336
844,8.0078,32.9102
852,8.5938,32.2266
860,8.6914,32.8125
868,8.4961,33.2031
876,8.6914,33.0078
884,8.3984,32.9102
892,8.4961,32.5195
900,8.4961,32.6172
908,8.4961,32.9102
916,8.3008,33.2031
924,8.5938,33.6914
932,8.6914,34.0820
940,10.5469,33.3008
948,8.4961,33.1055
956,8.6914,33.8867
964,8.3984,33.6914
972,8.4961,33.6914
980,8.3984,33.5938
988,8.3984,33.3984
996,8.8867,33.6914
1004,8.5938,34.1797
1012,8.7891,33.3008
1020,8.5938,33.6914
1028,12.1094,33.9844
1036,11.4258,34.3750
1044,11.7188,33.7891
1052,11.1328,34.3750
1060,10.9375,33.8867
1068,11.8164,34.4727
1076,11.3281,34.4727
1084,11.1328,33.7891
1092,11.6211,34.0820
1100,10.5469,34.0820
1108,12.7930,34.2773
1116,11.5234,33.8867
1124,11.1328,33.9844
1132,11.6211,33.7891
1140,11.2305,34.5703
1148,11.6211,34.6680
1156,11.6211,34.9609
1164,10.6445,34.2773
1172,10.6445,34.8633
1180,11.0352,34.2773
1188,10.9375,34.5703
1196,11.7188,34.6680
1204,11.2305,34.3750
1212,13.5742,34.5703
1220,10.4492,34.4727
1228,11.3281,34.2773
1236,11.3281,34.5703
1244,11.5234,34.8633
1252,10.7422,34.1797
1260,11.4258,35.3516
1268,12.2070,34.5703
1276,11.6211,34.7656
1284,11.7188,34.6680
1292,11.0352,34.9609
1300,11.6211,34.3750
1308,11.3281,34.3750
1316,14.2578,35.3516
1324,12.1094,34.9609
1332,11.5234,35.3516
1340,10.9375,35.6445
1348,11.3281,35.0586
1356,11.2305,35.0586
1364,11.2305,34.4727
1372,11.1328,34.9609
1380,11.1328,35.1563
1388,11.5234,35.3516
1396,11.4258,35.3516
1404,11.5234,34.6680
1412,11.8164,35.3516
1420,11.7188,34.9609
1428,12.4023,35.1563
1436,11.0352,35.7422
1444,11.5234,34.7656
1452,11.1328,35.7422
1460,11.9141,34.9609
1468,11.1328,35.3516
1476,10.9375,36.3281
1484,11.0352,36.0352
1492,11.7188,35.7422
1500,11.3281,35.6445
1508,11.4258,35.1563
1516,11.8164,37.0117
1524,11.3281,35.1563
1532,12.1094,35.6445
1540,12.0117,34.6680
1548,11.6211,34.7656
1556,9.8633,35.1563
1564,10.9375,35.7422
1572,11.6211,35.3516
1580,11.4258,35.0586
1588,11.4258,35.4492
1596,11.6211,35.2539
1604,11.7188,36.0352
1616,11.2305,35.4492
1628,11.5234,37.5977
1640,11.4258,36.5234
1652,10.8398,36.0352
1664,11.6211,38.5742
1676,9.0820,36.4258
1688,10.7422,35.8398
1700,11.6211,36.0352
1712,11.2305,35.6445
1724,11.8164,35.7422
1736,11.2305,36.2305
1748,10.7422,37.5000
1760,11.6211,36.2305
1772,11.3281,37.1094
1784,12.2070,36.3281
1796,11.0352,35.9375
1808,11.2305,35.9375
1820,11.4258,36.8164
1832,11.8164,35.5469
1844,10.9375,36.3281
1856,11.6211,36.8164
1868,11.2305,36.9141
1880,11.6211,37.1094
1892,11.5234,36.2305
1904,11.5234,36.9141
1916,10.9375,36.4258
1928,11.5234,38.6719
1940,10.9375,36.9141
1952,11.4258,37.4023
1964,11.3281,36.1328
1976,11.2305,37.6953
1988,11.2305,36.5234
2000,11.2305,36.4258
2012,12.0117,37.6953
2024,11.7188,37.1094
2036,11.6211,37.5000
2048,11.2305,37.3047
2060,14.9414,37.8906
2072,14.4531,37.9883
2084,14.0625,37.5977
2096,14.7461,36.7188
2108,14.8438,37.6953
2120,14.6484,37.1094
2132,14.0625,37.4023
2144,13.8672,37.4023
2156,14.5508,37.9883
2168,14.9414,36.9141
2180,14.3555,38.1836
2192,14.7461,37.6953
2204,14.2578,37.0117
2216,14.5508,37.6953
2228,15.1367,37.7930
2240,14.6484,37.5977
2252,14.4531,36.4258
2264,14.4531,37.2070
2276,14.4531,37.7930
2288,15.0391,37.9883
2300,14.6484,37.4023
2312,14.9414,37.2070
2324,14.9414,37.8906
2336,14.3555,38.0859
2348,14.0625,38.1836
2360,14.5508,37.4023
2372,14.7461,37.2070
2384,15.0391,38.2813
2396,14.3555,38.7695
2408,14.8438,37.5000
2424,14.8438,38.0859
2440,14.9414,37.8906
2456,14.5508,39.0625
2472,14.0625,37.8906
2488,14.6484,37.3047
2504,14.4531,38.3789
2520,14.9414,38.3789
2536,14.8438,41.5039
2552,14.6484,38.5742
2568,14.7461,37.9883
2584,14.4531,38.9648
2600,14.4531,38.4766
2616,14.4531,38.5742
2632,14.2578,38.4766
2648,14.3555,38.0859
2664,14.8438,38.7695
2680,14.2578,38.4766
2696,14.0625,38.8672
2712,14.8438,38.3789
2728,14.5508,40.5273
2744,14.4531,38.2813
2760,14.2578,39.0625
2776,14.9414,38.7695
2792,14.7461,38.7695
2808,15.1367,38.5742
2824,14.4531,38.7695
2840,14.3555,38.8672
2856,14.4531,39.3555
2872,14.8438,38.7695
2888,14.1602,39.1602
2904,15.3320,38.3789
2920,14.0625,38.6719
2936,14.2578,39.0625
2952,14.8438,39.1602
2968,14.1602,38.5742
2984,14.0625,39.4531
3000,14.6484,37.7930
3016,14.3555,39.5508
3032,14.9414,38.8672
3048,14.3555,39.0625
3064,14.6484,39.9414
3080,14.4531,39.3555
3096,15.4297,41.6016
3112,14.3555,38.9648
3128,14.5508,39.6484
3144,14.5508,39.8438
3160,13.6719,39.8438
3176,14.3555,39.7461
3192,14.4531,39.8438
3208,14.7461,39.7461
3228,13.8672,38.6719
3248,14.1602,39.9414
3268,14.0625,39.1602
3288,14.6484,39.3555
3308,14.1602,39.2578
3328,15.4297,39.6484
3348,14.2578,39.6484
3368,14.2578,39.8438
3388,14.8438,39.1602
3408,14.4531,39.8438
3428,14.3555,39.9414
3448,14.4531,39.8438
3468,14.5508,39.1602
3488,15.0391,39.1602
3508,14.5508,38.9648
3528,14.8438,42.0898
3548,14.8438,40.0391
3568,14.3555,40.6250
3588,14.3555,40.0391
3608,15.2344,40.3320
3628,14.9414,39.8438
3648,14.7461,40.5273
3668,14.1602,40.2344
3688,14.4531,40.2344
3708,14.6484,40.7227
3728,15.0391,40.1367
3748,14.7461,40.2344
3768,14.9414,42.1875
3788,14.4531,39.8438
3808,14.1602,41.1133
3828,14.7461,40.9180
3848,14.3555,41.0156
3868,14.5508,40.5273
3888,14.2578,41.0156
3908,14.4531,40.7227
3928,14.4531,40.7227
3948,14.2578,40.8203
3968,14.6484,41.1133
3988,20.9961,41.5039
4008,14.7461,41.4063
4032,14.2578,41.2109
4056,14.1602,40.5273
4080,14.0625,41.3086
4104,17.8711,41.3086
4128,18.1641,41.6016
4152,18.0664,41.0156
4176,18.0664,41.2109
4200,17.4805,40.7227
4224,17.5781,40.9180
4248,18.4570,40.8203
4272,17.2852,41.4063
4296,23.6328,43.1641
4320,18.1641,40.6250
4344,17.6758,40.6250
4368,17.6758,41.3086
4392,17.7734,41.6016
4416,17.4805,41.0156
4440,18.0664,41.6016
4464,17.4805,41.6992
4488,17.8711,42.8711
4512,18.1641,41.6016
4536,18.2617,40.8203
4560,17.6758,40.1367
4584,17.8711,41.0156
4608,17.5781,41.4063
4632,17.7734,40.9180
4656,17.5781,41.2109
4680,18.0664,41.7969
4704,17.7734,41.9922
4728,17.3828,41.7969
4752,17.7734,42.7734
4776,17.9688,42.0898
4800,18.2617,42.2852
4824,17.6758,41.8945
4852,17.7734,41.9922
4880,17.2852,41.6992
4908,17.8711,42.0898
4936,17.3828,41.5039
4964,17.6758,41.7969
4992,17.7734,41.4063
5020,16.6992,41.4063
5048,17.1875,43.0664
5076,18.2617,42.4805
5104,17.3828,41.4063
5132,17.6758,42.4805
5160,17.9688,41.8945
5188,18.2617,42.4805
5216,17.1875,42.5781
5244,17.8711,42.2852
5272,17.6758,42.1875
5300,17.5781,41.3086
5328,17.6758,42.2852
5356,19.5313,42.2852
5384,17.9688,42.6758
5412,18.2617,42.2852
5440,17.9688,42.0898
5468,18.1641,42.0898
5496,18.3594,42.3828
5524,17.8711,41.4063
5552,16.6992,42.7734
5580,17.8711,41.9922
5608,17.8711,42.2852
5640,17.2852,41.6016
5672,17.1875,41.9922
5704,17.5781,41.5039
5736,18.0664,42.2852
5768,17.8711,42.4805
5800,17.3828,42.6758
5832,17.6758,41.0156
5864,17.5781,43.3594
5896,17.3828,42.6758
5928,17.7734,42.3828
5960,17.3828,42.4805
5992,17.1875,43.9453
6024,18.5547,42.9688
6056,17.6758,42.0898
6088,17.8711,42.5781
6120,18.7500,43.0664
6152,18.0664,42.4805
6184,18.1641,43.0664
6216,17.0898,43.4570
6248,18.0664,42.5781
6280,17.9688,42.7734
6312,17.7734,43.3594
6344,17.0898,53.0273
6376,18.8477,48.1445
6408,17.8711,43.0664
6444,18.6523,42.7734
6480,17.6758,42.0898
6516,17.3828,42.5781
6552,18.1641,43.0664
6588,18.0664,43.2617
6624,17.0898,43.0664
6660,18.4570,42.6758
6696,17.6758,42.6758
6732,17.6758,43.9453
6768,17.9688,43.2617
6804,17.2852,42.9688
6840,17.9688,42.9688
6876,17.4805,42.9688
6912,18.2617,43.2617
6948,16.9922,43.2617
6984,17.2852,43.2617
7020,17.7734,43.7500
7056,17.9688,43.3594
7092,17.5781,45.2148
7128,18.3594,43.3594
7164,18.0664,43.9453
7200,17.6758,43.5547
7236,16.9922,44.0430
7276,17.2852,44.6289
7316,17.8711,43.0664
7356,18.1641,43.0664
7396,17.5781,43.9453
7436,17.8711,43.4570
7476,17.6758,44.7266
7516,17.5781,43.4570
7556,18.2617,43.8477
7596,17.9688,44.4336
7636,17.5781,44.1406
7676,18.0664,44.0430
7716,16.7969,43.6523
7756,17.6758,44.0430
7796,16.8945,44.1406
7836,17.2852,44.0430
7876,17.3828,44.0430
7916,18.0664,45.7031
7956,18.3594,44.2383
7996,17.4805,44.7266
8036,18.3594,44.2383
8080,17.6758,44.0430
8124,18.3594,44.5313
8168,18.2617,43.8477
8212,20.8984,44.2383
8256,20.7031,44.3359
8300,20.6055,44.1406
8344,23.5352,44.4336
8388,21.3867,45.5078
8432,21.0938,44.8242
8476,20.4102,43.4570
8520,21.2891,44.2383
8564,20.8008,44.5313
8608,20.5078,44.1406
8652,20.6055,44.4336
8696,20.8984,44.1406
8740,20.4102,45.3125
8784,22.4609,44.8242
8828,21.6797,45.0195
8876,20.7031,45.1172
8924,21.2891,45.5078
8972,21.0938,44.2383
9020,20.7031,45.3125
9068,21.5820,44.0430
9116,20.4102,45.1172
9164,21.5820,45.1172
9212,21.2891,45.3125
9260,24.2188,59.2773
9308,26.5625,44.9219
9356,20.8984,45.2148
9404,20.8008,45.7031
9452,20.7031,45.9961
9500,21.1914,45.6055
9548,21.7773,45.6055
9596,21.6797,45.1172
9644,21.6797,44.8242
9696,21.2891,52.4414
9748,20.8008,44.4336
9800,20.8984,44.8242
9852,20.8984,45.8984
9904,20.4102,44.6289
9956,21.1914,45.1172
10008,20.8984,45.2148
10060,21.0938,45.4102
10112,21.2891,45.3125
10164,21.0938,45.8984
10216,20.8008,47.6563
10268,20.7031,44.9219
10320,20.9961,45.1172
10372,21.1914,45.1172
10424,21.3867,45.2148
10480,21.1914,45.4102
10536,20.8984,45.8984
10592,20.7031,45.7031
10648,20.9961,45.8984
10704,20.8984,45.1172
10760,20.8984,48.1445
10816,20.6055,45.7031
10872,20.4102,45.5078
10928,20.8984,46.2891
10984,20.8008,45.1172
11040,20.8984,44.6289
11096,20.8984,45.5078
11152,21.3867,44.8242
11208,20.3125,46.5820
11268,21.4844,45.8984
11328,21.1914,48.0469
11388,21.9727,46.4844
11448,21.1914,45.3125
11508,20.8008,45.9961
11568,21.0938,46.2891
11628,20.8008,45.1172
11688,20.9961,45.8008
11748,20.8008,46.5820
11808,21.3867,46.5820
11868,21.4844,45.5078
11928,20.8984,45.5078
11988,21.0938,45.7031
12048,20.8008,46.4844
12112,21.2891,46.2891
12176,20.6055,45.8984
12240,21.0938,46.8750
12304,21.7773,45.8008
12368,20.8984,45.8984
12432,21.2891,46.6797
12496,21.5820,46.8750
12560,22.4609,47.1680
12624,20.8984,46.2891
12688,20.4102,46.0938
12752,21.1914,46.1914
12816,20.3125,46.0938
12884,20.8984,46.4844
12952,20.5078,45.9961
13020,21.2891,46.5820
13088,20.4102,46.3867
13156,20.9961,50.3906
13224,21.7773,45.8008
13292,21.4844,45.9961
13360,21.5820,46.3867
13428,20.9961,47.2656
13496,20.7031,47.5586
13564,21.1914,46.5820
13632,20.7031,46.0938
13704,21.2891,45.8008
13776,21.2891,46.4844
13848,20.9961,51.2695
13920,21.2891,46.9727
13992,20.7031,46.7773
14064,20.8008,46.4844
14136,21.5820,47.4609
14208,20.9961,47.1680
14280,21.1914,47.1680
14352,20.9961,47.4609
14424,21.1914,46.9727
14500,21.1914,47.8516
14576,21.4844,49.1211
14652,21.2891,46.9727
14728,21.0938,47.2656
14804,20.8984,46.7773
14880,20.8984,47.6563
14956,21.3867,46.7773
15032,20.8984,47.0703
15108,20.5078,47.0703
15184,21.1914,46.5820
15260,21.0938,46.9727
15340,21.2891,47.2656
15420,20.0195,46.5820
15500,21.1914,47.8516
15580,20.3125,47.6563
15660,20.8008,47.2656
15740,20.3125,47.6563
15820,20.5078,47.6563
15900,21.2891,46.6797
15980,20.8008,47.5586
16060,20.8984,47.7539
16144,21.1914,46.8750
16228,20.8984,47.4609
16312,20.8008,47.6563
16396,24.6094,46.9727
16480,24.1211,47.4609
16564,24.0234,47.5586
16648,24.7070,48.1445
16732,24.0234,47.2656
16816,24.7070,48.0469
16904,24.5117,48.8281
16992,24.8047,48.5352
17080,24.5117,49.2188
17168,23.9258,48.7305
17256,25.0977,47.6563
17344,24.8047,47.7539
17432,24.3164,48.6328
17520,24.0234,47.1680
17608,24.9023,48.1445
17700,24.2188,47.6563
17792,24.7070,48.6328
17884,24.3164,48.0469
17976,24.3164,48.3398
18068,24.5117,47.8516
18160,24.5117,48.0469
18252,24.7070,47.8516
18344,24.4141,48.8281
18436,23.9258,47.9492
18532,26.5625,50.0977
18628,25.1953,50.9766
18724,24.6094,47.9492
18820,24.9023,48.1445
18916,24.6094,48.6328
19012,23.5352,48.5352
19108,25.0000,49.3164
19204,24.5117,48.2422
19304,24.8047,48.2422
19404,25.2930,48.7305
19504,26.2695,48.7305
19604,25.4883,48.9258
19704,24.9023,48.6328
19804,24.5117,48.6328
19904,24.7070,48.5352
20004,24.5117,49.3164
20108,25.0000,49.1211
20212,24.7070,48.5352
20316,24.4141,49.1211
20420,24.5117,51.5625
20524,24.5117,49.0234
20628,24.2188,49.5117
20732,24.8047,48.7305
20836,24.9023,49.0234
20944,24.7070,49.0234
21052,24.8047,49.4141
21160,24.7070,49.4141
21268,25.4883,48.9258
21376,25.0000,49.6094
21484,24.7070,49.4141
21592,24.7070,48.7305
21700,24.7070,49.4141
21812,24.2188,48.7305
21924,24.4141,49.4141
22036,23.9258,48.2422
22148,24.6094,49.7070
22260,24.9023,49.7070
22372,24.5117,51.3672
22484,24.1211,49.8047
22600,23.9258,49.0234
22716,24.7070,50.0977
22832,24.6094,49.4141
22948,24.8047,49.1211
23064,24.5117,49.8047
23180,25.4883,49.5117
23296,24.6094,49.2188
23416,24.9023,49.3164
23536,24.6094,49.6094
23656,24.4141,48.6328
23776,24.5117,50.0000
23896,24.5117,50.0000
24016,25.2930,49.3164
24140,24.8047,49.6094
24264,25.1953,50.4883
24388,24.1211,50.3906
24512,24.8047,51.3672
24636,24.7070,50.0977
24760,25.0000,49.6094
24884,24.4141,49.6094
25012,25.0000,49.9023
25140,24.9023,50.1953
25268,25.0000,49.6094
25396,25.0000,50.6836
25524,24.6094,49.8047
25652,24.9023,50.8789
25784,26.7578,50.2930
25916,24.8047,50.0977
26048,24.5117,50.1953
26180,24.6094,50.2930
26312,24.9023,49.5117
26444,24.5117,49.9023
26580,24.4141,50.4883
26716,24.4141,50.0000
26852,24.5117,49.9023
26988,24.2188,50.0977
27124,24.6094,49.7070
27260,23.9258,49.7070
27400,24.2188,50.5859
27540,24.6094,50.3906
27680,24.8047,49.9023
27820,24.8047,50.3906
27960,24.4141,51.0742
28100,24.2188,51.5625
28244,25.0000,48.9258
28388,25.1953,50.1953
28532,25.0000,50.3906
28676,25.0977,50.7813
28820,24.4141,50.7813
28968,24.4141,50.3906
29116,24.3164,50.0000
29264,24.9023,50.9766
29412,24.5117,50.3906
29560,24.2188,50.8789
29708,24.8047,52.2461
29860,24.8047,50.1953
30012,24.7070,50.8789
30164,24.9023,50.8789
30316,24.1211,50.3906
30468,24.4141,50.6836
30624,24.5117,51.2695
30780,24.6094,50.1953
30936,25.4883,50.9766
31092,25.0977,51.3672
31248,25.3906,51.3672
31408,24.4141,50.9766
31568,24.3164,51.3672
31728,24.7070,50.8789
31888,24.9023,51.1719
32048,24.3164,51.9531
32212,24.9023,51.2695
32376,24.5117,51.1719
32540,24.7070,51.3672
32704,24.6094,51.4648
32868,28.8086,51.3672
33036,28.8086,51.2695
33204,29.1016,51.6602
33372,28.4180,51.6602
33540,28.6133,50.6836
33708,28.6133,52.3438
33880,28.2227,51.4648
34052,28.2227,52.3438
34224,28.9063,51.4648
34396,27.8320,52.5391
34568,27.4414,51.1719
34744,27.9297,51.9531
34920,30.9570,52.6367
35096,27.9297,51.9531
35272,29.9805,52.4414
35452,28.2227,52.3438
35632,27.4414,51.5625
35812,28.8086,51.2695
35992,28.1250,52.3438
36172,28.5156,51.4648
36356,27.7344,51.8555
36540,28.8086,52.1484
36724,27.9297,54.3945
36908,28.5156,51.8555
37096,28.3203,52.2461
37284,28.2227,52.1484
37472,28.1250,53.3203
37660,28.3203,52.8320
37852,27.8320,52.5391
38044,28.1250,51.8555
38236,28.1250,52.8320
38428,27.3438,53.3203
38624,29.0039,52.6367
38820,27.5391,52.6367
39016,28.3203,53.2227
39212,27.3438,52.6367
39412,28.1250,52.9297
39612,28.0273,52.6367
39812,28.1250,53.3203
40012,27.3438,52.8320
40216,28.7109,53.5156
40420,28.3203,52.8320
40624,27.9297,53.0273
40828,28.0273,53.1250
41036,28.0273,53.6133
41244,28.4180,54.8828
41452,27.5391,53.5156
41660,27.8320,53.5156
41872,31.1523,55.1758
42084,28.1250,54.1992
42296,28.1250,53.4180
42508,28.3203,53.1250
42724,28.6133,53.1250
42940,28.6133,53.1250
43156,28.3203,53.5156
43372,27.4414,52.9297
43592,28.2227,55.7617
43812,28.0273,53.6133
44032,28.5156,53.9063
44256,28.8086,53.7109
44480,29.0039,53.5156
44704,28.8086,53.9063
44928,28.3203,54.2969
45156,28.3203,53.5156
45384,27.9297,54.2969
45612,30.0781,53.6133
45844,27.8320,53.3203
46076,28.3203,54.0039
46308,28.3203,54.3945
46540,28.2227,52.8320
46776,27.9297,54.0039
47012,30.5664,53.6133
47248,28.4180,53.5156
47488,28.2227,54.1016
47728,28.5156,55.0781
47968,28.6133,54.0039
48208,27.2461,54.4922
48452,29.1016,54.1016
48696,27.9297,54.2969
48940,28.4180,53.9063
49188,28.1250,55.5664
49436,28.0273,54.1992
49684,28.7109,54.4922
49936,29.3945,54.3945
50188,29.1016,54.0039
50440,27.9297,54.5898
50696,28.9063,55.7617
50952,29.3945,54.3945
51208,28.3203,54.0039
51468,27.9297,54.8828
51728,29.8828,54.8828
51988,27.6367,55.1758
52248,28.6133,53.9063
52512,27.7344,54.7852
52776,28.1250,54.6875
53040,28.8086,53.6133
53308,27.6367,54.4922
53576,27.5391,55.7617
53844,28.0273,57.9102
54116,27.6367,55.0781
54388,28.5156,54.0039
54660,28.9063,55.1758
54936,28.3203,55.2734
55212,28.3203,56.2500
55492,28.4180,54.9805
55772,28.3203,54.5898
56052,28.3203,54.1992
56336,28.2227,54.9805
56620,28.2227,55.4688
56904,28.5156,55.1758
57192,28.0273,55.4688
57480,28.2227,54.6875
57768,27.3438,55.6641
58060,28.6133,55.9570
58352,28.9063,56.0547
58644,30.0781,55.7617
58940,28.5156,55.8594
59236,29.0039,56.5430
59536,29.1016,55.8594
59836,28.9063,54.9805
60136,28.9063,55.9570
60440,29.1016,55.7617
60744,28.7109,55.6641
61048,30.6641,55.1758
61356,28.6133,55.7617
61664,29.4922,56.7383
61976,27.5391,55.4688
62288,29.8828,56.7383
62600,31.8359,61.8164
62916,28.2227,56.8359
63232,27.3438,55.8594
63552,28.6133,56.8359
63872,28.5156,56.5430
64192,28.6133,56.3477
64516,28.5156,56.8359
64840,28.6133,56.6406
65168,28.0273,56.7383
65496,30.1758,58.5938
65824,33.5938,57.2266
66156,34.9609,55.9570
66488,32.5195,56.1523
66824,32.5195,56.5430
67160,32.7148,56.5430
67496,31.6406,56.3477
67836,33.3008,57.4219
68176,31.5430,56.8359
68520,32.4219,57.9102
68864,32.4219,56.3477
69212,31.8359,56.7383
69560,31.8359,57.0313
69908,33.1055,58.7891
70260,32.0313,56.0547
70612,32.3242,56.6406
70968,31.8359,57.2266
71324,31.4453,56.8359
71684,31.9336,57.0313
72044,31.7383,57.8125
72408,32.9102,57.7148
72772,32.0313,57.7148
73136,32.2266,57.7148
73504,32.3242,56.9336
73872,32.0313,57.7148
74244,31.5430,60.1563
74616,31.8359,57.6172
74992,32.0313,57.7148
75368,31.8359,57.6172
75748,31.8359,57.3242
76128,32.0313,57.6172
76512,31.1523,56.6406
76896,32.3242,58.0078
77284,32.4219,58.5938
77672,33.0078,58.0078
78064,31.8359,57.7148
78456,32.0313,57.1289
78852,32.8125,57.0313
79248,32.3242,58.0078
79648,32.1289,57.2266
80048,32.0313,56.9336
80452,31.1523,69.9219
80856,33.1055,58.2031
81264,32.6172,57.4219
81672,32.0313,58.5938
82084,32.2266,58.9844
82496,42.0898,70.4102
82912,41.1133,62.3047
83328,32.5195,66.9922
83748,31.9336,58.4961
84168,32.3242,57.6172
84592,32.8125,57.7148
85016,32.3242,58.2031
85444,31.9336,58.0078
85872,32.4219,58.8867
86304,32.0313,57.7148
86736,33.3008,58.5938
87172,32.2266,58.4961
87608,32.5195,59.4727
88048,32.3242,58.1055
88492,32.8125,57.9102
88936,31.9336,57.9102
89384,32.3242,58.3984
89832,32.1289,60.8398
90284,31.5430,58.5938
90736,31.9336,58.6914
91192,33.3008,59.7656
91648,31.4453,58.4961
92108,32.2266,59.0820
92572,32.3242,59.0820
93036,31.7383,60.0586
93504,34.3750,58.2031
93972,32.6172,59.3750
94444,32.3242,59.5703
94920,32.0313,58.0078
95396,33.5938,59.8633
95876,32.5195,59.4727
96356,32.2266,59.2773
96840,32.2266,59.1797
97328,32.4219,59.7656
97816,32.1289,59.1797
98308,32.3242,59.9609
98800,32.2266,58.3008
99296,32.9102,59.1797
99796,33.2031,59.4727
100296,31.8359,59.7656
100800,31.8359,61.7188
101304,32.2266,58.3008
101812,32.1289,59.4727
102324,32.8125,58.8867
102836,32.7148,59.4727
103352,32.2266,59.6680
103872,32.1289,58.9844
104392,32.4219,60.0586
104916,36.1328,61.1328
105444,32.1289,59.6680
105972,32.0313,59.7656
106504,32.9102,58.7891
107040,32.8125,59.9609
107576,32.2266,60.4492
108116,31.8359,58.6914
108660,32.1289,61.1328
109204,32.8125,61.3281
109752,32.6172,61.0352
110304,33.0078,59.9609
110856,31.7383,61.0352
111412,31.7383,60.5469
111972,32.7148,59.7656
112532,32.9102,59.4727
113096,32.1289,60.9375
113664,32.3242,60.2539
114236,32.3242,59.5703
114808,32.6172,60.1563
115384,32.5195,59.9609
115964,32.0313,60.2539
116544,33.5938,62.6953
117128,31.9336,60.6445
117716,32.3242,59.2773
118308,31.7383,59.7656
118900,32.3242,60.7422
119496,31.8359,60.3516
120096,31.7383,60.0586
120700,32.3242,60.6445
121304,32.8125,61.3281
121912,31.9336,62.4023
122524,32.6172,60.4492
123140,32.3242,61.3281
123756,32.5195,60.1563
124376,32.4219,60.8398
125000,32.7148,61.3281
125628,32.1289,60.9375
126260,32.5195,60.4492
126892,32.8125,61.8164
127528,31.8359,60.5469
128168,32.8125,60.8398
128812,32.0313,60.9375
129460,32.0313,61.3281
130108,32.6172,61.7188
130760,32.3242,61.2305
131416,38.6719,67.9688
132076,37.5977,61.8164
132740,36.9141,61.6211
133404,37.6953,62.1094
134072,36.6211,62.5000
134744,36.7188,60.8398
135420,36.2305,61.1328
136100,36.9141,63.4766
136784,37.5977,62.5000
137468,36.6211,61.3281
138156,36.7188,61.8164
138848,36.7188,61.8164
139544,36.7188,61.6211
140244,36.9141,61.5234
140948,35.8398,64.0625
141656,35.7422,61.1328
142368,36.7188,61.9141
143080,36.4258,62.1094
143796,36.9141,61.6211
144516,36.5234,62.9883
145240,37.4023,62.4023
145968,36.6211,74.1211
146700,37.7930,62.4023
147436,37.5000,61.9141
148176,37.3047,62.5977
148920,36.6211,62.7930
149668,37.3047,63.2813
150420,36.9141,61.4258
151176,36.0352,65.8203
151932,36.7188,61.8164
152692,36.9141,62.7930
153456,36.8164,62.7930
154224,36.9141,64.2578
154996,36.9141,62.4023
155772,35.5469,62.4023
156552,36.4258,64.0625
157336,36.4258,62.6953
158124,35.8398,62.7930
158916,37.4023,62.8906
159712,36.5234,62.9883
160512,36.6211,62.7930
161316,37.9883,64.4531
162124,37.0117,63.4766
162936,37.1094,63.2813
163752,36.6211,62.8906
164572,36.7188,62.2070
165396,36.2305,63.5742
166224,37.2070,62.9883
167056,36.5234,62.6953
167892,36.2305,66.9922
168732,35.8398,62.5977
169576,36.6211,63.8672
170424,36.5234,63.3789
171280,35.9375,62.1094
172140,37.1094,63.7695
173004,36.1328,63.0859
173872,36.9141,65.1367
174744,40.0391,66.1133
175620,36.3281,62.8906
176500,36.4258,70.0195
177384,36.9141,62.8906
178272,36.7188,63.5742
179164,36.0352,63.8672
180060,36.3281,65.7227
180964,36.1328,62.3047
181872,36.2305,63.1836
182784,37.3047,63.4766
183700,35.8398,62.7930
184620,36.1328,63.5742
185544,37.6953,63.7695
186472,36.7188,64.8438
187408,36.5234,63.5742
188348,36.6211,63.5742
189292,36.2305,63.0859
190240,36.7188,63.9648
191192,36.5234,64.0625
192148,36.6211,63.1836
193112,36.8164,65.2344
194080,36.4258,64.6484
195052,37.6953,64.3555
196028,35.6445,64.3555
197012,37.2070,63.5742
198000,36.8164,64.3555
198992,36.4258,64.1602
199988,36.5234,65.4297
200988,36.4258,63.6719
201996,37.5977,63.9648
203008,36.5234,64.2578
204024,36.8164,65.1367
205048,36.1328,64.2578
206076,36.8164,64.2578
207108,36.8164,66.3086
208144,36.0352,64.3555
209188,36.2305,64.9414
210236,37.1094,64.4531
211288,37.7930,64.7461
212348,37.0117,64.3555
213412,36.9141,64.7461
214480,37.3047,64.7461
215556,36.1328,65.4297
216636,36.7188,65.1367
217720,37.2070,65.8203
218812,36.4258,64.2578
219908,36.8164,64.7461
221008,37.0117,67.2852
222116,36.6211,64.6484
223228,36.9141,65.9180
224348,37.5000,66.2109
225472,36.4258,65.2344
226600,37.0117,65.3320
227736,37.3047,64.6484
228876,36.4258,67.2852
230024,37.2070,65.1367
231176,37.1094,65.2344
232332,37.8906,65.5273
233496,36.5234,65.1367
234664,37.8906,65.4297
235840,36.4258,65.7227
237020,37.5977,67.2852
238208,37.1094,65.5273
239400,37.6953,64.9414
240600,36.7188,66.0156
241804,37.0117,66.4063
243016,37.0117,65.9180
244232,36.6211,65.5273
245456,38.7695,66.5039
246684,38.3789,66.6992
247920,37.3047,66.4063
249160,37.2070,66.6992
250408,37.0117,65.4297
251664,38.6719,65.2344
252924,37.2070,66.3086
254192,41.2109,66.7969
255464,37.1094,65.8203
256744,37.4023,66.9922
258028,35.8398,66.4063
259320,37.6953,66.1133
260620,37.3047,66.8945
261924,38.8672,70.3125
263236,45.6055,66.9922
264556,43.2617,66.0156
265880,43.6523,66.6016
267212,42.7734,66.5039
268552,42.1875,67.4805
269896,42.5781,66.7969
271248,44.2383,68.0664
272608,42.0898,66.1133
273972,41.6992,66.7969
275344,41.8945,67.1875
276724,42.0898,67.3828
278108,41.9922,67.0898
279500,42.2852,72.1680
280900,41.6016,68.5547
282308,44.7266,81.2500
283720,42.4805,67.8711
285140,42.5781,67.5781
286568,42.1875,67.2852
288004,42.1875,68.6523
289448,43.2617,67.2852
290896,42.0898,67.0898
292352,41.7969,66.3086
293816,42.1875,66.9922
295288,42.3828,67.4805
296768,43.9453,67.5781
298252,44.1406,67.1875
299744,42.8711,68.9453
301244,42.1875,67.9688
302752,41.7969,67.3828
304268,41.9922,68.5547
305792,42.1875,69.4336
307324,42.7734,69.6289
308864,42.7734,67.7734
310412,41.4063,68.2617
311968,41.5039,68.2617
313528,43.1641,67.9688
315096,42.3828,68.7500
316672,42.3828,71.1914
318256,41.7969,68.6523
319848,41.8945,69.0430
321448,42.7734,68.7500
323056,42.5781,67.6758
324672,42.3828,69.4336
326296,43.0664,68.9453
327928,41.9922,68.4570
329568,43.0664,68.9453
331216,43.1641,70.2148
332876,42.1875,70.3125
334544,43.0664,69.1406
336220,41.7969,69.9219
337904,43.4570,69.8242
339596,42.0898,70.0195
341296,42.5781,70.7031
343004,42.6758,70.1172
344720,43.4570,70.0195
346444,42.4805,69.1406
348180,42.0898,72.7539
349924,43.0664,71.2891
351676,44.4336,70.7031
353436,43.0664,71.5820
355204,43.1641,70.7031
356984,43.8477,70.4102
358772,42.3828,73.2422
360568,43.6523,70.5078
362372,42.8711,70.7031
364184,42.5781,71.3867
366008,43.5547,70.8984
367840,43.2617,71.0938
369680,43.2617,73.6328
371532,42.1875,70.5078
373392,42.8711,71.5820
375260,42.9688,70.6055
377140,43.0664,72.0703
379028,43.1641,71.3867
380924,42.4805,73.8281
382832,42.9688,71.1914
384748,43.5547,71.4844
386672,43.0664,70.9961
388608,43.2617,70.8984
390552,42.5781,71.7773
392508,43.6523,73.8281
394472,43.3594,71.0938
396448,43.3594,71.8750
398432,43.8477,72.5586
400428,43.1641,71.7773
402432,43.8477,72.2656
404448,43.5547,74.6094
406472,43.2617,71.8750
408508,43.3594,71.6797
410552,43.3594,72.5586
412608,42.8711,71.1914
414672,43.1641,72.8516
416748,43.7500,90.5273
418832,45.8008,72.9492
420928,44.7266,74.1211
423036,43.6523,73.8281
425152,45.1172,73.0469
427280,45.2148,73.5352
429420,55.1758,73.1445
431568,52.9297,75.9766
433728,44.0430,72.7539
435900,43.7500,73.3398
438080,43.9453,73.3398
440272,43.1641,72.8516
442476,44.2383,72.9492
444692,43.5547,73.7305
446916,43.7500,74.4141
449152,43.9453,74.0234
451400,44.3359,72.9492
453660,44.1406,74.2188
455932,44.5313,73.8281
458212,44.8242,74.4141
460504,43.8477,73.4375
462808,43.9453,74.6094
465124,43.6523,75.6836
467452,44.2383,75.3906
469792,44.4336,72.6563
472144,44.3359,75.5859
474508,49.9023,73.5352
476884,45.2148,74.5117
479272,44.3359,77.1484
481672,44.4336,73.0469
484084,43.2617,74.6094
486508,43.7500,74.0234
488944,43.3594,75.0977
491392,44.2383,74.4141
493852,45.3125,75.6836
496324,44.1406,75.1953
498808,44.7266,74.4141
501304,43.9453,73.4375
503812,44.4336,74.6094
506332,45.2148,75.4883
508864,46.8750,75.5859
511412,44.3359,73.8281
513972,44.5313,74.9023
516544,44.9219,74.2188
519128,44.0430,74.2188
521724,44.8242,76.8555
524336,61.9141,85.9375
526960,52.1484,75.0000
529596,51.0742,74.9023
532244,50.3906,75.0977
534908,50.6836,76.4648
537584,52.4414,75.9766
540272,49.7070,76.3672
542976,50.5859,76.1719
545692,50.5859,75.4883
548424,50.3906,76.3672
551168,50.2930,79.5898
553924,50.3906,76.7578
556696,49.3164,75.9766
559480,51.8555,75.6836
562280,49.7070,75.6836
565092,50.4883,77.0508
567920,50.8789,77.0508
570760,50.3906,76.3672
573616,50.1953,77.7344
576488,50.1953,76.5625
579372,50.0000,76.8555
582272,50.5859,79.3945
585184,51.3672,77.6367
588112,51.1719,77.7344
591056,51.4648,77.5391
594012,50.3906,79.1992
596984,50.6836,79.3945
599972,50.8789,77.3438
602972,51.1719,78.6133
605988,51.0742,77.0508
609020,50.9766,77.0508
612068,50.4883,78.2227
615132,52.3438,77.2461
618208,50.5859,78.2227
621300,51.6602,79.1992
624408,50.4883,77.3438
627532,51.4648,78.4180
630672,50.0977,107.8125
633828,52.7344,79.2969
637000,52.0508,79.1016
640188,51.8555,79.4922
643392,51.4648,79.8828
646612,51.3672,96.3867
649848,53.6133,80.0781
653100,52.4414,79.9805
656368,50.9766,79.6875
659652,51.5625,79.1992
662952,51.6602,101.9531
666268,51.6602,80.4688
669600,51.0742,79.2969
672948,51.8555,80.3711
676316,50.8789,79.4922
679700,50.3906,81.9336
683100,51.6602,78.9063
686516,50.9766,79.6875
689952,51.7578,79.8828
693404,50.4883,80.0781
696872,50.6836,82.0313
700360,51.0742,78.9063
703864,50.6836,79.7852
707384,50.9766,80.6641
710924,50.2930,77.0508
714480,48.0469,80.9570
718056,48.4375,78.0273
721648,48.1445,76.2695
725260,47.9492,76.3672
728888,48.7305,77.5391
732536,48.4375,79.1992
736200,49.2188,76.7578
739884,49.0234,77.1484
743584,48.0469,77.5391
747304,48.4375,77.3438
751044,48.3398,77.7344
754800,57.9102,77.6367
758576,48.6328,78.6133
762372,49.5117,77.9297
766184,49.1211,79.9805
770016,48.7305,78.8086
773868,50.3906,79.7852
777740,48.8281,78.3203
781632,49.7070,78.6133
785544,48.6328,79.2969
789472,49.5117,78.4180
793420,48.8281,81.8359
797388,48.4375,79.1016
801376,48.6328,78.6133
805384,49.2188,79.3945
809412,49.2188,79.4922
813460,49.6094,81.8359
817528,49.3164,78.8086
821616,49.4141,79.8828
825728,49.4141,80.9570
829860,49.8047,79.3945
834012,49.4141,82.9102
838184,50.5859,80.1758
842376,49.0234,80.1758
846588,49.7070,80.7617
850824,47.8516,80.4688
855080,49.7070,80.4688
859356,49.6094,79.5898
863656,50.0000,80.8594
867976,49.3164,80.8594
872316,49.7070,81.2500
876680,49.0234,80.7617
881064,49.5117,81.8359
885472,48.8281,81.3477
889900,48.6328,81.1523
894352,49.5117,81.7383
898824,51.4648,84.6680
903320,49.5117,81.6406
907840,49.9023,82.1289
912380,49.6094,82.7148
916944,49.9023,82.6172
921532,50.0000,82.3242
926140,50.6836,82.0313
930772,49.4141,82.1289
935428,49.8047,81.6406
940108,50.8789,82.9102
944812,50.6836,82.7148
949540,49.4141,80.9570
954288,50.0977,82.5195
959060,50.5859,83.3008
963856,49.9023,83.2031
968676,50.0000,82.6172
973520,53.6133,84.9609
978388,51.6602,83.9844
983280,52.2461,83.8867
988200,50.1953,83.3008
993144,50.3906,100.6836
998112,50.0977,84.0820
1003104,50.0977,83.6914
1008120,50.3906,85.3516
1013164,50.2930,84.0820
1018232,49.9023,86.8164
1023324,50.0000,84.3750
1028444,49.8047,85.1563
1033588,50.6836,84.4727
1038756,50.4883,83.6914
1043952,53.3203,84.6680
1049172,61.9141,86.5234
1054420,56.7383,86.7188
1059696,58.3984,84.4727
1064996,67.3828,90.9180
1070324,63.3789,86.8164
1075676,56.7383,84.4727
1081056,56.7383,86.0352
1086464,57.3242,87.5977
1091900,56.2500,86.4258
1097360,57.7148,86.6211
1102848,56.7383,86.5234
1108364,57.1289,86.4258
1113908,60.3516,86.9141
1119480,57.5195,86.5234
1125080,57.7148,86.5234
1130708,56.5430,85.7422
1136364,56.9336,90.3320
1142048,57.4219,87.0117
1147760,56.7383,86.8164
1153500,59.1797,88.1836
1159268,56.6406,86.2305
1165068,61.1328,88.0859
1170896,56.3477,87.5977
1176752,57.4219,87.6953
1182636,57.0313,87.9883
1188552,56.8359,90.6250
1194496,57.7148,87.5977
1200472,57.5195,87.0117
1206476,57.7148,87.5977
1212512,56.3477,87.5000
1218576,60.1563,87.7930
1224672,57.4219,88.2813
1230796,57.4219,87.8906
1236952,57.2266,96.9727
1243140,59.1797,91.5039
1249356,57.8125,87.7930
1255604,57.6172,89.7461
1261884,56.9336,87.9883
1268196,57.2266,88.0859
1274540,57.7148,87.6953
1280916,57.7148,88.9648
1287324,57.8125,88.5742
1293764,57.5195,89.0625
1300236,57.8125,89.9414
1306740,57.2266,87.9883
1313276,58.7891,88.2813
1319844,57.9102,89.7461
1326444,58.5938,91.0156
1333080,57.6172,89.8438
1339748,58.3984,89.8438
1346448,58.5938,88.6719
1353184,58.3984,90.8203
1359952,62.5977,89.2578
1366752,58.3008,89.4531
1373588,58.4961,91.1133
1380456,58.2031,89.4531
1387360,58.3984,94.2383
1394300,59.5703,91.1133
1401272,58.1055,89.8438
1408280,57.0313,89.9414
1415324,58.2031,92.4805
1422404,58.5938,91.4063
1429520,57.8125,91.0156
1436668,58.1055,92.2852
1443852,61.9141,91.2109
1451072,58.2031,90.2344
1458328,59.3750,93.2617
1465620,59.1797,91.6016
1472952,58.7891,91.4063
1480320,62.5977,91.8945
1487724,58.6914,91.2109
1495164,58.6914,92.3828
1502640,58.3984,92.0898
1510156,59.3750,92.6758
1517708,58.3984,91.7969
1525300,59.6680,92.8711
1532928,58.9844,91.9922
1540596,59.2773,94.3359
1548300,59.6680,91.0156
1556044,58.6914,92.1875
1563828,59.7656,92.3828
1571648,58.2031,95.5078
1579508,58.6914,93.2617
1587408,58.7891,91.9922
1595348,59.6680,92.8711
1603328,80.4688,96.3867
1611348,61.4258,93.6523
1619408,59.4727,93.9453
1627508,58.7891,95.0195
1635648,59.4727,93.1641
1643828,58.4961,94.0430
1652048,61.0352,99.7070
1660312,60.3516,96.6797
1668616,58.3984,94.9219
1676960,58.8867,93.1641
1685348,58.4961,94.1406
1693776,59.8633,97.1680
1702248,58.8867,92.7734
1710760,59.5703,93.7500
1719316,58.8867,94.0430
1727916,60.0586,97.7539
1736556,59.7656,93.0664
1745240,60.5469,94.4336
1753968,60.4492,94.6289
1762740,60.0586,95.3125
1771556,60.3516,95.2148
1780416,59.6680,94.5313
1789320,59.4727,94.9219
1798268,59.7656,97.0703
1807260,60.7422,94.5313
1816300,59.2773,94.9219
1825384,58.9844,94.7266
1834512,62.7930,100.4883
1843688,59.8633,95.2148
1852908,60.6445,95.3125
1862176,60.5469,95.8008
1871488,59.4727,97.5586
1880848,59.7656,96.7773
1890256,60.5469,94.6289
1899708,59.8633,95.6055
1909208,61.4258,104.7852
1918756,61.1328,96.6797
1928352,60.9375,97.1680
1937996,60.7422,96.6797
1947688,59.4727,99.4141
1957428,61.1328,96.1914
1967216,60.6445,97.0703
1977056,60.1563,96.2891
1986944,60.8398,96.5820
1996880,59.8633,95.8984
2006868,60.0586,96.2891
2016904,61.2305,95.9961
2026992,63.0859,96.0938
2037128,61.1328,97.2656
2047316,60.3516,97.8516
2057556,60.1563,96.5820
2067844,61.5234,97.3633
2078184,59.5703,98.7305
2088576,61.1328,97.9492
2099020,70.8984,101.1719
2109516,67.9688,99.1211
2120064,67.8711,98.4375
2130668,67.8711,97.3633
2141324,67.7734,102.9297
2152032,67.4805,98.3398
2162796,68.4570,104.3945
2173612,67.3828,97.2656
2184484,70.2148,99.7070
2195408,67.9688,97.6563
2206388,67.4805,98.9258
2217420,67.9688,101.4648
2228508,68.0664,98.7305
2239652,67.9688,99.0234
2250852,67.9688,98.7305
2262108,67.3828,100.3906
2273420,69.0430,99.7070
2284788,67.9688,99.0234
2296212,69.4336,99.8047
2307696,68.3594,99.2188
2319236,67.7734,99.8047
2330836,67.8711,99.5117
2342492,68.0664,108.7891
2354208,69.2383,100.3906
2365980,69.1406,101.7578
2377812,69.5313,101.0742
2389704,68.9453,102.9297
2401656,79.1992,106.7383
2413668,70.3125,106.9336
2425740,92.0898,100.3906
2437872,69.6289,103.7109
2450064,68.0664,99.4141
2462316,68.9453,101.3672
2474628,69.5313,100.5859
2487004,68.5547,100.6836
2499440,68.1641,100.9766
2511940,67.9688,100.8789
2524500,68.1641,121.5820
2537124,68.6523,101.8555
2549812,68.7500,101.5625
2562564,68.3594,100.6836
2575380,68.5547,100.9766
2588260,70.0195,100.3906
2601204,68.4570,100.7813
2614212,71.5820,102.4414
2627284,69.4336,102.6367
2640424,69.0430,101.4648
2653628,69.6289,103.3203
2666900,69.4336,102.9297
2680236,68.4570,103.3203
2693640,68.3594,102.8320
2707112,71.9727,101.8555
2720648,69.8242,116.6016
2734252,68.6523,101.6602
2747924,68.4570,101.4648
2761664,69.6289,103.5156
2775476,67.6758,103.4180
2789356,68.3594,105.2734
2803304,69.3359,103.3203
2817324,69.3359,103.9063
2831412,68.4570,102.7344
2845572,72.1680,101.9531
2859800,69.6289,104.0039
2874100,67.9688,103.3203
2888472,68.8477,105.5664
2902916,69.1406,103.5156
2917432,68.3594,103.3203
2932020,68.5547,103.5156
2946684,68.2617,104.6875
2961420,68.9453,102.5391
2976228,69.3359,102.9297
2991112,72.6563,104.0039
3006068,69.3359,101.6602
3021100,68.4570,102.7344
3036208,69.1406,104.0039
3051392,68.9453,115.4297
3066652,69.8242,104.1016
3081988,67.6758,109.3750
3097400,69.8242,104.0039
3112888,69.4336,105.8594
3128456,70.1172,105.2734
3144100,69.9219,105.8594
3159824,69.0430,102.6367
3175624,69.3359,104.7852
3191504,70.9961,104.3945
3207464,69.8242,105.8594
3223504,69.3359,105.1758
3239624,67.4805,103.0273
3255824,69.0430,104.3945
3272104,69.6289,104.6875
3288468,68.9453,125.0000
3304912,72.3633,104.8828
3321440,70.2148,105.4688
3338048,72.6563,105.8594
3354740,69.6289,105.9570
3371516,69.8242,106.4453
3388376,71.8750,105.4688
3405320,81.8359,127.8320
3422348,92.8711,125.9766
3439460,71.2891,106.9336
3456660,69.4336,106.2500
3473944,69.3359,106.7383
3491316,70.8984,107.4219
3508776,70.3125,107.9102
3526320,70.4102,104.5898
3543952,74.2188,106.3477
3561672,68.9453,106.0547
3579484,70.5078,106.6406
3597384,140.0391,123.0469
3615372,97.8516,112.6953
3633452,79.7852,106.4453
3651620,72.3633,107.7148
3669880,76.1719,111.8164
3688232,71.1914,107.5195
3706676,71.1914,107.8125
3725212,75.5859,107.7148
3743840,69.0430,108.2031
3762560,73.3398,109.4727
3781376,70.4102,108.0078
3800284,71.0938,109.5703
3819288,73.9258,107.5195
3838388,71.0938,107.8125
3857580,69.7266,108.3008
3876868,72.7539,108.0078
3896256,70.6055,109.0820
3915740,70.8008,109.2773
3935320,74.3164,108.1055
3955000,70.7031,108.6914
3974776,70.2148,109.1797
3994652,73.2422,108.6914
4014628,71.3867,109.3750
4034704,70.8008,108.4961
4054880,73.9258,109.9609
4075156,69.6289,108.3008
4095532,70.4102,109.7656
4116012,162.2070,114.1602
4136596,70.8008,108.5938
4157280,71.8750,114.5508
4178068,70.1172,110.2539
4198960,137.9883,112.4023
4219956,78.9063,109.6680
4241056,78.3203,108.1055
4262264,77.6367,111.0352
4283576,85.0586,109.8633
4304996,78.7109,110.2539
4326524,78.1250,110.9375
4348160,80.4688,109.8633
4369904,77.7344,110.2539
4391756,78.1250,113.5742
4413716,80.1758,108.7891
4435788,80.5664,111.6211
4457968,78.5156,116.0156
4480260,79.3945,109.9609
4502664,78.5156,112.7930
4525180,144.6289,117.7734
4547808,78.8086,110.1563
4570548,78.8086,115.5273
4593404,78.9063,111.6211
4616372,79.1016,110.9375
4639456,81.8359,110.4492
4662656,78.5156,112.1094
4685972,79.7852,110.6445
4709404,79.1992,111.6211
4732952,78.5156,110.5469
4756620,80.7617,115.2344
4780404,80.0781,111.8164
4804308,79.7852,111.6211
4828332,79.7852,113.0859
4852476,79.1016,110.0586
4876740,79.1992,112.3047
4901124,80.0781,112.5977
4925632,79.2969,111.9141
4950264,80.1758,124.3164
4975016,79.2969,112.7930
4999892,79.4922,112.5000
5024892,81.4453,113.3789
5050020,79.4922,180.1758
5075272,79.4922,111.8164
5100652,78.7109,112.9883
5126156,81.4453,113.0859
5151788,79.9805,113.9648
5177548,80.8594,113.9648
5203436,80.1758,112.1094
5229456,78.0273,113.6719
5255604,79.6875,113.9648
5281884,77.9297,115.2344
5308296,79.0039,113.8672
5334840,80.1758,118.7500
5361516,78.3203,113.1836
5388324,80.0781,112.7930
5415268,92.1875,114.9414
5442348,83.3008,119.8242
5469560,81.4453,113.7695
5496908,79.8828,114.1602
5524396,79.5898,113.8672
5552020,80.3711,115.1367
5579784,88.4766,115.1367
5607684,81.5430,115.7227
5635724,78.6133,119.3359
5663904,79.4922,114.1602
5692224,79.9805,115.9180
5720688,83.9844,115.0391
5749292,79.5898,114.1602
5778040,79.5898,119.2383
5806932,80.8594,113.0859
5835968,78.3203,114.9414
5865148,80.5664,114.9414
5894476,79.6875,112.9883
5923952,79.5898,115.1367
5953572,79.6875,114.7461
5983340,78.7109,115.1367
6013260,79.1016,115.2344
6043328,80.0781,115.6250
6073548,104.8828,115.1367
6103916,78.1250,115.4297
6134436,79.4922,131.0547
6165112,79.8828,116.6016
6195940,78.3203,114.8438
6226920,80.8594,117.0898
6258056,79.5898,115.5273
6289348,92.3828,117.5781
6320796,80.1758,117.1875
6352400,80.3711,117.5781
6384164,81.1523,117.6758
6416088,80.9570,116.6992
6448172,79.2969,118.5547
6480416,79.4922,116.9922
6512820,79.7852,115.4297
6545388,79.7852,115.6250
6578116,78.9063,119.4336
6611008,80.7617,115.8203
6644064,79.2969,116.5039
6677288,80.2734,117.1875
6710676,80.9570,118.9453
6744232,81.4453,119.3359
6777956,79.8828,118.0664
6811848,91.2109,120.9961
6845908,79.5898,116.9922
6880140,81.2500,118.2617
6914544,81.2500,119.1406
6949120,79.1016,117.7734
6983868,80.7617,117.8711
7018788,79.8828,118.2617
7053884,81.1523,118.3594
7089156,80.6641,117.2852
7124604,80.4688,123.2422
7160228,80.2734,117.4805
7196032,81.6406,117.7734
7232016,81.0547,118.9453
7268180,80.8594,117.4805
7304524,96.7773,117.5781
7341048,82.9102,127.1484
7377756,83.2031,120.4102
7414648,80.5664,119.7266
7451724,80.1758,118.7500
7488984,80.2734,119.2383
7526432,81.2500,119.4336
7564068,81.5430,120.2148
7601892,82.6172,124.4141
7639904,81.3477,120.1172
7678104,80.5664,120.1172
7716496,79.9805,120.8984
7755080,81.7383,120.8008
7793856,82.6172,119.7266
7832828,80.6641,121.0938
7871996,85.7422,120.0195
7911356,81.3477,127.4414
7950916,85.5469,119.7266
7990672,81.1523,121.4844
8030628,81.3477,120.4102
8070784,81.5430,120.1172
8111140,95.9961,123.8281
8151696,90.3320,121.8750
8192456,84.3750,121.0938
8233420,83.0078,120.4102
8274588,81.8359,122.0703
8315964,83.0078,120.3125
8357544,101.0742,121.2891
8399332,90.1367,122.6563
8441332,90.7227,121.1914
8483540,91.6992,121.2891
8525960,89.2578,132.0313
8568592,89.5508,122.4609
8611436,89.2578,124.0234
8654496,90.1367,121.0938
8697772,89.2578,125.3906
8741264,89.8438,122.5586
8784972,87.9883,125.3906
8828900,89.6484,120.9961
8873048,89.2578,124.6094
8917416,90.6250,124.1211
8962004,90.5273,127.2461
9006816,88.0859,122.4609
9051852,89.3555,121.2891
9097112,90.5273,123.8281
9142600,88.7695,122.8516
9188316,90.0391,123.2422
9234260,90.3320,123.8281
9280432,90.0391,122.6563
9326836,92.5781,122.4609
9373472,89.4531,122.1680
9420340,92.2852,123.5352
9467444,89.7461,123.9258
9514784,89.5508,123.2422
9562360,108.0078,123.7305
9610172,90.2344,124.6094
9658224,90.3320,123.8281
9706516,90.0391,122.7539
9755052,94.2383,123.6328
9803828,91.4063,123.2422
9852848,89.9414,123.6328
9902116,89.1602,123.5352
9951628,89.2578,123.7305
10001388,91.7969,126.6602
10051396,90.5273,125.0977
10101656,89.0625,123.5352
10152168,92.3828,125.4883
10202932,93.1641,125.5859
10253948,91.1133,123.3398
10305220,88.5742,123.8281
10356748,91.6016,127.2461
10408532,91.1133,124.8047
10460576,90.1367,124.6094
10512880,89.8438,123.1445
10565448,89.5508,124.3164
10618276,90.8203,125.5859
10671368,91.2109,124.5117
10724728,90.0391,125.5859
10778352,90.2344,125.5859
10832244,89.5508,129.3945
10886408,92.5781,127.2461
10940844,94.0430,125.1953
10995552,91.2109,124.8047
11050532,90.5273,125.4883
11105788,90.6250,129.5898
11161320,89.2578,125.9766
11217128,90.0391,127.3438
11273216,90.8203,124.8047
11329584,113.1836,127.5391
11386232,91.7969,139.4531
11443164,104.3945,127.8320
11500380,94.2383,126.3672
11557884,91.6016,133.1055
11615676,90.4297,126.6602
11673756,90.4297,126.9531
11732128,89.0625,125.3906
11790792,92.0898,126.1719
11849748,89.1602,128.8086
11909000,92.5781,128.0273
11968548,90.2344,127.4414
12028392,89.7461,127.9297
12088536,89.2578,130.1758
12148980,129.3945,138.2813
12209728,115.0391,130.9570
12270780,91.1133,127.8320
12332136,91.0156,128.3203
12393800,89.8438,127.0508
12455772,91.5039,131.0547
12518052,93.3594,127.0508
12580644,109.9609,130.1758
12643548,92.3828,130.7617
12706768,91.2109,128.3203
12770304,91.5039,127.5391
12834156,91.4063,127.7344
12898328,92.2852,130.7617
12962820,91.4063,127.3438
13027636,91.3086,128.0273
13092776,89.7461,128.0273
13158240,89.9414,131.9336
13224032,92.0898,128.4180
13290156,92.6758,129.4922
13356608,93.4570,135.5469
13423392,92.3828,128.2227
13490512,91.0156,128.3203
13557968,91.8945,129.3945
13625760,91.0156,130.0781
13693892,91.1133,130.0781
13762364,89.8438,127.8320
13831176,91.2109,128.8086
13900332,91.4063,130.5664
13969836,92.1875,129.6875
14039688,90.6250,131.9336
14109888,92.1875,130.8594
14180440,114.5508,129.1016
14251344,91.4063,131.9336
14322604,93.6523,131.1523
14394220,90.8203,129.5898
14466192,92.3828,129.7852
14538524,90.5273,129.4922
14611220,92.4805,130.6641
14684280,96.5820,131.6406
14757704,92.2852,132.6172
14831496,91.7969,131.6406
14905656,91.5039,131.3477
14980188,93.1641,131.8359
15055092,92.0898,134.3750
15130368,90.8203,129.8828
15206020,91.6016,129.3945
15282052,91.2109,133.7891
15358464,92.4805,134.6680
15435260,94.9219,133.8867
15512440,92.7734,132.0313
15590004,92.9688,134.4727
15667956,89.4531,132.7148
15746296,90.7227,133.5938
15825028,92.8711,130.8594
15904156,93.0664,132.8125
15983680,92.4805,133.6914
16063600,95.1172,134.0820
16143920,93.2617,134.9609
16224640,92.8711,132.0313
16305764,91.8945,131.7383
16387296,92.8711,132.6172
16469236,91.8945,132.7148
16551584,91.6992,133.3984
16634344,92.6758,133.9844
16717516,99.2188,134.2773
16801104,105.9570,136.8164
16885112,105.9570,132.3242
16969540,101.1719,134.5703
17054388,99.6094,134.7656
17139660,100.7813,133.0078
17225360,100.9766,134.5703
17311488,100.1953,133.4961
17398048,102.9297,135.6445
17485040,104.1992,136.2305
17572468,110.7422,134.1797
17660332,108.9844,135.7422
17748636,102.9297,132.7148
17837380,100.2930,134.2773
17926568,101.7578,135.6445
18016204,102.9297,139.9414
18106288,105.8594,137.9883
18196820,102.0508,134.8633
18287808,122.9492,142.5781
18379248,157.7148,144.0430
18471148,110.0586,137.8906
18563504,108.5938,136.7188
18656324,102.1484,134.5703
18749608,102.5391,136.1328
18843360,105.7617,135.1563
18937580,103.3203,135.6445
19032268,110.2539,137.1094
19127432,100.5859,136.7188
19223072,101.6602,139.0625
19319188,101.5625,136.3281
19415784,101.2695,134.9609
19512864,100.8789,134.5703
19610432,100.6836,136.3281
19708488,101.6602,134.4727
19807032,112.9883,140.8203
19906068,103.5156,135.8398
20005600,101.2695,135.3516
20105628,104.2969,136.8164
20206160,102.2461,139.9414
20307192,102.1484,138.5742
20408728,104.1016,141.7969
20510772,113.4766,142.2852
20613328,112.1094,140.9180
20716396,105.9570,139.2578
20819980,105.8594,136.2305
20924080,104.1016,137.7930
21028704,102.6367,144.4336
21133848,110.5469,139.0625
21239520,103.8086,136.0352
21345720,103.0273,137.0117
21452452,103.6133,138.8672
21559716,102.1484,136.6211
21667516,101.1719,139.5508
21775856,129.2969,147.7539
21884736,110.9375,137.5977
21994160,105.3711,137.6953
22104132,107.9102,145.4102
22214656,109.3750,139.7461
22325732,108.4961,146.8750
22437364,118.7500,143.1641
22549552,110.1563,140.1367
22662300,102.6367,137.4023
22775612,101.1719,137.2070
22889492,100.4883,136.6211
23003940,107.3242,143.0664
23118960,107.2266,138.8672
23234556,101.5625,137.5977
23350732,100.8789,138.7695
23467488,102.4414,137.0117
23584828,100.2930,138.3789
23702756,100.8789,150.3906
23821272,116.6992,137.5977
23940380,103.2227,141.0156
24060084,101.9531,140.7227
24180388,103.1250,139.0625
24301292,102.9297,139.5508
24422800,102.7344,148.6328
24544916,119.1406,146.9727
24667644,113.8672,144.4336
24790984,128.6133,142.3828
24914940,108.7891,143.4570
25039516,106.5430,162.9883
25164716,131.7383,154.0039
25290540,121.7773,146.7773
25416996,114.6484,141.6992
25544084,111.7188,158.6914
25671808,127.1484,151.1719
25800168,120.9961,148.3398
25929172,113.5742,143.8477
26058820,134.0820,172.6563
26189116,133.3984,154.8828
26320064,125.4883,149.2188
26451668,118.3594,145.8984
26583928,111.9141,155.1758
26716848,127.2461,152.3438
26850436,117.6758,150.2930
26984692,120.2148,147.3633
27119616,112.0117,162.0117
27255216,127.6367,153.1250
27391496,183.8867,200.0977
27528456,154.1992,164.8438
27666100,117.1875,142.0898
27804432,137.0117,150.7813
27943456,122.8516,153.8086
28083176,125.1953,153.1250
28223592,121.8750,179.3945
28364712,151.1719,165.3320
28506536,133.2031,160.5469
28649072,129.8828,173.2422
28792320,149.7070,163.5742
28936284,137.3047,164.6484
29080968,136.4258,178.5156
29226376,189.0625,169.5313
29372508,146.7773,165.3320
29519372,135.9375,208.7891
29666972,158.1055,167.5781
29815308,151.0742,167.2852
29964388,140.9180,171.4844
30114212,156.3477,176.1719
30264784,133.9844,158.3008
30416108,159.6680,176.2695
30568192,151.3672,162.6953
30721036,138.2813,160.7422
30874644,153.5156,184.9609
31029020,157.3242,166.3086
31184168,141.7969,162.7930
31340092,171.8750,180.9570
31496796,152.8320,167.7734
31654280,142.6758,185.3516
31812552,172.7539,176.4648
31971616,151.3672,188.5742
32131476,170.1172,188.3789
32292136,161.0352,174.2188
32453600,152.1484,194.4336
32615868,164.0625,179.0039
32778948,156.3477,203.2227
32942844,185.6445,187.7930
33107560,161.8164,187.5000
33273100,153.5156,192.5781
33439468,152.3438,173.2422
33606668,149.4141,175.1953
33774704,175.9766,185.4492
33943580,157.7148,173.6328
34113300,154.0039,187.0117
34283868,155.9570,178.1250
34455288,155.2734,175.6836
34627568,176.4648,177.2461
34800708,157.3242,176.9531
34974712,168.3594,227.9297
35149588,187.8906,187.6953
35325336,162.0117,180.2734
35501964,172.1680,186.3281
35679476,161.4258,184.5703
35857876,195.2148,193.3594
36037168,171.7773,185.5469
36217356,167.0898,200.0977
36398444,171.4844,182.8125
36580440,157.9102,188.4766
36763344,168.5547,217.8711
36947164,195.1172,256.9336
37131900,188.5742,200.2930
37317560,175.4883,200.9766
37504148,187.1094,189.9414
37691672,181.6406,198.6328
37880132,202.2461,198.5352
38069536,180.7617,263.7695
38259884,199.5117,195.8984
38451184,174.0234,250.0000
38643440,189.5508,195.8008
38836660,174.9023,192.7734
39030844,186.8164,197.1680
39226000,180.0781,233.1055
39422132,227.1484,207.5195
39619244,185.9375,213.8672
39817344,187.0117,196.0938
40016432,177.5391,203.0273
40216516,187.7930,194.8242
40417600,188.7695,214.3555
40619688,184.6680,202.4414
40822788,223.1445,206.5430
41026904,251.1719,241.4063
41232040,246.6797,226.2695
41438204,211.6211,191.5039
41645396,203.4180,223.3398
41853624,216.0156,226.0742
42062896,191.2109,205.1758
42273212,228.8086,304.1992
42484580,201.5625,252.1484
42697004,209.2773,216.6992
42910492,195.5078,225.3906
43125048,200.8789,219.4336
43340676,206.1523,215.0391
43557380,191.8945,236.7188
43775168,197.6563,213.0859
43994044,193.0664,239.7461
44214016,210.5469,232.8125
44435088,212.3047,218.9453
44657264,199.6094,235.2539
44880552,207.6172,216.5039
45104956,205.7617,217.3828
45330484,199.3164,265.1367
45557140,199.4141,232.5195
45784928,198.3398,235.3516
46013856,207.0313,218.9453
46243928,222.4609,233.6914
46475148,219.3359,233.6914
46707524,209.9609,220.0195
46941064,216.2109,226.0742
47175772,203.3203,235.2539
47411652,216.0156,258.0078
47648712,225.5859,226.4648
47886956,227.1484,257.8125
48126392,223.4375,233.2031
48367024,211.9141,226.1719
48608860,214.0625,233.7891
48851908,216.6992,237.7930
49096168,222.3633,273.0469
49341652,230.4688,229.1016
49588364,230.7617,235.5469
49836308,222.6563,246.9727
50085492,223.5352,283.2031
50335920,229.1992,238.6719
50587600,257.6172,258.6914
50840540,261.0352,266.7969
51094744,233.8867,257.1289
51350220,235.1563,264.7461
51606972,234.4727,250.4883
51865008,277.2461,270.0195
52124336,279.5898,260.9375
52384960,295.8008,278.5156
52646888,277.4414,275.4883
52910124,269.9219,300.3906
53174676,255.1758,256.5430
53440552,233.9844,266.2109
53707756,243.8477,274.1211
53976296,250.8789,257.3242
54246180,243.2617,245.8984
54517412,261.1328,286.5234
54790000,244.6289,249.8047
55063952,280.8594,263.4766
55339272,256.3477,257.6172
55615972,256.5430,264.1602
55894052,284.1797,252.5391
56173524,372.4609,281.0547
56454392,343.1641,275.9766
56736664,329.1992,292.0898
57020348,287.8906,270.8008
57305452,265.0391,277.9297
57591980,260.9375,255.5664
57879940,321.8750,266.7969
58169340,289.1602,257.0313
58460188,354.8828,261.7188
58752492,253.4180,272.8516
59046256,251.8555,303.9063
59341488,265.7227,284.8633
59638196,301.2695,274.0234
59936388,266.3086,274.2188
60236072,265.5273,271.2891
60537256,257.8125,275.8789
60839944,259.1797,287.4023
61144144,267.2852,273.1445
61449868,318.6523,294.8242
61757120,301.6602,291.3086
62065908,283.9844,301.8555
62376240,281.6406,275.0977
62688124,275.6836,299.1211
63001568,272.9492,291.8945
63316576,279.7852,302.6367
63633160,316.4063,279.2969
63951328,273.5352,282.7148
64271088,286.7188,274.4141
64592444,285.6445,293.7500
64915408,283.3008,323.8281
65239988,281.2500,291.9922
65566188,280.5664,332.4219
65894020,315.3320,290.7227
66223492,292.5781,287.2070
66554612,280.0781,277.2461
66887388,289.9414,315.3320
