4,1.7578,1.8555
8,2.0508,3.2227
12,2.6367,3.0273
16,2.3438,4.1016
20,3.1250,3.9063
24,3.0273,3.8086
28,3.1250,4.1016
32,3.0273,5.2734
36,3.7109,5.0781
40,3.3203,5.5664
44,3.6133,5.5664
48,3.6133,4.9805
52,3.7109,4.9805
56,3.9063,4.9805
60,3.7109,5.8594
64,3.8086,6.3477
68,4.8828,6.4453
72,4.2969,5.5664
76,4.4922,5.2734
80,4.4922,5.6641
84,4.4922,5.5664
88,4.2969,5.7617
92,4.2969,5.9570
96,4.3945,6.3477
100,4.7852,5.9570
104,4.6875,6.1523
108,4.3945,5.1758
112,4.5898,6.1523
116,4.7852,6.5430
120,4.1016,5.5664
124,4.1992,6.4453
128,4.3945,7.3242
132,5.2734,6.7383
136,7.4219,6.0547
140,5.2734,6.7383
144,5.3711,6.4453
148,5.1758,7.0313
152,5.3711,7.1289
156,5.2734,6.7383
160,5.2734,6.4453
164,5.2734,6.2500
168,5.2734,7.2266
172,5.2734,6.4453
176,4.8828,6.8359
180,5.2734,6.5430
184,5.4688,6.2500
188,5.3711,7.0313
192,5.3711,7.2266
196,5.4688,6.5430
200,5.3711,7.4219
204,5.4688,6.5430
208,5.2734,6.0547
212,5.4688,7.0313
216,5.5664,6.7383
220,5.2734,7.5195
224,5.4688,7.3242
228,5.2734,6.3477
232,5.1758,7.2266
236,5.3711,6.2500
240,5.0781,7.1289
244,5.2734,7.0313
248,5.1758,7.2266
252,5.1758,6.8359
256,8.2031,10.3516
260,6.1523,9.3750
264,6.1523,7.9102
268,9.0820,8.4961
272,6.2500,8.2031
276,6.3477,8.1055
280,6.2500,6.6406
284,6.3477,6.8359
288,6.1523,7.5195
292,6.1523,7.5195
296,6.2500,7.8125
300,6.3477,7.7148
304,6.1523,7.3242
308,6.1523,7.4219
312,6.1523,7.3242
316,6.1523,7.8125
320,6.1523,7.3242
324,6.1523,6.8359
328,6.1523,8.2031
332,6.2500,7.3242
336,6.2500,8.2031
340,6.2500,7.1289
344,6.2500,7.8125
348,6.2500,7.3242
352,6.1523,7.5195
356,6.3477,7.5195
360,6.2500,7.4219
364,6.1523,7.5195
368,6.2500,7.3242
372,6.1523,7.3242
376,6.8359,7.2266
380,6.1523,7.8125
384,6.1523,8.0078
388,6.1523,7.5195
392,6.1523,6.9336
396,6.1523,7.6172
400,6.1523,7.5195
404,6.2500,8.2031
408,6.1523,8.1055
412,6.3477,7.7148
416,6.3477,7.2266
420,6.1523,7.5195
424,6.3477,7.6172
428,6.3477,7.5195
432,6.1523,8.3984
436,6.3477,8.1055
440,6.2500,7.1289
444,6.3477,7.5195
448,6.4453,8.6914
452,6.1523,8.1055
456,6.2500,8.2031
460,6.1523,7.6172
464,6.2500,6.5430
468,6.3477,8.2031
472,8.2031,7.5195
476,6.1523,8.0078
480,6.2500,7.6172
484,7.7148,9.5703
488,6.3477,6.2500
492,6.3477,7.0313
496,6.3477,7.4219
500,6.4453,8.3008
504,6.3477,8.0078
508,6.3477,7.3242
512,6.2500,8.8867
516,7.3242,8.9844
520,7.1289,8.3008
524,7.1289,8.0078
528,7.1289,7.6172
532,7.0313,8.4961
536,7.0313,8.6914
540,7.0313,8.2031
544,7.2266,8.3984
548,6.9336,8.2031
552,7.1289,7.7148
556,7.0313,8.8867
560,6.9336,7.9102
564,6.9336,8.3008
568,6.9336,8.2031
572,7.1289,9.4727
576,6.7383,8.4961
580,6.8359,7.8125
584,7.2266,8.3008
588,7.2266,7.7148
592,7.1289,9.4727
596,7.1289,8.9844
600,7.2266,8.1055
604,7.1289,9.0820
608,7.1289,8.7891
612,7.0313,8.6914
616,7.2266,8.4961
620,6.9336,8.0078
624,7.0313,8.6914
628,7.0313,8.9844
632,6.7383,8.4961
636,6.6406,7.9102
640,6.9336,8.5938
644,6.9336,8.4961
648,6.6406,8.5938
652,6.8359,8.3984
656,6.8359,8.0078
660,6.9336,7.7148
664,6.7383,8.3008
668,7.0313,8.3008
672,6.7383,8.5938
676,7.5195,8.4961
680,6.9336,8.2031
684,6.8359,9.0820
688,6.9336,8.9844
692,6.8359,9.8633
696,6.7383,8.5938
700,7.1289,8.3984
704,6.9336,8.0078
708,6.9336,8.1055
712,6.7383,8.6914
716,7.0313,8.5938
720,7.0313,8.6914
724,7.0313,8.2031
728,6.6406,8.3008
732,6.6406,8.4961
736,6.9336,8.2031
740,7.1289,9.0820
744,7.2266,8.1055
748,6.9336,8.3984
752,9.1797,8.3008
756,7.0313,8.1055
760,6.9336,8.3984
764,6.8359,8.4961
768,6.7383,8.9844
772,6.8359,8.5938
776,7.0313,8.5938
780,6.7383,8.7891
784,7.0313,9.0820
788,6.8359,9.0820
792,6.7383,8.7891
796,7.0313,8.8867
800,6.7383,8.2031
804,6.6406,8.7891
812,6.8359,8.3984
820,7.0313,9.2773
828,6.9336,9.0820
836,7.0313,8.5938
844,7.3242,8.2031
852,7.3242,7.9102
860,6.9336,9.0820
868,7.2266,8.4961
876,7.1289,8.6914
884,7.2266,10.5469
892,6.8359,8.6914
900,6.8359,8.0078
908,7.2266,9.0820
916,6.4453,8.7891
924,7.0313,8.9844
932,6.8359,9.0820
940,6.7383,8.8867
948,6.9336,8.9844
956,6.9336,7.7148
964,7.2266,8.7891
972,6.8359,9.4727
980,7.0313,9.3750
988,6.8359,9.5703
996,6.6406,8.0078
1004,9.2773,10.9375
1012,6.8359,9.3750
1020,6.6406,9.0820
1028,8.0078,8.6914
1036,8.3984,9.6680
1044,7.8125,9.5703
1052,7.5195,9.1797
1060,10.5469,8.9844
1068,8.3008,9.5703
1076,6.9336,9.0820
1084,7.3242,9.6680
1092,7.7148,9.0820
1100,7.6172,9.9609
1108,11.1328,9.6680
1116,7.3242,8.5938
1124,7.7148,9.3750
1132,10.3516,11.8164
1140,11.1328,9.2773
1148,8.3008,9.3750
1156,7.7148,9.3750
1164,7.8125,9.5703
1172,8.3984,8.7891
1180,8.0078,8.9844
1188,8.0078,10.3516
1196,7.7148,9.6680
1204,8.1055,10.4492
1212,8.0078,8.4961
1220,7.3242,9.7656
1228,6.7383,8.8867
1236,7.8125,8.5938
1244,8.5938,10.1563
1252,8.7891,9.4727
1260,8.1055,9.3750
1268,7.4219,9.7656
1276,7.2266,9.5703
1284,8.3008,9.1797
1292,8.0078,9.9609
1300,8.1055,10.1563
1308,8.1055,9.7656
1316,6.9336,10.1563
1324,7.8125,10.4492
1332,7.1289,9.6680
1340,7.6172,9.7656
1348,8.0078,8.8867
1356,8.0078,10.0586
1364,8.3984,9.0820
1372,7.7148,8.7891
1380,7.2266,9.4727
1388,8.1055,9.9609
1396,7.0313,8.6914
1404,9.8633,9.5703
1412,7.6172,9.4727
1420,6.9336,10.3516
1428,7.7148,10.0586
1436,8.3008,9.0820
1444,7.9102,9.6680
1452,7.6172,10.1563
1460,8.0078,9.2773
1468,7.8125,8.5938
1476,7.4219,10.0586
1484,7.8125,9.9609
1492,7.0313,10.2539
1500,7.8125,8.6914
1508,8.1055,9.8633
1516,7.5195,8.9844
1524,8.3008,10.3516
1532,8.5938,9.4727
1540,7.8125,10.0586
1548,7.4219,9.6680
1556,7.3242,9.6680
1564,7.2266,9.8633
1572,8.7891,9.5703
1580,8.3984,12.2070
1588,8.1055,9.3750
1596,7.7148,10.5469
1604,7.6172,9.1797
1616,7.4219,9.7656
1628,7.7148,8.8867
1640,7.5195,9.8633
1652,7.6172,9.9609
1664,7.8125,9.1797
1676,7.7148,9.8633
1688,7.7148,8.8867
1700,8.3008,10.2539
1712,7.5195,9.4727
1724,7.5195,9.4727
1736,7.4219,9.2773
1748,7.6172,9.9609
1760,6.9336,9.7656
1772,7.4219,10.0586
1784,7.0313,9.5703
1796,7.2266,10.7422
1808,7.3242,9.4727
1820,7.5195,9.0820
1832,7.9102,9.8633
1844,7.8125,9.9609
1856,8.0078,9.6680
1868,7.8125,8.9844
1880,7.6172,9.2773
1892,7.9102,11.2305
1904,8.0078,9.8633
1916,7.7148,9.4727
1928,8.3008,9.7656
1940,7.6172,9.2773
1952,7.4219,9.8633
1964,7.4219,8.8867
1976,7.9102,9.9609
1988,8.3008,10.0586
2000,7.6172,7.9102
2012,7.7148,9.8633
2024,6.8359,9.8633
2036,7.4219,9.4727
2048,8.4961,10.6445
2060,8.8867,10.9375
2072,9.0820,10.9375
2084,8.6914,10.7422
2096,8.7891,10.6445
2108,8.3008,9.1797
2120,8.8867,10.7422
2132,8.2031,10.7422
2144,8.5938,10.2539
2156,8.9844,10.3516
2168,8.7891,11.1328
2180,8.7891,10.6445
2192,8.4961,10.9375
2204,8.5938,9.9609
2216,8.6914,10.2539
2228,8.2031,10.1563
2240,9.0820,11.3281
2252,8.7891,9.9609
2264,8.8867,10.0586
2276,8.3984,9.7656
2288,8.3008,10.5469
2300,8.9844,10.7422
2312,8.8867,10.2539
2324,8.8867,10.6445
2336,8.6914,10.1563
2348,11.1328,11.1328
2360,8.4961,10.2539
2372,8.6914,10.2539
2384,8.9844,10.1563
2396,9.1797,11.1328
2408,9.0820,10.2539
2424,8.6914,9.9609
2440,8.4961,10.4492
2456,8.5938,11.6211
2472,8.9844,10.7422
2488,8.3008,10.8398
2504,8.8867,10.6445
2520,11.8164,12.6953
2536,11.8164,12.5977
2552,8.9844,11.2305
2568,10.9375,10.6445
2584,8.1055,10.3516
2600,8.3008,9.6680
2616,8.3984,10.3516
2632,8.3984,9.6680
2648,8.6914,10.6445
2664,8.7891,11.0352
2680,8.8867,11.0352
2696,8.9844,10.8398
2712,8.3008,10.7422
2728,8.9844,10.5469
2744,8.8867,10.4492
2760,9.0820,11.3281
2776,8.3984,10.1563
2792,9.1797,11.1328
2808,9.0820,10.6445
2824,8.6914,10.3516
2840,9.1797,10.4492
2856,8.9844,10.2539
2872,9.0820,10.6445
2888,8.4961,10.3516
2904,8.9844,10.8398
2920,8.4961,10.8398
2936,9.0820,10.2539
2952,9.2773,9.4727
2968,8.9844,10.4492
2984,9.2773,12.2070
3000,8.9844,10.7422
3016,9.3750,10.8398
3032,8.9844,9.8633
3048,8.9844,10.0586
3064,9.0820,10.6445
3080,8.7891,9.9609
3096,9.2773,10.7422
3112,8.8867,10.7422
3128,8.6914,11.3281
3144,9.2773,10.3516
3160,8.8867,11.7188
3176,8.8867,10.5469
3192,8.7891,12.1094
3208,8.9844,11.0352
3228,8.5938,9.6680
3248,9.0820,10.6445
3268,8.5938,10.5469
3288,8.5938,11.1328
3308,9.3750,10.9375
3328,8.5938,10.9375
3348,8.4961,10.5469
3368,8.6914,10.3516
3388,8.9844,10.8398
3408,8.9844,10.6445
3428,8.9844,10.5469
3448,8.5938,10.3516
3468,8.2031,9.8633
3488,8.6914,11.7188
3508,9.2773,10.2539
3528,8.9844,11.1328
3548,8.4961,9.7656
3568,8.3984,10.3516
3588,8.5938,10.9375
3608,8.5938,11.5234
3628,8.6914,10.8398
3648,8.8867,10.5469
3668,8.7891,10.6445
3688,8.4961,9.6680
3708,8.7891,10.6445
3728,8.6914,10.1563
3748,8.6914,10.7422
3768,10.8398,11.7188
3788,8.6914,10.4492
3808,8.3008,10.1563
3828,8.9844,10.5469
3848,8.8867,11.8164
3868,8.6914,10.5469
3888,8.8867,11.3281
3908,9.0820,11.4258
3928,8.5938,11.2305
3948,8.7891,11.0352
3968,8.8867,11.8164
3988,8.8867,11.9141
4008,8.9844,11.7188
4032,8.6914,11.4258
4056,9.0820,11.3281
4080,8.7891,11.5234
4104,9.5703,12.8906
4128,9.4727,10.9375
4152,9.9609,12.1094
4176,9.9609,11.9141
4200,9.8633,11.1328
4224,10.2539,11.4258
4248,9.6680,12.3047
4272,10.2539,12.5000
4296,9.8633,11.3281
4320,9.8633,11.7188
4344,10.1563,10.4492
4368,9.8633,10.9375
4392,10.1563,12.5977
4416,10.0586,12.3047
4440,9.8633,12.2070
4464,9.6680,11.9141
4488,9.8633,12.0117
4512,9.8633,11.0352
4536,9.4727,10.4492
4560,9.9609,12.5977
4584,10.2539,12.2070
4608,9.4727,13.1836
4632,9.9609,11.9141
4656,9.3750,11.6211
4680,9.5703,11.2305
4704,9.8633,11.8164
4728,9.4727,10.9375
4752,10.6445,10.9375
4776,13.3789,11.6211
4800,9.9609,14.0625
4824,9.8633,13.1836
4852,9.4727,11.8164
4880,9.7656,11.2305
4908,9.8633,11.3281
4936,9.8633,10.7422
4964,9.7656,11.5234
4992,10.0586,11.8164
5020,10.6445,12.0117
5048,9.8633,12.5000
5076,10.1563,10.7422
5104,9.4727,11.4258
5132,9.9609,11.4258
5160,9.5703,12.0117
5188,9.5703,12.1094
5216,12.1094,11.5234
5244,9.9609,11.9141
5272,9.8633,10.9375
5300,9.4727,11.3281
5328,10.6445,12.5000
5356,9.3750,11.3281
5384,9.6680,11.1328
5412,9.5703,11.4258
5440,9.1797,11.6211
5468,9.3750,11.1328
5496,11.2305,13.4766
5524,12.1094,11.8164
5552,9.4727,11.8164
5580,9.7656,11.1328
5608,10.0586,12.3047
5640,9.5703,11.6211
5672,9.6680,14.3555
5704,14.2578,10.7422
5736,11.8164,11.2305
5768,11.9141,11.9141
5800,9.9609,11.0352
5832,9.7656,11.2305
5864,9.5703,11.5234
5896,9.6680,12.1094
5928,9.8633,11.4258
5960,9.4727,11.8164
5992,9.6680,11.2305
6024,10.0586,11.8164
6056,9.3750,11.5234
6088,9.2773,11.4258
6120,10.1563,13.2813
6152,10.0586,12.5977
6184,9.3750,11.5234
6216,9.5703,11.8164
6248,10.1563,12.2070
6280,9.7656,11.4258
6312,9.6680,11.8164
6344,9.5703,11.1328
6376,9.6680,11.8164
6408,9.8633,13.5742
6444,9.5703,11.3281
6480,10.3516,11.9141
6516,9.7656,13.2813
6552,10.4492,11.8164
6588,10.1563,12.5000
6624,9.1797,11.6211
6660,9.6680,11.9141
6696,10.1563,12.5000
6732,9.7656,12.1094
6768,9.1797,11.6211
6804,9.4727,12.0117
6840,10.6445,13.2813
6876,9.7656,11.6211
6912,10.1563,11.4258
6948,9.7656,10.9375
6984,9.8633,11.1328
7020,10.1563,12.1094
7056,9.1797,11.2305
7092,10.0586,12.0117
7128,9.0820,13.9648
7164,9.6680,10.6445
7200,9.2773,11.6211
7236,10.5469,12.3047
7276,9.8633,12.4023
7316,9.5703,12.5000
7356,9.7656,11.1328
7396,9.4727,11.3281
7436,9.9609,12.1094
7476,9.5703,10.8398
7516,9.8633,11.7188
7556,9.3750,11.6211
7596,9.3750,12.0117
7636,9.9609,12.5000
7676,9.5703,12.0117
7716,10.0586,11.7188
7756,10.0586,11.7188
7796,9.7656,11.9141
7836,10.0586,12.6953
7876,10.1563,11.7188
7916,9.4727,11.7188
7956,9.4727,11.1328
7996,9.3750,11.7188
8036,9.7656,12.5977
8080,10.4492,12.5000
8124,9.7656,13.2813
8168,9.9609,11.7188
8212,10.4492,12.8906
8256,10.7422,12.6953
8300,10.7422,12.3047
8344,10.0586,12.5977
8388,10.4492,12.7930
8432,10.4492,12.0117
8476,10.5469,12.5000
8520,10.3516,12.0117
8564,10.7422,11.4258
8608,10.2539,12.5000
8652,9.9609,11.9141
8696,10.3516,12.5000
8740,10.7422,11.8164
8784,12.0117,12.9883
8828,10.5469,12.7930
8876,10.4492,12.4023
8924,10.8398,13.0859
8972,10.8398,12.8906
9020,10.9375,13.2813
9068,10.0586,12.7930
9116,10.0586,11.4258
9164,10.9375,12.0117
9212,10.1563,12.1094
9260,10.2539,11.3281
9308,9.8633,12.0117
9356,9.9609,12.7930
9404,10.7422,11.9141
9452,10.1563,11.9141
9500,10.4492,11.1328
9548,10.2539,12.5977
9596,10.8398,12.0117
9644,10.5469,11.7188
9696,10.8398,12.8906
9748,11.5234,12.0117
9800,11.0352,12.6953
9852,10.8398,12.2070
9904,11.1328,12.4023
9956,10.6445,12.0117
10008,10.7422,12.2070
10060,10.6445,12.5000
10112,10.0586,11.9141
10164,10.6445,12.3047
10216,10.3516,12.3047
10268,9.9609,11.8164
10320,10.7422,12.8906
10372,10.6445,12.2070
10424,10.2539,11.4258
10480,10.4492,13.0859
10536,10.6445,12.2070
10592,10.6445,12.0117
10648,10.2539,12.2070
10704,9.3750,12.0117
10760,12.1094,12.5977
10816,9.8633,12.5000
10872,10.1563,11.1328
10928,9.8633,12.4023
10984,10.8398,12.1094
11040,10.0586,12.1094
11096,10.3516,12.6953
11152,10.4492,12.5000
11208,10.9375,12.5000
11268,14.5508,14.4531
11328,10.4492,12.2070
11388,10.6445,12.9883
11448,11.0352,12.6953
11508,11.0352,11.8164
11568,10.0586,11.9141
11628,10.6445,12.3047
11688,10.4492,11.9141
11748,10.3516,13.2813
11808,10.4492,11.2305
11868,13.2813,12.4023
11928,10.7422,12.5000
11988,10.4492,13.0859
12048,10.8398,11.7188
12112,9.9609,12.0117
12176,9.6680,11.3281
12240,10.4492,11.7188
12304,10.3516,12.1094
12368,9.5703,11.1328
12432,10.1563,13.0859
12496,10.4492,12.8906
12560,11.7188,13.0859
12624,9.9609,12.3047
12688,10.6445,12.5000
12752,10.1563,12.2070
12816,10.4492,11.4258
12884,10.8398,12.6953
12952,11.0352,12.7930
13020,10.1563,13.2813
13088,12.5000,11.8164
13156,10.3516,12.2070
13224,10.1563,11.7188
13292,10.3516,12.4023
13360,10.6445,12.2070
13428,9.9609,12.5977
13496,10.2539,12.8906
13564,11.1328,16.0156
13632,10.0586,12.9883
13704,10.2539,12.8906
13776,10.3516,12.1094
13848,10.2539,11.6211
13920,10.2539,11.6211
13992,9.7656,12.9883
14064,10.7422,12.2070
14136,9.9609,12.3047
14208,10.7422,11.4258
14280,10.6445,12.5000
14352,10.7422,12.5977
14424,10.2539,12.4023
14500,10.5469,12.0117
14576,9.9609,12.1094
14652,11.2305,12.6953
14728,11.2305,13.0859
14804,10.8398,12.7930
14880,11.0352,13.6719
14956,9.8633,11.3281
15032,10.5469,10.8398
15108,10.1563,13.0859
15184,10.9375,13.0859
15260,10.1563,12.0117
15340,11.1328,13.4766
15420,10.3516,13.1836
15500,9.7656,12.5000
15580,10.6445,12.9883
15660,10.5469,12.9883
15740,10.3516,12.6953
15820,10.8398,12.6953
15900,10.8398,12.9883
15980,10.7422,11.9141
16060,10.9375,12.5000
16144,10.6445,11.3281
16228,10.7422,11.5234
16312,10.9375,12.5000
16396,11.1328,13.5742
16480,10.8398,12.5000
16564,11.8164,14.5508
16648,10.8398,12.5977
16732,12.3047,13.5742
16816,12.1094,12.6953
16904,11.2305,12.5977
16992,11.4258,12.5000
17080,10.9375,13.6719
17168,11.1328,12.5977
17256,12.0117,13.8672
17344,11.1328,12.9883
17432,11.4258,13.4766
17520,11.3281,13.3789
17608,11.4258,12.0117
17700,11.1328,12.4023
17792,11.8164,12.5977
17884,11.7188,13.3789
17976,12.0117,12.7930
18068,11.4258,13.6719
18160,11.1328,13.2813
18252,11.5234,12.8906
18344,11.7188,13.5742
18436,10.5469,12.2070
18532,11.6211,12.4023
18628,11.3281,12.1094
18724,11.0352,12.7930
18820,12.1094,13.2813
18916,11.4258,12.7930
19012,11.4258,12.5000
19108,10.6445,12.6953
19204,11.5234,13.8672
19304,10.7422,14.2578
19404,11.0352,12.1094
19504,11.2305,13.8672
19604,11.1328,13.7695
19704,11.5234,12.6953
19804,11.6211,12.6953
19904,11.1328,13.6719
20004,11.2305,12.5977
20108,12.3047,12.5000
20212,11.3281,13.1836
20316,11.3281,13.6719
20420,11.7188,12.6953
20524,11.2305,12.1094
20628,11.4258,13.1836
20732,11.9141,13.6719
20836,10.4492,12.5977
20944,11.5234,13.7695
21052,11.7188,13.1836
21160,9.8633,12.4023
21268,16.4063,12.7930
21376,11.3281,12.1094
21484,11.7188,12.9883
21592,11.7188,12.9883
21700,11.8164,12.5977
21812,10.4492,13.7695
21924,12.1094,13.7695
22036,11.1328,17.0898
22148,13.7695,11.6211
22260,11.0352,12.5977
22372,10.8398,13.4766
22484,11.0352,12.4023
22600,11.7188,13.6719
22716,10.7422,12.8906
22832,11.2305,16.1133
22948,11.5234,13.9648
23064,10.7422,12.1094
23180,13.0859,15.2344
23296,11.4258,15.3320
23416,11.0352,15.9180
23536,11.7188,13.1836
23656,10.7422,12.1094
23776,11.9141,12.0117
23896,11.5234,13.5742
24016,10.8398,13.8672
24140,11.9141,13.5742
24264,11.3281,13.0859
24388,11.5234,13.6719
24512,10.9375,12.5977
24636,10.7422,12.1094
24760,11.1328,13.8672
24884,11.1328,13.2813
25012,11.0352,13.3789
25140,11.0352,11.9141
25268,11.5234,12.8906
25396,12.1094,12.8906
25524,12.0117,13.9648
25652,10.7422,12.3047
25784,11.6211,13.1836
25916,11.0352,15.7227
26048,10.7422,16.4063
26180,11.3281,12.7930
26312,11.0352,15.2344
26444,10.7422,14.7461
26580,11.0352,17.7734
26716,11.0352,13.1836
26852,10.8398,12.9883
26988,10.1563,12.5977
27124,11.5234,13.6719
27260,11.0352,13.8672
27400,10.2539,12.7930
27540,11.5234,13.4766
27680,12.3047,12.9883
27820,12.0117,13.6719
27960,11.1328,12.9883
28100,10.6445,12.6953
28244,11.2305,14.0625
28388,10.5469,13.1836
28532,11.7188,13.2813
28676,11.6211,13.1836
28820,11.7188,13.0859
28968,10.6445,12.1094
29116,10.9375,14.2578
29264,11.0352,13.5742
29412,11.6211,13.6719
29560,11.5234,14.0625
29708,11.6211,13.9648
29860,11.7188,13.4766
30012,11.8164,13.8672
30164,11.9141,12.7930
30316,11.1328,13.6719
30468,11.7188,13.7695
30624,11.8164,16.0156
30780,11.3281,13.8672
30936,11.8164,13.6719
31092,11.1328,13.5742
31248,11.9141,13.3789
31408,11.6211,15.3320
31568,12.1094,14.0625
31728,11.4258,13.6719
31888,11.2305,12.5000
32048,11.5234,13.2813
32212,11.3281,12.6953
32376,11.1328,13.3789
32540,10.9375,12.3047
32704,10.5469,12.8906
32868,12.7930,15.6250
33036,12.1094,13.6719
33204,12.5000,14.1602
33372,12.3047,12.7930
33540,11.9141,13.1836
33708,12.4023,14.4531
33880,11.7188,13.7695
34052,12.2070,14.9414
34224,12.4023,13.6719
34396,12.5977,13.1836
34568,11.2305,14.1602
34744,12.0117,13.5742
34920,12.3047,13.9648
35096,12.5977,13.4766
35272,11.9141,14.7461
35452,12.1094,14.0625
35632,12.5000,13.1836
35812,12.1094,14.6484
35992,12.0117,14.2578
36172,12.2070,13.3789
36356,12.6953,14.2578
36540,12.4023,13.8672
36724,12.3047,14.5508
36908,11.5234,14.1602
37096,12.0117,13.6719
37284,12.4023,13.6719
37472,11.9141,14.1602
37660,12.8906,15.9180
37852,11.8164,14.3555
38044,12.1094,13.4766
38236,13.0859,15.3320
38428,12.2070,13.3789
38624,11.3281,14.4531
38820,12.3047,13.6719
39016,11.0352,15.0391
39212,12.1094,14.1602
39412,11.5234,13.1836
39612,12.8906,15.0391
39812,11.0352,13.6719
40012,11.4258,14.1602
40216,11.2305,12.6953
40420,11.9141,12.8906
40624,12.4023,15.0391
40828,11.6211,13.0859
41036,12.5000,14.0625
41244,12.1094,13.4766
41452,12.1094,16.1133
41660,12.7930,14.2578
41872,12.3047,15.4297
42084,12.2070,14.4531
42296,11.8164,13.9648
42508,12.0117,13.9648
42724,12.2070,13.5742
42940,12.5977,14.1602
43156,12.1094,14.6484
43372,12.4023,13.3789
43592,11.5234,13.8672
43812,12.6953,14.3555
44032,17.4805,17.4805
44256,14.7461,13.4766
44480,11.9141,13.8672
44704,12.2070,14.5508
44928,12.4023,13.8672
45156,12.2070,14.2578
45384,12.5977,14.7461
45612,12.3047,13.6719
45844,12.7930,15.4297
46076,12.3047,14.6484
46308,11.9141,14.7461
46540,12.5000,13.7695
46776,12.1094,13.1836
47012,12.1094,14.7461
47248,12.6953,15.2344
47488,12.3047,15.0391
47728,12.3047,14.7461
47968,14.9414,13.1836
48208,12.2070,14.4531
48452,12.5977,14.7461
48696,12.1094,14.2578
48940,11.8164,14.1602
49188,12.6953,13.6719
49436,12.2070,12.7930
49684,12.2070,13.9648
49936,12.5000,14.1602
50188,11.9141,13.5742
50440,11.8164,13.3789
50696,12.4023,14.8438
50952,11.9141,14.8438
51208,12.7930,14.2578
51468,12.6953,14.2578
51728,11.9141,13.7695
51988,12.3047,14.3555
52248,12.5977,14.1602
52512,12.7930,13.3789
52776,12.5000,13.9648
53040,12.8906,15.2344
53308,12.5977,14.9414
53576,12.5000,14.2578
53844,12.8906,15.1367
54116,11.7188,15.0391
54388,12.6953,15.2344
54660,13.1836,14.0625
54936,11.6211,13.9648
55212,12.5977,15.0391
55492,11.7188,13.6719
55772,12.4023,14.8438
56052,12.0117,13.8672
56336,11.7188,14.7461
56620,12.4023,14.1602
56904,12.7930,16.2109
57192,12.2070,16.6016
57480,12.2070,14.5508
57768,12.1094,13.8672
58060,12.5000,15.1367
58352,12.0117,13.9648
58644,12.5000,13.3789
58940,11.7188,13.4766
59236,12.6953,14.5508
59536,12.2070,15.1367
59836,11.4258,13.9648
60136,13.0859,15.1367
60440,12.4023,14.8438
60744,12.2070,14.4531
61048,11.7188,14.8438
61356,12.6953,15.5273
61664,12.0117,14.5508
61976,11.9141,14.1602
62288,11.7188,16.7969
62600,11.8164,14.3555
62916,12.2070,15.1367
63232,11.6211,14.0625
63552,12.2070,14.8438
63872,11.2305,14.4531
64192,12.4023,14.8438
64516,12.5977,14.9414
64840,12.9883,14.2578
65168,13.1836,14.5508
65496,12.3047,14.4531
65824,13.6719,16.3086
66156,13.3789,15.7227
66488,13.1836,15.7227
66824,13.8672,15.8203
67160,12.0117,15.6250
67496,12.7930,15.7227
67836,12.6953,15.7227
68176,13.3789,14.9414
68520,12.4023,15.7227
68864,14.0625,16.3086
69212,13.5742,17.1875
69560,12.7930,15.5273
69908,12.4023,15.2344
70260,13.4766,16.6016
70612,13.3789,15.2344
70968,12.6953,15.6250
71324,12.9883,15.0391
71684,13.3789,15.9180
72044,12.8906,15.7227
72408,13.1836,15.8203
72772,13.4766,15.6250
73136,13.1836,15.0391
73504,12.9883,15.9180
73872,13.0859,17.5781
74244,12.7930,15.7227
74616,13.2813,16.2109
74992,14.0625,16.7969
75368,13.5742,15.7227
75748,20.3125,18.4570
76128,12.5000,15.3320
76512,13.5742,16.8945
76896,12.8906,16.0156
77284,13.2813,15.7227
77672,14.1602,17.4805
78064,12.8906,15.8203
78456,13.6719,16.2109
78852,13.4766,16.0156
79248,13.4766,16.4063
79648,13.0859,16.1133
80048,13.6719,16.3086
80452,13.9648,16.6016
80856,13.4766,16.7969
81264,13.3789,16.4063
81672,12.7930,15.0391
82084,13.3789,15.1367
82496,13.1836,15.4297
82912,13.1836,16.5039
83328,12.7930,14.8438
83748,14.0625,16.7969
84168,14.0625,17.9688
84592,13.9648,17.1875
85016,13.2813,14.8438
85444,13.0859,16.4063
85872,13.2813,15.8203
86304,13.7695,16.1133
86736,13.1836,16.4063
87172,15.1367,16.9922
87608,12.8906,16.8945
88048,12.7930,16.6016
88492,13.1836,16.3086
88936,13.1836,15.9180
89384,12.8906,15.2344
89832,13.2813,16.1133
90284,12.9883,15.6250
90736,13.1836,16.8945
91192,14.1602,17.1875
91648,13.9648,17.2852
92108,12.9883,15.8203
92572,12.8906,16.5039
93036,13.6719,15.7227
93504,13.1836,17.0898
93972,12.8906,15.0391
94444,12.5977,15.3320
94920,13.7695,15.6250
95396,13.3789,16.2109
95876,13.3789,16.6016
96356,12.9883,15.1367
96840,12.9883,14.8438
97328,13.6719,15.4297
97816,13.5742,16.6992
98308,13.6719,16.2109
98800,13.4766,16.1133
99296,13.7695,16.1133
99796,12.9883,15.4297
100296,13.1836,16.1133
100800,13.9648,17.1875
101304,14.0625,17.3828
101812,13.1836,16.1133
102324,12.9883,18.2617
102836,13.5742,16.2109
103352,12.9883,14.6484
103872,13.3789,16.6992
104392,13.0859,16.0156
104916,13.0859,16.2109
105444,12.9883,15.3320
105972,13.4766,16.3086
106504,13.9648,16.7969
107040,14.0625,16.2109
107576,12.6953,14.9414
108116,13.2813,16.0156
108660,12.9883,16.3086
109204,13.3789,15.9180
109752,12.7930,15.7227
110304,12.5000,16.2109
110856,12.8906,16.0156
111412,13.0859,15.7227
111972,13.7695,16.6016
112532,13.7695,17.2852
113096,13.2813,16.5039
113664,13.0859,17.5781
114236,13.0859,15.9180
114808,13.2813,16.0156
115384,13.6719,16.8945
115964,13.2813,15.8203
116544,13.3789,17.4805
117128,13.7695,16.4063
117716,13.5742,16.4063
118308,13.2813,16.2109
118900,13.1836,16.2109
119496,14.5508,18.5547
120096,13.7695,17.0898
120700,14.2578,16.9922
121304,13.0859,16.0156
121912,13.4766,17.1875
122524,13.2813,16.2109
123140,14.2578,16.7969
123756,13.5742,15.9180
124376,13.9648,16.1133
125000,12.8906,15.3320
125628,13.0859,15.6250
126260,13.4766,15.4297
126892,13.8672,16.7969
127528,13.5742,15.1367
128168,13.8672,17.5781
128812,14.1602,16.1133
129460,13.5742,16.6992
130108,13.1836,16.5039
130760,13.6719,17.8711
131416,15.0391,18.1641
132076,14.0625,16.9922
132740,20.9961,17.5781
133404,14.9414,17.4805
134072,14.5508,16.5039
134744,14.3555,17.6758
135420,15.2344,18.3594
136100,14.0625,17.4805
136784,15.3320,18.5547
137468,15.0391,17.5781
138156,14.3555,17.4805
138848,13.7695,16.5039
139544,13.7695,16.3086
140244,14.3555,18.2617
140948,14.3555,17.5781
141656,14.7461,16.8945
142368,13.8672,17.8711
143080,14.5508,18.7500
143796,13.4766,16.1133
144516,16.0156,18.4570
145240,14.6484,18.0664
145968,14.1602,16.6016
146700,15.4297,17.6758
147436,14.2578,16.9922
148176,14.7461,16.7969
148920,13.9648,16.6992
149668,14.0625,15.2344
150420,14.0625,15.7227
151176,13.8672,16.6992
151932,23.0469,20.4102
152692,14.5508,17.0898
153456,15.0391,17.6758
154224,14.3555,17.4805
154996,14.1602,16.3086
155772,13.9648,17.2852
156552,13.3789,16.4063
157336,14.8438,17.7734
158124,14.8438,16.7969
158916,14.1602,16.7969
159712,14.8438,17.3828
160512,15.0391,17.5781
161316,14.3555,16.0156
162124,13.3789,16.6016
162936,14.8438,17.4805
163752,16.7969,18.0664
164572,14.0625,16.9922
165396,14.9414,18.2617
166224,14.2578,17.8711
167056,13.8672,17.2852
167892,14.4531,17.4805
168732,14.4531,17.8711
169576,14.6484,17.7734
170424,13.5742,16.5039
171280,13.2813,15.0391
172140,14.2578,15.8203
173004,14.5508,17.6758
173872,14.3555,17.3828
174744,14.9414,17.6758
175620,13.2813,14.9414
176500,14.4531,19.6289
177384,14.4531,16.7969
178272,13.8672,17.7734
179164,13.6719,16.1133
180060,14.1602,16.8945
180964,14.2578,17.0898
181872,14.1602,15.7227
182784,14.5508,16.8945
183700,14.9414,17.7734
184620,14.9414,18.2617
185544,14.6484,17.4805
186472,14.2578,16.8945
187408,13.8672,17.0898
188348,14.4531,17.8711
189292,13.4766,17.4805
190240,14.6484,16.3086
191192,14.4531,17.8711
192148,14.3555,17.0898
193112,14.1602,16.7969
194080,14.9414,16.9922
195052,14.2578,16.9922
196028,14.4531,17.1875
197012,14.0625,17.1875
198000,14.5508,17.9688
198992,15.1367,17.1875
199988,14.4531,16.3086
200988,14.6484,17.5781
201996,14.7461,17.3828
203008,14.3555,16.6016
204024,14.4531,17.3828
205048,14.8438,18.3594
206076,14.2578,16.6016
207108,14.1602,16.2109
208144,14.8438,17.7734
209188,14.0625,17.0898
210236,14.4531,16.4063
211288,14.7461,16.7969
212348,15.1367,18.3594
213412,14.9414,17.8711
214480,15.1367,17.5781
215556,14.8438,16.6016
216636,14.2578,16.9922
217720,14.8438,17.1875
218812,15.1367,17.9688
219908,14.9414,16.7969
221008,14.3555,17.0898
222116,14.4531,18.7500
223228,21.5820,18.0664
224348,13.5742,16.6992
225472,13.8672,16.6992
226600,15.3320,18.0664
227736,14.8438,17.3828
228876,14.3555,15.9180
230024,14.8438,17.0898
231176,14.1602,17.8711
232332,14.6484,16.8945
233496,15.3320,17.8711
234664,14.5508,18.0664
235840,14.7461,18.4570
237020,14.0625,16.0156
238208,14.8438,17.3828
239400,14.9414,18.1641
240600,14.6484,17.3828
241804,14.3555,17.1875
243016,14.0625,16.5039
244232,14.5508,17.2852
245456,14.7461,16.3086
246684,14.7461,17.4805
247920,14.3555,17.1875
249160,15.2344,18.9453
250408,14.6484,17.4805
251664,14.3555,16.9922
252924,13.7695,17.2852
254192,14.6484,17.0898
255464,14.7461,16.9922
256744,14.2578,17.0898
258028,14.7461,17.5781
259320,14.3555,16.8945
260620,14.7461,17.7734
261924,14.5508,17.0898
263236,16.4063,19.3359
264556,16.3086,20.1172
265880,15.6250,18.0664
267212,15.9180,18.0664
268552,15.7227,18.2617
269896,15.6250,17.2852
271248,16.5039,18.1641
272608,16.1133,18.5547
273972,17.4805,18.4570
275344,15.9180,18.0664
276724,16.1133,18.2617
278108,14.8438,17.1875
279500,15.6250,20.0195
280900,16.4063,18.7500
282308,16.6992,18.9453
283720,15.8203,17.4805
285140,15.6250,17.4805
286568,15.1367,17.9688
288004,15.7227,18.7500
289448,15.5273,18.3594
290896,15.1367,18.3594
292352,15.5273,17.1875
293816,17.3828,16.4063
295288,16.6992,19.4336
296768,15.5273,18.7500
298252,14.9414,16.1133
299744,16.9922,19.6289
301244,16.1133,19.3359
302752,16.8945,20.1172
304268,16.2109,17.8711
305792,15.9180,19.6289
307324,16.8945,19.2383
308864,15.1367,18.2617
310412,16.7969,18.9453
311968,16.7969,19.1406
313528,16.1133,17.6758
315096,15.8203,18.3594
316672,16.4063,19.5313
318256,14.6484,17.8711
319848,15.8203,17.8711
321448,15.6250,18.6523
323056,15.5273,16.6016
324672,15.9180,18.7500
326296,15.9180,18.2617
327928,16.0156,17.1875
329568,16.0156,18.3594
331216,15.5273,18.6523
332876,15.9180,18.1641
334544,16.0156,17.8711
336220,15.6250,20.0195
337904,15.9180,18.0664
339596,15.6250,18.4570
341296,15.7227,17.0898
343004,16.2109,18.3594
344720,15.1367,17.2852
346444,15.9180,17.4805
348180,15.9180,17.9688
349924,16.0156,18.5547
351676,16.5039,18.3594
353436,16.7969,18.4570
355204,15.8203,17.6758
356984,16.6992,20.3125
358772,16.0156,16.8945
360568,17.8711,18.0664
362372,19.1406,22.3633
364184,21.8750,21.7773
366008,22.0703,19.7266
367840,16.6016,18.6523
369680,16.1133,18.5547
371532,17.9688,19.1406
373392,17.0898,17.9688
375260,16.5039,17.1875
377140,16.5039,23.1445
379028,15.6250,18.0664
380924,15.8203,18.8477
382832,16.6016,19.7266
384748,15.7227,18.2617
386672,16.0156,18.5547
388608,16.5039,20.2148
390552,16.1133,17.7734
392508,16.7969,19.1406
394472,16.5039,19.4336
396448,15.9180,17.7734
398432,16.0156,17.9688
400428,15.6250,17.8711
402432,16.2109,18.0664
404448,16.7969,19.7266
406472,16.6992,19.1406
408508,17.1875,21.9727
410552,15.8203,18.5547
412608,17.1875,20.7031
414672,16.0156,17.8711
416748,15.6250,17.5781
418832,17.0898,19.8242
420928,17.4805,19.4336
423036,16.0156,17.6758
425152,16.1133,17.6758
427280,16.0156,18.9453
429420,16.6016,18.8477
431568,17.0898,19.2383
433728,15.2344,17.8711
435900,15.8203,18.3594
438080,16.4063,18.4570
440272,16.6992,21.1914
442476,15.8203,17.4805
444692,16.2109,19.2383
446916,16.4063,18.8477
449152,16.4063,18.9453
451400,16.6992,18.2617
453660,16.1133,19.4336
455932,16.4063,18.6523
458212,15.5273,18.3594
460504,16.9922,18.3594
462808,16.5039,19.6289
465124,23.5352,21.9727
467452,17.3828,20.0195
469792,16.0156,18.0664
472144,16.9922,19.3359
474508,16.9922,18.9453
476884,16.5039,18.5547
479272,16.3086,19.7266
481672,16.8945,18.9453
484084,16.6992,18.7500
486508,16.3086,19.6289
488944,16.5039,18.9453
491392,15.5273,18.7500
493852,16.6992,18.0664
496324,16.9922,19.9219
498808,16.1133,18.0664
501304,17.1875,19.7266
503812,15.7227,18.7500
506332,17.4805,19.9219
508864,17.8711,20.6055
511412,17.5781,20.3125
513972,17.7734,19.4336
516544,16.7969,19.4336
519128,17.5781,20.0195
521724,16.5039,19.5313
524336,21.8750,21.5820
526960,18.1641,20.3125
529596,18.9453,20.7031
532244,17.1875,18.9453
534908,17.0898,18.8477
537584,17.1875,19.0430
540272,18.0664,20.2148
542976,18.0664,19.9219
545692,18.5547,20.2148
548424,16.5039,19.2383
551168,17.5781,19.8242
553924,17.5781,18.4570
556696,25.4883,23.6328
559480,17.7734,20.0195
562280,17.3828,20.3125
565092,18.7500,20.7031
567920,18.7500,20.9961
570760,18.3594,19.6289
573616,17.3828,19.7266
576488,17.8711,19.8242
579372,18.0664,19.4336
582272,16.6992,18.1641
585184,17.8711,20.9961
588112,18.2617,22.2656
591056,18.2617,19.9219
594012,18.0664,20.6055
596984,17.2852,18.9453
599972,17.9688,19.7266
602972,16.4063,17.7734
605988,18.0664,20.1172
609020,17.6758,19.7266
612068,17.6758,21.6797
615132,17.5781,19.1406
618208,18.3594,21.0938
621300,18.1641,19.6289
624408,19.9219,19.1406
627532,17.3828,18.9453
630672,17.1875,17.9688
633828,18.4570,19.8242
637000,18.5547,20.3125
640188,17.3828,18.9453
643392,18.4570,21.0938
646612,18.6523,20.4102
649848,17.8711,19.8242
653100,18.3594,20.0195
656368,18.4570,20.7031
659652,18.2617,19.5313
662952,17.5781,19.2383
666268,19.5313,21.2891
669600,18.0664,19.5313
672948,17.5781,19.6289
676316,18.9453,21.1914
679700,17.5781,19.9219
683100,18.6523,20.1172
686516,17.8711,19.6289
689952,17.3828,19.2383
693404,18.5547,20.4102
696872,18.5547,20.8008
700360,17.6758,18.9453
703864,18.3594,19.1406
707384,19.1406,21.1914
710924,19.4336,20.7031
714480,18.1641,19.7266
718056,17.6758,19.4336
721648,17.7734,19.9219
725260,18.0664,20.0195
728888,17.8711,19.7266
732536,16.6016,19.5313
736200,19.2383,20.4102
739884,17.9688,20.3125
743584,17.2852,19.4336
747304,17.6758,19.8242
751044,17.8711,19.9219
754800,18.3594,20.7031
758576,16.9922,19.5313
762372,18.7500,21.5820
766184,17.9688,20.6055
770016,17.1875,20.2148
773868,18.0664,20.1172
777740,22.1680,20.3125
781632,18.5547,20.2148
785544,18.8477,22.3633
789472,19.4336,20.4102
793420,18.0664,19.7266
797388,18.0664,20.1172
801376,18.8477,20.6055
805384,19.4336,21.9727
809412,17.8711,19.6289
813460,19.0430,21.1914
817528,17.6758,23.5352
821616,18.7500,19.8242
825728,17.3828,19.7266
829860,17.7734,19.5313
834012,18.4570,19.0430
838184,17.7734,19.4336
842376,17.8711,20.7031
846588,18.3594,20.7031
850824,18.7500,21.2891
855080,19.0430,20.8984
859356,18.5547,20.2148
863656,18.3594,23.6328
867976,18.3594,20.4102
872316,19.3359,22.2656
876680,18.4570,21.0938
881064,18.4570,20.1172
885472,18.4570,21.0938
889900,18.2617,20.6055
894352,17.7734,19.9219
898824,19.2383,21.2891
903320,18.6523,21.2891
907840,18.4570,21.3867
912380,18.8477,20.8984
916944,18.2617,21.6797
921532,17.8711,20.6055
926140,18.3594,20.8984
930772,18.1641,20.0195
935428,20.1172,22.7539
940108,17.4805,18.0664
944812,18.2617,20.7031
949540,19.1406,20.9961
954288,18.3594,19.6289
959060,18.1641,22.0703
963856,18.7500,20.1172
968676,18.5547,20.2148
973520,19.6289,21.8750
978388,19.7266,22.3633
983280,19.6289,21.5820
988200,19.2383,20.9961
993144,18.1641,20.4102
998112,18.1641,20.7031
1003104,20.0195,21.9727
1008120,19.2383,23.9258
1013164,19.1406,22.2656
1018232,18.1641,19.6289
1023324,18.7500,20.3125
1028444,18.3594,20.4102
1033588,19.4336,22.8516
1038756,19.9219,23.1445
1043952,20.1172,22.9492
1049172,21.0938,23.9258
1054420,19.7266,22.0703
1059696,21.8750,21.6797
1064996,19.9219,21.6797
1070324,21.7773,23.8281
1075676,19.4336,21.5820
1081056,19.5313,21.8750
1086464,19.0430,20.1172
1091900,20.1172,22.0703
1097360,19.9219,21.1914
1102848,31.4453,22.4609
1108364,19.8242,22.5586
1113908,19.0430,18.6523
1119480,21.2891,22.4609
1125080,20.6055,22.2656
1130708,20.0195,21.5820
1136364,19.0430,20.3125
1142048,19.9219,22.1680
1147760,18.9453,25.0977
1153500,22.6563,22.1680
1159268,20.5078,23.1445
1165068,19.6289,21.2891
1170896,18.4570,20.7031
1176752,20.6055,23.1445
1182636,20.9961,23.7305
1188552,19.5313,21.4844
1194496,19.5313,21.0938
1200472,18.9453,20.5078
1206476,19.9219,24.0234
1212512,20.2148,22.4609
1218576,18.9453,20.3125
1224672,20.1172,23.4375
1230796,19.9219,21.0938
1236952,20.7031,21.6797
1243140,21.1914,23.4375
1249356,20.2148,21.5820
1255604,21.9727,23.7305
1261884,20.0195,21.1914
1268196,19.8242,21.2891
1274540,19.6289,21.3867
1280916,20.7031,21.7773
1287324,19.6289,20.7031
1293764,20.2148,22.0703
1300236,20.2148,22.1680
1306740,19.8242,21.4844
1313276,19.8242,22.2656
1319844,20.6055,22.9492
1326444,20.3125,20.7031
1333080,20.7031,22.8516
1339748,20.8984,21.2891
1346448,20.6055,22.1680
1353184,21.6797,23.0469
1359952,20.1172,22.7539
1366752,20.9961,23.0469
1373588,20.4102,21.4844
1380456,19.9219,21.8750
1387360,20.7031,22.4609
1394300,20.2148,21.5820
1401272,20.2148,21.2891
1408280,20.8984,23.9258
1415324,19.7266,21.2891
1422404,19.2383,20.8984
1429520,21.6797,23.2422
1436668,21.6797,23.2422
1443852,20.8984,25.9766
1451072,20.3125,23.0469
1458328,18.9453,19.4336
1465620,20.2148,21.3867
1472952,20.4102,22.5586
1480320,21.4844,23.4375
1487724,20.8984,22.5586
1495164,20.3125,23.4375
1502640,20.1172,20.4102
1510156,24.1211,23.6328
1517708,20.5078,22.5586
1525300,19.4336,21.2891
1532928,19.2383,20.8008
1540596,20.2148,21.2891
1548300,20.7031,21.4844
1556044,21.0938,22.4609
1563828,20.2148,25.7813
1571648,20.2148,21.2891
1579508,22.0703,24.0234
1587408,20.5078,22.2656
1595348,21.7773,23.9258
1603328,25.0977,23.1445
1611348,28.4180,24.2188
1619408,24.1211,22.4609
1627508,20.4102,21.9727
1635648,21.1914,21.9727
1643828,21.2891,22.6563
1652048,21.8750,23.1445
1660312,19.9219,21.0938
1668616,20.9961,22.4609
1676960,19.5313,20.9961
1685348,20.8984,21.6797
1693776,22.0703,22.4609
1702248,20.8984,23.3398
1710760,21.0938,22.0703
1719316,20.0195,21.0938
1727916,21.3867,22.4609
1736556,21.1914,22.3633
1745240,20.1172,22.9492
1753968,20.6055,22.3633
1762740,21.5820,23.3398
1771556,21.7773,21.4844
1780416,21.5820,24.1211
1789320,21.0938,23.3398
1798268,21.0938,22.2656
1807260,20.4102,22.3633
1816300,21.3867,22.6563
1825384,20.7031,21.0938
1834512,20.5078,22.1680
1843688,21.4844,24.3164
1852908,21.1914,22.3633
1862176,21.5820,22.0703
1871488,21.2891,22.3633
1880848,21.9727,22.6563
1890256,22.0703,22.6563
1899708,21.9727,23.0469
1909208,21.8750,22.8516
1918756,21.5820,22.7539
1928352,20.9961,22.3633
1937996,20.3125,22.3633
1947688,22.3633,23.9258
1957428,21.8750,23.6328
1967216,21.1914,23.3398
1977056,21.9727,23.9258
1986944,21.1914,22.5586
1996880,20.5078,21.2891
2006868,21.3867,21.8750
2016904,20.8984,21.8750
2026992,22.7539,26.1719
2037128,21.9727,24.2188
2047316,22.4609,24.2188
2057556,20.4102,21.0938
2067844,28.3203,24.5117
2078184,29.1016,23.8281
2088576,21.8750,23.5352
2099020,22.8516,25.8789
2109516,21.7773,23.5352
2120064,32.1289,27.9297
2130668,31.1523,23.0469
2141324,21.7773,24.4141
2152032,22.9492,25.0000
2162796,23.5352,25.0977
2173612,22.1680,23.6328
2184484,23.1445,25.9766
2195408,21.5820,20.8008
2206388,21.7773,23.8281
2217420,23.5352,25.0977
2228508,23.8281,26.0742
2239652,22.4609,22.6563
2250852,23.4375,25.1953
2262108,22.0703,24.5117
2273420,22.3633,23.5352
2284788,22.5586,23.4375
2296212,22.3633,24.4141
2307696,21.7773,22.0703
2319236,21.8750,24.2188
2330836,22.5586,24.7070
2342492,22.5586,23.9258
2354208,23.3398,23.4375
2365980,24.5117,24.9023
2377812,21.3867,23.1445
2389704,23.1445,24.2188
2401656,23.3398,24.1211
2413668,22.6563,24.7070
2425740,22.7539,24.8047
2437872,22.8516,24.1211
2450064,22.6563,25.7813
2462316,24.0234,25.5859
2474628,21.9727,25.2930
2487004,22.7539,24.4141
2499440,20.8008,21.7773
2511940,22.7539,24.9023
2524500,32.1289,24.0234
2537124,22.5586,22.9492
2549812,22.1680,23.3398
2562564,22.2656,25.0000
2575380,23.5352,24.9023
2588260,23.1445,24.2188
2601204,22.5586,24.3164
2614212,22.3633,23.6328
2627284,20.8008,24.6094
2640424,22.8516,24.9023
2653628,23.2422,23.7305
2666900,22.5586,24.4141
2680236,22.7539,24.6094
2693640,24.4141,25.0000
2707112,21.8750,22.5586
2720648,23.0469,24.1211
2734252,23.3398,24.4141
2747924,24.2188,25.3906
2761664,23.5352,24.5117
2775476,23.0469,23.8281
2789356,22.2656,23.8281
2803304,23.1445,27.4414
2817324,24.0234,25.8789
2831412,24.9023,27.6367
2845572,22.7539,25.6836
2859800,22.8516,24.7070
2874100,22.8516,24.6094
2888472,22.7539,25.2930
2902916,22.0703,23.3398
2917432,22.9492,23.7305
2932020,23.2422,24.8047
2946684,21.5820,22.3633
2961420,21.9727,22.9492
2976228,22.9492,24.3164
2991112,22.3633,23.5352
3006068,22.5586,24.0234
3021100,21.9727,24.0234
3036208,23.3398,24.1211
3051392,23.5352,26.0742
3066652,21.7773,23.8281
3081988,25.3906,22.9492
3097400,23.1445,23.6328
3112888,22.3633,22.6563
3128456,22.7539,22.7539
3144100,31.2500,23.9258
3159824,21.4844,22.5586
3175624,24.8047,23.3398
3191504,22.7539,25.6836
3207464,24.0234,25.0977
3223504,23.1445,24.1211
3239624,22.5586,23.6328
3255824,22.8516,23.0469
3272104,22.7539,24.1211
3288468,26.7578,27.5391
3304912,24.6094,26.5625
3321440,24.0234,25.3906
3338048,23.7305,24.6094
3354740,23.2422,24.4141
3371516,23.7305,25.6836
3388376,22.0703,23.1445
3405320,25.0000,26.6602
3422348,23.3398,25.1953
3439460,22.6563,24.5117
3456660,21.0938,23.4375
3473944,23.3398,24.9023
3491316,23.9258,24.9023
3508776,23.5352,25.9766
3526320,22.1680,24.5117
3543952,23.5352,25.0977
3561672,22.9492,24.8047
3579484,23.6328,23.5352
3597384,33.3008,28.0273
3615372,28.4180,26.5625
3633452,26.2695,25.5859
3651620,25.5859,26.1719
3669880,25.9766,26.4648
3688232,24.8047,24.6094
3706676,23.2422,25.0977
3725212,23.0469,24.7070
3743840,26.2695,24.0234
3762560,24.0234,24.5117
3781376,23.2422,24.4141
3800284,22.4609,24.3164
3819288,23.9258,26.1719
3838388,23.2422,24.7070
3857580,24.8047,26.5625
3876868,22.5586,23.0469
3896256,23.3398,25.4883
3915740,21.7773,22.6563
3935320,23.3398,24.5117
3955000,25.0977,25.8789
3974776,24.7070,25.7813
3994652,23.7305,25.5859
4014628,24.8047,27.3438
4034704,23.2422,24.5117
4054880,24.8047,24.9023
4075156,24.7070,26.1719
4095532,22.8516,24.1211
4116012,24.0234,25.2930
4136596,23.4375,23.4375
4157280,22.7539,23.9258
4178068,23.6328,24.9023
4198960,23.6328,26.7578
4219956,25.6836,27.7344
4241056,24.7070,26.0742
4262264,24.0234,25.7813
4283576,24.2188,25.2930
4304996,24.9023,25.0000
4326524,25.0977,28.1250
4348160,24.3164,26.3672
4369904,24.4141,26.2695
4391756,24.6094,27.3438
4413716,25.2930,30.1758
4435788,24.2188,26.6602
4457968,24.7070,27.2461
4480260,25.9766,27.4414
4502664,23.8281,24.7070
4525180,24.9023,27.1484
4547808,23.8281,25.6836
4570548,24.7070,26.5625
4593404,24.6094,26.2695
4616372,23.6328,25.0977
4639456,23.6328,23.9258
4662656,24.2188,25.7813
4685972,25.2930,26.7578
4709404,24.2188,26.8555
4732952,23.4375,24.6094
4756620,24.1211,25.8789
4780404,25.3906,27.3438
4804308,24.4141,26.4648
4828332,24.1211,26.3672
4852476,22.4609,23.7305
4876740,23.0469,23.5352
4901124,24.4141,28.3203
4925632,25.0000,27.0508
4950264,25.0977,26.1719
4975016,26.3672,27.8320
4999892,24.0234,25.1953
5024892,25.9766,25.4883
5050020,26.0742,27.6367
5075272,23.2422,26.0742
5100652,25.1953,26.9531
5126156,24.7070,26.9531
5151788,24.7070,26.5625
5177548,23.7305,28.8086
5203436,25.3906,26.6602
5229456,30.3711,26.7578
5255604,23.3398,23.8281
5281884,26.4648,28.7109
5308296,23.3398,25.2930
5334840,24.1211,25.2930
5361516,26.2695,26.9531
5388324,26.4648,28.9063
5415268,26.6602,29.6875
5442348,25.7813,28.3203
5469560,24.7070,26.6602
5496908,24.1211,25.0000
5524396,26.3672,28.1250
5552020,25.7813,28.2227
5579784,24.8047,26.1719
5607684,27.2461,29.0039
5635724,24.6094,24.6094
5663904,26.3672,28.3203
5692224,24.7070,25.9766
5720688,24.0234,25.8789
5749292,25.0000,28.0273
5778040,25.0000,27.3438
5806932,25.3906,25.7813
5835968,24.0234,30.6641
5865148,25.6836,27.1484
5894476,27.4414,29.3945
5923952,24.9023,26.6602
5953572,25.8789,27.0508
5983340,26.0742,28.2227
6013260,24.8047,27.0508
6043328,26.1719,28.6133
6073548,25.6836,27.0508
6103916,24.9023,27.0508
6134436,24.9023,27.1484
6165112,25.1953,27.1484
6195940,24.8047,26.6602
6226920,24.4141,26.3672
6258056,24.7070,26.0742
6289348,25.0977,26.9531
6320796,25.9766,27.5391
6352400,24.6094,25.2930
6384164,24.2188,27.5391
6416088,24.8047,27.1484
6448172,25.1953,25.7813
6480416,24.2188,24.7070
6512820,27.3438,29.1992
6545388,24.5117,26.5625
6578116,25.2930,28.3203
6611008,24.9023,27.1484
6644064,27.4414,26.7578
6677288,25.7813,29.5898
6710676,25.8789,27.8320
6744232,26.4648,28.5156
6777956,24.8047,25.3906
6811848,25.7813,27.4414
6845908,28.0273,29.7852
6880140,26.2695,27.4414
6914544,26.3672,29.1016
6949120,25.8789,27.4414
6983868,25.3906,27.6367
7018788,26.5625,29.2969
7053884,25.3906,27.0508
7089156,25.5859,26.1719
7124604,25.4883,28.6133
7160228,24.3164,25.7813
7196032,25.2930,26.3672
7232016,24.9023,26.2695
7268180,28.5156,29.1016
7304524,26.3672,28.4180
7341048,28.1250,29.1016
7377756,25.0000,29.1016
7414648,24.8047,26.6602
7451724,25.9766,27.5391
7488984,24.3164,24.8047
7526432,25.7813,27.4414
7564068,28.6133,27.3438
7601892,26.0742,28.1250
7639904,27.0508,29.5898
7678104,25.9766,27.2461
7716496,26.3672,29.2969
7755080,25.6836,28.5156
7793856,25.0000,27.2461
7832828,27.3438,28.3203
7871996,26.8555,28.0273
7911356,26.2695,29.3945
7950916,25.6836,27.3438
7990672,26.1719,29.2969
8030628,27.3438,29.6875
8070784,24.8047,26.4648
8111140,27.7344,29.9805
8151696,26.5625,28.1250
8192456,27.7344,28.4180
8233420,26.9531,29.4922
8274588,27.1484,29.5898
8315964,26.2695,27.6367
8357544,24.7070,26.7578
8399332,27.9297,29.9805
8441332,30.7617,28.1250
8483540,26.3672,29.0039
8525960,24.6094,25.2930
8568592,32.1289,29.2969
8611436,27.9297,29.9805
8654496,26.9531,29.9805
8697772,28.6133,28.1250
8741264,26.4648,28.3203
8784972,28.8086,30.1758
8828900,28.6133,29.1992
8873048,25.6836,26.4648
8917416,25.4883,27.1484
8962004,28.9063,28.7109
9006816,26.7578,29.3945
9051852,26.1719,26.3672
9097112,27.2461,27.0508
9142600,26.2695,28.2227
9188316,26.6602,27.9297
9234260,25.8789,27.0508
9280432,27.8320,29.1016
9326836,27.0508,28.4180
9373472,29.4922,30.6641
9420340,26.2695,28.6133
9467444,25.0000,25.8789
9514784,26.6602,28.4180
9562360,26.2695,26.1719
9610172,27.2461,29.0039
9658224,27.1484,29.1016
9706516,25.6836,27.9297
9755052,25.9766,27.6367
9803828,26.6602,29.2969
9852848,29.0039,32.3242
9902116,25.0977,27.1484
9951628,28.4180,31.2500
10001388,26.4648,27.4414
10051396,26.5625,27.3438
10101656,26.4648,28.4180
10152168,27.0508,32.0313
10202932,27.5391,30.8594
10253948,26.0742,27.3438
10305220,26.8555,28.6133
10356748,27.0508,28.2227
10408532,24.9023,26.4648
10460576,26.6602,29.3945
10512880,27.9297,28.7109
10565448,26.9531,30.4688
10618276,27.0508,29.1992
10671368,27.1484,28.1250
10724728,27.6367,29.2969
10778352,26.5625,28.9063
10832244,27.3438,28.2227
10886408,25.7813,28.3203
10940844,27.7344,29.6875
10995552,26.8555,30.6641
11050532,28.5156,30.5664
11105788,24.9023,25.8789
11161320,26.9531,28.6133
11217128,25.0977,26.6602
11273216,28.1250,28.5156
11329584,27.6367,28.9063
11386232,24.8047,26.4648
11443164,26.6602,28.5156
11500380,26.3672,26.9531
11557884,26.1719,27.5391
11615676,26.4648,28.1250
11673756,26.3672,28.0273
11732128,27.4414,28.5156
11790792,27.1484,27.7344
11849748,27.2461,28.5156
11909000,26.1719,26.4648
11968548,28.6133,30.1758
12028392,25.1953,26.9531
12088536,27.7344,28.9063
12148980,27.2461,26.2695
12209728,28.5156,28.7109
12270780,27.9297,28.7109
12332136,31.2500,31.1523
12393800,27.2461,26.8555
12455772,27.0508,29.1992
12518052,28.3203,29.6875
12580644,33.1055,30.4688
12643548,28.2227,29.3945
12706768,29.2969,31.8359
12770304,29.2969,30.5664
12834156,29.1016,29.1016
12898328,26.2695,27.9297
12962820,26.4648,28.5156
13027636,27.1484,28.8086
13092776,26.3672,31.4453
13158240,26.0742,27.1484
13224032,27.4414,28.5156
13290156,27.4414,29.6875
13356608,25.7813,28.1250
13423392,26.8555,28.3203
13490512,26.9531,27.2461
13557968,28.1250,30.2734
13625760,28.0273,29.1992
13693892,28.0273,30.2734
13762364,27.5391,28.7109
13831176,26.9531,28.3203
13900332,26.7578,28.3203
13969836,27.9297,28.9063
14039688,27.8320,29.5898
14109888,26.3672,28.3203
14180440,28.5156,31.5430
14251344,26.6602,32.6172
14322604,29.1016,30.0781
14394220,25.4883,26.2695
14466192,25.1953,25.3906
14538524,26.9531,29.0039
14611220,25.8789,26.8555
14684280,28.7109,30.5664
14757704,26.8555,29.1016
14831496,26.0742,28.6133
14905656,26.5625,27.7344
14980188,26.8555,30.9570
15055092,27.5391,28.0273
15130368,27.8320,32.5195
15206020,27.7344,26.0742
15282052,26.0742,28.2227
15358464,28.7109,30.9570
15435260,26.1719,27.3438
15512440,28.1250,29.1992
15590004,27.1484,28.8086
15667956,27.2461,29.0039
15746296,26.4648,27.8320
15825028,29.1992,31.3477
15904156,28.1250,28.9063
15983680,27.7344,29.0039
16063600,28.5156,30.3711
16143920,28.0273,29.2969
16224640,28.1250,28.1250
16305764,26.3672,27.0508
16387296,25.3906,25.8789
16469236,27.0508,27.8320
16551584,28.0273,29.1016
16634344,26.9531,27.7344
16717516,29.4922,31.0547
16801104,29.4922,31.8359
16885112,31.1523,33.9844
16969540,30.1758,32.1289
17054388,28.5156,33.5938
17139660,28.5156,30.7617
17225360,26.7578,28.8086
17311488,28.9063,30.2734
17398048,27.2461,30.5664
17485040,29.9805,34.6680
17572468,28.6133,31.7383
17660332,29.5898,30.4688
17748636,28.6133,31.6406
17837380,29.5898,32.1289
17926568,28.1250,30.1758
18016204,26.3672,27.5391
18106288,29.9805,32.4219
18196820,28.1250,29.9805
18287808,48.0469,41.0156
18379248,28.8086,29.0039
18471148,29.3945,31.8359
18563504,27.0508,28.7109
18656324,28.6133,30.3711
18749608,28.1250,30.0781
18843360,26.9531,29.6875
18937580,30.3711,31.7383
19032268,29.6875,31.7383
19127432,31.4453,34.7656
19223072,27.8320,30.7617
19319188,27.7344,28.8086
19415784,27.6367,28.9063
19512864,29.2969,31.3477
19610432,31.3477,33.8867
19708488,26.4648,28.6133
19807032,28.4180,31.5430
19906068,26.7578,28.9063
20005600,32.3242,32.4219
20105628,29.1016,30.2734
20206160,27.5391,29.3945
20307192,29.1992,30.5664
20408728,27.6367,29.2969
20510772,27.1484,28.7109
20613328,27.8320,28.5156
20716396,28.6133,30.7617
20819980,29.6875,31.5430
20924080,26.0742,28.7109
21028704,32.7148,31.8359
21133848,28.1250,35.0586
21239520,40.1367,30.1758
21345720,27.9297,29.8828
21452452,29.3945,30.3711
21559716,31.9336,31.3477
21667516,29.1016,31.7383
21775856,30.3711,33.8867
21884736,28.5156,32.8125
21994160,31.8359,33.3008
22104132,29.1016,29.1992
22214656,29.8828,31.9336
22325732,29.7852,31.6406
22437364,28.8086,30.3711
22549552,29.0039,29.5898
22662300,31.0547,34.0820
22775612,31.4453,31.8359
22889492,29.3945,31.6406
23003940,29.1992,31.0547
23118960,29.7852,31.6406
23234556,25.8789,26.8555
23350732,29.0039,30.4688
23467488,29.5898,29.8828
23584828,29.7852,33.7891
23702756,29.4922,29.1016
23821272,28.9063,31.8359
23940380,31.2500,33.1055
24060084,31.8359,32.7148
24180388,32.4219,34.4727
24301292,29.0039,30.4688
24422800,28.5156,30.6641
24544916,30.2734,34.6680
24667644,34.3750,33.9844
24790984,28.6133,30.0781
24914940,28.1250,30.6641
25039516,29.4922,31.0547
25164716,33.3008,38.6719
25290540,31.1523,30.5664
25416996,33.0078,33.7891
25544084,33.8867,35.2539
25671808,29.8828,30.3711
25800168,35.0586,36.6211
25929172,30.9570,33.3008
26058820,32.4219,33.3008
26189116,38.1836,40.6250
26320064,36.2305,35.1563
26451668,36.5234,36.8164
26583928,33.7891,33.1055
26716848,34.4727,50.1953
26850436,35.8398,31.6406
26984692,30.6641,29.1992
27119616,31.2500,32.4219
27255216,33.0078,32.7148
27391496,45.9961,41.8945
27528456,42.4805,44.8242
27666100,37.2070,34.9609
27804432,36.9141,36.6211
27943456,36.2305,36.4258
28083176,37.0117,36.5234
28223592,36.2305,34.9609
28364712,34.3750,36.2305
28506536,34.7656,37.2070
28649072,34.9609,34.5703
28792320,34.6680,37.4023
28936284,42.8711,38.5742
29080968,35.3516,34.6680
29226376,39.5508,37.9883
29372508,40.8203,54.5898
29519372,38.2813,37.3047
29666972,39.0625,36.4258
29815308,39.6484,39.0625
29964388,42.7734,37.5000
30114212,36.4258,35.6445
30264784,35.4492,35.4492
30416108,32.0313,32.7148
30568192,48.2422,40.8203
30721036,39.8438,38.6719
30874644,35.9375,35.1563
31029020,39.1602,37.5000
31184168,42.0898,39.6484
31340092,39.6484,38.3789
31496796,39.8438,36.5234
31654280,46.9727,36.1328
31812552,42.5781,40.2344
31971616,38.5742,37.4023
32131476,35.6445,41.7969
32292136,44.9219,42.9688
32453600,41.5039,39.1602
32615868,40.2344,38.3789
32778948,40.2344,37.7930
32942844,41.5039,39.3555
33107560,44.1406,41.0156
33273100,41.0156,44.7266
33439468,41.3086,38.1836
33606668,42.7734,44.5313
33774704,44.7266,47.6563
33943580,51.7578,45.0195
34113300,44.7266,43.1641
34283868,55.8594,51.3672
34455288,42.9688,41.6016
34627568,42.9688,42.6758
34800708,55.4688,42.9688
34974712,41.4063,39.2578
35149588,44.8242,45.8008
35325336,47.1680,44.8242
35501964,46.7773,43.8477
35679476,39.3555,40.1367
35857876,47.3633,40.9180
36037168,45.3125,41.1133
36217356,46.7773,53.7109
36398444,54.0039,51.1719
36580440,48.6328,53.8086
36763344,49.1211,44.7266
36947164,50.3906,48.3398
37131900,46.7773,43.6523
37317560,49.6094,46.1914
37504148,47.4609,50.3906
37691672,55.7617,56.0547
37880132,50.9766,60.1563
38069536,65.7227,58.1055
38259884,61.8164,52.4414
38451184,60.9375,57.0313
38643440,62.3047,51.4648
38836660,55.1758,48.6328
39030844,69.8242,45.9961
39226000,48.9258,43.8477
39422132,50.5859,54.8828
39619244,58.0078,58.7891
39817344,50.2930,54.1992
40016432,52.7344,52.8320
40216516,52.2461,55.9570
40417600,55.8594,50.1953
40619688,51.5625,53.9063
40822788,56.3477,51.4648
41026904,67.0898,59.4727
41232040,65.3320,55.1758
41438204,58.8867,58.5938
41645396,58.9844,52.3438
41853624,57.7148,61.4258
42062896,56.3477,53.5156
42273212,55.6641,54.8828
42484580,55.5664,55.8594
42697004,55.8594,58.3984
42910492,58.4961,59.2773
43125048,65.6250,50.5859
43340676,65.1367,62.9883
43557380,69.6289,54.5898
43775168,57.2266,71.3867
43994044,57.0313,58.2031
44214016,58.5938,61.8164
44435088,63.2813,54.6875
44657264,88.6719,58.9844
44880552,60.9375,56.5430
45104956,67.9688,63.9648
45330484,98.0469,62.1094
45557140,64.4531,63.7695
45784928,64.4531,56.3477
46013856,58.4961,59.8633
46243928,74.2188,58.0078
46475148,66.2109,55.1758
46707524,59.2773,65.0391
46941064,72.2656,60.2539
47175772,61.4258,57.5195
47411652,76.8555,68.4570
47648712,76.4648,61.9141
47886956,63.7695,59.2773
48126392,69.3359,69.9219
48367024,65.8203,57.7148
48608860,65.4297,62.3047
48851908,82.0313,59.3750
49096168,62.3047,62.1094
49341652,64.4531,58.8867
49588364,98.1445,67.6758
49836308,70.2148,82.9102
50085492,61.7188,59.9609
50335920,72.6563,68.5547
50587600,60.1563,58.9844
50840540,72.4609,64.7461
51094744,74.9023,67.8711
51350220,85.9375,60.9375
51606972,69.3359,65.7227
51865008,70.9961,81.5430
52124336,66.3086,62.1094
52384960,71.7773,65.8203
52646888,69.3359,70.3125
52910124,73.8281,72.1680
53174676,79.7852,69.0430
53440552,70.5078,62.5977
53707756,73.2422,71.4844
53976296,71.0938,64.6484
54246180,73.4375,57.1289
54517412,70.5078,65.5273
54790000,70.9961,63.2813
55063952,68.3594,61.5234
55339272,78.8086,74.3164
55615972,80.5664,74.1211
55894052,79.1016,73.3398
56173524,74.0234,97.2656
56454392,84.2773,85.6445
56736664,72.9492,68.0664
57020348,79.0039,68.8477
57305452,75.0977,63.0859
57591980,81.0547,83.2031
57879940,85.3516,73.6328
58169340,83.7891,66.5039
58460188,104.2969,67.4805
58752492,76.4648,72.5586
59046256,68.5547,72.3633
59341488,75.2930,72.0703
59638196,73.6328,93.7500
59936388,66.6992,68.1641
60236072,72.9492,72.9492
60537256,77.5391,94.5313
60839944,70.4102,80.2734
61144144,85.9375,88.4766
61449868,91.6992,82.6172
61757120,82.1289,80.2734
62065908,76.9531,72.3633
62376240,79.2969,80.5664
62688124,74.5117,82.4219
63001568,132.5195,84.3750
63316576,119.2383,84.9609
63633160,80.3711,79.1992
63951328,82.6172,101.3672
64271088,95.7031,85.2539
64592444,107.4219,87.5977
64915408,87.2070,80.5664
65239988,75.2930,123.5352
65566188,90.4297,93.4570
65894020,80.6641,82.1289
66223492,78.8086,78.0273
66554612,82.8125,75.8789
66887388,103.1250,73.9258
