4,1.3672,1.6602
8,2.0508,6.0547
12,2.5391,8.0078
16,2.6367,9.3750
20,3.1250,10.4492
24,3.0273,12.8906
28,2.9297,13.0859
32,3.2227,13.9648
36,3.8086,14.5508
40,3.5156,15.2344
44,3.8086,15.3320
48,9.6680,16.2109
52,3.7109,16.6992
56,3.6133,16.7969
60,3.9063,16.7969
64,3.6133,17.4805
68,4.3945,18.0664
72,4.1992,18.5547
76,4.5898,18.2617
80,4.3945,17.8711
84,4.3945,18.7500
88,4.3945,18.2617
92,4.6875,17.7734
96,5.0781,18.3594
100,4.1992,18.9453
104,5.0781,19.6289
108,7.0313,19.6289
112,4.1992,21.0938
116,4.6875,21.1914
120,4.1992,20.5078
124,4.7852,25.6836
128,4.3945,21.6797
132,5.3711,22.1680
136,5.1758,21.8750
140,5.3711,23.0469
144,5.3711,21.9727
148,5.2734,22.0703
152,5.2734,22.9492
156,5.3711,21.1914
160,5.1758,23.2422
164,5.3711,22.5586
168,5.3711,22.4609
172,5.4688,22.2656
176,5.2734,23.3398
180,5.2734,22.0703
184,5.2734,22.0703
188,5.3711,22.3633
192,5.2734,22.9492
196,5.3711,22.7539
200,5.2734,22.8516
204,5.2734,22.8516
208,5.2734,23.8281
212,5.3711,23.9258
216,5.4688,24.3164
220,5.4688,25.9766
224,5.1758,23.4375
228,5.1758,24.4141
232,5.3711,25.0000
236,5.2734,24.3164
240,5.3711,24.7070
244,5.3711,24.9023
248,5.3711,25.3906
252,5.2734,24.8047
256,5.3711,26.0742
260,6.1523,25.9766
264,6.1523,24.9023
268,6.1523,25.5859
272,6.2500,24.7070
276,6.4453,25.8789
280,6.2500,25.6836
284,6.1523,25.0000
288,6.1523,24.8047
292,6.4453,25.2930
296,6.3477,24.7070
300,6.1523,25.1953
304,6.2500,25.3906
308,6.3477,26.1719
312,6.2500,25.4883
316,6.1523,25.7813
320,6.1523,25.6836
324,6.1523,25.0000
328,6.5430,25.5859
332,6.2500,24.8047
336,6.1523,24.5117
340,6.1523,25.5859
344,6.2500,24.9023
348,6.4453,25.4883
352,10.2539,25.6836
356,6.3477,25.5859
360,6.2500,26.0742
364,6.2500,25.8789
368,6.4453,25.7813
372,6.2500,26.7578
376,6.1523,25.7813
380,6.1523,25.7813
384,6.2500,26.0742
388,6.1523,25.7813
392,6.1523,25.5859
396,6.1523,26.0742
400,6.5430,25.5859
404,6.1523,26.2695
408,6.2500,26.5625
412,6.2500,26.5625
416,10.1563,25.9766
420,6.2500,26.8555
424,6.1523,26.6602
428,6.5430,27.1484
432,6.2500,26.3672
436,6.1523,26.7578
440,6.2500,27.7344
444,6.3477,27.9297
448,6.1523,27.5391
452,6.2500,27.3438
456,6.2500,26.9531
460,6.3477,27.4414
464,6.1523,28.2227
468,6.1523,27.1484
472,6.2500,27.8320
476,6.2500,27.9297
480,6.2500,28.1250
484,6.2500,28.0273
488,6.3477,27.7344
492,6.3477,28.5156
496,74.8047,28.6133
500,6.2500,28.1250
504,6.2500,28.3203
508,6.1523,28.2227
512,6.3477,29.2969
516,8.4961,27.9297
520,8.3984,27.6367
524,8.3008,29.4922
528,8.5938,30.7617
532,8.4961,103.0273
536,8.6914,29.1016
540,8.4961,28.7109
544,29.5898,29.2969
548,8.4961,44.9219
552,8.3008,28.6133
556,8.3984,28.5156
560,8.2031,28.4180
564,8.4961,28.7109
568,8.5938,28.3203
572,8.7891,28.3203
576,8.6914,29.0039
580,8.5938,30.9570
584,8.2031,28.9063
588,8.5938,28.6133
592,8.5938,28.3203
596,8.2031,28.8086
600,7.9102,28.9063
604,8.2031,28.8086
608,8.3008,29.0039
612,8.5938,29.3945
616,8.3984,28.5156
620,8.4961,29.4922
624,8.1055,28.5156
628,8.5938,29.1992
632,8.3984,28.8086
636,8.3984,28.9063
640,8.3984,29.1992
644,8.4961,27.8320
648,8.7891,29.1016
652,8.1055,29.1992
656,8.4961,28.4180
660,8.1055,28.3203
664,8.0078,29.1016
668,8.1055,27.9297
672,8.5938,28.5156
676,8.4961,29.0039
680,8.1055,28.2227
684,8.7891,28.8086
688,8.4961,29.0039
692,8.5938,29.7852
696,8.4961,31.6406
700,8.3008,29.7852
704,8.2031,29.3945
708,8.5938,29.5898
712,8.1055,28.9063
716,8.6914,29.1016
720,8.7891,29.1992
724,8.3984,29.2969
728,8.2031,30.1758
732,8.6914,29.2969
736,8.2031,29.2969
740,8.7891,29.1992
744,8.6914,29.2969
748,8.3984,29.3945
752,8.3008,29.1992
756,34.1797,32.4219
760,8.4961,31.6406
764,8.5938,30.5664
768,8.3984,31.0547
772,8.3008,31.5430
776,8.5938,30.7617
780,8.3008,30.2734
784,8.3984,30.8594
788,8.3008,30.1758
792,8.2031,30.9570
796,8.3008,30.0781
800,7.8125,30.6641
804,8.7891,30.0781
812,8.4961,30.9570
820,8.3984,28.6133
828,8.4961,30.4688
836,8.3008,30.5664
844,8.1055,30.7617
852,8.3984,30.6641
860,8.3008,30.7617
868,7.8125,30.8594
876,8.1055,30.3711
884,8.6914,31.3477
892,8.6914,31.3477
900,8.4961,31.4453
908,8.6914,31.0547
916,8.3008,31.0547
924,8.5938,32.1289
932,12.6953,31.3477
940,8.6914,30.7617
948,8.3984,30.3711
956,8.3984,32.5195
964,8.2031,31.9336
972,8.4961,31.4453
980,8.2031,32.3242
988,8.3008,31.4453
996,8.5938,31.0547
1004,8.3984,31.6406
1012,8.5938,31.1523
1020,8.3008,31.7383
1028,11.3281,35.9375
1036,11.1328,31.7383
1044,10.9375,31.2500
1052,11.2305,32.7148
1060,12.3047,32.3242
1068,10.8398,31.2500
1076,11.1328,31.4453
1084,11.8164,31.4453
1092,10.7422,32.4219
1100,10.7422,32.6172
1108,11.1328,31.3477
1116,11.2305,32.3242
1124,11.2305,33.0078
1132,11.6211,40.1367
1140,11.3281,30.9570
1148,10.9375,32.5195
1156,10.0586,32.3242
1164,11.9141,31.9336
1172,11.2305,32.7148
1180,10.6445,32.8125
1188,11.2305,33.3008
1196,11.9141,31.4453
1204,10.8398,32.2266
1212,11.8164,33.0078
1220,10.7422,33.1055
1228,9.7656,32.6172
1236,11.9141,31.8359
1244,11.0352,32.2266
1252,10.7422,33.0078
1260,11.4258,33.1055
1268,10.9375,32.6172
1276,10.4492,31.8359
1284,11.1328,32.8125
1292,12.2070,33.0078
1300,11.3281,32.9102
1308,10.2539,31.9336
1316,9.7656,33.2031
1324,11.4258,32.6172
1332,11.1328,33.0078
1340,12.0117,32.8125
1348,10.4492,31.8359
1356,11.5234,33.2031
1364,9.7656,33.4961
1372,10.5469,32.9102
1380,10.8398,32.9102
1388,10.5469,32.0313
1396,11.9141,33.4961
1404,11.7188,33.3984
1412,10.9375,33.3984
1420,11.2305,33.0078
1428,11.4258,32.7148
1436,11.1328,32.4219
1444,11.3281,33.1055
1452,11.2305,35.4492
1460,10.6445,33.5938
1468,11.0352,33.0078
1476,11.6211,33.0078
1484,11.5234,32.6172
1492,11.6211,33.2031
1500,11.4258,32.5195
1508,11.0352,32.9102
1516,11.1328,33.9844
1524,11.3281,33.3008
1532,10.3516,33.2031
1540,11.0352,33.3008
1548,11.0352,33.9844
1556,11.3281,33.3008
1564,11.4258,32.8125
1572,11.4258,34.0820
1580,10.4492,33.0078
1588,11.6211,34.3750
1596,11.4258,34.3750
1604,10.6445,32.9102
1616,11.6211,33.3984
1628,11.1328,33.3008
1640,11.5234,32.7148
1652,12.1094,32.9102
1664,11.9141,33.3984
1676,11.4258,34.0820
1688,10.7422,34.0820
1700,10.5469,34.7656
1712,11.6211,34.8633
1724,11.6211,35.4492
1736,11.2305,33.9844
1748,11.2305,33.1055
1760,71.5820,33.3984
1772,10.9375,33.7891
1784,10.9375,33.7891
1796,11.2305,34.5703
1808,10.8398,33.3008
1820,11.1328,33.7891
1832,12.0117,34.2773
1844,11.5234,33.5938
1856,10.4492,34.0820
1868,11.5234,34.4727
1880,10.4492,35.0586
1892,11.2305,34.7656
1904,11.4258,34.4727
1916,10.4492,35.0586
1928,11.6211,35.7422
1940,10.7422,35.4492
1952,11.5234,33.6914
1964,11.0352,34.4727
1976,11.8164,34.9609
1988,10.8398,34.9609
2000,10.9375,34.9609
2012,10.9375,35.1563
2024,11.1328,35.5469
2036,11.6211,34.7656
2048,11.2305,35.2539
2060,14.0625,35.4492
2072,13.9648,34.9609
2084,14.2578,35.1563
2096,14.0625,35.1563
2108,14.3555,35.8398
2120,14.4531,35.2539
2132,13.7695,40.0391
2144,13.9648,35.8398
2156,13.6719,35.1563
2168,13.9648,35.0586
2180,13.7695,35.5469
2192,13.3789,34.8633
2204,13.6719,35.8398
2216,14.1602,35.7422
2228,14.1602,35.6445
2240,13.8672,35.7422
2252,14.1602,34.7656
2264,13.4766,36.1328
2276,14.5508,35.1563
2288,13.7695,35.6445
2300,14.1602,35.5469
2312,14.4531,34.9609
2324,14.0625,36.2305
2336,14.3555,36.0352
2348,14.1602,35.6445
2360,13.7695,35.2539
2372,13.6719,36.1328
2384,14.0625,35.6445
2396,13.7695,34.4727
2408,14.1602,35.0586
2424,13.7695,36.6211
2440,14.5508,35.1563
2456,13.8672,35.3516
2472,14.1602,35.1563
2488,14.4531,36.0352
2504,14.2578,36.3281
2520,14.2578,36.6211
2536,14.3555,36.1328
2552,14.1602,35.4492
2568,14.0625,35.8398
2584,14.2578,36.4258
2600,13.6719,35.6445
2616,14.2578,36.1328
2632,16.0156,35.2539
2648,14.0625,35.5469
2664,13.9648,36.6211
2680,13.8672,36.3281
2696,13.5742,35.8398
2712,14.2578,36.4258
2728,13.8672,36.6211
2744,13.7695,36.0352
2760,14.8438,36.3281
2776,13.6719,35.8398
2792,13.7695,35.8398
2808,13.8672,36.8164
2824,13.6719,51.9531
2840,14.4531,107.1289
2856,14.2578,36.7188
2872,13.4766,36.3281
2888,13.8672,36.4258
2904,14.6484,36.8164
2920,13.9648,36.5234
2936,13.6719,36.0352
2952,13.8672,36.9141
2968,13.9648,36.3281
2984,14.1602,36.5234
3000,13.7695,40.1367
3016,14.0625,36.5234
3032,14.2578,37.0117
3048,14.2578,36.4258
3064,14.0625,36.4258
3080,14.2578,37.0117
3096,14.4531,36.3281
3112,14.3555,37.0117
3128,13.7695,36.1328
3144,13.6719,36.6211
3160,14.3555,36.8164
3176,13.6719,37.3047
3192,14.6484,38.0859
3208,14.0625,37.2070
3228,14.1602,36.4258
3248,14.3555,37.5977
3268,13.3789,36.7188
3288,14.4531,36.8164
3308,14.2578,36.7188
3328,13.5742,37.6953
3348,13.5742,37.4023
3368,14.4531,37.5000
3388,14.2578,37.9883
3408,14.2578,36.4258
3428,13.3789,36.1328
3448,14.2578,37.0117
3468,14.4531,36.7188
3488,13.9648,37.0117
3508,14.0625,37.4023
3528,14.0625,37.3047
3548,14.3555,37.5000
3568,14.0625,37.0117
3588,14.0625,37.9883
3608,13.8672,37.1094
3628,14.1602,37.5000
3648,14.0625,37.5977
3668,14.3555,36.6211
3688,13.7695,36.8164
3708,14.3555,38.5742
3728,14.1602,37.5977
3748,13.6719,38.0859
3768,14.0625,38.4766
3788,14.2578,37.2070
3808,14.3555,37.4023
3828,13.7695,37.9883
3848,14.0625,38.2813
3868,14.1602,38.0859
3888,14.1602,41.0156
3908,14.2578,38.5742
3928,14.3555,38.6719
3948,14.0625,38.4766
3968,14.2578,39.0625
3988,13.9648,37.8906
4008,13.5742,39.2578
4032,13.9648,37.9883
4056,13.9648,37.0117
4080,13.8672,38.9648
4104,17.6758,39.3555
4128,17.9688,38.8672
4152,17.3828,44.3359
4176,16.3086,38.2813
4200,17.4805,38.5742
4224,17.1875,38.5742
4248,17.7734,37.1094
4272,16.7969,38.7695
4296,16.6992,38.6719
4320,17.0898,38.2813
4344,16.1133,38.7695
4368,16.6992,39.1602
4392,16.9922,38.5742
4416,16.8945,41.2109
4440,16.8945,38.9648
4464,16.8945,38.8672
4488,16.6992,39.3555
4512,16.6016,38.1836
4536,17.3828,38.7695
4560,17.0898,38.0859
4584,16.5039,38.3789
4608,16.9922,40.0391
4632,17.4805,38.9648
4656,16.9922,38.4766
4680,23.0469,38.4766
4704,18.0664,39.3555
4728,17.5781,39.2578
4752,16.7969,38.3789
4776,16.6016,39.2578
4800,17.0898,39.0625
4824,17.8711,39.6484
4852,17.3828,39.5508
4880,17.6758,38.4766
4908,17.0898,39.2578
4936,16.4063,40.4297
4964,17.2852,39.5508
4992,17.2852,39.1602
5020,17.5781,39.8438
5048,16.7969,39.0625
5076,15.5273,38.9648
5104,17.4805,39.4531
5132,16.8945,38.9648
5160,16.9922,39.7461
5188,16.6016,38.9648
5216,17.6758,39.9414
5244,17.5781,39.2578
5272,20.7031,38.6719
5300,16.7969,39.7461
5328,16.6992,39.5508
5356,16.8945,37.6953
5384,16.9922,38.5742
5412,20.9961,45.4102
5440,16.8945,38.6719
5468,16.1133,40.4297
5496,17.3828,40.0391
5524,16.2109,40.1367
5552,16.8945,39.4531
5580,20.3125,39.8438
5608,17.1875,39.4531
5640,16.0156,39.9414
5672,16.1133,39.3555
5704,16.9922,40.3320
5736,16.7969,39.7461
5768,16.8945,40.1367
5800,17.0898,38.5742
5832,17.3828,39.1602
5864,17.2852,39.8438
5896,15.9180,39.9414
5928,19.1406,39.0625
5960,16.6992,39.3555
5992,17.2852,39.9414
6024,16.7969,39.8438
6056,17.7734,39.7461
6088,17.3828,40.3320
6120,16.8945,39.7461
6152,16.8945,39.2578
6184,17.2852,40.0391
6216,16.2109,40.0391
6248,16.7969,39.4531
6280,17.2852,41.6016
6312,16.6992,39.8438
6344,16.9922,40.1367
6376,17.0898,39.3555
6408,16.9922,39.6484
6444,17.1875,40.8203
6480,17.1875,40.0391
6516,17.3828,40.5273
6552,17.9688,40.2344
6588,16.1133,40.0391
6624,16.3086,41.2109
6660,16.7969,40.1367
6696,17.4805,40.3320
6732,17.0898,40.3320
6768,16.5039,57.1289
6804,17.8711,40.3320
6840,33.5938,39.4531
6876,16.1133,73.1445
6912,17.3828,40.8203
6948,16.6992,41.0156
6984,16.6992,40.5273
7020,19.5313,42.4805
7056,20.0195,41.2109
7092,16.7969,39.3555
7128,16.4063,40.1367
7164,16.8945,40.3320
7200,16.3086,40.5273
7236,16.8945,41.3086
7276,17.6758,40.4297
7316,17.1875,41.5039
7356,17.1875,41.0156
7396,17.1875,46.7773
7436,16.8945,42.0898
7476,17.4805,41.2109
7516,17.2852,41.1133
7556,16.7969,40.4297
7596,16.8945,41.5039
7636,17.7734,41.4063
7676,16.7969,40.4297
7716,16.7969,40.9180
7756,16.8945,41.4063
7796,16.8945,42.0898
7836,16.5039,43.1641
7876,17.1875,41.1133
7916,16.9922,41.6992
7956,17.1875,41.6992
7996,16.5039,41.7969
8036,17.3828,42.6758
8080,17.1875,41.6992
8124,17.4805,41.0156
8168,16.6016,41.9922
8212,20.6055,41.5039
8256,20.5078,50.2930
8300,20.7031,42.1875
8344,20.4102,42.8711
8388,19.7266,41.6992
8432,19.8242,41.5039
8476,20.1172,42.0898
8520,19.5313,42.1875
8564,20.0195,42.0898
8608,19.7266,42.3828
8652,19.5313,42.0898
8696,19.2383,41.6016
8740,20.0195,42.0898
8784,20.1172,42.0898
8828,20.0195,42.3828
8876,19.7266,40.8203
8924,19.8242,41.1133
8972,20.5078,41.8945
9020,19.9219,42.2852
9068,20.8008,42.6758
9116,20.2148,41.9922
9164,19.7266,41.4063
9212,19.8242,45.1172
9260,19.6289,42.2852
9308,19.4336,42.1875
9356,19.7266,41.8945
9404,20.6055,41.6016
9452,19.4336,41.8945
9500,19.7266,41.4063
9548,19.8242,41.5039
9596,19.8242,41.3086
9644,20.0195,42.1875
9696,27.1484,42.9688
9748,19.6289,42.7734
9800,20.2148,42.0898
9852,19.9219,41.4063
9904,20.1172,42.8711
9956,20.1172,41.3086
10008,19.5313,41.6992
10060,20.3125,41.7969
10112,19.8242,42.6758
10164,19.9219,42.0898
10216,19.5313,45.0195
10268,19.7266,41.5039
10320,20.3125,41.9922
10372,19.7266,42.3828
10424,19.8242,42.3828
10480,19.8242,42.5781
10536,20.6055,43.0664
10592,19.1406,42.2852
10648,20.4102,42.3828
10704,20.1172,42.2852
10760,19.7266,42.3828
10816,20.3125,42.4805
10872,19.5313,41.8945
10928,19.4336,42.7734
10984,20.2148,42.4805
11040,20.0195,42.8711
11096,20.0195,41.8945
11152,20.6055,42.6758
11208,20.1172,41.9922
11268,19.4336,42.6758
11328,19.4336,42.0898
11388,22.2656,43.3594
11448,19.7266,42.1875
11508,20.2148,42.3828
11568,20.0195,42.7734
11628,20.3125,42.7734
11688,19.9219,42.4805
11748,20.2148,42.1875
11808,19.6289,42.7734
11868,19.4336,41.8945
11928,20.0195,43.1641
11988,19.4336,46.2891
12048,20.1172,43.2617
12112,19.7266,43.5547
12176,19.7266,42.4805
12240,20.3125,43.8477
12304,20.4102,42.3828
12368,20.1172,42.8711
12432,19.9219,43.1641
12496,20.1172,44.8242
12560,19.9219,43.0664
12624,20.2148,47.8516
12688,19.8242,43.2617
12752,20.1172,42.6758
12816,19.5313,43.2617
12884,19.6289,43.5547
12952,20.0195,42.9688
13020,20.2148,44.5313
13088,20.3125,43.3594
13156,20.0195,43.1641
13224,20.1172,42.7734
13292,19.8242,44.2383
13360,20.8984,43.8477
13428,19.8242,43.8477
13496,19.9219,43.8477
13564,20.3125,43.0664
13632,19.7266,42.7734
13704,20.1172,43.8477
13776,20.4102,44.4336
13848,19.4336,43.3594
13920,19.7266,108.2031
13992,20.1172,46.4844
14064,20.5078,44.2383
14136,19.8242,43.4570
14208,19.8242,43.7500
14280,20.3125,43.8477
14352,20.1172,43.5547
14424,19.6289,44.5313
14500,20.4102,43.9453
14576,19.9219,43.5547
14652,19.8242,43.0664
14728,19.4336,45.9961
14804,20.2148,44.9219
14880,19.7266,43.2617
14956,20.1172,44.3359
15032,20.3125,45.2148
15108,20.4102,44.0430
15184,19.7266,43.5547
15260,19.7266,44.2383
15340,20.0195,44.0430
15420,19.8242,44.1406
15500,20.1172,44.4336
15580,20.1172,44.7266
15660,19.8242,44.2383
15740,20.4102,45.2148
15820,20.0195,44.0430
15900,19.7266,44.2383
15980,19.5313,43.4570
16060,20.6055,43.8477
16144,19.5313,44.0430
16228,20.5078,44.1406
16312,19.7266,44.0430
16396,51.5625,46.0938
16480,23.8281,45.1172
16564,23.6328,45.2148
16648,23.8281,45.3125
16732,22.9492,44.1406
16816,21.9727,44.4336
16904,23.7305,44.3359
16992,23.1445,44.6289
17080,23.1445,44.6289
17168,23.2422,52.1484
17256,23.9258,45.2148
17344,23.4375,45.8984
17432,22.7539,45.8984
17520,23.1445,45.9961
17608,23.6328,44.5313
17700,24.2188,45.9961
17792,23.2422,45.4102
17884,23.3398,45.2148
17976,23.6328,45.5078
18068,29.8828,44.1406
18160,23.0469,44.0430
18252,21.9727,44.2383
18344,23.2422,44.9219
18436,23.5352,44.1406
18532,23.1445,44.8242
18628,23.1445,45.6055
18724,23.3398,44.7266
18820,22.4609,44.9219
18916,23.5352,48.3398
19012,23.1445,45.7031
19108,23.1445,46.3867
19204,23.2422,45.2148
19304,22.9492,44.6289
19404,23.0469,45.6055
19504,22.9492,45.2148
19604,24.4141,46.5820
19704,83.0078,44.9219
19804,22.8516,47.9492
19904,23.5352,45.8984
20004,23.0469,45.3125
20108,23.6328,45.9961
20212,22.7539,45.8008
20316,22.9492,44.7266
20420,23.3398,46.6797
20524,23.9258,45.8008
20628,22.3633,45.8008
20732,22.7539,45.8984
20836,24.2188,49.2188
20944,22.9492,45.4102
21052,24.1211,45.8008
21160,23.0469,45.3125
21268,22.8516,45.0195
21376,23.3398,45.3125
21484,22.2656,44.9219
21592,23.1445,44.5313
21700,23.6328,45.8008
21812,23.5352,46.4844
21924,25.2930,47.0703
22036,23.4375,45.4102
22148,23.6328,45.9961
22260,22.7539,45.5078
22372,23.0469,47.0703
22484,23.2422,47.0703
22600,22.3633,45.5078
22716,22.5586,45.9961
22832,23.8281,46.1914
22948,23.8281,49.5117
23064,22.3633,46.5820
23180,23.6328,45.1172
23296,23.2422,45.1172
23416,23.6328,47.2656
23536,23.4375,46.3867
23656,23.4375,46.5820
23776,23.3398,45.8984
23896,23.8281,45.7031
24016,22.2656,45.6055
24140,23.2422,46.3867
24264,23.4375,45.7031
24388,23.2422,45.8984
24512,23.0469,46.7773
24636,22.8516,45.7031
24760,22.2656,46.8750
24884,23.6328,47.6563
25012,23.6328,45.6055
25140,23.3398,45.9961
25268,23.2422,48.3398
25396,22.8516,46.6797
25524,21.8750,46.4844
25652,23.4375,45.8984
25784,23.0469,46.9727
25916,22.8516,47.0703
26048,23.2422,47.5586
26180,23.3398,46.3867
26312,23.3398,46.8750
26444,23.3398,46.9727
26580,23.4375,46.5820
26716,24.1211,46.4844
26852,23.6328,46.5820
26988,23.3398,47.0703
27124,23.4375,47.6563
27260,23.1445,46.2891
27400,23.0469,46.0938
27540,22.6563,46.2891
27680,23.0469,49.2188
27820,23.7305,47.9492
27960,23.0469,47.2656
28100,22.8516,46.3867
28244,23.6328,46.4844
28388,23.2422,47.6563
28532,22.5586,46.8750
28676,23.0469,46.8750
28820,22.9492,47.2656
28968,23.0469,45.7031
29116,26.7578,47.3633
29264,23.2422,47.3633
29412,22.6563,47.8516
29560,23.0469,46.0938
29708,23.4375,46.6797
29860,23.5352,47.3633
30012,23.6328,47.7539
30164,22.6563,47.2656
30316,22.8516,46.2891
30468,22.7539,49.9023
30624,23.1445,46.8750
30780,23.4375,48.2422
30936,23.7305,47.9492
31092,22.8516,47.5586
31248,23.5352,47.7539
31408,22.9492,48.0469
31568,23.0469,47.7539
31728,22.9492,48.2422
31888,23.0469,47.6563
32048,23.7305,48.5352
32212,23.5352,48.5352
32376,23.2422,47.7539
32540,24.0234,48.1445
32704,22.5586,47.6563
32868,28.1250,48.1445
33036,25.8789,47.3633
33204,26.4648,47.6563
33372,27.0508,47.4609
33540,30.0781,48.7305
33708,25.9766,48.7305
33880,26.6602,47.3633
34052,26.3672,48.3398
34224,26.0742,47.8516
34396,26.6602,48.1445
34568,26.5625,49.0234
34744,27.0508,49.3164
34920,27.1484,48.1445
35096,48.7305,48.8281
35272,26.3672,48.1445
35452,27.0508,48.4375
35632,27.7344,49.1211
35812,26.8555,48.2422
35992,26.3672,49.2188
36172,26.9531,48.4375
36356,26.2695,49.6094
36540,26.5625,49.7070
36724,26.4648,49.2188
36908,26.6602,48.6328
37096,26.7578,48.8281
37284,26.1719,48.5352
37472,26.3672,48.3398
37660,25.8789,112.1094
37852,26.8555,49.2188
38044,26.2695,48.3398
38236,26.8555,48.9258
38428,27.0508,67.9688
38624,25.9766,82.2266
38820,26.8555,49.3164
39016,27.5391,50.1953
39212,27.1484,48.8281
39412,26.2695,49.4141
39612,27.0508,49.4141
39812,25.9766,51.7578
40012,26.3672,47.7539
40216,27.0508,49.9023
40420,26.1719,49.1211
40624,26.0742,49.9023
40828,26.7578,49.3164
41036,25.6836,49.8047
41244,26.6602,49.2188
41452,25.8789,50.1953
41660,29.8828,50.0000
41872,26.7578,49.7070
42084,26.8555,49.6094
42296,26.4648,48.8281
42508,26.1719,49.3164
42724,26.6602,50.1953
42940,25.5859,48.5352
43156,26.9531,50.0000
43372,27.0508,51.7578
43592,31.2500,50.6836
43812,26.1719,48.8281
44032,26.1719,49.6094
44256,26.6602,50.0977
44480,26.2695,49.0234
44704,26.5625,50.9766
44928,26.6602,49.9023
45156,26.5625,49.2188
45384,27.0508,49.5117
45612,26.5625,50.1953
45844,25.6836,50.5859
46076,26.2695,50.3906
46308,25.9766,49.4141
46540,27.3438,50.4883
46776,26.0742,49.4141
47012,26.6602,49.5117
47248,26.6602,49.8047
47488,26.2695,53.2227
47728,26.8555,50.6836
47968,26.5625,50.0977
48208,26.1719,49.9023
48452,26.9531,51.2695
48696,26.7578,51.0742
48940,27.2461,51.3672
49188,26.1719,50.8789
49436,26.7578,49.7070
49684,26.7578,52.7344
49936,27.0508,51.5625
50188,27.1484,50.1953
50440,26.7578,51.0742
50696,26.8555,50.7813
50952,25.5859,110.2539
51208,26.9531,50.1953
51468,26.5625,50.8789
51728,26.7578,56.2500
51988,26.9531,50.1953
52248,26.6602,51.1719
52512,27.5391,50.4883
52776,26.1719,51.1719
53040,27.2461,50.9766
53308,26.0742,50.3906
53576,26.5625,51.4648
53844,26.8555,52.1484
54116,26.5625,54.2969
54388,26.0742,50.7813
54660,27.1484,50.9766
54936,27.5391,51.1719
55212,27.0508,51.8555
55492,26.1719,50.4883
55772,27.2461,51.8555
56052,27.3438,51.0742
56336,26.6602,51.5625
56620,28.8086,51.5625
56904,25.8789,50.3906
57192,25.6836,50.1953
57480,27.1484,51.7578
57768,26.5625,51.5625
58060,25.1953,50.3906
58352,26.9531,52.3438
58644,25.5859,51.1719
58940,26.2695,50.0977
59236,26.2695,50.7813
59536,26.3672,51.5625
59836,26.2695,51.5625
60136,26.6602,52.3438
60440,26.3672,51.9531
60744,26.1719,51.3672
61048,26.7578,52.0508
61356,26.2695,51.6602
61664,26.9531,54.1016
61976,26.0742,51.4648
62288,26.2695,51.0742
62600,27.2461,52.6367
62916,26.8555,52.0508
63232,26.4648,52.2461
63552,26.5625,51.8555
63872,26.7578,51.5625
64192,26.8555,52.2461
64516,26.3672,51.8555
64840,26.7578,51.9531
65168,26.1719,52.1484
65496,28.9063,53.0273
65824,31.5430,53.7109
66156,30.0781,52.5391
66488,30.1758,53.3203
66824,30.3711,52.6367
67160,34.9609,54.4922
67496,29.3945,51.9531
67836,29.7852,53.5156
68176,29.2969,52.6367
68520,30.7617,116.0156
68864,29.5898,53.7109
69212,29.3945,52.5391
69560,30.2734,52.9297
69908,31.6406,54.6875
70260,29.5898,53.4180
70612,30.1758,53.9063
70968,29.5898,52.4414
71324,29.4922,52.2461
71684,29.9805,52.8320
72044,29.6875,52.9297
72408,30.1758,54.0039
72772,32.6172,53.5156
73136,28.6133,52.6367
73504,29.6875,54.9805
73872,29.9805,53.8086
74244,29.4922,53.4180
74616,29.7852,54.2969
74992,29.2969,53.8086
75368,30.2734,53.7109
75748,29.8828,53.4180
76128,30.3711,54.8828
76512,29.8828,53.9063
76896,28.3203,54.2969
77284,29.9805,53.9063
77672,31.0547,55.3711
78064,29.8828,53.1250
78456,29.9805,54.3945
78852,30.4688,58.5938
79248,30.3711,54.1992
79648,29.7852,54.4922
80048,29.9805,53.5156
80452,29.7852,53.1250
80856,30.2734,54.2969
81264,29.5898,54.0039
81672,30.1758,54.4922
82084,30.4688,56.3477
82496,29.1992,55.7617
82912,29.9805,54.1016
83328,29.5898,54.0039
83748,30.0781,54.5898
84168,30.0781,52.7344
84592,29.9805,54.5898
85016,30.4688,55.3711
85444,29.2969,56.1523
85872,30.7617,54.7852
86304,30.4688,55.4688
86736,30.3711,56.0547
87172,31.1523,54.7852
87608,29.5898,55.4688
88048,29.7852,55.4688
88492,29.3945,56.1523
88936,29.3945,53.2227
89384,30.2734,55.0781
89832,30.1758,54.6875
90284,30.1758,55.6641
90736,30.0781,113.3789
91192,30.4688,55.1758
91648,31.1523,54.9805
92108,29.7852,54.5898
92572,29.6875,59.2773
93036,30.0781,56.1523
93504,30.7617,54.0039
93972,29.9805,55.2734
94444,30.5664,54.8828
94920,30.3711,56.2500
95396,31.9336,55.8594
95876,30.6641,56.4453
96356,34.9609,56.2500
96840,30.4688,55.7617
97328,30.7617,56.3477
97816,29.9805,56.4453
98308,29.8828,56.1523
98800,29.8828,56.3477
99296,29.8828,55.7617
99796,31.2500,56.2500
100296,33.4961,55.7617
100800,29.1016,56.7383
101304,29.8828,56.4453
101812,29.4922,54.1992
102324,30.7617,55.1758
102836,31.3477,56.7383
103352,30.7617,56.6406
103872,30.3711,58.3984
104392,32.9102,55.1758
104916,30.7617,57.4219
105444,29.7852,55.0781
105972,30.4688,56.2500
106504,29.8828,56.2500
107040,30.5664,54.9805
107576,30.4688,57.5195
108116,29.7852,56.2500
108660,33.5938,56.1523
109204,30.3711,56.7383
109752,29.7852,56.1523
110304,30.2734,58.2031
110856,30.3711,57.1289
111412,29.4922,56.6406
111972,30.0781,54.8828
112532,30.2734,56.3477
113096,33.1055,56.3477
113664,29.6875,57.2266
114236,30.9570,57.5195
114808,30.0781,56.8359
115384,30.9570,57.3242
115964,30.3711,57.9102
116544,31.8359,58.9844
117128,30.9570,58.2031
117716,29.8828,57.8125
118308,31.3477,56.7383
118900,30.4688,57.1289
119496,91.3086,57.2266
120096,30.5664,57.7148
120700,30.5664,56.7383
121304,30.9570,57.3242
121912,32.0313,56.8359
122524,30.2734,58.1055
123140,30.0781,57.7148
123756,30.8594,76.1719
124376,30.6641,56.9336
125000,30.6641,56.8359
125628,30.1758,57.1289
126260,30.2734,58.1055
126892,30.2734,58.6914
127528,30.2734,58.3008
128168,30.9570,57.1289
128812,29.9805,57.1289
129460,30.2734,58.1055
130108,30.2734,57.2266
130760,30.3711,58.2031
131416,36.6211,79.8828
132076,35.1563,58.3984
132740,34.9609,58.3008
133404,35.1563,57.7148
134072,34.8633,57.1289
134744,34.5703,57.7148
135420,33.3984,57.5195
136100,34.3750,58.0078
136784,34.7656,57.3242
137468,34.7656,58.3008
138156,34.5703,58.7891
138848,33.3984,57.4219
139544,33.9844,57.1289
140244,34.2773,57.4219
140948,34.3750,54.9805
141656,35.0586,60.7422
142368,34.1797,57.5195
143080,35.4492,59.1797
143796,34.4727,58.3984
144516,34.0820,59.0820
145240,33.3984,57.5195
145968,34.2773,58.6914
146700,34.1797,58.6914
147436,34.1797,57.7148
148176,34.7656,58.4961
148920,34.6680,58.4961
149668,34.8633,58.0078
150420,34.1797,58.3984
151176,34.3750,57.4219
151932,34.1797,57.9102
152692,34.1797,61.5234
153456,34.5703,58.7891
154224,35.1563,59.5703
154996,33.7891,58.5938
155772,34.9609,59.4727
156552,51.9531,58.3008
157336,35.5469,77.8320
158124,70.7031,58.1055
158916,35.5469,59.8633
159712,34.9609,58.2031
160512,34.4727,58.8867
161316,36.6211,59.5703
162124,34.4727,58.2031
162936,34.2773,59.0820
163752,36.4258,58.4961
164572,34.4727,58.6914
165396,34.4727,58.9844
166224,34.2773,58.0078
167056,33.8867,58.5938
167892,33.7891,59.0820
168732,34.2773,58.2031
169576,33.7891,62.4023
170424,34.2773,57.9102
171280,33.5938,59.1797
172140,33.7891,59.5703
173004,33.9844,58.9844
173872,34.5703,58.7891
174744,36.2305,61.3281
175620,34.7656,58.4961
176500,34.4727,58.9844
177384,33.7891,59.5703
178272,34.6680,59.7656
179164,34.0820,60.0586
180060,33.7891,59.6680
180964,34.0820,59.6680
181872,32.9102,59.0820
182784,33.7891,63.3789
183700,34.2773,58.2031
184620,33.3984,59.4727
185544,34.2773,60.3516
186472,34.4727,59.2773
187408,34.7656,58.7891
188348,34.4727,60.1563
189292,34.2773,63.7695
190240,34.0820,60.1563
191192,34.1797,58.9844
192148,34.3750,59.6680
193112,34.8633,60.5469
194080,34.5703,59.8633
195052,34.5703,59.1797
196028,33.6914,58.8867
197012,36.9141,60.3516
198000,34.4727,60.0586
198992,96.0938,63.8672
199988,34.8633,60.0586
200988,35.1563,60.3516
201996,34.5703,60.6445
203008,34.2773,59.9609
204024,35.1563,60.2539
205048,34.1797,61.0352
206076,34.7656,60.2539
207108,34.2773,60.9375
208144,34.4727,59.4727
209188,33.4961,59.6680
210236,34.2773,60.3516
211288,34.9609,59.9609
212348,34.3750,60.5469
213412,35.2539,60.7422
214480,34.4727,60.4492
215556,34.9609,61.4258
216636,34.1797,61.3281
217720,34.1797,69.4336
218812,33.8867,60.2539
219908,34.0820,59.8633
221008,34.0820,61.1328
222116,34.6680,60.9375
223228,34.7656,60.9375
224348,34.6680,60.9375
225472,34.7656,61.9141
226600,34.8633,61.1328
227736,35.3516,59.7656
228876,33.6914,59.4727
230024,33.9844,60.9375
231176,34.7656,60.2539
232332,35.0586,62.0117
233496,33.9844,59.5703
234664,41.4063,60.8398
235840,33.4961,61.1328
237020,33.5938,58.7891
238208,33.7891,60.6445
239400,34.3750,60.5469
240600,34.6680,61.6211
241804,34.3750,59.5703
243016,39.3555,61.4258
244232,34.0820,60.8398
245456,34.2773,60.1563
246684,35.8398,63.1836
247920,33.5938,60.9375
249160,34.5703,62.1094
250408,35.0586,62.5000
251664,39.5508,62.1094
252924,33.9844,122.5586
254192,36.3281,62.0117
255464,35.1563,61.8164
256744,34.4727,62.2070
258028,34.5703,61.9141
259320,35.1563,67.3828
260620,34.9609,62.5977
261924,37.5977,65.6250
263236,41.6016,62.8906
264556,40.7227,62.8906
265880,40.4297,62.0117
267212,40.5273,61.3281
268552,40.3320,66.0156
269896,38.8672,61.3281
271248,39.9414,61.8164
272608,40.1367,61.7188
273972,39.7461,62.5977
275344,39.5508,62.1094
276724,38.8672,62.5000
278108,42.0898,62.6953
279500,40.2344,63.0859
280900,39.8438,63.4766
282308,40.0391,63.7695
283720,40.0391,61.6211
285140,40.1367,63.7695
286568,39.3555,64.2578
288004,39.5508,64.1602
289448,39.3555,63.2813
290896,38.7695,62.3047
292352,39.6484,63.3789
293816,38.6719,62.5977
295288,39.9414,64.1602
296768,39.6484,66.9922
298252,39.9414,63.4766
299744,39.9414,62.8906
301244,40.7227,62.6953
302752,39.5508,62.8906
304268,39.2578,62.4023
305792,40.9180,65.8203
307324,39.3555,65.2344
308864,39.2578,64.1602
310412,39.8438,64.4531
311968,39.8438,62.5000
313528,39.7461,64.3555
315096,38.4766,62.8906
316672,41.9922,65.7227
318256,39.7461,70.9961
319848,40.9180,64.2578
321448,39.9414,64.9414
323056,40.0391,63.9648
324672,39.0625,65.0391
326296,40.1367,69.5313
327928,41.2109,85.6445
329568,38.2813,63.7695
331216,39.9414,64.0625
332876,39.6484,64.4531
334544,39.5508,65.2344
336220,39.7461,70.2148
337904,38.9648,63.7695
339596,39.9414,65.3320
341296,40.4297,64.3555
343004,40.3320,64.2578
344720,40.1367,65.3320
346444,39.4531,64.3555
348180,40.1367,65.0391
349924,40.8203,66.0156
351676,39.7461,63.8672
353436,40.5273,66.7969
355204,39.6484,65.3320
356984,40.2344,64.3555
358772,40.7227,73.8281
360568,40.9180,66.1133
362372,40.6250,66.7969
364184,39.5508,65.4297
366008,40.5273,66.1133
367840,39.3555,65.3320
369680,40.5273,65.9180
371532,41.6016,65.9180
373392,40.5273,66.0156
375260,40.0391,66.7969
377140,39.9414,65.7227
379028,40.3320,66.0156
380924,40.4297,65.2344
382832,40.1367,69.6289
384748,41.0156,66.6992
386672,39.5508,65.2344
388608,41.5039,67.9688
390552,40.1367,65.8203
392508,39.8438,65.7227
394472,39.8438,66.7969
396448,44.1406,66.5039
398432,62.0117,75.5859
400428,42.7734,68.4570
402432,41.5039,66.6016
404448,42.2852,68.7500
406472,47.3633,68.4570
408508,40.8203,66.7969
410552,40.6250,65.8203
412608,40.0391,67.0898
414672,40.7227,66.0156
416748,41.0156,66.6016
418832,41.2109,70.8008
420928,40.6250,67.5781
423036,40.2344,67.2852
425152,39.3555,66.9922
427280,40.8203,66.4063
429420,40.7227,67.8711
431568,40.0391,66.4063
433728,41.3086,67.4805
435900,40.8203,68.1641
438080,41.2109,67.3828
440272,39.8438,65.7227
442476,41.3086,67.9688
444692,40.5273,66.5039
446916,44.0430,67.4805
449152,41.8945,66.7969
451400,40.5273,67.4805
453660,40.8203,69.2383
455932,42.0898,68.4570
458212,40.5273,68.9453
460504,45.4102,67.5781
462808,40.2344,68.7500
465124,40.3320,68.2617
467452,41.2109,67.4805
469792,40.9180,69.3359
472144,41.7969,68.2617
474508,47.0703,68.1641
476884,41.2109,68.0664
479272,40.9180,67.1875
481672,40.1367,68.1641
484084,41.3086,69.8242
486508,41.7969,68.4570
488944,44.1406,135.3516
491392,40.7227,69.2383
493852,41.7969,69.8242
496324,41.3086,69.0430
498808,41.5039,69.1406
501304,40.1367,72.4609
503812,40.1367,69.9219
506332,41.5039,70.5078
508864,41.4063,70.8984
511412,41.0156,68.2617
513972,41.1133,71.0938
516544,41.8945,69.4336
519128,41.2109,69.2383
521724,41.9922,70.0195
524336,55.3711,74.7070
526960,48.7305,70.2148
529596,47.8516,69.9219
532244,46.8750,74.6094
534908,47.1680,70.7031
537584,46.6797,70.6055
540272,47.0703,69.7266
542976,46.5820,69.5313
545692,46.7773,70.8984
548424,46.6797,71.7773
551168,46.5820,69.9219
553924,47.3633,70.6055
556696,46.4844,69.0430
559480,46.9727,71.3867
562280,46.2891,71.2891
565092,55.7617,71.9727
567920,47.4609,70.7031
570760,46.8750,71.4844
573616,47.4609,71.7773
576488,47.4609,71.4844
579372,47.6563,75.2930
582272,47.3633,71.7773
585184,47.4609,70.7031
588112,47.0703,70.8008
591056,45.8984,71.7773
594012,46.3867,70.5078
596984,112.0117,73.2422
599972,47.6563,72.1680
602972,47.5586,72.4609
605988,46.7773,72.9492
609020,47.6563,71.9727
612068,48.1445,78.2227
615132,47.8516,73.0469
618208,46.6797,72.5586
621300,48.5352,74.3164
624408,46.9727,72.8516
627532,46.9727,72.4609
630672,68.7500,74.2188
633828,48.0469,73.6328
637000,48.0469,73.1445
640188,47.8516,73.2422
643392,47.8516,73.3398
646612,47.6563,76.0742
649848,47.9492,73.3398
653100,48.1445,74.0234
656368,48.2422,74.0234
659652,47.9492,73.5352
662952,47.6563,73.3398
666268,47.9492,73.8281
669600,47.4609,75.0977
672948,47.2656,74.2188
676316,47.4609,73.9258
679700,47.5586,73.6328
683100,47.8516,78.0273
686516,48.7305,74.5117
689952,46.8750,73.2422
693404,47.7539,74.5117
696872,47.7539,74.5117
700360,48.6328,74.4141
703864,47.6563,75.4883
707384,48.1445,75.0000
710924,49.6094,71.4844
714480,46.2891,69.9219
718056,45.4102,80.8594
721648,45.7031,71.6797
725260,45.3125,72.4609
728888,45.8008,72.2656
732536,44.9219,72.0703
736200,46.3867,73.3398
739884,46.8750,72.7539
743584,46.0938,71.9727
747304,45.2148,72.0703
751044,45.5078,71.7773
754800,44.7266,73.0469
758576,46.1914,75.8789
762372,46.1914,73.5352
766184,46.6797,73.6328
770016,46.0938,72.5586
773868,45.5078,70.9961
777740,46.7773,73.2422
781632,49.9023,72.6563
785544,45.8008,73.9258
789472,45.7031,72.5586
793420,45.4102,73.7305
797388,45.7031,73.4375
801376,46.6797,79.0039
805384,45.9961,72.7539
809412,44.9219,73.9258
813460,46.9727,75.1953
817528,45.5078,74.1211
821616,45.1172,72.5586
825728,46.4844,74.6094
829860,45.9961,74.1211
834012,45.9961,75.6836
838184,46.5820,74.9023
842376,45.9961,74.2188
846588,46.9727,78.3203
850824,46.4844,74.9023
855080,46.6797,74.9023
859356,46.8750,76.7578
863656,45.8984,76.5625
867976,47.5586,79.9805
872316,48.1445,76.5625
876680,47.7539,75.9766
881064,46.8750,75.6836
885472,47.4609,99.5117
889900,52.5391,76.1719
894352,48.2422,75.7813
898824,49.2188,77.4414
903320,47.0703,75.6836
907840,47.1680,75.8789
912380,47.5586,79.4922
916944,47.8516,76.1719
921532,47.3633,77.3438
926140,47.1680,76.5625
930772,47.7539,76.8555
935428,47.2656,81.4453
940108,47.5586,77.5391
944812,46.6797,76.1719
949540,46.6797,76.6602
954288,47.5586,77.4414
959060,47.2656,77.8320
963856,48.3398,78.0273
968676,48.1445,76.7578
973520,47.5586,78.7109
978388,48.2422,78.6133
983280,46.8750,76.7578
988200,47.4609,77.4414
993144,47.6563,78.2227
998112,47.9492,78.2227
1003104,46.9727,78.9063
1008120,47.7539,78.3203
1013164,48.1445,76.8555
1018232,48.4375,77.5391
1023324,48.1445,78.5156
1028444,47.5586,79.0039
1033588,50.3906,83.1055
1038756,67.8711,100.8789
1043952,67.7734,115.0391
1049172,55.6641,80.4688
1054420,53.1250,79.7852
1059696,57.4219,79.7852
1064996,53.7109,78.9063
1070324,61.1328,82.0313
1075676,55.3711,78.9063
1081056,54.4922,79.3945
1086464,54.7852,80.6641
1091900,53.6133,79.4922
1097360,52.2461,79.5898
1102848,53.6133,78.9063
1108364,54.2969,80.4688
1113908,53.9063,80.7617
1119480,53.0273,78.2227
1125080,53.1250,79.7852
1130708,53.3203,81.7383
1136364,54.6875,81.4453
1142048,54.0039,81.4453
1147760,54.8828,78.6133
1153500,55.3711,82.6172
1159268,52.9297,81.6406
1165068,56.1523,83.9844
1170896,53.4180,79.2969
1176752,54.6875,80.6641
1182636,53.8086,81.4453
1188552,57.3242,81.4453
1194496,53.3203,80.8594
1200472,54.1992,82.0313
1206476,54.4922,146.2891
1212512,54.1992,90.7227
1218576,54.4922,82.2266
1224672,53.1250,81.8359
1230796,54.8828,83.1055
1236952,54.8828,80.7617
1243140,58.3984,81.0547
1249356,53.2227,80.1758
1255604,54.3945,82.5195
1261884,53.5156,82.1289
1268196,54.8828,85.1563
1274540,55.1758,83.4961
1280916,54.2969,81.6406
1287324,54.7852,82.3242
1293764,54.9805,81.1523
1300236,55.4688,83.8867
1306740,54.6875,84.6680
1313276,53.1250,82.2266
1319844,54.8828,82.3242
1326444,54.6875,82.4219
1333080,54.8828,82.7148
1339748,54.6875,83.4961
1346448,54.6875,82.3242
1353184,55.9570,85.7422
1359952,54.6875,90.2344
1366752,54.6875,84.2773
1373588,53.7109,83.0078
1380456,54.9805,83.3984
1387360,54.1992,83.7891
1394300,57.2266,85.1563
1401272,54.1992,84.0820
1408280,54.7852,84.8633
1415324,55.4688,83.6914
1422404,54.1992,92.0898
1429520,55.8594,84.7656
1436668,55.5664,82.9102
1443852,54.8828,83.0078
1451072,55.6641,87.3047
1458328,54.6875,83.5938
1465620,54.6875,83.0078
1472952,53.6133,84.0820
1480320,55.8594,84.2773
1487724,59.8633,84.7656
1495164,55.4688,84.7656
1502640,54.7852,84.6680
1510156,55.1758,85.3516
1517708,55.7617,87.2070
1525300,55.7617,83.9844
1532928,54.2969,84.7656
1540596,54.4922,83.9844
1548300,55.2734,86.3281
1556044,58.3008,86.4258
1563828,55.2734,86.9141
1571648,57.8125,87.5977
1579508,54.9805,85.2539
1587408,55.0781,86.3281
1595348,56.3477,86.1328
1603328,82.6172,87.3047
1611348,64.0625,86.5234
1619408,56.2500,87.1094
1627508,55.9570,153.0273
1635648,56.8359,88.1836
1643828,55.7617,87.5000
1652048,56.2500,85.7422
1660312,56.6406,87.6953
1668616,56.4453,88.7695
1676960,56.0547,85.6445
1685348,57.0313,88.4766
1693776,56.5430,86.1328
1702248,56.3477,87.4023
1710760,55.3711,90.0391
1719316,56.6406,87.6953
1727916,56.8359,88.2813
1736556,78.8086,87.4023
1745240,56.4453,93.0664
1753968,56.5430,87.5000
1762740,55.6641,84.4727
1771556,55.7617,87.8906
1780416,55.8594,87.6953
1789320,56.5430,87.9883
1798268,56.9336,88.9648
1807260,57.2266,89.1602
1816300,56.1523,87.5000
1825384,56.4453,88.8672
1834512,56.1523,86.2305
1843688,57.9102,90.0391
1852908,55.9570,86.7188
1862176,59.9609,87.7930
1871488,56.7383,90.9180
1880848,56.1523,179.1992
1890256,72.4609,90.1367
1899708,57.5195,89.2578
1909208,57.7148,87.5977
1918756,81.0547,89.0625
1928352,56.3477,89.5508
1937996,58.7891,90.9180
1947688,57.7148,88.8672
1957428,58.0078,90.1367
1967216,57.0313,99.6094
1977056,58.3008,91.0156
1986944,57.2266,89.5508
1996880,57.0313,89.2578
2006868,58.4961,92.2852
2016904,58.3984,90.3320
2026992,57.3242,90.1367
2037128,56.4453,89.5508
2047316,57.2266,91.8945
2057556,57.1289,90.7227
2067844,58.4961,91.3086
2078184,56.9336,91.5039
2088576,56.9336,92.1875
2099020,64.2578,91.3086
2109516,63.5742,91.5039
2120064,65.7227,92.1875
2130668,65.2344,93.6523
2141324,62.9883,90.5273
2152032,63.6719,93.2617
2162796,62.5977,90.2344
2173612,63.1836,92.1875
2184484,63.3789,90.1367
2195408,64.8438,91.8945
2206388,62.2070,90.9180
2217420,66.5039,91.3086
2228508,63.5742,92.9688
2239652,64.6484,92.0898
2250852,62.4023,90.7227
2262108,65.0391,92.5781
2273420,63.5742,92.3828
2284788,64.6484,92.8711
2296212,63.7695,93.4570
2307696,63.4766,90.9180
2319236,63.5742,93.2617
2330836,64.7461,89.7461
2342492,63.4766,94.5313
2354208,62.3047,91.1133
2365980,65.1367,91.6992
2377812,64.3555,91.8945
2389704,63.9648,92.0898
2401656,62.7930,92.4805
2413668,62.5000,93.2617
2425740,65.3320,94.9219
2437872,70.4102,94.0430
2450064,63.3789,96.8750
2462316,64.6484,95.5078
2474628,64.2578,94.2383
2487004,64.1602,92.4805
2499440,67.8711,95.1172
2511940,63.4766,91.8945
2524500,63.7695,94.3359
2537124,63.4766,92.8711
2549812,65.0391,93.5547
2562564,64.8438,95.2148
2575380,63.6719,92.9688
2588260,63.3789,99.4141
2601204,63.6719,93.5547
2614212,65.2344,93.6523
2627284,64.3555,94.0430
2640424,65.6250,94.9219
2653628,64.2578,93.7500
2666900,65.2344,94.4336
2680236,65.8203,96.7773
2693640,63.9648,94.0430
2707112,64.5508,94.3359
2720648,64.8438,95.0195
2734252,63.4766,94.5313
2747924,64.9414,94.5313
2761664,64.3555,93.9453
2775476,65.5273,95.4102
2789356,63.9648,94.8242
2803304,65.6250,94.9219
2817324,64.7461,95.8008
2831412,65.6250,94.5313
2845572,63.6719,94.9219
2859800,65.8203,96.4844
2874100,64.3555,94.7266
2888472,64.8438,94.8242
2902916,64.6484,95.1172
2917432,64.4531,94.8242
2932020,64.6484,96.7773
2946684,64.1602,94.3359
2961420,64.6484,94.7266
2976228,64.4531,95.5078
2991112,66.1133,95.3125
3006068,64.9414,95.3125
3021100,65.4297,94.6289
3036208,67.6758,95.3125
3051392,64.0625,96.2891
3066652,65.8203,96.2891
3081988,64.7461,97.9492
3097400,65.0391,97.7539
3112888,70.0195,97.5586
3128456,64.6484,96.2891
3144100,68.8477,99.0234
3159824,65.7227,95.6055
3175624,65.7227,97.0703
3191504,65.5273,98.2422
3207464,65.0391,95.8984
3223504,66.0156,95.8984
3239624,65.4297,97.6563
3255824,63.7695,95.1172
3272104,65.1367,96.5820
3288468,64.3555,96.6797
3304912,68.1641,95.5078
3321440,65.4297,96.7773
3338048,65.5273,96.7773
3354740,64.3555,98.9258
3371516,64.3555,96.0938
3388376,67.2852,100.8789
3405320,65.5273,95.8984
3422348,65.9180,97.8516
3439460,64.6484,98.0469
3456660,66.1133,96.3867
3473944,69.4336,98.6328
3491316,76.4648,98.2422
3508776,65.7227,98.6328
3526320,66.5039,99.0234
3543952,66.8945,98.8281
3561672,65.8203,100.1953
3579484,67.0898,103.6133
3597384,68.3594,97.9492
3615372,65.6250,100.6836
3633452,66.5039,99.1211
3651620,67.1875,99.3164
3669880,73.9258,104.9805
3688232,66.2109,98.2422
3706676,66.6016,99.0234
3725212,65.3320,100.3906
3743840,65.9180,98.2422
3762560,66.4063,99.9023
3781376,67.6758,101.7578
3800284,66.2109,99.1211
3819288,66.6016,101.7578
3838388,66.6016,103.0273
3857580,65.8203,100.7813
3876868,66.4063,100.4883
3896256,66.1133,101.2695
3915740,67.1875,100.5859
3935320,67.1875,102.3438
3955000,67.1875,104.2969
3974776,66.6992,101.2695
3994652,66.2109,101.3672
4014628,66.4063,98.5352
4034704,66.6016,99.6094
4054880,65.4297,100.2930
4075156,66.0156,99.8047
4095532,65.9180,99.5117
4116012,66.3086,102.0508
4136596,65.6250,100.7813
4157280,67.9688,100.7813
4178068,68.6523,103.8086
4198960,73.4375,102.7344
4219956,73.5352,100.9766
4241056,72.9492,99.8047
4262264,70.5078,99.8047
4283576,72.2656,107.6172
4304996,73.9258,101.3672
4326524,74.1211,101.7578
4348160,83.5938,109.6680
4369904,73.2422,100.0977
4391756,74.1211,103.9063
4413716,74.9023,103.4180
4435788,74.6094,102.0508
4457968,73.7305,104.1016
4480260,74.4141,101.8555
4502664,75.0000,100.0000
4525180,72.1680,101.4648
4547808,72.6563,101.8555
4570548,72.3633,101.3672
4593404,72.9492,103.4180
4616372,72.8516,100.6836
4639456,74.4141,103.5156
4662656,78.1250,100.0000
4685972,74.5117,103.9063
4709404,73.7305,102.4414
4732952,74.9023,105.7617
4756620,74.5117,105.6641
4780404,74.6094,104.9805
4804308,73.7305,103.6133
4828332,74.5117,101.4648
4852476,73.9258,104.5898
4876740,74.7070,103.2227
4901124,73.8281,102.8320
4925632,72.4609,101.8555
4950264,72.1680,100.9766
4975016,73.1445,102.3438
4999892,76.3672,103.0273
5024892,73.5352,102.6367
5050020,73.1445,104.1016
5075272,72.8516,103.4180
5100652,72.9492,104.1016
5126156,74.0234,107.0313
5151788,74.3164,104.7852
5177548,75.1953,104.7852
5203436,73.8281,112.5000
5229456,74.4141,103.2227
5255604,74.2188,105.1758
5281884,74.0234,104.2969
5308296,75.0000,105.2734
5334840,74.5117,105.3711
5361516,73.3398,103.5156
5388324,75.4883,105.8594
5415268,90.8203,114.1602
5442348,75.4883,104.1016
5469560,75.5859,105.0781
5496908,74.8047,103.4180
5524396,75.8789,105.8594
5552020,74.8047,105.3711
5579784,77.2461,106.4453
5607684,142.1875,104.3945
5635724,75.5859,106.2500
5663904,75.2930,106.7383
5692224,74.4141,105.1758
5720688,87.3047,105.3711
5749292,74.5117,106.6406
5778040,75.4883,107.2266
5806932,74.2188,105.8594
5835968,75.0000,105.0781
5865148,75.2930,104.7852
5894476,75.5859,106.9336
5923952,75.6836,105.6641
5953572,74.8047,106.6406
5983340,75.4883,107.8125
6013260,74.0234,104.1992
6043328,73.8281,107.9102
6073548,74.8047,105.7617
6103916,75.1953,167.5781
6134436,74.9023,106.0547
6165112,122.3633,106.7383
6195940,80.9570,108.2031
6226920,74.1211,106.4453
6258056,73.7305,108.9844
6289348,75.4883,104.0039
6320796,74.3164,106.8359
6352400,76.3672,106.2500
6384164,77.3438,108.3984
6416088,75.6836,111.2305
6448172,75.6836,109.8633
6480416,75.3906,106.8359
6512820,79.5898,108.2031
6545388,75.7813,106.6406
6578116,75.0000,107.9102
6611008,75.0000,107.2266
6644064,75.7813,110.4492
6677288,76.2695,107.4219
6710676,76.7578,110.6445
6744232,75.8789,107.7148
6777956,75.6836,106.5430
6811848,74.9023,107.1289
6845908,74.7070,106.3477
6880140,73.9258,105.8594
6914544,75.6836,109.1797
6949120,75.6836,109.8633
6983868,82.4219,109.7656
7018788,75.5859,108.7891
7053884,75.8789,108.1055
7089156,74.4141,108.7891
7124604,75.8789,108.8867
7160228,75.1953,109.7656
7196032,76.1719,172.6563
7232016,76.7578,110.9375
7268180,76.8555,109.4727
7304524,75.9766,108.4961
7341048,77.2461,109.9609
7377756,76.8555,114.9414
7414648,76.8555,108.3984
7451724,76.0742,108.5938
7488984,74.7070,107.4219
7526432,76.4648,109.9609
7564068,79.5898,109.4727
7601892,78.3203,111.4258
7639904,76.6602,108.8867
7678104,74.9023,107.6172
7716496,76.0742,115.3320
7755080,74.7070,106.6406
7793856,137.2070,138.2813
7832828,75.1953,110.1563
7871996,75.5859,108.9844
7911356,77.9297,111.2305
7950916,75.8789,112.7930
7990672,76.2695,109.1797
8030628,75.5859,109.6680
8070784,81.8359,110.9375
8111140,89.4531,114.5508
8151696,82.4219,112.0117
8192456,81.3477,112.5977
8233420,78.3203,138.5742
8274588,113.9648,114.1602
8315964,78.4180,114.1602
8357544,77.9297,113.1836
8399332,85.5469,117.8711
8441332,85.5469,113.9648
8483540,82.5195,114.7461
8525960,83.9844,113.9648
8568592,83.2031,115.9180
8611436,83.6914,111.5234
8654496,84.0820,112.7930
8697772,82.8125,112.1094
8741264,84.3750,113.0859
8784972,83.3984,111.2305
8828900,83.3008,115.3320
8873048,84.3750,113.1836
8917416,83.8867,112.4023
8962004,83.6914,112.4023
9006816,83.9844,114.4531
9051852,83.2031,112.8906
9097112,83.2031,112.7930
9142600,83.4961,112.6953
9188316,82.9102,111.7188
9234260,82.9102,112.4023
9280432,83.3984,114.2578
9326836,83.2031,112.7930
9373472,84.8633,113.6719
9420340,83.6914,177.5391
9467444,84.0820,116.2109
9514784,82.9102,112.2070
9562360,84.5703,115.5273
9610172,83.7891,114.1602
9658224,85.1563,114.3555
9706516,83.3008,112.4023
9755052,84.6680,111.8164
9803828,84.0820,114.1602
9852848,84.3750,113.2813
9902116,82.6172,111.7188
9951628,83.8867,113.7695
10001388,85.0586,114.4531
10051396,87.7930,113.5742
10101656,84.1797,115.0391
10152168,83.7891,115.6250
10202932,83.0078,114.3555
10253948,84.2773,115.0391
10305220,84.0820,120.0195
10356748,82.9102,113.6719
10408532,85.6445,146.0938
10460576,83.9844,116.3086
10512880,85.0586,116.2109
10565448,84.2773,114.1602
10618276,83.1055,115.7227
10671368,83.2031,113.2813
10724728,87.5000,116.4063
10778352,85.0586,115.6250
10832244,83.4961,115.8203
10886408,83.7891,115.9180
10940844,85.5469,114.3555
10995552,84.7656,119.1406
11050532,84.4727,115.5273
11105788,84.4727,114.0625
11161320,84.8633,118.6523
11217128,86.4258,115.6250
11273216,86.2305,116.7969
11329584,84.1797,114.3555
11386232,84.0820,119.3359
11443164,84.1797,116.7969
11500380,84.4727,115.1367
11557884,84.4727,113.5742
11615676,83.5938,116.1133
11673756,84.1797,116.2109
11732128,87.0117,118.3594
11790792,84.0820,116.5039
11849748,84.7656,116.2109
11909000,83.7891,115.5273
11968548,83.4961,115.3320
12028392,85.3516,113.4766
12088536,85.9375,117.1875
12148980,90.1367,117.7734
12209728,84.9609,116.9922
12270780,84.0820,118.8477
12332136,83.4961,114.4531
12393800,85.9375,120.7031
12455772,86.3281,119.9219
12518052,85.8398,118.9453
12580644,86.8164,120.4102
12643548,85.5469,119.7266
12706768,84.0820,119.6289
12770304,86.4258,118.7500
12834156,83.3984,116.9922
12898328,84.2773,118.9453
12962820,85.3516,117.3828
13027636,85.3516,119.3359
13092776,84.5703,116.2109
13158240,83.8867,116.9922
13224032,84.3750,116.3086
13290156,87.9883,119.0430
13356608,85.3516,117.1875
13423392,85.3516,116.9922
13490512,99.7070,119.3359
13557968,85.2539,121.5820
13625760,87.2070,119.3359
13693892,85.0586,118.1641
13762364,86.4258,118.9453
13831176,85.7422,121.0938
13900332,84.0820,118.2617
13969836,84.0820,117.3828
14039688,84.9609,119.9219
14109888,86.7188,122.5586
14180440,84.0820,119.0430
14251344,86.1328,121.2891
14322604,84.5703,121.6797
14394220,83.9844,118.8477
14466192,89.6484,121.4844
14538524,87.0117,120.5078
14611220,87.3047,119.6289
14684280,90.6250,123.6328
14757704,85.1563,122.9492
14831496,86.3281,120.8008
14905656,88.0859,119.7266
14980188,87.4023,124.9023
15055092,85.4492,120.5078
15130368,86.2305,119.7266
15206020,86.4258,124.4141
15282052,86.4258,123.2422
15358464,86.7188,119.6289
15435260,88.2813,121.9727
15512440,87.3047,120.9961
15590004,84.8633,123.7305
15667956,85.9375,119.6289
15746296,86.2305,121.1914
15825028,85.0586,122.2656
15904156,86.4258,122.7539
15983680,87.7930,121.1914
16063600,85.5469,121.0938
16143920,87.2070,123.1445
16224640,85.7422,122.6563
16305764,86.2305,120.6055
16387296,88.6719,122.5586
16469236,87.1094,124.9023
16551584,86.4258,121.2891
16634344,87.3047,121.1914
16717516,89.0625,123.3398
16801104,96.8750,127.6367
16885112,94.2383,125.1953
16969540,98.3398,124.1211
17054388,95.8984,124.3164
17139660,92.4805,123.1445
17225360,93.7500,122.4609
17311488,94.1406,122.5586
17398048,94.8242,122.6563
17485040,97.5586,124.7070
17572468,94.3359,124.8047
17660332,93.5547,123.2422
17748636,93.8477,121.8750
17837380,96.0938,125.0000
17926568,101.5625,123.1445
18016204,92.9688,126.2695
18106288,94.4336,123.2422
18196820,92.7734,123.7305
18287808,107.2266,133.3984
18379248,107.3242,127.4414
18471148,99.6094,126.0742
18563504,95.9961,123.7305
18656324,95.3125,123.9258
18749608,94.3359,124.8047
18843360,93.8477,123.6328
18937580,95.1172,136.5234
19032268,96.2891,126.4648
19127432,93.6523,125.0000
19223072,95.7031,126.0742
19319188,95.7031,124.3164
19415784,93.7500,125.1953
19512864,94.2383,124.4141
19610432,93.4570,122.4609
19708488,95.0195,127.1484
19807032,94.2383,126.2695
19906068,94.8242,126.4648
20005600,96.6797,123.0469
20105628,92.5781,124.8047
20206160,98.1445,124.5117
20307192,92.7734,123.9258
20408728,95.6055,128.1250
20510772,106.7383,128.9063
20613328,100.8789,128.1250
20716396,95.9961,125.6836
20819980,96.2891,125.8789
20924080,96.5820,125.9766
21028704,95.8008,127.5391
21133848,95.8984,127.2461
21239520,120.8984,130.0781
21345720,105.9570,127.5391
21452452,102.4414,131.2500
21559716,97.2656,128.3203
21667516,100.1953,130.9570
21775856,97.7539,128.0273
21884736,122.2656,140.4297
21994160,107.8125,133.9844
22104132,104.4922,129.5898
22214656,98.8281,127.9297
22325732,97.7539,128.0273
22437364,105.7617,129.8828
22549552,102.6367,130.1758
22662300,100.7813,129.5898
22775612,98.4375,125.3906
22889492,96.9727,128.1250
23003940,96.3867,176.0742
23118960,106.6406,152.7344
23234556,103.2227,131.0547
23350732,120.8984,136.8164
23467488,98.2422,129.8828
23584828,96.6797,127.6367
23702756,99.4141,140.5273
23821272,107.5195,131.8359
23940380,103.1250,135.1563
24060084,105.5664,133.2031
24180388,99.0234,129.6875
24301292,103.4180,187.6953
24422800,114.6484,137.3047
24544916,108.0078,163.1836
24667644,105.6641,133.0078
24790984,105.0781,143.5547
24914940,112.0117,132.8125
25039516,104.4922,132.8125
25164716,118.9453,136.7188
25290540,104.7852,134.1797
25416996,102.4414,139.1602
25544084,105.6641,132.7148
25671808,103.5156,134.3750
25800168,137.7930,144.4336
25929172,114.8438,149.3164
26058820,122.3633,139.4531
26189116,113.6719,138.6719
26320064,107.3242,136.3281
26451668,116.6016,138.3789
26583928,120.5078,142.8711
26716848,115.2344,140.6250
26850436,121.3867,140.2344
26984692,110.0586,143.2617
27119616,143.4570,151.5625
27255216,123.2422,142.3828
27391496,160.3516,161.1328
27528456,145.0195,156.1523
27666100,111.9141,134.2773
27804432,113.8672,134.2773
27943456,115.6250,150.7813
28083176,111.2305,142.5781
28223592,109.1797,138.5742
28364712,120.7031,145.5078
28506536,115.4297,142.5781
28649072,113.0859,140.3320
28792320,113.3789,142.6758
28936284,134.3750,178.8086
29080968,119.2383,142.4805
29226376,122.6563,144.6289
29372508,116.9922,145.6055
29519372,137.6953,146.1914
29666972,125.3906,147.6563
29815308,122.9492,143.6523
29964388,137.6953,153.9063
30114212,127.2461,148.0469
30264784,120.7031,147.4609
30416108,150.6836,151.9531
30568192,125.0977,146.4844
30721036,125.3906,148.5352
30874644,122.5586,148.1445
31029020,124.5117,150.9766
31184168,122.9492,150.2930
31340092,122.6563,149.3164
31496796,293.6523,166.7969
31654280,137.9883,157.4219
31812552,139.8438,150.0000
31971616,200.0000,176.9531
32131476,146.2891,160.6445
32292136,138.0859,156.1523
32453600,154.8828,162.1094
32615868,159.0820,160.6445
32778948,151.6602,186.2305
32942844,161.0352,189.6484
33107560,175.4883,192.3828
33273100,169.4336,181.4453
33439468,232.5195,169.1406
33606668,208.5938,174.4141
33774704,163.5742,168.9453
33943580,179.8828,187.5000
34113300,166.8945,185.0586
34283868,154.8828,184.3750
34455288,167.4805,190.6250
34627568,149.6094,199.9023
34800708,168.6523,200.1953
34974712,160.2539,173.7305
35149588,179.1016,179.3945
35325336,185.3516,177.4414
35501964,226.1719,177.5391
35679476,172.0703,206.0547
35857876,226.4648,181.0547
36037168,165.3320,217.2852
36217356,163.3789,227.8320
36398444,162.9883,177.4414
36580440,164.9414,193.0664
36763344,194.8242,179.3945
36947164,169.8242,210.2539
37131900,180.8594,182.4219
37317560,171.2891,232.5195
37504148,205.3711,192.9688
37691672,176.8555,198.7305
37880132,180.6641,200.5859
38069536,285.0586,200.2930
38259884,194.6289,200.4883
38451184,189.5508,190.3320
38643440,180.4688,229.6875
38836660,178.4180,192.4805
39030844,177.2461,217.7734
39226000,190.5273,190.6250
39422132,195.9961,203.1250
39619244,189.6484,197.7539
39817344,212.3047,201.4648
40016432,187.2070,194.6289
40216516,192.7734,192.9688
40417600,179.1016,224.2188
40619688,186.4258,193.8477
40822788,174.8047,307.4219
41026904,230.3711,232.1289
41232040,224.6094,211.7188
41438204,208.2031,225.9766
41645396,199.0234,205.7617
41853624,194.4336,218.6523
42062896,200.6836,196.5820
42273212,273.2422,210.8398
42484580,197.8516,256.8359
42697004,204.4922,205.6641
42910492,192.7734,214.8438
43125048,197.6563,201.5625
43340676,213.5742,215.4297
43557380,218.7500,229.2969
43775168,200.9766,203.1250
43994044,209.4727,207.2266
44214016,191.8945,230.3711
44435088,189.7461,200.5859
44657264,184.9609,218.0664
44880552,195.1172,204.4922
45104956,250.1953,209.6680
45330484,189.7461,278.5156
45557140,208.4961,211.7188
45784928,217.1875,213.4766
46013856,195.0195,214.2578
46243928,193.9453,210.1563
46475148,201.9531,204.3945
46707524,193.8477,297.3633
46941064,213.9648,220.6055
47175772,257.9102,230.9570
47411652,310.0586,239.0625
47648712,229.6875,228.7109
47886956,218.3594,226.7578
48126392,230.1758,226.7578
48367024,259.4727,225.8789
48608860,265.5273,280.1758
48851908,278.0273,272.5586
49096168,297.0703,247.3633
49341652,251.7578,237.4023
49588364,221.2891,255.0781
49836308,273.9258,356.9336
50085492,272.0703,267.9688
50335920,285.8398,288.0859
50587600,250.9766,237.5977
50840540,230.5664,225.5859
51094744,270.0195,234.7656
51350220,360.9375,231.5430
51606972,225.5859,266.5039
51865008,241.0156,267.3828
52124336,254.1016,315.2344
52384960,272.5586,278.7109
52646888,285.9375,264.7461
52910124,272.1680,250.3906
53174676,259.8633,257.1289
53440552,244.5313,365.7227
53707756,244.9219,254.8828
53976296,242.5781,270.1172
54246180,261.0352,248.3398
54517412,240.5273,266.4063
54790000,260.2539,256.1523
55063952,253.8086,246.5820
55339272,253.6133,254.5898
55615972,250.9766,245.8008
55894052,237.5000,238.3789
56173524,243.6523,267.7734
56454392,275.6836,247.8516
56736664,311.0352,274.1211
57020348,283.0078,257.7148
57305452,266.6992,262.0117
57591980,256.1523,249.9023
57879940,253.1250,351.6602
58169340,253.6133,244.5313
58460188,251.7578,244.0430
58752492,255.7617,251.2695
59046256,246.8750,253.6133
59341488,256.0547,255.0781
59638196,282.0313,265.7227
59936388,253.6133,251.4648
60236072,248.8281,253.0273
60537256,254.9805,250.8789
60839944,265.5273,314.5508
61144144,252.5391,272.9492
61449868,284.3750,278.9063
61757120,281.6406,269.4336
62065908,332.3242,273.8281
62376240,279.0039,263.4766
62688124,264.4531,259.1797
63001568,265.7227,270.1172
63316576,280.8594,269.1406
63633160,263.8672,275.4883
63951328,260.8398,278.7109
64271088,253.7109,331.3477
64592444,452.7344,301.3672
64915408,368.5547,281.8359
65239988,299.7070,385.9375
65566188,379.1016,282.7148
65894020,283.3984,276.0742
66223492,282.4219,262.4023
66554612,297.7539,306.9336
66887388,286.8164,286.9141
