4,1.6602,1.7578
8,2.0508,4.4922
12,2.5391,6.8359
16,2.4414,8.0078
20,3.1250,8.8867
24,3.3203,11.3281
28,3.1250,12.0117
32,3.0273,12.5000
36,3.8086,11.5234
40,3.5156,12.4023
44,3.7109,12.7930
48,3.6133,12.9883
52,3.6133,13.9648
56,3.8086,15.4297
60,3.6133,14.6484
64,3.7109,16.1133
68,4.3945,15.8203
72,4.2969,15.1367
76,4.3945,15.7227
80,4.3945,16.4063
84,4.4922,16.1133
88,4.3945,16.5039
92,4.2969,16.5039
96,4.1992,16.5039
100,4.9805,16.6992
104,5.0781,17.8711
108,4.4922,16.6016
112,4.3945,17.5781
116,4.4922,17.6758
120,3.9063,17.5781
124,4.7852,18.0664
128,4.7852,19.2383
132,5.1758,17.5781
136,5.3711,18.8477
140,5.3711,18.6523
144,5.2734,18.4570
148,5.2734,17.6758
152,5.0781,18.8477
156,5.2734,19.3359
160,5.2734,18.4570
164,5.0781,18.0664
168,5.1758,17.4805
172,5.2734,18.9453
176,5.1758,19.3359
180,5.3711,18.8477
184,5.4688,18.4570
188,5.3711,19.3359
192,5.2734,18.7500
196,5.2734,19.4336
200,5.3711,19.5313
204,5.2734,19.3359
208,5.2734,19.0430
212,5.2734,19.4336
216,5.9570,20.1172
220,5.1758,20.4102
224,5.3711,18.8477
228,5.2734,20.3125
232,5.3711,20.0195
236,5.3711,21.3867
240,5.4688,19.8242
244,5.3711,20.8008
248,5.2734,20.7031
252,5.2734,20.1172
256,5.3711,21.4844
260,6.1523,21.0938
264,6.1523,21.2891
268,6.3477,21.1914
272,6.3477,20.8984
276,6.4453,21.8750
280,6.4453,21.1914
284,6.1523,21.3867
288,6.1523,21.4844
292,6.4453,22.2656
296,6.3477,21.8750
300,6.1523,20.1172
304,6.1523,21.3867
308,6.3477,21.4844
312,6.3477,21.1914
316,6.5430,21.0938
320,6.9336,20.7031
324,6.5430,20.9961
328,6.3477,21.3867
332,7.0313,21.5820
336,6.4453,21.3867
340,6.3477,21.3867
344,6.5430,21.8750
348,6.1523,22.2656
352,6.3477,21.9727
356,6.4453,21.0938
360,6.3477,21.9727
364,6.5430,21.0938
368,6.3477,20.9961
372,6.2500,21.1914
376,6.5430,20.9961
380,6.7383,21.4844
384,6.3477,21.9727
388,6.6406,21.9727
392,6.3477,22.1680
396,6.1523,22.5586
400,6.4453,20.6055
404,6.3477,21.7773
408,6.1523,22.4609
412,6.4453,21.8750
416,6.3477,21.5820
420,6.6406,22.0703
424,6.7383,25.4883
428,6.2500,23.2422
432,6.2500,22.4609
436,6.2500,21.3867
440,6.2500,22.7539
444,6.5430,22.2656
448,6.5430,21.8750
452,6.8359,22.8516
456,6.3477,22.5586
460,6.6406,22.5586
464,6.3477,23.1445
468,6.3477,22.2656
472,6.3477,23.2422
476,6.5430,22.0703
480,6.5430,23.1445
484,6.5430,22.5586
488,8.4961,23.9258
492,6.1523,22.9492
496,6.2500,23.7305
500,6.5430,22.0703
504,6.4453,23.6328
508,6.4453,23.1445
512,6.2500,24.3164
516,8.5938,23.4375
520,8.3008,22.9492
524,8.2031,24.5117
528,8.3008,23.7305
532,8.2031,23.7305
536,8.0078,23.8281
540,8.2031,24.4141
544,8.1055,24.1211
548,8.0078,24.2188
552,9.9609,24.7070
556,8.4961,24.1211
560,8.2031,24.5117
564,7.9102,23.0469
568,8.0078,23.4375
572,8.2031,23.8281
576,8.3984,24.4141
580,7.8125,24.3164
584,8.1055,23.6328
588,7.5195,23.3398
592,7.9102,24.8047
596,8.2031,24.3164
600,8.3008,24.0234
604,7.8125,23.6328
608,7.9102,22.6563
612,8.1055,22.6563
616,10.3516,25.0977
620,7.9102,24.7070
624,8.3984,24.3164
628,8.1055,24.3164
632,7.7148,24.8047
636,8.4961,24.2188
640,8.0078,23.7305
644,7.6172,23.0469
648,8.0078,24.0234
652,7.3242,24.4141
656,8.0078,24.5117
660,8.2031,24.2188
664,7.9102,23.6328
668,8.1055,23.8281
672,8.2031,23.6328
676,7.8125,24.9023
680,8.1055,23.6328
684,8.5938,25.0000
688,7.7148,23.8281
692,8.0078,24.8047
696,7.5195,24.7070
700,8.1055,24.8047
704,8.1055,24.6094
708,8.2031,24.2188
712,8.0078,24.1211
716,7.7148,23.6328
720,7.9102,23.2422
724,8.0078,24.2188
728,8.3984,23.7305
732,8.3984,25.6836
736,8.3008,25.6836
740,7.4219,26.2695
744,8.3984,23.8281
748,7.4219,24.5117
752,8.3008,23.9258
756,8.2031,24.6094
760,8.6914,24.5117
764,7.8125,24.4141
768,8.2031,24.6094
772,7.5195,25.4883
776,8.1055,25.0000
780,7.4219,23.8281
784,7.9102,25.7813
788,8.3008,24.7070
792,8.0078,26.4648
796,7.8125,24.8047
800,8.3008,25.1953
804,9.9609,25.3906
812,8.3008,24.2188
820,7.4219,25.0977
828,8.0078,25.5859
836,7.9102,25.0977
844,8.3984,25.1953
852,8.0078,24.7070
860,7.9102,25.6836
868,8.3008,25.5859
876,7.3242,25.2930
884,8.0078,25.3906
892,8.2031,26.0742
900,8.1055,25.9766
908,7.6172,24.2188
916,7.8125,25.0000
924,8.0078,28.8086
932,7.9102,25.2930
940,8.1055,25.5859
948,7.9102,26.5625
956,8.2031,25.6836
964,8.3008,25.9766
972,7.9102,25.8789
980,8.0078,26.2695
988,8.0078,25.3906
996,8.3008,26.5625
1004,8.3008,26.5625
1012,7.4219,25.7813
1020,8.2031,27.1484
1028,10.5469,26.9531
1036,9.8633,26.9531
1044,13.2813,37.4023
1052,9.5703,27.3438
1060,10.3516,27.5391
1068,10.2539,26.5625
1076,10.1563,26.5625
1084,11.0352,26.8555
1092,10.3516,26.5625
1100,9.5703,25.6836
1108,10.0586,26.7578
1116,10.1563,26.7578
1124,10.2539,25.0977
1132,9.4727,26.2695
1140,10.1563,26.8555
1148,9.5703,26.8555
1156,10.4492,28.8086
1164,9.9609,26.1719
1172,9.7656,26.1719
1180,9.3750,26.5625
1188,10.7422,27.4414
1196,12.2070,26.7578
1204,9.6680,27.2461
1212,10.3516,25.8789
1220,10.6445,26.8555
1228,10.2539,27.3438
1236,9.9609,26.5625
1244,10.1563,27.0508
1252,10.0586,27.2461
1260,10.3516,27.9297
1268,9.5703,27.0508
1276,10.5469,27.0508
1284,10.3516,26.6602
1292,10.0586,26.5625
1300,10.1563,26.6602
1308,10.2539,27.6367
1316,10.6445,27.5391
1324,10.7422,27.7344
1332,10.6445,27.0508
1340,10.0586,27.4414
1348,10.3516,27.9297
1356,10.6445,26.9531
1364,10.1563,27.2461
1372,10.3516,27.0508
1380,10.3516,27.1484
1388,10.3516,28.9063
1396,9.9609,27.4414
1404,9.9609,27.3438
1412,10.1563,27.9297
1420,10.7422,27.4414
1428,9.8633,28.4180
1436,10.4492,26.6602
1444,10.1563,26.8555
1452,10.2539,27.1484
1460,10.2539,26.9531
1468,10.3516,27.8320
1476,10.3516,27.3438
1484,9.5703,26.9531
1492,10.0586,27.9297
1500,10.0586,27.9297
1508,10.4492,26.7578
1516,10.0586,27.2461
1524,10.4492,29.1016
1532,9.9609,27.4414
1540,10.1563,28.7109
1548,9.9609,26.5625
1556,9.5703,27.6367
1564,10.6445,28.5156
1572,10.8398,28.8086
1580,9.2773,27.7344
1588,10.2539,27.6367
1596,10.2539,28.7109
1604,10.2539,27.6367
1616,10.2539,27.1484
1628,11.8164,28.1250
1640,10.9375,27.0508
1652,10.2539,27.8320
1664,9.9609,28.0273
1676,10.8398,26.7578
1688,10.3516,28.5156
1700,10.2539,27.7344
1712,9.7656,27.5391
1724,9.6680,27.4414
1736,10.0586,27.9297
1748,10.4492,28.1250
1760,10.2539,29.1016
1772,10.3516,29.5898
1784,10.3516,31.7383
1796,15.6250,28.9063
1808,10.4492,28.2227
1820,9.9609,27.8320
1832,10.1563,28.6133
1844,9.9609,28.1250
1856,10.5469,29.1992
1868,10.2539,28.8086
1880,10.1563,29.1992
1892,10.0586,28.9063
1904,10.2539,27.8320
1916,9.4727,29.0039
1928,9.8633,27.5391
1940,10.4492,31.0547
1952,10.1563,27.5391
1964,9.9609,29.0039
1976,9.7656,29.0039
1988,9.5703,28.7109
2000,9.8633,28.4180
2012,9.9609,29.0039
2024,9.8633,29.1016
2036,10.2539,29.8828
2048,10.4492,31.5430
2060,12.4023,29.2969
2072,12.5000,31.3477
2084,12.2070,29.6875
2096,12.5977,29.6875
2108,13.4766,30.0781
2120,12.8906,29.0039
2132,12.4023,28.4180
2144,12.0117,28.9063
2156,12.0117,29.1992
2168,12.2070,28.7109
2180,12.9883,29.3945
2192,12.3047,30.7617
2204,12.5000,28.4180
2216,12.1094,29.0039
2228,12.4023,30.0781
2240,12.4023,29.1992
2252,12.6953,29.5898
2264,12.5000,29.8828
2276,12.9883,30.1758
2288,12.9883,31.5430
2300,12.5977,29.6875
2312,12.1094,30.8594
2324,12.6953,29.5898
2336,12.7930,29.3945
2348,12.6953,29.4922
2360,12.5977,30.0781
2372,12.1094,29.2969
2384,12.7930,29.5898
2396,12.1094,30.0781
2408,12.1094,30.2734
2424,12.6953,30.7617
2440,12.2070,30.7617
2456,12.5977,30.8594
2472,12.4023,29.2969
2488,12.3047,30.0781
2504,12.5977,30.1758
2520,12.6953,30.0781
2536,12.2070,29.1016
2552,12.7930,30.5664
2568,12.7930,28.9063
2584,12.5000,29.5898
2600,12.8906,29.3945
2616,11.9141,30.0781
2632,12.6953,31.3477
2648,12.8906,29.1016
2664,12.4023,30.5664
2680,12.6953,30.4688
2696,12.0117,29.4922
2712,12.5000,31.0547
2728,12.8906,29.8828
2744,12.9883,31.1523
2760,12.5000,30.5664
2776,12.6953,30.6641
2792,12.5977,30.1758
2808,12.7930,29.8828
2824,12.8906,29.8828
2840,12.3047,31.0547
2856,12.5977,30.2734
2872,12.5000,31.0547
2888,12.4023,30.9570
2904,12.5000,30.9570
2920,12.1094,29.9805
2936,12.8906,31.7383
2952,12.7930,30.7617
2968,12.4023,29.3945
2984,13.1836,30.2734
3000,12.4023,30.4688
3016,12.9883,30.7617
3032,12.5000,30.4688
3048,12.2070,30.5664
3064,12.3047,34.5703
3080,12.4023,31.2500
3096,11.9141,32.1289
3112,12.4023,30.5664
3128,12.3047,30.0781
3144,12.4023,31.4453
3160,12.5000,31.0547
3176,12.3047,30.7617
3192,12.0117,31.0547
3208,12.9883,31.8359
3228,12.8906,31.7383
3248,12.1094,29.9805
3268,13.0859,30.4688
3288,12.2070,30.9570
3308,12.5000,30.3711
3328,12.7930,29.9805
3348,12.6953,31.0547
3368,12.2070,30.1758
3388,12.9883,30.4688
3408,12.4023,31.0547
3428,12.7930,30.8594
3448,12.9883,31.8359
3468,12.1094,30.0781
3488,12.8906,32.1289
3508,12.7930,31.5430
3528,12.3047,31.6406
3548,12.3047,30.6641
3568,12.4023,31.0547
3588,13.4766,32.7148
3608,12.9883,30.6641
3628,12.6953,31.4453
3648,12.2070,31.1523
3668,11.9141,30.3711
3688,12.4023,30.3711
3708,12.7930,31.6406
3728,12.9883,31.3477
3748,11.4258,30.9570
3768,12.7930,30.9570
3788,13.1836,32.1289
3808,12.3047,32.4219
3828,13.0859,32.0313
3848,14.2578,35.5469
3868,12.3047,32.3242
3888,12.3047,30.9570
3908,12.5977,32.1289
3928,12.4023,31.1523
3948,12.5977,32.2266
3968,12.5000,30.2734
3988,12.5000,32.5195
4008,12.1094,31.4453
4032,12.7930,31.5430
4056,12.7930,33.1055
4080,12.7930,31.5430
4104,14.7461,33.0078
4128,16.7969,33.3984
4152,14.8438,33.5938
4176,14.7461,31.8359
4200,15.2344,33.0078
4224,14.7461,34.1797
4248,15.1367,32.9102
4272,15.2344,30.8594
4296,15.2344,31.6406
4320,14.7461,31.5430
4344,15.0391,33.3984
4368,14.7461,32.0313
4392,15.2344,32.8125
4416,14.5508,32.8125
4440,14.8438,32.4219
4464,14.7461,32.5195
4488,14.9414,32.2266
4512,14.8438,32.5195
4536,15.3320,33.5938
4560,14.8438,31.3477
4584,15.5273,32.5195
4608,14.8438,32.2266
4632,15.3320,32.0313
4656,15.7227,32.8125
4680,14.1602,32.4219
4704,15.5273,32.1289
4728,15.3320,32.8125
4752,14.6484,33.0078
4776,15.3320,31.5430
4800,14.9414,32.3242
4824,15.4297,32.3242
4852,15.2344,32.8125
4880,14.8438,32.7148
4908,14.7461,31.2500
4936,16.0156,33.3008
4964,14.4531,33.2031
4992,13.8672,31.9336
5020,14.9414,32.9102
5048,15.5273,34.4727
5076,15.1367,31.3477
5104,15.1367,31.9336
5132,15.2344,33.3984
5160,14.7461,32.7148
5188,14.7461,32.0313
5216,15.2344,33.5938
5244,15.0391,33.0078
5272,14.4531,33.1055
5300,14.3555,32.4219
5328,14.6484,31.5430
5356,15.3320,32.6172
5384,15.0391,33.1055
5412,15.9180,32.3242
5440,15.1367,32.0313
5468,14.6484,32.0313
5496,14.7461,33.8867
5524,15.0391,32.8125
5552,15.0391,32.8125
5580,14.8438,33.3008
5608,15.4297,33.9844
5640,14.8438,33.3984
5672,15.0391,32.4219
5704,15.0391,32.5195
5736,15.4297,33.2031
5768,15.7227,33.8867
5800,14.7461,32.7148
5832,14.4531,33.3008
5864,15.3320,33.3984
5896,14.6484,33.6914
5928,15.8203,34.9609
5960,15.0391,33.6914
5992,15.0391,33.3008
6024,15.3320,33.1055
6056,14.4531,33.5938
6088,15.1367,32.6172
6120,15.5273,32.7148
6152,15.2344,33.9844
6184,14.8438,32.8125
6216,14.6484,32.6172
6248,14.9414,33.8867
6280,14.5508,33.1055
6312,15.2344,33.3984
6344,15.2344,34.0820
6376,14.4531,32.6172
6408,15.0391,33.9844
6444,14.3555,32.4219
6480,14.7461,34.3750
6516,14.6484,33.7891
6552,15.7227,34.2773
6588,14.5508,33.7891
6624,14.6484,33.5938
6660,14.7461,33.1055
6696,14.6484,33.2031
6732,14.5508,33.2031
6768,15.1367,32.8125
6804,15.0391,32.8125
6840,14.3555,33.9844
6876,14.9414,33.9844
6912,14.7461,33.1055
6948,14.8438,34.4727
6984,15.0391,33.7891
7020,14.6484,35.0586
7056,14.8438,33.0078
7092,15.8203,35.7422
7128,15.0391,33.9844
7164,14.7461,33.7891
7200,15.1367,33.4961
7236,14.7461,33.3008
7276,15.7227,34.7656
7316,15.3320,35.0586
7356,14.9414,34.4727
7396,15.4297,34.5703
7436,14.9414,33.8867
7476,14.2578,33.9844
7516,14.5508,34.0820
7556,14.5508,33.5938
7596,14.7461,33.3008
7636,15.4297,34.2773
7676,15.1367,33.7891
7716,15.2344,33.6914
7756,14.9414,34.1797
7796,15.3320,34.6680
7836,18.7500,40.2344
7876,14.9414,34.3750
7916,15.2344,35.1563
7956,14.7461,33.7891
7996,15.5273,34.7656
8036,14.8438,34.2773
8080,15.1367,34.6680
8124,15.0391,34.3750
8168,14.8438,34.5703
8212,17.3828,34.2773
8256,17.0898,34.9609
8300,17.5781,34.8633
8344,16.9922,35.0586
8388,17.3828,34.8633
8432,17.0898,35.8398
8476,16.8945,34.9609
8520,17.5781,35.5469
8564,17.6758,35.0586
8608,17.1875,34.3750
8652,16.6992,34.4727
8696,17.3828,33.4961
8740,17.3828,35.1563
8784,17.7734,35.1563
8828,17.4805,34.4727
8876,16.8945,34.3750
8924,17.0898,34.3750
8972,19.0430,35.0586
9020,16.4063,34.0820
9068,16.6016,32.8125
9116,17.6758,35.6445
9164,17.4805,34.8633
9212,16.8945,33.5938
9260,17.5781,35.2539
9308,17.3828,34.8633
9356,16.6016,35.0586
9404,17.0898,33.8867
9452,17.0898,34.2773
9500,17.2852,36.3281
9548,16.8945,35.4492
9596,17.0898,35.1563
9644,17.0898,34.3750
9696,16.8945,35.9375
9748,17.2852,35.4492
9800,16.6992,33.3008
9852,17.9688,36.6211
9904,16.9922,34.1797
9956,17.8711,36.8164
10008,17.3828,33.6914
10060,17.3828,35.9375
10112,17.5781,41.7969
10164,16.9922,34.1797
10216,16.5039,34.5703
10268,16.8945,34.9609
10320,17.9688,36.2305
10372,17.1875,35.4492
10424,17.5781,35.4492
10480,18.0664,35.9375
10536,17.1875,34.4727
10592,16.9922,34.7656
10648,17.7734,36.0352
10704,17.2852,34.4727
10760,19.4336,34.5703
10816,17.8711,36.1328
10872,17.3828,34.8633
10928,17.8711,36.0352
10984,17.5781,35.6445
11040,17.6758,36.5234
11096,17.3828,35.7422
11152,16.3086,35.8398
11208,17.4805,35.3516
11268,17.8711,34.8633
11328,17.2852,35.5469
11388,17.6758,37.0117
11448,17.3828,36.5234
11508,17.7734,36.2305
11568,16.8945,35.6445
11628,17.4805,35.8398
11688,17.1875,36.3281
11748,16.9922,35.7422
11808,17.5781,35.9375
11868,17.8711,36.4258
11928,18.0664,35.1563
11988,16.0156,34.6680
12048,17.3828,36.0352
12112,17.7734,36.1328
12176,17.6758,35.2539
12240,17.1875,35.8398
12304,17.2852,36.7188
12368,17.9688,36.1328
12432,17.2852,36.2305
12496,17.3828,36.1328
12560,17.1875,34.6680
12624,17.4805,36.1328
12688,17.8711,37.1094
12752,16.9922,34.9609
12816,17.5781,37.6953
12884,17.4805,35.4492
12952,16.5039,34.9609
13020,17.6758,35.2539
13088,17.7734,35.8398
13156,18.0664,36.8164
13224,18.0664,36.1328
13292,17.7734,36.5234
13360,17.9688,35.8398
13428,17.3828,36.7188
13496,16.6016,36.4258
13564,17.0898,35.6445
13632,16.4063,35.6445
13704,17.7734,35.7422
13776,17.1875,35.9375
13848,17.6758,35.9375
13920,17.4805,35.6445
13992,17.6758,36.9141
14064,17.2852,36.8164
14136,17.8711,36.8164
14208,18.1641,37.3047
14280,17.4805,36.0352
14352,18.1641,35.8398
14424,19.6289,36.8164
14500,17.2852,36.4258
14576,17.8711,36.6211
14652,17.4805,36.2305
14728,17.1875,36.4258
14804,17.1875,36.0352
14880,17.9688,36.5234
14956,16.9922,35.4492
15032,17.2852,36.6211
15108,17.5781,37.0117
15184,17.8711,36.8164
15260,16.9922,38.4766
15340,18.0664,36.2305
15420,18.6523,37.0117
15500,17.6758,36.9141
15580,16.7969,35.8398
15660,16.6992,34.7656
15740,17.1875,36.6211
15820,16.9922,36.1328
15900,18.2617,37.8906
15980,16.8945,37.0117
16060,17.0898,38.4766
16144,17.2852,36.9141
16228,17.8711,36.7188
16312,17.6758,37.8906
16396,20.8008,38.4766
16480,20.5078,37.4023
16564,20.7031,37.0117
16648,20.1172,38.3789
16732,20.5078,37.6953
16816,20.6055,38.0859
16904,20.7031,37.8906
16992,19.9219,37.5000
17080,20.2148,39.1602
17168,20.5078,37.4023
17256,20.2148,36.7188
17344,19.6289,36.7188
17432,20.8984,38.6719
17520,20.2148,37.8906
17608,20.8008,38.2813
17700,21.3867,41.3086
17792,19.8242,36.9141
17884,19.5313,36.9141
17976,20.0195,36.7188
18068,19.4336,39.1602
18160,19.6289,37.6953
18252,20.6055,38.0859
18344,19.9219,37.6953
18436,19.6289,37.0117
18532,20.8008,37.8906
18628,20.6055,37.7930
18724,20.3125,37.5977
18820,20.0195,37.7930
18916,20.1172,38.6719
19012,19.8242,36.8164
19108,21.2891,36.9141
19204,20.3125,37.3047
19304,20.3125,37.9883
19404,20.5078,38.2813
19504,19.4336,37.5977
19604,19.8242,36.8164
19704,20.9961,37.7930
19804,19.7266,38.4766
19904,19.3359,36.7188
20004,20.1172,38.4766
20108,20.3125,39.0625
20212,22.2656,36.5234
20316,20.3125,37.2070
20420,20.2148,37.5000
20524,20.3125,38.0859
20628,20.5078,38.6719
20732,19.9219,37.1094
20836,20.3125,37.9883
20944,19.3359,37.3047
21052,18.7500,36.0352
21160,20.2148,38.1836
21268,19.8242,37.1094
21376,20.3125,38.2813
21484,20.1172,38.3789
21592,19.9219,38.1836
21700,20.1172,37.2070
21812,20.2148,38.4766
21924,19.7266,38.5742
22036,19.8242,37.1094
22148,20.1172,38.5742
22260,20.6055,38.3789
22372,20.7031,37.3047
22484,20.0195,39.3555
22600,20.4102,37.3047
22716,20.8008,38.5742
22832,19.6289,36.6211
22948,20.0195,38.4766
23064,20.0195,36.9141
23180,19.5313,36.4258
23296,19.7266,37.5977
23416,20.2148,37.5977
23536,19.3359,37.8906
23656,20.4102,38.9648
23776,22.4609,37.5000
23896,19.6289,37.4023
24016,19.9219,39.8438
24140,20.0195,37.3047
24264,20.5078,39.9414
24388,20.7031,37.8906
24512,20.0195,38.7695
24636,19.6289,38.3789
24760,19.3359,38.1836
24884,19.2383,36.8164
25012,19.8242,37.9883
25140,22.8516,38.2813
25268,20.1172,38.9648
25396,20.3125,38.6719
25524,20.2148,38.6719
25652,19.9219,38.5742
25784,20.2148,37.8906
25916,19.7266,38.3789
26048,19.6289,37.6953
26180,19.3359,36.9141
26312,20.4102,36.7188
26444,20.2148,40.3320
26580,19.4336,37.3047
26716,19.9219,37.5000
26852,20.3125,38.7695
26988,20.1172,39.1602
27124,20.4102,38.5742
27260,19.4336,37.3047
27400,20.2148,38.2813
27540,20.1172,38.5742
27680,20.1172,37.9883
27820,19.6289,38.4766
27960,21.3867,39.3555
28100,20.6055,39.1602
28244,19.2383,38.2813
28388,20.6055,38.6719
28532,19.8242,37.7930
28676,19.7266,36.6211
28820,19.3359,38.2813
28968,19.4336,39.0625
29116,19.6289,38.6719
29264,19.3359,37.3047
29412,18.8477,38.2813
29560,19.6289,38.4766
29708,19.7266,39.0625
29860,19.8242,38.4766
30012,19.6289,38.6719
30164,20.7031,39.7461
30316,19.7266,40.0391
30468,20.0195,38.5742
30624,20.0195,39.0625
30780,20.1172,40.2344
30936,20.0195,37.9883
31092,19.9219,41.0156
31248,20.4102,40.5273
31408,20.4102,39.7461
31568,20.4102,39.2578
31728,19.8242,39.5508
31888,20.2148,39.0625
32048,19.9219,38.7695
32212,20.3125,39.0625
32376,19.7266,39.4531
32540,20.2148,39.9414
32704,20.2148,40.9180
32868,25.6836,40.5273
33036,23.5352,40.0391
33204,23.1445,39.1602
33372,23.4375,39.7461
33540,23.0469,40.6250
33708,23.1445,39.8438
33880,22.6563,39.7461
34052,22.5586,38.3789
34224,23.5352,39.7461
34396,23.0469,40.2344
34568,23.2422,40.6250
34744,23.3398,40.3320
34920,22.4609,40.1367
35096,23.1445,39.7461
35272,23.5352,41.6992
35452,22.7539,41.0156
35632,22.6563,39.9414
35812,23.4375,41.4063
35992,22.9492,39.7461
36172,23.1445,40.0391
36356,22.7539,42.5781
36540,23.8281,40.9180
36724,23.4375,39.1602
36908,22.4609,39.1602
37096,23.1445,40.8203
37284,23.0469,41.1133
37472,23.3398,41.0156
37660,22.2656,40.2344
37852,22.4609,40.3320
38044,22.8516,41.2109
38236,22.6563,44.2383
38428,23.1445,40.2344
38624,22.3633,41.1133
38820,22.5586,40.7227
39016,21.9727,39.9414
39212,22.4609,42.1875
39412,22.2656,39.8438
39612,22.9492,40.6250
39812,22.3633,41.2109
40012,23.1445,41.9922
40216,23.7305,44.1406
40420,22.1680,39.7461
40624,22.4609,39.6484
40828,22.1680,38.2813
41036,22.8516,40.9180
41244,22.7539,39.6484
41452,23.4375,41.2109
41660,23.0469,42.0898
41872,22.6563,41.4063
42084,22.8516,40.3320
42296,21.9727,41.6992
42508,23.1445,41.6992
42724,21.6797,40.8203
42940,23.1445,41.0156
43156,22.6563,41.2109
43372,21.1914,38.6719
43592,22.9492,40.7227
43812,22.6563,42.2852
44032,22.8516,41.9922
44256,22.5586,41.4063
44480,22.3633,42.0898
44704,22.3633,41.4063
44928,23.2422,41.7969
45156,22.6563,42.9688
45384,22.8516,42.1875
45612,22.9492,42.2852
45844,22.7539,42.2852
46076,22.6563,42.0898
46308,22.8516,42.2852
46540,22.8516,41.3086
46776,22.9492,42.8711
47012,23.5352,42.3828
47248,23.0469,42.4805
47488,22.7539,41.4063
47728,23.3398,41.6992
47968,23.3398,41.3086
48208,23.1445,41.9922
48452,22.6563,41.7969
48696,22.5586,41.4063
48940,22.9492,42.0898
49188,21.9727,43.3594
49436,22.3633,41.3086
49684,21.9727,40.0391
49936,23.3398,41.4063
50188,22.7539,41.0156
50440,23.4375,41.8945
50696,23.0469,42.1875
50952,23.2422,41.4063
51208,22.4609,41.0156
51468,23.1445,42.4805
51728,23.0469,43.4570
51988,22.4609,41.6016
52248,22.4609,41.1133
52512,23.4375,42.3828
52776,23.4375,44.2383
53040,25.4883,42.7734
53308,22.8516,41.3086
53576,22.3633,41.3086
53844,22.8516,40.6250
54116,22.4609,40.8203
54388,23.5352,43.8477
54660,22.3633,41.6992
54936,22.3633,42.3828
55212,23.7305,42.8711
55492,23.0469,42.0898
55772,23.2422,41.6016
56052,22.7539,42.2852
56336,22.2656,42.0898
56620,22.8516,41.6016
56904,22.3633,41.6016
57192,26.4648,45.4102
57480,23.1445,41.8945
57768,23.0469,42.4805
58060,22.9492,42.9688
58352,23.9258,43.2617
58644,23.1445,41.8945
58940,23.7305,42.7734
59236,22.7539,42.3828
59536,22.6563,42.3828
59836,22.8516,41.2109
60136,23.6328,43.9453
60440,23.2422,41.9922
60744,22.5586,42.9688
61048,23.2422,42.1875
61356,22.5586,41.6992
61664,23.5352,43.5547
61976,22.8516,41.8945
62288,22.6563,42.3828
62600,23.8281,43.6523
62916,22.5586,45.0195
63232,23.0469,43.1641
63552,23.3398,43.3594
63872,23.5352,43.1641
64192,22.4609,43.3594
64516,22.8516,43.1641
64840,23.2422,43.4570
65168,22.6563,41.1133
65496,24.4141,43.9453
65824,26.6602,43.6523
66156,26.7578,44.2383
66488,25.2930,44.0430
66824,25.8789,43.5547
67160,26.0742,44.5313
67496,26.5625,45.8984
67836,25.9766,44.3359
68176,25.7813,44.3359
68520,25.1953,44.0430
68864,25.4883,44.7266
69212,24.9023,44.2383
69560,26.2695,44.2383
69908,27.6367,46.6797
70260,25.2930,45.4102
70612,25.5859,45.7031
70968,25.4883,45.1172
71324,25.8789,45.1172
71684,25.8789,45.7031
72044,24.8047,44.5313
72408,25.2930,46.0938
72772,26.2695,45.2148
73136,25.1953,43.3594
73504,25.7813,46.1914
73872,26.9531,46.7773
74244,26.0742,45.6055
74616,24.7070,44.1406
74992,26.7578,47.0703
75368,25.5859,44.7266
75748,25.9766,48.4375
76128,25.4883,45.4102
76512,25.8789,44.1406
76896,25.4883,45.2148
77284,25.8789,44.5313
77672,25.9766,45.8984
78064,25.5859,44.9219
78456,25.0977,45.1172
78852,25.9766,45.3125
79248,25.7813,44.6289
79648,26.6602,44.0430
80048,25.4883,45.5078
80452,25.7813,46.0938
80856,26.9531,47.3633
81264,25.9766,45.7031
81672,25.5859,46.0938
82084,25.4883,45.8984
82496,24.5117,44.5313
82912,25.5859,46.1914
83328,25.5859,45.6055
83748,25.5859,45.3125
84168,25.6836,46.0938
84592,25.6836,46.6797
85016,25.7813,45.4102
85444,25.3906,45.1172
85872,25.0000,44.8242
86304,25.4883,45.0195
86736,25.9766,46.0938
87172,28.2227,45.1172
87608,25.7813,45.8008
88048,25.9766,44.7266
88492,25.6836,46.3867
88936,25.5859,46.4844
89384,25.5859,46.6797
89832,26.4648,47.2656
90284,25.1953,47.0703
90736,24.4141,44.5313
91192,28.5156,46.8750
91648,25.9766,45.7031
92108,25.7813,46.1914
92572,25.8789,44.6289
93036,25.7813,46.4844
93504,26.4648,47.5586
93972,25.0000,45.6055
94444,25.5859,45.8984
94920,25.0977,45.3125
95396,27.7344,47.2656
95876,25.7813,45.9961
96356,25.6836,47.0703
96840,26.5625,47.4609
97328,25.8789,46.3867
97816,26.2695,47.8516
98308,26.0742,46.6797
98800,26.1719,46.5820
99296,26.5625,47.4609
99796,26.8555,47.7539
100296,25.2930,46.2891
100800,25.6836,47.7539
101304,28.4180,48.0469
101812,26.5625,46.9727
102324,24.8047,45.4102
102836,24.6094,45.1172
103352,26.2695,46.8750
103872,26.8555,47.8516
104392,24.8047,45.8984
104916,27.0508,48.8281
105444,26.0742,47.1680
105972,25.7813,47.8516
106504,25.8789,46.5820
107040,25.1953,46.4844
107576,26.0742,47.0703
108116,25.8789,47.6563
108660,25.5859,46.4844
109204,25.6836,47.1680
109752,25.5859,47.8516
110304,26.8555,48.8281
110856,26.0742,46.7773
111412,26.8555,48.2422
111972,25.5859,47.4609
112532,26.0742,47.2656
113096,26.3672,47.5586
113664,26.1719,47.7539
114236,26.7578,47.9492
114808,25.4883,47.0703
115384,25.0000,46.9727
115964,26.6602,47.7539
116544,25.7813,46.7773
117128,25.8789,47.1680
117716,26.5625,47.7539
118308,24.5117,46.3867
118900,26.7578,50.7813
119496,25.1953,47.6563
120096,26.4648,47.7539
120700,26.1719,47.2656
121304,26.4648,47.2656
121912,25.0000,46.6797
122524,25.7813,47.4609
123140,26.1719,47.6563
123756,25.4883,45.8008
124376,26.1719,49.8047
125000,25.7813,48.4375
125628,25.8789,48.2422
126260,25.8789,48.6328
126892,25.2930,47.5586
127528,25.7813,47.9492
128168,26.6602,49.4141
128812,27.0508,49.1211
129460,25.6836,48.3398
130108,26.0742,50.5859
130760,25.3906,48.9258
131416,28.8086,47.1680
132076,31.1523,49.0234
132740,30.1758,48.7305
133404,29.7852,49.2188
134072,29.6875,48.4375
134744,30.3711,50.0977
135420,29.5898,48.6328
136100,29.4922,48.6328
136784,29.0039,47.2656
137468,29.3945,48.8281
138156,28.1250,47.6563
138848,28.0273,47.4609
139544,29.4922,47.7539
140244,30.1758,49.0234
140948,30.0781,48.8281
141656,30.2734,48.2422
142368,28.7109,47.2656
143080,30.2734,49.7070
143796,28.9063,47.2656
144516,29.3945,48.8281
145240,29.7852,48.3398
145968,29.4922,48.7305
146700,29.8828,48.9258
147436,29.3945,50.7813
148176,28.0273,48.3398
148920,29.1016,47.6563
149668,29.6875,49.0234
150420,29.3945,49.3164
151176,29.0039,49.4141
151932,29.1016,48.8281
152692,28.7109,48.1445
153456,28.6133,48.1445
154224,32.3242,49.2188
154996,29.9805,49.8047
155772,29.3945,49.0234
156552,29.1016,48.5352
157336,29.1992,48.8281
158124,29.4922,49.7070
158916,29.4922,48.9258
159712,29.5898,50.9766
160512,29.3945,51.0742
161316,30.9570,51.1719
162124,28.8086,48.9258
162936,29.5898,48.8281
163752,30.3711,50.2930
164572,29.2969,49.4141
165396,29.3945,50.0977
166224,29.0039,48.2422
167056,28.4180,48.2422
167892,29.6875,50.0977
168732,29.1016,47.9492
169576,29.5898,48.4375
170424,29.3945,49.6094
171280,30.1758,49.5117
172140,29.4922,50.0977
173004,29.1016,49.8047
173872,29.5898,50.7813
174744,34.0820,51.7578
175620,29.5898,50.3906
176500,29.3945,50.2930
177384,29.2969,49.5117
178272,28.5156,48.4375
179164,29.3945,48.9258
180060,29.4922,48.5352
180964,29.9805,49.9023
181872,28.9063,51.1719
182784,28.4180,49.7070
183700,29.2969,49.7070
184620,29.0039,49.8047
185544,29.6875,49.4141
186472,28.1250,47.2656
187408,29.6875,50.0977
188348,29.0039,49.7070
189292,29.6875,51.5625
190240,28.7109,51.0742
191192,28.6133,48.8281
192148,29.1992,49.5117
193112,29.8828,50.5859
194080,29.4922,50.2930
195052,30.1758,50.6836
196028,29.1016,50.6836
197012,29.3945,49.3164
198000,29.9805,50.1953
198992,29.6875,51.0742
199988,29.8828,49.7070
200988,28.7109,49.6094
201996,29.1992,50.8789
203008,29.3945,51.6602
204024,29.4922,49.6094
205048,29.7852,51.1719
206076,31.6406,50.6836
207108,29.5898,51.6602
208144,29.5898,50.9766
209188,29.5898,51.3672
210236,29.8828,51.6602
211288,30.1758,50.0977
212348,29.7852,51.0742
213412,29.9805,53.1250
214480,28.8086,51.5625
215556,29.1992,49.9023
216636,28.7109,48.8281
217720,29.4922,51.0742
218812,28.8086,50.2930
219908,30.0781,50.8789
221008,29.3945,50.0977
222116,30.4688,50.3906
223228,29.6875,50.3906
224348,28.7109,50.8789
225472,29.2969,50.1953
226600,29.1992,50.9766
227736,30.2734,52.0508
228876,30.7617,52.9297
230024,31.0547,53.2227
231176,30.0781,51.7578
232332,40.2344,51.4648
233496,29.5898,50.0000
234664,29.4922,49.5117
235840,29.5898,51.1719
237020,28.8086,49.3164
238208,29.9805,50.8789
239400,30.3711,51.4648
240600,29.0039,50.0000
241804,28.9063,52.7344
243016,29.9805,51.4648
244232,28.4180,50.1953
245456,28.0273,49.3164
246684,30.0781,53.0273
247920,29.4922,50.9766
249160,29.4922,50.1953
250408,29.9805,52.1484
251664,30.6641,52.4414
252924,29.5898,51.0742
254192,30.5664,52.1484
255464,31.5430,53.4180
256744,29.8828,51.7578
258028,30.0781,52.1484
259320,30.0781,52.3438
260620,29.9805,54.2969
261924,30.8594,52.6367
263236,35.4492,52.4414
264556,33.5938,52.4414
265880,33.8867,52.4414
267212,34.5703,53.6133
268552,34.0820,53.0273
269896,33.8867,51.9531
271248,33.3008,51.8555
272608,34.0820,52.2461
273972,33.7891,52.2461
275344,33.4961,51.0742
276724,33.0078,52.2461
278108,33.8867,53.0273
279500,34.2773,52.9297
280900,33.7891,51.6602
282308,33.7891,53.3203
283720,32.4219,51.1719
285140,31.5430,52.6367
286568,33.4961,52.4414
288004,33.1055,52.5391
289448,34.4727,53.7109
290896,33.4961,52.7344
292352,34.3750,56.5430
293816,34.7656,54.1992
295288,33.7891,52.8320
296768,33.5938,52.7344
298252,33.0078,52.8320
299744,33.7891,52.5391
301244,33.3984,51.1719
302752,33.2031,52.4414
304268,35.0586,51.5625
305792,34.1797,53.9063
307324,33.3008,53.1250
308864,33.4961,52.8320
310412,33.9844,53.9063
311968,33.3008,53.6133
313528,33.4961,54.2969
315096,34.2773,56.3477
316672,41.5039,52.9297
318256,34.2773,54.1992
319848,33.7891,53.9063
321448,33.3984,52.7344
323056,34.1797,53.7109
324672,33.0078,53.6133
326296,32.7148,52.5391
327928,33.6914,53.2227
329568,33.5938,54.1992
331216,33.2031,52.7344
332876,34.8633,53.5156
334544,33.3008,52.0508
336220,33.6914,53.1250
337904,34.1797,53.0273
339596,33.9844,56.7383
341296,33.9844,53.9063
343004,33.4961,52.6367
344720,33.7891,53.3203
346444,32.9102,53.4180
348180,33.2031,53.8086
349924,34.5703,53.7109
351676,34.4727,54.5898
353436,34.7656,53.5156
355204,34.1797,53.6133
356984,34.3750,54.1016
358772,33.3008,52.7344
360568,34.0820,53.9063
362372,33.6914,53.2227
364184,35.4492,55.9570
366008,36.9141,55.8594
367840,34.7656,53.9063
369680,33.4961,53.4180
371532,34.2773,54.3945
373392,35.2539,55.5664
375260,35.1563,55.8594
377140,33.4961,53.7109
379028,34.6680,57.1289
380924,33.3008,55.3711
382832,34.0820,53.0273
384748,34.2773,53.9063
386672,34.5703,55.5664
388608,34.4727,54.5898
390552,33.9844,54.7852
392508,34.7656,59.0820
394472,34.9609,56.1523
396448,34.5703,54.2969
398432,34.3750,54.4922
400428,34.4727,54.4922
402432,34.7656,54.2969
404448,34.2773,55.1758
406472,34.0820,54.7852
408508,37.5000,55.6641
410552,34.4727,55.0781
412608,34.5703,55.9570
414672,35.1563,54.2969
416748,34.9609,57.2266
418832,34.2773,54.4922
420928,34.1797,54.2969
423036,44.5313,57.9102
425152,35.6445,57.5195
427280,35.0586,56.3477
429420,34.5703,56.0547
431568,35.4492,56.6406
433728,33.2031,53.7109
435900,33.8867,54.3945
438080,35.4492,55.5664
440272,34.4727,55.9570
442476,34.6680,54.7852
444692,34.5703,54.5898
446916,35.3516,56.9336
449152,35.4492,57.5195
451400,35.2539,55.4688
453660,36.6211,57.1289
455932,34.4727,56.0547
458212,34.8633,56.7383
460504,35.9375,58.1055
462808,35.3516,57.4219
465124,35.5469,56.6406
467452,34.9609,55.8594
469792,36.5234,57.6172
472144,35.5469,56.1523
474508,35.1563,55.9570
476884,35.8398,56.7383
479272,35.3516,56.4453
481672,35.6445,57.2266
484084,35.3516,60.3516
486508,35.3516,56.3477
488944,35.3516,56.6406
491392,35.1563,57.2266
493852,34.8633,57.2266
496324,34.6680,55.8594
498808,35.5469,56.9336
501304,35.6445,60.4492
503812,36.1328,58.2031
506332,35.2539,56.6406
508864,36.5234,58.6914
511412,36.8164,60.2539
513972,35.5469,56.9336
516544,34.6680,56.5430
519128,37.5977,58.7891
521724,34.9609,57.3242
524336,45.8008,62.0117
526960,40.8203,57.6172
529596,40.5273,59.0820
532244,39.8438,57.9102
534908,41.0156,62.2070
537584,40.0391,58.7891
540272,39.0625,57.4219
542976,40.2344,58.8867
545692,39.8438,58.9844
548424,40.4297,59.3750
551168,41.0156,58.6914
553924,43.6523,59.5703
556696,39.3555,57.2266
559480,39.5508,59.0820
562280,39.8438,58.4961
565092,40.2344,58.0078
567920,39.5508,58.1055
570760,40.5273,62.4023
573616,40.5273,59.5703
576488,39.7461,58.1055
579372,40.0391,58.3008
582272,41.4063,60.6445
585184,39.5508,58.9844
588112,40.5273,60.2539
591056,43.0664,59.1797
594012,40.1367,60.2539
596984,39.6484,58.7891
599972,40.9180,59.0820
602972,41.5039,61.8164
605988,40.0391,59.9609
609020,39.7461,61.1328
612068,39.8438,58.3984
615132,40.5273,59.1797
618208,40.4297,60.4492
621300,40.2344,57.5195
624408,39.7461,59.6680
627532,40.8203,61.9141
630672,40.8203,61.9141
633828,40.6250,59.6680
637000,41.2109,61.5234
640188,40.1367,58.8867
643392,39.2578,59.3750
646612,51.1719,74.6094
649848,40.7227,59.7656
653100,41.8945,60.1563
656368,40.5273,61.6211
659652,40.3320,60.5469
662952,40.2344,59.5703
666268,41.5039,61.3281
669600,42.8711,60.1563
672948,42.3828,60.0586
676316,41.7969,60.0586
679700,39.8438,60.3516
683100,40.6250,61.0352
686516,40.9180,61.6211
689952,43.4570,61.9141
693404,41.3086,62.5977
696872,41.8945,63.4766
700360,41.2109,62.3047
703864,42.0898,60.9375
707384,42.3828,61.9141
710924,52.9297,62.2070
714480,40.3320,60.0586
718056,40.1367,61.4258
721648,40.1367,62.1094
725260,38.9648,60.1563
728888,38.4766,71.9727
732536,41.3086,60.7422
736200,39.6484,59.3750
739884,38.8672,57.7148
743584,38.6719,59.2773
747304,39.6484,59.2773
751044,40.5273,62.9883
754800,39.0625,60.3516
758576,39.2578,60.8398
762372,38.7695,59.3750
766184,40.3320,59.5703
770016,40.2344,61.3281
773868,39.4531,58.7891
777740,40.6250,60.6445
781632,40.1367,62.5000
785544,40.5273,61.2305
789472,40.4297,61.5234
793420,39.0625,63.1836
797388,42.4805,61.7188
801376,40.5273,60.1563
805384,39.4531,61.1328
809412,39.5508,59.7656
813460,40.2344,62.0117
817528,41.4063,61.9141
821616,39.3555,59.2773
825728,41.6992,59.0820
829860,39.8438,62.2070
834012,40.5273,61.5234
838184,40.0391,62.2070
842376,40.3320,59.8633
846588,41.2109,62.3047
850824,44.1406,61.4258
855080,40.2344,62.2070
859356,40.6250,61.6211
863656,41.1133,63.7695
867976,41.5039,66.1133
872316,40.4297,62.5977
876680,43.0664,62.6953
881064,40.5273,61.1328
885472,39.8438,63.4766
889900,40.2344,64.1602
894352,40.5273,63.0859
898824,41.8945,62.5977
903320,40.8203,64.0625
907840,41.3086,64.0625
912380,41.4063,62.9883
916944,41.2109,63.6719
921532,40.1367,61.6211
926140,42.5781,67.3828
930772,40.2344,62.4023
935428,40.9180,63.2813
940108,41.0156,61.3281
944812,40.1367,62.4023
949540,40.9180,63.8672
954288,41.1133,67.0898
959060,41.6016,63.5742
963856,40.7227,63.7695
968676,42.0898,63.8672
973520,41.8945,67.7734
978388,42.5781,64.4531
983280,44.0430,64.0625
988200,41.1133,64.0625
993144,40.2344,63.8672
998112,41.6992,63.3789
1003104,42.9688,64.6484
1008120,41.1133,62.7930
1013164,42.4805,64.4531
1018232,42.2852,66.4063
1023324,41.0156,63.4766
1028444,41.9922,64.8438
1033588,42.0898,67.6758
1038756,41.4063,69.5313
1043952,42.5781,64.8438
1049172,48.6328,68.5547
1054420,46.1914,66.0156
1059696,46.1914,66.0156
1064996,45.6055,65.6250
1070324,51.7578,66.3086
1075676,46.7773,65.4297
1081056,45.8008,65.3320
1086464,44.5313,63.9648
1091900,47.4609,67.7734
1097360,45.5078,64.5508
1102848,45.2148,66.2109
1108364,44.9219,65.9180
1113908,47.3633,66.8945
1119480,45.3125,67.5781
1125080,46.4844,66.9922
1130708,45.7031,64.7461
1136364,44.9219,64.9414
1142048,46.2891,66.2109
1147760,47.3633,66.6992
1153500,50.8789,69.3359
1159268,44.7266,64.3555
1165068,46.6797,67.3828
1170896,45.8008,65.9180
1176752,46.6797,66.8945
1182636,46.4844,70.8008
1188552,46.6797,67.0898
1194496,49.8047,65.1367
1200472,46.8750,68.3594
1206476,46.1914,65.6250
1212512,46.3867,68.0664
1218576,46.7773,67.1875
1224672,47.8516,67.6758
1230796,46.1914,67.1875
1236952,47.6563,68.4570
1243140,47.3633,68.6523
1249356,47.7539,68.5547
1255604,46.8750,67.9688
1261884,46.0938,65.7227
1268196,48.5352,70.6055
1274540,46.8750,68.0664
1280916,49.7070,68.6523
1287324,46.9727,68.9453
1293764,47.4609,66.9922
1300236,45.9961,66.7969
1306740,46.4844,65.3320
1313276,46.9727,68.9453
1319844,47.4609,68.4570
1326444,48.0469,69.8242
1333080,46.4844,67.5781
1339748,47.0703,68.2617
1346448,46.5820,70.0195
1353184,47.0703,68.3594
1359952,46.8750,67.9688
1366752,48.6328,69.8242
1373588,47.7539,68.8477
1380456,46.3867,70.4102
1387360,46.8750,68.9453
1394300,47.3633,66.0156
1401272,47.0703,68.0664
1408280,50.3906,68.2617
1415324,48.3398,71.6797
1422404,49.3164,70.6055
1429520,47.6563,68.7500
1436668,46.7773,68.3594
1443852,46.8750,70.4102
1451072,47.6563,70.0195
1458328,47.9492,69.6289
1465620,48.2422,69.8242
1472952,47.5586,69.0430
1480320,48.5352,69.5313
1487724,47.3633,70.3125
1495164,47.6563,70.2148
1502640,49.5117,72.2656
1510156,48.0469,69.3359
1517708,48.2422,71.3867
1525300,49.0234,74.3164
1532928,48.0469,71.5820
1540596,48.4375,69.9219
1548300,48.1445,68.8477
1556044,46.8750,68.5547
1563828,49.6094,72.7539
1571648,48.4375,70.9961
1579508,49.6094,71.4844
1587408,47.6563,67.5781
1595348,49.3164,71.6797
1603328,59.1797,74.7070
1611348,51.5625,71.6797
1619408,49.3164,71.1914
1627508,48.6328,72.2656
1635648,49.7070,71.7773
1643828,49.2188,71.7773
1652048,48.6328,81.0547
1660312,49.7070,70.8984
1668616,49.1211,78.5156
1676960,48.1445,69.3359
1685348,48.7305,71.6797
1693776,47.5586,70.1172
1702248,49.2188,70.7031
1710760,53.3203,68.8477
1719316,49.0234,70.6055
1727916,48.2422,70.7031
1736556,48.5352,69.5313
1745240,50.1953,72.1680
1753968,49.8047,71.7773
1762740,56.0547,76.3672
1771556,50.2930,72.0703
1780416,50.1953,73.2422
1789320,49.6094,73.0469
1798268,50.2930,72.0703
1807260,50.2930,72.1680
1816300,50.0977,72.1680
1825384,49.0234,72.4609
1834512,52.4414,72.6563
1843688,50.0977,70.4102
1852908,50.2930,73.8281
1862176,49.6094,73.3398
1871488,48.7305,73.9258
1880848,48.8281,70.8984
1890256,48.4375,72.5586
1899708,51.0742,73.8281
1909208,50.4883,74.7070
1918756,49.3164,72.4609
1928352,49.3164,72.9492
1937996,50.0000,72.5586
1947688,51.7578,75.9766
1957428,51.8555,74.2188
1967216,50.2930,74.4141
1977056,50.5859,73.7305
1986944,50.1953,75.1953
1996880,50.0977,73.0469
2006868,48.5352,71.7773
2016904,51.0742,75.6836
2026992,49.9023,74.3164
2037128,51.2695,73.5352
2047316,50.7813,74.5117
2057556,48.9258,72.0703
2067844,52.1484,75.6836
2078184,50.0977,73.9258
2088576,51.5625,74.1211
2099020,57.5195,76.2695
2109516,55.4688,77.1484
2120064,55.3711,77.3438
2130668,52.4414,72.6563
2141324,55.9570,76.9531
2152032,54.6875,75.6836
2162796,55.0781,74.5117
2173612,53.5156,73.9258
2184484,55.6641,78.0273
2195408,55.2734,74.4141
2206388,54.3945,75.0000
2217420,53.3203,75.0977
2228508,53.4180,75.0000
2239652,54.6875,74.5117
2250852,54.1016,77.3438
2262108,54.0039,73.3398
2273420,53.9063,74.1211
2284788,57.1289,77.5391
2296212,53.6133,76.7578
2307696,55.3711,77.4414
2319236,54.1992,73.7305
2330836,54.5898,75.0977
2342492,54.4922,73.1445
2354208,55.6641,77.4414
2365980,55.5664,77.7344
2377812,55.4688,95.9961
2389704,55.5664,76.0742
2401656,60.3516,76.4648
2413668,55.8594,74.9023
2425740,55.7617,76.4648
2437872,55.9570,77.1484
2450064,55.0781,76.5625
2462316,54.4922,76.5625
2474628,53.8086,76.2695
2487004,55.5664,76.7578
2499440,57.2266,72.1680
2511940,56.4453,78.1250
2524500,56.0547,76.3672
2537124,53.6133,74.3164
2549812,57.7148,77.2461
2562564,54.4922,76.3672
2575380,55.4688,76.9531
2588260,53.7109,76.9531
2601204,56.5430,79.6875
2614212,55.2734,77.9297
2627284,56.5430,77.8320
2640424,54.9805,77.4414
2653628,58.9844,77.5391
2666900,56.7383,78.8086
2680236,53.6133,72.9492
2693640,56.1523,77.1484
2707112,58.5938,75.3906
2720648,54.4922,73.7305
2734252,56.6406,78.2227
2747924,55.3711,75.3906
2761664,58.7891,76.0742
2775476,57.0313,78.3203
2789356,55.3711,78.2227
2803304,56.3477,77.5391
2817324,60.1563,79.1016
2831412,55.4688,78.1250
2845572,56.5430,78.0273
2859800,55.3711,76.7578
2874100,59.3750,77.5391
2888472,58.2031,79.0039
2902916,56.3477,77.6367
2917432,55.1758,78.4180
2932020,56.3477,78.3203
2946684,57.4219,75.5859
2961420,57.0313,78.8086
2976228,55.6641,76.3672
2991112,56.4453,77.6367
3006068,57.0313,79.1992
3021100,56.6406,78.5156
3036208,56.9336,82.6172
3051392,55.4688,78.9063
3066652,56.0547,78.7109
3081988,56.7383,77.2461
3097400,56.1523,78.4180
3112888,56.8359,80.0781
3128456,56.6406,77.6367
3144100,57.2266,79.1992
3159824,61.0352,76.5625
3175624,56.3477,78.8086
3191504,57.1289,79.3945
3207464,57.3242,81.0547
3223504,58.4961,80.6641
3239624,57.9102,81.1523
3255824,56.5430,80.1758
3272104,57.6172,96.6797
3288468,55.6641,77.8320
3304912,58.3008,80.7617
3321440,56.1523,76.8555
3338048,58.5938,77.6367
3354740,57.4219,78.7109
3371516,57.7148,81.3477
3388376,57.5195,81.5430
3405320,57.5195,81.1523
3422348,57.1289,79.7852
3439460,56.7383,78.6133
3456660,58.3984,82.2266
3473944,57.7148,81.8359
3491316,57.4219,79.2969
3508776,57.9102,81.0547
3526320,57.4219,80.4688
3543952,58.1055,83.7891
3561672,56.0547,79.4922
3579484,57.6172,82.5195
3597384,93.8477,91.6016
3615372,71.8750,85.0586
3633452,63.2813,84.4727
3651620,58.1055,81.7383
3669880,63.0859,86.0352
3688232,56.8359,80.0781
3706676,58.0078,82.4219
3725212,68.7500,81.9336
3743840,57.3242,82.7148
3762560,59.3750,83.3984
3781376,56.6406,78.9063
3800284,57.6172,81.7383
3819288,58.4961,82.4219
3838388,57.7148,81.7383
3857580,58.4961,82.1289
3876868,58.3008,81.9336
3896256,57.4219,81.8359
3915740,58.9844,81.6406
3935320,59.0820,80.5664
3955000,57.8125,79.1016
3974776,60.5469,82.9102
3994652,59.5703,83.6914
4014628,58.7891,83.9844
4034704,58.6914,96.5820
4054880,58.4961,81.9336
4075156,58.0078,82.3242
4095532,58.6914,82.3242
4116012,58.2031,79.9805
4136596,57.9102,82.2266
4157280,59.5703,83.9844
4178068,64.7461,111.6211
4198960,82.6172,99.2188
4219956,62.6953,84.3750
4241056,63.6719,82.4219
4262264,62.3047,83.2031
4283576,63.8672,84.4727
4304996,65.1367,81.3477
4326524,62.7930,85.2539
4348160,64.3555,84.6680
4369904,62.5000,83.4961
4391756,63.4766,83.3984
4413716,64.6484,86.0352
4435788,61.5234,83.9844
4457968,62.5000,83.7891
4480260,62.8906,84.5703
4502664,64.4531,88.5742
4525180,62.1094,81.2500
4547808,63.3789,83.2031
4570548,61.3281,83.4961
4593404,64.2578,84.5703
4616372,63.3789,84.6680
4639456,63.9648,84.5703
4662656,74.7070,86.6211
4685972,64.3555,85.5469
4709404,63.9648,85.9375
4732952,61.6211,82.2266
4756620,62.5977,84.2773
4780404,64.6484,85.6445
4804308,66.2109,84.5703
4828332,62.8906,84.5703
4852476,63.4766,85.5469
4876740,65.1367,84.3750
4901124,62.5000,84.9609
4925632,62.9883,83.3984
4950264,65.4297,85.5469
4975016,63.2813,84.0820
4999892,62.6953,87.3047
5024892,65.8203,84.4727
5050020,64.0625,85.1563
5075272,63.9648,86.9141
5100652,69.5313,86.2305
5126156,64.6484,85.7422
5151788,64.3555,84.5703
5177548,73.7305,86.7188
5203436,65.0391,84.7656
5229456,63.6719,86.1328
5255604,64.1602,86.6211
5281884,64.4531,84.6680
5308296,62.9883,86.5234
5334840,64.0625,85.9375
5361516,61.6211,84.5703
5388324,63.7695,84.7656
5415268,79.4922,88.5742
5442348,71.3867,88.7695
5469560,65.3320,86.6211
5496908,65.8203,86.3281
5524396,64.7461,87.5000
5552020,64.8438,86.2305
5579784,64.1602,90.5273
5607684,73.0469,86.5234
5635724,65.4297,87.7930
5663904,65.3320,90.2344
5692224,62.8906,83.5938
5720688,65.1367,88.9648
5749292,65.7227,87.5000
5778040,64.9414,87.0117
5806932,62.8906,84.8633
5835968,64.6484,86.9141
5865148,63.9648,86.8164
5894476,65.3320,87.5977
5923952,64.1602,87.2070
5953572,62.7930,86.5234
5983340,64.1602,86.2305
6013260,65.4297,88.5742
6043328,65.8203,89.8438
6073548,63.9648,90.6250
6103916,64.2578,86.5234
6134436,65.8203,88.7695
6165112,64.8438,86.9141
6195940,64.6484,86.8164
6226920,66.4063,91.4063
6258056,65.9180,88.4766
6289348,65.9180,89.6484
6320796,62.7930,89.4531
6352400,63.8672,85.7422
6384164,64.2578,86.2305
6416088,63.7695,86.3281
6448172,63.0859,88.6719
6480416,65.6250,88.5742
6512820,67.3828,90.3320
6545388,65.1367,88.0859
6578116,63.6719,89.7461
6611008,64.9414,88.2813
6644064,65.2344,88.5742
6677288,67.4805,87.8906
6710676,65.8203,89.1602
6744232,65.5273,90.7227
6777956,64.7461,86.4258
6811848,66.6016,91.5039
6845908,66.3086,88.6719
6880140,62.8906,88.9648
6914544,64.8438,87.8906
6949120,66.1133,89.1602
6983868,66.0156,90.6250
7018788,65.2344,88.6719
7053884,67.3828,91.5039
7089156,65.7227,88.2813
7124604,67.1875,89.9414
7160228,64.5508,89.0625
7196032,64.7461,89.8438
7232016,67.0898,90.3320
7268180,65.9180,86.8164
7304524,64.4531,90.7227
7341048,66.1133,89.8438
7377756,64.8438,90.7227
7414648,65.9180,88.3789
7451724,65.0391,90.1367
7488984,64.2578,87.5977
7526432,65.9180,91.1133
7564068,65.0391,89.5508
7601892,65.9180,87.2070
7639904,66.3086,92.6758
7678104,64.8438,89.5508
7716496,66.8945,90.2344
7755080,69.0430,90.1367
7793856,65.8203,89.0625
7832828,66.5039,94.8242
7871996,65.8203,91.0156
7911356,64.5508,90.2344
7950916,65.5273,91.1133
7990672,68.1641,95.3125
8030628,78.8086,91.0156
8070784,63.7695,88.5742
8111140,78.3203,95.3125
8151696,71.2891,91.1133
8192456,66.8945,91.0156
8233420,67.3828,94.2383
8274588,66.6992,91.4063
8315964,66.6992,90.1367
8357544,68.1641,94.2383
8399332,69.6289,90.1367
8441332,72.2656,92.8711
8483540,72.0703,93.8477
8525960,70.6055,89.6484
8568592,70.2148,92.1875
8611436,67.6758,91.4063
8654496,74.8047,95.7031
8697772,69.8242,90.6250
8741264,72.3633,91.6992
8784972,71.0938,90.8203
8828900,73.0469,90.2344
8873048,69.0430,91.2109
8917416,69.5313,89.0625
8962004,69.0430,89.2578
9006816,72.0703,95.5078
9051852,68.1641,89.0625
9097112,71.3867,93.3594
9142600,69.7266,90.3320
9188316,71.6797,91.6016
9234260,71.5820,91.1133
9280432,71.1914,91.9922
9326836,72.3633,90.9180
9373472,71.6797,92.8711
9420340,72.0703,90.9180
9467444,70.2148,91.3086
9514784,75.9766,93.8477
9562360,71.7773,92.4805
9610172,70.7031,92.3828
9658224,70.6055,91.7969
9706516,72.6563,93.8477
9755052,70.6055,92.9688
9803828,70.5078,91.7969
9852848,69.2383,91.6016
9902116,72.0703,95.9961
9951628,71.1914,93.8477
10001388,70.7031,93.3594
10051396,71.5820,93.2617
10101656,70.4102,93.7500
10152168,68.2617,88.9648
10202932,73.6328,98.9258
10253948,71.6797,93.5547
10305220,70.8008,90.0391
10356748,69.9219,89.2578
10408532,71.0938,95.5078
10460576,72.6563,96.1914
10512880,73.3398,94.3359
10565448,71.2891,94.0430
10618276,70.3125,93.9453
10671368,72.6563,94.1406
10724728,68.6523,92.7734
10778352,72.8516,92.4805
10832244,72.9492,106.7383
10886408,70.5078,91.0156
10940844,70.5078,96.2891
10995552,70.2148,90.5273
11050532,70.8008,96.3867
11105788,72.2656,93.8477
11161320,73.7305,98.1445
11217128,68.3594,91.6992
11273216,73.9258,95.4102
11329584,81.8359,94.2383
11386232,70.4102,94.8242
11443164,72.6563,94.8242
11500380,76.4648,96.1914
11557884,70.5078,91.5039
11615676,73.2422,96.5820
11673756,72.3633,94.4336
11732128,72.3633,95.8984
11790792,72.1680,95.0195
11849748,72.2656,93.7500
11909000,73.7305,99.2188
11968548,72.4609,96.4844
12028392,72.4609,94.4336
12088536,73.1445,96.8750
12148980,83.3984,93.3594
12209728,72.0703,98.1445
12270780,71.6797,96.6797
12332136,73.2422,95.9961
12393800,72.6563,95.7031
12455772,76.9531,95.6055
12518052,73.8281,96.8750
12580644,75.9766,101.4648
12643548,73.5352,96.9727
12706768,74.3164,98.2422
12770304,72.6563,96.3867
12834156,72.1680,93.5547
12898328,76.2695,95.5078
12962820,73.5352,97.1680
13027636,72.3633,95.5078
13092776,70.5078,96.4844
13158240,74.3164,98.5352
13224032,70.4102,93.6523
13290156,73.1445,97.9492
13356608,76.0742,99.0234
13423392,74.1211,96.1914
13490512,71.2891,94.2383
13557968,71.2891,94.9219
13625760,72.7539,94.7266
13693892,77.0508,97.8516
13762364,75.5859,97.5586
13831176,73.5352,96.7773
13900332,71.5820,94.3359
13969836,75.0000,97.2656
14039688,76.9531,98.6328
14109888,71.6797,95.6055
14180440,75.5859,95.6055
14251344,75.3906,99.9023
14322604,73.0469,95.6055
14394220,73.2422,95.9961
14466192,74.2188,101.2695
14538524,73.5352,96.6797
14611220,75.4883,96.4844
14684280,74.9023,96.3867
14757704,72.5586,98.3398
14831496,72.2656,95.8984
14905656,73.9258,98.6328
14980188,83.1055,95.8008
15055092,73.5352,98.7305
15130368,72.4609,96.4844
15206020,73.1445,96.9727
15282052,72.9492,99.9023
15358464,74.3164,96.7773
15435260,74.9023,95.9961
15512440,74.8047,101.2695
15590004,73.4375,97.5586
15667956,74.0234,98.3398
15746296,73.8281,97.0703
15825028,74.3164,95.0195
15904156,76.4648,97.7539
15983680,73.3398,98.8281
16063600,76.3672,100.0977
16143920,89.5508,101.4648
16224640,73.8281,99.4141
16305764,73.6328,98.2422
16387296,72.5586,97.7539
16469236,75.0977,101.5625
16551584,73.7305,96.6797
16634344,77.5391,99.2188
16717516,74.1211,97.9492
16801104,81.0547,99.8047
16885112,79.7852,103.0273
16969540,79.5898,97.8516
17054388,78.0273,99.7070
17139660,79.9805,101.5625
17225360,79.7852,100.6836
17311488,81.5430,102.2461
17398048,78.7109,99.6094
17485040,78.1250,98.0469
17572468,82.6172,101.1719
17660332,81.6406,104.4922
17748636,80.4688,99.9023
17837380,78.3203,101.1719
17926568,78.3203,101.6602
18016204,79.1992,101.9531
18106288,80.4688,102.4414
18196820,79.1016,101.4648
18287808,96.0938,106.1523
18379248,82.3242,99.4141
18471148,80.4688,98.8281
18563504,78.1250,101.0742
18656324,79.3945,104.0039
18749608,83.0078,105.7617
18843360,80.0781,100.8789
18937580,80.8594,103.0273
19032268,79.0039,99.7070
19127432,78.0273,102.2461
19223072,82.6172,105.3711
19319188,80.7617,102.6367
19415784,79.1016,99.9023
19512864,83.4961,106.0547
19610432,82.9102,102.8320
19708488,83.4961,103.3203
19807032,81.1523,103.9063
19906068,81.5430,101.7578
20005600,81.9336,107.3242
20105628,81.0547,101.3672
20206160,82.3242,111.0352
20307192,85.2539,107.1289
20408728,82.2266,105.2734
20510772,80.3711,101.3672
20613328,80.9570,102.3438
20716396,83.7891,103.4180
20819980,83.4961,105.9570
20924080,78.9063,102.3438
21028704,86.5234,107.5195
21133848,85.2539,114.0625
21239520,84.7656,108.4961
21345720,83.7891,105.0781
21452452,82.8125,104.7852
21559716,82.1289,103.9063
21667516,82.9102,107.0313
21775856,83.1055,107.6172
21884736,85.7422,105.1758
21994160,87.7930,108.8867
22104132,85.3516,107.2266
22214656,80.0781,103.2227
22325732,83.8867,105.6641
22437364,83.9844,104.7852
22549552,86.1328,110.5469
22662300,88.0859,107.5195
22775612,88.1836,107.4219
22889492,82.4219,103.4180
23003940,88.8672,103.6133
23118960,86.3281,112.2070
23234556,84.5703,105.5664
23350732,97.4609,112.5000
23467488,89.7461,108.9844
23584828,86.9141,107.7148
23702756,87.3047,108.4961
23821272,83.7891,104.6875
23940380,89.5508,117.3828
24060084,90.0391,110.9375
24180388,91.9922,113.1836
24301292,87.5000,105.4688
24422800,86.0352,106.6406
24544916,91.7969,112.6953
24667644,96.5820,108.5938
24790984,91.7969,108.9844
24914940,92.3828,111.0352
25039516,88.2813,109.0820
25164716,94.0430,114.3555
25290540,100.6836,110.7422
25416996,93.4570,111.6211
25544084,85.8398,107.8125
25671808,88.8672,109.7656
25800168,94.0430,112.9883
25929172,96.9727,122.9492
26058820,101.3672,116.8945
26189116,99.3164,114.7461
26320064,98.8281,115.7227
26451668,95.3125,121.1914
26583928,97.8516,114.1602
26716848,95.1172,113.4766
26850436,91.6992,110.2539
26984692,93.9453,112.0117
27119616,97.3633,113.9648
27255216,94.2383,112.5977
27391496,148.9258,135.6445
27528456,126.4648,125.2930
27666100,93.5547,112.5000
27804432,88.9648,116.9922
27943456,96.7773,108.3984
28083176,93.3594,112.5000
28223592,94.4336,122.7539
28364712,98.4375,127.1484
28506536,109.7656,121.7773
28649072,113.0859,131.8359
28792320,107.3242,120.6055
28936284,119.0430,121.3867
29080968,105.0781,118.6523
29226376,95.2148,114.6484
29372508,99.4141,118.2617
29519372,109.4727,123.6328
29666972,105.9570,123.1445
29815308,99.6094,116.9922
29964388,101.1719,117.9688
30114212,121.3867,124.4141
30264784,111.2305,126.2695
30416108,105.0781,122.4609
30568192,103.7109,142.3828
30721036,179.5898,154.1016
30874644,181.9336,171.3867
31029020,150.6836,140.7227
31184168,122.3633,129.7852
31340092,117.3828,141.1133
31496796,125.2930,132.9102
31654280,120.7031,126.5625
31812552,117.1875,135.9375
31971616,114.5508,125.2930
32131476,111.1328,130.4688
32292136,116.5039,145.9961
32453600,130.6641,137.2070
32615868,123.4375,140.1367
32778948,158.2031,139.5508
32942844,127.7344,136.5234
33107560,123.4375,131.0547
33273100,137.5000,136.5234
33439468,128.4180,137.3047
33606668,126.0742,161.6211
33774704,153.1250,151.3672
33943580,146.6797,144.9219
34113300,171.7773,148.0469
34283868,142.0898,150.3906
34455288,139.4531,134.7656
34627568,184.9609,140.4297
34800708,129.6875,192.3828
34974712,139.0625,143.3594
35149588,132.2266,144.1406
35325336,184.1797,151.5625
35501964,137.8906,141.7969
35679476,138.3789,157.0313
35857876,149.4141,152.4414
36037168,133.3008,145.7031
36217356,135.9375,144.7266
36398444,140.7227,144.9219
36580440,138.6719,170.4102
36763344,150.9766,160.3516
36947164,132.4219,172.4609
37131900,153.3203,150.1953
37317560,139.7461,153.6133
37504148,156.7383,161.5234
37691672,146.3867,150.4883
37880132,148.5352,150.0000
38069536,145.9961,156.6406
38259884,179.7852,150.1953
38451184,147.9492,163.3789
38643440,151.1719,172.0703
38836660,148.9258,163.1836
39030844,147.9492,181.6406
39226000,162.3047,160.0586
39422132,166.1133,178.6133
39619244,164.2578,159.0820
39817344,179.4922,160.5469
40016432,201.0742,161.5234
40216516,193.8477,169.4336
40417600,164.6484,163.6719
40619688,171.7773,167.3828
40822788,158.4961,193.3594
41026904,229.6875,208.7891
41232040,192.0898,183.6914
41438204,181.4453,175.9766
41645396,172.1680,174.6094
41853624,162.1094,164.0625
42062896,171.6797,181.1523
42273212,188.0859,241.2109
42484580,185.5469,255.4688
42697004,183.5938,200.9766
42910492,316.6992,239.1602
43125048,248.3398,206.6406
43340676,200.3906,204.8828
43557380,206.2500,236.3281
43775168,202.3438,189.6484
43994044,184.2773,187.9883
44214016,190.8203,205.1758
44435088,180.0781,176.7578
44657264,180.5664,221.2891
44880552,205.0781,195.9961
45104956,206.8359,202.1484
45330484,208.3008,200.5859
45557140,202.9297,200.9766
45784928,220.4102,332.9102
46013856,189.6484,186.2305
46243928,191.0156,193.5547
46475148,291.6992,199.1211
46707524,192.2852,237.6953
46941064,218.4570,202.2461
47175772,193.1641,188.0859
47411652,227.1484,187.2070
47648712,187.5000,205.3711
47886956,190.9180,191.7969
48126392,200.0000,192.1875
48367024,240.5273,188.2813
48608860,184.5703,203.9063
48851908,213.0859,185.2539
49096168,183.3984,179.7852
49341652,180.3711,198.1445
49588364,189.3555,207.6172
49836308,199.2188,187.8906
50085492,197.2656,193.2617
50335920,193.9453,196.8750
50587600,186.7188,238.0859
50840540,188.4766,189.1602
51094744,197.3633,193.3594
51350220,193.9453,212.9883
51606972,199.6094,202.8320
51865008,193.9453,197.7539
52124336,195.7031,196.0938
52384960,250.1953,193.0664
52646888,196.6797,212.2070
52910124,205.4688,206.4453
53174676,200.8789,200.9766
53440552,211.5234,199.5117
53707756,205.0781,201.4648
53976296,199.4141,219.8242
54246180,209.1797,229.0039
54517412,215.4297,214.9414
54790000,224.7070,193.7500
55063952,213.5742,202.5391
55339272,208.3984,206.6406
55615972,253.3203,201.2695
55894052,215.0391,222.7539
56173524,213.6719,220.5078
56454392,217.1875,214.7461
56736664,209.2773,215.4297
57020348,227.3438,242.8711
57305452,237.9883,316.3086
57591980,230.2734,234.5703
57879940,222.2656,216.3086
58169340,213.8672,223.9258
58460188,214.1602,218.3594
58752492,206.9336,203.7109
59046256,219.9219,216.9922
59341488,216.5039,215.8203
59638196,251.7578,221.2891
59936388,220.6055,216.5039
60236072,229.4922,242.7734
60537256,230.9570,218.6523
60839944,229.1992,216.6016
61144144,228.8086,223.1445
61449868,268.1641,247.4609
61757120,242.4805,232.4219
62065908,226.9531,222.9492
62376240,239.1602,254.1992
62688124,293.3594,239.6484
63001568,245.7031,225.8789
63316576,232.9102,229.9805
63633160,252.6367,229.4922
63951328,228.8086,230.4688
64271088,243.6523,221.9727
64592444,242.2852,266.2109
64915408,241.8945,232.8125
65239988,237.0117,247.0703
65566188,234.6680,270.9961
65894020,326.4648,234.2773
66223492,249.1211,227.8320
66554612,238.6719,227.9297
66887388,250.2930,273.9258
