4,1.6602,1.7578
8,2.1484,6.5430
12,2.5391,6.6406
16,2.5391,7.7148
20,3.2227,7.9102
24,3.1250,9.2773
28,3.1250,10.1563
32,3.1250,11.1328
36,3.7109,10.8398
40,3.6133,10.5469
44,3.7109,11.0352
48,3.9063,11.3281
52,3.7109,11.8164
56,3.6133,12.1094
60,4.9805,14.1602
64,3.6133,13.3789
68,4.3945,12.9883
72,4.8828,12.8906
76,4.2969,13.4766
80,4.0039,13.3789
84,4.5898,12.5977
88,4.8828,13.1836
92,4.3945,12.7930
96,4.6875,12.9883
100,4.8828,13.8672
104,4.2969,13.2813
108,4.8828,13.7695
112,4.2969,14.0625
116,4.3945,14.5508
120,4.8828,14.2578
124,4.1992,14.5508
128,4.3945,16.4063
132,5.2734,15.6250
136,5.4688,15.2344
140,4.9805,15.8203
144,5.1758,17.8711
148,5.3711,15.1367
152,5.2734,15.6250
156,5.2734,15.2344
160,5.1758,15.4297
164,5.1758,15.4297
168,5.2734,15.9180
172,5.2734,15.4297
176,5.1758,15.8203
180,5.1758,16.2109
184,5.2734,15.6250
188,5.2734,16.6016
192,5.4688,15.9180
196,5.3711,18.2617
200,5.3711,16.7969
204,5.1758,15.5273
208,5.0781,16.7969
212,5.2734,16.4063
216,5.4688,16.3086
220,5.3711,16.6992
224,5.2734,16.6992
228,5.1758,17.0898
232,5.2734,16.6016
236,5.4688,17.2852
240,5.3711,16.3086
244,5.3711,17.2852
248,5.1758,17.2852
252,8.4961,19.3359
256,5.1758,17.8711
260,6.1523,17.6758
264,6.1523,18.1641
268,6.1523,17.5781
272,8.7891,17.9688
276,6.1523,17.0898
280,6.2500,17.4805
284,6.1523,17.3828
288,6.1523,17.5781
292,6.3477,17.6758
296,6.1523,17.4805
300,6.2500,18.5547
304,6.7383,17.5781
308,6.2500,16.8945
312,6.2500,17.2852
316,6.1523,17.7734
320,6.2500,17.5781
324,6.2500,17.7734
328,6.2500,17.4805
332,6.2500,16.9922
336,6.3477,16.6992
340,6.2500,17.2852
344,6.1523,19.3359
348,6.2500,18.5547
352,6.3477,18.0664
356,6.4453,17.5781
360,6.1523,17.9688
364,6.6406,18.8477
368,6.3477,17.1875
372,6.1523,18.6523
376,6.2500,17.2852
380,6.5430,18.4570
384,6.1523,17.3828
388,8.8867,20.5078
392,6.2500,17.7734
396,9.0820,19.0430
400,6.2500,17.9688
404,6.1523,18.0664
408,6.3477,17.5781
412,6.1523,18.2617
416,6.1523,17.2852
420,6.2500,18.2617
424,6.1523,20.7031
428,9.5703,20.0195
432,8.3008,18.5547
436,6.1523,18.6523
440,6.1523,19.7266
444,6.2500,18.4570
448,6.1523,17.2852
452,6.2500,18.7500
456,6.1523,19.0430
460,6.1523,18.7500
464,6.3477,19.4336
468,6.4453,18.8477
472,6.3477,18.9453
476,6.1523,19.1406
480,6.2500,19.8242
484,6.2500,20.5078
488,6.2500,19.9219
492,6.1523,18.9453
496,6.9336,19.6289
500,6.1523,18.7500
504,6.3477,19.4336
508,6.1523,19.0430
512,6.1523,20.8008
516,7.6172,19.9219
520,7.9102,19.2383
524,7.7148,20.8984
528,8.4961,20.5078
532,7.5195,20.4102
536,8.3008,19.1406
540,8.0078,18.9453
544,7.2266,19.1406
548,8.4961,21.4844
552,8.0078,21.3867
556,7.7148,19.3359
560,7.5195,18.8477
564,7.8125,20.2148
568,7.7148,19.2383
572,8.1055,19.6289
576,7.6172,19.3359
580,7.8125,20.2148
584,7.8125,19.7266
588,7.5195,19.2383
592,7.7148,20.7031
596,7.3242,19.8242
600,7.9102,20.3125
604,7.9102,20.6055
608,8.1055,19.3359
612,7.5195,19.6289
616,7.8125,20.1172
620,8.3008,22.8516
624,8.2031,20.8984
628,7.6172,19.6289
632,7.3242,19.7266
636,7.9102,20.8984
640,7.6172,20.5078
644,7.9102,20.8008
648,7.1289,20.0195
652,7.7148,20.1172
656,7.4219,20.3125
660,7.2266,19.1406
664,8.2031,20.6055
668,7.5195,20.7031
672,7.8125,20.4102
676,7.3242,20.1172
680,7.3242,21.0938
684,7.8125,19.3359
688,9.8633,20.0195
692,8.3008,19.0430
696,7.3242,19.7266
700,8.1055,20.5078
704,8.3008,20.1172
708,7.5195,20.5078
712,7.6172,20.3125
716,7.8125,20.2148
720,8.1055,20.0195
724,7.3242,21.0938
728,7.9102,20.1172
732,7.2266,20.4102
736,7.4219,20.4102
740,7.9102,21.3867
744,8.2031,22.0703
748,7.0313,20.8008
752,7.4219,20.5078
756,8.2031,21.2891
760,7.6172,21.5820
764,8.2031,20.9961
768,7.9102,20.6055
772,7.2266,19.6289
776,7.4219,21.2891
780,8.0078,20.8984
784,6.8359,21.7773
788,6.8359,21.4844
792,7.8125,20.9961
796,7.2266,20.5078
800,8.0078,20.2148
804,7.3242,20.6055
812,8.2031,20.7031
820,8.2031,21.6797
828,7.8125,21.8750
836,8.4961,23.7305
844,7.9102,20.5078
852,8.2031,21.5820
860,7.7148,21.7773
868,7.2266,20.8984
876,7.3242,21.7773
884,7.6172,22.7539
892,8.0078,22.1680
900,8.2031,21.2891
908,10.0586,23.9258
916,8.8867,22.2656
924,7.5195,20.9961
932,8.1055,21.5820
940,7.4219,20.7031
948,7.0313,21.6797
956,8.5938,22.4609
964,8.9844,21.9727
972,7.3242,21.9727
980,8.3984,22.2656
988,6.9336,21.4844
996,10.2539,23.4375
1004,8.1055,23.5352
1012,9.5703,23.7305
1020,7.7148,24.4141
1028,10.4492,25.5859
1036,9.3750,22.3633
1044,9.3750,22.4609
1052,9.6680,23.5352
1060,9.2773,20.9961
1068,9.3750,23.1445
1076,10.0586,22.5586
1084,9.4727,22.0703
1092,9.5703,23.4375
1100,9.2773,21.9727
1108,8.9844,21.0938
1116,9.2773,22.6563
1124,9.2773,21.5820
1132,9.0820,21.6797
1140,9.6680,23.1445
1148,9.5703,22.2656
1156,9.2773,22.8516
1164,10.1563,22.8516
1172,9.8633,22.7539
1180,9.6680,20.8008
1188,9.4727,22.7539
1196,9.6680,22.4609
1204,9.0820,22.7539
1212,17.1875,26.0742
1220,11.9141,25.1953
1228,12.5977,24.8047
1236,12.5977,25.7813
1244,12.1094,23.4375
1252,9.1797,22.7539
1260,9.3750,24.2188
1268,9.3750,21.6797
1276,10.0586,22.2656
1284,9.6680,23.1445
1292,9.4727,22.3633
1300,9.2773,22.7539
1308,10.0586,22.3633
1316,8.9844,22.5586
1324,9.6680,28.9063
1332,9.5703,23.2422
1340,9.7656,23.6328
1348,9.4727,23.0469
1356,9.3750,23.2422
1364,9.3750,22.4609
1372,9.1797,21.9727
1380,9.3750,23.1445
1388,9.1797,23.8281
1396,9.4727,22.2656
1404,9.9609,21.9727
1412,9.9609,23.3398
1420,9.4727,23.5352
1428,9.4727,22.3633
1436,9.7656,23.1445
1444,9.3750,23.1445
1452,9.5703,22.8516
1460,9.1797,22.7539
1468,9.5703,23.0469
1476,10.2539,23.6328
1484,9.6680,23.4375
1492,9.0820,22.7539
1500,9.6680,23.0469
1508,9.6680,23.8281
1516,9.6680,24.0234
1524,9.2773,23.1445
1532,9.6680,23.4375
1540,9.4727,24.2188
1548,9.4727,23.1445
1556,10.1563,23.3398
1564,9.2773,22.8516
1572,9.7656,23.5352
1580,9.1797,23.2422
1588,9.5703,23.5352
1596,9.2773,23.6328
1604,9.9609,23.7305
1616,9.1797,23.3398
1628,9.4727,23.6328
1640,9.4727,23.1445
1652,9.1797,22.9492
1664,9.5703,23.2422
1676,9.8633,22.5586
1688,9.6680,23.6328
1700,8.9844,22.5586
1712,8.8867,22.9492
1724,9.3750,23.3398
1736,9.6680,22.6563
1748,9.4727,22.5586
1760,9.4727,23.5352
1772,9.9609,23.6328
1784,9.4727,24.8047
1796,8.6914,24.1211
1808,9.4727,24.0234
1820,9.4727,24.9023
1832,12.4023,25.9766
1844,9.0820,23.1445
1856,9.5703,23.1445
1868,9.2773,22.3633
1880,9.3750,22.9492
1892,9.5703,23.5352
1904,9.3750,23.9258
1916,10.0586,25.9766
1928,9.7656,23.3398
1940,9.7656,24.7070
1952,9.1797,23.4375
1964,9.3750,24.7070
1976,8.8867,24.1211
1988,11.3281,26.7578
2000,9.7656,24.5117
2012,9.2773,23.9258
2024,9.5703,24.6094
2036,10.0586,24.8047
2048,9.8633,26.0742
2060,12.0117,25.9766
2072,11.5234,25.4883
2084,11.1328,24.8047
2096,12.0117,27.4414
2108,11.1328,24.8047
2120,11.6211,24.6094
2132,11.4258,25.2930
2144,11.5234,24.8047
2156,12.0117,24.8047
2168,10.8398,24.0234
2180,11.2305,25.5859
2192,12.4023,25.7813
2204,11.3281,25.1953
2216,10.8398,25.6836
2228,11.6211,24.9023
2240,11.9141,24.9023
2252,11.4258,24.4141
2264,11.6211,24.9023
2276,12.1094,25.3906
2288,11.3281,25.3906
2300,11.4258,24.3164
2312,12.0117,26.0742
2324,11.7188,24.3164
2336,11.6211,25.7813
2348,11.3281,25.3906
2360,12.0117,25.2930
2372,11.2305,24.4141
2384,11.2305,26.2695
2396,11.5234,25.4883
2408,11.5234,24.8047
2424,11.7188,25.5859
2440,11.4258,24.7070
2456,10.4492,26.4648
2472,11.7188,24.1211
2488,11.9141,25.0977
2504,11.5234,25.6836
2520,11.3281,24.7070
2536,11.7188,26.6602
2552,11.5234,26.3672
2568,10.8398,24.0234
2584,11.1328,25.0977
2600,11.4258,25.0000
2616,11.9141,24.9023
2632,11.6211,24.5117
2648,11.5234,25.2930
2664,10.9375,25.4883
2680,11.8164,24.8047
2696,11.7188,26.5625
2712,12.2070,25.3906
2728,12.3047,25.0977
2744,11.3281,24.9023
2760,12.2070,25.1953
2776,11.3281,24.7070
2792,12.0117,25.2930
2808,11.0352,25.7813
2824,11.7188,24.8047
2840,11.2305,25.4883
2856,11.1328,25.2930
2872,11.8164,25.4883
2888,11.5234,26.5625
2904,11.5234,25.5859
2920,11.6211,27.8320
2936,11.7188,25.1953
2952,10.6445,25.3906
2968,11.8164,26.8555
2984,11.7188,26.0742
3000,10.1563,25.0977
3016,11.7188,25.0977
3032,11.6211,24.5117
3048,11.4258,25.4883
3064,11.3281,25.0977
3080,10.9375,24.1211
3096,11.9141,26.3672
3112,11.8164,26.6602
3128,11.9141,26.8555
3144,11.5234,26.8555
3160,11.8164,25.9766
3176,11.6211,24.9023
3192,11.8164,25.9766
3208,11.9141,26.5625
3228,10.4492,25.5859
3248,14.4531,28.7109
3268,11.4258,25.3906
3288,12.2070,25.7813
3308,11.3281,27.0508
3328,14.6484,28.9063
3348,11.1328,28.8086
3368,11.3281,25.5859
3388,11.5234,26.7578
3408,12.0117,26.9531
3428,10.9375,25.3906
3448,10.5469,25.6836
3468,11.3281,26.2695
3488,11.3281,26.5625
3508,11.3281,25.8789
3528,12.2070,25.0000
3548,12.0117,24.8047
3568,11.0352,26.2695
3588,10.9375,25.2930
3608,11.4258,26.7578
3628,11.2305,27.3438
3648,10.7422,25.9766
3668,11.1328,26.7578
3688,13.4766,26.3672
3708,11.5234,26.9531
3728,11.3281,26.2695
3748,11.5234,25.2930
3768,11.9141,26.7578
3788,11.7188,26.8555
3808,10.9375,26.4648
3828,11.8164,27.3438
3848,11.5234,26.7578
3868,12.0117,26.6602
3888,11.2305,26.0742
3908,11.8164,26.8555
3928,11.8164,26.2695
3948,10.6445,25.9766
3968,11.1328,28.2227
3988,11.8164,26.0742
4008,11.1328,26.3672
4032,12.0117,26.6602
4056,11.0352,25.8789
4080,10.9375,26.7578
4104,13.6719,28.5156
4128,14.1602,28.7109
4152,13.4766,28.9063
4176,13.7695,29.0039
4200,13.7695,28.7109
4224,13.0859,28.2227
4248,13.8672,27.8320
4272,13.7695,27.3438
4296,15.2344,28.0273
4320,14.0625,28.1250
4344,13.7695,26.5625
4368,13.0859,26.2695
4392,13.2813,28.2227
4416,13.5742,27.2461
4440,13.1836,27.1484
4464,13.1836,27.2461
4488,13.4766,26.9531
4512,13.1836,27.2461
4536,12.8906,27.5391
4560,13.4766,26.2695
4584,14.0625,27.9297
4608,13.0859,29.4922
4632,13.9648,29.3945
4656,13.8672,28.5156
4680,13.2813,27.5391
4704,13.6719,28.2227
4728,13.8672,28.4180
4752,13.9648,27.8320
4776,13.2813,28.1250
4800,13.7695,27.6367
4824,13.5742,29.1016
4852,13.2813,28.5156
4880,14.1602,27.5391
4908,14.0625,27.6367
4936,14.1602,27.1484
4964,13.7695,27.7344
4992,13.3789,28.1250
5020,13.7695,27.0508
5048,14.0625,26.4648
5076,14.0625,29.0039
5104,13.5742,28.4180
5132,14.0625,28.6133
5160,13.0859,26.7578
5188,13.3789,26.7578
5216,13.4766,27.0508
5244,14.6484,28.9063
5272,13.6719,28.1250
5300,13.9648,28.2227
5328,13.3789,28.8086
5356,13.7695,27.9297
5384,14.2578,28.4180
5412,13.5742,28.6133
5440,13.7695,27.4414
5468,13.9648,29.1016
5496,13.8672,29.0039
5524,13.9648,28.5156
5552,14.1602,27.7344
5580,13.7695,26.7578
5608,13.1836,27.7344
5640,14.0625,27.3438
5672,13.7695,27.6367
5704,15.0391,27.5391
5736,13.7695,28.3203
5768,13.9648,27.5391
5800,13.7695,27.4414
5832,13.4766,28.4180
5864,13.2813,27.9297
5896,13.2813,28.0273
5928,13.1836,28.7109
5960,13.7695,27.8320
5992,13.4766,28.1250
6024,13.8672,27.2461
6056,13.9648,28.2227
6088,13.2813,27.9297
6120,13.0859,29.2969
6152,13.7695,28.4180
6184,13.4766,28.4180
6216,13.9648,28.8086
6248,13.4766,28.5156
6280,13.9648,28.9063
6312,13.9648,28.8086
6344,13.8672,26.9531
6376,13.5742,28.1250
6408,13.7695,28.7109
6444,13.9648,28.8086
6480,13.7695,27.7344
6516,13.7695,28.2227
6552,13.4766,27.4414
6588,14.4531,28.4180
6624,14.1602,28.5156
6660,13.0859,27.9297
6696,13.3789,29.1992
6732,14.7461,27.8320
6768,13.1836,27.4414
6804,13.6719,28.0273
6840,13.1836,26.7578
6876,13.5742,27.6367
6912,13.7695,28.0273
6948,13.4766,28.8086
6984,13.9648,28.2227
7020,13.8672,28.8086
7056,12.6953,30.0781
7092,14.2578,28.2227
7128,13.1836,29.0039
7164,13.4766,27.9297
7200,13.9648,28.6133
7236,13.3789,27.7344
7276,13.4766,29.0039
7316,14.0625,30.1758
7356,14.0625,29.7852
7396,13.8672,29.3945
7436,12.5977,28.0273
7476,13.7695,28.9063
7516,13.5742,28.8086
7556,14.7461,27.9297
7596,14.0625,29.9805
7636,13.9648,28.8086
7676,13.8672,29.8828
7716,13.8672,29.0039
7756,13.4766,27.8320
7796,13.9648,29.0039
7836,13.2813,29.2969
7876,13.5742,29.6875
7916,14.0625,29.4922
7956,13.6719,29.5898
7996,14.1602,28.7109
8036,13.7695,30.4688
8080,14.0625,30.8594
8124,13.5742,28.6133
8168,13.6719,28.2227
8212,15.6250,31.0547
8256,15.2344,29.4922
8300,15.9180,29.0039
8344,15.9180,29.3945
8388,15.7227,29.5898
8432,16.4063,29.5898
8476,15.4297,29.0039
8520,16.1133,28.8086
8564,15.3320,29.8828
8608,15.8203,29.2969
8652,17.4805,29.4922
8696,15.4297,28.2227
8740,16.0156,30.2734
8784,15.4297,29.1016
8828,15.2344,29.3945
8876,20.0195,32.3242
8924,16.2109,30.3711
8972,15.8203,30.9570
9020,15.9180,28.8086
9068,14.9414,28.4180
9116,15.2344,28.3203
9164,15.3320,30.1758
9212,16.1133,32.3242
9260,15.7227,29.7852
9308,15.7227,29.8828
9356,16.3086,29.6875
9404,14.9414,29.8828
9452,15.5273,29.2969
9500,15.4297,28.4180
9548,15.5273,28.8086
9596,15.6250,29.6875
9644,16.2109,30.4688
9696,16.1133,29.6875
9748,15.6250,29.7852
9800,15.7227,29.1992
9852,16.1133,29.6875
9904,15.8203,30.2734
9956,15.0391,29.1016
10008,15.3320,29.6875
10060,14.7461,28.0273
10112,15.4297,29.2969
10164,15.3320,29.8828
10216,16.0156,30.0781
10268,15.2344,28.4180
10320,15.8203,30.1758
10372,15.3320,28.3203
10424,14.8438,29.5898
10480,15.8203,29.2969
10536,17.7734,30.0781
10592,15.8203,29.8828
10648,15.2344,29.1016
10704,15.4297,29.3945
10760,15.3320,29.6875
10816,15.8203,30.8594
10872,16.1133,30.7617
10928,15.6250,29.7852
10984,15.6250,29.5898
11040,15.4297,28.2227
11096,16.1133,30.3711
11152,15.2344,30.7617
11208,15.7227,32.2266
11268,15.8203,30.0781
11328,15.9180,29.8828
11388,16.0156,29.9805
11448,15.6250,29.8828
11508,16.1133,30.0781
11568,15.3320,30.6641
11628,15.6250,29.8828
11688,15.5273,30.2734
11748,15.7227,29.1992
11808,16.2109,30.2734
11868,15.9180,29.6875
11928,15.0391,30.0781
11988,15.2344,30.2734
12048,15.6250,29.6875
12112,15.6250,30.0781
12176,15.7227,30.0781
12240,15.9180,29.1992
12304,15.4297,30.9570
12368,15.0391,30.0781
12432,15.3320,29.7852
12496,15.7227,30.1758
12560,15.0391,28.8086
12624,16.1133,31.3477
12688,15.0391,28.5156
12752,15.9180,31.6406
12816,15.4297,29.1016
12884,15.4297,30.8594
12952,15.2344,28.9063
13020,15.9180,29.3945
13088,15.8203,29.8828
13156,14.7461,28.6133
13224,16.3086,31.0547
13292,15.7227,30.4688
13360,15.6250,31.4453
13428,16.1133,31.7383
13496,15.4297,30.5664
13564,15.7227,30.1758
13632,15.6250,34.1797
13704,15.3320,29.2969
13776,16.0156,29.8828
13848,15.4297,29.4922
13920,15.9180,30.2734
13992,15.3320,29.7852
14064,15.9180,30.6641
14136,15.4297,30.8594
14208,15.8203,31.3477
14280,15.3320,31.6406
14352,15.0391,30.6641
14424,15.8203,30.4688
14500,15.8203,30.7617
14576,17.7734,30.1758
14652,15.3320,29.8828
14728,15.5273,30.5664
14804,15.0391,29.8828
14880,16.2109,30.7617
14956,15.2344,30.5664
15032,16.1133,31.6406
15108,14.9414,30.2734
15184,15.8203,31.6406
15260,14.9414,31.4453
15340,15.6250,31.7383
15420,15.7227,30.1758
15500,15.7227,36.2305
15580,15.2344,29.3945
15660,15.8203,32.1289
15740,15.6250,31.1523
15820,15.1367,30.5664
15900,15.6250,30.5664
15980,15.6250,31.2500
16060,15.5273,30.1758
16144,15.5273,31.3477
16228,15.1367,29.7852
16312,16.0156,30.1758
16396,18.6523,32.9102
16480,18.6523,31.9336
16564,17.8711,30.3711
16648,17.8711,30.9570
16732,17.9688,31.1523
16816,17.4805,31.3477
16904,17.6758,31.0547
16992,17.4805,30.0781
17080,18.5547,31.4453
17168,18.5547,32.6172
17256,17.5781,30.2734
17344,17.9688,32.1289
17432,17.6758,31.1523
17520,17.9688,31.7383
17608,18.1641,32.5195
17700,17.6758,31.3477
17792,17.7734,29.1992
17884,18.0664,30.9570
17976,17.9688,31.6406
18068,17.3828,31.8359
18160,17.9688,31.7383
18252,17.1875,31.5430
18344,18.2617,32.1289
18436,17.0898,30.9570
18532,17.1875,31.2500
18628,18.4570,33.7891
18724,17.8711,31.1523
18820,16.6016,31.2500
18916,18.0664,32.1289
19012,17.6758,31.7383
19108,18.0664,31.8359
19204,17.6758,31.7383
19304,17.4805,31.6406
19404,18.2617,31.3477
19504,17.9688,30.6641
19604,17.8711,30.8594
19704,17.9688,30.7617
19804,17.8711,32.7148
19904,17.3828,31.1523
20004,17.4805,31.6406
20108,16.7969,31.2500
20212,18.7500,32.9102
20316,17.8711,31.6406
20420,18.4570,32.0313
20524,17.2852,31.3477
20628,17.8711,31.2500
20732,17.9688,31.1523
20836,18.5547,31.8359
20944,18.1641,32.2266
21052,17.2852,33.5938
21160,17.6758,31.9336
21268,18.3594,32.7148
21376,19.3359,37.1094
21484,18.0664,32.9102
21592,17.4805,30.7617
21700,16.7969,31.1523
21812,17.6758,32.6172
21924,17.5781,31.8359
22036,18.0664,31.7383
22148,17.9688,32.5195
22260,17.6758,31.4453
22372,19.6289,31.8359
22484,17.7734,32.6172
22600,17.3828,31.9336
22716,18.1641,31.5430
22832,17.7734,30.2734
22948,18.3594,32.0313
23064,17.6758,32.7148
23180,18.2617,33.7891
23296,17.7734,32.0313
23416,17.7734,32.7148
23536,17.2852,31.3477
23656,17.8711,33.3984
23776,19.0430,31.3477
23896,17.9688,31.1523
24016,17.4805,32.0313
24140,17.8711,31.7383
24264,17.4805,31.5430
24388,18.4570,31.4453
24512,17.8711,33.2031
24636,18.2617,32.0313
24760,18.1641,32.9102
24884,18.4570,32.6172
25012,17.1875,32.0313
25140,17.6758,34.9609
25268,17.3828,31.7383
25396,17.6758,31.7383
25524,17.3828,31.3477
25652,17.1875,31.6406
25784,17.8711,33.3984
25916,18.4570,32.8125
26048,17.6758,33.3008
26180,18.2617,31.5430
26312,17.4805,32.5195
26444,17.6758,31.4453
26580,17.9688,32.6172
26716,16.9922,30.3711
26852,18.1641,34.0820
26988,17.8711,33.6914
27124,17.1875,32.6172
27260,17.4805,31.3477
27400,17.3828,32.4219
27540,17.6758,32.7148
27680,17.8711,31.3477
27820,18.2617,33.5938
27960,17.5781,33.3008
28100,17.6758,32.5195
28244,17.5781,32.5195
28388,17.2852,30.8594
28532,17.0898,31.3477
28676,17.1875,31.5430
28820,17.8711,33.6914
28968,17.6758,33.5938
29116,17.6758,31.8359
29264,17.6758,31.6406
29412,17.9688,32.5195
29560,18.5547,33.9844
29708,17.7734,32.8125
29860,17.4805,31.9336
30012,18.6523,35.8398
30164,18.2617,33.3008
30316,17.1875,32.0313
30468,18.6523,32.5195
30624,17.6758,33.0078
30780,17.3828,33.8867
30936,18.2617,33.6914
31092,18.4570,32.3242
31248,17.8711,32.1289
31408,18.1641,32.5195
31568,17.7734,32.6172
31728,17.5781,32.8125
31888,17.4805,32.7148
32048,17.7734,32.8125
32212,17.6758,31.5430
32376,17.5781,33.2031
32540,16.6992,32.1289
32704,17.7734,33.3984
32868,21.7773,35.0586
33036,21.5820,34.8633
33204,20.4102,34.1797
33372,20.0195,33.5938
33540,20.4102,33.3984
33708,19.5313,32.7148
33880,19.4336,31.5430
34052,19.8242,32.7148
34224,20.9961,34.4727
34396,19.9219,33.4961
34568,20.2148,33.5938
34744,20.3125,33.5938
34920,19.9219,34.1797
35096,20.2148,33.5938
35272,19.6289,32.8125
35452,20.3125,32.7148
35632,19.9219,34.0820
35812,30.7617,37.5000
35992,20.8008,34.5703
36172,20.2148,33.3984
36356,20.3125,33.6914
36540,20.7031,34.8633
36724,20.1172,33.3008
36908,20.3125,35.0586
37096,20.3125,33.9844
37284,20.4102,34.4727
37472,20.2148,34.7656
37660,20.3125,34.8633
37852,22.0703,36.6211
38044,19.9219,32.2266
38236,20.3125,35.5469
38428,20.1172,34.0820
38624,20.7031,34.4727
38820,20.6055,33.7891
39016,20.4102,35.5469
39212,19.8242,33.9844
39412,19.3359,34.1797
39612,19.5313,34.3750
39812,19.8242,32.8125
40012,19.4336,34.2773
40216,20.1172,34.6680
40420,20.2148,34.0820
40624,20.1172,32.7148
40828,20.3125,34.2773
41036,19.9219,33.3008
41244,19.9219,34.9609
41452,20.1172,33.7891
41660,20.6055,35.6445
41872,20.3125,34.6680
42084,19.8242,34.6680
42296,20.0195,34.1797
42508,20.7031,33.4961
42724,20.6055,35.6445
42940,20.4102,34.6680
43156,19.6289,33.8867
43372,20.9961,34.9609
43592,20.7031,34.9609
43812,20.1172,33.8867
44032,20.1172,35.2539
44256,19.7266,33.8867
44480,20.2148,35.2539
44704,19.9219,33.8867
44928,20.8984,35.1563
45156,20.3125,35.6445
45384,20.8984,35.8398
45612,20.6055,34.9609
45844,19.7266,34.1797
46076,20.4102,34.7656
46308,20.0195,34.0820
46540,19.6289,34.4727
46776,20.6055,34.4727
47012,20.2148,34.9609
47248,20.8008,39.1602
47488,19.5313,33.3008
47728,20.6055,33.7891
47968,19.9219,34.5703
48208,20.0195,34.3750
48452,20.5078,34.8633
48696,20.4102,35.6445
48940,20.6055,34.9609
49188,19.9219,34.0820
49436,21.2891,37.4023
49684,19.7266,34.1797
49936,20.6055,34.6680
50188,19.9219,35.8398
50440,20.8984,34.8633
50696,20.4102,34.7656
50952,20.0195,34.4727
51208,20.5078,34.1797
51468,20.3125,35.9375
51728,19.8242,32.6172
51988,19.6289,34.5703
52248,19.8242,36.5234
52512,21.2891,36.2305
52776,20.0195,35.9375
53040,20.8984,35.1563
53308,19.7266,35.2539
53576,20.6055,35.0586
53844,21.1914,36.6211
54116,21.1914,35.6445
54388,19.7266,34.4727
54660,19.6289,34.5703
54936,20.1172,34.6680
55212,20.8984,35.5469
55492,20.8008,36.4258
55772,20.2148,35.3516
56052,20.0195,33.7891
56336,20.8984,35.4492
56620,20.8008,36.3281
56904,20.3125,36.8164
57192,20.4102,35.3516
57480,20.0195,34.2773
57768,19.5313,33.5938
58060,19.9219,34.7656
58352,20.5078,35.5469
58644,20.4102,36.0352
58940,20.8984,36.5234
59236,21.1914,38.0859
59536,20.1172,35.1563
59836,20.2148,35.6445
60136,19.1406,33.1055
60440,20.5078,36.0352
60744,20.4102,36.5234
61048,20.4102,35.2539
61356,20.8008,36.5234
61664,19.3359,33.7891
61976,20.0195,37.5000
62288,20.9961,37.3047
62600,20.9961,36.5234
62916,20.5078,35.3516
63232,20.5078,36.1328
63552,20.1172,35.3516
63872,20.4102,36.4258
64192,20.9961,36.4258
64516,20.5078,36.4258
64840,20.7031,35.4492
65168,20.1172,35.0586
65496,22.7539,38.2813
65824,23.6328,38.2813
66156,23.3398,39.2578
66488,22.8516,37.6953
66824,23.9258,38.1836
67160,23.0469,38.7695
67496,22.5586,38.3789
67836,22.4609,37.9883
68176,22.9492,38.3789
68520,22.9492,39.5508
68864,30.2734,40.6250
69212,22.0703,37.5977
69560,22.4609,38.9648
69908,22.6563,38.2813
70260,22.5586,37.6953
70612,22.0703,37.1094
70968,22.1680,38.0859
71324,22.0703,37.3047
71684,22.5586,38.2813
72044,22.6563,37.4023
72408,23.0469,44.5313
72772,22.9492,39.3555
73136,23.5352,39.1602
73504,22.6563,39.0625
73872,23.0469,38.0859
74244,22.5586,38.1836
74616,22.2656,38.6719
74992,22.5586,38.4766
75368,22.2656,37.8906
75748,23.1445,39.2578
76128,22.6563,42.1875
76512,22.4609,38.0859
76896,22.9492,39.7461
77284,22.6563,38.5742
77672,23.2422,39.8438
78064,22.0703,37.4023
78456,23.3398,38.9648
78852,23.1445,38.7695
79248,22.9492,39.8438
79648,22.0703,38.6719
80048,22.2656,39.4531
80452,22.8516,38.1836
80856,22.8516,39.1602
81264,21.6797,37.5000
81672,22.7539,38.5742
82084,21.4844,38.1836
82496,21.7773,37.7930
82912,22.2656,38.9648
83328,23.1445,38.4766
83748,22.3633,38.3789
84168,22.6563,39.7461
84592,22.7539,39.2578
85016,22.5586,38.9648
85444,21.9727,39.0625
85872,23.3398,39.9414
86304,22.3633,38.6719
86736,22.3633,38.3789
87172,22.5586,38.0859
87608,23.5352,39.6484
88048,21.9727,38.6719
88492,23.6328,39.7461
88936,23.1445,39.6484
89384,22.7539,39.3555
89832,22.4609,39.3555
90284,22.1680,39.2578
90736,23.1445,39.5508
91192,23.7305,40.1367
91648,22.3633,38.4766
92108,22.4609,39.5508
92572,21.9727,39.1602
93036,23.3398,40.1367
93504,22.9492,39.3555
93972,23.3398,40.7227
94444,22.5586,39.1602
94920,22.5586,38.8672
95396,23.4375,39.8438
95876,22.3633,38.2813
96356,23.3398,38.7695
96840,22.4609,40.4297
97328,22.3633,40.1367
97816,22.8516,48.0469
98308,23.6328,41.5039
98800,22.9492,39.7461
99296,23.6328,41.6016
99796,23.7305,40.6250
100296,22.7539,38.6719
100800,25.4883,38.2813
101304,22.6563,40.0391
101812,21.9727,39.7461
102324,23.2422,40.1367
102836,22.8516,40.5273
103352,22.9492,39.8438
103872,22.3633,38.6719
104392,23.0469,38.5742
104916,23.8281,40.5273
105444,22.7539,39.1602
105972,22.2656,39.5508
106504,22.9492,39.6484
107040,23.3398,40.2344
107576,23.4375,40.4297
108116,22.4609,39.7461
108660,23.0469,40.4297
109204,23.1445,41.1133
109752,23.3398,41.0156
110304,22.4609,39.6484
110856,22.9492,40.1367
111412,22.3633,40.7227
111972,22.8516,39.6484
112532,21.6797,39.4531
113096,23.4375,40.9180
113664,21.5820,38.1836
114236,23.2422,41.5039
114808,22.4609,40.4297
115384,23.2422,39.5508
115964,22.7539,40.2344
116544,24.0234,41.6992
117128,22.2656,39.5508
117716,23.2422,40.0391
118308,23.2422,40.2344
118900,23.4375,42.6758
119496,23.3398,41.5039
120096,23.4375,41.5039
120700,22.9492,41.6992
121304,22.7539,39.6484
121912,23.7305,41.9922
122524,23.2422,40.0391
123140,22.0703,38.8672
123756,22.0703,39.1602
124376,22.8516,40.5273
125000,22.7539,41.6992
125628,22.9492,41.9922
126260,22.9492,40.5273
126892,23.4375,41.6016
127528,22.7539,40.4297
128168,23.2422,39.5508
128812,22.4609,39.9414
129460,23.3398,40.2344
130108,23.5352,41.1133
130760,23.1445,39.7461
131416,27.2461,42.2852
132076,26.0742,41.3086
132740,24.9023,40.7227
133404,25.3906,40.4297
134072,25.0000,41.0156
134744,25.7813,40.9180
135420,25.7813,41.4063
136100,24.9023,40.1367
136784,27.8320,44.7266
137468,25.3906,41.6992
138156,25.0977,41.6992
138848,24.4141,40.9180
139544,24.3164,40.4297
140244,25.6836,40.3320
140948,25.5859,41.7969
141656,24.0234,39.4531
142368,25.7813,42.2852
143080,25.1953,41.9922
143796,25.3906,41.3086
144516,25.8789,40.2344
145240,26.4648,40.9180
145968,25.8789,41.6992
146700,25.8789,42.2852
147436,26.7578,43.1641
148176,24.6094,40.5273
148920,25.6836,40.7227
149668,25.7813,42.3828
150420,25.8789,43.0664
151176,25.9766,41.6992
151932,25.5859,43.6523
152692,25.2930,39.7461
153456,26.1719,41.7969
154224,25.8789,41.5039
154996,24.7070,40.0391
155772,23.8281,38.9648
156552,25.5859,41.5039
157336,27.3438,42.9688
158124,25.1953,43.6523
158916,25.5859,42.3828
159712,25.5859,41.5039
160512,25.2930,42.8711
161316,27.6367,43.6523
162124,25.4883,41.4063
162936,25.3906,40.1367
163752,25.5859,40.8203
164572,25.2930,41.8945
165396,25.5859,41.5039
166224,25.4883,40.2344
167056,25.9766,40.4297
167892,25.6836,41.7969
168732,25.2930,41.5039
169576,26.4648,42.6758
170424,25.0000,41.6992
171280,25.3906,42.0898
172140,25.6836,42.3828
173004,25.9766,43.1641
173872,27.2461,42.5781
174744,26.7578,43.9453
175620,25.1953,41.4063
176500,27.0508,42.2852
177384,25.3906,41.6992
178272,24.7070,40.6250
179164,24.6094,41.1133
180060,25.5859,41.2109
180964,25.3906,41.0156
181872,25.3906,56.9336
182784,27.1484,43.6523
183700,26.5625,43.9453
184620,26.4648,42.7734
185544,24.8047,41.4063
186472,25.5859,42.9688
187408,25.8789,42.4805
188348,25.6836,42.6758
189292,36.4258,53.5156
190240,37.5000,41.4063
191192,26.7578,42.2852
192148,26.9531,43.1641
193112,26.5625,42.4805
194080,26.2695,43.5547
195052,25.8789,42.1875
196028,25.5859,41.9922
197012,25.1953,42.8711
198000,25.8789,42.5781
198992,26.6602,43.0664
199988,25.5859,42.5781
200988,26.4648,43.0664
201996,26.4648,42.2852
203008,24.8047,40.2344
204024,26.2695,44.6289
205048,25.6836,42.4805
206076,26.0742,43.0664
207108,25.4883,43.2617
208144,27.9297,42.0898
209188,25.9766,42.5781
210236,25.5859,42.2852
211288,26.7578,43.9453
212348,25.3906,41.5039
213412,26.9531,43.6523
214480,25.5859,41.8945
215556,26.9531,43.5547
216636,25.7813,43.7500
217720,25.5859,42.5781
218812,26.6602,44.4336
219908,24.8047,42.2852
221008,25.4883,42.4805
222116,27.3438,45.3125
223228,26.0742,42.3828
224348,25.5859,42.3828
225472,26.5625,44.0430
226600,26.2695,45.1172
227736,26.2695,43.8477
228876,25.6836,42.5781
230024,25.8789,43.9453
231176,25.6836,43.0664
232332,26.6602,43.9453
233496,25.8789,43.7500
234664,27.2461,45.2148
235840,25.3906,43.0664
237020,25.5859,43.9453
238208,25.5859,41.8945
239400,26.4648,43.1641
240600,26.4648,43.2617
241804,26.6602,44.0430
243016,26.6602,44.3359
244232,26.5625,43.3594
245456,26.0742,41.5039
246684,27.6367,44.0430
247920,25.5859,44.0430
249160,25.8789,42.5781
250408,26.5625,45.2148
251664,26.5625,44.8242
252924,26.2695,44.4336
254192,27.3438,44.8242
255464,27.2461,48.0469
256744,28.7109,44.4336
258028,25.8789,42.8711
259320,26.8555,44.2383
260620,26.1719,42.8711
261924,27.0508,44.4336
263236,30.4688,45.1172
264556,31.7383,46.0938
265880,30.4688,46.4844
267212,30.0781,44.2383
268552,29.1016,45.6055
269896,29.6875,46.8750
271248,30.0781,45.6055
272608,29.2969,45.0195
273972,29.0039,43.8477
275344,30.0781,44.7266
276724,30.0781,45.1172
278108,29.5898,44.8242
279500,30.3711,45.8008
280900,29.5898,44.8242
282308,29.6875,45.4102
283720,29.1992,43.8477
285140,29.3945,45.4102
286568,28.1250,42.9688
288004,29.3945,44.4336
289448,28.4180,44.3359
290896,28.3203,43.5547
292352,29.6875,44.7266
293816,29.0039,45.3125
295288,28.4180,44.0430
296768,30.8594,46.2891
298252,29.5898,45.4102
299744,29.9805,45.7031
301244,29.3945,44.8242
302752,28.6133,43.9453
304268,30.6641,45.8984
305792,29.6875,46.3867
307324,29.7852,47.0703
308864,30.7617,46.5820
310412,30.0781,45.8008
311968,29.8828,45.8984
313528,28.7109,44.7266
315096,29.8828,46.5820
316672,30.3711,46.0938
318256,29.7852,45.3125
319848,29.2969,44.0430
321448,29.1992,43.7500
323056,29.6875,44.9219
324672,28.9063,45.7031
326296,29.8828,46.4844
327928,29.3945,44.6289
329568,29.9805,47.3633
331216,30.2734,46.0938
332876,34.5703,46.4844
334544,30.0781,45.7031
336220,30.1758,46.1914
337904,29.8828,45.3125
339596,30.7617,45.5078
341296,29.7852,48.6328
343004,31.7383,48.4375
344720,29.1992,44.5313
346444,30.4688,44.3359
348180,29.1992,45.2148
349924,30.8594,47.8516
351676,29.5898,45.5078
353436,29.7852,45.6055
355204,30.0781,45.8008
356984,30.8594,46.4844
358772,29.3945,45.5078
360568,29.2969,52.7344
362372,29.1016,45.6055
364184,30.1758,44.9219
366008,29.7852,47.2656
367840,30.9570,46.4844
369680,30.4688,46.1914
371532,30.9570,46.4844
373392,31.5430,48.0469
375260,29.3945,46.1914
377140,30.2734,46.3867
379028,28.4180,47.0703
380924,30.0781,46.6797
382832,27.9297,43.3594
384748,30.0781,45.0195
386672,29.8828,45.4102
388608,28.8086,45.8984
390552,29.8828,48.0469
392508,30.2734,46.6797
394472,29.1992,44.6289
396448,29.7852,45.8008
398432,29.6875,45.8008
400428,30.7617,46.8750
402432,30.7617,46.4844
404448,31.0547,48.8281
406472,30.2734,49.0234
408508,30.0781,46.1914
410552,31.3477,47.6563
412608,30.7617,47.2656
414672,32.0313,48.2422
416748,30.1758,47.2656
418832,31.4453,47.4609
420928,30.4688,47.8516
423036,32.3242,47.4609
425152,28.5156,45.3125
427280,31.1523,46.8750
429420,31.3477,47.1680
431568,29.1992,45.4102
433728,30.6641,46.9727
435900,31.4453,48.9258
438080,31.5430,49.1211
440272,33.2031,45.9961
442476,30.8594,46.7773
444692,31.0547,47.6563
446916,31.9336,47.4609
449152,31.2500,49.0234
451400,33.3984,47.4609
453660,31.1523,47.5586
455932,31.9336,54.3945
458212,29.9805,48.9258
460504,35.3516,47.3633
462808,36.1328,47.7539
465124,30.6641,48.0469
467452,30.9570,46.6797
469792,32.3242,48.6328
472144,30.7617,48.3398
474508,32.6172,47.7539
476884,30.7617,47.0703
479272,32.1289,49.8047
481672,30.6641,48.1445
484084,31.6406,50.0000
486508,30.9570,47.3633
488944,32.1289,49.3164
491392,31.4453,49.6094
493852,30.7617,46.6797
496324,31.0547,48.7305
498808,30.7617,47.8516
501304,31.3477,49.7070
503812,32.4219,50.2930
506332,32.1289,48.7305
508864,31.1523,47.8516
511412,30.7617,48.6328
513972,31.3477,48.8281
516544,31.5430,49.9023
519128,32.9102,50.8789
521724,31.7383,49.2188
524336,40.1367,53.9063
526960,35.6445,48.9258
529596,37.7930,50.3906
532244,35.4492,49.7070
534908,34.9609,47.5586
537584,36.9141,51.8555
540272,34.5703,48.6328
542976,35.9375,51.4648
545692,34.7656,50.0000
548424,34.4727,50.5859
551168,35.3516,50.0977
553924,33.3008,47.8516
556696,35.4492,50.5859
559480,35.2539,48.5352
562280,35.3516,49.8047
565092,34.5703,48.5352
567920,34.9609,52.0508
570760,35.4492,49.5117
573616,34.3750,50.6836
576488,34.0820,48.0469
579372,35.3516,55.7617
582272,35.2539,49.8047
585184,36.3281,50.0000
588112,35.2539,62.4023
591056,34.8633,50.1953
594012,35.4492,49.9023
596984,34.6680,48.4375
599972,35.0586,50.1953
602972,36.2305,50.1953
605988,36.8164,51.4648
609020,34.1797,52.4414
612068,35.6445,49.8047
615132,35.5469,50.0000
618208,34.6680,48.2422
621300,35.3516,50.0000
624408,36.9141,52.1484
627532,36.6211,52.1484
630672,34.6680,49.5117
633828,36.1328,51.2695
637000,35.1563,48.5352
640188,34.3750,47.6563
643392,35.4492,50.8789
646612,37.0117,51.5625
649848,36.2305,50.5859
653100,34.6680,64.1602
656368,39.5508,54.1016
659652,37.7930,54.4922
662952,36.9141,52.0508
666268,35.6445,50.2930
669600,36.6211,51.3672
672948,35.7422,51.6602
676316,45.4102,51.1719
679700,36.4258,52.6367
683100,35.2539,49.5117
686516,35.5469,49.9023
689952,36.0352,50.0977
693404,35.3516,50.8789
696872,36.4258,53.0273
700360,37.0117,52.9297
703864,35.6445,50.0000
707384,35.9375,49.9023
710924,40.0391,51.0742
714480,36.3281,50.6836
718056,35.0586,49.1211
721648,35.5469,50.1953
725260,34.8633,49.2188
728888,33.3008,50.2930
732536,37.7930,54.1016
736200,34.4727,49.4141
739884,33.9844,48.8281
743584,34.5703,49.7070
747304,34.2773,48.2422
751044,33.4961,48.5352
754800,35.3516,51.5625
758576,34.8633,49.6094
762372,35.7422,49.7070
766184,36.9141,52.9297
770016,35.1563,52.7344
773868,33.3984,49.0234
777740,35.5469,51.5625
781632,35.1563,50.8789
785544,35.8398,50.5859
789472,36.1328,51.8555
793420,35.1563,51.9531
797388,33.9844,53.3203
801376,35.7422,50.9766
805384,36.8164,52.3438
809412,35.4492,50.3906
813460,35.5469,52.5391
817528,35.8398,54.2969
821616,34.9609,51.2695
825728,36.3281,52.0508
829860,35.6445,51.7578
834012,35.2539,52.3438
838184,35.6445,50.2930
842376,34.4727,50.3906
846588,34.5703,49.9023
850824,36.3281,51.6602
855080,36.7188,51.6602
859356,36.2305,51.7578
863656,36.4258,52.2461
867976,36.6211,53.9063
872316,36.0352,52.4414
876680,35.0586,50.1953
881064,36.8164,55.9570
885472,34.6680,50.0000
889900,37.0117,54.1992
894352,34.7656,50.2930
898824,36.9141,53.0273
903320,36.3281,53.7109
907840,35.9375,50.5859
912380,36.0352,53.1250
916944,37.0117,53.1250
921532,36.7188,59.9609
926140,35.4492,52.1484
930772,36.4258,52.8320
935428,36.4258,53.1250
940108,39.2578,53.9063
944812,37.4023,54.6875
949540,37.3047,54.5898
954288,37.5000,54.3945
959060,36.9141,53.8086
963856,37.5977,55.0781
968676,37.1094,60.8398
973520,37.1094,53.2227
978388,35.8398,52.6367
983280,37.9883,54.7852
988200,38.0859,56.4453
993144,36.8164,53.3203
998112,36.8164,53.3203
1003104,37.7930,55.5664
1008120,35.4492,52.5391
1013164,37.1094,54.6875
1018232,37.1094,53.6133
1023324,36.3281,53.7109
1028444,37.5977,55.5664
1033588,38.1836,53.0273
1038756,37.0117,54.1992
1043952,36.1328,54.2969
1049172,42.6758,56.8359
1054420,40.6250,56.2500
1059696,40.5273,55.9570
1064996,42.5781,55.4688
1070324,48.0469,57.7148
1075676,41.4063,56.4453
1081056,39.5508,53.8086
1086464,40.3320,54.1992
1091900,43.7500,56.4453
1097360,40.6250,54.4922
1102848,40.2344,54.2969
1108364,40.5273,54.1016
1113908,39.3555,52.6367
1119480,40.7227,55.1758
1125080,39.4531,54.4922
1130708,41.4063,56.1523
1136364,51.4648,60.3516
1142048,41.2109,56.3477
1147760,40.5273,54.7852
1153500,41.9922,57.1289
1159268,41.5039,56.1523
1165068,41.6016,56.0547
1170896,46.9727,56.0547
1176752,41.3086,54.5898
1182636,38.8672,52.4414
1188552,40.7227,58.1055
1194496,40.5273,56.0547
1200472,40.3320,56.0547
1206476,41.0156,56.1523
1212512,41.1133,55.8594
1218576,42.6758,58.3984
1224672,42.1875,59.6680
1230796,41.2109,54.9805
1236952,40.1367,56.1523
1243140,40.5273,54.9805
1249356,40.7227,56.5430
1255604,40.1367,55.8594
1261884,42.6758,59.0820
1268196,41.3086,58.6914
1274540,40.3320,55.9570
1280916,39.6484,54.3945
1287324,41.8945,57.5195
1293764,40.9180,56.1523
1300236,43.6523,54.5898
1306740,40.9180,55.9570
1313276,40.7227,56.4453
1319844,41.0156,56.0547
1326444,41.6992,58.0078
1333080,41.6016,56.8359
1339748,41.4063,58.5938
1346448,41.8945,55.8594
1353184,41.7969,57.9102
1359952,41.5039,58.7891
1366752,42.1875,56.9336
1373588,41.8945,61.2305
1380456,42.0898,59.0820
1387360,52.9297,58.6914
1394300,41.8945,59.9609
1401272,41.9922,56.9336
1408280,51.3672,62.6953
1415324,41.4063,57.4219
1422404,40.2344,55.4688
1429520,41.3086,58.5938
1436668,43.3594,58.8867
1443852,43.2617,59.1797
1451072,42.0898,57.7148
1458328,41.6992,56.4453
1465620,41.8945,57.5195
1472952,41.7969,58.8867
1480320,42.1875,58.7891
1487724,41.4063,57.7148
1495164,41.3086,57.8125
1502640,42.8711,58.3008
1510156,43.0664,58.3008
1517708,42.7734,58.3984
1525300,43.4570,59.0820
1532928,45.6055,59.8633
1540596,41.6016,58.3008
1548300,42.8711,60.0586
1556044,42.4805,57.7148
1563828,43.0664,57.7148
1571648,42.4805,59.2773
1579508,42.7734,58.4961
1587408,43.2617,59.1797
1595348,44.3359,60.2539
1603328,51.2695,59.3750
1611348,44.9219,60.0586
1619408,43.9453,59.8633
1627508,42.6758,58.2031
1635648,42.3828,58.9844
1643828,42.8711,61.7188
1652048,43.0664,62.6953
1660312,44.2383,59.7656
1668616,41.7969,56.6406
1676960,43.6523,59.8633
1685348,41.1133,58.1055
1693776,43.3594,62.0117
1702248,43.2617,61.0352
1710760,45.1172,62.1094
1719316,42.2852,60.0586
1727916,44.3359,61.8164
1736556,43.9453,59.7656
1745240,44.3359,59.9609
1753968,43.0664,58.9844
1762740,43.9453,61.1328
1771556,42.0898,58.5938
1780416,43.6523,60.1563
1789320,42.7734,58.5938
1798268,43.0664,59.4727
1807260,43.4570,58.5938
1816300,43.5547,59.1797
1825384,45.6055,58.7891
1834512,44.4336,61.0352
1843688,41.7969,59.0820
1852908,44.4336,61.6211
1862176,44.7266,61.1328
1871488,46.8750,60.4492
1880848,43.8477,60.6445
1890256,44.6289,60.9375
1899708,43.7500,60.8398
1909208,43.2617,60.6445
1918756,45.8008,58.8867
1928352,42.8711,60.3516
1937996,44.5313,62.1094
1947688,41.9922,58.0078
1957428,46.2891,62.5977
1967216,46.4844,59.6680
1977056,55.3711,64.5508
1986944,42.5781,59.3750
1996880,43.2617,61.0352
2006868,43.6523,59.8633
2016904,47.9492,60.6445
2026992,41.9922,59.9609
2037128,44.7266,61.1328
2047316,43.8477,60.4492
2057556,45.0195,62.0117
2067844,47.7539,61.5234
2078184,44.2383,61.6211
2088576,45.8008,62.4023
2099020,47.8516,66.3086
2109516,47.5586,62.3047
2120064,46.5820,60.5469
2130668,47.1680,60.7422
2141324,47.1680,63.2813
2152032,48.1445,62.5977
2162796,48.2422,67.6758
2173612,46.3867,61.4258
2184484,47.5586,62.5000
2195408,48.1445,62.3047
2206388,45.5078,58.3984
2217420,47.3633,63.1836
2228508,47.1680,61.1328
2239652,47.3633,61.1328
2250852,47.3633,63.3789
2262108,48.9258,62.7930
2273420,47.9492,62.1094
2284788,46.2891,62.1094
2296212,49.4141,64.2578
2307696,46.4844,61.2305
2319236,48.5352,66.5039
2330836,57.9102,66.3086
2342492,48.3398,63.1836
2354208,48.3398,65.7227
2365980,49.1211,63.0859
2377812,50.1953,62.5000
2389704,47.2656,62.2070
2401656,61.7188,64.4531
2413668,50.0000,67.3828
2425740,47.4609,62.5000
2437872,49.1211,64.3555
2450064,49.2188,60.9375
2462316,47.4609,64.1602
2474628,49.3164,65.1367
2487004,49.3164,64.7461
2499440,46.2891,63.7695
2511940,47.5586,63.2813
2524500,48.7305,65.2344
2537124,47.7539,63.1836
2549812,48.7305,64.9414
2562564,48.9258,62.7930
2575380,47.4609,62.9883
2588260,47.4609,62.2070
2601204,47.1680,62.5977
2614212,49.4141,67.7734
2627284,48.3398,64.0625
2640424,46.7773,62.1094
2653628,48.6328,63.6719
2666900,48.8281,65.3320
2680236,56.3477,63.7695
2693640,49.6094,69.7266
2707112,49.4141,66.4063
2720648,51.2695,64.4531
2734252,48.0469,62.5000
2747924,48.4375,63.4766
2761664,48.1445,63.1836
2775476,48.3398,63.9648
2789356,51.6602,71.4844
2803304,50.3906,64.6484
2817324,50.0977,67.2852
2831412,51.1719,68.4570
2845572,48.8281,64.0625
2859800,49.1211,64.0625
2874100,49.5117,65.9180
2888472,47.8516,64.2578
2902916,49.7070,65.7227
2917432,51.7578,66.0156
2932020,50.7813,66.5039
2946684,49.1211,63.9648
2961420,48.0469,63.3789
2976228,54.4922,64.5508
2991112,48.2422,63.6719
3006068,49.5117,64.6484
3021100,48.7305,65.0391
3036208,48.6328,64.4531
3051392,50.0977,66.4063
3066652,50.0000,65.8203
3081988,51.5625,67.8711
3097400,48.9258,70.9961
3112888,50.3906,66.8945
3128456,48.1445,63.9648
3144100,48.3398,62.4023
3159824,48.6328,65.8203
3175624,49.6094,66.6992
3191504,48.1445,65.4297
3207464,48.5352,64.1602
3223504,49.8047,69.9219
3239624,50.0977,67.9688
3255824,49.2188,64.7461
3272104,51.8555,68.4570
3288468,49.9023,69.1406
3304912,50.0000,67.1875
3321440,50.1953,65.2344
3338048,50.7813,67.3828
3354740,50.1953,69.3359
3371516,49.4141,66.1133
3388376,50.6836,66.6016
3405320,51.1719,68.2617
3422348,50.0000,71.1914
3439460,49.9023,67.2852
3456660,51.0742,68.5547
3473944,49.6094,63.9648
3491316,51.2695,69.3359
3508776,50.6836,66.7969
3526320,50.8789,65.7227
3543952,51.8555,67.8711
3561672,61.1328,66.3086
3579484,50.9766,67.0898
3597384,105.1758,81.8359
3615372,73.6328,75.2930
3633452,62.9883,71.9727
3651620,50.2930,67.1875
3669880,53.4180,69.5313
3688232,50.3906,69.5313
3706676,51.8555,67.8711
3725212,50.2930,65.8203
3743840,49.6094,68.5547
3762560,50.3906,68.9453
3781376,50.3906,66.2109
3800284,49.2188,63.7695
3819288,53.8086,73.5352
3838388,54.8828,68.9453
3857580,50.8789,67.9688
3876868,52.1484,68.5547
3896256,51.6602,69.8242
3915740,51.3672,66.2109
3935320,51.4648,68.1641
3955000,50.8789,66.7969
3974776,61.5234,69.2383
3994652,51.7578,67.5781
4014628,52.7344,70.4102
4034704,52.8320,70.1172
4054880,51.7578,64.4531
4075156,50.7813,68.6523
4095532,52.0508,69.8242
4116012,52.5391,68.4570
4136596,51.9531,68.7500
4157280,50.8789,67.6758
4178068,50.1953,67.8711
4198960,55.7617,73.3398
4219956,52.5391,65.6250
4241056,53.7109,69.6289
4262264,52.2461,69.5313
4283576,54.8828,69.6289
4304996,54.3945,68.2617
4326524,53.0273,67.3828
4348160,53.8086,68.5547
4369904,54.1992,68.7500
4391756,54.4922,70.5078
4413716,56.0547,70.8008
4435788,54.3945,68.9453
4457968,54.4922,71.0938
4480260,54.2969,72.4609
4502664,53.8086,79.4922
4525180,54.7852,71.3867
4547808,56.0547,72.4609
4570548,56.4453,82.9102
4593404,56.3477,72.8516
4616372,55.2734,71.6797
4639456,54.9805,71.4844
4662656,54.6875,70.9961
4685972,55.2734,72.5586
4709404,53.8086,68.5547
4732952,54.2969,70.5078
4756620,55.4688,71.7773
4780404,55.4688,70.8984
4804308,51.1719,68.3594
4828332,53.5156,68.2617
4852476,55.8594,72.4609
4876740,54.2969,70.2148
4901124,53.1250,69.2383
4925632,54.6875,70.4102
4950264,54.7852,69.2383
4975016,57.1289,70.3125
4999892,54.3945,70.0195
5024892,55.6641,77.6367
5050020,53.7109,73.0469
5075272,55.7617,73.3398
5100652,55.1758,71.3867
5126156,53.7109,71.2891
5151788,56.3477,72.9492
5177548,56.2500,72.2656
5203436,53.1250,67.1875
5229456,54.6875,70.9961
5255604,54.0039,69.5313
5281884,53.6133,69.0430
5308296,56.7383,75.4883
5334840,56.4453,72.1680
5361516,56.5430,72.2656
5388324,58.1055,71.7773
5415268,55.3711,72.2656
5442348,56.2500,72.7539
5469560,56.7383,74.7070
5496908,54.0039,69.8242
5524396,56.8359,74.7070
5552020,54.9805,72.1680
5579784,54.3945,71.2891
5607684,57.3242,74.2188
5635724,56.6406,74.1211
5663904,57.0313,73.7305
5692224,55.9570,73.4375
5720688,55.3711,71.3867
5749292,54.4922,70.9961
5778040,55.9570,73.8281
5806932,55.6641,71.6797
5835968,53.6133,68.0664
5865148,55.9570,74.3164
5894476,55.3711,71.9727
5923952,56.6406,75.0000
5953572,56.0547,73.0469
5983340,55.0781,71.3867
6013260,56.7383,73.2422
6043328,56.1523,74.8047
6073548,56.2500,73.6328
6103916,55.4688,135.2539
6134436,56.7383,76.8555
6165112,56.0547,71.9727
6195940,52.7344,69.7266
6226920,56.4453,72.9492
6258056,56.3477,73.6328
6289348,58.4961,77.9297
6320796,57.1289,75.0977
6352400,54.7852,72.1680
6384164,57.6172,74.5117
6416088,59.0820,72.2656
6448172,56.6406,74.1211
6480416,54.4922,71.2891
6512820,57.2266,73.2422
6545388,53.9063,70.6055
6578116,55.5664,70.7031
6611008,55.5664,74.5117
6644064,57.7148,75.8789
6677288,58.3984,78.5156
6710676,57.3242,73.7305
6744232,57.8125,73.9258
6777956,58.8867,71.2891
6811848,56.6406,71.7773
6845908,58.3984,74.8047
6880140,57.9102,75.9766
6914544,56.9336,74.2188
6949120,57.3242,79.0039
6983868,58.5938,75.9766
7018788,58.3984,76.0742
7053884,57.5195,73.6328
7089156,56.6406,73.3398
7124604,57.7148,75.0977
7160228,58.3984,74.9023
7196032,57.2266,76.2695
7232016,57.0313,79.5898
7268180,57.5195,75.5859
7304524,59.2773,75.9766
7341048,56.2500,73.7305
7377756,56.0547,139.5508
7414648,57.4219,76.2695
7451724,56.4453,75.6836
7488984,59.0820,77.5391
7526432,55.8594,73.3398
7564068,55.6641,72.0703
7601892,58.7891,75.5859
7639904,56.9336,74.2188
7678104,56.9336,73.3398
7716496,58.1055,75.5859
7755080,57.8125,76.6602
7793856,58.8867,76.1719
7832828,57.6172,73.0469
7871996,56.0547,71.7773
7911356,57.2266,76.7578
7950916,59.1797,79.1992
7990672,58.9844,77.2461
8030628,58.6914,115.2344
8070784,56.6406,94.5313
8111140,63.6719,76.6602
8151696,59.8633,78.8086
8192456,58.6914,77.2461
8233420,57.5195,74.9023
8274588,57.0313,73.3398
8315964,58.4961,76.6602
8357544,59.4727,78.5156
8399332,62.5000,78.9063
8441332,65.6250,75.5859
8483540,61.2305,76.1719
8525960,61.3281,102.1484
8568592,61.7188,79.9805
8611436,63.1836,80.1758
8654496,63.4766,77.0508
8697772,61.1328,76.5625
8741264,62.8906,79.2969
8784972,62.6953,79.6875
8828900,61.7188,77.4414
8873048,61.3281,76.0742
8917416,61.6211,77.0508
8962004,61.5234,75.6836
9006816,60.6445,75.6836
9051852,62.9883,78.9063
9097112,59.9609,76.0742
9142600,57.9102,75.2930
9188316,60.3516,75.9766
9234260,61.3281,76.4648
9280432,62.7930,82.7148
9326836,59.3750,75.2930
9373472,64.7461,77.8320
9420340,63.3789,81.1523
9467444,63.0859,79.6875
9514784,62.5000,79.5898
9562360,60.7422,75.9766
9610172,63.9648,79.6875
9658224,58.7891,75.2930
9706516,61.7188,79.3945
9755052,61.3281,77.8320
9803828,60.9375,75.8789
9852848,62.5000,77.9297
9902116,61.7188,77.7344
9951628,60.9375,77.1484
10001388,61.8164,76.8555
10051396,62.0117,76.5625
10101656,65.3320,80.1758
10152168,60.0586,75.1953
10202932,60.4492,76.2695
10253948,62.2070,77.8320
10305220,62.7930,79.3945
10356748,62.4023,76.7578
10408532,63.5742,82.3242
10460576,62.8906,78.2227
10512880,63.3789,86.7188
10565448,62.1094,78.8086
10618276,63.3789,80.6641
10671368,61.9141,77.1484
10724728,63.0859,80.0781
10778352,70.2148,80.8594
10832244,60.3516,75.2930
10886408,62.9883,79.0039
10940844,62.5000,78.2227
10995552,60.9375,76.1719
11050532,60.4492,75.9766
11105788,62.9883,80.4688
11161320,62.5000,80.8594
11217128,59.9609,75.1953
11273216,62.5977,79.2969
11329584,59.7656,74.6094
11386232,62.6953,80.1758
11443164,65.7227,78.8086
11500380,62.7930,78.7109
11557884,64.2578,79.1992
11615676,64.6484,84.9609
11673756,62.8906,78.3203
11732128,63.8672,80.4688
11790792,63.0859,78.3203
11849748,62.4023,78.6133
11909000,60.2539,77.0508
11968548,62.3047,82.4219
12028392,64.4531,80.6641
12088536,64.6484,79.5898
12148980,85.0586,81.6406
12209728,63.9648,79.8828
12270780,64.7461,80.4688
12332136,62.5000,76.4648
12393800,62.6953,79.1992
12455772,62.5977,77.7344
12518052,63.1836,79.2969
12580644,64.1602,80.4688
12643548,64.5508,79.6875
12706768,62.0117,76.9531
12770304,61.2305,78.4180
12834156,62.1094,78.4180
12898328,63.3789,80.8594
12962820,61.8164,77.3438
13027636,65.2344,83.6914
13092776,62.9883,79.3945
13158240,60.3516,77.4414
13224032,61.9141,78.6133
13290156,63.8672,80.8594
13356608,61.8164,77.5391
13423392,64.6484,86.5234
13490512,63.5742,80.7617
13557968,61.5234,85.8398
13625760,62.6953,79.4922
13693892,71.4844,80.1758
13762364,64.8438,82.8125
13831176,62.3047,79.6875
13900332,62.5000,78.5156
13969836,61.6211,77.2461
14039688,63.7695,80.4688
14109888,62.8906,78.7109
14180440,63.9648,80.8594
14251344,62.9883,79.7852
14322604,63.7695,80.3711
14394220,62.4023,78.5156
14466192,63.5742,80.4688
14538524,66.1133,82.3242
14611220,63.2813,82.1289
14684280,64.4531,81.1523
14757704,65.9180,82.8125
14831496,64.2578,81.2500
14905656,65.7227,82.2266
14980188,65.5273,87.4023
15055092,62.9883,78.4180
15130368,66.1133,81.8359
15206020,62.6953,78.7109
15282052,63.9648,80.7617
15358464,62.5977,80.0781
15435260,70.2148,83.3984
15512440,66.5039,82.2266
15590004,66.7969,85.4492
15667956,63.8672,80.7617
15746296,62.2070,79.0039
15825028,63.9648,80.5664
15904156,62.5000,79.0039
15983680,62.4023,78.5156
16063600,63.8672,79.6875
16143920,65.4297,85.5469
16224640,64.5508,83.0078
16305764,64.9414,82.7148
16387296,64.5508,79.0039
16469236,62.5000,79.4922
16551584,65.9180,83.4961
16634344,63.6719,81.9336
16717516,63.9648,80.6641
16801104,69.3359,86.2305
16885112,68.8477,86.1328
16969540,68.3594,84.8633
17054388,69.9219,81.8359
17139660,67.8711,84.1797
17225360,63.8672,78.2227
17311488,67.1875,84.9609
17398048,70.2148,96.8750
17485040,67.2852,95.5078
17572468,70.0195,85.8398
17660332,68.3594,85.7422
17748636,64.5508,81.4453
17837380,68.8477,88.4766
17926568,67.9688,82.8125
18016204,68.3594,84.5703
18106288,66.6992,82.2266
18196820,66.9922,84.5703
18287808,94.9219,93.5547
18379248,83.3984,91.6992
18471148,78.1250,86.0352
18563504,70.4102,85.3516
18656324,67.8711,84.2773
18749608,68.3594,84.0820
18843360,71.5820,84.6680
18937580,67.1875,84.2773
19032268,67.5781,81.6406
19127432,68.7500,85.5469
19223072,69.4336,87.6953
19319188,70.3125,85.8398
19415784,67.9688,83.7891
19512864,67.5781,83.4961
19610432,67.7734,83.5938
19708488,72.2656,85.7422
19807032,69.5313,87.0117
19906068,75.1953,87.9883
20005600,68.5547,85.3516
20105628,67.3828,83.3008
20206160,71.9727,88.4766
20307192,68.3594,87.0117
20408728,67.8711,83.1055
20510772,68.8477,85.4492
20613328,67.7734,84.7656
20716396,68.2617,85.9375
20819980,76.1719,92.2852
20924080,68.3594,86.0352
21028704,67.8711,82.9102
21133848,69.6289,85.0586
21239520,70.8008,88.9648
21345720,69.4336,82.7148
21452452,67.9688,84.3750
21559716,70.1172,88.6719
21667516,67.6758,87.5977
21775856,68.8477,85.7422
21884736,69.2383,87.3047
21994160,67.4805,83.9844
22104132,69.2383,87.8906
22214656,74.2188,86.3281
22325732,70.7031,91.0156
22437364,71.2891,87.5977
22549552,73.4375,94.3359
22662300,69.6289,85.9375
22775612,69.4336,88.4766
22889492,82.4219,88.1836
23003940,70.4102,86.2305
23118960,69.0430,85.1563
23234556,68.4570,91.4063
23350732,78.0273,88.7695
23467488,67.5781,82.9102
23584828,71.6797,84.7656
23702756,69.7266,85.1563
23821272,69.3359,87.8906
23940380,73.9258,89.7461
24060084,67.3828,88.2813
24180388,75.3906,86.3281
24301292,74.0234,85.9375
24422800,75.3906,93.0664
24544916,71.3867,91.4063
24667644,78.8086,90.3320
24790984,76.0742,99.7070
24914940,84.1797,95.3125
25039516,74.8047,88.2813
25164716,76.9531,90.8203
25290540,75.6836,90.5273
25416996,71.7773,95.7031
25544084,81.3477,95.0195
25671808,83.5938,92.0898
25800168,80.1758,93.6523
25929172,79.6875,90.6250
26058820,75.1953,92.1875
26189116,116.5039,104.7852
26320064,97.9492,97.5586
26451668,84.1797,93.0664
26583928,79.1016,101.6602
26716848,94.0430,100.0977
26850436,85.3516,95.6055
26984692,81.7383,97.3633
27119616,80.0781,95.1172
27255216,87.0117,100.6836
27391496,111.0352,110.3516
27528456,96.4844,99.2188
27666100,98.8281,106.8359
27804432,97.2656,101.7578
27943456,105.5664,104.6875
28083176,91.1133,102.4414
28223592,92.7734,123.4375
28364712,94.7266,95.4102
28506536,102.7344,116.4063
28649072,121.1914,112.5977
28792320,106.8359,107.8125
28936284,93.9453,119.7266
29080968,106.4453,112.9883
29226376,100.0977,110.4492
29372508,92.1875,107.2266
29519372,153.0273,121.0938
29666972,120.8984,123.4375
29815308,109.7656,126.8555
29964388,107.7148,113.2813
30114212,107.9102,112.4023
30264784,96.6797,107.2266
30416108,106.9336,120.3125
30568192,108.4961,108.8867
30721036,115.1367,122.4609
30874644,121.1914,125.3906
31029020,117.1875,120.1172
31184168,105.9570,119.0430
31340092,109.3750,109.5703
31496796,104.5898,111.3281
31654280,117.6758,119.1406
31812552,107.8125,115.4297
31971616,109.5703,107.7148
32131476,100.2930,124.7070
32292136,115.1367,107.7148
32453600,104.7852,109.9609
32615868,103.0273,145.2148
32778948,150.1953,120.8008
32942844,116.7969,116.4063
33107560,141.5039,116.6992
33273100,113.9648,120.5078
33439468,112.2070,113.5742
33606668,118.2617,118.0664
33774704,112.2070,112.9883
33943580,108.3008,135.2539
34113300,118.4570,116.8945
34283868,112.8906,115.8203
34455288,107.5195,138.9648
34627568,121.9727,124.1211
34800708,116.7969,122.3633
34974712,137.7930,125.3906
35149588,126.8555,123.4375
35325336,164.4531,128.7109
35501964,113.6719,115.7227
35679476,126.6602,120.2148
35857876,128.0273,126.3672
36037168,118.9453,125.0000
36217356,128.7109,127.1484
36398444,121.2891,130.9570
36580440,150.0977,129.2969
36763344,126.1719,128.2227
36947164,120.4102,141.9922
37131900,122.8516,124.8047
37317560,127.9297,144.2383
37504148,122.9492,136.4258
37691672,130.7617,157.6172
37880132,121.2891,123.7305
38069536,123.0469,125.3906
38259884,139.1602,133.3008
38451184,131.6406,133.3984
38643440,134.7656,146.5820
38836660,127.5391,132.6172
39030844,122.0703,156.8359
39226000,137.0117,130.2734
39422132,133.4961,151.6602
39619244,136.6211,140.8203
39817344,126.6602,136.7188
40016432,128.0273,131.9336
40216516,126.7578,136.7188
40417600,144.4336,132.3242
40619688,135.7422,154.3945
40822788,138.0859,139.3555
41026904,162.0117,157.4219
41232040,166.8945,160.4492
41438204,169.7266,141.1133
41645396,138.6719,140.5273
41853624,167.9688,145.9961
42062896,147.7539,153.5156
42273212,158.6914,148.0469
42484580,140.4297,154.7852
42697004,153.9063,143.2617
42910492,165.9180,147.6563
43125048,143.6523,145.0195
43340676,147.1680,146.8750
43557380,143.1641,189.0625
43775168,157.3242,147.3633
43994044,147.4609,163.7695
44214016,161.0352,147.5586
44435088,148.6328,141.4063
44657264,153.2227,163.2813
44880552,148.0469,146.2891
45104956,151.1719,156.9336
45330484,149.3164,190.3320
45557140,158.0078,155.4688
45784928,153.5156,168.2617
46013856,165.4297,153.5156
46243928,162.4023,152.5391
46475148,151.2695,167.6758
46707524,225.6836,166.6016
46941064,169.0430,162.0117
47175772,229.1016,189.1602
47411652,206.8359,178.0273
47648712,224.8047,177.3438
47886956,190.9180,177.2461
48126392,180.5664,175.5859
48367024,177.0508,173.8281
48608860,239.6484,163.1836
48851908,173.0469,192.0898
49096168,196.4844,183.6914
49341652,204.8828,274.5117
49588364,197.6563,178.7109
49836308,215.7227,181.2500
50085492,313.5742,184.6680
50335920,196.4844,189.1602
50587600,211.1328,192.5781
50840540,181.4453,181.3477
51094744,182.4219,230.8594
51350220,182.2266,191.6992
51606972,186.6211,175.3906
51865008,189.5508,178.7109
52124336,175.2930,180.4688
52384960,183.4961,181.6406
52646888,171.4844,170.1172
52910124,182.1289,167.2852
53174676,209.1797,174.7070
53440552,210.2539,170.4102
53707756,242.5781,166.9922
53976296,171.1914,212.8906
54246180,168.9453,184.8633
54517412,177.1484,179.1992
54790000,220.5078,179.7852
55063952,184.4727,182.2266
55339272,187.4023,177.5391
55615972,184.4727,187.9883
55894052,179.1016,178.6133
56173524,195.6055,179.0039
56454392,187.5000,177.6367
56736664,189.9414,177.5391
57020348,183.3984,173.0469
57305452,253.1250,208.7891
57591980,205.5664,200.3906
57879940,195.7031,214.4531
58169340,213.3789,196.4844
58460188,195.1172,188.0859
58752492,233.9844,190.7227
59046256,197.6563,196.6797
59341488,195.1172,199.7070
59638196,207.6172,192.3828
59936388,193.4570,194.0430
60236072,189.7461,193.7500
60537256,194.1406,205.1758
60839944,207.1289,202.6367
61144144,196.4844,202.6367
61449868,238.1836,212.4023
61757120,215.8203,208.7891
62065908,225.7813,196.0938
62376240,203.0273,192.1875
62688124,210.7422,246.2891
63001568,196.6797,219.4336
63316576,215.8203,199.4141
63633160,203.7109,200.8789
63951328,209.5703,210.2539
64271088,198.5352,229.6875
64592444,320.0195,202.6367
64915408,209.4727,195.6055
65239988,194.0430,191.0156
65566188,223.2422,200.2930
65894020,231.8359,259.3750
66223492,219.7266,200.4883
66554612,213.0859,204.0039
66887388,218.4570,212.8906
