4,1.4648,1.8555
8,2.2461,5.5664
12,2.4414,6.5430
16,2.4414,6.9336
20,3.1250,7.9102
24,3.0273,11.4258
28,3.1250,12.2070
32,3.0273,11.0352
36,3.7109,10.7422
40,3.7109,11.9141
44,3.6133,11.5234
48,3.9063,12.4023
52,3.8086,12.7930
56,3.5156,12.7930
60,3.5156,13.1836
64,3.6133,14.1602
68,5.0781,14.3555
72,4.8828,14.3555
76,4.2969,14.2578
80,4.8828,14.0625
84,4.3945,14.0625
88,4.8828,14.0625
92,4.3945,16.0156
96,3.9063,14.2578
100,4.3945,14.7461
104,4.3945,15.2344
108,4.3945,15.9180
112,4.2969,16.5039
116,4.9805,15.6250
120,4.3945,16.0156
124,4.7852,15.9180
128,4.3945,17.0898
132,5.0781,17.2852
136,5.2734,17.0898
140,5.0781,16.5039
144,5.2734,16.6992
148,5.2734,17.1875
152,5.3711,17.1875
156,5.5664,17.1875
160,5.3711,16.7969
164,5.2734,17.4805
168,5.3711,16.4063
172,5.2734,17.5781
176,5.3711,16.6992
180,5.3711,17.2852
184,5.5664,17.3828
188,5.3711,17.0898
192,5.2734,16.8945
196,5.2734,17.4805
200,5.2734,17.2852
204,5.1758,17.1875
208,5.2734,17.6758
212,5.2734,18.0664
216,5.3711,18.5547
220,5.2734,17.5781
224,5.1758,17.9688
228,5.2734,18.4570
232,5.2734,17.9688
236,5.2734,18.6523
240,5.1758,18.6523
244,5.2734,20.3125
248,5.2734,18.3594
252,5.3711,18.1641
256,5.1758,20.5078
260,6.1523,19.3359
264,6.4453,19.9219
268,6.4453,18.9453
272,6.1523,18.1641
276,6.2500,19.4336
280,6.1523,19.1406
284,6.6406,18.7500
288,6.4453,20.1172
292,6.4453,19.3359
296,6.5430,18.8477
300,6.4453,18.2617
304,6.7383,20.3125
308,6.2500,19.0430
312,6.1523,18.7500
316,6.5430,18.5547
320,6.4453,21.3867
324,6.1523,18.5547
328,6.8359,18.2617
332,6.1523,19.3359
336,6.6406,20.1172
340,6.4453,19.1406
344,6.4453,19.5313
348,6.4453,19.3359
352,6.6406,20.4102
356,6.3477,19.3359
360,6.4453,19.8242
364,6.7383,18.9453
368,6.8359,18.9453
372,6.2500,18.7500
376,6.6406,18.9453
380,6.7383,19.9219
384,6.3477,19.6289
388,6.6406,19.7266
392,6.8359,19.6289
396,6.6406,19.3359
400,6.4453,20.4102
404,6.4453,20.3125
408,6.7383,19.9219
412,8.3008,21.2891
416,8.0078,20.6055
420,10.1563,20.8008
424,9.9609,20.9961
428,6.4453,20.7031
432,6.6406,19.7266
436,6.1523,20.5078
440,6.6406,21.6797
444,6.3477,20.5078
448,6.4453,20.9961
452,6.1523,20.0195
456,6.4453,21.0938
460,7.0313,20.3125
464,6.4453,20.6055
468,6.1523,20.5078
472,6.5430,21.4844
476,6.4453,20.3125
480,6.2500,21.9727
484,6.4453,20.7031
488,6.4453,20.4102
492,6.5430,21.2891
496,6.3477,21.5820
500,6.2500,21.4844
504,6.3477,21.7773
508,6.1523,21.9727
512,6.3477,22.5586
516,8.3984,22.1680
520,8.2031,21.1914
524,7.4219,23.4375
528,7.8125,21.1914
532,7.9102,23.3398
536,7.7148,21.2891
540,8.2031,22.1680
544,8.1055,22.2656
548,8.3984,22.0703
552,8.1055,21.7773
556,7.8125,21.3867
560,7.8125,21.7773
564,8.1055,21.9727
568,7.3242,21.4844
572,8.6914,21.7773
576,8.3008,20.8008
580,7.6172,21.5820
584,7.8125,22.2656
588,8.0078,21.0938
592,8.3008,20.9961
596,8.1055,22.0703
600,7.9102,22.5586
604,8.4961,22.1680
608,7.7148,21.4844
612,8.3984,21.8750
616,8.0078,22.3633
620,8.2031,21.7773
624,8.4961,22.0703
628,7.9102,21.0938
632,7.9102,22.4609
636,8.0078,20.8984
640,8.0078,22.1680
644,7.7148,23.1445
648,8.2031,21.8750
652,8.6914,22.6563
656,8.4961,22.3633
660,7.9102,23.1445
664,8.0078,22.7539
668,7.5195,21.5820
672,8.2031,21.5820
676,7.7148,21.7773
680,7.6172,22.3633
684,8.3008,22.7539
688,8.0078,21.8750
692,7.4219,22.0703
696,7.4219,21.4844
700,7.6172,21.6797
704,8.3984,21.6797
708,7.8125,21.5820
712,7.4219,21.3867
716,7.8125,22.2656
720,7.7148,23.2422
724,8.2031,22.0703
728,7.8125,22.7539
732,7.9102,22.7539
736,7.7148,22.4609
740,8.3008,21.6797
744,7.6172,21.6797
748,6.9336,21.1914
752,7.1289,22.4609
756,8.0078,22.1680
760,8.4961,22.1680
764,7.6172,23.4375
768,8.1055,23.3398
772,7.9102,22.3633
776,7.9102,22.9492
780,7.4219,21.9727
784,7.7148,23.2422
788,7.5195,22.8516
792,8.1055,23.7305
796,8.3008,22.2656
800,8.0078,23.2422
804,8.7891,23.9258
812,8.0078,22.3633
820,8.3008,22.4609
828,8.2031,22.3633
836,7.6172,24.1211
844,8.1055,23.8281
852,7.6172,23.0469
860,7.2266,23.1445
868,7.9102,23.1445
876,8.0078,23.3398
884,7.2266,22.4609
892,7.9102,23.6328
900,8.3984,22.8516
908,7.9102,23.3398
916,8.0078,23.8281
924,8.5938,23.6328
932,11.2305,23.3398
940,8.5938,23.3398
948,7.5195,23.6328
956,7.3242,23.1445
964,8.1055,23.4375
972,8.3984,23.6328
980,8.1055,25.0000
988,7.9102,23.0469
996,7.6172,24.3164
1004,7.8125,23.9258
1012,7.5195,24.0234
1020,8.0078,25.2930
1028,9.8633,25.1953
1036,10.1563,25.9766
1044,9.7656,23.5352
1052,10.0586,23.5352
1060,9.5703,25.0977
1068,9.9609,24.2188
1076,9.5703,25.2930
1084,9.6680,24.2188
1092,10.0586,24.2188
1100,9.1797,24.9023
1108,10.1563,25.0000
1116,9.5703,23.5352
1124,10.0586,24.7070
1132,9.7656,24.7070
1140,10.2539,24.7070
1148,10.1563,23.6328
1156,10.0586,23.9258
1164,10.1563,24.8047
1172,9.1797,24.2188
1180,9.6680,24.8047
1188,9.4727,24.0234
1196,10.3516,24.6094
1204,9.9609,23.2422
1212,9.5703,23.9258
1220,9.6680,24.6094
1228,10.2539,25.0977
1236,9.7656,24.3164
1244,9.2773,25.0000
1252,9.2773,22.6563
1260,9.6680,25.7813
1268,9.2773,23.6328
1276,9.9609,24.9023
1284,9.4727,23.8281
1292,9.9609,24.1211
1300,9.7656,23.8281
1308,9.8633,24.3164
1316,10.1563,25.0000
1324,9.8633,24.0234
1332,9.0820,23.8281
1340,9.9609,23.9258
1348,9.7656,24.8047
1356,9.6680,24.1211
1364,10.0586,24.6094
1372,10.0586,24.2188
1380,9.7656,24.5117
1388,9.7656,24.1211
1396,9.8633,24.5117
1404,10.0586,25.6836
1412,9.9609,24.6094
1420,9.3750,24.7070
1428,10.0586,24.2188
1436,10.0586,26.0742
1444,9.5703,25.2930
1452,9.4727,24.9023
1460,9.5703,25.4883
1468,9.8633,24.5117
1476,9.8633,25.9766
1484,9.3750,24.9023
1492,9.9609,25.0977
1500,9.7656,27.7344
1508,10.2539,25.4883
1516,9.5703,24.4141
1524,10.1563,25.8789
1532,9.3750,24.8047
1540,9.6680,24.8047
1548,9.6680,25.4883
1556,9.3750,25.0000
1564,10.3516,25.0000
1572,9.9609,25.9766
1580,9.3750,25.8789
1588,9.3750,24.3164
1596,9.8633,24.8047
1604,9.8633,26.1719
1616,10.0586,24.5117
1628,10.0586,26.9531
1640,9.9609,25.2930
1652,10.0586,25.0977
1664,10.4492,25.4883
1676,9.7656,24.9023
1688,9.6680,26.0742
1700,9.9609,26.3672
1712,9.7656,26.9531
1724,9.3750,25.3906
1736,9.6680,24.7070
1748,9.7656,24.9023
1760,9.4727,24.7070
1772,10.0586,25.0977
1784,9.9609,26.6602
1796,10.3516,26.8555
1808,9.2773,26.4648
1820,9.8633,25.0000
1832,9.6680,25.9766
1844,13.3789,30.9570
1856,10.0586,25.8789
1868,9.3750,25.7813
1880,10.3516,26.3672
1892,10.0586,26.4648
1904,9.7656,26.8555
1916,9.8633,27.3438
1928,9.8633,26.4648
1940,10.0586,25.6836
1952,9.6680,25.0000
1964,9.7656,26.4648
1976,9.3750,24.9023
1988,9.9609,25.3906
2000,9.9609,26.8555
2012,9.9609,26.1719
2024,9.7656,26.0742
2036,9.6680,26.2695
2048,10.2539,28.5156
2060,11.7188,28.7109
2072,11.6211,27.5391
2084,12.2070,28.7109
2096,11.4258,26.6602
2108,12.4023,27.6367
2120,11.5234,26.2695
2132,12.1094,26.3672
2144,11.4258,26.8555
2156,12.1094,27.5391
2168,11.8164,26.2695
2180,12.5000,28.1250
2192,11.3281,26.8555
2204,12.1094,27.4414
2216,12.5000,27.4414
2228,12.4023,26.3672
2240,12.2070,27.7344
2252,12.5977,26.7578
2264,11.7188,26.1719
2276,12.1094,26.6602
2288,12.4023,27.5391
2300,11.3281,26.6602
2312,12.4023,26.3672
2324,12.5977,37.4023
2336,12.4023,29.9805
2348,12.4023,27.9297
2360,12.3047,27.6367
2372,12.0117,27.8320
2384,11.9141,27.3438
2396,11.9141,26.6602
2408,11.7188,27.0508
2424,12.2070,27.8320
2440,11.8164,26.9531
2456,11.4258,27.4414
2472,11.7188,26.3672
2488,12.5977,28.7109
2504,12.1094,27.4414
2520,12.4023,27.0508
2536,11.7188,27.1484
2552,12.0117,27.2461
2568,11.8164,27.6367
2584,12.2070,26.5625
2600,11.5234,27.2461
2616,11.8164,28.1250
2632,12.0117,27.2461
2648,10.9375,27.4414
2664,12.3047,28.0273
2680,11.9141,28.1250
2696,12.4023,27.2461
2712,12.2070,29.0039
2728,12.1094,27.3438
2744,11.9141,27.6367
2760,12.1094,28.0273
2776,11.2305,27.3438
2792,11.6211,27.6367
2808,12.0117,27.2461
2824,11.4258,27.1484
2840,11.7188,27.2461
2856,12.1094,27.3438
2872,12.2070,27.4414
2888,11.8164,27.5391
2904,11.8164,28.1250
2920,12.2070,27.9297
2936,12.4023,28.9063
2952,11.8164,27.4414
2968,12.1094,28.2227
2984,12.8906,28.4180
3000,12.2070,28.1250
3016,12.4023,28.4180
3032,12.2070,27.5391
3048,11.6211,27.2461
3064,12.6953,27.7344
3080,12.3047,28.6133
3096,12.1094,29.1016
3112,11.5234,28.1250
3128,12.4023,28.3203
3144,12.5977,29.4922
3160,12.1094,28.2227
3176,11.8164,29.6875
3192,11.7188,29.2969
3208,12.0117,28.8086
3228,12.1094,28.5156
3248,11.2305,27.3438
3268,11.5234,27.0508
3288,11.7188,27.9297
3308,12.2070,26.9531
3328,12.5000,28.1250
3348,12.6953,28.3203
3368,11.6211,27.8320
3388,12.1094,28.3203
3408,11.7188,28.3203
3428,11.8164,28.4180
3448,11.7188,27.2461
3468,10.7422,27.0508
3488,12.3047,29.0039
3508,12.3047,28.8086
3528,11.7188,28.5156
3548,11.7188,29.0039
3568,12.2070,29.0039
3588,11.8164,28.3203
3608,12.1094,29.1016
3628,12.2070,27.7344
3648,12.1094,27.9297
3668,12.1094,28.7109
3688,12.6953,27.8320
3708,11.8164,29.9805
3728,11.4258,28.7109
3748,12.3047,28.8086
3768,12.2070,29.1016
3788,12.3047,28.3203
3808,11.8164,29.5898
3828,11.9141,29.6875
3848,12.5000,30.2734
3868,11.2305,29.2969
3888,11.5234,28.5156
3908,12.5000,29.1016
3928,11.9141,29.0039
3948,12.5000,28.9063
3968,11.8164,29.5898
3988,13.8672,29.3945
4008,11.3281,28.6133
4032,11.7188,30.8594
4056,11.8164,28.1250
4080,11.7188,28.1250
4104,14.5508,29.5898
4128,13.9648,29.8828
4152,14.1602,30.2734
4176,13.3789,29.7852
4200,14.0625,30.7617
4224,14.6484,30.4688
4248,14.0625,29.0039
4272,13.8672,29.6875
4296,14.7461,29.7852
4320,14.1602,29.1992
4344,14.7461,29.6875
4368,14.3555,29.1992
4392,14.3555,30.4688
4416,14.3555,28.9063
4440,15.0391,30.3711
4464,14.0625,29.1992
4488,14.6484,30.4688
4512,14.0625,29.7852
4536,13.6719,30.2734
4560,14.5508,29.5898
4584,14.6484,29.2969
4608,13.9648,32.9102
4632,14.2578,29.7852
4656,13.9648,30.0781
4680,14.0625,30.2734
4704,13.7695,30.3711
4728,14.8438,28.6133
4752,13.8672,29.5898
4776,13.6719,29.2969
4800,14.0625,28.8086
4824,14.2578,30.5664
4852,13.8672,29.9805
4880,13.9648,29.2969
4908,14.5508,28.8086
4936,13.6719,31.3477
4964,14.0625,29.8828
4992,13.8672,29.5898
5020,14.2578,28.9063
5048,14.8438,30.0781
5076,13.7695,29.8828
5104,14.3555,29.1992
5132,13.8672,30.1758
5160,13.9648,30.0781
5188,14.7461,29.2969
5216,14.5508,30.3711
5244,13.7695,29.0039
5272,14.4531,28.8086
5300,14.0625,30.6641
5328,14.2578,29.6875
5356,13.9648,29.7852
5384,14.2578,29.8828
5412,15.1367,30.5664
5440,14.8438,30.2734
5468,13.7695,30.2734
5496,14.3555,30.2734
5524,14.4531,31.4453
5552,14.2578,30.1758
5580,14.3555,29.6875
5608,14.3555,30.2734
5640,14.0625,30.5664
5672,14.0625,28.7109
5704,14.2578,30.3711
5736,14.3555,31.0547
5768,14.1602,29.9805
5800,14.1602,29.1016
5832,14.2578,31.3477
5864,14.0625,29.4922
5896,14.3555,30.7617
5928,14.5508,31.2500
5960,13.8672,29.7852
5992,13.6719,29.2969
6024,14.3555,31.0547
6056,13.8672,30.3711
6088,15.7227,30.2734
6120,14.7461,29.1992
6152,13.8672,28.8086
6184,14.1602,30.1758
6216,13.7695,31.0547
6248,14.2578,29.1016
6280,13.8672,29.2969
6312,14.5508,31.7383
6344,14.9414,31.3477
6376,14.7461,31.3477
6408,14.1602,31.2500
6444,14.0625,30.7617
6480,14.6484,31.2500
6516,15.4297,30.0781
6552,14.7461,30.2734
6588,14.0625,30.2734
6624,14.0625,30.9570
6660,14.4531,31.0547
6696,14.6484,30.4688
6732,13.7695,29.9805
6768,13.9648,30.5664
6804,13.5742,30.7617
6840,14.8438,30.7617
6876,14.2578,30.4688
6912,14.3555,31.0547
6948,14.2578,31.0547
6984,24.1211,32.7148
7020,14.3555,31.9336
7056,13.4766,31.4453
7092,14.5508,30.7617
7128,14.4531,31.2500
7164,14.0625,32.8125
7200,13.6719,31.2500
7236,14.7461,31.4453
7276,14.1602,29.9805
7316,14.5508,32.0313
7356,13.8672,31.7383
7396,13.9648,31.1523
7436,14.6484,37.2070
7476,13.8672,30.9570
7516,14.2578,30.3711
7556,14.5508,32.2266
7596,13.3789,30.2734
7636,14.1602,31.8359
7676,14.5508,30.9570
7716,13.9648,30.9570
7756,14.0625,31.4453
7796,13.6719,31.5430
7836,14.2578,31.1523
7876,14.3555,30.9570
7916,14.0625,30.6641
7956,16.0156,31.4453
7996,14.6484,30.6641
8036,14.7461,32.9102
8080,14.6484,31.3477
8124,14.1602,31.4453
8168,13.8672,30.7617
8212,16.8945,33.2031
8256,17.1875,33.1055
8300,16.5039,33.4961
8344,16.6992,32.8125
8388,16.0156,33.2031
8432,15.8203,30.7617
8476,21.6797,34.5703
8520,19.8242,34.6680
8564,15.7227,31.9336
8608,15.5273,31.7383
8652,15.6250,30.6641
8696,16.2109,33.2031
8740,16.6992,31.9336
8784,16.2109,32.1289
8828,16.1133,32.1289
8876,16.5039,32.5195
8924,16.6992,31.8359
8972,16.1133,30.8594
9020,16.0156,32.1289
9068,16.0156,30.6641
9116,16.8945,32.1289
9164,16.5039,33.1055
9212,17.2852,32.6172
9260,16.1133,31.7383
9308,16.0156,31.3477
9356,16.0156,30.6641
9404,15.8203,31.3477
9452,16.1133,31.7383
9500,16.1133,32.2266
9548,16.7969,32.2266
9596,18.6523,31.2500
9644,15.6250,31.7383
9696,16.1133,32.2266
9748,16.6016,32.7148
9800,15.7227,31.3477
9852,16.2109,32.2266
9904,16.4063,32.2266
9956,16.6016,30.8594
10008,16.7969,32.9102
10060,16.8945,32.8125
10112,16.5039,32.1289
10164,15.7227,32.0313
10216,16.0156,33.0078
10268,16.5039,31.9336
10320,15.7227,31.0547
10372,16.2109,30.8594
10424,16.5039,32.4219
10480,16.4063,31.7383
10536,16.2109,31.7383
10592,16.4063,32.4219
10648,16.3086,32.0313
10704,16.5039,32.5195
10760,15.9180,31.7383
10816,15.7227,31.1523
10872,16.4063,31.8359
10928,16.0156,31.6406
10984,15.5273,31.8359
11040,16.9922,32.5195
11096,16.3086,31.8359
11152,17.1875,33.1055
11208,15.7227,31.5430
11268,16.8945,31.8359
11328,16.9922,32.6172
11388,16.0156,32.0313
11448,15.8203,31.9336
11508,16.2109,33.0078
11568,16.5039,32.6172
11628,15.7227,32.1289
11688,15.9180,31.5430
11748,15.7227,32.0313
11808,16.3086,32.7148
11868,16.8945,32.4219
11928,16.0156,32.9102
11988,16.6016,32.6172
12048,16.1133,33.3008
12112,16.2109,33.3008
12176,16.5039,33.0078
12240,16.4063,31.8359
12304,15.8203,32.6172
12368,16.1133,32.1289
12432,16.8945,32.6172
12496,15.9180,31.0547
12560,16.6016,32.5195
12624,16.1133,33.4961
12688,16.6992,33.0078
12752,15.8203,33.2031
12816,16.6992,32.7148
12884,16.5039,33.1055
12952,16.4063,32.5195
13020,16.5039,32.4219
13088,15.6250,32.7148
13156,16.3086,33.3984
13224,16.8945,33.1055
13292,16.6992,34.0820
13360,15.7227,32.3242
13428,17.0898,33.3008
13496,16.5039,33.4961
13564,16.3086,33.7891
13632,16.3086,33.6914
13704,16.1133,33.7891
13776,16.2109,33.1055
13848,16.2109,32.3242
13920,16.1133,33.9844
13992,16.7969,33.0078
14064,16.0156,32.9102
14136,16.0156,32.9102
14208,17.1875,33.8867
14280,16.4063,33.2031
14352,16.6992,33.8867
14424,15.5273,31.7383
14500,16.2109,32.6172
14576,16.0156,33.1055
14652,16.4063,33.0078
14728,16.3086,33.0078
14804,15.9180,32.0313
14880,17.8711,33.3008
14956,16.5039,32.0313
15032,16.0156,33.3984
15108,16.4063,32.7148
15184,17.4805,33.4961
15260,16.1133,33.3984
15340,16.6992,33.4961
15420,16.6992,33.9844
15500,16.6016,33.3008
15580,16.3086,32.5195
15660,16.6016,34.4727
15740,16.5039,32.0313
15820,18.4570,32.6172
15900,16.7969,33.9844
15980,16.4063,32.0313
16060,16.3086,33.3984
16144,16.0156,33.2031
16228,16.4063,32.6172
16312,16.4063,33.3984
16396,19.4336,34.2773
16480,19.1406,34.3750
16564,18.7500,34.2773
16648,18.1641,33.3984
16732,18.7500,33.3984
16816,18.9453,33.2031
16904,18.7500,32.4219
16992,18.5547,33.4961
17080,18.9453,33.3008
17168,19.0430,33.9844
17256,19.2383,33.6914
17344,18.9453,33.5938
17432,18.6523,32.8125
17520,18.6523,33.7891
17608,18.7500,32.9102
17700,18.5547,33.7891
17792,18.3594,34.7656
17884,18.9453,33.9844
17976,18.9453,34.1797
18068,19.5313,34.9609
18160,19.6289,33.6914
18252,18.4570,32.5195
18344,17.8711,32.4219
18436,18.2617,32.5195
18532,19.3359,35.4492
18628,18.8477,34.0820
18724,18.9453,34.2773
18820,19.5313,35.1563
18916,18.9453,34.2773
19012,19.2383,33.5938
19108,18.9453,33.5938
19204,17.9688,33.3984
19304,18.8477,34.3750
19404,19.0430,33.4961
19504,19.6289,34.5703
19604,19.2383,33.6914
19704,19.2383,34.8633
19804,18.5547,36.7188
19904,18.7500,33.8867
20004,20.9961,34.2773
20108,18.5547,33.3008
20212,18.5547,33.9844
20316,19.1406,33.4961
20420,18.5547,34.6680
20524,18.3594,34.6680
20628,18.0664,35.1563
20732,19.1406,33.6914
20836,18.8477,34.5703
20944,19.4336,33.9844
21052,18.3594,33.8867
21160,18.4570,35.2539
21268,18.8477,34.7656
21376,19.0430,34.3750
21484,19.2383,33.8867
21592,19.1406,33.7891
21700,18.1641,33.6914
21812,19.2383,35.1563
21924,18.6523,34.2773
22036,18.9453,33.6914
22148,18.6523,34.7656
22260,18.4570,35.0586
22372,18.2617,33.9844
22484,18.9453,33.7891
22600,18.3594,34.9609
22716,18.5547,35.2539
22832,19.6289,35.4492
22948,18.9453,34.6680
23064,19.3359,34.9609
23180,18.9453,33.8867
23296,18.7500,36.4258
23416,18.0664,33.1055
23536,19.1406,35.9375
23656,19.0430,36.0352
23776,18.1641,37.0117
23896,19.3359,35.2539
24016,19.3359,34.4727
24140,18.8477,35.3516
24264,18.4570,35.2539
24388,18.6523,36.2305
24512,19.0430,35.0586
24636,18.7500,34.8633
24760,18.8477,34.0820
24884,18.7500,33.9844
25012,19.0430,35.3516
25140,19.1406,36.5234
25268,18.7500,35.7422
25396,18.9453,35.8398
25524,18.4570,34.8633
25652,19.2383,34.8633
25784,19.0430,35.6445
25916,18.9453,35.7422
26048,18.5547,34.5703
26180,18.4570,35.9375
26312,19.0430,36.2305
26444,18.9453,34.4727
26580,19.5313,35.1563
26716,19.0430,34.2773
26852,19.5313,36.0352
26988,18.8477,34.5703
27124,19.0430,35.6445
27260,18.4570,33.6914
27400,18.6523,34.4727
27540,18.5547,35.0586
27680,19.2383,34.8633
27820,18.4570,34.1797
27960,18.2617,34.4727
28100,18.3594,33.9844
28244,20.2148,34.1797
28388,18.3594,33.7891
28532,18.9453,35.8398
28676,18.8477,34.7656
28820,18.9453,37.2070
28968,18.1641,34.2773
29116,19.1406,35.3516
29264,19.5313,34.6680
29412,18.2617,34.4727
29560,17.8711,33.6914
29708,18.2617,35.4492
29860,19.0430,39.3555
30012,19.5313,34.7656
30164,18.0664,36.1328
30316,19.4336,36.0352
30468,18.9453,35.0586
30624,19.0430,36.2305
30780,18.2617,34.0820
30936,18.5547,35.8398
31092,18.0664,34.2773
31248,18.2617,34.4727
31408,18.5547,35.1563
31568,19.0430,36.9141
31728,18.3594,35.9375
31888,17.8711,34.2773
32048,19.3359,36.7188
32212,19.2383,35.8398
32376,18.6523,37.1094
32540,18.9453,37.5977
32704,18.5547,36.3281
32868,23.1445,37.5000
33036,21.5820,35.7422
33204,21.4844,36.1328
33372,21.0938,36.0352
33540,20.9961,36.5234
33708,21.4844,36.0352
33880,21.9727,36.6211
34052,20.8984,35.2539
34224,20.1172,35.9375
34396,21.2891,35.9375
34568,21.2891,35.9375
34744,20.8984,36.7188
34920,21.3867,35.9375
35096,21.2891,35.2539
35272,21.2891,37.4023
35452,21.4844,36.2305
35632,21.4844,36.0352
35812,21.1914,36.1328
35992,20.8008,36.5234
36172,21.7773,36.3281
36356,21.5820,36.7188
36540,21.0938,36.5234
36724,20.8984,35.8398
36908,21.7773,36.7188
37096,21.6797,35.9375
37284,21.7773,39.4531
37472,21.5820,36.5234
37660,21.5820,37.1094
37852,21.3867,36.1328
38044,21.1914,37.7930
38236,20.9961,36.2305
38428,20.2148,36.1328
38624,21.3867,36.4258
38820,21.6797,38.4766
39016,21.2891,38.1836
39212,21.2891,37.3047
39412,23.1445,36.7188
39612,20.9961,35.8398
39812,21.2891,37.5000
40012,21.1914,36.3281
40216,21.3867,37.1094
40420,21.3867,37.4023
40624,21.0938,36.0352
40828,20.4102,35.6445
41036,20.3125,36.4258
41244,21.5820,37.3047
41452,21.6797,37.5977
41660,20.8008,36.3281
41872,21.3867,37.6953
42084,21.2891,37.8906
42296,20.6055,36.2305
42508,22.0703,38.7695
42724,21.3867,36.8164
42940,21.4844,37.4023
43156,23.1445,38.4766
43372,20.8008,36.5234
43592,21.9727,37.1094
43812,22.9492,37.2070
44032,21.1914,36.7188
44256,22.1680,37.8906
44480,20.7031,36.5234
44704,21.2891,37.4023
44928,20.9961,37.0117
45156,21.6797,39.5508
45384,22.2656,39.1602
45612,21.6797,37.6953
45844,21.9727,37.3047
46076,21.2891,37.2070
46308,28.9063,39.2578
46540,21.2891,38.8672
46776,21.7773,38.9648
47012,21.6797,38.9648
47248,20.8984,37.1094
47488,21.7773,38.9648
47728,21.2891,37.7930
47968,21.6797,37.5977
48208,21.2891,38.0859
48452,21.0938,38.1836
48696,21.4844,37.8906
48940,20.8984,37.3047
49188,21.3867,36.8164
49436,21.2891,35.9375
49684,21.1914,37.9883
49936,21.5820,37.8906
50188,21.8750,38.9648
50440,21.3867,39.2578
50696,21.9727,38.2813
50952,20.8984,36.7188
51208,21.8750,40.0391
51468,21.6797,37.5000
51728,21.3867,38.0859
51988,20.8008,38.0859
52248,21.6797,38.1836
52512,21.2891,38.3789
52776,20.7031,36.5234
53040,20.9961,38.6719
53308,21.8750,39.1602
53576,21.5820,39.3555
53844,21.7773,39.0625
54116,21.9727,38.4766
54388,20.9961,37.3047
54660,21.1914,38.2813
54936,21.9727,39.6484
55212,21.8750,38.7695
55492,20.9961,37.2070
55772,21.6797,38.0859
56052,21.2891,39.1602
56336,21.1914,37.3047
56620,21.6797,38.1836
56904,23.6328,38.2813
57192,21.7773,40.2344
57480,22.2656,39.0625
57768,21.4844,39.6484
58060,21.3867,38.4766
58352,21.5820,39.2578
58644,22.0703,39.5508
58940,21.1914,38.4766
59236,21.5820,38.7695
59536,21.9727,38.9648
59836,21.8750,40.5273
60136,21.1914,37.9883
60440,21.0938,37.6953
60744,21.1914,37.3047
61048,20.7031,38.5742
61356,21.2891,38.6719
61664,21.7773,39.1602
61976,21.5820,40.5273
62288,21.5820,38.6719
62600,21.1914,38.5742
62916,21.2891,41.0156
63232,20.8008,38.0859
63552,21.0938,36.8164
63872,20.9961,37.3047
64192,21.4844,39.1602
64516,21.0938,38.4766
64840,21.6797,41.0156
65168,21.6797,40.2344
65496,22.5586,39.7461
65824,24.9023,41.2109
66156,22.9492,40.4297
66488,24.5117,41.7969
66824,25.1953,42.9688
67160,24.0234,40.6250
67496,24.4141,41.1133
67836,24.0234,40.6250
68176,23.5352,40.4297
68520,23.9258,41.4063
68864,24.1211,40.4297
69212,23.6328,40.2344
69560,23.4375,41.8945
69908,24.2188,40.5273
70260,24.2188,40.5273
70612,23.5352,41.7969
70968,23.9258,40.6250
71324,23.8281,41.7969
71684,24.1211,42.0898
72044,24.3164,41.3086
72408,24.3164,41.9922
72772,24.0234,42.0898
73136,25.5859,40.6250
73504,23.3398,39.9414
73872,24.2188,41.5039
74244,23.6328,41.7969
74616,24.6094,43.0664
74992,24.5117,41.1133
75368,24.4141,41.3086
75748,23.5352,41.9922
76128,24.6094,43.0664
76512,23.4375,41.6992
76896,25.0000,41.9922
77284,24.8047,40.9180
77672,24.2188,43.3594
78064,24.3164,41.6992
78456,24.3164,41.9922
78852,24.5117,41.8945
79248,24.5117,42.8711
79648,23.5352,42.2852
80048,24.6094,41.9922
80452,23.0469,42.6758
80856,23.3398,41.6992
81264,23.4375,41.4063
81672,24.1211,42.6758
82084,23.2422,41.5039
82496,23.3398,40.3320
82912,23.9258,41.2109
83328,25.0000,41.9922
83748,24.8047,44.3359
84168,24.4141,41.6992
84592,24.0234,40.9180
85016,23.6328,41.0156
85444,24.0234,43.1641
85872,24.1211,41.0156
86304,24.0234,42.4805
86736,24.9023,42.3828
87172,26.1719,44.1406
87608,23.7305,41.3086
88048,23.9258,40.6250
88492,23.3398,40.7227
88936,23.9258,42.2852
89384,24.0234,41.3086
89832,23.6328,42.0898
90284,24.4141,42.4805
90736,23.4375,40.6250
91192,25.0977,42.9688
91648,24.3164,43.1641
92108,23.1445,41.6992
92572,24.2188,41.6016
93036,24.0234,43.2617
93504,24.3164,41.7969
93972,23.6328,41.6992
94444,23.5352,42.5781
94920,24.0234,42.4805
95396,24.2188,41.6016
95876,24.8047,43.9453
96356,24.6094,42.4805
96840,23.8281,42.6758
97328,23.6328,41.9922
97816,24.1211,42.8711
98308,24.7070,41.2109
98800,23.8281,42.9688
99296,23.7305,41.8945
99796,24.0234,42.7734
100296,25.0000,44.0430
100800,25.4883,44.9219
101304,24.1211,41.4063
101812,24.8047,42.9688
102324,25.7813,47.6563
102836,23.9258,42.4805
103352,23.7305,41.7969
103872,23.5352,43.1641
104392,23.3398,42.6758
104916,26.2695,44.1406
105444,24.7070,42.4805
105972,24.1211,43.4570
106504,24.1211,41.6992
107040,24.4141,45.3125
107576,23.8281,42.5781
108116,24.1211,43.1641
108660,24.5117,41.6016
109204,23.6328,42.3828
109752,23.9258,42.5781
110304,24.5117,43.4570
110856,23.9258,42.2852
111412,24.2188,41.4063
111972,24.0234,43.8477
112532,25.8789,43.7500
113096,23.7305,43.2617
113664,23.2422,40.9180
114236,23.9258,44.5313
114808,23.3398,41.7969
115384,24.3164,43.4570
115964,24.3164,43.0664
116544,25.5859,43.4570
117128,24.8047,43.1641
117716,23.6328,43.1641
118308,23.6328,42.2852
118900,24.3164,43.8477
119496,24.4141,43.0664
120096,23.5352,42.0898
120700,24.2188,47.2656
121304,24.0234,43.4570
121912,23.9258,44.0430
122524,24.7070,44.3359
123140,24.2188,43.6523
123756,24.4141,42.6758
124376,25.2930,43.0664
125000,24.7070,45.6055
125628,24.3164,43.5547
126260,25.2930,44.4336
126892,22.9492,42.6758
127528,25.0977,44.0430
128168,23.7305,44.0430
128812,24.3164,42.6758
129460,25.3906,41.6992
130108,23.5352,43.0664
130760,24.9023,44.3359
131416,29.2969,45.3125
132076,29.0039,45.6055
132740,27.5391,44.2383
133404,26.6602,44.2383
134072,27.6367,45.4102
134744,26.8555,44.6289
135420,26.2695,42.4805
136100,26.0742,43.4570
136784,27.9297,43.6523
137468,26.9531,45.2148
138156,27.2461,43.3594
138848,26.3672,43.5547
139544,26.8555,44.5313
140244,26.7578,44.9219
140948,27.7344,44.9219
141656,29.5898,45.5078
142368,27.1484,44.5313
143080,27.9297,46.2891
143796,27.2461,44.4336
144516,26.5625,44.1406
145240,26.7578,44.1406
145968,26.2695,44.0430
146700,27.2461,44.0430
147436,27.4414,44.3359
148176,28.9063,43.9453
148920,26.7578,43.0664
149668,27.4414,45.0195
150420,27.4414,44.0430
151176,27.1484,44.7266
151932,27.2461,44.9219
152692,28.1250,45.5078
153456,27.0508,42.9688
154224,26.5625,44.9219
154996,27.8320,44.9219
155772,28.0273,45.0195
156552,26.7578,45.5078
157336,27.7344,46.0938
158124,27.1484,44.6289
158916,27.7344,45.6055
159712,27.2461,44.7266
160512,28.4180,46.6797
161316,27.8320,45.4102
162124,27.2461,44.6289
162936,27.3438,46.0938
163752,27.4414,44.5313
164572,27.5391,46.2891
165396,27.3438,46.3867
166224,27.0508,45.1172
167056,25.6836,44.0430
167892,27.9297,45.9961
168732,27.6367,47.2656
169576,27.3438,46.4844
170424,26.7578,44.5313
171280,28.2227,46.0938
172140,27.2461,44.8242
173004,27.9297,45.3125
173872,26.9531,45.7031
174744,28.9063,47.1680
175620,27.7344,45.5078
176500,26.7578,46.3867
177384,27.8320,46.1914
178272,27.2461,46.2891
179164,26.9531,44.7266
180060,26.7578,46.6797
180964,26.5625,44.0430
181872,26.7578,45.8008
182784,26.8555,45.9961
183700,27.4414,45.8984
184620,29.6875,45.3125
185544,27.4414,46.2891
186472,28.2227,47.2656
187408,27.4414,45.5078
188348,27.8320,45.8008
189292,26.7578,45.1172
190240,26.7578,44.5313
191192,27.3438,45.8008
192148,27.1484,46.0938
193112,26.6602,45.9961
194080,27.4414,45.7031
195052,26.1719,44.5313
196028,27.2461,45.6055
197012,27.0508,45.6055
198000,27.2461,46.6797
198992,27.3438,46.9727
199988,28.1250,45.6055
200988,26.6602,45.8008
201996,26.9531,44.5313
203008,26.2695,44.2383
204024,27.4414,44.9219
205048,27.2461,46.5820
206076,26.9531,46.5820
207108,28.0273,46.9727
208144,28.2227,47.2656
209188,27.6367,47.9492
210236,28.4180,53.1250
211288,37.5000,49.8047
212348,28.7109,46.9727
213412,26.0742,44.7266
214480,27.7344,45.2148
215556,27.3438,45.8984
216636,27.2461,46.8750
217720,26.2695,45.2148
218812,27.9297,47.0703
219908,27.5391,46.9727
221008,27.5391,46.9727
222116,27.9297,47.0703
223228,27.8320,47.2656
224348,27.2461,47.0703
225472,27.5391,45.6055
226600,28.0273,46.9727
227736,26.7578,49.2188
228876,27.1484,46.4844
230024,27.0508,45.8984
231176,27.8320,46.8750
232332,27.1484,46.4844
233496,27.1484,45.6055
234664,27.2461,46.8750
235840,26.7578,45.5078
237020,27.3438,46.0938
238208,27.1484,46.1914
239400,27.4414,45.0195
240600,27.6367,45.7031
241804,28.0273,49.1211
243016,27.8320,47.6563
244232,27.0508,46.4844
245456,27.6367,46.4844
246684,27.3438,45.8008
247920,28.0273,51.4648
249160,27.1484,46.7773
250408,28.4180,48.2422
251664,29.6875,49.6094
252924,27.2461,46.9727
254192,28.7109,48.3398
255464,27.2461,47.0703
256744,27.8320,47.4609
258028,28.0273,48.2422
259320,28.6133,47.0703
260620,28.0273,46.8750
261924,29.8828,50.7813
263236,32.5195,47.8516
264556,31.8359,48.6328
265880,32.3242,49.3164
267212,31.9336,48.1445
268552,32.2266,49.3164
269896,30.1758,47.2656
271248,32.1289,48.6328
272608,30.7617,48.0469
273972,31.1523,47.9492
275344,31.9336,49.1211
276724,31.0547,47.5586
278108,31.8359,48.3398
279500,31.4453,47.7539
280900,29.9805,47.0703
282308,31.5430,46.8750
283720,31.9336,49.1211
285140,31.6406,47.1680
286568,30.2734,49.2188
288004,31.0547,48.2422
289448,31.7383,48.6328
290896,31.4453,48.3398
292352,31.0547,47.7539
293816,31.4453,49.1211
295288,30.6641,49.5117
296768,36.3281,50.2930
298252,31.3477,50.0977
299744,33.7891,51.1719
301244,31.2500,48.2422
302752,31.9336,50.7813
304268,31.7383,48.1445
305792,31.3477,49.4141
307324,30.6641,47.0703
308864,30.5664,46.3867
310412,30.9570,48.2422
311968,30.5664,47.5586
313528,31.1523,47.1680
315096,30.0781,46.9727
316672,31.4453,47.9492
318256,31.3477,47.9492
319848,30.4688,46.6797
321448,30.5664,48.3398
323056,30.7617,48.4375
324672,30.8594,48.4375
326296,32.1289,49.5117
327928,30.8594,51.2695
329568,31.6406,48.8281
331216,31.8359,49.5117
332876,32.8125,49.8047
334544,33.2031,50.4883
336220,30.9570,48.5352
337904,30.4688,48.5352
339596,31.8359,50.0000
341296,31.8359,51.7578
343004,29.4922,47.0703
344720,31.3477,49.1211
346444,31.0547,50.1953
348180,30.8594,49.1211
349924,32.7148,50.5859
351676,32.2266,50.0977
353436,31.4453,49.9023
355204,33.3984,48.7305
356984,32.9102,50.1953
358772,32.2266,49.7070
360568,33.0078,51.1719
362372,31.1523,48.5352
364184,32.9102,50.5859
366008,31.5430,49.7070
367840,31.2500,47.7539
369680,30.8594,47.8516
371532,31.3477,49.2188
373392,31.1523,48.5352
375260,30.2734,48.6328
377140,32.2266,50.0977
379028,32.5195,49.5117
380924,31.5430,48.5352
382832,31.8359,52.4414
384748,33.6914,52.3438
386672,31.8359,58.1055
388608,33.9844,50.6836
390552,32.1289,50.3906
392508,32.5195,49.6094
394472,31.4453,50.0977
396448,30.4688,46.9727
398432,46.9727,52.5391
400428,33.4961,50.1953
402432,34.6680,50.4883
404448,33.4961,51.8555
406472,32.2266,49.5117
408508,32.9102,50.9766
410552,32.8125,51.2695
412608,32.4219,66.6992
414672,33.6914,51.4648
416748,32.4219,49.4141
418832,31.6406,51.3672
420928,31.9336,50.6836
423036,32.9102,51.8555
425152,32.2266,50.6836
427280,32.0313,49.9023
429420,32.0313,50.7813
431568,33.8867,51.9531
433728,32.4219,51.1719
435900,31.1523,49.9023
438080,32.9102,51.3672
440272,31.9336,50.7813
442476,31.6406,49.7070
444692,31.9336,50.1953
446916,32.2266,50.5859
449152,32.6172,52.0508
451400,32.2266,51.5625
453660,32.2266,51.7578
455932,33.2031,50.2930
458212,32.3242,51.4648
460504,32.3242,53.4180
462808,32.9102,52.2461
465124,32.9102,51.2695
467452,33.6914,52.3438
469792,31.8359,50.6836
472144,32.3242,51.2695
474508,32.5195,49.9023
476884,32.6172,53.2227
479272,32.0313,50.0000
481672,33.4961,53.1250
484084,34.3750,53.9063
486508,32.8125,52.5391
488944,32.7148,51.3672
491392,32.9102,51.4648
493852,33.1055,52.2461
496324,33.5938,53.6133
498808,34.3750,59.4727
501304,32.5195,50.1953
503812,33.7891,53.2227
506332,33.0078,51.3672
508864,32.5195,50.1953
511412,32.9102,53.5156
513972,37.0117,54.1016
516544,33.2031,52.4414
519128,33.8867,52.6367
521724,34.6680,55.2734
524336,43.3594,59.5703
526960,37.8906,52.2461
529596,37.1094,52.0508
532244,36.3281,50.4883
534908,37.4023,50.9766
537584,36.6211,53.1250
540272,38.2813,55.0781
542976,35.2539,50.3906
545692,37.0117,52.9297
548424,37.3047,54.7852
551168,38.2813,53.2227
553924,37.1094,53.7109
556696,37.2070,53.5156
559480,35.0586,51.3672
562280,36.8164,53.6133
565092,37.0117,52.4414
567920,37.9883,56.7383
570760,36.9141,52.0508
573616,37.9883,54.3945
576488,38.4766,54.7852
579372,35.8398,51.4648
582272,36.0352,52.0508
585184,37.2070,53.0273
588112,36.9141,54.7852
591056,36.0352,52.4414
594012,36.7188,52.9297
596984,36.8164,53.7109
599972,37.4023,53.9063
602972,37.6953,54.4922
605988,39.0625,56.8359
609020,37.5977,54.6875
612068,37.0117,52.8320
615132,37.8906,54.9805
618208,37.2070,52.1484
621300,38.9648,56.4453
624408,37.1094,54.4922
627532,37.6953,55.8594
630672,36.9141,54.4922
633828,38.7695,55.0781
637000,38.2813,55.1758
640188,37.4023,53.6133
643392,37.0117,55.6641
646612,38.2813,56.8359
649848,37.5977,56.2500
653100,36.3281,53.7109
656368,37.2070,53.3203
659652,37.8906,54.5898
662952,37.4023,53.7109
666268,37.5000,55.0781
669600,38.1836,55.4688
672948,39.7461,54.1992
676316,39.3555,56.7383
679700,38.5742,55.9570
683100,38.7695,55.0781
686516,39.3555,55.5664
689952,38.3789,54.9805
693404,37.7930,62.7930
696872,37.8906,55.9570
700360,39.7461,58.6914
703864,37.5977,53.2227
707384,38.6719,55.7617
710924,40.7227,53.3203
714480,36.2305,54.5898
718056,36.8164,54.6875
721648,36.5234,54.6875
725260,35.7422,54.5898
728888,34.9609,52.2461
732536,35.9375,54.0039
736200,37.1094,55.0781
739884,36.6211,54.0039
743584,36.7188,55.4688
747304,38.6719,56.6406
751044,37.3047,54.4922
754800,37.5977,55.3711
758576,36.2305,53.7109
762372,37.9883,60.6445
766184,37.1094,54.5898
770016,37.4023,55.5664
773868,37.9883,55.9570
777740,37.5977,55.4688
781632,35.3516,54.0039
785544,36.7188,55.7617
789472,40.6250,55.1758
793420,37.6953,55.1758
797388,36.8164,54.8828
801376,37.7930,55.5664
805384,36.8164,55.7617
809412,37.1094,54.9805
813460,37.6953,57.0313
817528,36.7188,54.6875
821616,37.4023,56.1523
825728,36.9141,55.0781
829860,37.7930,56.2500
834012,36.9141,55.8594
838184,37.5000,56.4453
842376,38.1836,56.3477
846588,36.8164,56.0547
850824,37.4023,56.7383
855080,37.1094,56.1523
859356,37.7930,56.1523
863656,37.1094,56.9336
867976,38.0859,56.4453
872316,37.3047,55.3711
876680,38.6719,57.7148
881064,36.6211,56.6406
885472,38.7695,57.8125
889900,37.8906,56.9336
894352,38.5742,62.1094
898824,39.3555,58.5938
903320,38.6719,56.6406
907840,38.2813,56.5430
912380,38.8672,58.8867
916944,37.4023,55.0781
921532,37.6953,58.0078
926140,37.4023,56.4453
930772,39.0625,58.4961
935428,38.0859,57.6172
940108,38.8672,59.6680
944812,38.2813,57.1289
949540,40.2344,61.8164
954288,39.3555,59.7656
959060,37.9883,57.8125
963856,38.4766,58.5938
968676,37.8906,56.7383
973520,37.6953,57.7148
978388,37.7930,58.1055
983280,48.2422,60.0586
988200,39.1602,59.0820
993144,38.5742,57.4219
998112,38.2813,56.8359
1003104,39.9414,59.5703
1008120,39.9414,59.6680
1013164,38.4766,57.6172
1018232,38.2813,58.3984
1023324,39.1602,58.4961
1028444,39.2578,58.8867
1033588,39.3555,58.2031
1038756,40.2344,61.5234
1043952,38.3789,58.3008
1049172,44.7266,61.9141
1054420,43.3594,59.7656
1059696,42.3828,59.1797
1064996,43.4570,61.7188
1070324,49.3164,63.3789
1075676,43.1641,60.2539
1081056,41.6016,60.5469
1086464,43.3594,59.4727
1091900,42.4805,57.8125
1097360,43.0664,57.7148
1102848,42.8711,56.9336
1108364,43.1641,59.8633
1113908,43.3594,60.7422
1119480,42.8711,60.4492
1125080,42.9688,76.4648
1130708,42.9688,58.3984
1136364,43.5547,61.6211
1142048,43.4570,60.8398
1147760,43.5547,59.8633
1153500,43.2617,60.6445
1159268,56.4453,59.0820
1165068,44.9219,63.2813
1170896,42.5781,59.3750
1176752,43.7500,60.7422
1182636,42.8711,60.9375
1188552,43.7500,69.9219
1194496,56.6406,61.3281
1200472,43.4570,61.3281
1206476,43.3594,61.2305
1212512,42.7734,58.0078
1218576,42.6758,61.0352
1224672,44.1406,63.2813
1230796,43.7500,60.7422
1236952,45.8008,61.8164
1243140,42.0898,60.7422
1249356,44.4336,63.6719
1255604,44.8242,60.4492
1261884,43.6523,61.2305
1268196,43.5547,60.0586
1274540,42.4805,59.3750
1280916,52.8320,61.1328
1287324,43.2617,60.6445
1293764,43.0664,60.8398
1300236,43.0664,60.8398
1306740,43.5547,61.4258
1313276,44.1406,62.0117
1319844,44.7266,62.1094
1326444,46.4844,62.4023
1333080,45.1172,62.1094
1339748,44.2383,62.4023
1346448,44.6289,62.8906
1353184,44.4336,63.4766
1359952,44.6289,63.6719
1366752,43.3594,61.8164
1373588,43.0664,60.6445
1380456,43.6523,61.3281
1387360,44.4336,61.7188
1394300,43.9453,62.0117
1401272,44.2383,62.0117
1408280,44.5313,62.1094
1415324,44.3359,61.1328
1422404,43.3594,60.8398
1429520,44.0430,64.2578
1436668,48.3398,65.2344
1443852,44.0430,62.6953
1451072,44.8242,63.0859
1458328,45.6055,64.7461
1465620,44.5313,63.6719
1472952,43.0664,64.3555
1480320,44.9219,62.5000
1487724,44.0430,62.1094
1495164,44.3359,61.5234
1502640,44.9219,62.2070
1510156,44.3359,63.8672
1517708,44.2383,65.1367
1525300,44.3359,62.4023
1532928,44.4336,63.5742
1540596,45.3125,62.5977
1548300,45.1172,64.1602
1556044,44.5313,63.2813
1563828,45.1172,62.8906
1571648,44.4336,62.5000
1579508,46.0938,63.6719
1587408,46.0938,63.3789
1595348,45.8984,63.2813
1603328,54.0039,67.4805
1611348,46.2891,63.7695
1619408,45.5078,65.3320
1627508,44.9219,62.8906
1635648,45.0195,63.7695
1643828,46.4844,63.1836
1652048,45.6055,67.2852
1660312,45.1172,64.7461
1668616,45.2148,62.4023
1676960,46.4844,65.1367
1685348,44.8242,62.5977
1693776,45.4102,66.0156
1702248,47.4609,68.7500
1710760,46.0938,64.8438
1719316,45.9961,65.4297
1727916,45.8984,65.6250
1736556,46.2891,65.4297
1745240,45.9961,68.3594
1753968,47.9492,66.6016
1762740,45.1172,63.4766
1771556,47.9492,65.2344
1780416,46.6797,64.9414
1789320,46.4844,68.1641
1798268,45.5078,66.0156
1807260,46.6797,66.2109
1816300,45.7031,63.8672
1825384,46.9727,62.9883
1834512,46.6797,66.6016
1843688,45.4102,65.4297
1852908,46.1914,65.7227
1862176,46.8750,65.2344
1871488,47.0703,68.2617
1880848,49.2188,66.2109
1890256,46.9727,66.1133
1899708,45.7031,65.7227
1909208,45.8008,65.1367
1918756,47.3633,66.8945
1928352,48.9258,66.3086
1937996,46.3867,65.8203
1947688,45.6055,66.6016
1957428,46.6797,64.1602
1967216,47.5586,66.5039
1977056,45.0195,63.0859
1986944,48.7305,69.4336
1996880,46.1914,65.8203
2006868,45.8008,69.7266
2016904,47.6563,66.2109
2026992,46.7773,66.9922
2037128,46.1914,63.3789
2047316,47.3633,67.2852
2057556,47.4609,66.1133
2067844,48.7305,64.3555
2078184,45.6055,64.0625
2088576,47.8516,68.0664
2099020,51.5625,69.2383
2109516,51.6602,70.1172
2120064,51.8555,70.4102
2130668,51.8555,68.8477
2141324,51.6602,70.1172
2152032,51.2695,68.4570
2162796,51.0742,68.4570
2173612,51.6602,67.8711
2184484,50.4883,67.7734
2195408,51.0742,66.6992
2206388,51.1719,66.6992
2217420,49.5117,66.6016
2228508,52.3438,69.1406
2239652,47.7539,64.3555
2250852,51.4648,70.4102
2262108,48.9258,63.9648
2273420,51.2695,68.5547
2284788,52.3438,67.4805
2296212,51.2695,68.1641
2307696,49.7070,66.8945
2319236,50.7813,66.1133
2330836,51.1719,67.9688
2342492,50.1953,66.0156
2354208,59.6680,81.3477
2365980,57.4219,68.3594
2377812,50.1953,65.1367
2389704,49.9023,66.9922
2401656,98.9258,77.4414
2413668,60.2539,70.0195
2425740,52.9297,66.7969
2437872,51.9531,70.8008
2450064,51.2695,70.4102
2462316,51.3672,69.9219
2474628,51.7578,70.2148
2487004,50.5859,68.7500
2499440,52.0508,71.1914
2511940,52.9297,69.0430
2524500,51.0742,69.3359
2537124,54.5898,70.1172
2549812,52.4414,68.9453
2562564,51.2695,67.5781
2575380,51.6602,69.0430
2588260,51.8555,72.3633
2601204,49.9023,68.6523
2614212,52.0508,68.8477
2627284,50.6836,69.1406
2640424,53.6133,74.0234
2653628,51.3672,68.7500
2666900,51.2695,69.1406
2680236,50.9766,71.7773
2693640,50.8789,70.7031
2707112,52.7344,68.6523
2720648,52.5391,69.9219
2734252,53.7109,72.5586
2747924,51.5625,70.3125
2761664,52.9297,69.5313
2775476,52.3438,70.8008
2789356,52.9297,71.7773
2803304,52.5391,69.2383
2817324,51.8555,70.7031
2831412,52.6367,70.3125
2845572,52.5391,71.1914
2859800,51.7578,68.5547
2874100,57.9102,75.2930
2888472,51.0742,69.4336
2902916,53.3203,72.2656
2917432,52.7344,71.0938
2932020,51.0742,67.3828
2946684,53.9063,72.1680
2961420,51.5625,70.3125
2976228,52.6367,71.0938
2991112,54.2969,70.3125
3006068,52.5391,73.0469
3021100,53.1250,72.8516
3036208,52.3438,69.7266
3051392,53.9063,71.0938
3066652,52.1484,69.3359
3081988,52.8320,70.8008
3097400,51.9531,69.0430
3112888,53.3203,70.3125
3128456,51.7578,70.6055
3144100,52.8320,71.2891
3159824,52.5391,69.5313
3175624,54.2969,71.5820
3191504,52.4414,72.2656
3207464,53.8086,72.4609
3223504,52.1484,69.7266
3239624,51.1719,68.2617
3255824,50.8789,69.4336
3272104,52.4414,71.8750
3288468,54.4922,73.1445
3304912,54.1992,72.9492
3321440,51.4648,69.1406
3338048,53.7109,72.3633
3354740,52.7344,73.4375
3371516,52.0508,72.7539
3388376,52.0508,72.5586
3405320,54.6875,73.8281
3422348,56.3477,76.2695
3439460,53.5156,72.3633
3456660,51.5625,71.6797
3473944,53.2227,73.6328
3491316,56.6406,73.7305
3508776,52.7344,70.6055
3526320,58.6914,74.8047
3543952,52.4414,73.8281
3561672,54.1016,74.2188
3579484,52.3438,71.9727
3597384,55.4688,68.7500
3615372,56.7383,75.6836
3633452,55.5664,72.2656
3651620,52.3438,70.7031
3669880,58.0078,77.7344
3688232,52.9297,74.3164
3706676,53.4180,71.7773
3725212,53.6133,72.9492
3743840,54.8828,75.7813
3762560,53.6133,73.4375
3781376,54.9805,73.6328
3800284,55.3711,76.3672
3819288,53.2227,72.9492
3838388,55.0781,75.3906
3857580,54.7852,75.0000
3876868,53.3203,71.3867
3896256,55.4688,74.0234
3915740,51.9531,70.5078
3935320,60.0586,76.0742
3955000,55.0781,75.9766
3974776,54.1992,75.5859
3994652,54.3945,75.4883
4014628,55.7617,74.9023
4034704,54.9805,77.4414
4054880,55.2734,75.4883
4075156,55.6641,76.2695
4095532,54.0039,72.9492
4116012,54.7852,74.3164
4136596,55.0781,75.2930
4157280,55.2734,74.8047
4178068,55.2734,75.5859
4198960,56.9336,77.0508
4219956,58.3984,76.3672
4241056,58.0078,75.6836
4262264,57.6172,75.5859
4283576,57.7148,74.3164
4304996,58.3984,76.9531
4326524,59.4727,74.5117
4348160,58.1055,74.6094
4369904,58.0078,75.5859
4391756,59.3750,80.3711
4413716,58.7891,75.2930
4435788,64.5508,75.0000
4457968,59.6680,78.2227
4480260,59.0820,75.1953
4502664,58.3984,77.8320
4525180,59.0820,77.0508
4547808,57.4219,74.1211
4570548,58.5938,76.6602
4593404,57.2266,74.1211
4616372,58.3008,75.0000
4639456,59.7656,78.6133
4662656,59.6680,78.6133
4685972,58.5938,78.7109
4709404,59.1797,77.6367
4732952,57.3242,75.0000
4756620,59.3750,79.7852
4780404,57.3242,75.2930
4804308,56.4453,74.1211
4828332,58.1055,76.0742
4852476,55.7617,72.9492
4876740,59.3750,77.1484
4901124,59.9609,78.6133
4925632,60.2539,75.5859
4950264,58.2031,75.8789
4975016,59.4727,79.1016
4999892,59.2773,76.6602
5024892,57.5195,76.5625
5050020,60.9375,78.8086
5075272,57.5195,76.3672
5100652,59.4727,77.4414
5126156,60.9375,79.7852
5151788,59.7656,77.8320
5177548,60.9375,80.4688
5203436,59.4727,77.6367
5229456,59.1797,80.4688
5255604,59.1797,78.5156
5281884,60.2539,79.5898
5308296,59.9609,80.5664
5334840,58.0078,78.1250
5361516,58.6914,77.5391
5388324,58.4961,82.4219
5415268,66.6016,79.8828
5442348,63.2813,78.9063
5469560,68.1641,77.2461
5496908,61.6211,78.7109
5524396,62.1094,82.7148
5552020,58.0078,75.2930
5579784,60.5469,78.9063
5607684,59.0820,79.8828
5635724,58.9844,78.5156
5663904,59.6680,77.9297
5692224,59.5703,81.1523
5720688,59.4727,77.8320
5749292,59.9609,79.1992
5778040,58.7891,79.4922
5806932,60.8398,78.5156
5835968,60.0586,76.7578
5865148,58.4961,78.7109
5894476,61.3281,80.6641
5923952,59.6680,79.7852
5953572,59.5703,79.5898
5983340,60.0586,79.3945
6013260,59.0820,77.9297
6043328,61.5234,78.5156
6073548,58.8867,78.7109
6103916,60.0586,79.6875
6134436,60.1563,79.7852
6165112,59.6680,80.7617
6195940,61.2305,79.8828
6226920,60.1563,79.0039
6258056,59.4727,77.7344
6289348,60.7422,83.2031
6320796,60.6445,79.4922
6352400,61.1328,80.0781
6384164,61.0352,81.1523
6416088,60.8398,83.2031
6448172,60.1563,79.0039
6480416,62.9883,80.5664
6512820,61.9141,81.3477
6545388,58.3984,77.5391
6578116,60.8398,79.1016
6611008,61.7188,81.5430
6644064,61.5234,85.3516
6677288,59.5703,79.0039
6710676,60.8398,80.2734
6744232,61.6211,76.9531
6777956,60.4492,79.3945
6811848,60.0586,78.9063
6845908,63.8672,85.2539
6880140,62.4023,83.3008
6914544,61.0352,83.2031
6949120,61.5234,83.5938
6983868,59.6680,79.9805
7018788,58.9844,79.2969
7053884,61.6211,78.0273
7089156,60.3516,83.1055
7124604,60.8398,81.6406
7160228,62.0117,79.4922
7196032,61.4258,80.2734
7232016,61.6211,81.4453
7268180,60.2539,79.4922
7304524,60.0586,80.2734
7341048,63.0859,81.5430
7377756,59.5703,78.7109
7414648,59.3750,79.4922
7451724,60.0586,79.1016
7488984,60.2539,78.2227
7526432,62.5000,82.0313
7564068,61.9141,85.4492
7601892,63.6719,84.8633
7639904,62.5000,80.8594
7678104,61.9141,82.4219
7716496,62.1094,82.0313
7755080,61.5234,82.7148
7793856,61.8164,82.9102
7832828,61.4258,82.7148
7871996,71.9727,81.4453
7911356,60.5469,80.1758
7950916,63.3789,82.8125
7990672,60.2539,80.1758
8030628,60.8398,81.3477
8070784,60.8398,81.9336
8111140,77.7344,86.0352
8151696,66.2109,81.6406
8192456,69.3359,87.5000
8233420,61.7188,79.9805
8274588,63.0859,84.7656
8315964,61.9141,81.7383
8357544,67.9688,81.7383
8399332,66.4063,83.6914
8441332,67.1875,84.9609
8483540,63.9648,80.3711
8525960,66.1133,84.8633
8568592,66.2109,84.3750
8611436,66.2109,81.1523
8654496,62.8906,77.6367
8697772,65.5273,82.6172
8741264,65.7227,82.6172
8784972,64.8438,83.4961
8828900,66.7969,85.4492
8873048,62.4023,78.6133
8917416,64.3555,82.5195
8962004,65.2344,82.0313
9006816,64.2578,82.9102
9051852,69.6289,85.2539
9097112,65.8203,82.9102
9142600,64.6484,82.1289
9188316,66.6016,84.3750
9234260,64.5508,85.7422
9280432,64.0625,83.3008
9326836,66.4063,86.0352
9373472,64.5508,82.3242
9420340,67.8711,84.5703
9467444,64.8438,83.2031
9514784,62.5000,79.6875
9562360,66.0156,80.0781
9610172,65.4297,82.5195
9658224,64.5508,81.6406
9706516,66.1133,85.9375
9755052,65.4297,101.0742
9803828,63.8672,80.7617
9852848,66.4063,98.0469
9902116,66.3086,86.4258
9951628,66.9922,88.7695
10001388,64.3555,83.4961
10051396,64.7461,84.6680
10101656,64.7461,83.4961
10152168,65.7227,85.2539
10202932,63.7695,80.2734
10253948,67.5781,86.5234
10305220,65.1367,83.3008
10356748,65.4297,85.1563
10408532,65.0391,83.3008
10460576,68.0664,86.6211
10512880,68.6523,83.1055
10565448,66.6992,84.4727
10618276,67.6758,85.0586
10671368,66.0156,83.5938
10724728,71.1914,86.7188
10778352,65.8203,85.2539
10832244,70.3125,85.1563
10886408,66.8945,86.1328
10940844,66.1133,81.0547
10995552,67.9688,87.1094
11050532,67.4805,84.3750
11105788,66.4063,85.7422
11161320,67.7734,83.6914
11217128,67.7734,94.3359
11273216,67.7734,84.3750
11329584,66.0156,83.2031
11386232,65.9180,85.2539
11443164,63.5742,81.2500
11500380,68.1641,84.7656
11557884,65.9180,86.8164
11615676,65.6250,84.5703
11673756,66.6016,86.4258
11732128,67.6758,84.3750
11790792,66.6016,84.2773
11849748,64.9414,84.5703
11909000,67.1875,88.6719
11968548,66.9922,87.0117
12028392,67.1875,86.5234
12088536,68.2617,88.4766
12148980,81.7383,88.8672
12209728,74.2188,91.1133
12270780,70.2148,88.1836
12332136,69.3359,86.2305
12393800,66.4063,84.5703
12455772,68.7500,89.3555
12518052,68.3594,89.1602
12580644,70.5078,89.7461
12643548,69.4336,89.5508
12706768,66.3086,84.3750
12770304,71.5820,89.3555
12834156,67.5781,91.6992
12898328,81.6406,99.7070
12962820,85.9375,96.6797
13027636,83.5938,94.3359
13092776,86.8164,101.2695
13158240,79.1992,97.6563
13224032,83.8867,88.6719
13290156,67.2852,85.3516
13356608,68.2617,97.1680
13423392,82.0313,97.5586
13490512,81.8359,97.5586
13557968,78.7109,93.9453
13625760,79.1992,93.0664
13693892,85.5469,100.0000
13762364,81.0547,87.9883
13831176,75.4883,91.6016
13900332,68.0664,86.5234
13969836,67.9688,97.0703
14039688,82.2266,94.8242
14109888,82.9102,95.1172
14180440,84.0820,99.0234
14251344,81.7383,96.9727
14322604,80.2734,97.2656
14394220,84.0820,100.8789
14466192,71.6797,90.1367
14538524,78.9063,88.4766
14611220,70.1172,90.9180
14684280,68.9453,86.1328
14757704,71.6797,88.1836
14831496,67.2852,93.2617
14905656,70.7031,91.4063
14980188,82.0313,97.8516
15055092,82.8125,99.4141
15130368,76.4648,92.9688
15206020,68.6523,87.8906
15282052,69.0430,87.1094
15358464,85.3516,99.5117
15435260,81.7383,94.4336
15512440,82.3242,95.8984
15590004,92.1875,102.0508
15667956,92.0898,102.5391
15746296,80.9570,91.5039
15825028,76.9531,92.0898
15904156,76.6602,95.6055
15983680,75.7813,91.7969
16063600,74.3164,90.9180
16143920,71.0938,90.9180
16224640,69.6289,86.4258
16305764,71.7773,91.6992
16387296,75.1953,85.9375
16469236,74.0234,90.8203
16551584,69.2383,86.8164
16634344,72.2656,98.9258
16717516,68.1641,86.4258
16801104,75.5859,89.2578
16885112,78.3203,94.7266
16969540,101.1719,104.5898
17054388,92.6758,104.2969
17139660,94.5313,104.2969
17225360,92.7734,108.0078
17311488,77.4414,92.7734
17398048,74.3164,90.4297
17485040,73.3398,93.0664
17572468,76.0742,93.5547
17660332,74.6094,94.4336
17748636,78.5156,100.4883
17837380,94.7266,106.9336
17926568,99.5117,108.6914
18016204,104.6875,106.4453
18106288,107.7148,109.8633
18196820,104.3945,106.5430
18287808,337.9883,211.1328
18379248,256.5430,133.8867
18471148,111.0352,107.4219
18563504,103.8086,101.9531
18656324,103.0273,110.3516
18749608,90.5273,100.4883
18843360,81.6406,104.1016
18937580,100.9766,105.1758
19032268,112.0117,108.5938
19127432,86.7188,98.6328
19223072,105.9570,113.4766
19319188,93.1641,102.8320
19415784,88.3789,118.0664
19512864,97.5586,103.3203
19610432,91.6016,103.3203
19708488,88.6719,102.1484
19807032,86.7188,97.3633
19906068,82.3242,103.0273
20005600,82.3242,93.5547
20105628,75.4883,91.6992
20206160,83.5938,96.2891
20307192,82.1289,98.4375
20408728,76.5625,95.5078
20510772,93.5547,114.1602
20613328,103.9063,106.6406
20716396,93.9453,100.5859
20819980,76.8555,116.2109
20924080,129.7852,103.8086
21028704,92.3828,97.9492
21133848,79.8828,94.7266
21239520,91.5039,107.5195
21345720,117.3828,106.2500
21452452,160.6445,123.4375
21559716,111.5234,111.7188
21667516,113.4766,104.6875
21775856,82.6172,97.8516
21884736,77.1484,95.9961
21994160,78.4180,96.6797
22104132,76.7578,97.3633
22214656,73.3398,92.1875
22325732,76.3672,96.1914
22437364,77.9297,96.1914
22549552,75.0977,94.0430
22662300,74.7070,93.8477
22775612,77.3438,95.3125
22889492,78.1250,98.2422
23003940,72.3633,91.3086
23118960,76.5625,98.0469
23234556,75.4883,95.8984
23350732,72.9492,91.1133
23467488,75.6836,101.9531
23584828,82.4219,90.7227
23702756,76.5625,92.7734
23821272,78.5156,95.3125
23940380,75.4883,94.1406
24060084,74.2188,94.8242
24180388,77.3438,97.8516
24301292,93.0664,104.1992
24422800,89.1602,101.4648
24544916,88.1836,103.9063
24667644,86.1328,103.2227
24790984,84.1797,94.7266
24914940,90.3320,97.3633
25039516,88.0859,100.8789
25164716,85.9375,101.7578
25290540,79.1016,95.6055
25416996,83.4961,97.7539
25544084,94.6289,103.9063
25671808,93.7500,109.2773
25800168,88.9648,102.8320
25929172,95.8984,109.1797
26058820,85.8398,106.2500
26189116,89.6484,104.6875
26320064,87.7930,102.8320
26451668,83.5938,99.8047
26583928,80.2734,98.2422
26716848,90.6250,106.1523
26850436,92.6758,109.2773
26984692,87.9883,108.5938
27119616,84.9609,102.7344
27255216,82.1289,97.3633
27391496,159.5703,147.9492
27528456,142.0898,111.9141
27666100,90.0391,100.9766
27804432,85.6445,104.8828
27943456,167.2852,99.6094
28083176,86.0352,97.5586
28223592,86.1328,106.6406
28364712,87.8906,104.1016
28506536,89.0625,120.0195
28649072,99.8047,112.0117
28792320,94.4336,105.8594
28936284,93.7500,105.4688
29080968,88.0859,144.8242
29226376,103.4180,113.0859
29372508,99.2188,116.1133
29519372,93.4570,105.7617
29666972,109.0820,112.6953
29815308,99.7070,109.8633
29964388,94.3359,109.9609
30114212,100.3906,147.3633
30264784,102.5391,110.5469
30416108,93.8477,111.0352
30568192,97.2656,111.6211
30721036,114.8438,111.2305
30874644,99.0234,106.7383
31029020,98.1445,112.4023
31184168,95.9961,112.4023
31340092,113.6719,118.8477
31496796,105.8594,118.2617
31654280,102.0508,114.6484
31812552,124.8047,139.2578
31971616,127.5391,129.5898
32131476,113.0859,155.7617
32292136,112.5000,117.5781
32453600,114.2578,119.4336
32615868,106.7383,130.7617
32778948,113.9648,121.9727
32942844,101.2695,122.7539
33107560,120.8008,150.7813
33273100,144.2383,125.4883
33439468,114.9414,120.7031
33606668,110.0586,136.5234
33774704,118.7500,120.3125
33943580,107.8125,156.7383
34113300,136.0352,130.6641
34283868,127.4414,130.1758
34455288,116.8945,147.6563
34627568,129.1016,135.1563
34800708,122.2656,124.8047
34974712,113.6719,161.6211
35149588,118.8477,128.1250
35325336,119.3359,126.7578
35501964,121.9727,126.8555
35679476,120.0195,127.1484
35857876,113.1836,148.3398
36037168,131.0547,130.2734
36217356,126.1719,125.9766
36398444,145.3125,134.3750
36580440,131.4453,134.8633
36763344,123.3398,143.9453
36947164,128.2227,132.1289
37131900,138.5742,207.9102
37317560,150.9766,145.8008
37504148,140.1367,140.4297
37691672,133.6914,137.9883
37880132,139.2578,135.8398
38069536,143.3594,141.8945
38259884,130.8594,139.5508
38451184,152.1484,146.6797
38643440,138.9648,137.3047
38836660,145.3125,171.3867
39030844,142.5781,144.6289
39226000,142.7734,140.1367
39422132,141.4063,145.5078
39619244,150.0977,144.1406
39817344,139.1602,149.7070
40016432,181.3477,156.2500
40216516,142.3828,147.4609
40417600,146.2891,148.1445
40619688,142.6758,143.9453
40822788,151.3672,154.8828
41026904,204.5898,252.7344
41232040,196.7773,194.8242
41438204,279.4922,221.6797
41645396,291.4063,191.3086
41853624,192.7734,177.2461
42062896,184.9609,168.5547
42273212,175.8789,167.6758
42484580,189.4531,177.7344
42697004,173.5352,170.0195
42910492,270.7031,164.4531
43125048,173.6328,177.8320
43340676,193.7500,186.6211
43557380,195.0195,174.5117
43775168,353.6133,195.2148
43994044,200.4883,202.5391
44214016,180.8594,221.2891
44435088,191.8945,221.1914
44657264,187.5977,175.9766
44880552,170.8984,187.8906
45104956,178.5156,288.3789
45330484,184.9609,178.0273
45557140,329.8828,173.3398
45784928,180.6641,187.1094
46013856,185.9375,175.1953
46243928,183.5938,177.7344
46475148,204.5898,172.5586
46707524,165.3320,196.6797
46941064,164.3555,164.5508
47175772,213.0859,168.8477
47411652,173.0469,230.5664
47648712,179.6875,170.6055
47886956,194.8242,180.8594
48126392,247.6563,185.7422
48367024,212.9883,211.8164
48608860,187.9883,206.8359
48851908,201.3672,186.3281
49096168,207.2266,178.2227
49341652,173.5352,185.1563
49588364,181.1523,204.9805
49836308,204.2969,190.1367
50085492,195.8008,181.4453
50335920,191.5039,208.8867
50587600,181.3477,182.6172
50840540,185.9375,178.9063
51094744,180.8594,186.7188
51350220,183.0078,192.1875
51606972,177.5391,198.6328
51865008,181.0547,235.4492
52124336,198.8281,183.7891
52384960,189.1602,188.5742
52646888,234.6680,185.9375
52910124,184.5703,186.3281
53174676,181.6406,186.7188
53440552,186.2305,179.7852
53707756,200.0000,217.1875
53976296,214.3555,189.8438
54246180,193.8477,196.0938
54517412,189.3555,197.3633
54790000,190.2344,241.5039
55063952,220.7031,237.7930
55339272,217.5781,212.6953
55615972,211.1328,200.4883
55894052,225.2930,211.2305
56173524,201.4648,193.8477
56454392,229.1016,205.5664
56736664,208.2031,190.8203
57020348,227.3438,207.0313
57305452,212.0117,190.8203
57591980,196.9727,200.0977
57879940,222.7539,209.2773
58169340,203.6133,209.8633
58460188,192.9688,194.8242
58752492,200.6836,199.8047
59046256,209.6680,223.4375
59341488,218.6523,227.5391
59638196,203.8086,203.6133
59936388,202.7344,206.4453
60236072,210.3516,212.3047
60537256,230.3711,258.6914
60839944,210.7422,303.6133
61144144,222.9492,205.4688
61449868,253.9063,238.7695
61757120,273.5352,225.4883
62065908,233.3984,216.6016
62376240,215.0391,205.8594
62688124,206.2500,194.1406
63001568,230.3711,206.0547
63316576,213.7695,215.9180
63633160,227.7344,204.6875
63951328,216.6016,204.9805
64271088,212.7930,273.5352
64592444,223.3398,314.8438
64915408,232.8125,220.7031
65239988,226.5625,216.0156
65566188,233.4961,229.8828
65894020,260.5469,213.6719
66223492,229.1016,209.0820
66554612,232.6172,218.0664
66887388,241.6992,234.2773
