4,1.4648,1.4648
8,2.1484,3.3203
12,2.4414,3.1250
16,2.4414,4.1016
20,3.3203,4.2969
24,3.2227,3.9063
28,3.1250,4.9805
32,3.0273,5.6641
36,3.8086,4.4922
40,3.9063,4.6875
44,3.7109,5.6641
48,3.6133,4.5898
52,3.5156,4.8828
56,3.7109,5.9570
60,3.7109,5.5664
64,3.9063,6.0547
68,4.3945,6.2500
72,5.0781,5.7617
76,4.4922,6.4453
80,4.4922,6.2500
84,4.4922,5.7617
88,4.9805,6.5430
92,4.4922,5.6641
96,4.1992,5.7617
100,4.6875,5.9570
104,4.5898,6.1523
108,4.6875,5.8594
112,4.3945,5.9570
116,4.3945,5.5664
120,4.7852,6.4453
124,4.2969,5.7617
128,4.3945,7.4219
132,5.2734,6.5430
136,5.2734,6.7383
140,5.1758,7.1289
144,5.2734,5.6641
148,5.2734,7.5195
152,5.0781,6.9336
156,5.3711,6.9336
160,5.4688,7.3242
164,5.2734,6.7383
168,5.2734,7.3242
172,5.1758,6.1523
176,5.2734,7.1289
180,5.0781,6.7383
184,5.3711,6.5430
188,5.2734,7.0313
192,5.3711,7.7148
196,5.3711,7.2266
200,5.0781,6.5430
204,5.2734,5.7617
208,5.1758,6.9336
212,5.2734,7.6172
216,7.9102,8.8867
220,6.9336,7.1289
224,8.6914,10.0586
228,7.9102,8.7891
232,5.3711,7.8125
236,5.1758,6.7383
240,5.3711,8.1055
244,5.2734,7.2266
248,5.2734,6.5430
252,5.1758,7.2266
256,5.2734,9.1797
260,6.3477,8.1055
264,6.2500,7.8125
268,6.4453,8.2031
272,6.1523,7.6172
276,6.1523,7.7148
280,6.1523,7.2266
284,6.2500,7.9102
288,6.1523,7.8125
292,6.2500,7.8125
296,6.1523,8.5938
300,6.1523,8.3008
304,6.2500,8.2031
308,6.1523,7.8125
312,6.2500,7.9102
316,6.2500,7.5195
320,6.2500,7.3242
324,6.1523,8.1055
328,6.3477,7.7148
332,6.2500,7.3242
336,6.3477,8.0078
340,6.2500,7.5195
344,6.1523,7.6172
348,6.2500,7.9102
352,6.1523,8.7891
356,6.3477,7.2266
360,6.4453,8.0078
364,6.3477,7.3242
368,6.1523,7.4219
372,6.1523,7.5195
376,6.1523,7.8125
380,6.3477,7.5195
384,6.1523,8.3008
388,6.2500,7.9102
392,6.5430,8.1055
396,6.1523,7.7148
400,6.2500,7.9102
404,6.2500,8.3008
408,6.2500,7.8125
412,6.2500,8.0078
416,6.2500,6.7383
420,6.1523,8.7891
424,6.3477,8.2031
428,6.2500,8.7891
432,6.3477,7.9102
436,6.2500,8.3984
440,6.1523,8.3984
444,6.2500,8.4961
448,6.3477,8.7891
452,6.1523,7.9102
456,6.1523,8.0078
460,6.1523,8.3008
464,6.2500,8.0078
468,6.1523,7.8125
472,6.3477,8.3008
476,6.2500,7.6172
480,6.3477,7.7148
484,6.2500,7.8125
488,6.3477,7.4219
492,6.2500,8.8867
496,6.1523,7.9102
500,6.2500,8.7891
504,6.3477,8.0078
508,6.2500,8.0078
512,6.3477,8.8867
516,7.0313,8.7891
520,7.0313,8.4961
524,7.1289,8.3008
528,6.9336,8.6914
532,6.7383,8.1055
536,6.7383,8.1055
540,6.9336,9.1797
544,7.4219,8.2031
548,7.0313,8.8867
552,6.7383,8.3984
556,6.9336,7.7148
560,7.2266,8.6914
564,7.3242,7.9102
568,6.8359,9.1797
572,7.0313,8.6914
576,7.0313,8.3008
580,6.8359,8.7891
584,7.0313,7.8125
588,7.0313,9.2773
592,6.9336,8.9844
596,7.0313,8.9844
600,6.9336,8.6914
604,6.9336,8.5938
608,7.1289,8.7891
612,7.1289,8.7891
616,6.7383,8.2031
620,6.8359,8.7891
624,6.7383,8.5938
628,7.1289,8.1055
632,7.1289,8.3984
636,6.8359,9.5703
640,7.2266,8.8867
644,7.2266,8.1055
648,6.8359,8.3008
652,6.6406,8.3008
656,6.7383,8.6914
660,6.9336,9.4727
664,6.8359,8.2031
668,7.1289,8.9844
672,7.0313,8.9844
676,7.0313,9.1797
680,7.2266,8.8867
684,7.1289,9.3750
688,7.3242,9.5703
692,7.1289,8.5938
696,6.8359,8.3984
700,6.6406,7.4219
704,6.9336,8.4961
708,7.0313,8.5938
712,7.0313,8.4961
716,7.0313,8.4961
720,7.0313,7.9102
724,7.5195,8.2031
728,6.7383,8.1055
732,6.8359,9.0820
736,7.3242,8.7891
740,7.0313,7.9102
744,6.8359,9.1797
748,6.8359,8.1055
752,6.9336,8.8867
756,7.1289,8.2031
760,6.7383,7.6172
764,6.9336,9.9609
768,7.1289,8.4961
772,7.1289,9.3750
776,7.5195,9.6680
780,6.5430,9.4727
784,6.8359,9.0820
788,8.7891,9.0820
792,6.9336,8.7891
796,7.0313,8.7891
800,6.8359,8.5938
804,6.9336,9.1797
812,6.9336,9.4727
820,7.2266,8.4961
828,6.7383,9.1797
836,6.8359,8.7891
844,7.2266,9.0820
852,7.1289,8.4961
860,6.7383,8.5938
868,6.8359,8.3984
876,7.0313,8.6914
884,6.9336,9.0820
892,7.0313,8.1055
900,6.6406,9.2773
908,6.9336,8.8867
916,7.1289,9.8633
924,9.7656,10.6445
932,9.6680,8.9844
940,6.7383,7.6172
948,6.8359,8.3984
956,7.0313,8.6914
964,6.8359,8.5938
972,7.2266,9.2773
980,7.3242,8.9844
988,7.2266,8.9844
996,7.1289,9.1797
1004,7.1289,9.8633
1012,7.2266,9.4727
1020,7.1289,10.0586
1028,7.8125,10.3516
1036,10.4492,9.7656
1044,10.4492,9.7656
1052,8.2031,9.9609
1060,9.5703,9.2773
1068,7.4219,9.9609
1076,7.6172,9.3750
1084,7.9102,8.8867
1092,7.7148,10.4492
1100,7.8125,9.6680
1108,7.5195,9.3750
1116,7.4219,10.6445
1124,8.2031,9.2773
1132,7.6172,9.3750
1140,8.5938,9.4727
1148,8.3008,10.1563
1156,7.6172,10.0586
1164,7.5195,9.8633
1172,8.1055,8.8867
1180,8.0078,10.1563
1188,7.1289,10.0586
1196,7.1289,9.6680
1204,7.5195,10.1563
1212,8.2031,9.1797
1220,7.7148,9.1797
1228,8.2031,9.9609
1236,8.5938,9.8633
1244,8.4961,9.9609
1252,7.5195,9.5703
1260,8.1055,9.3750
1268,7.5195,10.5469
1276,7.6172,9.8633
1284,7.3242,9.3750
1292,8.3008,9.9609
1300,7.6172,9.8633
1308,7.9102,10.6445
1316,7.8125,9.6680
1324,7.0313,9.8633
1332,7.4219,9.1797
1340,7.5195,9.7656
1348,7.1289,10.4492
1356,7.7148,9.4727
1364,7.9102,10.0586
1372,7.7148,10.2539
1380,7.7148,9.5703
1388,8.3984,10.0586
1396,8.3984,9.7656
1404,8.3008,10.2539
1412,7.8125,10.1563
1420,7.9102,9.0820
1428,7.7148,10.0586
1436,6.9336,10.8398
1444,7.8125,9.4727
1452,7.7148,8.9844
1460,8.5938,10.0586
1468,8.4961,9.7656
1476,7.9102,9.7656
1484,7.5195,9.5703
1492,7.6172,10.0586
1500,7.4219,10.0586
1508,8.0078,10.1563
1516,8.3008,9.6680
1524,7.5195,9.9609
1532,8.0078,9.1797
1540,8.5938,10.3516
1548,8.3984,10.3516
1556,7.2266,10.3516
1564,7.9102,9.2773
1572,7.8125,9.2773
1580,7.6172,10.2539
1588,7.9102,9.7656
1596,8.3008,11.1328
1604,7.9102,9.2773
1616,8.0078,9.9609
1628,8.3984,9.6680
1640,8.2031,9.6680
1652,8.0078,10.5469
1664,8.1055,9.2773
1676,7.9102,9.5703
1688,6.7383,10.8398
1700,8.0078,9.7656
1712,7.7148,10.2539
1724,8.2031,10.2539
1736,7.6172,10.1563
1748,8.7891,10.0586
1760,7.7148,10.8398
1772,7.8125,10.2539
1784,7.7148,9.3750
1796,7.0313,10.3516
1808,7.1289,9.9609
1820,7.5195,10.1563
1832,7.9102,10.4492
1844,7.5195,9.8633
1856,7.9102,10.5469
1868,8.3984,10.7422
1880,7.9102,10.6445
1892,7.7148,9.7656
1904,8.2031,10.7422
1916,8.0078,9.8633
1928,7.6172,10.0586
1940,7.5195,9.7656
1952,7.8125,10.1563
1964,8.1055,10.9375
1976,7.6172,8.5938
1988,7.4219,10.0586
2000,7.8125,9.5703
2012,7.4219,9.8633
2024,7.6172,9.4727
2036,7.9102,10.0586
2048,7.5195,10.8398
2060,8.8867,10.3516
2072,8.7891,11.5234
2084,8.7891,10.6445
2096,9.0820,11.2305
2108,9.2773,11.5234
2120,9.1797,12.2070
2132,8.9844,10.9375
2144,8.9844,10.9375
2156,8.4961,11.4258
2168,8.9844,10.6445
2180,8.5938,9.2773
2192,8.5938,10.7422
2204,8.6914,10.6445
2216,9.1797,10.8398
2228,8.7891,11.2305
2240,8.8867,12.1094
2252,8.4961,9.6680
2264,8.1055,10.0586
2276,9.1797,10.8398
2288,8.8867,11.3281
2300,8.8867,10.7422
2312,9.2773,11.3281
2324,8.5938,10.3516
2336,8.7891,10.2539
2348,8.6914,10.1563
2360,8.3984,10.9375
2372,8.9844,10.4492
2384,12.4023,12.2070
2396,9.0820,10.9375
2408,8.3008,11.3281
2424,8.7891,11.4258
2440,11.2305,11.1328
2456,8.5938,9.4727
2472,8.2031,10.5469
2488,8.9844,10.3516
2504,8.6914,11.1328
2520,8.9844,11.6211
2536,8.9844,10.9375
2552,8.9844,10.8398
2568,8.8867,10.1563
2584,8.6914,10.1563
2600,8.5938,10.7422
2616,8.7891,11.0352
2632,8.4961,11.6211
2648,8.5938,11.1328
2664,8.5938,10.5469
2680,8.3984,10.4492
2696,8.7891,10.1563
2712,8.9844,11.4258
2728,8.6914,11.0352
2744,8.9844,10.4492
2760,9.4727,12.0117
2776,11.7188,12.8906
2792,9.2773,11.7188
2808,9.1797,12.2070
2824,9.3750,10.7422
2840,9.1797,11.4258
2856,9.1797,11.9141
2872,8.6914,9.5703
2888,9.2773,10.0586
2904,8.9844,10.9375
2920,8.8867,11.2305
2936,9.1797,11.8164
2952,8.9844,11.5234
2968,9.4727,12.7930
2984,8.9844,11.3281
3000,8.8867,10.8398
3016,10.9375,10.3516
3032,10.8398,9.5703
3048,9.1797,12.4023
3064,9.2773,11.8164
3080,8.6914,11.5234
3096,9.2773,10.9375
3112,10.5469,11.2305
3128,9.1797,11.3281
3144,9.0820,11.7188
3160,9.2773,12.2070
3176,9.2773,10.6445
3192,8.7891,11.5234
3208,8.3008,10.3516
3228,8.7891,11.4258
3248,8.8867,11.0352
3268,8.3008,12.6953
3288,8.5938,10.0586
3308,8.3008,11.2305
3328,8.9844,11.4258
3348,8.5938,11.7188
3368,8.5938,12.1094
3388,8.4961,10.0586
3408,8.4961,10.8398
3428,9.1797,11.6211
3448,8.8867,11.0352
3468,8.9844,12.3047
3488,8.4961,11.1328
3508,8.6914,10.4492
3528,11.9141,13.8672
3548,9.0820,11.5234
3568,8.6914,11.4258
3588,8.6914,11.3281
3608,8.5938,11.0352
3628,8.3008,10.2539
3648,8.9844,10.9375
3668,8.6914,11.3281
3688,8.6914,11.2305
3708,8.7891,11.9141
3728,8.8867,11.3281
3748,8.4961,10.0586
3768,8.9844,11.8164
3788,9.1797,12.4023
3808,8.5938,11.7188
3828,8.9844,11.1328
3848,8.8867,14.6484
3868,8.3984,11.1328
3888,8.8867,10.6445
3908,8.9844,12.0117
3928,8.9844,11.6211
3948,8.7891,11.5234
3968,9.1797,10.8398
3988,8.5938,10.7422
4008,8.7891,11.5234
4032,8.6914,12.1094
4056,8.6914,10.8398
4080,9.0820,11.6211
4104,10.3516,14.0625
4128,9.7656,13.0859
4152,9.5703,12.3047
4176,10.1563,12.8906
4200,10.0586,12.4023
4224,10.1563,12.5977
4248,9.7656,11.6211
4272,9.6680,11.3281
4296,9.8633,11.6211
4320,9.8633,13.3789
4344,9.9609,11.6211
4368,9.1797,12.3047
4392,10.3516,12.5000
4416,9.7656,12.4023
4440,9.5703,11.6211
4464,10.1563,12.3047
4488,9.9609,12.1094
4512,9.8633,13.1836
4536,9.7656,11.9141
4560,9.8633,11.8164
4584,9.9609,11.4258
4608,9.7656,11.6211
4632,9.8633,12.4023
4656,9.3750,11.2305
4680,9.9609,10.7422
4704,9.2773,12.5000
4728,9.5703,12.9883
4752,10.0586,12.5000
4776,9.8633,13.3789
4800,9.4727,11.6211
4824,9.3750,11.4258
4852,9.4727,11.0352
4880,9.1797,11.4258
4908,8.7891,12.3047
4936,10.0586,12.7930
4964,9.2773,11.5234
4992,9.6680,11.1328
5020,10.2539,12.0117
5048,9.4727,11.5234
5076,10.0586,11.7188
5104,9.4727,12.0117
5132,9.6680,11.1328
5160,9.7656,12.4023
5188,12.9883,13.0859
5216,13.0859,15.7227
5244,9.9609,11.8164
5272,9.6680,12.1094
5300,10.2539,11.6211
5328,9.3750,12.5977
5356,9.7656,12.5000
5384,9.6680,14.2578
5412,13.9648,12.5977
5440,10.5469,12.1094
5468,9.3750,11.5234
5496,9.7656,12.8906
5524,9.6680,12.5977
5552,10.3516,13.1836
5580,10.2539,11.6211
5608,9.6680,12.0117
5640,10.5469,12.0117
5672,10.0586,11.8164
5704,9.9609,11.8164
5736,10.1563,13.2813
5768,9.4727,11.7188
5800,9.5703,12.5000
5832,9.8633,11.8164
5864,10.2539,13.0859
5896,9.9609,12.3047
5928,10.1563,11.8164
5960,10.0586,12.5000
5992,10.2539,11.3281
6024,9.9609,12.9883
6056,9.6680,12.1094
6088,10.0586,12.0117
6120,9.7656,12.2070
6152,10.4492,12.2070
6184,9.6680,11.9141
6216,10.1563,12.3047
6248,9.5703,12.3047
6280,10.0586,11.9141
6312,10.1563,12.2070
6344,9.5703,12.4023
6376,9.5703,12.7930
6408,9.7656,11.1328
6444,9.9609,12.5000
6480,10.3516,12.4023
6516,9.8633,12.1094
6552,9.7656,12.6953
6588,10.0586,13.5742
6624,9.5703,12.1094
6660,10.0586,12.5000
6696,10.2539,13.5742
6732,10.0586,12.5977
6768,9.7656,12.3047
6804,10.3516,11.9141
6840,10.0586,12.2070
6876,9.7656,12.4023
6912,9.3750,12.3047
6948,9.9609,12.5977
6984,10.1563,12.2070
7020,9.9609,11.0352
7056,10.1563,12.1094
7092,9.6680,12.0117
7128,9.6680,11.6211
7164,9.8633,12.6953
7200,10.2539,12.0117
7236,9.6680,11.7188
7276,9.9609,12.5977
7316,9.8633,11.7188
7356,9.8633,12.4023
7396,10.0586,12.5000
7436,9.7656,11.9141
7476,10.5469,12.4023
7516,9.4727,12.6953
7556,10.0586,12.0117
7596,9.8633,12.2070
7636,9.6680,12.5977
7676,10.4492,12.9883
7716,10.3516,12.0117
7756,9.6680,11.2305
7796,9.8633,11.5234
7836,10.1563,12.0117
7876,10.0586,12.8906
7916,9.9609,12.5000
7956,9.9609,13.1836
7996,10.1563,11.6211
8036,10.0586,13.7695
8080,10.0586,12.0117
8124,10.2539,12.7930
8168,9.5703,12.1094
8212,10.7422,13.9648
8256,10.7422,13.0859
8300,10.1563,12.7930
8344,10.7422,12.8906
8388,10.3516,12.4023
8432,10.5469,13.2813
8476,10.9375,12.1094
8520,10.2539,12.9883
8564,11.1328,13.1836
8608,10.3516,13.3789
8652,11.0352,13.0859
8696,10.3516,12.2070
8740,11.7188,13.2813
8784,10.5469,13.0859
8828,10.5469,13.5742
8876,10.9375,13.6719
8924,10.0586,12.4023
8972,10.2539,12.6953
9020,9.8633,11.6211
9068,10.5469,11.8164
9116,10.6445,12.3047
9164,10.8398,12.2070
9212,11.0352,13.2813
9260,9.7656,12.3047
9308,9.8633,12.2070
9356,11.2305,12.9883
9404,10.5469,12.4023
9452,10.9375,12.6953
9500,10.7422,11.8164
9548,10.2539,12.8906
9596,10.3516,13.0859
9644,11.0352,12.6953
9696,10.0586,12.5000
9748,10.7422,12.3047
9800,10.4492,12.8906
9852,11.1328,13.7695
9904,11.0352,12.4023
9956,11.1328,12.7930
10008,10.9375,12.7930
10060,10.5469,13.1836
10112,10.3516,13.8672
10164,10.6445,12.7930
10216,10.0586,13.2813
10268,11.7188,14.1602
10320,10.8398,12.7930
10372,10.1563,12.9883
10424,10.2539,12.8906
10480,14.7461,14.8438
10536,10.4492,12.0117
10592,10.4492,12.5000
10648,10.5469,12.8906
10704,10.1563,12.1094
10760,15.2344,14.4531
10816,15.4297,12.3047
10872,10.5469,12.5977
10928,11.3281,12.7930
10984,10.4492,13.1836
11040,10.4492,12.7930
11096,13.7695,13.7695
11152,10.5469,12.3047
11208,10.6445,13.3789
11268,13.8672,13.7695
11328,10.2539,13.0859
11388,10.3516,12.7930
11448,11.7188,13.2813
11508,11.4258,12.2070
11568,11.1328,12.2070
11628,11.1328,13.0859
11688,10.0586,13.0859
11748,10.9375,12.5000
11808,9.6680,12.5977
11868,10.1563,12.8906
11928,11.0352,12.6953
11988,9.7656,13.5742
12048,10.5469,11.7188
12112,9.9609,12.8906
12176,10.8398,12.9883
12240,10.7422,13.0859
12304,10.0586,13.9648
12368,11.1328,13.2813
12432,10.9375,12.6953
12496,10.8398,12.1094
12560,11.2305,12.3047
12624,10.9375,12.9883
12688,10.8398,13.0859
12752,11.2305,12.6953
12816,11.5234,13.1836
12884,11.1328,13.1836
12952,11.2305,13.2813
13020,10.3516,11.9141
13088,11.5234,13.2813
13156,10.8398,12.0117
13224,11.0352,13.6719
13292,11.1328,12.9883
13360,10.8398,13.0859
13428,10.8398,12.8906
13496,10.8398,12.7930
13564,10.6445,12.3047
13632,10.0586,12.6953
13704,10.6445,12.5977
13776,10.1563,13.0859
13848,10.7422,13.1836
13920,10.9375,12.8906
13992,10.3516,12.3047
14064,10.7422,13.4766
14136,11.4258,12.7930
14208,10.4492,11.5234
14280,10.8398,13.4766
14352,10.9375,13.7695
14424,10.1563,12.5977
14500,15.1367,15.9180
14576,10.4492,12.5977
14652,10.3516,11.1328
14728,11.5234,14.0625
14804,10.6445,13.3789
14880,10.9375,12.9883
14956,10.6445,13.9648
15032,11.2305,14.4531
15108,11.2305,12.4023
15184,10.5469,12.2070
15260,10.8398,13.3789
15340,9.9609,12.5000
15420,11.2305,12.8906
15500,10.8398,13.0859
15580,10.6445,12.9883
15660,10.8398,13.3789
15740,10.3516,11.9141
15820,10.2539,13.2813
15900,16.6016,13.2813
15980,11.1328,13.2813
16060,10.6445,12.2070
16144,10.8398,13.2813
16228,11.0352,13.1836
16312,11.6211,13.5742
16396,12.5000,15.0391
16480,10.9375,13.0859
16564,10.9375,13.2813
16648,11.2305,14.2578
16732,12.2070,13.7695
16816,11.9141,13.6719
16904,11.3281,13.7695
16992,11.6211,13.6719
17080,11.8164,13.6719
17168,10.9375,13.0859
17256,11.1328,12.8906
17344,11.9141,12.9883
17432,11.2305,13.4766
17520,11.5234,13.9648
17608,12.3047,13.7695
17700,12.1094,14.5508
17792,11.5234,13.3789
17884,11.9141,13.7695
17976,11.6211,12.1094
18068,11.3281,13.5742
18160,11.2305,13.2813
18252,11.6211,13.2813
18344,11.5234,14.3555
18436,11.0352,12.9883
18532,10.0586,12.5977
18628,11.1328,13.2813
18724,11.8164,12.8906
18820,15.6250,15.6250
18916,11.4258,13.2813
19012,10.4492,13.5742
19108,11.2305,14.4531
19204,11.8164,14.0625
19304,11.5234,13.9648
19404,11.4258,13.5742
19504,11.4258,13.6719
19604,11.2305,13.5742
19704,12.1094,14.6484
19804,11.5234,12.7930
19904,10.8398,12.7930
20004,11.0352,13.0859
20108,11.8164,14.1602
20212,15.8203,16.6016
20316,11.3281,12.9883
20420,11.4258,13.2813
20524,10.3516,14.0625
20628,11.2305,13.2813
20732,11.7188,13.2813
20836,11.4258,12.2070
20944,11.1328,12.7930
21052,10.2539,12.5000
21160,11.3281,14.2578
21268,11.4258,13.1836
21376,11.5234,14.5508
21484,11.6211,13.3789
21592,11.0352,13.7695
21700,11.8164,13.0859
21812,11.2305,12.5000
21924,11.7188,12.7930
22036,11.4258,13.7695
22148,10.9375,12.8906
22260,10.7422,13.8672
22372,11.3281,14.1602
22484,12.0117,13.6719
22600,12.0117,13.9648
22716,12.1094,13.8672
22832,11.7188,13.1836
22948,11.2305,13.0859
23064,13.3789,13.3789
23180,12.0117,12.7930
23296,12.3047,14.0625
23416,11.1328,13.0859
23536,11.8164,13.8672
23656,11.0352,12.7930
23776,11.6211,13.1836
23896,10.7422,12.1094
24016,11.3281,12.9883
24140,10.7422,13.5742
24264,10.8398,12.8906
24388,11.3281,13.3789
24512,11.7188,12.5977
24636,11.2305,13.8672
24760,12.1094,15.0391
24884,10.7422,13.3789
25012,11.9141,13.0859
25140,11.8164,13.3789
25268,11.7188,13.8672
25396,10.7422,12.5977
25524,10.8398,13.1836
25652,11.8164,14.2578
25784,11.5234,13.6719
25916,11.5234,13.9648
26048,11.9141,13.0859
26180,10.8398,13.7695
26312,10.7422,13.1836
26444,11.3281,13.3789
26580,11.6211,12.9883
26716,11.2305,15.0391
26852,11.4258,13.4766
26988,11.8164,14.4531
27124,11.6211,13.9648
27260,11.2305,13.9648
27400,12.3047,14.5508
27540,11.2305,13.4766
27680,13.8672,13.7695
27820,11.2305,13.7695
27960,12.0117,13.8672
28100,11.3281,12.8906
28244,12.1094,13.0859
28388,11.1328,13.8672
28532,11.4258,13.6719
28676,11.4258,14.0625
28820,11.0352,14.1602
28968,10.8398,13.8672
29116,10.9375,13.0859
29264,11.7188,13.4766
29412,11.1328,14.8438
29560,11.9141,14.2578
29708,12.2070,14.8438
29860,12.2070,14.6484
30012,11.6211,14.0625
30164,12.1094,13.9648
30316,11.7188,15.0391
30468,11.8164,15.1367
30624,11.7188,15.0391
30780,11.5234,13.9648
30936,11.7188,13.7695
31092,12.0117,14.0625
31248,11.0352,13.2813
31408,11.6211,13.2813
31568,11.9141,13.3789
31728,11.6211,13.6719
31888,11.5234,14.4531
32048,11.8164,14.2578
32212,11.6211,13.3789
32376,10.5469,13.8672
32540,11.3281,13.2813
32704,12.0117,13.3789
32868,12.6953,14.6484
33036,12.3047,13.6719
33204,12.4023,14.9414
33372,12.4023,14.1602
33540,12.2070,14.0625
33708,12.5977,14.3555
33880,12.5000,15.1367
34052,12.4023,13.7695
34224,12.2070,14.0625
34396,12.5977,14.9414
34568,12.1094,13.9648
34744,13.2813,15.9180
34920,11.9141,14.1602
35096,12.4023,14.0625
35272,12.5977,14.8438
35452,12.6953,14.4531
35632,12.7930,13.5742
35812,12.1094,14.1602
35992,12.5000,13.9648
36172,11.9141,12.7930
36356,12.7930,16.0156
36540,12.9883,15.0391
36724,12.0117,13.9648
36908,11.9141,14.5508
37096,12.5977,14.6484
37284,12.0117,13.8672
37472,12.6953,14.3555
37660,12.0117,13.9648
37852,12.5000,14.3555
38044,12.1094,17.0898
38236,16.3086,15.1367
38428,12.3047,15.1367
38624,11.7188,13.6719
38820,12.7930,13.8672
39016,11.7188,13.0859
39212,12.2070,15.1367
39412,12.1094,14.3555
39612,12.2070,13.1836
39812,12.8906,14.4531
40012,12.6953,14.1602
40216,12.5977,14.7461
40420,12.3047,14.4531
40624,12.5000,15.2344
40828,12.5000,14.7461
41036,12.4023,13.8672
41244,12.8906,15.0391
41452,12.9883,15.0391
41660,12.5977,14.6484
41872,12.1094,14.4531
42084,12.5977,14.6484
42296,12.5000,15.2344
42508,12.1094,13.2813
42724,12.4023,13.6719
42940,11.7188,14.2578
43156,12.1094,13.6719
43372,12.1094,15.0391
43592,11.8164,14.7461
43812,12.1094,13.8672
44032,12.0117,14.9414
44256,12.5000,14.5508
44480,12.3047,15.4297
44704,12.3047,14.5508
44928,12.6953,14.1602
45156,12.4023,13.9648
45384,12.0117,15.0391
45612,12.8906,14.7461
45844,12.6953,14.6484
46076,12.2070,15.3320
46308,12.3047,15.4297
46540,12.5977,14.4531
46776,11.8164,13.8672
47012,12.6953,15.1367
47248,12.4023,15.2344
47488,12.2070,14.9414
47728,11.1328,13.6719
47968,11.9141,14.3555
48208,11.9141,14.0625
48452,12.0117,14.5508
48696,12.3047,13.4766
48940,12.8906,14.6484
49188,11.6211,13.3789
49436,12.9883,14.9414
49684,12.5000,14.8438
49936,12.4023,14.1602
50188,17.0898,16.7969
50440,12.3047,14.7461
50696,12.6953,15.3320
50952,12.5977,15.1367
51208,12.3047,14.6484
51468,12.3047,16.0156
51728,11.8164,14.1602
51988,12.3047,15.3320
52248,13.1836,15.9180
52512,13.0859,16.5039
52776,12.8906,15.9180
53040,12.3047,14.4531
53308,12.7930,15.3320
53576,11.9141,15.3320
53844,12.3047,15.5273
54116,12.1094,14.8438
54388,11.5234,15.0391
54660,12.7930,14.9414
54936,12.5000,16.7969
55212,12.5000,14.9414
55492,12.2070,15.4297
55772,12.9883,15.2344
56052,12.6953,16.0156
56336,12.3047,15.9180
56620,12.1094,14.5508
56904,12.3047,15.0391
57192,11.7188,14.5508
57480,12.5000,15.3320
57768,10.8398,13.8672
58060,12.5000,15.6250
58352,12.5000,14.4531
58644,12.1094,14.3555
58940,12.5000,14.1602
59236,12.9883,15.4297
59536,12.5000,14.9414
59836,12.0117,15.0391
60136,12.8906,15.7227
60440,12.5977,14.2578
60744,12.8906,15.3320
61048,12.1094,14.4531
61356,15.0391,36.7188
61664,12.7930,14.8438
61976,12.5977,14.7461
62288,13.2813,14.6484
62600,12.7930,15.1367
62916,12.5977,15.9180
63232,12.5000,14.5508
63552,12.5977,16.1133
63872,12.5000,14.8438
64192,11.8164,16.0156
64516,12.9883,14.6484
64840,12.8906,14.9414
65168,12.6953,14.4531
65496,13.2813,15.3320
65824,14.1602,16.2109
66156,14.0625,16.2109
66488,16.8945,16.6992
66824,13.8672,17.7734
67160,13.3789,16.4063
67496,14.1602,16.7969
67836,14.1602,16.8945
68176,12.9883,15.2344
68520,12.5977,16.5039
68864,16.6992,18.9453
69212,13.1836,16.8945
69560,13.8672,17.0898
69908,12.9883,16.0156
70260,13.3789,16.7969
70612,13.3789,16.4063
70968,12.9883,16.6992
71324,13.6719,16.0156
71684,12.7930,14.8438
72044,13.2813,16.1133
72408,13.2813,15.9180
72772,13.4766,16.1133
73136,14.0625,17.9688
73504,13.3789,15.7227
73872,13.7695,16.7969
74244,12.9883,16.6016
74616,13.7695,16.5039
74992,13.7695,16.7969
75368,13.6719,15.7227
75748,13.9648,16.6016
76128,13.1836,17.2852
76512,13.3789,16.4063
76896,13.8672,16.1133
77284,14.0625,17.3828
77672,13.8672,17.8711
78064,15.6250,16.5039
78456,14.0625,16.6992
78852,12.8906,14.9414
79248,13.2813,16.7969
79648,13.4766,15.7227
80048,13.7695,16.0156
80452,13.3789,16.2109
80856,13.4766,20.1172
81264,16.0156,18.1641
81672,13.4766,17.0898
82084,13.6719,16.6016
82496,13.8672,17.6758
82912,13.1836,17.4805
83328,13.7695,16.9922
83748,13.6719,17.2852
84168,14.0625,16.2109
84592,16.4063,17.0898
85016,14.1602,16.4063
85444,13.1836,15.8203
85872,13.5742,17.9688
86304,13.4766,16.4063
86736,13.6719,16.1133
87172,13.5742,16.3086
87608,13.5742,17.4805
88048,14.6484,18.0664
88492,12.8906,16.0156
88936,13.7695,17.1875
89384,13.2813,16.3086
89832,13.9648,17.5781
90284,14.0625,18.0664
90736,13.3789,14.6484
91192,13.6719,17.0898
91648,14.2578,17.1875
92108,13.4766,17.3828
92572,13.4766,15.2344
93036,13.9648,17.2852
93504,13.5742,16.4063
93972,13.4766,16.3086
94444,13.5742,16.8945
94920,12.6953,15.6250
95396,14.3555,17.4805
95876,13.1836,16.4063
96356,13.7695,17.1875
96840,13.2813,17.1875
97328,14.1602,16.6992
97816,13.3789,17.8711
98308,13.0859,16.0156
98800,13.7695,16.2109
99296,13.2813,16.6992
99796,13.8672,16.4063
100296,13.3789,16.3086
100800,13.2813,17.3828
101304,14.2578,16.4063
101812,13.1836,16.7969
102324,13.7695,16.9922
102836,12.6953,16.8945
103352,13.4766,17.8711
103872,13.4766,16.6016
104392,13.3789,17.5781
104916,13.3789,16.6016
105444,13.8672,16.7969
105972,13.9648,16.9922
106504,14.3555,17.4805
107040,13.9648,16.6016
107576,14.1602,17.0898
108116,13.4766,16.6992
108660,13.6719,17.6758
109204,13.1836,16.6016
109752,13.6719,17.3828
110304,13.3789,17.2852
110856,14.4531,17.8711
111412,13.7695,16.3086
111972,14.1602,17.5781
112532,13.9648,17.4805
113096,14.1602,17.4805
113664,14.1602,17.7734
114236,13.1836,16.3086
114808,14.4531,18.3594
115384,14.6484,16.9922
115964,14.3555,17.5781
116544,14.1602,16.8945
117128,13.8672,16.9922
117716,13.0859,16.6992
118308,13.7695,17.1875
118900,13.9648,16.3086
119496,13.7695,16.7969
120096,19.0430,17.6758
120700,14.2578,19.8242
121304,20.2148,19.9219
121912,13.2813,17.3828
122524,13.3789,16.4063
123140,13.7695,16.8945
123756,13.7695,17.9688
124376,13.9648,16.7969
125000,12.8906,17.0898
125628,14.1602,17.4805
126260,13.4766,16.8945
126892,13.4766,17.1875
127528,14.1602,18.3594
128168,12.9883,16.3086
128812,13.4766,16.7969
129460,13.8672,17.3828
130108,20.0195,17.4805
130760,13.2813,17.8711
131416,16.3086,19.2383
132076,15.0391,17.6758
132740,15.2344,18.7500
133404,14.5508,18.0664
134072,14.3555,16.3086
134744,14.8438,17.6758
135420,15.0391,17.8711
136100,14.3555,17.5781
136784,14.6484,17.6758
137468,15.0391,18.9453
138156,14.3555,17.5781
138848,15.5273,18.5547
139544,14.6484,18.0664
140244,14.6484,17.8711
140948,14.2578,17.5781
141656,14.8438,18.0664
142368,14.4531,16.8945
143080,14.8438,18.0664
143796,14.1602,16.0156
144516,14.4531,17.7734
145240,14.4531,17.9688
145968,14.7461,18.1641
146700,14.9414,18.1641
147436,14.8438,16.6016
148176,14.6484,17.7734
148920,14.6484,17.9688
149668,14.0625,17.3828
150420,14.3555,17.3828
151176,15.2344,18.4570
151932,13.9648,17.0898
152692,15.1367,18.3594
153456,15.2344,19.1406
154224,14.5508,17.9688
154996,14.7461,17.9688
155772,13.6719,17.0898
156552,15.4297,18.2617
157336,14.5508,20.1172
158124,14.8438,17.2852
158916,14.8438,18.0664
159712,15.0391,18.5547
160512,14.3555,17.7734
161316,15.9180,18.1641
162124,14.7461,17.4805
162936,15.5273,17.0898
163752,13.9648,16.1133
164572,13.9648,16.9922
165396,14.0625,16.5039
166224,14.4531,17.1875
167056,15.3320,17.4805
167892,14.4531,17.1875
168732,14.3555,15.6250
169576,14.7461,19.1406
170424,15.2344,17.4805
171280,14.8438,16.9922
172140,13.9648,17.4805
173004,14.5508,16.8945
173872,15.2344,18.3594
174744,14.8438,16.9922
175620,14.6484,17.8711
176500,14.9414,16.8945
177384,15.5273,19.5313
178272,15.0391,17.8711
179164,15.5273,18.2617
180060,14.2578,16.4063
180964,15.5273,18.8477
181872,14.3555,16.4063
182784,14.7461,19.0430
183700,14.4531,17.4805
184620,15.1367,18.8477
185544,14.1602,17.1875
186472,14.8438,17.0898
187408,14.8438,18.0664
188348,14.6484,17.0898
189292,14.2578,16.8945
190240,14.9414,17.8711
191192,14.8438,16.6992
192148,13.9648,17.9688
193112,14.4531,17.1875
194080,14.9414,18.0664
195052,14.9414,18.5547
196028,14.6484,18.0664
197012,14.6484,18.9453
198000,14.2578,16.7969
198992,14.4531,17.2852
199988,14.9414,18.7500
200988,13.5742,16.9922
201996,19.9219,20.0195
203008,15.3320,18.1641
204024,15.0391,18.6523
205048,15.5273,19.3359
206076,15.0391,19.5313
207108,15.4297,17.6758
208144,14.6484,18.0664
209188,15.8203,21.3867
210236,19.5313,19.9219
211288,18.4570,17.6758
212348,15.7227,19.6289
213412,15.3320,18.1641
214480,14.4531,16.1133
215556,14.6484,17.4805
216636,14.4531,18.9453
217720,15.2344,17.6758
218812,14.1602,16.2109
219908,15.0391,18.4570
221008,15.1367,18.9453
222116,13.8672,16.2109
223228,15.2344,19.1406
224348,14.2578,17.4805
225472,15.6250,21.0938
226600,14.6484,17.9688
227736,14.8438,18.7500
228876,15.5273,18.7500
230024,13.7695,16.8945
231176,14.5508,17.1875
232332,15.5273,18.3594
233496,15.3320,17.7734
234664,15.3320,17.4805
235840,15.8203,18.2617
237020,14.9414,18.2617
238208,15.4297,18.0664
239400,15.1367,18.4570
240600,14.5508,17.5781
241804,14.8438,18.3594
243016,15.2344,18.1641
244232,14.7461,17.0898
245456,13.8672,16.6992
246684,15.2344,17.9688
247920,14.7461,18.3594
249160,14.7461,18.1641
250408,15.1367,16.9922
251664,15.8203,18.3594
252924,15.3320,19.3359
254192,14.9414,18.4570
255464,14.9414,18.3594
256744,15.0391,18.2617
258028,14.6484,18.7500
259320,14.7461,19.2383
260620,15.3320,20.8984
261924,16.1133,19.4336
263236,16.4063,18.8477
264556,15.8203,18.7500
265880,15.6250,17.5781
267212,17.0898,20.9961
268552,16.5039,19.4336
269896,17.2852,20.9961
271248,16.4063,18.2617
272608,16.5039,19.2383
273972,16.0156,18.1641
275344,16.5039,19.1406
276724,16.2109,18.4570
278108,15.9180,18.6523
279500,19.4336,18.4570
280900,16.3086,23.4375
282308,16.7969,20.0195
283720,15.4297,17.3828
285140,15.2344,17.9688
286568,16.7969,20.0195
288004,17.7734,20.1172
289448,16.6992,18.9453
290896,15.8203,18.3594
292352,15.8203,17.8711
293816,16.7969,18.9453
295288,16.7969,18.9453
296768,16.5039,19.2383
298252,16.1133,21.1914
299744,16.6016,19.2383
301244,17.0898,19.3359
302752,16.1133,19.1406
304268,17.3828,19.6289
305792,16.7969,19.3359
307324,15.9180,17.9688
308864,16.6992,18.6523
310412,16.5039,19.5313
311968,15.7227,16.9922
313528,16.8945,18.9453
315096,16.4063,18.6523
316672,16.5039,18.6523
318256,15.8203,18.0664
319848,18.9453,19.4336
321448,16.6992,18.8477
323056,15.2344,18.2617
324672,15.9180,19.7266
326296,21.1914,18.8477
327928,14.8438,17.3828
329568,16.1133,18.1641
331216,16.5039,19.5313
332876,16.5039,18.5547
334544,16.3086,17.9688
336220,17.4805,20.1172
337904,15.8203,18.4570
339596,16.8945,20.1172
341296,16.1133,20.3125
343004,15.9180,17.5781
344720,16.5039,19.0430
346444,16.2109,19.8242
348180,15.4297,18.9453
349924,16.6016,19.8242
351676,15.2344,18.7500
353436,16.7969,18.0664
355204,16.0156,19.4336
356984,16.4063,18.3594
358772,16.4063,19.0430
360568,16.1133,18.6523
362372,16.8945,19.7266
364184,17.6758,23.0469
366008,16.8945,18.9453
367840,16.3086,18.1641
369680,17.4805,21.3867
371532,16.4063,20.0195
373392,16.6016,19.5313
375260,16.8945,19.0430
377140,16.1133,18.1641
379028,16.0156,18.5547
380924,16.1133,17.5781
382832,17.2852,20.0195
384748,16.6992,20.2148
386672,17.1875,20.0195
388608,16.6016,19.9219
390552,17.5781,20.0195
392508,17.5781,20.0195
394472,16.2109,18.8477
396448,16.1133,18.3594
398432,17.3828,19.8242
400428,17.2852,20.7031
402432,16.4063,17.9688
404448,16.2109,18.4570
406472,16.6016,19.8242
408508,17.1875,20.1172
410552,16.2109,19.3359
412608,16.0156,18.2617
414672,17.0898,19.5313
416748,16.5039,18.8477
418832,17.8711,21.8750
420928,16.6992,18.3594
423036,17.2852,19.9219
425152,17.0898,18.8477
427280,16.7969,18.3594
429420,16.7969,19.2383
431568,17.3828,19.3359
433728,16.9922,19.4336
435900,15.9180,19.2383
438080,16.6016,18.9453
440272,17.8711,20.0195
442476,19.5313,18.8477
444692,17.6758,21.0938
446916,16.4063,17.1875
449152,16.7969,20.3125
451400,16.7969,18.6523
453660,16.8945,19.6289
455932,17.9688,20.3125
458212,17.1875,19.5313
460504,17.0898,18.6523
462808,17.1875,19.2383
465124,16.5039,19.1406
467452,16.2109,18.9453
469792,16.4063,19.0430
472144,17.1875,19.6289
474508,17.0898,19.4336
476884,16.9922,19.8242
479272,16.2109,17.5781
481672,17.0898,20.2148
484084,17.7734,20.1172
486508,16.7969,18.8477
488944,17.1875,21.1914
491392,16.9922,19.5313
493852,17.3828,19.9219
496324,16.7969,19.9219
498808,16.9922,20.5078
501304,17.0898,19.7266
503812,17.7734,20.7031
506332,22.9492,18.6523
508864,16.6992,18.9453
511412,16.0156,18.1641
513972,17.2852,20.5078
516544,16.9922,20.0195
519128,18.4570,21.0938
521724,17.1875,19.8242
524336,19.1406,20.8984
526960,17.4805,19.8242
529596,24.0234,21.1914
532244,17.6758,19.8242
534908,18.2617,20.8008
537584,18.6523,21.0938
540272,18.2617,22.1680
542976,18.8477,20.9961
545692,18.1641,20.5078
548424,17.5781,19.5313
551168,19.4336,20.4102
553924,17.5781,18.8477
556696,18.4570,20.9961
559480,18.3594,20.7031
562280,17.9688,19.4336
565092,17.7734,20.6055
567920,17.5781,18.9453
570760,18.0664,21.0938
573616,17.0898,18.2617
576488,18.0664,19.7266
579372,18.4570,20.2148
582272,18.5547,20.7031
585184,18.0664,19.1406
588112,18.1641,20.4102
591056,17.6758,20.3125
594012,17.4805,36.0352
596984,18.1641,19.2383
599972,18.6523,21.9727
602972,18.1641,20.4102
605988,18.4570,21.0938
609020,17.5781,20.3125
612068,18.7500,20.6055
615132,17.8711,20.6055
618208,18.9453,21.7773
621300,17.9688,19.6289
624408,18.3594,20.5078
627532,18.2617,29.9805
630672,18.0664,19.9219
633828,18.5547,21.0938
637000,18.2617,21.1914
640188,18.4570,20.6055
643392,18.7500,22.6563
646612,18.7500,20.8984
649848,18.0664,20.5078
653100,17.6758,19.9219
656368,18.1641,20.4102
659652,18.8477,20.7031
662952,17.5781,21.5820
666268,18.0664,20.2148
669600,18.6523,21.3867
672948,18.6523,19.9219
676316,19.6289,22.7539
679700,18.5547,20.8008
683100,18.9453,20.2148
686516,19.0430,21.0938
689952,18.8477,20.6055
693404,18.9453,21.4844
696872,18.7500,21.5820
700360,19.6289,23.2422
703864,18.9453,21.4844
707384,18.9453,20.8008
710924,20.8984,20.8984
714480,19.1406,21.5820
718056,18.5547,21.1914
721648,18.3594,20.3125
725260,18.2617,19.6289
728888,18.8477,20.8984
732536,17.7734,20.3125
736200,18.2617,20.7031
739884,18.7500,20.8984
743584,27.8320,22.7539
747304,18.6523,20.8984
751044,18.7500,21.5820
754800,18.1641,20.2148
758576,18.3594,20.7031
762372,19.0430,20.6055
766184,22.7539,24.4141
770016,19.1406,20.6055
773868,18.9453,21.1914
777740,18.2617,19.6289
781632,18.1641,21.0938
785544,17.8711,19.6289
789472,18.0664,19.9219
793420,17.1875,18.9453
797388,19.2383,21.7773
801376,17.3828,20.0195
805384,18.4570,21.9727
809412,18.8477,20.8984
813460,18.5547,21.1914
817528,19.4336,23.8281
821616,19.4336,22.8516
825728,19.0430,21.5820
829860,19.3359,22.5586
834012,19.4336,20.8984
838184,17.9688,21.0938
842376,18.9453,20.9961
846588,18.2617,18.9453
850824,19.4336,22.6563
855080,20.1172,22.6563
859356,18.9453,20.5078
863656,19.8242,20.8984
867976,19.2383,22.4609
872316,18.7500,20.8984
876680,18.5547,20.2148
881064,18.7500,20.6055
885472,20.0195,23.2422
889900,16.7969,19.4336
894352,18.6523,19.9219
898824,19.5313,21.3867
903320,18.4570,19.8242
907840,17.6758,22.5586
912380,18.8477,21.0938
916944,18.4570,21.0938
921532,20.1172,23.3398
926140,19.9219,22.5586
930772,19.5313,21.1914
935428,18.2617,20.8008
940108,18.3594,20.6055
944812,18.9453,21.3867
949540,19.6289,23.1445
954288,19.8242,24.9023
959060,18.9453,22.0703
963856,19.2383,21.2891
968676,18.4570,20.7031
973520,19.2383,20.1172
978388,19.2383,22.8516
983280,20.2148,23.4375
988200,19.3359,23.2422
993144,19.9219,22.6563
998112,19.4336,22.5586
1003104,19.3359,24.4141
1008120,18.9453,20.9961
1013164,20.9961,22.7539
1018232,19.5313,22.2656
1023324,19.6289,22.0703
1028444,18.9453,20.8984
1033588,19.1406,22.2656
1038756,19.1406,22.1680
1043952,20.6055,22.4609
1049172,20.8008,24.1211
1054420,19.5313,19.7266
1059696,25.6836,26.6602
1064996,21.3867,22.3633
1070324,23.8281,23.2422
1075676,20.2148,22.2656
1081056,20.8984,24.1211
1086464,19.7266,20.9961
1091900,20.1172,22.5586
1097360,20.6055,27.4414
1102848,20.2148,21.1914
1108364,18.8477,20.7031
1113908,20.9961,23.1445
1119480,22.3633,24.9023
1125080,19.6289,22.0703
1130708,20.8008,23.0469
1136364,19.7266,20.7031
1142048,19.4336,27.3438
1147760,21.2891,22.9492
1153500,18.8477,21.3867
1159268,19.1406,20.3125
1165068,20.5078,22.3633
1170896,20.8984,23.1445
1176752,20.4102,23.1445
1182636,20.3125,22.1680
1188552,22.1680,24.6094
1194496,20.0195,20.8008
1200472,20.3125,22.2656
1206476,20.8008,22.6563
1212512,20.2148,22.7539
1218576,20.1172,20.8008
1224672,20.9961,23.7305
1230796,20.6055,22.4609
1236952,20.5078,22.6563
1243140,20.7031,23.2422
1249356,20.6055,21.9727
1255604,24.0234,22.6563
1261884,21.2891,21.8750
1268196,20.5078,22.0703
1274540,20.4102,22.3633
1280916,21.6797,24.5117
1287324,20.8984,23.5352
1293764,22.0703,23.3398
1300236,21.6797,23.7305
1306740,20.2148,21.0938
1313276,32.3242,24.3164
1319844,20.4102,23.0469
1326444,21.6797,24.1211
1333080,21.1914,22.5586
1339748,20.6055,23.0469
1346448,21.8750,23.6328
1353184,21.7773,25.5859
1359952,22.0703,23.2422
1366752,21.0938,26.0742
1373588,21.8750,23.7305
1380456,20.3125,21.7773
1387360,20.6055,22.7539
1394300,21.3867,22.6563
1401272,21.8750,24.3164
1408280,21.8750,22.6563
1415324,19.8242,21.8750
1422404,20.8984,22.4609
1429520,23.4375,27.8320
1436668,20.8984,22.2656
1443852,20.4102,22.0703
1451072,26.4648,21.6797
1458328,21.0938,22.4609
1465620,21.8750,23.4375
1472952,24.2188,23.0469
1480320,20.8984,22.2656
1487724,21.7773,26.8555
1495164,21.5820,24.3164
1502640,21.5820,23.0469
1510156,21.7773,24.1211
1517708,21.2891,22.0703
1525300,21.7773,23.4375
1532928,19.9219,22.0703
1540596,21.6797,24.0234
1548300,21.2891,22.9492
1556044,22.1680,24.3164
1563828,20.7031,22.2656
1571648,20.5078,22.6563
1579508,21.1914,22.3633
1587408,20.5078,23.4375
1595348,21.6797,22.7539
1603328,26.5625,23.5352
1611348,22.1680,22.9492
1619408,20.6055,21.1914
1627508,21.2891,23.1445
1635648,20.9961,22.9492
1643828,20.3125,21.9727
1652048,21.6797,22.6563
1660312,25.1953,25.7813
1668616,21.2891,23.3398
1676960,21.0938,23.9258
1685348,21.4844,23.3398
1693776,22.3633,24.0234
1702248,20.9961,22.4609
1710760,21.3867,24.1211
1719316,21.0938,21.2891
1727916,23.5352,22.2656
1736556,21.8750,23.9258
1745240,20.8008,23.5352
1753968,20.4102,22.9492
1762740,20.9961,23.3398
1771556,21.1914,22.5586
1780416,22.8516,24.1211
1789320,22.3633,24.6094
1798268,23.4375,24.2188
1807260,20.9961,22.4609
1816300,22.1680,23.5352
1825384,21.1914,22.6563
1834512,22.8516,26.0742
1843688,22.7539,24.2188
1852908,22.3633,24.7070
1862176,22.4609,28.4180
1871488,26.3672,23.3398
1880848,21.2891,22.8516
1890256,21.6797,23.6328
1899708,21.5820,24.2188
1909208,22.1680,24.2188
1918756,22.2656,25.2930
1928352,22.4609,25.0000
1937996,21.1914,21.3867
1947688,22.6563,24.9023
1957428,22.4609,23.5352
1967216,22.6563,24.6094
1977056,22.8516,24.6094
1986944,21.3867,24.1211
1996880,20.8008,23.1445
2006868,21.4844,22.9492
2016904,21.3867,23.2422
2026992,23.5352,25.9766
2037128,22.0703,24.5117
2047316,21.9727,23.8281
2057556,23.1445,26.6602
2067844,20.4102,21.7773
2078184,21.7773,23.3398
2088576,25.3906,25.5859
2099020,24.7070,27.3438
2109516,21.6797,24.3164
2120064,24.4141,27.3438
2130668,23.3398,25.2930
2141324,23.5352,25.0000
2152032,22.7539,25.4883
2162796,23.5352,25.2930
2173612,21.7773,22.8516
2184484,23.2422,25.0977
2195408,23.9258,24.1211
2206388,23.7305,25.4883
2217420,22.7539,24.5117
2228508,23.4375,25.0000
2239652,21.9727,23.4375
2250852,22.4609,24.1211
2262108,23.6328,25.2930
2273420,24.1211,25.8789
2284788,23.0469,24.2188
2296212,23.8281,25.3906
2307696,23.8281,25.9766
2319236,24.7070,25.0977
2330836,22.7539,24.3164
2342492,23.7305,26.1719
2354208,22.3633,23.2422
2365980,23.6328,25.3906
2377812,23.1445,25.0000
2389704,22.4609,27.6367
2401656,24.4141,25.3906
2413668,23.7305,25.0000
2425740,23.6328,29.8828
2437872,24.1211,25.3906
2450064,22.3633,23.3398
2462316,23.5352,24.1211
2474628,22.8516,23.8281
2487004,23.3398,24.4141
2499440,23.3398,24.9023
2511940,25.6836,23.9258
2524500,22.1680,25.0000
2537124,23.2422,25.4883
2549812,23.5352,25.4883
2562564,23.3398,23.9258
2575380,24.1211,25.6836
2588260,24.2188,25.6836
2601204,23.3398,25.4883
2614212,21.4844,24.1211
2627284,22.8516,25.9766
2640424,22.6563,25.5859
2653628,23.9258,27.4414
2666900,22.2656,23.6328
2680236,25.0000,25.3906
2693640,24.4141,26.8555
2707112,22.3633,24.8047
2720648,23.1445,24.7070
2734252,22.4609,23.2422
2747924,23.5352,25.1953
2761664,22.7539,24.0234
2775476,22.8516,24.2188
2789356,23.0469,23.9258
2803304,24.6094,26.3672
2817324,22.9492,25.0000
2831412,23.2422,23.9258
2845572,24.3164,25.7813
2859800,23.1445,23.3398
2874100,23.8281,24.9023
2888472,22.9492,23.5352
2902916,23.0469,23.2422
2917432,23.8281,25.4883
2932020,32.4219,24.0234
2946684,23.0469,23.6328
2961420,22.6563,23.6328
2976228,22.7539,23.6328
2991112,24.6094,25.6836
3006068,24.0234,27.5391
3021100,24.7070,26.2695
3036208,22.9492,25.2930
3051392,22.9492,22.9492
3066652,24.0234,26.1719
3081988,25.2930,27.9297
3097400,22.7539,23.3398
3112888,25.2930,27.6367
3128456,23.1445,24.6094
3144100,23.4375,24.1211
3159824,23.0469,24.4141
3175624,22.9492,24.1211
3191504,23.7305,26.4648
3207464,23.7305,26.1719
3223504,23.6328,24.7070
3239624,22.0703,23.4375
3255824,23.9258,25.0977
3272104,24.4141,26.0742
3288468,25.0000,26.3672
3304912,26.1719,23.5352
3321440,24.2188,25.0977
3338048,23.3398,25.0000
3354740,24.0234,25.2930
3371516,24.2188,26.7578
3388376,24.5117,25.9766
3405320,23.1445,24.6094
3422348,23.7305,26.3672
3439460,25.8789,26.7578
3456660,23.6328,25.8789
3473944,24.6094,25.3906
3491316,23.7305,25.5859
3508776,23.2422,24.7070
3526320,23.9258,25.0000
3543952,23.9258,23.6328
3561672,23.1445,25.0977
3579484,25.0000,26.5625
3597384,37.3047,28.9063
3615372,32.5195,27.5391
3633452,27.1484,25.7813
3651620,24.9023,27.3438
3669880,22.1680,23.0469
3688232,23.6328,23.9258
3706676,24.8047,27.1484
3725212,24.2188,26.7578
3743840,25.0000,27.3438
3762560,25.1953,27.5391
3781376,24.5117,25.7813
3800284,25.0977,27.1484
3819288,24.3164,26.3672
3838388,22.7539,24.8047
3857580,25.3906,26.8555
3876868,23.8281,27.6367
3896256,24.2188,25.3906
3915740,23.7305,25.4883
3935320,23.1445,24.4141
3955000,25.7813,28.0273
3974776,24.9023,26.3672
3994652,24.4141,26.4648
4014628,23.8281,24.0234
4034704,24.5117,26.2695
4054880,25.7813,27.9297
4075156,24.6094,26.6602
4095532,25.3906,25.8789
4116012,24.8047,26.7578
4136596,25.0000,26.2695
4157280,25.7813,28.0273
4178068,25.4883,29.3945
4198960,26.1719,29.7852
4219956,24.1211,26.9531
4241056,25.2930,28.1250
4262264,24.7070,26.2695
4283576,26.7578,30.1758
4304996,24.8047,26.1719
4326524,25.5859,27.6367
4348160,24.1211,25.4883
4369904,25.4883,27.4414
4391756,30.3711,28.7109
4413716,24.6094,26.9531
4435788,25.1953,26.2695
4457968,26.3672,28.5156
4480260,25.1953,26.4648
4502664,25.0977,27.8320
4525180,23.5352,26.0742
4547808,23.7305,24.3164
4570548,24.2188,25.4883
4593404,24.2188,25.8789
4616372,24.8047,27.9297
4639456,25.6836,28.2227
4662656,24.9023,27.8320
4685972,25.0000,27.6367
4709404,24.4141,27.0508
4732952,25.1953,27.9297
4756620,24.9023,27.3438
4780404,25.3906,27.2461
4804308,25.0000,26.3672
4828332,24.2188,25.7813
4852476,24.9023,26.3672
4876740,25.4883,27.7344
4901124,24.4141,26.2695
4925632,25.0977,27.1484
4950264,24.7070,26.8555
4975016,25.5859,27.1484
4999892,25.1953,26.8555
5024892,25.9766,28.6133
5050020,27.8320,29.9805
5075272,25.4883,27.4414
5100652,26.0742,28.4180
5126156,24.7070,27.4414
5151788,29.1016,27.7344
5177548,25.7813,27.9297
5203436,27.3438,29.9805
5229456,24.0234,25.8789
5255604,27.2461,32.4219
5281884,26.3672,27.6367
5308296,26.3672,29.3945
5334840,25.2930,27.1484
5361516,24.5117,27.3438
5388324,26.3672,30.2734
5415268,26.3672,28.8086
5442348,27.0508,28.9063
5469560,25.0977,27.5391
5496908,26.6602,29.2969
5524396,27.1484,29.5898
5552020,25.4883,27.4414
5579784,25.5859,27.8320
5607684,25.8789,29.7852
5635724,25.5859,27.6367
5663904,27.8320,30.1758
5692224,26.8555,29.5898
5720688,25.1953,27.3438
5749292,25.4883,28.3203
5778040,25.5859,27.4414
5806932,25.5859,27.1484
5835968,24.7070,26.5625
5865148,25.6836,27.6367
5894476,25.4883,27.6367
5923952,26.5625,29.6875
5953572,23.9258,25.4883
5983340,24.6094,27.7344
6013260,26.2695,27.5391
6043328,25.2930,27.1484
6073548,25.6836,26.9531
6103916,24.8047,26.7578
6134436,26.2695,29.1992
6165112,25.7813,27.5391
6195940,26.3672,28.2227
6226920,25.2930,27.7344
6258056,25.2930,27.5391
6289348,26.6602,28.9063
6320796,24.9023,26.8555
6352400,26.2695,28.9063
6384164,32.7148,30.2734
6416088,28.3203,29.5898
6448172,25.4883,27.7344
6480416,27.0508,28.0273
6512820,24.7070,26.0742
6545388,27.5391,31.0547
6578116,27.0508,28.7109
6611008,25.0000,26.7578
6644064,26.6602,27.3438
6677288,25.6836,25.6836
6710676,25.5859,26.9531
6744232,25.7813,27.1484
6777956,28.2227,32.2266
6811848,26.3672,29.2969
6845908,26.5625,29.4922
6880140,26.0742,28.2227
6914544,26.0742,28.9063
6949120,26.5625,28.8086
6983868,25.0977,27.0508
7018788,24.1211,24.9023
7053884,27.2461,29.1016
7089156,27.6367,29.3945
7124604,27.4414,29.6875
7160228,27.0508,29.1016
7196032,26.1719,27.2461
7232016,29.4922,28.4180
7268180,26.2695,29.4922
7304524,26.6602,31.8359
7341048,28.4180,30.0781
7377756,26.7578,30.1758
7414648,25.2930,27.3438
7451724,26.7578,27.8320
7488984,28.0273,30.7617
7526432,27.8320,27.7344
7564068,25.8789,28.8086
7601892,27.6367,30.3711
7639904,27.4414,29.5898
7678104,26.7578,29.0039
7716496,28.4180,30.2734
7755080,27.6367,28.8086
7793856,26.2695,27.7344
7832828,26.2695,29.7852
7871996,26.6602,29.3945
7911356,27.1484,29.4922
7950916,25.2930,26.6602
7990672,26.7578,29.3945
8030628,32.8125,30.6641
8070784,29.3945,31.2500
8111140,36.7188,32.7148
8151696,34.8633,31.1523
8192456,34.6680,31.1523
8233420,28.7109,33.7891
8274588,25.3906,26.0742
8315964,26.9531,27.9297
8357544,26.6602,27.8320
8399332,27.7344,30.8594
8441332,27.4414,29.1992
8483540,26.2695,28.5156
8525960,26.5625,28.8086
8568592,27.3438,29.0039
8611436,27.7344,29.1016
8654496,27.3438,29.7852
8697772,27.8320,30.0781
8741264,28.7109,31.2500
8784972,27.2461,28.3203
8828900,26.0742,27.6367
8873048,28.4180,30.7617
8917416,28.1250,29.6875
8962004,29.5898,31.8359
9006816,29.1992,31.6406
9051852,27.9297,29.1992
9097112,28.0273,30.0781
9142600,26.8555,29.1992
9188316,29.1992,32.3242
9234260,27.7344,30.0781
9280432,28.2227,30.8594
9326836,26.3672,28.5156
9373472,26.9531,29.1016
9420340,27.5391,29.0039
9467444,28.1250,31.4453
9514784,28.0273,29.9805
9562360,27.8320,30.9570
9610172,34.9609,30.8594
9658224,26.7578,28.3203
9706516,32.3242,29.0039
9755052,29.0039,30.4688
9803828,30.1758,31.9336
9852848,27.0508,27.4414
9902116,27.2461,29.7852
9951628,30.1758,32.2266
10001388,26.9531,28.7109
10051396,28.9063,31.1523
10101656,27.8320,29.4922
10152168,26.9531,28.8086
10202932,28.7109,30.2734
10253948,28.5156,30.5664
10305220,28.9063,29.8828
10356748,26.1719,27.3438
10408532,26.3672,28.3203
10460576,28.1250,29.4922
10512880,26.5625,28.3203
10565448,27.9297,29.1992
10618276,26.3672,28.6133
10671368,27.4414,29.9805
10724728,26.9531,28.8086
10778352,27.0508,29.9805
10832244,27.7344,29.2969
10886408,27.3438,28.7109
10940844,30.4688,31.2500
10995552,26.1719,27.5391
11050532,26.7578,29.1992
11105788,28.2227,29.4922
11161320,28.2227,30.4688
11217128,25.3906,27.0508
11273216,27.9297,28.5156
11329584,25.7813,28.0273
11386232,26.5625,27.7344
11443164,28.3203,30.8594
11500380,28.6133,33.3984
11557884,27.6367,29.7852
11615676,27.0508,31.7383
11673756,28.7109,29.3945
11732128,29.2969,31.7383
11790792,29.1016,33.2031
11849748,28.2227,30.7617
11909000,29.3945,31.2500
11968548,27.9297,30.2734
12028392,25.8789,26.9531
12088536,29.1016,30.6641
12148980,28.3203,28.3203
12209728,27.3438,29.1016
12270780,29.4922,31.3477
12332136,28.0273,30.4688
12393800,28.3203,31.5430
12455772,26.8555,28.0273
12518052,27.5391,28.5156
12580644,29.7852,35.5469
12643548,28.1250,30.3711
12706768,29.5898,31.1523
12770304,28.3203,28.6133
12834156,27.0508,28.2227
12898328,28.0273,29.3945
12962820,28.9063,30.3711
13027636,28.8086,29.8828
13092776,26.7578,28.3203
13158240,28.8086,30.5664
13224032,27.1484,28.2227
13290156,30.4688,32.2266
13356608,26.7578,28.4180
13423392,26.5625,27.1484
13490512,28.0273,31.0547
13557968,27.9297,30.4688
13625760,28.1250,30.9570
13693892,26.2695,27.5391
13762364,28.1250,29.5898
13831176,28.7109,31.1523
13900332,32.1289,30.0781
13969836,27.8320,29.4922
14039688,29.0039,31.4453
14109888,27.5391,27.7344
14180440,28.5156,31.1523
14251344,27.9297,29.9805
14322604,26.0742,27.4414
14394220,28.4180,30.4688
14466192,27.7344,29.9805
14538524,28.0273,29.7852
14611220,27.9297,30.3711
14684280,29.2969,32.1289
14757704,28.6133,30.2734
14831496,28.4180,31.0547
14905656,30.0781,31.5430
14980188,28.5156,29.2969
15055092,27.2461,30.8594
15130368,27.4414,28.5156
15206020,89.8438,28.2227
15282052,28.6133,29.8828
15358464,36.8164,31.2500
15435260,27.6367,29.4922
15512440,31.4453,33.1055
15590004,28.9063,31.8359
15667956,31.4453,34.2773
15746296,29.7852,31.7383
15825028,28.9063,30.2734
15904156,29.1992,30.4688
15983680,27.3438,29.1016
16063600,28.8086,31.0547
16143920,29.0039,31.4453
16224640,30.0781,32.2266
16305764,29.7852,31.2500
16387296,29.4922,31.2500
16469236,29.8828,31.9336
16551584,29.1016,31.5430
16634344,27.9297,30.8594
16717516,26.9531,28.4180
16801104,31.5430,33.5938
16885112,28.1250,30.0781
16969540,29.6875,32.4219
17054388,28.7109,30.0781
17139660,30.3711,32.7148
17225360,28.7109,31.8359
17311488,28.8086,31.3477
17398048,29.6875,32.5195
17485040,28.5156,30.3711
17572468,31.0547,30.4688
17660332,28.7109,31.6406
17748636,31.6406,35.3516
17837380,29.1016,31.4453
17926568,29.3945,31.0547
18016204,29.1016,31.7383
18106288,30.4688,33.3984
18196820,32.1289,34.4727
18287808,32.6172,32.4219
18379248,30.4688,32.8125
18471148,27.1484,29.7852
18563504,30.7617,33.2031
18656324,30.2734,31.8359
18749608,28.0273,31.1523
18843360,29.6875,30.8594
18937580,26.7578,28.2227
19032268,29.1992,31.6406
19127432,28.3203,31.4453
19223072,27.1484,30.4688
19319188,31.0547,32.0313
19415784,28.4180,29.7852
19512864,30.5664,33.1055
19610432,28.3203,32.1289
19708488,30.4688,31.6406
19807032,29.0039,34.2773
19906068,31.7383,32.2266
20005600,33.7891,34.4727
20105628,31.7383,34.6680
20206160,28.6133,31.8359
20307192,30.7617,32.4219
20408728,30.2734,32.2266
20510772,29.8828,31.4453
20613328,27.9297,29.5898
20716396,29.3945,32.4219
20819980,28.7109,32.4219
20924080,30.0781,30.6641
21028704,29.9805,32.7148
21133848,30.1758,33.7891
21239520,31.2500,33.6914
21345720,30.0781,32.9102
21452452,28.5156,31.4453
21559716,29.2969,30.8594
21667516,31.3477,34.0820
21775856,31.2500,33.7891
21884736,31.0547,31.2500
21994160,28.3203,29.1016
22104132,29.7852,31.8359
22214656,31.7383,34.3750
22325732,32.9102,36.2305
22437364,32.6172,35.2539
22549552,29.3945,31.4453
22662300,30.5664,33.2031
22775612,31.0547,33.8867
22889492,31.0547,32.2266
23003940,30.6641,31.5430
23118960,31.0547,32.8125
23234556,29.2969,31.4453
23350732,31.5430,32.9102
23467488,32.1289,30.8594
23584828,33.0078,36.8164
23702756,28.1250,29.5898
23821272,38.5742,35.4492
23940380,34.4727,37.3047
24060084,30.9570,33.4961
24180388,34.0820,35.2539
24301292,31.8359,33.4961
24422800,29.7852,31.0547
24544916,33.5938,35.4492
24667644,46.2891,33.9844
24790984,33.3984,35.1563
24914940,31.7383,32.8125
25039516,32.5195,32.8125
25164716,32.7148,34.6680
25290540,31.5430,34.2773
25416996,36.5234,33.6914
25544084,30.1758,30.7617
25671808,33.0078,35.2539
25800168,33.4961,52.5391
25929172,35.1563,39.5508
26058820,33.2031,37.0117
26189116,33.4961,33.6914
26320064,31.5430,34.5703
26451668,32.7148,34.2773
26583928,30.9570,31.8359
26716848,33.9844,34.7656
26850436,30.5664,31.3477
26984692,34.2773,35.4492
27119616,32.3242,33.4961
27255216,32.7148,33.2031
27391496,46.2891,45.1172
27528456,47.1680,48.8281
27666100,34.5703,33.5938
27804432,38.2813,35.0586
27943456,38.0859,33.7891
28083176,29.2969,30.0781
28223592,34.0820,33.5938
28364712,32.9102,38.7695
28506536,40.0391,33.9844
28649072,38.3789,36.3281
28792320,36.2305,36.8164
28936284,34.3750,34.3750
29080968,44.7266,38.8672
29226376,35.8398,34.0820
29372508,39.9414,39.4531
29519372,37.3047,38.2813
29666972,34.1797,38.8672
29815308,43.7500,42.0898
29964388,38.6719,36.6211
30114212,38.4766,37.0117
30264784,37.4023,43.8477
30416108,44.9219,42.0898
30568192,44.8242,40.9180
30721036,39.1602,35.8398
30874644,45.2148,41.5039
31029020,47.6563,45.4102
31184168,43.1641,41.6016
31340092,50.5859,43.7500
31496796,44.4336,40.2344
31654280,41.7969,38.4766
31812552,39.3555,42.4805
31971616,39.9414,39.3555
32131476,41.0156,39.1602
32292136,39.1602,43.9453
32453600,43.3594,41.8945
32615868,44.2383,44.5313
32778948,45.7031,44.8242
32942844,56.0547,46.7773
33107560,49.5117,50.0000
33273100,66.7969,53.4180
33439468,57.5195,52.6367
33606668,53.1250,58.5938
33774704,54.1016,49.2188
33943580,53.0273,49.6094
34113300,59.3750,51.2695
34283868,48.4375,46.1914
34455288,68.3594,49.8047
34627568,50.1953,47.2656
34800708,53.9063,49.4141
34974712,52.6367,50.8789
35149588,54.1016,52.6367
35325336,46.8750,56.1523
35501964,60.9375,56.3477
35679476,49.1211,53.3203
35857876,51.6602,46.8750
36037168,42.7734,40.7227
36217356,60.1563,47.5586
36398444,48.7305,50.2930
36580440,47.1680,46.1914
36763344,59.4727,49.1211
36947164,56.8359,49.0234
37131900,48.9258,55.4688
37317560,55.4688,50.9766
37504148,52.9297,53.0273
37691672,52.5391,50.9766
37880132,53.1250,48.6328
38069536,57.5195,52.5391
38259884,50.7813,47.4609
38451184,70.4102,50.4883
38643440,55.5664,53.0273
38836660,50.0000,53.8086
39030844,61.9141,52.3438
39226000,48.7305,56.1523
39422132,57.6172,53.1250
39619244,61.4258,64.6484
39817344,52.6367,48.9258
40016432,61.1328,72.0703
40216516,74.9023,64.8438
40417600,100.2930,64.1602
40619688,65.5273,59.2773
40822788,67.3828,57.5195
41026904,83.5938,79.1016
41232040,70.5078,62.0117
41438204,61.6211,63.6719
41645396,61.7188,59.6680
41853624,75.6836,61.3281
42062896,62.3047,58.6914
42273212,67.2852,57.4219
42484580,53.5156,50.2930
42697004,64.9414,59.8633
42910492,50.8789,49.2188
43125048,62.2070,55.0781
43340676,61.9141,62.0117
43557380,64.4531,56.5430
43775168,62.7930,64.2578
43994044,61.9141,56.8359
44214016,54.0039,59.1797
44435088,63.4766,58.6914
44657264,71.5820,58.5938
44880552,62.5000,73.2422
45104956,98.1445,64.1602
45330484,60.1563,65.0391
45557140,85.9375,65.3320
45784928,82.1289,66.9922
46013856,66.6016,78.8086
46243928,64.7461,60.6445
46475148,93.5547,68.1641
46707524,68.8477,62.1094
46941064,73.8281,67.1875
47175772,63.1836,61.2305
47411652,60.7422,55.0781
47648712,68.0664,72.0703
47886956,73.9258,68.9453
48126392,72.1680,65.7227
48367024,64.7461,93.1641
48608860,66.4063,64.1602
48851908,64.4531,57.0313
49096168,72.4609,61.0352
49341652,75.2930,80.1758
49588364,85.8398,113.4766
49836308,69.7266,62.2070
50085492,76.4648,68.4570
50335920,63.0859,57.9102
50587600,68.9453,62.6953
50840540,106.1523,60.0586
51094744,78.0273,70.6055
51350220,74.9023,77.6367
51606972,68.4570,71.0938
51865008,81.3477,79.6875
52124336,78.8086,69.0430
52384960,74.6094,64.9414
52646888,76.5625,75.7813
52910124,80.7617,86.1328
53174676,69.2383,65.1367
53440552,72.9492,67.2852
53707756,87.6953,68.4570
53976296,77.7344,79.1016
54246180,62.7930,75.3906
54517412,70.5078,63.6719
54790000,75.9766,70.7031
55063952,78.2227,67.7734
55339272,71.2891,80.8594
55615972,77.8320,86.8164
55894052,75.8789,109.4727
56173524,77.1484,74.2188
56454392,68.8477,66.4063
56736664,86.4258,76.6602
57020348,73.7305,64.5508
57305452,82.8125,79.5898
57591980,74.4141,72.1680
57879940,78.3203,75.2930
58169340,78.4180,71.2891
58460188,108.4961,91.6016
58752492,75.0977,71.8750
59046256,77.1484,72.7539
59341488,92.0898,81.6406
59638196,84.6680,75.6836
59936388,71.5820,65.3320
60236072,82.8125,73.9258
60537256,88.5742,72.7539
60839944,106.7383,84.9609
61144144,89.4531,82.6172
61449868,86.6211,128.0273
61757120,84.5703,77.7344
62065908,84.2773,74.5117
62376240,79.5898,75.8789
62688124,84.5703,79.1992
63001568,90.7227,81.8359
63316576,79.0039,78.2227
63633160,85.0586,85.2539
63951328,79.5898,76.2695
64271088,112.6953,86.7188
64592444,99.4141,83.7891
64915408,83.3008,70.4102
65239988,81.3477,76.6602
65566188,95.1172,93.0664
65894020,86.8164,75.9766
66223492,83.6914,84.2773
66554612,91.8945,88.9648
66887388,91.6992,91.6016
