4,2.0508,2.4414
8,2.1484,5.7617
12,2.4414,8.3984
16,2.5391,9.6680
20,3.0273,9.9609
24,4.5898,13.3789
28,2.9297,13.2813
32,3.1250,14.1602
36,3.7109,14.4531
40,3.6133,14.4531
44,3.8086,14.8438
48,3.2227,15.8203
52,3.7109,16.3086
56,3.6133,16.7969
60,3.5156,17.5781
64,3.1250,17.9688
68,4.5898,17.2852
72,4.8828,17.6758
76,4.7852,17.6758
80,4.4922,17.7734
84,4.4922,17.3828
88,4.3945,17.2852
92,4.2969,17.8711
96,4.1992,18.3594
100,4.3945,18.6523
104,4.4922,22.5586
108,4.2969,19.1406
112,3.8086,19.6289
116,4.6875,20.1172
120,4.2969,20.8008
124,4.9805,19.8242
128,4.5898,21.2891
132,5.1758,21.0938
136,5.2734,21.4844
140,5.1758,20.8008
144,5.2734,21.3867
148,5.2734,20.9961
152,5.3711,20.3125
156,5.2734,21.2891
160,5.2734,20.5078
164,5.1758,21.9727
168,5.3711,21.6797
172,5.1758,21.0938
176,5.3711,21.6797
180,5.1758,21.6797
184,5.5664,22.1680
188,5.2734,21.8750
192,5.2734,26.3672
196,5.2734,22.1680
200,5.0781,21.4844
204,5.3711,22.2656
208,5.2734,22.0703
212,5.4688,22.2656
216,5.3711,23.2422
220,5.2734,23.3398
224,5.3711,22.9492
228,5.2734,22.6563
232,5.2734,23.5352
236,5.2734,23.5352
240,4.9805,23.5352
244,5.4688,23.9258
248,5.2734,24.2188
252,5.1758,23.7305
256,5.2734,24.9023
260,6.1523,28.0273
264,6.1523,24.4141
268,6.1523,24.4141
272,6.1523,24.6094
276,6.1523,24.5117
280,6.1523,25.1953
284,6.1523,24.7070
288,6.2500,25.0000
292,6.1523,23.6328
296,6.1523,24.6094
300,6.3477,25.0977
304,6.1523,23.2422
308,6.1523,23.9258
312,6.1523,25.0977
316,6.2500,24.2188
320,6.1523,24.7070
324,6.2500,100.6836
328,6.1523,24.5117
332,6.2500,23.9258
336,6.2500,24.6094
340,6.1523,24.2188
344,6.1523,24.5117
348,6.1523,25.0000
352,6.3477,24.6094
356,6.2500,24.4141
360,6.1523,25.2930
364,6.3477,25.2930
368,6.2500,25.2930
372,6.2500,25.5859
376,6.4453,24.9023
380,6.1523,25.0977
384,6.2500,25.3906
388,6.2500,25.5859
392,6.2500,25.3906
396,6.2500,25.9766
400,6.1523,25.7813
404,6.1523,25.7813
408,6.2500,25.8789
412,6.2500,26.1719
416,6.2500,26.5625
420,6.1523,25.8789
424,6.2500,25.6836
428,6.1523,25.5859
432,6.1523,26.3672
436,6.1523,26.0742
440,6.1523,26.1719
444,6.2500,25.8789
448,6.1523,25.9766
452,6.2500,26.4648
456,6.2500,26.2695
460,6.6406,26.6602
464,6.2500,25.4883
468,6.1523,26.3672
472,6.1523,26.2695
476,6.1523,27.8320
480,6.2500,26.4648
484,6.2500,27.5391
488,6.1523,27.3438
492,6.3477,26.9531
496,6.3477,27.4414
500,6.5430,27.5391
504,6.1523,30.5664
508,6.3477,27.5391
512,6.1523,28.3203
516,8.3008,27.9297
520,8.3008,27.7344
524,8.5938,28.1250
528,8.6914,26.7578
532,8.6914,28.1250
536,8.6914,27.7344
540,8.3008,27.9297
544,8.3984,27.7344
548,8.5938,28.3203
552,8.2031,28.8086
556,8.3984,28.0273
560,8.3008,28.0273
564,8.3008,31.3477
568,8.4961,27.5391
572,8.4961,27.7344
576,8.3984,28.5156
580,8.0078,28.3203
584,8.3008,28.0273
588,8.2031,27.3438
592,8.5938,27.5391
596,8.2031,26.9531
600,8.3984,27.3438
604,8.2031,27.4414
608,8.3984,27.5391
612,8.3984,27.9297
616,8.4961,27.6367
620,8.2031,27.7344
624,8.6914,52.9297
628,8.4961,29.0039
632,8.4961,28.1250
636,8.3008,29.1992
640,8.2031,29.1992
644,8.3008,28.4180
648,8.6914,28.3203
652,8.7891,28.4180
656,8.1055,28.8086
660,8.6914,28.7109
664,8.4961,28.8086
668,8.3008,28.7109
672,8.3008,28.4180
676,8.5938,29.1992
680,8.4961,27.5391
684,8.5938,29.9805
688,8.3984,28.8086
692,8.3984,29.8828
696,8.3008,28.8086
700,8.4961,29.5898
704,8.3008,29.0039
708,8.4961,31.3477
712,9.9609,29.6875
716,8.4961,29.1992
720,8.6914,28.7109
724,8.3008,28.3203
728,8.3008,29.2969
732,8.5938,28.3203
736,8.1055,28.6133
740,8.5938,29.3945
744,8.4961,29.1992
748,8.1055,29.1016
752,8.4961,29.0039
756,8.5938,29.0039
760,8.6914,29.0039
764,8.7891,28.8086
768,8.2031,28.5156
772,8.5938,29.1016
776,8.9844,29.4922
780,8.5938,29.1016
784,8.5938,29.4922
788,8.4961,29.1992
792,8.3008,28.4180
796,8.3984,28.9063
800,8.3008,29.5898
804,8.9844,29.3945
812,8.4961,28.4180
820,8.1055,29.1992
828,8.2031,29.4922
836,8.8867,29.4922
844,8.2031,29.0039
852,8.2031,29.1016
860,8.4961,29.7852
868,8.3984,29.0039
876,8.5938,29.9805
884,8.4961,29.3945
892,8.2031,30.3711
900,8.5938,29.9805
908,8.6914,31.4453
916,8.4961,30.4688
924,8.6914,31.0547
932,8.2031,29.4922
940,8.2031,29.2969
948,8.4961,29.8828
956,8.3984,29.9805
964,8.1055,29.6875
972,8.5938,30.1758
980,8.5938,31.2500
988,8.3008,29.9805
996,8.3008,29.7852
1004,8.3984,29.6875
1012,8.3984,29.8828
1020,10.1563,30.1758
1028,11.4258,30.9570
1036,11.4258,30.7617
1044,10.9375,30.7617
1052,10.9375,30.8594
1060,11.4258,31.2500
1068,9.9609,30.4688
1076,10.7422,31.4453
1084,10.7422,31.5430
1092,11.3281,32.1289
1100,11.1328,30.6641
1108,10.3516,31.3477
1116,9.9609,31.2500
1124,10.5469,33.3984
1132,10.3516,30.8594
1140,10.8398,30.9570
1148,11.1328,31.1523
1156,10.6445,30.8594
1164,11.5234,32.1289
1172,10.7422,30.8594
1180,10.2539,30.2734
1188,10.5469,31.5430
1196,11.2305,33.0078
1204,10.7422,30.4688
1212,10.9375,31.0547
1220,10.2539,31.1523
1228,10.8398,32.3242
1236,10.1563,32.3242
1244,11.6211,30.4688
1252,11.1328,30.2734
1260,11.3281,31.6406
1268,10.8398,30.7617
1276,10.5469,29.4922
1284,10.5469,31.8359
1292,12.1094,31.3477
1300,11.0352,30.8594
1308,10.4492,31.8359
1316,10.8398,31.2500
1324,11.7188,30.4688
1332,11.2305,31.2500
1340,11.3281,32.0313
1348,10.7422,31.4453
1356,11.0352,31.1523
1364,11.3281,31.2500
1372,10.7422,30.9570
1380,10.5469,31.7383
1388,10.1563,32.3242
1396,14.8438,32.0313
1404,11.1328,31.6406
1412,9.8633,31.7383
1420,11.1328,31.3477
1428,10.0586,30.5664
1436,11.5234,31.2500
1444,10.6445,31.3477
1452,12.5000,32.3242
1460,10.5469,31.4453
1468,11.2305,31.8359
1476,10.6445,31.9336
1484,11.4258,33.1055
1492,10.1563,31.7383
1500,10.7422,31.8359
1508,11.7188,31.6406
1516,10.6445,32.3242
1524,10.6445,32.4219
1532,10.7422,32.6172
1540,11.2305,33.1055
1548,11.0352,32.0313
1556,11.5234,33.7891
1564,11.4258,32.7148
1572,10.1563,32.6172
1580,10.9375,31.9336
1588,11.3281,32.4219
1596,11.2305,31.8359
1604,10.8398,32.3242
1616,11.1328,33.4961
1628,11.2305,32.5195
1640,11.5234,32.3242
1652,11.5234,33.0078
1664,11.7188,32.9102
1676,10.5469,32.1289
1688,11.4258,32.2266
1700,11.8164,32.3242
1712,11.5234,31.9336
1724,11.6211,32.4219
1736,9.9609,32.8125
1748,11.3281,33.0078
1760,11.1328,33.6914
1772,11.0352,32.7148
1784,9.8633,33.1055
1796,10.5469,32.3242
1808,10.9375,32.8125
1820,11.5234,33.3008
1832,10.8398,32.4219
1844,10.8398,33.3984
1856,12.9883,32.3242
1868,10.3516,32.7148
1880,11.1328,33.4961
1892,11.2305,33.1055
1904,10.0586,33.2031
1916,11.2305,32.9102
1928,11.6211,34.3750
1940,10.0586,33.2031
1952,11.7188,33.6914
1964,10.2539,34.1797
1976,11.1328,33.8867
1988,11.3281,33.7891
2000,11.3281,33.9844
2012,9.4727,34.8633
2024,10.7422,33.1055
2036,11.1328,34.6680
2048,11.4258,34.5703
2060,14.2578,34.4727
2072,13.3789,33.6914
2084,13.6719,34.9609
2096,13.9648,34.9609
2108,13.9648,34.3750
2120,13.4766,34.7656
2132,13.8672,33.9844
2144,13.7695,33.9844
2156,13.4766,33.6914
2168,13.4766,33.8867
2180,13.3789,34.6680
2192,13.6719,33.1055
2204,14.0625,33.5938
2216,13.9648,35.0586
2228,13.7695,34.0820
2240,13.9648,35.2539
2252,13.8672,34.1797
2264,14.1602,34.5703
2276,13.8672,34.0820
2288,13.6719,34.4727
2300,14.0625,34.4727
2312,13.6719,36.2305
2324,13.6719,33.8867
2336,13.8672,33.9844
2348,14.1602,34.4727
2360,13.0859,34.8633
2372,17.2852,36.9141
2384,14.9414,33.5938
2396,13.7695,33.7891
2408,13.4766,34.8633
2424,13.4766,35.0586
2440,13.5742,34.2773
2456,14.4531,34.4727
2472,13.4766,48.3398
2488,13.2813,34.9609
2504,13.0859,34.3750
2520,13.9648,34.3750
2536,13.9648,34.3750
2552,13.6719,34.9609
2568,14.2578,33.9844
2584,13.1836,33.8867
2600,13.5742,35.5469
2616,12.9883,34.6680
2632,13.4766,34.8633
2648,14.0625,35.0586
2664,13.8672,36.6211
2680,14.0625,34.5703
2696,14.1602,34.7656
2712,13.3789,36.0352
2728,13.5742,35.4492
2744,13.2813,34.9609
2760,14.1602,34.2773
2776,13.5742,35.4492
2792,13.6719,34.7656
2808,13.6719,33.7891
2824,14.1602,35.5469
2840,14.0625,35.5469
2856,13.8672,34.3750
2872,14.4531,35.6445
2888,13.9648,35.3516
2904,13.5742,35.2539
2920,13.9648,35.1563
2936,13.2813,35.3516
2952,13.6719,35.5469
2968,13.9648,35.4492
2984,14.1602,35.3516
3000,13.6719,35.5469
3016,13.7695,35.8398
3032,13.8672,35.3516
3048,13.5742,34.7656
3064,13.7695,35.8398
3080,13.3789,34.6680
3096,13.4766,35.3516
3112,13.6719,35.2539
3128,13.5742,35.7422
3144,12.9883,35.1563
3160,13.9648,35.1563
3176,13.7695,35.6445
3192,14.1602,35.2539
3208,13.9648,36.2305
3228,13.4766,35.8398
3248,13.3789,35.3516
3268,15.7227,36.0352
3288,13.9648,36.0352
3308,13.8672,35.7422
3328,13.2813,35.1563
3348,13.5742,36.0352
3368,13.5742,35.6445
3388,14.0625,36.4258
3408,13.1836,36.4258
3428,13.9648,35.6445
3448,14.0625,36.6211
3468,13.1836,36.8164
3488,13.4766,35.8398
3508,13.6719,38.4766
3528,13.3789,36.3281
3548,13.8672,36.6211
3568,13.3789,36.2305
3588,13.4766,35.7422
3608,14.0625,36.5234
3628,13.6719,36.1328
3648,13.9648,36.3281
3668,14.1602,36.0352
3688,13.2813,36.9141
3708,13.4766,36.5234
3728,13.5742,35.8398
3748,13.3789,38.7695
3768,13.7695,37.2070
3788,13.5742,37.0117
3808,13.7695,36.7188
3828,13.5742,36.7188
3848,13.9648,36.7188
3868,13.5742,36.0352
3888,14.7461,36.9141
3908,13.3789,36.5234
3928,13.1836,37.1094
3948,13.1836,37.0117
3968,14.0625,37.4023
3988,12.9883,39.0625
4008,13.4766,37.4023
4032,13.7695,36.0352
4056,13.7695,38.0859
4080,13.9648,37.0117
4104,16.6992,38.1836
4128,16.8945,38.6719
4152,16.4063,37.7930
4176,16.4063,37.4023
4200,16.6016,36.8164
4224,16.7969,36.8164
4248,16.7969,37.5000
4272,18.9453,37.5000
4296,17.1875,37.8906
4320,16.5039,38.3789
4344,17.0898,37.0117
4368,16.6992,37.0117
4392,16.2109,36.0352
4416,16.9922,37.3047
4440,16.5039,37.2070
4464,16.5039,37.1094
4488,16.6992,37.5977
4512,16.0156,37.0117
4536,16.8945,38.3789
4560,15.8203,37.0117
4584,17.3828,38.4766
4608,16.7969,37.7930
4632,16.9922,38.7695
4656,16.0156,36.9141
4680,16.6992,37.8906
4704,17.2852,37.9883
4728,16.7969,38.0859
4752,16.4063,37.2070
4776,16.7969,38.7695
4800,17.3828,37.2070
4824,16.7969,38.1836
4852,16.6992,38.0859
4880,16.4063,38.1836
4908,16.3086,37.5000
4936,16.5039,37.7930
4964,16.6016,38.0859
4992,16.1133,36.7188
5020,17.2852,38.4766
5048,16.3086,37.4023
5076,16.5039,38.0859
5104,16.1133,37.5000
5132,17.2852,39.4531
5160,16.5039,37.6953
5188,16.7969,37.7930
5216,16.3086,37.8906
5244,16.0156,37.2070
5272,16.9922,38.3789
5300,16.6992,37.8906
5328,15.8203,37.2070
5356,15.4297,37.3047
5384,16.2109,38.0859
5412,17.0898,38.0859
5440,16.0156,37.7930
5468,15.3320,38.0859
5496,17.1875,38.9648
5524,16.4063,38.4766
5552,16.9922,38.7695
5580,16.5039,37.9883
5608,17.2852,38.5742
5640,16.6016,37.9883
5672,16.5039,36.9141
5704,16.1133,38.1836
5736,16.5039,38.0859
5768,17.1875,38.4766
5800,17.1875,40.3320
5832,16.5039,38.2813
5864,15.2344,37.5000
5896,18.2617,39.4531
5928,16.8945,39.4531
5960,16.8945,38.9648
5992,16.9922,39.3555
6024,17.1875,38.0859
6056,16.6992,37.1094
6088,15.6250,39.1602
6120,16.5039,38.0859
6152,16.6016,39.1602
6184,16.9922,39.2578
6216,16.9922,38.7695
6248,16.4063,38.0859
6280,16.7969,39.3555
6312,16.0156,38.5742
6344,16.1133,38.2813
6376,16.4063,40.0391
6408,16.7969,38.7695
6444,16.6992,38.8672
6480,17.4805,39.3555
6516,16.5039,39.0625
6552,18.0664,39.1602
6588,16.9922,37.9883
6624,16.4063,38.8672
6660,16.8945,38.9648
6696,16.5039,38.1836
6732,16.2109,38.6719
6768,15.8203,38.8672
6804,17.1875,39.6484
6840,16.1133,39.6484
6876,15.8203,39.2578
6912,16.2109,38.3789
6948,18.3594,45.5078
6984,16.1133,38.3789
7020,16.4063,38.6719
7056,16.4063,39.9414
7092,16.5039,39.0625
7128,16.5039,39.5508
7164,16.5039,39.8438
7200,16.9922,39.4531
7236,16.4063,38.1836
7276,16.9922,39.7461
7316,16.7969,39.2578
7356,15.7227,41.3086
7396,15.3320,40.1367
7436,16.6016,39.4531
7476,15.4297,39.7461
7516,16.3086,38.6719
7556,16.7969,39.3555
7596,15.6250,39.3555
7636,17.0898,40.1367
7676,16.8945,40.4297
7716,16.6016,40.3320
7756,15.9180,39.2578
7796,17.4805,41.7969
7836,16.8945,40.6250
7876,16.6992,40.3320
7916,16.5039,39.7461
7956,16.6992,40.3320
7996,15.9180,40.2344
8036,17.0898,40.9180
8080,16.6016,39.2578
8124,16.6016,41.0156
8168,15.9180,39.6484
8212,19.6289,41.3086
8256,20.0195,42.5781
8300,19.6289,40.6250
8344,19.9219,40.4297
8388,19.0430,40.5273
8432,19.5313,40.0391
8476,19.3359,41.0156
8520,19.4336,40.9180
8564,18.7500,40.1367
8608,20.1172,40.8203
8652,19.9219,40.0391
8696,19.7266,39.6484
8740,21.4844,41.2109
8784,19.4336,40.2344
8828,20.6055,40.9180
8876,19.8242,40.2344
8924,19.6289,40.1367
8972,19.6289,39.7461
9020,19.5313,40.0391
9068,19.6289,40.0391
9116,19.4336,40.2344
9164,19.5313,40.0391
9212,18.6523,41.6992
9260,19.1406,41.6016
9308,19.2383,41.0156
9356,19.7266,40.2344
9404,19.2383,40.0391
9452,19.7266,40.9180
9500,18.7500,39.8438
9548,20.0195,41.1133
9596,19.0430,40.7227
9644,20.1172,40.9180
9696,19.0430,41.5039
9748,19.3359,41.5039
9800,20.3125,40.2344
9852,18.9453,39.8438
9904,19.7266,41.6016
9956,19.5313,40.4297
10008,18.9453,39.4531
10060,18.8477,39.5508
10112,19.5313,40.0391
10164,19.4336,40.9180
10216,18.9453,41.7969
10268,19.0430,41.0156
10320,21.1914,41.3086
10372,19.4336,41.2109
10424,19.5313,41.2109
10480,19.2383,40.6250
10536,19.1406,40.6250
10592,18.7500,41.0156
10648,19.6289,41.0156
10704,18.7500,41.2109
10760,19.5313,41.3086
10816,19.4336,40.7227
10872,19.2383,42.6758
10928,19.5313,40.8203
10984,19.1406,40.7227
11040,19.3359,42.2852
11096,19.2383,40.6250
11152,20.1172,41.1133
11208,19.7266,40.7227
11268,19.0430,40.4297
11328,19.6289,41.3086
11388,19.4336,41.6016
11448,20.0195,41.2109
11508,20.5078,40.7227
11568,18.4570,39.9414
11628,19.2383,40.9180
11688,19.6289,41.8945
11748,19.3359,41.8945
11808,19.5313,41.5039
11868,19.4336,42.6758
11928,19.5313,41.1133
11988,19.4336,41.7969
12048,18.9453,40.8203
12112,19.0430,40.9180
12176,19.6289,41.9922
12240,19.3359,42.4805
12304,19.1406,41.4063
12368,19.8242,41.1133
12432,19.8242,41.6992
12496,20.1172,42.1875
12560,19.2383,41.9922
12624,19.2383,40.6250
12688,20.2148,42.2852
12752,19.3359,41.8945
12816,19.4336,43.5547
12884,19.9219,43.0664
12952,19.0430,41.6016
13020,19.2383,42.0898
13088,20.2148,43.2617
13156,20.3125,41.6016
13224,19.5313,41.8945
13292,19.7266,41.5039
13360,19.8242,43.0664
13428,19.9219,42.2852
13496,19.7266,45.0195
13564,19.8242,42.6758
13632,19.3359,41.3086
13704,19.7266,41.7969
13776,18.2617,41.9922
13848,19.6289,41.8945
13920,19.6289,42.5781
13992,19.6289,42.0898
14064,19.8242,41.4063
14136,19.2383,42.5781
14208,19.5313,42.2852
14280,21.0938,42.3828
14352,19.7266,42.2852
14424,19.3359,43.0664
14500,19.9219,42.2852
14576,19.7266,41.9922
14652,19.0430,42.1875
14728,18.9453,42.6758
14804,19.2383,41.5039
14880,18.8477,41.9922
14956,18.9453,42.4805
15032,19.5313,46.3867
15108,19.5313,41.7969
15184,19.6289,41.5039
15260,19.3359,43.3594
15340,19.3359,41.7969
15420,20.0195,42.6758
15500,19.3359,43.5547
15580,19.6289,43.4570
15660,19.4336,42.6758
15740,19.7266,43.3594
15820,19.2383,42.8711
15900,19.1406,43.0664
15980,19.3359,42.7734
16060,19.5313,43.2617
16144,19.4336,43.5547
16228,19.8242,42.9688
16312,19.9219,43.4570
16396,22.8516,43.3594
16480,22.4609,43.2617
16564,22.8516,43.7500
16648,22.8516,43.9453
16732,33.1055,44.4336
16816,22.3633,43.3594
16904,22.2656,43.6523
16992,22.6563,41.6016
17080,23.4375,43.8477
17168,22.3633,42.2852
17256,23.2422,44.2383
17344,22.8516,43.1641
17432,22.9492,42.5781
17520,22.6563,44.8242
17608,23.0469,43.4570
17700,22.7539,44.1406
17792,22.4609,43.0664
17884,22.4609,43.2617
17976,22.4609,43.8477
18068,22.0703,43.3594
18160,21.4844,42.8711
18252,22.9492,43.6523
18344,23.1445,43.8477
18436,22.6563,49.5117
18532,21.9727,43.3594
18628,21.6797,42.5781
18724,22.9492,43.7500
18820,22.3633,43.7500
18916,22.5586,43.0664
19012,23.6328,44.4336
19108,22.5586,44.4336
19204,22.1680,43.4570
19304,22.7539,43.5547
19404,21.9727,46.0938
19504,21.8750,43.1641
19604,21.7773,42.7734
19704,22.2656,44.1406
19804,22.4609,43.3594
19904,22.8516,43.6523
20004,23.0469,43.5547
20108,23.0469,44.7266
20212,22.6563,43.5547
20316,22.6563,43.6523
20420,22.7539,46.5820
20524,22.4609,43.0664
20628,22.8516,44.0430
20732,21.7773,42.5781
20836,23.5352,44.7266
20944,22.1680,44.1406
21052,22.7539,44.8242
21160,22.7539,43.4570
21268,21.7773,43.8477
21376,22.7539,43.0664
21484,23.6328,44.8242
21592,21.8750,43.0664
21700,21.9727,44.1406
21812,22.5586,44.0430
21924,22.3633,44.3359
22036,23.7305,43.9453
22148,22.6563,44.5313
22260,22.4609,44.5313
22372,22.0703,44.7266
22484,21.6797,43.7500
22600,23.5352,43.6523
22716,23.1445,44.5313
22832,22.5586,43.8477
22948,22.3633,44.0430
23064,22.9492,43.2617
23180,21.6797,43.4570
23296,22.0703,44.3359
23416,22.5586,44.3359
23536,22.0703,44.0430
23656,22.3633,45.8984
23776,22.7539,44.6289
23896,22.6563,43.5547
24016,22.0703,45.0195
24140,23.5352,44.6289
24264,22.1680,44.8242
24388,22.1680,43.6523
24512,23.1445,45.6055
24636,22.3633,44.6289
24760,22.6563,45.1172
24884,21.3867,47.6563
25012,22.1680,45.1172
25140,22.2656,44.5313
25268,22.3633,45.8984
25396,22.8516,45.5078
25524,22.0703,45.0195
25652,22.1680,43.9453
25784,21.7773,45.4102
25916,22.3633,44.6289
26048,24.5117,48.2422
26180,24.9023,45.1172
26312,22.4609,45.8984
26444,22.7539,44.5313
26580,21.8750,44.8242
26716,22.6563,47.3633
26852,22.2656,44.7266
26988,23.5352,47.5586
27124,22.6563,48.1445
27260,22.8516,45.4102
27400,22.4609,46.9727
27540,22.8516,44.2383
27680,22.6563,46.1914
27820,23.0469,45.3125
27960,22.7539,45.0195
28100,22.5586,45.8008
28244,22.1680,45.3125
28388,22.1680,45.3125
28532,23.5352,47.1680
28676,22.7539,46.1914
28820,25.3906,44.8242
28968,23.5352,45.9961
29116,22.4609,45.7031
29264,22.5586,46.1914
29412,23.0469,45.4102
29560,22.4609,44.6289
29708,22.3633,45.4102
29860,22.4609,45.7031
30012,22.6563,45.2148
30164,22.6563,46.6797
30316,22.5586,45.6055
30468,21.9727,45.1172
30624,22.0703,45.4102
30780,22.8516,46.0938
30936,22.1680,45.4102
31092,23.0469,46.6797
31248,22.4609,45.3125
31408,22.7539,45.4102
31568,22.4609,45.2148
31728,23.4375,50.7813
31888,22.2656,45.7031
32048,22.9492,46.2891
32212,22.4609,45.2148
32376,22.3633,45.9961
32540,22.2656,46.7773
32704,22.7539,46.3867
32868,27.5391,48.0469
33036,25.9766,46.2891
33204,24.6094,45.8008
33372,26.0742,46.6797
33540,25.5859,45.5078
33708,25.6836,46.5820
33880,26.0742,46.4844
34052,25.7813,47.2656
34224,26.1719,47.3633
34396,25.4883,46.7773
34568,25.3906,45.7031
34744,25.6836,46.3867
34920,28.3203,46.3867
35096,25.8789,46.9727
35272,25.7813,46.5820
35452,25.9766,46.1914
35632,26.1719,46.4844
35812,25.8789,46.8750
35992,25.6836,46.0938
36172,25.2930,46.8750
36356,29.6875,47.9492
36540,26.0742,62.6953
36724,26.4648,46.7773
36908,25.5859,46.5820
37096,26.2695,47.1680
37284,25.8789,46.6797
37472,26.7578,47.6563
37660,26.0742,46.9727
37852,26.2695,47.4609
38044,25.4883,45.3125
38236,24.8047,47.9492
38428,25.2930,47.5586
38624,26.5625,47.9492
38820,25.8789,46.8750
39016,26.1719,47.5586
39212,26.4648,48.1445
39412,25.4883,48.5352
39612,25.3906,48.6328
39812,25.3906,46.9727
40012,25.3906,48.6328
40216,25.7813,47.2656
40420,25.7813,47.4609
40624,24.6094,45.5078
40828,25.0977,46.6797
41036,25.6836,47.5586
41244,25.4883,47.8516
41452,25.8789,47.8516
41660,25.9766,48.4375
41872,25.5859,49.0234
42084,24.9023,47.3633
42296,24.8047,47.9492
42508,26.1719,48.7305
42724,26.3672,47.4609
42940,25.6836,47.4609
43156,25.8789,46.6797
43372,25.1953,47.8516
43592,25.4883,47.2656
43812,25.8789,47.9492
44032,26.0742,49.1211
44256,24.8047,47.8516
44480,25.8789,48.0469
44704,26.4648,48.5352
44928,25.6836,47.4609
45156,26.1719,48.8281
45384,26.5625,48.6328
45612,25.9766,49.1211
45844,26.0742,47.3633
46076,25.8789,46.5820
46308,26.0742,48.0469
46540,25.5859,48.2422
46776,25.8789,47.5586
47012,25.5859,48.0469
47248,25.9766,49.6094
47488,26.1719,49.3164
47728,25.5859,48.8281
47968,25.3906,48.8281
48208,25.5859,50.0000
48452,25.0977,47.6563
48696,25.9766,48.5352
48940,26.2695,48.9258
49188,25.6836,47.8516
49436,26.3672,48.0469
49684,26.1719,48.7305
49936,30.7617,50.0000
50188,25.5859,48.9258
50440,24.9023,47.9492
50696,26.2695,49.6094
50952,25.3906,47.6563
51208,25.6836,48.8281
51468,25.9766,48.5352
51728,25.6836,48.5352
51988,25.9766,49.5117
52248,26.4648,49.1211
52512,26.2695,48.9258
52776,25.4883,48.9258
53040,26.5625,50.0000
53308,26.9531,50.1953
53576,26.1719,49.4141
53844,25.8789,48.4375
54116,25.0000,49.3164
54388,25.5859,49.4141
54660,25.9766,50.5859
54936,25.5859,49.8047
55212,26.3672,49.0234
55492,26.1719,49.9023
55772,25.6836,48.9258
56052,26.2695,50.2930
56336,26.2695,50.1953
56620,26.1719,49.6094
56904,25.6836,48.9258
57192,26.3672,49.0234
57480,26.2695,52.5391
57768,25.5859,49.5117
58060,25.6836,49.4141
58352,26.1719,49.1211
58644,25.6836,50.3906
58940,26.1719,50.3906
59236,25.3906,49.5117
59536,25.4883,49.5117
59836,26.4648,50.4883
60136,25.9766,52.9297
60440,26.3672,49.8047
60744,26.0742,50.0977
61048,26.6602,50.6836
61356,25.9766,50.0977
61664,27.3438,51.7578
61976,25.7813,51.2695
62288,24.8047,48.3398
62600,25.2930,49.9023
62916,31.0547,50.6836
63232,25.5859,49.9023
63552,25.9766,49.9023
63872,26.5625,51.3672
64192,26.4648,50.4883
64516,25.5859,49.1211
64840,25.6836,50.2930
65168,25.3906,49.4141
65496,28.5156,51.4648
65824,31.3477,51.5625
66156,29.5898,51.1719
66488,29.5898,50.7813
66824,28.8086,50.8789
67160,29.5898,52.4414
67496,30.2734,51.7578
67836,33.8867,51.6602
68176,29.1992,51.1719
68520,29.0039,52.5391
68864,30.5664,53.9063
69212,28.5156,50.3906
69560,29.7852,51.8555
69908,29.8828,52.1484
70260,29.3945,51.3672
70612,29.3945,51.8555
70968,29.2969,52.0508
71324,29.0039,54.0039
71684,29.1016,52.3438
72044,28.9063,51.9531
72408,29.4922,52.1484
72772,28.6133,50.8789
73136,29.4922,52.6367
73504,29.6875,51.6602
73872,29.3945,52.1484
74244,29.1992,52.0508
74616,33.2031,53.9063
74992,29.5898,52.4414
75368,29.6875,52.4414
75748,29.0039,52.1484
76128,28.6133,51.3672
76512,29.1992,51.2695
76896,29.6875,51.7578
77284,29.1016,52.5391
77672,29.1992,54.6875
78064,29.1992,52.6367
78456,28.7109,51.7578
78852,28.6133,51.7578
79248,29.2969,52.1484
79648,29.8828,52.5391
80048,28.9063,52.6367
80452,29.1016,52.3438
80856,29.2969,53.5156
81264,28.8086,52.8320
81672,28.8086,51.3672
82084,29.1992,52.4414
82496,28.9063,51.5625
82912,28.8086,52.2461
83328,29.2969,53.5156
83748,29.1992,53.8086
84168,29.3945,52.9297
84592,29.0039,52.9297
85016,29.1016,51.9531
85444,29.7852,53.4180
85872,29.4922,52.1484
86304,29.7852,51.9531
86736,29.1992,54.1016
87172,29.0039,53.4180
87608,29.1992,52.3438
88048,29.1992,54.2969
88492,29.1016,53.5156
88936,29.4922,52.6367
89384,28.6133,51.6602
89832,29.0039,53.0273
90284,29.1992,52.9297
90736,35.1563,53.6133
91192,29.5898,54.1016
91648,29.0039,52.7344
92108,28.6133,53.6133
92572,29.7852,53.4180
93036,28.7109,53.8086
93504,29.2969,54.0039
93972,28.9063,54.1992
94444,29.1016,55.2734
94920,29.7852,53.6133
95396,30.3711,55.1758
95876,28.8086,53.7109
96356,29.9805,53.5156
96840,28.9063,53.9063
97328,28.9063,53.3203
97816,29.1992,54.0039
98308,29.0039,53.1250
98800,28.2227,52.8320
99296,29.1992,53.2227
99796,30.5664,53.3203
100296,28.5156,52.9297
100800,28.7109,53.8086
101304,29.1016,53.7109
101812,28.4180,52.7344
102324,29.6875,54.5898
102836,28.8086,55.1758
103352,30.3711,54.9805
103872,29.3945,55.5664
104392,29.9805,54.7852
104916,30.8594,56.0547
105444,29.5898,54.4922
105972,29.1016,55.0781
106504,29.0039,54.1016
107040,29.6875,54.0039
107576,29.3945,54.2969
108116,28.7109,55.6641
108660,28.7109,53.6133
109204,29.6875,53.6133
109752,28.4180,53.6133
110304,30.2734,54.7852
110856,29.8828,55.1758
111412,28.8086,53.9063
111972,29.8828,56.2500
112532,29.1992,56.5430
113096,29.3945,55.3711
113664,29.5898,55.6641
114236,29.2969,54.4922
114808,29.7852,54.7852
115384,29.5898,55.6641
115964,29.1992,55.1758
116544,30.9570,55.4688
117128,29.3945,58.3008
117716,28.5156,53.9063
118308,28.9063,54.5898
118900,29.1992,54.9805
119496,29.2969,55.0781
120096,29.1016,57.1289
120700,29.3945,54.4922
121304,28.7109,53.9063
121912,30.6641,56.4453
122524,29.9805,58.5938
123140,29.8828,58.7891
123756,29.2969,54.2969
124376,29.2969,54.8828
125000,28.9063,55.4688
125628,28.9063,55.6641
126260,28.8086,55.8594
126892,29.7852,57.4219
127528,29.6875,55.0781
128168,30.3711,55.2734
128812,30.4688,55.9570
129460,30.2734,55.9570
130108,28.7109,55.3711
130760,29.2969,56.1523
131416,34.9609,55.5664
132076,33.8867,57.9102
132740,34.4727,56.6406
133404,34.0820,56.1523
134072,33.2031,56.3477
134744,33.6914,55.1758
135420,33.4961,55.9570
136100,33.1055,55.4688
136784,33.9844,57.1289
137468,34.6680,55.3711
138156,32.8125,55.3711
138848,33.1055,55.4688
139544,33.2031,56.3477
140244,33.2031,56.3477
140948,33.3008,56.3477
141656,33.6914,56.7383
142368,33.5938,57.5195
143080,33.5938,56.0547
143796,33.4961,56.5430
144516,33.3008,55.7617
145240,32.6172,55.8594
145968,33.3984,56.6406
146700,33.9844,56.9336
147436,32.1289,56.0547
148176,33.9844,57.7148
148920,34.6680,58.0078
149668,33.5938,56.1523
150420,33.3984,55.3711
151176,32.8125,56.8359
151932,33.1055,56.0547
152692,32.6172,56.3477
153456,33.3984,56.0547
154224,33.4961,56.0547
154996,33.0078,54.5898
155772,32.4219,55.9570
156552,33.0078,55.5664
157336,39.3555,55.0781
158124,32.9102,55.9570
158916,32.6172,55.8594
159712,33.4961,59.2773
160512,33.1055,57.1289
161316,35.3516,58.6914
162124,34.0820,57.6172
162936,34.1797,56.6406
163752,33.1055,57.4219
164572,33.1055,57.2266
165396,33.1055,56.2500
166224,35.1563,57.7148
167056,33.0078,56.6406
167892,33.1055,56.3477
168732,33.4961,57.5195
169576,33.9844,56.3477
170424,32.8125,57.5195
171280,33.1055,56.7383
172140,32.8125,58.4961
173004,32.1289,55.5664
173872,33.8867,56.8359
174744,35.0586,59.4727
175620,34.1797,59.1797
176500,32.3242,56.2500
177384,33.2031,58.2031
178272,32.2266,56.3477
179164,34.5703,57.3242
180060,32.9102,57.9102
180964,33.2031,55.5664
181872,33.3984,57.4219
182784,33.8867,57.8125
183700,33.3984,57.8125
184620,33.3984,58.2031
185544,33.2031,58.7891
186472,33.6914,57.3242
187408,33.5938,57.1289
188348,34.0820,58.0078
189292,33.3984,57.2266
190240,33.3008,57.8125
191192,33.7891,57.6172
192148,33.3984,57.4219
193112,35.0586,58.4961
194080,33.0078,58.1055
195052,34.2773,58.2031
196028,33.5938,57.8125
197012,32.7148,57.7148
198000,33.9844,59.4727
198992,33.2031,56.8359
199988,34.0820,61.3281
200988,33.6914,58.9844
201996,34.0820,58.2031
203008,33.5938,58.2031
204024,40.8203,59.7656
205048,33.3008,59.0820
206076,32.9102,59.1797
207108,32.0313,58.3984
208144,33.3008,58.6914
209188,33.2031,57.4219
210236,33.6914,58.3008
211288,33.9844,59.3750
212348,33.1055,58.0078
213412,33.2031,58.5938
214480,33.3008,57.9102
215556,33.1055,57.0313
216636,33.9844,58.6914
217720,33.3984,58.5938
218812,33.5938,57.2266
219908,33.7891,58.2031
221008,33.6914,58.8867
222116,33.0078,58.8867
223228,35.2539,57.2266
224348,34.0820,60.0586
225472,33.2031,58.1055
226600,33.7891,59.8633
227736,33.1055,59.6680
228876,33.9844,58.7891
230024,33.4961,59.1797
231176,33.4961,60.9375
232332,33.5938,59.1797
233496,33.8867,59.8633
234664,33.1055,58.8867
235840,33.4961,58.8867
237020,33.3984,58.2031
238208,33.5938,58.6914
239400,33.3008,58.8867
240600,33.3984,59.0820
241804,33.1055,60.0586
243016,35.0586,60.7422
244232,33.7891,58.6914
245456,33.7891,59.9609
246684,34.4727,60.5469
247920,33.3008,59.5703
249160,36.1328,59.8633
250408,33.9844,60.5469
251664,34.9609,60.7422
252924,33.4961,59.6680
254192,34.7656,61.2305
255464,33.8867,60.3516
256744,34.4727,60.3516
258028,32.3242,66.2109
259320,34.2773,59.7656
260620,34.7656,60.6445
261924,39.0625,66.2109
263236,40.0391,61.2305
264556,38.8672,60.2539
265880,38.2813,59.8633
267212,39.8438,58.3008
268552,38.6719,59.9609
269896,38.5742,59.7656
271248,39.0625,61.3281
272608,38.8672,60.7422
273972,38.8672,60.4492
275344,38.4766,59.3750
276724,40.0391,59.7656
278108,38.2813,60.6445
279500,38.1836,59.7656
280900,37.8906,61.7188
282308,38.7695,60.5469
283720,38.3789,62.1094
285140,38.2813,60.4492
286568,39.7461,60.6445
288004,38.0859,61.4258
289448,38.0859,59.8633
290896,38.2813,61.0352
292352,38.9648,62.3047
293816,38.1836,61.9141
295288,37.9883,60.3516
296768,37.6953,60.7422
298252,36.8164,61.3281
299744,39.3555,60.2539
301244,38.6719,60.9375
302752,38.2813,61.0352
304268,38.3789,60.4492
305792,39.2578,64.5508
307324,39.1602,61.8164
308864,38.3789,61.9141
310412,38.0859,61.4258
311968,38.1836,61.5234
313528,37.8906,61.0352
315096,38.3789,61.8164
316672,39.4531,62.1094
318256,38.3789,62.6953
319848,39.0625,61.9141
321448,38.5742,62.5000
323056,38.7695,62.9883
324672,38.3789,62.6953
326296,38.1836,63.0859
327928,41.4063,62.5000
329568,38.3789,61.4258
331216,38.9648,68.5547
332876,39.3555,63.9648
334544,39.6484,67.4805
336220,38.9648,65.4297
337904,38.8672,70.5078
339596,39.2578,63.8672
341296,38.4766,62.3047
343004,39.1602,63.9648
344720,38.5742,63.4766
346444,37.7930,62.4023
348180,38.0859,64.0625
349924,43.3594,64.7461
351676,38.6719,63.6719
353436,38.4766,62.8906
355204,38.1836,64.1602
356984,38.7695,64.2578
358772,39.1602,63.8672
360568,37.5977,62.7930
362372,39.3555,63.9648
364184,39.2578,63.8672
366008,38.7695,64.5508
367840,38.5742,62.9883
369680,39.3555,64.5508
371532,39.2578,62.5977
373392,38.5742,65.8203
375260,39.2578,63.9648
377140,39.1602,63.0859
379028,38.7695,64.1602
380924,38.5742,64.2578
382832,37.8906,62.6953
384748,38.9648,64.4531
386672,38.7695,63.8672
388608,38.4766,64.0625
390552,39.4531,63.4766
392508,39.1602,63.8672
394472,39.5508,63.5742
396448,38.9648,64.8438
398432,38.6719,65.3320
400428,38.6719,64.4531
402432,39.4531,64.1602
404448,38.2813,62.9883
406472,39.8438,63.8672
408508,39.7461,65.2344
410552,39.8438,65.6250
412608,39.9414,64.5508
414672,39.9414,65.4297
416748,42.8711,67.8711
418832,38.9648,64.3555
420928,37.8906,64.0625
423036,39.5508,64.6484
425152,39.3555,67.1875
427280,40.3320,64.9414
429420,40.5273,66.3086
431568,40.5273,65.1367
433728,39.1602,65.0391
435900,39.1602,65.1367
438080,39.1602,67.1875
440272,39.5508,65.5273
442476,39.7461,64.9414
444692,40.1367,64.8438
446916,39.9414,65.4297
449152,39.7461,66.4063
451400,39.7461,66.4063
453660,42.6758,66.4063
455932,40.8203,66.6016
458212,38.6719,65.3320
460504,40.7227,66.6016
462808,40.4297,66.2109
465124,39.5508,65.4297
467452,40.7227,66.1133
469792,40.6250,66.3086
472144,39.7461,64.7461
474508,40.4297,64.1602
476884,40.6250,66.0156
479272,40.0391,66.4063
481672,41.0156,64.5508
484084,40.6250,66.2109
486508,39.8438,66.8945
488944,40.1367,65.5273
491392,39.9414,64.8438
493852,39.5508,66.8945
496324,40.4297,68.6523
498808,41.4063,66.2109
501304,39.4531,65.0391
503812,39.0625,66.1133
506332,41.2109,67.4805
508864,39.5508,67.1875
511412,40.7227,69.2383
513972,40.5273,67.5781
516544,49.6094,68.3594
519128,41.4063,68.2617
521724,41.2109,67.8711
524336,52.9297,72.6563
526960,45.7031,70.4102
529596,46.2891,66.7969
532244,45.6055,65.4297
534908,45.4102,67.5781
537584,46.0938,67.1875
540272,45.4102,66.3086
542976,45.6055,70.8984
545692,45.7031,66.5039
548424,45.5078,66.5039
551168,44.7266,65.7227
553924,44.9219,67.2852
556696,45.3125,67.6758
559480,44.5313,71.2891
562280,46.7773,67.5781
565092,45.0195,67.6758
567920,45.8008,67.2852
570760,45.4102,67.0898
573616,44.2383,65.7227
576488,47.1680,68.3594
579372,45.4102,68.8477
582272,45.5078,67.8711
585184,45.8984,68.1641
588112,46.7773,69.5313
591056,45.4102,67.7734
594012,47.8516,67.9688
596984,46.6797,70.2148
599972,45.4102,69.1406
602972,45.5078,69.4336
605988,45.6055,69.5313
609020,44.6289,68.1641
612068,45.9961,69.0430
615132,45.4102,69.7266
618208,45.7031,68.4570
621300,45.0195,69.7266
624408,45.5078,69.0430
627532,45.5078,70.8008
630672,44.7266,73.9258
633828,45.4102,69.0430
637000,45.4102,68.3594
640188,45.8008,69.9219
643392,46.8750,69.9219
646612,46.2891,70.0195
649848,45.8984,68.5547
653100,45.6055,68.4570
656368,46.3867,69.7266
659652,46.2891,69.9219
662952,45.7031,71.4844
666268,46.5820,69.9219
669600,45.9961,70.4102
672948,45.8984,70.8008
676316,45.9961,70.2148
679700,46.3867,69.8242
683100,44.9219,71.6797
686516,46.5820,70.9961
689952,47.2656,70.2148
693404,46.6797,70.3125
696872,46.3867,71.2891
700360,46.6797,71.0938
703864,51.6602,75.1953
707384,48.0469,73.3398
710924,51.5625,69.7266
714480,46.4844,69.6289
718056,43.5547,68.8477
721648,45.2148,70.7031
725260,45.4102,73.2422
728888,45.4102,70.0195
732536,45.2148,70.4102
736200,44.5313,69.9219
739884,45.0195,71.7773
743584,44.8242,69.2383
747304,44.0430,70.0195
751044,45.4102,72.2656
754800,45.7031,72.2656
758576,45.3125,70.3125
762372,46.7773,70.0195
766184,49.3164,75.0977
770016,44.2383,68.7500
773868,45.4102,72.1680
777740,44.8242,70.4102
781632,44.6289,72.1680
785544,43.9453,69.8242
789472,44.2383,68.9453
793420,43.9453,71.0938
797388,43.9453,70.4102
801376,44.9219,72.4609
805384,47.5586,72.2656
809412,45.2148,72.7539
813460,46.2891,74.3164
817528,45.0195,70.8008
821616,44.1406,71.2891
825728,45.2148,74.0234
829860,46.1914,71.0938
834012,45.0195,70.8984
838184,44.5313,71.8750
842376,44.0430,72.0703
846588,45.6055,72.4609
850824,51.1719,73.6328
855080,45.7031,72.8516
859356,44.8242,72.5586
863656,45.7031,73.6328
867976,45.3125,72.9492
872316,46.2891,77.2461
876680,45.3125,73.0469
881064,46.4844,74.8047
885472,44.9219,73.0469
889900,46.6797,71.9727
894352,46.8750,77.2461
898824,46.1914,73.8281
903320,45.8984,73.1445
907840,45.3125,72.9492
912380,45.9961,74.4141
916944,45.3125,72.5586
921532,49.0234,74.2188
926140,48.8281,73.4375
930772,45.6055,73.7305
935428,47.2656,74.7070
940108,46.0938,73.3398
944812,45.5078,76.4648
949540,44.2383,73.9258
954288,45.6055,74.4141
959060,47.4609,74.6094
963856,46.9727,75.0977
968676,44.9219,75.7813
973520,46.4844,74.5117
978388,46.5820,76.1719
983280,48.0469,76.3672
988200,46.8750,75.3906
993144,46.0938,76.1719
998112,46.4844,74.7070
1003104,47.8516,77.3438
1008120,46.9727,74.7070
1013164,46.3867,76.7578
1018232,46.9727,75.9766
1023324,49.6094,75.4883
1028444,47.5586,76.8555
1033588,47.5586,78.0273
1038756,46.1914,76.3672
1043952,45.6055,74.3164
1049172,56.6406,79.1016
1054420,52.8320,75.8789
1059696,52.7344,76.3672
1064996,52.5391,78.5156
1070324,90.7227,78.9063
1075676,53.9063,78.9063
1081056,52.8320,79.4922
1086464,51.6602,77.4414
1091900,51.9531,90.5273
1097360,62.3047,77.3438
1102848,52.1484,77.7344
1108364,52.3438,77.3438
1113908,51.5625,78.6133
1119480,52.2461,79.1016
1125080,52.3438,77.3438
1130708,52.7344,77.5391
1136364,52.6367,77.0508
1142048,52.8320,78.0273
1147760,54.7852,75.8789
1153500,53.5156,79.4922
1159268,51.3672,79.0039
1165068,52.9297,79.8828
1170896,51.5625,77.3438
1176752,54.4922,76.6602
1182636,53.3203,78.3203
1188552,53.4180,78.4180
1194496,52.7344,77.6367
1200472,52.7344,79.7852
1206476,51.7578,77.0508
1212512,50.3906,76.7578
1218576,50.7813,77.6367
1224672,52.3438,78.1250
1230796,52.3438,80.4688
1236952,53.0273,78.7109
1243140,53.1250,77.9297
1249356,53.4180,78.8086
1255604,53.1250,79.4922
1261884,52.2461,83.1055
1268196,51.8555,77.3438
1274540,53.0273,80.8594
1280916,53.7109,77.5391
1287324,52.7344,79.7852
1293764,55.2734,85.9375
1300236,52.7344,79.8828
1306740,51.9531,78.6133
1313276,53.4180,78.7109
1319844,53.2227,81.8359
1326444,52.9297,79.7852
1333080,52.9297,79.0039
1339748,53.4180,80.1758
1346448,53.9063,80.3711
1353184,52.5391,82.4219
1359952,52.2461,78.3203
1366752,53.6133,78.7109
1373588,53.5156,79.2969
1380456,52.8320,79.1992
1387360,55.1758,79.7852
1394300,53.9063,81.7383
1401272,53.5156,80.6641
1408280,53.7109,79.4922
1415324,54.0039,81.7383
1422404,52.8320,81.1523
1429520,54.4922,82.9102
1436668,54.1016,81.6406
1443852,53.6133,81.2500
1451072,51.9531,81.9336
1458328,54.1016,82.9102
1465620,54.4922,80.6641
1472952,53.1250,82.5195
1480320,55.4688,83.9844
1487724,53.9063,80.2734
1495164,54.4922,83.3984
1502640,53.6133,81.6406
1510156,54.3945,82.0313
1517708,67.1875,85.0586
1525300,55.9570,82.7148
1532928,53.3203,82.2266
1540596,53.9063,81.5430
1548300,53.3203,81.2500
1556044,67.1875,91.4063
1563828,54.5898,82.8125
1571648,55.4688,84.3750
1579508,55.4688,83.6914
1587408,61.7188,83.2031
1595348,54.2969,84.1797
1603328,70.7031,87.4023
1611348,56.9336,84.2773
1619408,55.1758,82.8125
1627508,54.1992,82.9102
1635648,53.3203,83.4961
1643828,55.5664,83.9844
1652048,53.3203,82.1289
1660312,55.8594,85.2539
1668616,54.8828,83.9844
1676960,54.3945,86.2305
1685348,54.4922,83.2031
1693776,54.4922,82.8125
1702248,55.0781,84.7656
1710760,55.4688,84.3750
1719316,53.8086,82.0313
1727916,54.9805,84.1797
1736556,54.7852,83.9844
1745240,54.6875,85.3516
1753968,55.9570,83.1055
1762740,55.6641,85.2539
1771556,54.1016,82.7148
1780416,54.0039,82.2266
1789320,54.1992,87.4023
1798268,55.7617,84.2773
1807260,54.9805,85.8398
1816300,55.3711,86.1328
1825384,54.1992,84.6680
1834512,56.5430,87.3047
1843688,56.6406,86.1328
1852908,55.0781,84.9609
1862176,55.9570,86.3281
1871488,55.7617,85.4492
1880848,54.7852,87.1094
1890256,55.6641,85.5469
1899708,55.7617,84.2773
1909208,58.1055,85.2539
1918756,55.4688,85.2539
1928352,56.1523,86.9141
1937996,55.4688,85.7422
1947688,55.8594,86.6211
1957428,54.7852,85.3516
1967216,57.5195,88.0859
1977056,55.8594,85.9375
1986944,56.2500,90.1367
1996880,55.6641,86.1328
2006868,55.1758,85.8398
2016904,56.1523,86.7188
2026992,56.1523,89.0625
2037128,55.8594,87.9883
2047316,56.0547,85.9375
2057556,56.0547,86.4258
2067844,55.7617,90.7227
2078184,55.2734,87.3047
2088576,56.6406,88.3789
2099020,64.1602,90.7227
2109516,61.6211,90.3320
2120064,61.1328,88.2813
2130668,61.1328,85.8398
2141324,61.1328,86.9141
2152032,63.1836,116.1133
2162796,62.6953,88.8672
2173612,62.8906,90.1367
2184484,63.9648,92.4805
2195408,63.9648,89.4531
2206388,60.4492,87.0117
2217420,62.5000,88.0859
2228508,61.7188,87.6953
2239652,62.2070,88.7695
2250852,62.6953,88.4766
2262108,62.5977,88.2813
2273420,62.1094,87.6953
2284788,62.9883,88.5742
2296212,61.8164,89.6484
2307696,62.1094,153.8086
2319236,62.9883,96.8750
2330836,61.4258,88.5742
2342492,62.4023,89.2578
2354208,61.5234,88.8672
2365980,63.1836,95.8984
2377812,60.2539,87.1094
2389704,62.1094,89.1602
2401656,80.1758,97.5586
2413668,73.2422,94.9219
2425740,68.2617,89.8438
2437872,62.9883,90.4297
2450064,62.5000,88.5742
2462316,60.0586,89.1602
2474628,61.0352,89.1602
2487004,64.2578,91.9922
2499440,63.1836,90.0391
2511940,63.4766,93.0664
2524500,61.6211,89.6484
2537124,62.5977,89.3555
2549812,63.2813,89.7461
2562564,62.5000,91.2109
2575380,63.0859,89.9414
2588260,62.1094,155.8594
2601204,63.7695,91.2109
2614212,62.2070,88.2813
2627284,64.1602,90.3320
2640424,62.5000,88.6719
2653628,63.8672,95.5078
2666900,63.2813,91.1133
2680236,63.9648,92.4805
2693640,62.0117,89.3555
2707112,67.1875,89.7461
2720648,63.7695,90.8203
2734252,61.6211,89.8438
2747924,63.3789,91.4063
2761664,61.3281,89.9414
2775476,61.6211,91.3086
2789356,64.0625,90.5273
2803304,63.8672,93.2617
2817324,61.6211,88.9648
2831412,63.7695,93.7500
2845572,63.7695,92.7734
2859800,65.4297,95.8008
2874100,62.7930,93.3594
2888472,62.5000,91.5039
2902916,63.7695,103.8086
2917432,63.0859,91.2109
2932020,64.2578,97.4609
2946684,62.9883,90.8203
2961420,63.3789,90.7227
2976228,64.8438,92.4805
2991112,63.6719,92.9688
3006068,63.1836,93.5547
3021100,64.1602,92.5781
3036208,64.2578,91.6992
3051392,63.6719,92.2852
3066652,62.9883,91.0156
3081988,62.4023,92.6758
3097400,63.6719,94.9219
3112888,63.6719,93.3594
3128456,64.3555,93.8477
3144100,64.2578,96.1914
3159824,63.4766,92.8711
3175624,63.4766,94.4336
3191504,63.5742,92.5781
3207464,63.1836,93.4570
3223504,64.8438,93.3594
3239624,63.3789,92.6758
3255824,63.5742,92.4805
3272104,62.5977,98.0469
3288468,63.0859,94.0430
3304912,65.2344,103.2227
3321440,72.3633,92.3828
3338048,63.6719,92.5781
3354740,63.4766,94.5313
3371516,65.5273,95.8008
3388376,63.2813,93.5547
3405320,63.8672,92.3828
3422348,63.7695,94.5313
3439460,63.6719,94.0430
3456660,64.2578,96.0938
3473944,63.4766,95.0195
3491316,63.4766,93.0664
3508776,64.2578,94.4336
3526320,65.9180,95.1172
3543952,63.5742,92.4805
3561672,64.4531,94.1406
3579484,63.6719,94.3359
3597384,120.9961,102.8320
3615372,83.7891,99.6094
3633452,72.0703,96.0938
3651620,66.9922,100.2930
3669880,70.1172,98.7305
3688232,64.5508,96.4844
3706676,65.2344,95.8008
3725212,64.4531,95.4102
3743840,64.5508,93.0664
3762560,65.7227,97.0703
3781376,65.1367,95.7031
3800284,70.2148,95.3125
3819288,63.6719,94.4336
3838388,64.3555,93.4570
3857580,65.8203,96.6797
3876868,65.3320,95.8008
3896256,63.8672,95.2148
3915740,64.1602,97.9492
3935320,64.5508,96.5820
3955000,65.2344,97.7539
3974776,64.0625,99.2188
3994652,66.1133,98.0469
4014628,66.4063,97.3633
4034704,64.0625,94.3359
4054880,63.4766,96.4844
4075156,70.8984,103.9063
4095532,65.3320,96.2891
4116012,65.7227,96.6797
4136596,65.1367,97.9492
4157280,64.8438,98.1445
4178068,65.7227,96.8750
4198960,74.4141,100.1953
4219956,71.9727,98.9258
4241056,72.6563,99.6094
4262264,71.7773,96.8750
4283576,70.7031,96.9727
4304996,72.8516,99.1211
4326524,70.8984,95.7031
4348160,70.4102,95.7031
4369904,72.2656,98.3398
4391756,71.1914,97.3633
4413716,69.7266,97.2656
4435788,72.7539,98.8281
4457968,72.7539,98.4375
4480260,71.5820,98.2422
4502664,72.7539,101.2695
4525180,71.5820,99.5117
4547808,71.5820,100.0000
4570548,70.7031,98.7305
4593404,70.7031,99.3164
4616372,71.8750,100.0000
4639456,73.1445,99.8047
4662656,71.6797,99.2188
4685972,72.3633,104.3945
4709404,71.4844,97.9492
4732952,70.9961,96.1914
4756620,71.2891,97.6563
4780404,72.2656,100.4883
4804308,70.4102,97.3633
4828332,75.2930,101.6602
4852476,71.2891,97.2656
4876740,72.8516,101.5625
4901124,71.7773,98.8281
4925632,70.0195,98.0469
4950264,72.4609,99.5117
4975016,72.5586,100.8789
4999892,71.5820,98.4375
5024892,71.3867,100.8789
5050020,72.3633,99.0234
5075272,70.9961,97.9492
5100652,74.1211,101.9531
5126156,72.2656,99.7070
5151788,73.4375,102.5391
5177548,74.4141,99.4141
5203436,70.8008,97.3633
5229456,73.7305,102.9297
5255604,71.2891,99.3164
5281884,72.5586,100.0977
5308296,73.4375,105.0781
5334840,71.3867,99.1211
5361516,70.2148,98.3398
5388324,73.6328,101.7578
5415268,76.0742,103.1250
5442348,72.3633,102.5391
5469560,71.4844,100.7813
5496908,73.9258,102.1484
5524396,75.6836,102.3438
5552020,72.0703,101.1719
5579784,72.2656,102.9297
5607684,72.9492,103.9063
5635724,72.0703,100.7813
5663904,73.8281,103.9063
5692224,74.3164,103.7109
5720688,72.6563,102.2461
5749292,75.7813,104.5898
5778040,73.4375,103.0273
5806932,73.1445,115.0391
5835968,71.0938,101.3672
5865148,72.5586,101.5625
5894476,73.2422,100.9766
5923952,71.6797,101.7578
5953572,73.5352,104.5898
5983340,72.1680,99.5117
6013260,71.4844,103.6133
6043328,75.2930,104.7852
6073548,73.0469,102.3438
6103916,71.0938,102.0508
6134436,73.5352,104.4922
6165112,73.0469,104.1016
6195940,72.3633,102.0508
6226920,72.6563,101.5625
6258056,71.9727,103.1250
6289348,73.7305,102.4414
6320796,72.7539,103.1250
6352400,73.8281,102.7344
6384164,73.0469,101.9531
6416088,74.1211,105.2734
6448172,83.1055,104.7852
6480416,73.1445,102.6367
6512820,72.4609,101.8555
6545388,71.8750,102.2461
6578116,73.8281,105.9570
6611008,73.3398,104.9805
6644064,74.1211,104.9805
6677288,75.0000,102.6367
6710676,72.8516,104.3945
6744232,73.4375,108.4961
6777956,73.0469,105.1758
6811848,73.7305,104.1992
6845908,74.1211,104.3945
6880140,71.8750,104.7852
6914544,73.6328,104.7852
6949120,73.2422,104.0039
6983868,72.4609,102.2461
7018788,90.9180,104.7852
7053884,74.8047,106.1523
7089156,75.6836,104.9805
7124604,74.1211,105.6641
7160228,73.7305,103.0273
7196032,72.4609,104.6875
7232016,74.7070,106.8359
7268180,74.0234,102.8320
7304524,71.9727,101.6602
7341048,78.2227,108.0078
7377756,73.1445,105.2734
7414648,74.0234,107.0313
7451724,74.2188,106.3477
7488984,71.8750,104.1016
7526432,72.8516,102.5391
7564068,73.0469,105.6641
7601892,109.9609,107.4219
7639904,75.6836,108.2031
7678104,103.5156,106.4453
7716496,75.5859,108.0078
7755080,74.4141,103.3203
7793856,73.7305,105.5664
7832828,74.3164,108.5938
7871996,74.2188,106.6406
7911356,73.8281,106.7383
7950916,74.6094,108.2031
7990672,75.2930,105.3711
8030628,77.2461,106.4453
8070784,75.4883,103.7109
8111140,128.6133,107.7148
8151696,80.8594,108.1055
8192456,77.7344,117.1875
8233420,74.5117,104.7852
8274588,74.7070,109.3750
8315964,75.9766,107.7148
8357544,75.9766,108.8867
8399332,83.3008,109.4727
8441332,78.6133,109.3750
8483540,80.5664,107.1289
8525960,81.2500,110.6445
8568592,83.1055,110.1563
8611436,80.1758,121.3867
8654496,81.5430,109.0820
8697772,81.7383,108.1055
8741264,81.9336,108.3984
8784972,81.0547,108.0078
8828900,82.6172,110.2539
8873048,81.8359,108.5938
8917416,80.7617,107.3242
8962004,81.4453,108.7891
9006816,79.8828,107.9102
9051852,82.9102,108.3984
9097112,81.9336,111.6211
9142600,80.8594,108.2031
9188316,81.9336,105.3711
9234260,80.7617,108.8867
9280432,83.1055,107.0313
9326836,81.4453,108.3984
9373472,88.6719,110.1563
9420340,81.1523,106.5430
9467444,83.9844,108.4961
9514784,80.1758,109.3750
9562360,88.0859,109.4727
9610172,79.2969,107.8125
9658224,86.7188,107.6172
9706516,82.8125,111.1328
9755052,82.1289,109.9609
9803828,81.8359,109.2773
9852848,80.7617,108.4961
9902116,82.0313,112.4023
9951628,82.6172,110.6445
10001388,82.3242,111.2305
10051396,81.3477,109.5703
10101656,81.1523,111.3281
10152168,82.3242,109.2773
10202932,81.4453,112.8906
10253948,83.3008,111.8164
10305220,81.7383,109.8633
10356748,82.2266,110.8398
10408532,81.6406,111.6211
10460576,79.9805,109.0820
10512880,82.0313,109.8633
10565448,81.0547,116.3086
10618276,85.2539,110.0586
10671368,82.9102,108.5938
10724728,82.9102,110.6445
10778352,80.6641,109.5703
10832244,82.5195,111.9141
10886408,81.9336,114.0625
10940844,79.9805,109.0820
10995552,82.7148,113.8672
11050532,81.9336,111.5234
11105788,82.5195,109.1797
11161320,83.3984,114.3555
11217128,99.2188,123.5352
11273216,91.3086,121.5820
11329584,87.1094,114.4531
11386232,95.8984,112.3047
11443164,80.7617,111.1328
11500380,82.0313,111.0352
11557884,82.9102,114.1602
11615676,84.1797,113.4766
11673756,83.0078,112.7930
11732128,80.3711,111.1328
11790792,82.6172,111.9141
11849748,83.1055,116.9922
11909000,80.9570,113.2813
11968548,82.8125,110.0586
12028392,83.5938,113.4766
12088536,84.0820,110.0586
12148980,102.8320,116.9922
12209728,90.2344,118.0664
12270780,89.3555,114.0625
12332136,86.6211,115.4297
12393800,85.1563,113.9648
12455772,84.1797,113.0859
12518052,81.8359,112.4023
12580644,85.4492,118.3594
12643548,82.9102,113.5742
12706768,83.1055,113.8672
12770304,81.8359,110.5469
12834156,82.1289,114.7461
12898328,82.1289,115.0391
12962820,83.0078,114.5508
13027636,81.8359,112.8906
13092776,86.4258,115.5273
13158240,82.1289,114.6484
13224032,82.8125,110.4492
13290156,82.9102,113.3789
13356608,84.5703,112.1094
13423392,83.9844,113.6719
13490512,81.6406,115.0391
13557968,82.9102,113.3789
13625760,84.0820,114.3555
13693892,82.3242,114.4531
13762364,84.2773,118.5547
13831176,92.2852,115.3320
13900332,84.0820,113.8672
13969836,81.7383,114.4531
14039688,81.7383,114.9414
14109888,84.1797,116.9922
14180440,83.0078,115.5273
14251344,83.2031,112.8906
14322604,83.1055,117.3828
14394220,83.0078,114.1602
14466192,81.3477,112.4023
14538524,83.3984,115.7227
14611220,84.2773,116.5039
14684280,84.9609,115.7227
14757704,84.6680,117.2852
14831496,83.8867,115.1367
14905656,82.9102,113.0859
14980188,85.3516,116.1133
15055092,83.8867,116.1133
15130368,84.5703,116.9922
15206020,84.6680,118.3594
15282052,84.6680,117.6758
15358464,82.5195,116.2109
15435260,83.3008,115.7227
15512440,82.8125,115.4297
15590004,84.5703,116.6016
15667956,82.4219,116.3086
15746296,84.0820,115.9180
15825028,84.7656,116.0156
15904156,83.2031,113.6719
15983680,83.3008,121.3867
16063600,84.4727,117.3828
16143920,85.3516,119.2383
16224640,84.4727,114.7461
16305764,82.4219,114.9414
16387296,83.9844,117.2852
16469236,85.1563,118.8477
16551584,84.2773,120.6055
16634344,82.6172,114.6484
16717516,86.0352,120.1172
16801104,92.3828,121.6797
16885112,90.4297,118.7500
16969540,103.6133,117.4805
17054388,93.5547,119.3359
17139660,90.3320,117.9688
17225360,89.7461,118.6523
17311488,92.1875,120.5078
17398048,88.4766,117.1875
17485040,87.6953,119.4336
17572468,92.3828,120.9961
17660332,90.5273,118.0664
17748636,90.9180,123.1445
17837380,91.7969,121.2891
17926568,91.9922,122.3633
18016204,90.5273,120.0195
18106288,91.2109,120.1172
18196820,92.2852,119.7266
18287808,135.3516,135.2539
18379248,113.1836,127.8320
18471148,100.4883,118.3594
18563504,90.0391,116.4063
18656324,92.1875,120.3125
18749608,92.3828,119.8242
18843360,99.0234,122.2656
18937580,91.8945,118.6523
19032268,92.4805,121.5820
19127432,90.8203,134.1797
19223072,91.7969,119.5313
19319188,95.1172,122.9492
19415784,90.8203,120.9961
19512864,91.5039,121.8750
19610432,91.9922,131.4453
19708488,90.3320,123.1445
19807032,92.3828,121.0938
19906068,91.9922,120.5078
20005600,95.8984,122.5586
20105628,90.4297,118.5547
20206160,90.5273,120.9961
20307192,91.7969,120.8984
20408728,93.6523,121.8750
20510772,93.0664,121.7773
20613328,90.6250,120.7031
20716396,93.7500,121.4844
20819980,93.0664,121.7773
20924080,91.8945,123.3398
21028704,91.1133,118.4570
21133848,91.9922,120.3125
21239520,92.0898,121.1914
21345720,95.4102,122.5586
21452452,93.3594,121.6797
21559716,91.7969,120.3125
21667516,91.6016,121.7773
21775856,94.6289,122.9492
21884736,90.8203,120.8008
21994160,90.6250,122.0703
22104132,93.6523,126.5625
22214656,96.7773,122.3633
22325732,92.9688,123.7305
22437364,93.8477,123.3398
22549552,92.4805,122.7539
22662300,92.5781,120.9961
22775612,90.0391,121.0938
22889492,92.0898,137.3047
23003940,94.9219,121.6797
23118960,94.4336,125.9766
23234556,91.0156,122.2656
23350732,92.1875,138.6719
23467488,92.6758,126.6602
23584828,90.8203,125.4883
23702756,91.6016,131.7383
23821272,93.6523,123.2422
23940380,92.9688,123.0469
24060084,92.1875,121.8750
24180388,93.9453,121.7773
24301292,90.7227,122.4609
24422800,94.8242,123.8281
24544916,97.9492,123.2422
24667644,94.5313,123.2422
24790984,97.3633,122.1680
24914940,95.8008,126.1719
25039516,94.7266,143.4570
25164716,98.6328,128.2227
25290540,102.0508,131.3477
25416996,105.2734,130.2734
25544084,100.3906,123.6328
25671808,96.5820,126.7578
25800168,97.2656,132.3242
25929172,108.7891,128.4180
26058820,101.8555,129.9805
26189116,101.3672,128.7109
26320064,106.4453,129.5898
26451668,97.7539,123.6328
26583928,104.1016,129.0039
26716848,101.0742,128.3203
26850436,98.3398,127.7344
26984692,95.9961,125.6836
27119616,94.5313,129.9805
27255216,109.6680,130.1758
27391496,170.8984,143.6523
27528456,131.2500,144.0430
27666100,110.3516,126.6602
27804432,99.4141,127.0508
27943456,95.8008,137.7930
28083176,114.3555,131.2500
28223592,108.1055,131.4453
28364712,103.6133,129.5898
28506536,101.3672,141.2109
28649072,125.0000,139.6484
28792320,112.9883,135.4492
28936284,110.2539,132.0313
29080968,133.1055,141.2109
29226376,115.2344,134.6680
29372508,104.6875,134.7656
29519372,109.6680,136.5234
29666972,118.3594,138.3789
29815308,118.9453,179.1016
29964388,115.6250,137.8906
30114212,107.6172,135.1563
30264784,129.2969,150.2930
30416108,125.1953,145.6055
30568192,122.6563,145.6055
30721036,145.7031,154.1016
30874644,123.3398,141.8945
31029020,120.2148,148.7305
31184168,119.8242,154.2969
31340092,127.3438,148.7305
31496796,124.7070,145.6055
31654280,116.3086,149.7070
31812552,123.8281,143.7500
31971616,120.5078,144.0430
32131476,118.5547,155.8594
32292136,134.1797,150.8789
32453600,122.7539,146.0938
32615868,116.8945,148.1445
32778948,142.0898,151.7578
32942844,131.8359,146.8750
33107560,124.1211,148.4375
33273100,138.4766,229.1016
33439468,136.7188,149.3164
33606668,134.2773,168.8477
33774704,140.4297,155.5664
33943580,135.0586,165.4297
34113300,132.8125,156.2500
34283868,135.1563,153.8086
34455288,143.8477,159.6680
34627568,147.9492,155.7617
34800708,141.8945,155.8594
34974712,139.4531,158.9844
35149588,147.2656,161.4258
35325336,141.0156,160.6445
35501964,183.2031,178.2227
35679476,149.0234,158.8867
35857876,146.5820,182.0313
36037168,157.2266,165.2344
36217356,145.8008,162.1094
36398444,154.2969,203.3203
36580440,154.1992,167.3828
36763344,150.5859,180.7617
36947164,165.2344,169.1406
37131900,152.9297,198.1445
37317560,174.6094,172.8516
37504148,159.0820,196.9727
37691672,162.9883,206.3477
37880132,153.3203,170.2148
38069536,161.6211,172.4609
38259884,156.5430,165.8203
38451184,207.4219,184.9609
38643440,178.1250,182.3242
38836660,171.4844,179.2969
39030844,171.0938,178.9063
39226000,188.1836,183.3008
39422132,170.2148,181.8359
39619244,178.6133,176.3672
39817344,164.6484,174.4141
40016432,168.9453,179.1016
40216516,169.1406,173.5352
40417600,173.6328,186.9141
40619688,165.7227,180.9570
40822788,177.0508,181.5430
41026904,224.1211,216.2109
41232040,214.4531,205.8594
41438204,195.2148,208.7891
41645396,190.7227,195.8008
41853624,192.3828,188.9648
42062896,180.7617,194.8242
42273212,184.0820,207.1289
42484580,183.8867,233.9844
42697004,187.0117,189.8438
42910492,182.8125,200.2930
43125048,183.5938,211.5234
43340676,192.0898,196.4844
43557380,180.8594,194.0430
43775168,190.5273,196.3867
43994044,184.3750,221.3867
44214016,186.6211,193.5547
44435088,214.4531,202.2461
44657264,195.4102,265.7227
44880552,234.7656,212.5000
45104956,186.1328,203.6133
45330484,183.3984,193.6523
45557140,194.4336,199.1211
45784928,185.3516,230.8594
46013856,192.6758,202.4414
46243928,201.4648,204.2969
46475148,196.1914,216.1133
46707524,195.8984,201.5625
46941064,198.7305,215.1367
47175772,191.5039,243.5547
47411652,209.3750,202.2461
47648712,232.1289,207.5195
47886956,201.6602,229.5898
48126392,207.4219,231.9336
48367024,232.6172,232.5195
48608860,252.4414,230.6641
48851908,210.0586,226.6602
49096168,208.3984,210.8398
49341652,216.1133,216.3086
49588364,231.1523,222.7539
49836308,208.3008,223.4375
50085492,216.6016,216.5039
50335920,220.5078,225.0977
50587600,283.6914,222.3633
50840540,206.5430,255.0781
51094744,221.9727,245.2148
51350220,253.8086,216.1133
51606972,218.0664,238.0859
51865008,234.5703,220.3125
52124336,220.2148,245.2148
52384960,221.8750,283.0078
52646888,227.8320,225.3906
52910124,227.7344,229.3945
53174676,227.2461,223.7305
53440552,223.8281,231.2500
53707756,224.1211,245.2148
53976296,227.4414,245.5078
54246180,226.7578,223.4375
54517412,227.0508,231.3477
54790000,234.9609,239.3555
55063952,263.6719,257.4219
55339272,290.3320,249.1211
55615972,266.4063,253.6133
55894052,271.5820,248.8281
56173524,260.4492,250.0977
56454392,252.9297,240.6250
56736664,264.5508,250.3906
57020348,252.8320,240.2344
57305452,284.9609,246.9727
57591980,245.5078,260.3516
57879940,243.9453,236.5234
58169340,271.3867,245.6055
58460188,265.5273,241.8945
58752492,255.6641,251.5625
59046256,237.8906,241.1133
59341488,262.6953,255.0781
59638196,259.2773,245.8008
59936388,281.4453,289.4531
60236072,272.2656,281.8359
60537256,260.9375,269.2383
60839944,255.3711,247.9492
61144144,242.2852,249.3164
61449868,287.8906,271.1914
61757120,292.6758,287.4023
62065908,266.7969,255.7617
62376240,288.7695,289.1602
62688124,262.3047,279.0039
63001568,266.1133,279.8828
63316576,364.1602,262.4023
63633160,293.6523,248.1445
63951328,270.0195,255.8594
64271088,285.8398,351.3672
64592444,285.8398,270.6055
64915408,268.3594,269.7266
65239988,319.0430,263.1836
65566188,274.2188,262.9883
65894020,264.5508,254.2969
66223492,256.4453,313.9648
66554612,283.3008,329.7852
66887388,262.5000,278.1250
