4,1.1133,1.3374
8,1.8491,5.5127
12,2.3491,7.3765
16,2.5415,8.7017
20,2.9707,10.0918
24,2.9131,12.5679
28,2.9097,13.6514
32,2.9048,14.1108
36,3.4868,15.4292
40,3.4883,15.6250
44,3.4878,16.9150
48,3.4966,17.4014
52,3.4883,18.2788
56,3.5259,18.5278
60,3.5083,19.3662
64,3.4888,19.6763
68,3.9629,19.4507
72,3.9927,19.6958
76,3.9927,19.9404
80,3.9990,19.7275
84,3.9941,19.5420
88,3.9966,19.3403
92,3.9888,19.2534
96,3.9570,19.0547
100,3.9839,17.4863
104,3.9888,17.6377
108,3.9731,17.6104
112,3.9995,17.9775
116,3.9761,18.0591
120,3.9829,18.8687
124,3.9897,18.8149
128,3.9863,19.1929
132,4.6318,18.4365
136,4.6299,19.2754
140,4.6401,18.9619
144,4.6201,19.1953
148,4.6162,18.8960
152,4.5967,19.0767
156,4.5957,18.9629
160,4.5928,19.8149
164,4.6392,19.1387
168,4.6323,20.0518
172,4.6274,19.1377
176,4.6504,19.8301
180,4.6235,19.0894
184,4.6279,19.2236
188,4.6387,18.6328
192,4.6450,19.3486
196,4.6353,19.5234
200,4.6421,36.2534
204,4.5430,18.5879
208,4.5972,18.4014
212,4.5869,17.7700
216,4.5718,27.3535
220,4.5181,17.3232
224,4.5752,18.8071
228,4.5767,18.3892
232,4.5757,18.7046
236,4.5806,18.3945
240,4.5532,19.6987
244,4.5688,19.4946
248,4.5688,19.3511
252,4.5610,19.2446
256,4.5864,19.9141
260,5.1646,19.4819
264,5.1724,19.3579
268,5.1597,19.6133
272,5.1528,19.7324
276,5.1631,19.3433
280,5.1582,29.2749
284,5.3423,21.3398
288,5.3242,21.3384
292,5.3364,20.7339
296,5.3438,19.1616
300,5.3291,18.3896
304,5.3213,18.4614
308,5.3198,18.1885
312,13.3706,18.3193
316,5.3384,18.0508
320,5.3247,18.5723
324,5.3198,18.4561
328,5.3291,18.4927
332,5.3257,18.2837
336,5.3301,18.8872
340,5.3340,18.4155
344,5.3320,18.5459
348,5.3301,18.4741
352,5.4004,18.6489
356,5.3481,18.0415
360,5.3467,28.8228
364,13.2949,25.5098
368,5.3359,32.6221
372,23.6572,63.7856
376,5.3569,25.9150
380,5.3506,18.5991
384,5.3384,17.9780
388,5.3496,17.6191
392,5.3462,17.9590
396,5.3247,26.6748
400,5.3330,20.0005
404,5.3340,19.8018
408,5.3745,51.7876
412,5.3364,18.9409
416,5.3335,19.4321
420,5.3311,18.8984
424,5.3384,18.7383
428,5.3208,27.0869
432,5.3408,20.1899
436,5.3257,19.3257
440,5.3320,18.7202
444,5.3384,18.4395
448,5.3228,18.9028
452,5.3286,18.8594
456,5.3291,19.2417
460,5.3374,18.6235
464,5.3340,19.0176
468,5.3276,18.8340
472,5.3354,18.6211
476,5.3418,18.4683
480,5.3359,19.8560
484,5.3408,19.6992
488,5.3418,19.6826
492,5.3374,45.4839
496,5.3252,19.5718
500,5.3354,20.0098
504,5.3276,45.4209
508,5.3335,19.7002
512,5.3384,29.7271
516,6.1001,20.3594
520,6.0981,34.5791
524,6.0420,19.5308
528,13.0103,21.5566
532,6.0986,19.9326
536,6.0894,26.1401
540,6.0928,19.5503
544,6.0815,26.9106
548,6.0762,21.4414
552,6.0498,21.0166
556,6.0708,20.6675
560,6.0815,20.7979
564,6.0981,20.5278
568,6.0723,20.1357
572,6.1865,20.0586
576,6.0967,19.6270
580,6.0742,19.8223
584,6.0786,19.1694
588,6.0796,19.4526
592,6.0884,19.5474
596,6.0806,18.8120
600,6.0776,19.3604
604,6.0884,18.7949
608,6.0850,18.7910
612,6.0840,18.9619
616,6.0781,18.6772
620,6.0630,18.7295
624,6.0708,19.1094
628,6.0854,18.6221
632,6.0864,18.5054
636,6.0850,18.5200
640,6.0693,19.0381
644,6.0703,18.7930
648,6.0913,18.7217
652,6.0913,18.6245
656,6.0737,18.7397
660,6.0752,18.6470
664,6.0679,47.1284
668,6.0659,18.7358
672,6.0801,18.5479
676,6.0757,25.0303
680,48.5967,20.6401
684,6.0942,19.8271
688,13.0591,19.6504
692,6.1035,19.5342
696,6.0869,19.2749
700,6.1152,18.8867
704,6.0869,18.9966
708,6.0977,18.3687
712,6.0771,18.1958
716,6.0728,18.1987
720,6.0874,18.2954
724,6.0728,18.2817
728,6.0908,18.4863
732,6.0806,22.0029
736,6.0811,18.2217
740,6.0630,18.1758
744,6.0869,18.2871
748,6.0698,18.3652
752,6.1040,18.0591
756,6.1050,18.3018
760,6.1147,18.0054
764,6.0957,17.9165
768,6.1123,19.0952
772,6.0806,18.6362
776,6.0786,18.3345
780,6.0757,18.4043
784,6.0894,18.1274
788,6.0815,18.1118
792,6.0757,18.5259
796,6.0938,18.0981
800,6.1812,18.7739
804,6.0791,18.3667
808,6.1216,18.6880
812,6.1040,18.3638
816,6.0938,18.4463
820,6.1050,18.3184
824,6.0771,18.6470
828,6.1118,18.3501
832,6.1338,19.4409
836,6.1978,19.5161
840,6.4497,19.6626
844,6.1074,19.2910
848,6.1143,19.2773
852,6.1040,19.3325
856,6.0801,19.1685
860,6.0825,28.2842
864,6.3726,19.6187
868,6.1362,19.2056
872,6.0728,19.2852
876,6.0840,19.1357
880,6.0820,19.4268
884,6.0962,19.5142
888,6.1118,19.4395
892,6.1021,18.9546
896,6.0874,20.3770
900,6.0991,19.9341
904,6.1309,20.0415
908,6.1016,20.0220
912,6.0825,19.7466
916,6.0698,20.0527
920,6.1108,20.1841
924,6.1431,20.4761
928,6.0801,19.8867
932,6.1079,19.8730
936,6.0898,19.2954
940,6.1191,19.0693
944,6.1089,18.8779
948,6.1162,24.2021
952,6.0884,18.9717
956,6.0835,19.1401
960,6.0986,20.4019
964,6.1108,20.0840
968,6.0791,20.2334
972,6.1035,19.9341
976,6.1162,19.8979
980,8.3115,20.1934
984,6.0977,23.8232
988,6.0918,19.8267
992,6.1021,20.0425
996,6.0933,19.6172
1000,6.0737,19.9014
1004,6.0840,19.8374
1008,6.0908,26.0493
1012,6.1079,20.4800
1016,6.1099,19.8228
1020,6.0957,19.7603
1024,6.2930,20.2515
1028,6.9312,19.9126
1032,6.8926,20.2070
1036,6.9209,20.0396
1040,6.9287,19.6919
1044,6.9443,19.7417
1048,6.9326,19.7388
1052,6.9375,19.6133
1056,6.9189,19.8887
1060,6.9438,19.7798
1064,6.9561,19.6792
1068,6.9614,24.3696
1072,6.9502,19.5127
1076,6.9307,19.8945
1080,6.9526,19.5103
1084,6.9067,19.5308
1088,6.9004,19.5874
1092,6.9492,19.3921
1096,7.0015,19.4072
1100,6.9487,19.4531
1104,6.9297,19.5332
1108,6.9346,19.1284
1112,6.9214,19.4146
1116,6.9116,19.4644
1120,6.9351,19.4175
1124,6.9331,19.3457
1128,6.9287,24.8276
1132,6.9424,19.6714
1136,6.9258,19.6216
1140,6.9087,19.6431
1144,6.9326,19.5249
1148,6.9468,19.2271
1152,6.9312,19.3115
1156,6.9355,18.9668
1160,6.9497,19.1484
1164,6.9546,19.0083
1168,7.0137,19.1543
1172,6.9312,19.1777
1176,6.9614,19.2505
1180,6.9292,19.3130
1184,6.9033,19.1733
1188,6.9395,19.0688
1192,6.9302,18.9248
1196,6.9404,18.8574
1200,6.9517,19.1230
1204,6.9678,19.3330
1212,6.9194,19.2725
1220,6.9639,19.1055
1228,6.9326,18.8887
1236,6.9316,27.5371
1244,6.9766,18.7393
1252,6.9653,19.0615
1260,6.9390,19.4458
1268,6.9502,19.3813
1276,6.9302,19.7969
1284,6.9272,19.0317
1292,6.9282,18.9507
1300,6.9272,19.1548
1308,6.9556,18.7236
1316,6.9341,19.0215
1324,6.9521,18.7383
1332,6.9678,19.2393
1340,6.9243,18.9053
1348,6.9517,19.1313
1356,6.9561,24.8276
1364,6.9346,19.2368
1372,6.9590,18.7051
1380,6.9565,18.6123
1388,6.9302,18.6440
1396,6.9277,18.9541
1404,6.9331,18.7339
1412,6.9448,19.1294
1420,6.9395,18.8506
1428,6.9385,19.0239
1436,6.9219,18.8716
1444,6.9067,18.9209
1452,6.9512,19.3003
1460,6.9263,53.7065
1468,6.9189,36.6631
1476,6.9419,20.7578
1484,6.9375,19.2988
1492,6.9521,18.8022
1500,6.9312,18.2461
1508,6.9268,18.2573
1516,6.9268,18.5552
1524,6.9155,18.4189
1532,6.9780,18.4980
1540,6.9131,19.3193
1548,6.9712,18.7349
1556,6.9419,19.0732
1564,6.9341,19.2998
1572,6.9307,19.1611
1580,6.9336,18.9263
1588,25.6973,21.4443
1596,6.6152,20.9658
1604,6.6230,20.5625
1612,6.6499,20.2773
1620,6.6265,19.2085
1628,6.6514,19.3306
1636,6.6294,19.2437
1644,6.6030,18.7314
1652,6.7021,18.6904
1660,6.6260,18.6909
1668,6.6118,19.8813
1676,6.6328,19.9282
1684,6.6436,19.2813
1692,6.6250,19.9185
1700,6.6206,19.4502
1708,6.6479,19.3364
1716,6.6294,33.7764
1724,6.9277,19.7832
1732,6.8979,19.7808
1740,6.9551,20.2549
1748,6.8843,19.5581
1756,6.9390,19.7690
1764,6.9014,19.8306
1772,6.9302,31.1064
1780,11.2666,27.8423
1788,18.1367,21.2671
1796,6.9634,40.2612
1804,6.9473,20.4263
1812,13.1133,22.9346
1820,6.9414,20.9668
1828,6.9160,33.3809
1836,6.9390,23.1279
1844,6.9385,83.2686
1852,17.9868,20.3267
1860,6.9468,20.0493
1868,6.9390,19.6812
1876,6.9497,24.9229
1884,70.7881,22.1099
1892,6.9644,26.0854
1900,6.9365,19.6958
1908,6.9561,19.8174
1916,6.9443,19.3564
1924,6.9331,46.3184
1932,6.9629,20.7158
1940,6.9375,20.8726
1948,6.9170,20.8188
1956,6.9414,20.7700
1964,6.9976,20.6240
1972,6.9546,20.7109
1980,6.9263,38.2422
1988,6.9434,22.4697
1996,6.9531,20.6421
2004,6.9365,20.5620
2012,6.9268,36.4575
2020,11.7534,20.6680
2028,6.9346,20.8774
2036,6.9565,34.0166
2044,6.9492,20.4370
2052,7.7070,21.0430
2060,7.7378,23.3721
2068,7.7354,20.6421
2076,7.7729,20.6309
2084,7.7935,20.4331
2092,7.7495,20.1499
2100,7.7705,20.0601
2108,7.7363,20.2397
2116,7.7358,20.3130
2124,7.7622,20.5991
2132,7.7437,20.2964
2140,7.7700,20.3882
2148,7.7793,20.1226
2156,7.7622,20.0601
2164,7.7417,20.0439
2172,7.7402,20.3745
2180,7.7480,19.9185
2188,7.7534,19.9609
2196,7.7549,19.6978
2204,7.7471,19.5962
2212,7.7319,19.7759
2220,7.7266,19.5513
2228,7.7554,19.8682
2236,7.7686,20.1543
2244,7.7739,20.0112
2252,7.7837,19.9785
2260,7.7471,20.3364
2268,7.7534,19.6978
2276,7.7622,19.9429
2284,7.7227,19.6450
2292,7.7437,19.6401
2300,7.7378,20.4780
2308,7.7729,19.9775
2316,46.2456,40.3179
2324,7.7378,20.7769
2332,25.7339,29.0894
2340,7.7627,22.2437
2348,7.7642,21.9116
2356,7.7559,20.0986
2364,7.7275,19.8657
2372,7.7544,19.9453
2380,7.7520,19.6226
2388,7.7422,19.5645
2396,7.7476,19.6655
2404,7.7378,19.4717
2416,7.7744,19.5454
2428,7.7656,19.4697
2440,7.7656,19.9712
2452,7.7285,19.4351
2464,7.7456,20.3145
2476,7.7373,19.8472
2488,7.7407,19.7803
2500,7.7534,19.5322
2512,7.8062,19.6230
2524,7.7412,19.9927
2536,7.7441,19.6445
2548,7.7280,19.5273
2560,7.7471,20.0200
2572,7.7373,19.8037
2584,7.7563,19.5522
2596,7.7627,19.6177
2608,7.7324,19.7622
2620,7.7378,19.7510
2632,7.7319,19.7046
2644,7.7334,19.7095
2656,7.7524,25.5527
2668,7.7441,19.7871
2680,7.7524,19.8721
2692,7.7437,19.9429
2704,7.7593,19.9360
2716,7.7554,19.8584
2728,7.7471,19.8901
2740,7.7593,19.7549
2752,7.7251,19.8550
2764,8.0596,19.7090
2776,7.8013,19.5728
2788,7.7305,19.5093
2800,7.7896,19.9634
2812,7.7793,23.6260
2824,7.7012,28.6836
2836,7.7437,19.9028
2848,7.7432,19.6406
2860,7.7666,19.5259
2872,7.7358,19.5801
2884,7.7764,19.6914
2896,7.7412,19.7744
2908,7.7588,20.0493
2920,7.7285,19.6196
2932,7.7627,19.7144
2944,7.7378,19.7324
2956,7.7471,19.7021
2968,7.7285,19.7798
2980,7.7500,19.5986
2992,7.7617,19.7656
3004,7.7295,19.9424
3016,7.7383,19.8564
3028,7.7456,20.1030
3040,7.7651,19.5415
3052,7.7495,19.4834
3064,7.7515,19.3911
3076,7.7241,19.9321
3088,16.6318,20.3491
3100,7.7573,20.3555
3112,7.7300,19.8594
3124,7.7476,19.7886
3136,7.7563,19.8271
3148,7.7539,20.1680
3160,7.7524,19.9565
3172,7.7227,20.1396
3184,7.7515,19.8389
3196,7.7749,19.9873
3208,7.7856,20.5586
3220,7.7441,20.2705
3232,7.7363,20.1094
3244,7.7539,33.8687
3256,7.7666,20.4849
3268,7.7813,19.9399
3280,7.7451,19.9370
3292,7.7407,20.4619
3304,7.7529,19.9360
3316,7.7412,19.8999
3328,7.7461,21.0781
3340,7.7349,21.6201
3352,7.7681,21.2954
3364,7.7710,20.7422
3376,7.7549,20.8472
3388,7.7642,21.2822
3400,7.8247,20.7852
3412,7.7773,20.6758
3424,7.7441,20.2671
3436,7.7500,20.8193
3448,7.7676,21.0103
3460,7.7524,20.3408
3472,7.7388,21.2285
3484,7.7656,20.3765
3496,7.7290,29.3438
3508,7.7734,20.6099
3520,7.7671,20.8589
3532,7.7544,20.3369
3544,7.7656,21.1182
3556,7.7485,20.6665
3568,7.7554,20.7651
3580,7.7305,20.6025
3592,7.7529,22.0000
3604,7.7905,21.8750
3620,7.7334,21.3320
3636,7.7485,21.2637
3652,7.7466,21.2935
3668,7.7466,21.3848
3684,7.7515,49.8706
3700,13.6284,22.6982
3716,7.7495,21.1738
3732,7.7446,21.1904
3748,7.7593,22.3179
3764,7.7642,21.6011
3780,7.7842,21.7729
3796,7.7407,21.7837
3812,7.7441,21.8862
3828,7.7646,21.8755
3844,7.7588,22.9194
3860,7.7715,23.0137
3876,7.7310,22.2451
3892,7.7827,38.6235
3908,7.7295,38.7544
3924,11.9204,25.1812
3940,7.7266,21.9629
3956,7.7603,22.5635
3972,7.7378,21.6724
3988,7.7217,22.4028
4004,7.7407,21.9644
4020,7.7612,22.1138
4036,7.7695,21.9253
4052,7.7539,22.1338
4068,7.7495,21.8730
4084,7.7397,21.9556
4100,8.5547,22.2529
4116,8.5376,21.9785
4132,8.5034,21.7769
4148,8.5288,21.9390
4164,8.5078,21.5649
4180,8.5220,21.9409
4196,8.4956,21.8765
4212,8.5078,22.0298
4228,8.5186,21.8325
4244,8.5083,21.8462
4260,8.5073,21.6504
4276,8.5293,21.6553
4292,8.5127,33.3306
4308,15.8271,23.9785
4324,8.5171,22.8750
4340,8.5029,22.5728
4356,8.4883,22.6929
4372,8.5015,22.3867
4388,8.5093,21.4497
4404,8.5132,21.5381
4420,8.4751,21.2466
4436,8.4976,21.2632
4452,8.5078,21.1357
4468,8.4966,21.1602
4484,8.5190,21.2461
4500,8.5537,31.5239
4516,8.5293,23.3335
4532,8.5239,21.2451
4548,8.5176,21.2642
4564,8.5151,21.3208
4580,8.5293,21.2822
4596,8.5317,21.1914
4612,8.5190,21.5249
4628,8.5293,21.1772
4644,8.5229,21.1133
4660,8.5283,21.3823
4676,8.5215,20.9512
4692,8.5034,21.1445
4708,21.4639,22.1948
4724,8.5288,21.4409
4740,8.5151,20.7759
4756,8.5420,21.1006
4772,8.5239,20.5576
4788,8.6885,76.5728
4804,20.6655,39.5015
4824,8.5288,36.8511
4844,14.0181,28.0850
4864,14.0156,32.3320
4884,8.5176,21.1177
4904,8.5239,20.6919
4924,8.5186,21.1104
4944,8.5054,20.6387
4964,8.5190,20.7827
4984,8.5068,20.7192
5004,8.5112,20.7378
5024,8.5283,20.5601
5044,8.5259,20.7275
5064,8.5234,20.7456
5084,8.5220,21.3154
5104,8.5322,20.9531
5124,8.5063,20.7925
5144,8.5181,21.0518
5164,8.4927,20.7974
5184,8.5327,34.6030
5204,8.5381,20.8901
5224,8.5483,20.7188
5244,8.5156,20.4751
5264,8.5229,20.4478
5284,8.5273,20.5503
5304,8.5220,20.4365
5324,8.5259,20.8320
5344,8.5308,20.3647
5364,8.5283,20.4336
5384,8.5234,20.6699
5404,8.5376,20.4902
5424,8.5117,20.2852
5444,8.5337,20.6963
5464,8.5132,20.5313
5484,8.6084,20.6943
5504,8.5186,20.8726
5524,8.5420,20.9258
5544,8.6211,20.4868
5564,8.5391,20.5820
5584,8.5166,20.5254
5604,8.4873,20.3428
5624,8.5049,21.3984
5644,8.5508,20.5615
5664,8.5039,20.2344
5684,8.5117,20.3340
5704,8.5176,20.4111
5724,8.5234,20.3550
5744,8.5112,20.1997
5764,8.4844,20.2158
5784,8.5884,20.4443
5804,8.5190,20.1553
5824,8.5195,20.4712
5844,8.5757,26.1377
5864,8.5073,20.3306
5884,8.5332,20.2529
5904,8.5332,20.2920
5924,8.5234,20.2656
5944,8.5259,20.3105
5964,8.5142,20.1382
5984,8.5093,20.0830
6004,8.5063,20.3955
6028,8.4951,20.3491
6052,8.5200,20.3213
6076,8.5229,20.1611
6100,8.5063,20.0498
6124,8.5132,20.0708
6148,8.5122,20.9038
6172,8.5073,20.8159
6196,8.5557,20.4014
6220,8.5044,57.9629
6244,8.5059,22.6201
6268,8.5132,21.0107
6292,8.4819,21.1528
6316,8.5107,20.9297
6340,8.4937,20.7861
6364,8.4927,20.6514
6388,8.5112,20.6323
6412,8.4951,20.8228
6436,8.4829,21.1055
6460,8.4858,20.7334
6484,8.5264,21.1455
6508,8.5171,20.9912
6532,8.4883,21.1138
6556,8.5293,20.9561
6580,8.4922,21.2559
6604,8.4888,21.1626
6628,8.5386,20.8408
6652,8.4751,20.8525
6676,8.4839,21.9741
6700,8.5107,21.7036
6724,8.5034,21.7715
6748,8.4839,21.4438
6772,8.4937,21.6455
6796,8.4697,21.6846
6820,8.4922,21.8965
6844,8.4985,21.5718
6868,8.4780,28.9307
6892,8.4810,22.1260
6916,8.4907,21.6943
6940,8.5229,21.4722
6964,8.4961,21.5913
6988,8.5024,21.4302
7012,8.5342,21.4546
7036,8.4976,21.7100
7060,8.5024,24.5840
7084,8.4951,21.9937
7108,8.5469,21.6646
7132,8.4868,21.3638
7156,8.4878,21.7437
7180,8.5146,22.7656
7204,8.4819,22.7773
7232,8.5093,22.5630
7260,8.5073,22.4214
7288,8.5327,22.4121
7316,8.4907,22.9771
7344,8.5176,22.5396
7372,8.5059,22.7969
7400,8.4824,22.5249
7428,8.5176,22.2617
7456,8.4741,22.6821
7484,8.5347,22.0273
7512,8.5464,22.6616
7540,8.5181,22.5244
7568,8.4863,22.3926
7596,8.5034,22.5869
7624,8.5288,22.3579
7652,8.4829,22.3286
7680,8.4844,24.0327
7708,8.4810,23.5806
7736,8.5098,23.2129
7764,8.5112,23.3403
7792,8.4951,23.2002
7820,8.4888,23.0576
7848,8.5176,22.9858
7876,8.5146,23.0952
7904,8.5703,23.0059
7932,8.4941,23.6460
7960,8.5332,22.7158
7988,8.4897,22.9219
8016,8.5654,23.1763
8044,8.5127,22.9082
8072,8.5190,22.9658
8100,8.5059,23.1274
8128,8.4937,22.9512
8156,8.5186,22.8257
8184,8.5039,23.0415
8212,9.3662,23.2949
8240,9.4155,23.1987
8268,9.4136,23.0371
8296,9.3594,22.7363
8324,9.3657,22.8320
8352,9.4263,22.6226
8380,9.4102,22.7192
8408,9.3960,22.6826
8440,9.3931,22.6294
8472,9.3857,22.8203
8504,9.3428,22.5737
8536,9.3721,22.5698
8568,9.3765,22.7261
8600,9.3979,22.8770
8632,9.3750,23.2275
8664,9.3921,22.8164
8696,9.3945,22.5903
8728,9.3726,22.7930
8760,9.3198,22.7212
8792,9.3560,22.4390
8824,9.3511,22.3096
8856,9.4097,22.4741
8888,9.3970,22.2676
8920,9.3740,21.9287
8952,9.3672,22.4111
8984,9.4082,22.2861
9016,9.3496,22.3979
9048,9.3574,22.6270
9080,9.4014,22.0615
9112,9.3706,22.0249
9144,9.3481,22.3940
9176,9.3555,22.3789
9208,9.3813,22.4106
9240,9.4019,22.2363
9272,9.4199,22.4805
9304,9.3677,22.3296
9336,9.3433,22.1753
9368,9.3696,22.5117
9400,9.3623,28.7627
9432,9.4033,22.7427
9464,9.3657,22.5513
9496,9.3711,22.1709
9528,9.3643,22.4370
9560,9.3989,22.5635
9592,9.4189,22.3198
9624,9.4180,22.6279
9660,9.4116,22.2012
9696,9.3735,22.2051
9732,9.3809,23.0112
9768,9.3267,22.0806
9804,9.4116,22.2271
9840,9.3789,22.5278
9876,9.3550,22.0728
9912,9.3813,22.2905
9948,9.3403,22.2573
9984,9.3687,22.5356
10020,9.3770,22.2090
10056,9.3594,22.3438
10092,9.3975,22.2710
10128,9.3926,22.6582
10164,9.3804,22.3882
10200,9.4053,22.2725
10236,9.3872,22.1245
10272,9.3716,22.4458
10308,9.4121,22.5112
10344,9.3438,22.5708
10380,9.3804,21.9692
10416,9.3828,27.5029
10452,9.4385,22.4883
10488,9.4502,22.4282
10524,9.9014,23.8589
10560,9.4155,22.6621
10596,9.4492,22.2402
10632,9.4370,21.8413
10668,9.4272,22.3887
10704,9.4502,22.0483
10740,9.4443,21.9751
10776,9.4458,22.6772
10812,9.4209,22.4175
10852,9.4155,22.4390
10892,9.4517,22.3101
10932,9.4688,22.4482
10972,9.4229,21.9429
11012,9.4575,22.1113
11052,9.4580,22.1563
11092,9.4385,22.1763
11132,9.4531,22.0933
11172,9.4180,22.0234
11212,9.4546,22.0259
11252,9.4487,22.2388
11292,9.4570,21.9795
11332,9.4829,21.4839
11372,9.4912,21.3945
11412,9.4575,21.8477
11452,9.4409,21.8501
11492,9.4609,21.2539
11532,9.4419,21.4634
11572,9.4336,21.7339
11612,9.4561,44.9932
11652,9.4224,22.2578
11692,9.4141,22.2910
11732,9.4180,21.7417
11772,9.4326,22.8604
11812,9.3550,21.8516
11852,9.3657,21.9111
11892,9.3818,21.5273
11932,9.3843,21.9023
11972,9.4014,22.3613
12012,9.3838,21.7295
12056,9.3799,21.7832
12100,9.3960,37.3999
12144,9.4473,23.7871
12188,9.4473,22.3154
12232,9.4619,21.5884
12276,9.4268,21.4565
12320,9.4570,22.0718
12364,9.4526,21.9331
12408,9.4214,21.9238
12452,9.4233,21.9907
12496,9.4204,22.1685
12540,9.4556,22.0444
12584,9.4194,22.2715
12628,9.4336,21.5884
12672,9.5337,22.0894
12716,9.4077,21.8286
12760,9.4038,22.0415
12804,9.4043,22.1250
12848,9.3999,22.2817
12892,9.3735,22.1284
12936,9.4033,22.3262
12980,9.4141,22.5474
13024,9.3496,22.2095
13068,9.4155,22.2998
13112,9.4214,22.5879
13156,9.3882,30.2705
13200,9.3818,22.5659
13244,9.3389,21.9976
13292,9.3745,52.9580
13340,9.4414,23.7471
13388,9.4883,23.7847
13436,9.4243,23.2251
13484,21.9092,23.8120
13532,9.4209,22.7368
13580,9.4170,22.6553
13628,9.4141,22.6855
13676,9.3584,22.3071
13724,9.4126,22.3569
13772,9.4146,22.7842
13820,9.4302,22.6875
13868,9.3965,22.5732
13916,9.4136,22.2236
13964,9.4307,22.0996
14012,9.4004,22.4995
14060,9.3823,22.6660
14108,9.4111,22.6450
14156,9.3882,22.5088
14204,9.3501,22.7090
14252,9.4233,22.3086
14300,9.4248,22.3999
14348,9.4297,22.9834
14396,9.4248,22.5615
14444,15.6538,23.1631
14496,9.3711,22.5449
14548,9.4282,22.6099
14600,9.3535,23.1157
14652,9.4307,23.0825
14704,9.3979,23.4185
14756,9.4170,36.0957
14808,10.8408,23.0801
14860,9.4053,22.6343
14912,9.5806,22.8857
14964,9.4487,23.0610
15016,9.5669,23.0225
15068,9.5366,22.4443
15120,9.5288,22.8579
15172,9.4541,22.8965
15224,9.4482,22.6250
15276,9.4561,22.7344
15328,9.4434,23.0869
15380,9.4541,23.9668
15432,9.4897,23.9668
15484,9.4121,23.9897
15536,9.4551,23.6772
15588,9.5000,23.8188
15640,9.5132,23.7202
15696,9.4565,36.9951
15752,9.4741,24.1255
15808,9.7676,24.6577
15864,9.4990,23.8042
15920,9.4194,23.8213
15976,9.4683,23.7637
16032,9.4814,23.5586
16088,9.4043,23.6606
16144,9.7681,23.7939
16200,9.4185,23.5762
16256,9.3994,23.9800
16312,9.4214,24.1021
16368,9.4497,32.0205
16424,10.3916,23.6748
16480,10.4092,23.5439
16536,10.4360,24.0537
16592,10.4639,23.8413
16648,10.4971,23.8477
16704,10.4619,23.5864
16760,10.5488,23.3955
16816,10.4136,23.7930
16876,10.4844,23.6763
16936,10.4717,23.6079
16996,10.4214,24.0381
17056,17.0254,24.0293
17116,10.7310,23.5591
17176,10.4409,23.4268
17236,10.4399,23.2285
17296,10.4824,23.4551
17356,10.4458,23.2549
17416,10.4370,23.5371
17476,10.5117,23.1035
17536,10.4858,23.3638
17596,10.4653,23.0444
17656,10.4888,23.3379
17716,10.4116,23.0483
17776,18.8247,23.7285
17836,10.4761,23.0254
17896,10.4824,23.3599
17956,10.4258,22.8755
18016,10.4785,23.4854
18080,10.4814,23.1162
18144,10.5996,23.8398
18208,10.5356,23.6641
18272,10.4785,22.9224
18336,10.4761,22.8960
18400,10.6064,23.7188
18464,10.5249,23.1782
18528,10.4370,23.0615
18592,10.4985,23.0029
18656,10.5269,22.9072
18720,10.5767,23.1260
18784,10.4790,22.8950
18848,10.4214,22.9619
18912,24.9292,23.1821
18976,10.4937,23.1211
19040,10.4341,23.2651
19104,10.4878,22.8960
19168,10.4961,22.6387
19232,10.4858,22.9092
19300,10.4438,23.0005
19368,10.4814,22.9937
19436,10.4326,22.6377
19504,10.4185,22.7739
19572,10.4258,22.5488
19640,10.4404,22.8223
19708,15.8252,23.0522
19776,10.4263,22.8979
19844,10.4399,37.1509
19912,10.4951,22.9653
19980,10.4277,22.9487
20048,10.4419,22.6802
20116,10.4917,22.8794
20184,10.4282,22.7446
20252,10.3999,23.0679
20320,10.4277,22.7705
20388,10.4907,22.5186
20456,10.4204,31.6680
20528,10.5034,23.3198
20600,10.4790,23.1626
20672,10.4795,23.1123
20744,10.4287,23.1455
20816,10.4092,22.8647
20888,10.4434,54.4780
20960,10.4609,33.8584
21032,16.9956,30.1772
21104,25.5181,24.6943
21176,21.6294,42.4741
21248,10.4429,23.2549
21320,10.5195,23.1118
21392,10.4419,22.6108
21464,10.4316,22.6255
21536,10.4858,22.8115
21608,10.4839,22.9541
21684,10.4795,25.1577
21760,10.4639,23.3569
21836,10.4141,23.4517
21912,10.4219,23.0405
21988,10.4434,22.8740
22064,10.4248,22.8740
22140,10.4375,22.8096
22216,10.4360,22.7515
22292,10.4365,22.8115
22368,10.4126,22.5894
22444,10.4370,22.5845
22520,10.4360,22.5645
22596,10.4092,22.7500
22672,10.3892,22.5420
22748,10.4238,22.2261
22824,10.4370,22.5674
22904,10.4419,22.3286
22984,10.4458,22.3301
23064,10.4263,22.7979
23144,10.4351,22.8418
23224,10.4165,30.6099
23304,10.4395,30.0894
23384,10.4238,23.0605
23464,10.5479,30.2334
23544,10.5078,24.7075
23624,10.4189,23.9360
23704,10.4390,23.0742
23784,10.4795,29.9917
23864,10.4976,22.0513
23944,10.4712,22.6777
24024,10.4849,22.1938
24108,10.4360,22.3550
24192,10.4419,22.2148
24276,10.4214,22.7109
24360,10.4346,22.4639
24444,10.4819,22.4248
24528,10.4839,22.5435
24612,10.4854,22.8276
24696,10.4785,23.1938
24780,10.4941,22.9873
24864,10.4399,22.5728
24948,10.4800,22.4883
25032,10.4365,22.4800
25116,13.1675,22.9150
25200,10.4282,22.4028
25284,10.4136,22.5391
25372,10.5479,22.7505
25460,10.4160,22.6445
25548,10.4043,22.3774
25636,10.3813,22.7568
25724,10.4263,22.6279
25812,10.4409,22.5249
25900,22.4106,39.4897
25988,10.4365,24.7729
26076,29.6519,32.6338
26164,27.5645,36.6763
26252,23.6714,23.3682
26340,10.4810,22.8755
26428,26.3203,30.6973
26520,10.4961,23.6899
26612,10.4746,23.1196
26704,10.8057,24.1226
26796,10.4473,23.5420
26888,10.4839,23.9663
26980,10.4873,23.1606
27072,10.4360,23.3965
27164,10.4390,23.2202
27256,10.4756,23.1304
27348,10.4849,23.4395
27440,10.4824,23.1245
27532,10.4307,43.3872
27624,10.4819,24.3643
27720,10.5386,23.1362
27816,10.3633,23.0181
27912,10.4058,23.3071
28008,10.4253,23.1875
28104,10.4380,23.3716
28200,10.4336,23.0137
28296,10.5054,23.2964
28392,10.4785,22.8359
28488,10.4409,30.9575
28584,15.6880,41.2295
28680,10.5327,80.6558
28776,10.5376,36.7676
28872,10.4556,23.7617
28972,10.5005,23.9375
29072,10.4814,23.4976
29172,10.4819,23.3545
29272,10.4546,23.3452
29372,10.4810,23.7422
29472,10.4678,23.5474
29572,10.3970,23.3687
29672,10.4819,23.3623
29772,10.4829,27.2954
29872,10.5195,23.7104
29972,10.4604,23.7495
30072,10.4717,23.8672
30176,10.4478,23.3540
30280,10.5122,23.3184
30384,10.4985,23.4917
30488,10.4360,23.3599
30592,10.4331,23.3584
30696,10.5688,23.5024
30800,10.4502,25.0654
30904,10.4438,24.6919
31008,10.3862,24.7666
31112,10.4272,24.6235
31216,10.5078,24.9395
31324,10.5132,24.8691
31432,10.4404,25.0464
31540,10.4287,24.9097
31648,10.4429,25.0107
31756,10.4849,25.0464
31864,10.4717,24.9248
31972,10.4839,24.5088
32080,10.4155,24.7256
32188,10.4854,24.1528
32296,10.4897,24.5352
32404,10.4482,24.4961
32516,10.4268,24.5234
32628,10.4419,24.6113
32740,10.4800,24.4404
32852,11.9629,24.6509
32964,11.9531,24.4834
33076,11.9575,24.5283
33188,11.9634,24.4390
33300,11.9546,24.2056
33412,11.9497,24.0786
33524,11.9551,24.2563
33636,11.9536,24.2568
33752,11.9497,23.7080
33868,11.9580,24.2046
33984,11.9531,24.2686
34100,11.9707,23.9609
34216,11.9697,24.3237
34332,11.9570,24.2202
34448,11.9624,24.2119
34564,11.9692,24.3174
34680,11.9688,24.2607
34796,11.9727,24.4995
34912,11.9556,24.4756
35032,11.9849,24.0869
35152,11.9771,24.1797
35272,11.9863,24.1382
35392,11.9688,24.4478
35512,11.9287,24.1172
35632,11.9575,24.4858
35752,11.9658,24.2705
35872,11.9634,24.0303
35992,11.9932,24.0913
36112,11.9551,24.0103
36236,11.9448,24.1504
36360,11.9482,24.1250
36484,11.9614,27.5938
36608,11.9517,23.9165
36732,11.9604,24.1934
36856,11.9570,24.1274
36980,11.9688,23.9150
37104,11.9678,23.8794
37228,11.9727,23.9619
37356,11.9644,23.5981
37484,11.9692,23.7847
37612,11.9634,23.6089
37740,11.9517,23.2939
37868,11.9707,23.6006
37996,11.9619,23.5225
38124,11.9609,23.7725
38252,11.9448,23.9829
38380,11.9580,23.2959
38508,11.9580,23.3770
38640,11.9521,23.0703
38772,11.9546,23.1548
38904,11.9336,23.2842
39036,11.9634,23.4492
39168,11.9658,23.0229
39300,11.9541,23.5737
39432,11.9604,23.4717
39564,11.9985,23.5776
39696,11.9707,23.3481
39832,11.9512,23.3936
39968,11.9658,23.3535
40104,11.9712,23.2959
40240,11.9609,23.2310
40376,11.9517,23.2217
40512,11.9761,23.2529
40648,11.9585,23.3506
40784,11.9712,23.6992
40920,11.9521,23.8999
41060,11.9561,23.6245
41200,11.9766,24.0601
41340,11.9775,23.8242
41480,11.9575,23.8442
41620,11.9644,23.4141
41760,11.9673,23.5093
41900,11.9702,23.7476
42040,11.9644,23.7969
42184,11.9668,23.6489
42328,24.6465,23.5234
42472,11.9741,23.6260
42616,11.9648,23.5601
42760,11.9907,23.2681
42904,11.9629,23.6172
43048,11.9639,23.7954
43192,11.9668,23.5664
43336,11.9556,23.8979
43484,11.9575,23.8491
43632,11.9390,23.5654
43780,11.9541,23.4507
43928,11.9556,23.9736
44076,11.9761,30.5010
44224,11.9609,23.7764
44372,11.9619,23.8804
44520,11.9604,27.5010
44672,11.9648,23.7734
44824,11.9102,23.5830
44976,11.9570,23.6738
45128,11.9648,24.0854
45280,11.9648,23.6563
45432,11.9648,23.4775
45584,11.9570,23.3789
45736,11.9639,23.2114
45892,11.9810,22.9556
46048,11.9805,23.1362
46204,11.9634,23.0903
46360,11.9629,22.9971
46516,11.9561,23.1118
46672,11.9561,22.9033
46828,11.9609,23.1367
46988,11.9746,23.0215
47148,11.9473,23.0562
47308,11.9507,23.1118
47468,11.9717,23.9082
47628,11.9990,23.1006
47788,11.9565,23.2397
47948,11.9673,23.2817
48108,11.9731,22.7109
48272,11.9644,22.6416
48436,11.9683,23.3115
48600,11.9497,74.7974
48764,11.9648,23.7632
48928,11.9639,23.2837
49092,11.9590,23.3145
49256,11.9604,23.4404
49424,11.9673,23.2988
49592,11.9673,22.9932
49760,11.9629,23.4834
49928,11.9673,23.1504
50096,11.9590,23.3242
50264,11.9531,27.9873
50432,11.9507,23.2813
50604,11.9570,23.0776
50776,11.9712,23.1743
50948,11.9736,23.4004
51120,11.9814,23.2202
51292,11.9561,23.6509
51464,11.9575,23.8872
51636,11.9648,23.6357
51812,11.9697,23.5229
51988,11.9653,23.7153
52164,11.9580,28.1553
52340,11.9492,23.9033
52516,11.9658,23.6636
52692,11.9751,23.6963
52868,11.9614,23.7295
53048,11.9702,23.9736
53228,11.9854,23.7334
53408,11.9634,24.2266
53588,11.9688,24.2827
53768,11.9644,24.2705
53948,11.9678,24.5518
54128,11.9502,23.9883
54312,16.7256,24.2041
54496,11.9502,24.4077
54680,11.9688,24.5620
54864,11.9619,24.2881
55048,11.9854,24.2104
55232,11.9336,23.9697
55420,11.9648,24.2300
55608,11.9697,24.1724
55796,11.9585,24.9287
55984,11.9492,24.5781
56172,11.9575,24.3848
56360,11.9565,31.1685
56548,11.9912,24.3438
56740,11.9741,24.4722
56932,11.9575,24.3071
57124,11.9912,24.1392
57316,11.9570,29.1899
57508,11.9731,25.2915
57700,12.3267,25.1724
57896,11.9746,25.3848
58092,12.0010,24.4263
58288,11.9629,24.5005
58484,11.9570,24.7266
58680,11.9634,24.4883
58876,11.9697,24.8438
59076,11.9702,24.6865
59276,11.9604,24.5542
59476,11.9634,50.0244
59676,11.9683,25.3076
59876,11.9600,24.6318
60076,11.9692,24.5234
60280,11.9722,24.5073
60484,11.9780,24.6401
60688,11.9658,24.5581
60892,11.9727,24.0957
61096,11.9546,24.4312
61300,11.9644,24.3750
61508,25.6836,26.5308
61716,11.9712,25.7710
61924,11.9619,25.7007
62132,11.9604,25.6919
62340,11.9634,25.7246
62548,11.9585,25.8242
62760,11.9697,25.9165
62972,11.9517,25.9448
63184,11.9824,25.7192
63396,11.9717,25.4766
63608,11.9692,25.8047
63824,11.9624,25.5444
64040,11.9463,25.5449
64256,11.9688,25.7690
64472,11.9604,25.6240
64688,11.9688,25.9053
64904,11.9536,25.5488
65124,11.9575,25.6426
65344,11.9302,25.7222
65564,12.9463,25.3862
65784,12.9775,25.0195
66004,19.9634,25.5771
66228,12.9404,31.1118
66452,12.9438,25.3706
66676,12.9390,25.1089
66900,12.9688,25.0029
67124,12.9658,25.1772
67348,12.9697,30.5093
67576,12.9761,24.8159
67804,12.9551,25.0171
68032,12.9766,24.9966
68260,12.9380,24.6670
68488,12.9531,24.5591
68720,12.9614,24.5049
68952,12.9805,24.5342
69184,12.9644,24.6177
69416,12.9824,24.6753
69648,12.9727,24.0903
69884,12.9727,29.8462
70120,12.9463,24.1265
70356,12.9814,24.0791
70592,12.9551,24.1157
70828,12.9712,24.5435
71068,12.9556,24.2466
71308,12.9512,24.0391
71548,12.9351,24.3755
71788,12.9390,24.4551
72028,12.9761,24.1587
72272,12.9727,24.3452
72516,17.0625,24.6851
72760,12.9746,24.5605
73004,13.0063,24.1768
73248,12.9722,24.7573
73496,12.9697,24.5386
73744,12.9443,24.4170
73992,12.9712,24.2163
74240,12.9790,24.2197
74488,12.9438,24.6440
74740,12.9482,24.3262
74992,12.9556,43.3691
75244,12.9673,24.1006
75496,12.9463,24.0327
75748,12.9668,24.3398
76004,12.9775,24.2554
76260,12.9766,23.8135
76516,12.9731,24.7134
76772,12.9561,24.3931
77028,12.9614,23.9380
77288,12.9492,24.4233
77548,12.9727,23.9980
77808,18.5254,24.8145
78068,12.9663,24.1465
78332,12.9697,24.2441
78596,13.0249,24.0747
78860,12.9697,24.0708
79124,12.9487,24.0728
79388,12.9482,23.8833
79656,12.9497,23.9546
79924,12.9702,24.0464
80192,12.9565,24.2754
80460,15.0396,24.3350
80732,12.9761,24.0352
81004,12.9775,24.0918
81276,12.9795,24.2417
81548,12.9746,23.9668
81820,12.9751,24.3101
82096,12.9819,24.5430
82372,12.9746,24.2886
82648,12.9722,24.1431
82924,12.9844,24.3418
83204,12.9683,24.2773
83484,12.9819,24.6167
83764,12.9800,24.4121
84044,12.9849,23.7739
84328,12.9395,24.3057
84612,12.9683,24.3335
84896,12.9736,24.1982
85180,35.2729,24.4185
85464,12.9805,24.1411
85752,12.9756,24.1929
86040,12.9604,24.4409
86328,12.9478,24.3359
86616,12.9380,24.2373
86908,12.9590,24.4307
87200,12.9536,24.5742
87492,13.0771,24.3594
87784,22.6255,24.6177
88080,18.6714,24.9946
88376,12.9722,24.8091
88672,12.9932,23.9546
88968,12.9629,24.1172
89268,12.9775,24.4175
89568,12.9883,24.0913
89868,12.9717,24.0820
90168,12.9858,24.3496
90472,12.9829,24.4429
90776,12.9521,24.2363
91080,12.9536,28.5039
91384,12.9531,24.3896
91692,12.9570,23.9683
92000,12.9531,23.5386
92308,12.9761,23.5400
92616,12.9736,23.3354
92928,12.9517,23.4810
93240,12.9800,23.4546
93552,12.9849,23.4399
93864,12.9854,23.6782
94180,12.9536,23.6919
94496,12.9761,28.2803
94812,12.9819,23.9722
95132,12.9561,23.5547
95452,12.9502,23.6367
95772,12.9775,23.5293
96092,12.9824,23.5278
96416,13.0005,23.4644
96740,12.9639,23.3579
97064,12.9380,23.4683
97388,12.9692,23.5190
97716,35.2402,34.5479
98044,24.4277,24.2676
98372,12.9731,24.1519
98700,12.9780,23.6055
99032,12.9824,24.5649
99364,12.9790,24.0942
99696,12.9766,24.0571
100032,12.9590,24.1563
100368,12.9580,23.9756
100704,12.9785,24.0762
101040,12.9800,23.9282
101380,20.6553,24.4448
101720,12.9556,24.0815
102060,12.9688,24.0596
102404,12.9751,24.5327
102748,12.9609,23.9268
103092,12.9810,31.6646
103436,12.9458,23.8389
103784,19.1885,26.6416
104132,12.9780,24.2031
104480,18.4346,25.8901
104832,12.9775,25.6396
105184,12.9785,104.1201
105536,12.9668,24.5220
105888,12.9590,32.9360
106244,12.9619,24.3740
106600,12.9888,88.8965
106956,30.4707,47.3345
107316,12.9600,38.4087
107676,23.5259,26.7866
108036,12.9502,25.8208
108400,12.9575,25.7856
108764,12.9619,24.8589
109128,12.9434,24.8501
109492,12.9453,24.9038
109860,12.9619,24.7651
110228,12.9844,24.6411
110596,12.9707,24.8789
110968,12.9775,24.5342
111340,12.9688,24.8765
111712,12.9849,24.8540
112088,12.9761,24.9956
112464,12.9829,25.1670
112840,12.9551,24.8921
113220,12.9595,24.8784
113600,12.9385,24.6743
113980,12.9854,24.9590
114360,12.9834,25.0098
114744,12.9839,25.5898
115128,12.9810,25.4937
115512,12.9805,25.5625
115900,12.9863,25.5435
116288,12.9766,32.0205
116676,12.9404,28.7383
117068,31.6675,29.7017
117460,12.9863,26.4067
117852,12.9541,25.1929
118248,18.5493,25.9790
118644,12.9795,25.0825
119040,12.9668,25.4897
119440,12.9414,25.0054
119840,12.9468,24.9346
120240,12.9531,24.8564
120644,12.9727,24.8052
121048,12.9780,25.0396
121452,12.9893,38.0483
121860,12.9473,25.2090
122268,18.1099,25.1240
122676,12.9863,24.8389
123088,12.9443,26.4673
123500,12.9395,26.2261
123912,12.9795,26.0161
124328,12.9790,26.6919
124744,12.9722,26.1064
125160,12.9385,26.2871
125580,12.9678,26.4175
126000,12.9468,26.0562
126420,12.9487,26.6299
126844,12.9663,26.5068
127268,32.9868,29.4067
127696,12.9800,52.2461
128124,12.9502,26.9917
128552,12.9727,26.5127
128984,12.9663,26.0747
129416,12.9756,26.2817
129848,12.9727,26.3340
130284,12.9863,26.2129
130720,12.9565,26.5747
131156,13.9600,25.7207
131596,13.8989,25.8960
132036,13.9150,25.8262
132480,13.9399,26.2324
132924,13.9429,25.4688
133368,13.9370,25.6704
133816,13.8896,25.4736
134264,13.8877,25.1050
134712,13.9189,25.2183
135164,13.8882,25.3784
135616,13.9243,25.1587
136072,13.8784,25.5928
136528,13.9165,25.1064
136984,13.8784,25.1304
137444,13.8721,25.0483
137904,13.8853,25.4331
138364,13.9272,25.4937
138828,13.8936,25.5132
139292,13.8989,25.4238
139760,17.1328,25.0933
140228,13.9463,25.4229
140696,13.9189,25.3906
141168,13.9204,25.6978
141640,13.9194,25.4424
142116,13.9316,25.1929
142592,13.9155,25.2559
143068,13.8809,24.8760
143548,13.9209,25.6050
144028,13.9272,25.8569
144512,13.9155,25.4160
144996,13.9204,25.4116
145480,13.9146,25.6274
145968,13.9077,25.3584
146456,13.8906,25.0288
146948,13.8887,25.4751
147440,13.8892,25.1221
147932,13.9336,25.1230
148428,13.8921,25.3218
148924,13.8867,24.8911
149424,13.8906,24.8794
149924,13.8926,24.8906
150424,13.9106,24.6797
150928,13.8789,24.9766
151432,13.8838,25.0737
151940,13.9160,24.4751
152448,13.9146,24.9072
152960,13.9116,24.8110
153472,13.9731,25.3657
153984,13.9277,25.1143
154500,13.8882,24.5757
155016,13.8916,25.1772
155536,13.9204,24.6499
156056,13.8877,25.2236
156580,13.9248,25.1353
157104,13.9297,25.0571
157628,13.8823,25.0000
158156,13.8936,24.9546
158684,13.9282,25.1885
159216,13.9248,25.2319
159748,13.9170,24.8521
160284,13.9390,25.2432
160820,13.9385,24.8657
161360,13.9082,24.8228
161900,13.9165,25.0718
162440,13.8926,24.6992
162984,13.9224,24.4521
163528,13.9199,24.9268
164076,13.9160,24.9487
164624,13.9150,25.4414
165176,13.9292,25.5229
165728,13.9111,25.1563
166284,13.9199,25.3628
166840,13.9336,30.6514
167400,13.8833,32.6406
167960,13.9189,26.4600
168520,13.8916,83.2729
169084,36.1270,41.8174
169648,13.9336,25.0444
170216,13.9180,25.1763
170784,13.9224,25.2075
171356,13.9292,25.2886
171928,13.9160,25.2402
172504,13.8950,25.4956
173080,13.9302,24.9712
173660,13.9175,24.7593
174240,13.8945,25.3735
174824,13.9165,24.8174
175408,13.9194,24.9697
175996,13.8823,25.1372
176584,14.0259,25.1045
177176,13.9214,30.8159
177768,13.9424,25.3408
178364,13.9150,25.0088
178960,13.9336,24.9727
179560,13.9360,25.1924
180160,13.8906,25.0225
180764,13.8818,25.3765
181368,13.9175,25.2739
181976,13.9141,25.3472
182584,28.6968,30.6821
183196,13.8862,24.9761
183808,13.9224,25.0771
184424,13.8809,25.0376
185040,13.8828,25.1289
185660,13.9111,25.1147
186280,13.8940,25.1792
186904,13.8882,25.0410
187528,13.9243,25.3096
188156,13.9019,25.2666
188784,13.9297,31.8379
189416,23.0557,26.7300
190048,13.9326,24.3105
190684,13.9199,24.4507
191320,23.6743,33.9541
191960,13.9370,24.4761
192600,13.9185,24.5142
193244,13.8887,24.6357
193892,13.8999,24.2656
194540,13.9106,24.1577
195192,13.9087,24.1196
195844,24.6206,27.0625
196500,14.2383,25.9312
197156,13.9028,25.6733
197816,13.8911,55.1787
198476,40.2007,72.4131
199140,13.9004,24.9897
199804,48.2236,25.3101
200472,13.8784,68.9858
201144,13.9341,25.0483
201816,13.9180,24.8052
202492,13.8828,24.7588
203168,13.9067,24.5742
203848,13.8789,24.9058
204528,28.1133,25.0957
205212,13.9180,25.5068
205900,13.9038,25.2539
206588,13.9316,25.1392
207280,13.9263,25.0249
207972,13.8921,24.8921
208668,13.8906,24.8208
209364,13.8833,24.9194
210064,13.9214,24.8330
210768,13.8882,24.8726
211472,13.9165,37.0957
212180,13.9268,25.3345
212888,46.1948,145.8208
213600,24.5142,26.7310
214312,18.8711,31.4424
215028,13.9268,25.4390
215748,13.9326,35.1152
216468,13.8921,25.7368
217192,13.8887,25.5352
217916,13.8813,25.3306
218644,13.8789,25.4561
219376,13.9800,27.9980
220108,13.9199,25.4448
220844,13.8926,25.6826
221584,13.8896,25.1504
222324,13.8823,25.3794
223068,13.9258,25.5205
223812,13.9097,40.7588
224560,13.9229,25.8281
225312,13.8945,25.9629
226064,13.8887,25.4043
226820,13.9067,25.4907
227580,13.8921,25.6323
228340,13.9204,25.4092
229104,13.9634,25.5801
229868,13.8862,25.9536
230636,13.8760,25.7832
231408,13.9307,26.1699
232180,13.9248,25.6431
232956,13.9258,25.5879
233736,13.8843,25.7954
234516,13.9141,25.7715
235300,13.8911,25.5835
236088,13.9194,25.5991
236876,13.9214,25.6650
237668,13.9155,25.6299
238464,13.8794,26.0151
239260,13.8911,25.9199
240060,13.8906,25.6992
240864,13.9199,25.4849
241668,13.9023,25.2266
242476,13.9546,25.8848
243288,13.9004,25.3403
244100,13.9082,25.7114
244916,13.9272,25.6660
245736,13.9355,25.9116
246556,13.9106,27.2461
247380,13.8999,26.5850
248208,13.9307,27.3091
249036,13.8799,26.8120
249868,13.9907,27.3081
250704,13.9248,27.2295
251540,13.9121,27.1406
252380,13.8853,27.0615
253224,13.9917,26.7622
254072,13.9390,27.0513
254920,13.9209,26.7559
255772,13.9473,26.6128
256628,13.8911,26.9482
257484,13.8853,26.9663
258344,13.8955,26.8906
259208,13.8921,26.9712
260076,13.8784,26.7163
260944,13.8745,26.6968
261816,13.8813,26.7397
262692,14.8193,26.6348
263568,14.8423,26.5396
264448,14.8413,26.5552
265332,14.8574,26.5435
266220,14.8301,26.3242
267108,14.8218,25.9375
268000,14.8154,26.4409
268896,14.8374,26.3374
269796,14.8403,26.0146
270696,14.8169,26.3413
271600,14.8062,25.9004
272508,14.9995,26.1147
273420,14.8936,25.8662
274332,14.8716,25.8105
275248,14.8345,26.0645
276168,14.8203,26.4121
277092,14.8193,25.8438
278016,14.8389,25.9482
278944,14.8452,26.2002
279876,14.8359,26.0854
280812,14.9204,27.1797
281752,14.8706,26.3193
282692,14.8403,25.8853
283636,14.8550,26.0093
284584,14.8140,25.8784
285536,14.9028,26.0928
286488,17.8218,28.8848
287444,14.8247,27.7173
288404,14.8120,26.1567
289368,14.8184,25.9985
290336,14.8232,33.9023
291304,14.8169,40.8472
292276,14.8442,28.4849
293252,14.8101,25.6499
294232,14.8369,33.6255
295216,14.8203,34.7275
296204,37.6484,26.4165
297192,14.8477,25.8345
298184,14.8174,38.7563
299180,14.8472,26.1440
300180,14.8140,41.0249
301184,14.8262,25.6924
302188,14.8540,25.6753
303196,14.8398,25.8901
304208,14.8247,25.4199
305224,14.8438,25.4370
306244,14.8477,25.4995
307268,14.8218,25.4541
308296,14.8398,25.5142
309324,14.8237,25.4312
310356,14.8193,25.8062
311392,14.8379,26.0889
312432,14.8486,44.5493
313476,14.8159,25.4390
314524,14.8442,25.1885
315576,14.8184,25.8218
316628,14.8159,25.2568
317684,38.2456,33.6592
318744,14.8315,32.8799
319808,14.8188,25.5859
320876,14.8188,25.5269
321948,20.0981,26.9355
323024,14.8447,25.4414
324104,14.8232,25.2520
325188,14.8188,25.7065
326272,14.8228,29.0488
327360,14.8237,25.7827
328452,14.8154,25.8945
329548,14.8442,25.4390
330648,14.8223,25.9395
331752,14.8359,25.4844
332860,14.8491,25.2290
333972,14.8218,25.5757
335088,14.8188,25.3564
336208,14.8442,25.5171
337332,14.8154,25.6108
338460,14.8438,25.5347
339592,14.8394,25.3057
340724,21.8872,26.3057
341860,14.8452,25.3706
343000,14.8369,25.6157
344144,14.8477,36.7520
345292,14.8398,26.7861
346444,15.1465,26.5718
347600,14.8149,25.7490
348760,14.8364,25.3232
349924,14.8257,38.1646
351092,14.8174,25.3047
352264,14.8188,25.0483
353440,14.8174,25.3496
354620,14.8403,25.1743
355804,14.8174,25.2866
356992,14.8193,25.5210
358184,14.8169,25.3652
359380,14.8188,25.6240
360580,14.8174,38.6968
361784,14.7876,25.3677
362992,14.7793,25.1240
364204,14.8120,25.1294
365420,14.8198,25.1455
366640,14.8218,24.9194
367864,14.8198,25.0908
369092,14.8105,25.4111
370324,14.8232,25.0757
371560,21.2876,25.4468
372800,14.8394,24.9551
374044,14.8340,25.1826
375292,14.7788,25.1895
376544,14.8237,25.3003
377800,14.8203,25.2026
379060,14.8369,25.8223
380324,14.8198,25.2612
381592,14.8408,25.0498
382864,14.8472,24.8643
384144,14.8433,24.9150
385428,14.8447,25.1372
386716,14.8428,24.8750
388008,14.8398,25.1035
389304,14.8174,25.1758
390604,14.8423,24.9106
391908,14.8164,25.1973
393216,14.8188,25.0903
394528,14.8096,25.7368
395844,14.8174,25.2246
397164,14.8467,25.5757
398488,14.8296,25.6079
399820,14.8228,25.3286
401156,14.8374,25.4595
402496,14.8164,25.4165
403840,14.8384,41.1401
405188,14.8276,25.5864
406540,14.8218,25.2505
407896,14.8350,25.5781
409256,14.8804,25.8042
410624,14.8389,25.6953
411996,17.0669,25.7681
413372,14.8730,25.3813
414752,14.8389,25.5225
416136,14.7900,25.5273
417524,14.8223,25.7974
418916,14.8315,25.5874
420316,14.8213,25.6807
421720,14.8369,25.7925
423128,14.8477,25.7534
424540,14.8374,25.8857
425956,14.8457,25.8154
427376,14.8105,26.1606
428804,14.8145,26.0645
430236,14.8418,26.2451
431672,14.8398,26.2866
433112,14.8232,26.1240
434556,14.8452,26.3569
436008,14.8218,25.8457
437464,14.8379,26.1313
438924,14.8389,26.2964
440388,14.8228,26.0557
441856,14.8364,26.4800
443332,14.8203,26.0327
444812,14.8711,26.0190
446296,14.8506,26.0313
447784,14.8149,26.3374
449280,14.8911,26.2969
450780,14.8159,26.3799
452284,14.8188,26.3286
453792,14.8315,26.0684
455308,14.8413,26.6104
456828,14.8315,25.9604
458352,15.2305,26.0840
459880,14.8203,27.2886
461416,14.8198,26.6929
462956,14.8428,27.0840
464500,14.8193,27.0078
466052,14.8472,27.1416
467608,14.8877,27.7036
469168,14.8320,26.7368
470732,14.8994,26.1899
472304,14.8398,26.2402
473880,14.8208,26.2734
475460,14.8486,26.6250
477048,14.8257,53.8901
478640,14.8232,26.8843
480236,14.8379,26.8008
481840,14.8179,26.4844
483448,14.8447,31.1670
485060,14.8398,26.5894
486680,14.8320,26.5894
488304,14.8315,26.4692
489932,14.8228,26.2715
491568,14.8838,30.1611
493208,14.8301,27.9692
494856,14.8135,27.3594
496508,14.7852,27.4883
498164,14.8218,26.9517
499828,14.8228,27.5698
501496,14.8198,27.4766
503168,14.8330,27.5313
504848,14.8438,27.6523
506532,14.8145,27.3315
508224,14.8345,27.5957
509920,14.8394,27.5679
511620,14.8179,27.8076
513328,14.8203,27.8779
515040,14.8125,27.9800
516760,14.8174,27.8916
518484,19.3994,30.0098
520216,14.8467,42.2344
521952,14.8452,29.6763
523692,14.8091,27.9019
525440,15.7837,27.5850
527192,15.8096,27.4648
528952,15.7808,27.2920
530716,15.7764,27.1284
532488,15.7827,26.9937
534264,15.8101,26.9873
536048,15.8110,27.5166
537836,21.2646,28.0010
539632,15.7900,26.9961
541432,15.7402,26.5654
543240,15.7656,26.8809
545052,15.7798,27.0332
546872,15.7939,26.9917
548696,15.7861,29.9302
550528,15.7158,27.0200
552364,15.7925,26.7544
554208,15.7476,26.8159
556056,28.3032,33.6621
557912,30.3193,27.3096
559772,15.7710,26.6973
561640,15.7393,26.7656
563516,15.7876,26.6089
565396,15.7935,28.7612
567284,15.7759,26.5645
569176,15.8271,26.6265
571076,15.8140,26.5669
572980,15.8120,26.4746
574892,15.7886,26.1426
576812,15.7822,25.9941
578736,15.7832,31.9058
580668,15.8164,26.4536
582604,15.7822,26.5337
584548,15.8198,26.5581
586500,15.7881,26.7246
588456,15.8184,26.6143
590420,15.7886,26.4224
592392,15.8115,26.1196
594368,15.7905,31.8442
596352,21.1416,26.8096
598340,22.9287,28.0723
600336,15.7847,27.7363
602340,15.7949,26.5972
604348,15.7881,26.3579
606364,15.7871,25.9380
608388,15.7813,25.8765
610416,15.7988,26.2554
612452,15.7837,26.0708
614496,15.7915,26.2324
616548,15.7881,25.8950
618604,15.7808,26.3413
620668,15.7813,26.0176
622740,15.7822,26.3916
624816,15.7861,26.0381
626900,15.7793,26.3237
628992,15.7983,26.2271
631092,15.7783,26.2749
633196,15.7896,26.4004
635308,15.7905,26.2959
637428,18.7432,26.3486
639556,15.7725,26.1636
641688,15.7832,26.1299
643828,15.7095,26.0273
645976,15.7861,26.2690
648132,15.7930,26.3184
650296,15.8774,26.2661
652464,15.7852,26.3486
654640,15.7720,26.5073
656824,15.7856,26.1357
659016,15.7974,26.3325
661216,15.7373,26.7466
663424,15.7881,26.2012
665636,15.7856,26.3784
667856,15.7734,26.1777
670084,15.7856,26.0073
672320,15.7866,26.2305
674564,15.7847,26.4233
676816,15.7935,27.0210
679076,15.7871,26.3213
681340,15.7793,26.6777
683612,15.7891,26.3530
685892,15.7891,25.9707
688180,15.7710,26.0146
690476,15.7441,25.7788
692780,15.7769,26.2051
695092,15.8242,26.6040
697412,15.7876,26.3687
699740,15.7935,26.3013
702076,15.7788,26.2231
704420,15.7808,26.5054
706772,15.8350,26.1865
709128,15.7656,25.8896
711492,15.7783,26.5249
713864,15.7876,25.9990
716244,15.7920,26.4028
718632,15.7788,25.9355
721028,15.7861,26.3687
723432,15.7920,26.0654
725844,15.7793,25.5991
728264,15.7896,25.8862
730692,15.7813,25.9395
733128,15.7339,25.7109
735572,15.7490,25.7651
738024,28.6938,32.5332
740488,28.1157,41.9390
742960,15.8110,52.7705
745440,15.7798,25.7354
747928,15.8184,25.7656
750424,15.8169,25.3428
752928,15.8232,39.5239
755440,15.8086,31.4980
757960,15.8105,25.7349
760488,15.8062,25.6851
763024,15.7969,25.5015
765568,15.7700,26.1523
768120,15.8242,25.7749
770684,15.7856,25.9028
773256,15.8081,26.0000
775836,15.8042,25.8682
778424,15.8394,25.7739
781020,15.7666,25.2759
783624,15.8262,25.4189
786240,15.7813,73.8037
788864,15.8232,26.3931
791496,41.3955,25.8042
794136,15.8120,25.5864
796784,15.8086,25.9937
799440,15.7900,25.6626
802108,15.7910,25.7563
804784,15.7349,25.5176
807468,15.8193,25.3828
810160,15.7969,25.9077
812864,15.8120,25.6060
815576,15.7896,25.7295
818296,15.8120,25.5244
821024,15.7939,25.6665
823764,15.7964,25.6226
826512,28.8135,25.9648
829268,15.7905,25.6084
832036,15.7744,25.9321
834812,15.8179,25.6587
837596,15.7896,25.6519
840388,15.8149,25.5601
843192,15.7876,26.0864
846004,36.2690,111.1953
848828,15.7852,26.6118
851660,18.8428,26.8135
854500,15.7744,27.3369
857352,15.7705,26.9351
860212,15.7793,26.7886
863080,15.7666,27.0586
865960,15.7871,26.6777
868848,15.7910,27.0142
871748,15.7783,27.2354
874656,15.7881,27.2173
877572,15.7852,27.1660
880500,15.7764,27.0020
883436,15.7725,27.1304
886384,15.7866,27.1089
889340,15.7920,27.0796
892308,15.7759,27.0342
895284,15.7808,27.0151
898272,24.5225,27.6470
901268,42.6333,55.2900
904276,24.5552,35.5039
907292,33.2266,27.2612
910320,15.7920,26.9785
913356,15.7842,27.2192
916404,15.7881,27.1968
919460,15.7769,28.0308
922528,15.7998,27.3887
925604,15.7891,27.6895
928692,15.7764,27.5884
931788,15.7319,27.4868
934896,15.7476,27.4688
938016,15.7998,27.2622
941144,15.7803,27.7114
944284,15.7827,27.0220
947432,15.7793,27.0186
950592,15.7979,27.1016
953764,15.7896,27.5840
956944,15.7793,27.3257
960136,15.7837,27.4487
963340,15.7339,27.4614
966552,15.7856,30.9219
969776,15.7969,27.5776
973012,15.7842,27.6445
976256,29.6436,29.0356
979512,15.7900,74.1328
982780,15.7876,27.1616
986056,15.8169,28.6714
989344,15.7759,28.7046
992644,15.7808,28.4883
995956,15.7847,28.5796
999276,15.7896,39.0415
1002608,15.8149,28.3892
1005952,15.8213,28.4531
1009308,15.8257,28.5469
1012676,15.8521,28.5083
1016052,15.7954,28.6777
1019440,15.8716,28.6724
1022840,15.7808,28.9224
1026252,15.7856,28.4644
1029676,15.8203,28.9116
1033112,15.8179,28.7461
1036556,15.8208,28.9395
1040012,15.8096,28.8413
1043480,42.5166,57.4785
1046960,15.8228,50.5239
1050452,16.6997,104.1919
1053956,16.7368,27.8804
1057472,16.7485,28.3247
1061000,16.7910,27.7314
1064540,16.7485,27.9907
1068092,16.7944,28.1899
1071656,16.7163,27.9805
1075232,16.7886,27.7051
1078820,16.7500,27.6475
1082420,16.7485,48.1689
1086032,18.5371,39.6606
1089656,16.7822,30.0464
1093292,16.7153,28.2354
1096940,16.7314,28.1807
1100600,16.7124,28.3159
1104272,16.7236,28.0391
1107956,16.7471,28.2598
1111652,16.7524,28.4106
1115360,16.7183,37.7319
1119080,16.7446,29.3330
1122812,16.7148,28.1499
1126556,16.7373,27.4941
1130312,16.7568,27.1743
1134080,16.7134,27.3794
1137864,23.7583,28.0942
1141660,16.7622,30.5786
1145468,16.7173,27.3735
1149288,16.7139,26.9170
1153120,16.7275,27.1382
1156964,16.7607,27.0854
1160824,16.9561,26.8359
1164696,16.7520,26.9634
1168580,16.7495,26.9385
1172476,16.7192,26.8311
1176388,16.7544,27.0127
1180312,16.7451,27.2778
1184248,16.7588,26.8428
1188196,16.7163,26.8335
1192160,16.7505,59.8867
1196136,16.7729,27.9194
1200124,16.7490,26.9541
1204128,72.1289,27.5059
1208144,16.7515,27.0474
1212172,16.7495,26.5537
1216216,16.8203,27.0088
1220272,16.7402,26.8818
1224340,16.7471,26.9834
1228424,16.7749,26.7910
1232520,16.7441,26.8599
1236632,16.7539,26.8677
1240756,16.7402,27.1777
1244892,16.7520,26.9692
1249044,16.7261,27.1479
1253208,16.7466,26.9771
1257388,24.8267,37.5806
1261580,16.7578,28.5957
1265788,16.7461,28.1719
1270008,16.7534,26.9038
1274244,16.7573,27.3428
1278492,41.2271,94.5137
1282756,29.0244,29.6758
1287032,16.7480,27.4961
1291324,16.7456,27.1128
1295632,16.7661,27.0317
1299952,16.7261,26.9312
1304288,16.7358,35.5254
1308636,16.7476,27.6865
1313000,16.7241,27.4087
1317380,17.2686,27.1030
1321772,16.7354,27.0518
1326180,16.7495,27.1030
1330604,16.7461,27.4150
1335040,16.7568,26.9399
1339492,16.7432,27.1353
1343960,16.7617,26.9956
1348440,16.7549,26.6128
1352936,16.7295,27.1411
1357448,16.7578,48.5337
1361976,16.7539,26.5557
1366516,16.7266,26.9097
1371072,16.7637,26.6924
1375644,16.7534,26.9556
1380232,16.7471,27.0464
1384836,17.0352,27.1206
1389456,16.7583,26.7529
1394088,16.7573,27.1743
1398736,16.7549,26.7910
1403400,16.7466,26.9194
1408080,16.7139,26.5986
1412776,16.7549,26.9717
1417488,16.7192,27.0083
1422216,16.7515,26.8223
1426960,16.7632,26.8975
1431720,16.7466,26.9956
1436496,16.7422,27.2549
1441288,16.7144,27.5073
1446096,16.7515,30.5845
1450920,16.7144,26.9238
1455760,16.7231,27.1631
1460616,16.6821,27.3643
1465488,16.7593,26.5737
1470376,16.7476,26.4409
1475280,16.7476,26.5522
1480200,16.7617,26.9980
1485136,16.7896,26.8096
1490088,16.7725,27.1704
1495056,16.7485,26.5049
1500040,16.7383,26.6123
1505044,16.7544,26.9307
1510064,16.7593,26.9702
1515100,16.7563,26.6113
1520152,16.7217,27.0942
1525220,16.7412,27.3208
1530308,16.7441,27.1235
1535412,16.7471,27.0605
1540532,16.7485,26.7803
1545668,17.0176,27.2168
1550824,16.7090,27.2236
1555996,16.7583,27.0010
1561184,16.7603,27.0430
1566388,16.7158,26.8169
1571612,16.7427,27.1680
1576852,16.7490,27.2676
1582112,16.7261,27.2207
1587388,16.7256,27.1592
1592680,16.7393,27.2578
1597992,16.7217,27.2896
1603320,16.7490,27.0879
1608668,16.7798,34.7959
1614032,16.7085,27.5117
1619416,16.7510,27.1724
1624816,73.1938,27.2666
1630236,16.7354,26.8691
1635672,16.7485,26.8965
1641128,16.7173,27.0205
1646600,16.7563,27.1675
1652092,16.7383,27.1040
1657600,16.7197,27.0859
1663128,16.7500,27.0537
1668672,16.7500,66.8750
1674236,16.7666,27.3838
1679820,16.7207,27.1982
1685420,16.7188,26.9746
1691040,16.7456,27.1680
1696680,16.7554,26.7891
1702336,16.7368,26.7363
1708012,16.7290,28.1504
1713708,16.7563,27.8862
1719424,16.7578,28.1699
1725156,16.7153,27.9438
1730908,16.7266,27.9819
1736680,16.7183,27.7373
1742472,16.7119,28.2090
1748284,16.7544,28.1060
1754112,16.7588,79.2085
1759960,37.3726,39.1323
1765828,16.7490,28.7456
1771716,16.7124,27.8379
1777624,16.7163,31.6343
1783552,16.7656,29.8154
1789500,29.0195,28.2808
1795468,16.7178,27.9380
1801456,16.7266,28.1978
1807464,16.7109,28.0649
1813492,16.7246,28.5278
1819540,16.7314,27.6626
1825608,16.7148,27.5308
1831696,16.7144,28.0732
1837804,28.8813,29.5410
1843932,16.7441,27.9683
1850080,16.7402,41.6187
1856248,16.7607,28.8032
1862436,16.6694,28.3203
1868648,16.7417,28.8120
1874880,16.7163,28.2173
1881132,16.7266,53.5820
1887404,16.7788,29.7705
1893696,16.7461,28.0029
1900012,16.7319,27.8271
1906348,16.7119,27.6470
1912704,16.7505,28.6313
1919080,25.1621,29.6260
1925480,16.7505,27.6582
1931900,16.7222,27.7061
1938340,16.7246,28.1138
1944804,16.7471,27.9541
1951288,16.7554,27.8745
1957796,16.7544,27.9819
1964324,16.7598,27.5518
1970872,16.7588,29.6221
1977444,16.7393,29.1592
1984036,16.7256,28.8804
1990652,16.7520,29.0190
1997288,16.7612,29.0605
2003948,16.7178,29.6587
2010628,16.7520,29.0762
2017332,16.7871,29.2310
2024060,16.7588,29.1621
2030808,16.7573,29.4971
2037580,16.7505,29.4263
2044372,16.7236,29.1387
2051188,16.8213,29.4634
2058028,16.7202,29.5781
2064892,16.7510,29.3169
2071776,16.7461,29.5508
2078684,16.8145,29.2778
2085616,16.7593,29.0093
2092572,16.7529,29.4004
2099548,17.7227,28.7129
2106548,17.7119,29.0933
2113572,17.7192,28.9009
2120620,17.7632,28.1519
2127692,17.7241,28.4331
2134788,17.7261,28.3999
2141904,17.7368,28.3218
2149044,17.7314,28.3716
2156208,17.7378,28.2383
2163396,17.6934,28.6284
2170608,17.7163,28.0313
2177844,17.7222,28.2510
2185104,17.7134,28.0801
2192388,17.6914,28.0698
2199696,17.7319,28.1768
2207032,17.7280,28.4277
2214392,17.6489,28.1880
2221776,17.6987,36.1152
2229184,17.6978,28.6294
2236616,17.7144,36.5332
2244072,17.6919,28.1680
2251556,17.6855,27.8750
2259064,17.6528,39.0332
2266596,17.7275,30.7163
2274152,17.7412,28.4927
2281736,17.7275,27.8965
2289344,17.7261,40.6592
2296976,17.7471,28.0239
2304636,17.7505,28.8125
2312320,17.7158,28.3428
2320028,17.7393,28.4243
2327764,17.7280,28.4019
2335524,17.6987,28.5093
2343312,17.7300,28.2031
2351124,17.7280,28.3062
2358964,17.7202,28.2681
2366828,17.7349,28.3330
2374720,33.7012,30.4824
2382636,17.7192,27.8955
2390580,31.3354,52.3589
2398552,23.8999,29.2202
2406548,17.7227,28.1206
2414572,17.7231,27.5864
2422624,17.7061,27.3760
2430700,17.7134,27.7222
2438804,17.7134,27.7085
2446936,17.7109,27.2744
2455096,40.6221,29.7896
2463280,46.4731,28.0913
2471492,17.3120,27.7896
2479732,29.8184,27.8442
2488000,17.3252,27.9536
2496296,17.3096,28.1201
2504620,17.2944,27.8936
2512972,17.3345,28.3291
2521352,17.3037,27.8301
2529760,17.3237,27.9414
2538196,17.2832,28.0610
2546660,17.3159,28.1265
2555152,17.3286,28.5137
2563672,17.3433,27.8882
2572220,17.3076,43.3452
2580796,17.3179,28.0972
2589400,17.3232,28.2261
2598032,17.3184,28.3994
2606696,17.3096,28.6128
2615388,17.3135,27.9365
2624108,17.3140,27.5835
2632856,17.3135,28.1162
2641636,17.2900,27.6030
2650444,17.3145,27.6846
2659280,17.3457,27.8320
2668148,17.3345,28.0386
2677044,17.3252,27.9990
2685968,17.3164,28.0000
2694924,17.2935,27.9155
2703908,17.3027,27.6147
2712924,17.3105,32.1387
2721968,17.3022,27.5615
2731044,17.3086,27.4995
2740148,17.3179,27.2925
2749284,17.3110,27.5068
2758452,17.3384,27.8672
2767648,17.3521,27.7144
2776876,17.3267,27.6631
2786136,17.3486,48.6475
2795424,17.3164,27.2842
2804744,17.3042,27.3350
2814096,17.3213,27.5386
2823480,17.3213,27.6685
2832892,17.2954,27.9766
2842336,17.3262,27.1841
2851812,17.3208,27.4131
2861320,17.3506,27.4067
2870860,17.3745,27.3286
2880432,17.2793,28.4370
2890036,17.2896,27.7627
2899672,17.3208,36.7603
2909340,17.7036,28.7622
2919040,17.7329,27.5122
2928772,17.7515,27.6807
2938536,17.7124,34.0410
2948332,17.6968,53.4492
2958160,17.3047,27.9170
2968024,17.3223,27.4536
2977920,17.3145,27.9424
2987848,17.3125,27.3013
2997808,17.3281,27.1392
3007804,17.3237,27.6929
3017832,17.3198,27.5503
3027892,17.3076,27.4473
3037988,17.3130,26.8398
3048116,17.3008,26.8213
3058280,25.0796,27.7725
3068476,17.3066,27.4009
3078708,17.3008,27.3213
3088972,17.3242,27.1025
3099272,17.3179,42.4409
3109604,17.3115,27.1187
3119972,17.2983,26.8516
3130372,17.3242,26.9678
3140808,17.3301,28.7300
3151280,17.7837,43.5420
3161788,17.7329,28.5610
3172328,17.7119,28.1299
3182904,17.6968,53.3232
3193516,17.7285,27.1299
3204164,17.7124,26.9468
3214848,17.7188,26.9336
3225568,17.7378,27.1313
3236320,17.7051,37.2070
3247108,23.6177,27.2432
3257932,17.3232,27.3218
3268792,17.3213,27.3027
3279688,17.3213,33.0791
3290624,17.2959,27.7046
3301596,17.3096,27.4697
3312604,17.3257,27.4697
3323648,37.2939,28.4414
3334728,17.3184,27.7925
3345844,17.2993,27.4546
3357000,17.3188,27.8491
3368192,17.3286,28.0122
3379420,17.3276,27.9146
3390688,17.3208,32.0864
3401992,17.3037,27.6323
3413332,17.3228,29.1338
3424712,17.3384,28.7793
3436128,17.2910,28.6333
3447584,17.3340,28.5342
3459076,17.3208,28.6748
3470608,17.3179,28.4077
3482180,17.3252,28.9746
3493788,17.3105,29.1104
3505436,17.3457,28.7246
3517124,17.3281,29.0815
3528848,17.3223,28.6812
3540612,17.3218,28.8022
3552416,17.3066,28.9902
3564260,17.3105,40.8579
3576144,17.3340,28.5488
3588068,17.3188,28.5815
3600032,17.7305,28.8125
3612036,17.7051,28.2104
3624080,17.7021,28.3208
3636164,17.7163,28.1660
3648288,17.7124,28.0479
3660452,17.7061,65.7314
3672656,17.3398,29.7163
3684900,17.3286,28.9307
3697184,17.3018,28.7446
3709508,17.7095,29.3774
3721876,17.7021,29.2700
3734284,17.7109,28.8789
3746732,17.6265,29.1978
3759224,17.7095,29.1182
3771756,17.3247,29.4966
3784332,17.7554,31.3223
3796948,17.7368,29.4131
3809608,17.7031,29.2051
3822308,17.6455,29.0483
3835052,17.7236,28.9805
3847836,17.7217,28.9805
3860664,17.7173,29.2563
3873536,17.7363,45.6265
3886448,17.7124,29.3008
3899404,17.7065,29.1992
3912404,17.6465,29.0415
3925448,17.7134,29.2866
3938536,17.7012,30.4194
3951668,17.6987,30.0762
3964844,17.7012,30.2603
3978064,17.7056,31.1577
3991328,17.3647,30.3262
4004636,17.3130,29.9604
4017988,17.2983,29.9487
4031384,17.3140,30.0366
4044824,17.3018,29.5356
4058308,21.4077,29.8081
4071836,17.2886,29.9331
4085412,17.3232,29.8740
4099032,17.3193,29.5874
4112696,17.3301,29.7886
4126408,17.2803,30.0786
4140164,17.3232,30.0381
4153968,17.3037,30.1465
4167816,17.3135,29.7451
4181712,17.3213,29.7886
4195652,18.2642,29.4243
4209640,18.2402,29.7593
4223676,18.2397,29.4878
4237756,18.2637,29.1128
4251884,18.2446,29.0703
4266060,18.2485,29.0679
4280284,18.2031,29.2598
4294552,18.2544,29.0068
4308868,18.2607,28.7627
4323232,18.1880,29.7051
4337644,18.2417,28.6650
4352104,18.2178,30.4653
4366612,18.6118,29.3750
4381168,18.6265,28.8618
4395772,18.6523,29.2461
4410428,18.6587,28.7651
4425132,18.6016,29.5107
4439884,37.5400,29.1943
4454684,18.6216,28.8682
4469536,18.6201,29.6216
4484436,18.6514,29.0137
4499388,40.3975,28.9067
4514388,18.6118,28.6235
4529436,18.6143,29.0786
4544536,18.2432,29.6860
4559688,27.2695,28.8711
4574888,18.2456,28.7188
4590140,18.2539,29.2280
4605444,18.2568,29.0713
4620796,18.2212,28.9448
4636200,18.2363,28.6084
4651656,18.2705,28.1831
4667164,18.2690,54.1724
4682724,18.2241,28.9946
4698336,18.2363,28.7046
4714000,27.8882,29.4609
4729716,18.6128,29.2324
4745484,18.6528,29.4673
4761304,18.6045,28.8809
4777176,18.6553,28.4600
4793100,18.8335,28.7900
4809080,18.6299,28.7021
4825112,18.6411,28.8130
4841196,18.6523,29.1245
4857336,18.6514,28.4780
4873528,18.6597,28.4956
4889776,18.7080,29.9087
4906076,26.0942,32.6616
4922432,18.6533,28.7080
4938844,18.6074,28.2974
4955308,18.6396,28.6079
4971828,18.6162,28.5674
4988404,18.6621,34.8408
5005036,18.6572,28.9292
5021720,18.6660,28.5371
5038460,18.6025,29.1411
5055256,18.6519,29.2842
5072108,18.6523,28.9683
5089016,18.6514,29.0283
5105980,18.6431,28.4951
5123000,18.6377,36.3335
5140080,18.6235,28.6553
5157216,18.6494,28.4751
5174408,18.6504,29.0107
5191660,18.6138,28.6714
5208968,18.9868,28.4995
5226332,18.6680,29.7969
5243756,18.2651,29.1802
5261236,30.7935,30.5835
5278776,18.2500,28.4492
5296372,18.2021,28.1558
5314028,18.2002,29.6504
5331744,18.6724,46.6362
5349520,49.1763,28.4424
5367352,18.6167,30.7539
5385244,18.6812,40.8833
5403196,29.5024,29.8662
5421208,18.6675,28.2515
5439280,36.3608,36.2939
5457412,18.6792,28.3955
5475604,37.9883,29.0190
5493860,18.6533,28.0513
5512176,72.4336,28.7017
5530552,18.6558,28.2661
5548988,18.6650,27.9341
5567488,18.6021,28.1367
5586048,18.6279,28.1553
5604672,18.6113,28.3643
5623356,18.6558,28.4023
5642104,82.9072,28.9517
5660912,18.6519,28.5005
5679784,18.9614,28.4727
5698720,18.6191,28.4463
5717716,18.6138,28.0874
5736776,18.6533,28.3145
5755900,18.6548,27.8770
5775088,18.6235,28.1885
5794340,18.6328,28.2964
5813656,18.6157,28.0005
5833036,18.6196,28.0527
5852480,18.6494,42.2798
5871992,18.6074,28.0229
5891568,18.7505,27.8198
5911208,18.6665,27.7671
5930916,18.6606,27.8418
5950688,18.6367,35.8613
5970524,50.1338,27.7690
5990428,18.6431,30.1460
6010400,18.7012,27.8291
6030436,18.8081,29.3105
6050540,18.6558,28.0083
6070712,18.6211,27.6558
6090948,18.6069,40.1665
6111252,18.6914,29.0298
6131624,18.6499,29.7012
6152064,18.6860,27.8838
6172572,18.6567,27.5933
6193148,18.6738,27.7886
6213792,18.6543,27.9985
6234508,18.6406,27.9487
6255292,18.6826,30.1563
6276144,18.6577,29.3848
6297068,18.9824,28.1113
6318060,18.6548,27.8149
6339124,18.6714,27.3613
6360256,18.6089,27.8110
6381460,18.5654,27.4805
6402732,18.6045,27.7222
6424076,18.6553,27.8403
6445492,18.6606,27.9087
6466980,18.6318,28.0811
6488540,18.6235,27.5210
6510172,18.6714,27.6538
6531876,18.6143,27.7588
6553652,18.6577,28.2075
6575500,18.6206,28.1533
6597420,18.6240,27.9194
6619412,18.6548,28.0566
6641480,18.6191,28.5020
6663620,18.6606,28.4961
6685836,18.6621,28.4824
6708124,18.6025,28.4868
6730488,34.5142,28.7236
6752924,18.6719,28.3286
6775436,18.6143,28.0703
6798024,18.6460,28.2778
6820688,18.6440,29.2480
6843424,18.6499,29.2949
6866236,18.6440,29.2085
6889124,18.6563,29.1221
6912088,18.6606,29.3379
6935132,18.6421,29.2227
6958252,18.6587,28.9287
6981448,18.7031,29.5396
7004720,18.5996,28.7979
7028072,18.6450,29.3394
7051500,18.9224,29.3188
7075008,18.6484,28.9990
7098592,18.7563,29.8994
7122256,18.6201,29.5308
7146000,18.6025,28.9590
7169820,18.6494,29.1084
7193720,18.6558,29.3594
7217700,18.6807,28.6665
7241760,18.6211,29.0444
7265900,18.6572,29.2622
7290120,18.6533,28.8218
7314424,18.6606,29.1733
7338808,18.6479,29.3672
7363272,25.0708,30.1738
7387820,18.6514,29.2012
7412448,18.6104,30.1626
7437160,18.6606,31.4160
7461952,18.6841,94.1860
7486828,18.6396,29.9541
7511788,18.6680,29.5698
7536828,18.6719,29.9404
7561952,18.6602,29.3164
7587160,18.6592,29.2549
7612452,18.6484,45.3052
7637828,18.6094,29.3223
7663288,18.6523,29.3906
7688836,22.9961,30.8433
7714468,18.6099,29.6431
7740184,18.6543,28.6885
7765988,18.7300,28.8467
7791876,18.6509,29.0713
7817852,18.6396,28.9355
7843912,18.6650,28.9014
7870060,18.6553,30.6470
7896296,18.6206,30.0586
7922620,18.7231,30.8496
7949032,18.6616,30.6465
7975532,18.6099,30.8413
8002120,18.7549,30.4761
8028796,18.7466,30.2295
8055560,18.6587,30.4800
8082412,18.6855,30.7515
8109356,18.7080,32.3892
8136388,18.6763,107.4653
8163512,26.2148,31.5469
8190724,18.6226,30.9336
8218028,18.6353,30.6362
8245424,18.6333,30.8218
8272912,18.6704,30.6255
8300492,34.9951,30.5303
8328164,18.6729,30.2720
8355928,18.6611,30.1064
8383784,21.7495,30.9541
8411732,19.6704,40.1318
8439772,29.4585,31.0488
8467908,28.2114,31.6484
8496136,19.6748,30.8345
8524460,19.6709,30.8174
8552876,19.5645,30.9995
8581388,19.5791,30.1572
8609996,19.5688,30.1011
8638696,19.6050,29.8633
8667492,19.5356,29.8447
8696384,19.5913,30.1211
8725372,19.5527,30.3828
8754460,19.5605,30.4438
8783644,19.5977,39.7607
8812924,19.6548,30.2192
8842304,19.5469,30.0405
8871780,19.6045,30.1035
8901356,19.5806,30.2988
8931028,19.5635,29.7378
8960800,19.5591,29.5483
8990672,19.5820,29.5679
9020644,19.5879,29.5103
9050716,19.5474,29.5327
9080888,19.5347,29.6699
9111160,19.5776,37.7129
9141532,19.6489,30.2539
9172004,19.6733,29.6157
9202580,19.6689,29.3838
9233256,19.6616,29.7441
9264036,26.1035,59.7642
9294920,19.7026,29.6978
9325904,19.6260,29.6294
9356992,19.6416,29.3013
9388184,26.2300,30.0669
9419480,19.6030,30.0439
9450880,19.6768,30.6606
9482384,19.6431,29.3809
9513992,31.7065,31.1919
9545708,19.6782,29.8037
9577528,26.7925,29.7031
9609456,19.6333,28.9370
9641488,19.6841,29.2339
9673628,19.6724,29.3818
9705876,19.6357,29.0942
9738232,19.7056,29.1938
9770696,19.6377,29.4531
9803268,19.6479,29.4272
9835948,19.6685,29.1821
9868736,19.6421,28.9497
9901632,19.6738,29.2466
9934640,19.6685,29.8560
9967756,19.6362,29.0884
10000984,19.6543,41.7749
10034324,19.6362,29.3584
10067772,19.6519,45.4214
10101332,19.5952,37.7031
10135004,19.6626,31.4600
10168788,19.6616,29.7896
10202684,19.6328,28.9912
10236696,19.6094,29.2651
10270820,19.5840,29.0078
10305060,19.5552,29.1724
10339412,19.5342,29.2944
10373880,19.6836,29.5591
10408460,19.5396,29.2412
10443156,19.6128,30.8496
10477968,19.6831,30.5864
10512896,19.7012,38.2100
10547940,19.6592,29.6055
10583100,19.6572,30.0005
10618380,19.6475,29.1846
10653776,19.6997,29.0151
10689292,19.6274,28.9800
10724924,19.6704,29.0703
10760676,19.6284,29.0186
10796548,19.6489,28.7583
10832540,19.6616,29.3115
10868652,19.6699,28.7842
10904884,19.5854,29.0825
10941236,19.6680,29.1533
10977708,19.6440,29.0317
11014304,19.6758,29.3203
11051020,28.0640,29.3115
11087860,19.6699,55.0649
11124820,19.6724,30.6294
11161904,19.6411,29.2568
11199112,19.6460,51.7324
11236444,19.6221,29.9868
11273900,19.6431,29.5225
11311480,19.6768,29.1597
11349188,27.6895,29.3765
11387020,19.6582,29.1851
11424980,19.6328,29.3691
11463064,19.6797,28.8682
11501276,19.6968,29.3257
11539616,19.6436,29.2344
11578084,26.1255,29.1655
11616680,19.6318,29.6270
11655404,19.6416,29.1055
11694256,19.7031,29.0239
11733240,19.6592,29.0376
11772352,19.6450,28.9741
11811596,19.6587,29.0474
11850968,19.6440,29.7881
11890472,19.6406,28.9902
11930108,19.6729,29.2202
11969876,19.6641,36.7749
12009776,19.6318,29.7490
12049812,19.7007,29.2261
12089980,19.6128,30.2065
12130280,19.6758,29.0137
12170716,19.7007,30.9604
12211288,28.3594,29.6904
12251996,19.6860,29.2339
12292836,19.6587,30.1729
12333816,19.7329,28.8340
12374932,19.7007,28.8584
12416184,19.6606,28.4424
12457572,19.6445,28.8662
12499100,19.6489,28.7661
12540764,19.6558,28.3960
12582568,21.5493,29.2041
12624512,19.6519,39.2725
12666596,19.6802,29.1528
12708820,19.7739,64.2769
12751184,19.6465,44.2368
12793688,19.6460,28.6343
12836336,19.6211,30.1313
12879124,19.7134,29.9678
12922056,19.6729,29.2876
12965132,19.7007,29.3862
13008352,19.6841,29.1050
13051716,19.6616,29.0371
13095224,19.6758,29.6626
13138876,28.0171,29.4849
13182676,19.6250,29.6504
13226620,19.9258,29.6475
13270712,19.6343,29.1221
13314948,19.6602,29.2095
13359332,19.6240,29.0347
13403864,19.6523,28.9917
13448544,19.6333,28.9536
13493376,26.2534,28.9077
13538356,19.6704,36.3618
13583484,19.6230,29.0732
13628764,19.6406,47.2920
13674196,19.6470,30.7075
13719780,19.6602,31.0479
13765516,19.6509,43.9888
13811404,26.7480,30.1489
13857444,19.6528,30.1108
13903636,26.3828,57.9590
13949984,44.5688,30.8799
13996484,19.7046,30.0591
14043140,19.7095,30.3716
14089952,19.6650,29.7642
14136920,19.7520,29.9150
14184044,19.6504,30.0630
14231328,19.6465,29.8862
14278768,19.6533,30.0298
14326364,19.6416,36.5874
14374120,19.6875,30.1045
14422036,27.6191,30.3301
14470112,19.5923,29.9517
14518348,19.6831,29.9434
14566744,19.5928,30.2378
14615300,19.5498,29.2163
14664020,19.5625,29.5435
14712904,19.6709,101.4160
14761948,19.3237,30.3701
14811156,19.6694,30.0225
14860528,19.6533,31.3813
14910064,19.6919,30.9888
14959768,19.6851,30.3467
15009636,19.6704,29.9644
15059672,19.6372,30.0713
15109872,19.6665,29.9434
15160240,19.6909,30.1577
15210776,19.6689,30.1455
15261480,19.6914,30.4102
15312352,19.7051,31.9561
15363396,19.6777,31.3779
15414608,19.6982,108.4575
15465992,19.2627,31.3647
15517548,19.9424,32.1504
15569276,19.7778,31.3286
15621176,19.7539,30.3345
15673248,19.6494,37.7646
15725496,19.7451,30.2471
15777916,19.7178,31.2222
15830512,19.6860,31.3716
15883284,19.6807,31.1904
15936232,19.6709,31.4443
15989356,19.6572,32.6255
16042656,34.4873,32.3306
16096132,19.2632,33.3008
16149788,19.2490,31.1382
16203624,19.6499,31.5698
16257640,19.5718,31.3213
16311836,19.5708,30.8950
16366212,19.6118,30.7275
16420768,19.6387,31.1333
16475504,19.6533,40.8232
16530424,19.6143,30.9229
16585528,19.6133,31.3389
16640816,19.6328,31.4346
16696288,19.6738,31.5630
16751944,19.6235,31.2734
16807784,20.8203,30.9043
16863812,34.0630,35.6631
16920028,20.8760,35.1973
16976432,20.9395,32.5249
17033024,20.7080,30.1563
17089804,20.7427,30.1792
17146772,20.5986,30.3008
17203928,20.7012,30.0728
17261276,20.6431,30.7573
17318816,20.8262,72.7676
17376548,20.7241,30.8765
17434472,20.7529,31.7021
17492588,20.8350,31.1182
17550900,20.6836,30.9639
17609404,20.6631,30.5376
17668104,20.8076,30.7085
17727000,20.7930,32.2026
17786092,20.7163,30.3286
17845380,20.7227,30.3877
17904868,20.6284,31.5322
17964552,20.7529,30.3081
18024436,21.4429,31.4009
18084520,20.5659,30.6797
18144804,20.5967,30.5483
18205288,21.4570,31.6250
18265976,20.7847,30.3633
18326864,20.7461,30.1060
18387956,21.0581,30.1787
18449252,20.7490,30.0688
18510752,20.6621,32.0693
18572456,20.8081,30.1279
18634368,20.7944,30.6851
18696484,20.7173,30.3877
18758808,20.7793,30.6855
18821340,20.8872,31.2148
18884080,20.8218,30.6606
18947028,24.0078,30.6865
19010188,20.7729,30.2847
19073556,21.0322,31.3433
19137136,27.6294,32.3608
19200928,20.8154,30.1445
19264932,21.0498,30.6655
19329152,20.8633,32.2246
19393584,20.7393,30.3115
19458232,20.9771,30.7383
19523096,20.8516,30.5430
19588176,20.7378,30.2715
19653472,20.7061,30.8135
19718984,20.8164,29.9517
19784716,20.7290,31.4731
19850668,20.8237,29.9326
19916840,20.1846,31.0298
19983232,20.7446,30.7266
20049844,20.7798,30.6772
20116680,20.8076,31.9590
20183736,20.7559,31.4072
20251016,21.0029,30.5918
20318520,20.4888,31.8516
20386252,20.1162,30.1284
20454208,20.1465,30.7778
20522392,20.6816,30.3789
20590800,20.3765,30.0464
20659436,20.1587,29.3994
20728304,38.6851,29.4551
20797400,20.2573,29.7632
20866728,20.1987,29.6538
20936284,20.3237,32.2856
21006072,20.8721,30.3071
21076096,20.3145,30.3633
21146352,20.8203,30.9385
21216840,27.1558,42.4795
21287564,33.4233,37.1372
21358524,20.6211,29.9873
21429720,20.8169,42.9443
21501156,20.7212,30.6763
21572828,20.7695,30.8032
21644740,20.1548,31.1362
21716892,20.2549,29.8652
21789284,20.2759,29.8682
21861916,20.2188,29.9248
21934792,20.8286,40.7065
22007908,21.3311,45.4697
22081268,20.2363,30.1768
22154876,20.4268,29.6431
22228728,20.4771,31.6289
22302824,21.2510,39.0894
22377168,20.6958,29.7407
22451760,21.2861,30.2598
22526600,20.3306,31.7222
22601692,20.7905,31.8320
22677032,32.2163,31.6333
22752624,27.7305,33.9321
22828468,28.3994,31.6353
22904564,27.2930,31.7402
22980916,27.7969,30.2344
23057520,21.1157,30.5459
23134380,21.0557,30.6328
23211496,21.2852,30.9033
23288868,21.5151,29.9785
23366500,21.0518,30.2983
23444392,29.2031,30.5615
23522540,21.0156,29.3887
23600952,21.2319,29.7002
23679624,20.9604,31.3789
23758560,20.7217,31.2231
23837756,20.9976,30.2588
23917216,21.1050,31.3296
23996944,20.8130,31.0918
24076936,21.3750,31.8418
24157196,21.4663,29.9761
24237720,20.8882,30.2231
24318516,20.9053,29.7153
24399580,20.8384,29.3770
24480912,20.7583,29.6025
24562516,20.9629,31.2061
24644392,20.7910,42.3491
24726540,21.3301,30.1592
24808964,20.9634,34.3154
24891664,20.7231,29.8647
24974640,21.1714,30.6563
25057892,21.1240,30.1133
25141420,20.6694,30.0605
25225228,21.2520,30.6094
25309316,20.7803,31.1030
25393684,20.4194,56.4639
25478332,20.2529,29.8950
25563260,20.9180,29.7905
25648472,20.7783,30.6348
25733968,20.7280,30.0869
25819748,20.6353,30.2471
25905816,21.0068,30.0645
25992172,20.8643,29.9663
26078816,20.7295,42.3232
26165748,21.1299,48.2510
26252968,21.0776,57.2700
26340480,20.7778,30.4897
26428284,20.9116,29.9512
26516380,21.0010,31.5459
26604768,20.8027,31.6372
26693452,20.8872,30.2451
26782432,20.8784,30.3794
26871708,21.1187,31.8745
26961284,20.8804,31.4629
27051156,20.9258,30.0356
27141328,21.4390,31.1792
27231800,20.7393,29.9858
27322576,20.6948,31.0581
27413652,20.7163,30.4380
27505032,20.6563,30.4604
27596716,20.7861,31.7588
27688708,20.7188,32.4243
27781004,20.6626,31.4639
27873608,20.7646,31.4771
27966524,20.6768,31.6763
28059748,20.6475,31.1826
28153284,20.7002,53.5684
28247132,20.7969,33.0732
28341292,20.7881,31.4575
28435764,20.6592,30.5098
28530552,20.6865,30.5127
28625656,20.6875,45.3916
28721076,20.6362,32.5337
28816816,20.5864,38.6782
28912876,30.3135,54.9014
29009256,24.5552,34.9995
29105956,20.7690,30.6802
29202976,20.9653,31.6279
29300320,20.7949,31.2236
29397988,20.6577,31.7495
29495984,20.6890,33.4575
29594304,26.3501,31.3140
29692952,20.7412,30.8164
29791932,20.7075,31.5298
29891240,20.8042,32.1543
29990880,20.8223,31.1489
30090852,20.7871,32.9946
30191156,20.8521,31.7651
30291796,20.9434,31.1113
30392772,20.6499,31.9395
30494084,20.7031,30.7520
30595732,20.8594,40.6001
30697720,29.9014,32.8496
30800048,20.8999,32.1152
30902716,20.8525,32.1021
31005728,20.8052,32.4883
31109084,20.9521,32.6616
31212784,20.6699,33.6016
31316828,20.7295,33.6401
31421220,36.0767,34.8022
31525960,20.6382,32.3438
31631048,20.7817,31.9468
31736488,20.6929,33.3887
31842280,20.5776,32.3306
31948424,20.6230,33.8931
32054920,20.5547,31.9858
32161772,20.8618,33.2847
32268980,20.9316,44.5723
32376544,30.5205,32.8716
32484468,21.3594,31.9624
32592752,20.8540,32.5391
32701396,21.2964,34.4668
32810404,20.6572,33.6973
32919776,36.1123,34.2720
33029512,20.7588,32.1221
33139612,21.3169,55.0850
33250080,20.7910,33.3018
33360916,20.7583,32.1577
33472120,20.7593,33.3071
33583696,22.4204,32.4487
33695644,22.3896,31.1416
33807964,22.4185,33.9023
33920660,22.4653,32.4341
34033732,81.7397,31.8389
34147180,22.5850,32.8892
34261004,22.3774,31.0527
34375208,42.3228,32.0522
34489796,22.6162,32.3613
34604764,22.3359,32.3564
34720116,22.1060,31.7021
34835852,22.3477,31.8418
34951972,22.3955,55.2954
35068480,22.3530,33.6787
35185376,22.3145,32.9224
35302664,22.0957,31.3853
35420340,22.5088,32.6567
35538408,22.3359,32.5322
35656872,22.4780,31.5781
35775732,33.4556,33.0723
35894988,22.0889,31.0093
36014640,22.0854,31.1919
36134692,22.0869,48.9819
36255144,22.0610,31.5679
36375996,22.3066,31.8457
36497252,22.4194,32.3442
36618912,22.3174,31.2490
36740976,22.2515,31.5068
36863448,22.5542,32.4067
36986328,22.2988,32.7295
37109616,22.1602,32.5952
37233316,22.3242,32.0122
37357428,22.2114,32.3447
37481956,22.1499,31.6045
37606896,22.3604,33.1362
37732256,22.1548,31.4419
37858032,22.0986,31.0796
37984228,22.1255,31.0151
38110844,22.0938,30.9678
38237884,22.1475,31.5308
38365344,22.3535,31.3433
38493232,22.5107,32.0874
38621544,22.3564,31.0947
38750284,22.1138,30.4263
38879452,21.1553,31.6797
39009052,21.1343,32.1929
39139084,21.1089,31.4360
39269548,22.4336,32.2148
39400448,22.3926,31.9277
39531784,22.3823,31.9951
39663560,22.1724,44.7866
39795772,22.4121,31.4209
39928428,22.1084,32.6196
40061524,22.3145,31.5869
40195064,22.1270,34.3823
40329048,22.3374,31.5801
40463480,22.1333,30.4751
40598360,22.0962,31.9482
40733688,22.1597,32.3032
40869468,22.1587,30.9536
41005700,21.4126,32.7534
41142388,23.0645,32.0591
41279532,22.3184,30.6660
41417132,21.2290,31.0679
41555192,21.3306,31.7129
41693712,22.4028,32.0425
41832692,22.1929,32.1646
41972136,22.4165,32.4194
42112044,22.4492,31.0664
42252420,22.1699,75.1855
42393264,22.0977,32.8335
42534576,22.4229,31.9619
42676360,22.4565,30.9883
42818616,42.3164,31.5278
42961348,22.5444,30.9897
43104556,22.3608,31.3379
43248240,22.2935,32.5581
43392404,23.0493,45.4014
43537048,22.2256,32.2783
43682172,33.0532,30.8628
43827780,22.3818,30.9697
43973876,22.4766,46.0537
44120456,22.5498,31.6328
44267528,22.6074,31.6899
44415088,22.2676,30.7056
44563140,22.3018,31.0303
44711684,22.4312,31.2554
44860724,22.2476,31.0845
45010260,28.7773,30.8853
45160296,22.2622,65.7622
45310832,22.2949,31.0591
45461872,22.4258,46.3091
45613412,22.7222,31.6665
45765460,22.6226,44.7388
45918012,22.3618,31.5815
46071076,22.0273,43.5933
46224648,22.3794,31.9263
46378732,22.3408,30.8560
46533328,22.3921,31.1255
46688440,22.4497,31.0010
46844072,22.6226,32.0469
47000220,22.7197,30.3115
47156888,22.1885,31.1230
47314080,22.4785,34.9927
47471796,22.4468,31.8623
47630036,22.4824,31.1675
47788804,22.3726,31.1641
47948104,21.1636,31.7192
48107932,21.1411,31.7363
48268292,21.3550,30.4878
48429188,44.4839,30.9233
48590620,21.4194,31.8643
48752592,22.1753,31.0825
48915104,22.4819,30.3521
49078156,22.4512,30.9043
49241752,22.3125,31.9297
49405892,28.8325,31.6133
49570580,22.6206,31.0713
49735816,21.4443,30.5410
49901604,22.1846,31.0117
50067944,22.4082,31.7100
50234840,21.1963,32.0776
50402292,33.9238,32.7705
50570300,22.4888,41.6987
50738868,22.4170,31.5264
50908000,22.4614,31.1182
51077696,22.1279,30.5669
51247956,22.3896,31.1123
51418784,22.3999,30.1553
51590180,22.1450,31.2129
51762148,22.4561,31.5747
51934692,22.4590,31.4971
52107808,22.1636,39.8071
52281504,22.3135,31.2236
52455776,22.6260,32.4077
52630632,22.4409,31.4272
52806068,22.9756,31.6860
52982092,29.6768,30.9053
53158700,22.5195,32.8931
53335896,22.3486,56.4673
53513684,22.5762,32.3574
53692064,22.6123,42.9204
53871040,22.6865,31.3804
54050612,22.3193,61.2368
54230784,22.1548,32.6079
54411556,22.2402,31.3398
54592928,22.2485,63.0845
54774908,22.8608,32.8506
54957492,22.5303,32.3105
55140684,22.5186,33.6479
55324488,22.1147,32.2505
55508904,22.4487,32.2896
55693936,22.0313,32.4941
55879584,22.2422,32.2412
56065852,22.4897,32.0723
56252740,22.7358,32.8447
56440252,22.3022,33.0381
56628388,22.4365,33.5552
56817152,22.2559,33.2319
57006544,22.0166,33.2744
57196568,22.6563,31.7476
57387224,21.9604,31.2031
57578516,22.2617,32.1694
57770448,38.3037,32.0005
57963020,21.9185,31.6724
58156232,22.3799,33.8950
58350088,22.3765,32.2197
58544592,22.1812,32.7729
58739744,22.3120,32.1953
58935544,22.7056,43.3828
59131996,22.4971,32.6060
59329104,22.4316,33.0713
59526868,22.4082,33.3237
59725292,22.5107,32.1519
59924380,21.9556,32.7910
60124128,22.2549,31.8770
60324544,21.9575,31.5034
60525628,22.4321,32.4038
60727384,22.3745,33.7393
60929812,22.3911,32.6660
61132912,22.3145,34.5156
61336692,22.0444,33.3813
61541148,22.5708,32.7622
61746288,21.8672,33.1133
61952112,22.0210,32.4580
62158620,22.4800,33.8345
62365816,22.7505,32.9468
62573704,22.4883,32.9448
62782284,22.5679,33.2939
62991560,22.3491,33.2051
63201532,22.3877,33.9360
63412204,22.4604,34.8320
63623580,22.3110,33.8096
63835660,22.0684,35.0063
64048448,22.1777,34.1138
64261944,22.1841,36.2041
64476152,22.8071,34.7563
64691076,22.8223,33.4180
64906716,21.2808,34.7168
65123072,22.1763,33.7183
65340152,22.3501,33.3701
65557956,22.0747,33.7827
65776484,22.1777,44.1592
65995740,22.3799,63.8916
66215728,22.2021,33.4878
66436448,22.1626,34.4907
66657904,29.5674,36.3916
66880100,22.2241,35.5386
67103036,27.5640,34.0664
