4,1.1167,1.3311
8,1.8423,5.3843
12,2.3716,7.4834
16,2.3516,9.0132
20,2.9619,9.1240
24,2.9702,11.5879
28,2.9712,11.4321
32,2.9604,9.7749
36,3.4961,9.1563
40,3.5000,9.5635
44,3.4956,9.4395
48,3.4883,11.9248
52,3.4922,10.1665
56,3.4976,10.4346
60,3.4990,10.0854
64,3.4858,10.0820
68,4.0088,9.1450
72,4.0000,9.1113
76,3.9907,8.9229
80,3.9756,9.3667
84,3.9814,9.0703
88,4.0068,9.1279
92,4.0000,27.7612
96,3.9927,12.6235
100,3.9937,10.8618
104,3.9868,11.0835
108,3.9893,10.8774
112,3.9907,10.3945
116,3.9873,10.5894
120,3.9868,42.5527
124,3.9805,10.8364
128,3.9585,11.0327
132,4.6265,9.8438
136,4.6357,10.0571
140,4.6299,9.9067
144,4.6152,9.8257
148,4.6362,9.6758
152,4.6382,9.8105
156,4.6104,9.8516
160,4.6304,10.4707
164,4.6299,10.1089
168,4.6152,10.0742
172,4.6108,9.6982
176,4.6074,18.2866
180,4.6680,10.2642
184,4.6240,9.7310
188,4.6162,9.5293
192,4.6274,12.5986
196,4.6328,12.0786
200,4.6167,12.2275
204,4.6235,12.0176
208,4.6274,11.9082
212,4.6426,11.9956
216,4.6382,64.2822
220,4.6328,23.9482
224,4.6157,11.7329
228,4.6533,11.3281
232,4.6665,11.1167
236,4.6655,11.2222
240,4.6162,11.2134
244,4.6626,11.2632
248,4.6338,11.1655
252,4.5781,11.0938
256,4.6421,11.4702
260,5.3252,10.8203
264,5.3696,10.7520
268,5.3481,10.5679
272,5.3545,10.4375
276,5.3882,10.3599
280,5.3198,10.3203
284,5.3320,10.3862
288,5.3335,10.2910
292,5.3174,10.1338
296,5.3242,10.3066
300,5.3325,10.3892
304,5.3628,10.1953
308,5.3354,10.2749
312,5.3350,10.3940
316,5.3301,10.4048
320,5.3350,10.8311
324,5.3252,10.6479
328,5.3262,10.4751
332,5.3394,10.1704
336,5.3184,10.4072
340,5.3359,10.3296
344,5.3340,10.4810
348,5.3291,10.6499
352,5.3496,10.3101
356,5.3379,24.3252
360,5.3535,10.4365
364,5.3433,10.4565
368,5.3203,10.3569
372,5.3296,10.3232
376,5.3486,19.3838
380,5.3296,10.8789
384,5.3413,12.9512
388,5.3364,12.6655
392,5.3457,12.8125
396,5.3301,12.6831
400,5.3560,12.5894
404,5.3257,12.7495
408,5.3564,12.7139
412,5.3340,12.8271
416,5.3555,12.7251
420,5.3223,12.8433
424,5.3511,12.6426
428,5.3301,12.8047
432,5.3486,12.7734
436,5.3374,12.6743
440,5.3271,12.7808
444,5.3384,12.4673
448,5.3359,13.3018
452,5.3379,12.7261
456,5.3242,12.7090
460,5.3369,12.7920
464,5.3262,12.4082
468,5.3359,11.9741
472,5.3286,11.7622
476,5.3574,11.7954
480,5.3730,11.8091
484,5.3267,11.7832
488,5.3389,11.6772
492,5.3379,11.9131
496,5.3438,11.8677
500,5.3208,11.8296
504,5.3530,11.7295
508,5.3833,11.9414
512,5.3521,11.2847
516,6.0977,10.7061
520,6.0806,10.7622
524,6.0928,10.8086
528,6.0942,10.7310
532,6.0776,10.7686
536,6.0918,10.7422
540,6.0908,10.5044
544,6.0693,10.7144
548,6.0967,10.7368
552,6.0874,10.8506
556,6.0806,10.7666
560,6.1138,10.6470
564,6.0996,10.7974
568,6.0864,10.6255
572,6.0898,11.0010
576,6.0845,10.7764
580,6.0947,10.8843
584,6.1001,10.8140
588,6.0747,10.8247
592,6.1045,10.7510
596,12.9355,12.1240
600,6.0718,11.6270
604,6.0913,11.1089
608,6.0801,10.7163
612,6.0962,10.7930
616,6.1045,13.9878
620,6.0947,10.9102
624,6.0713,10.8613
628,6.0903,10.7437
632,6.0698,10.6831
636,6.1045,10.6646
640,6.1162,10.8540
644,6.0703,10.8242
648,6.0854,10.8926
652,6.0801,10.7065
656,6.0820,10.7080
660,6.0757,11.0767
664,6.0908,10.8774
668,6.0771,20.9009
672,6.0723,10.8286
676,6.0786,10.8823
680,6.0645,11.1074
684,6.0854,10.9897
688,6.0698,10.8823
692,6.0811,10.8496
696,6.0737,10.8545
700,6.0864,10.9731
704,6.0732,10.8203
708,6.0811,10.9937
712,6.1138,10.6831
716,6.0747,10.6670
720,6.0981,10.6484
724,6.0684,17.4355
728,6.0796,10.8975
732,6.1040,10.9546
736,6.0908,10.8286
740,6.1011,10.8110
744,6.1221,10.8081
748,6.0894,10.8599
752,6.1733,10.7207
756,6.0757,10.6260
760,6.0820,10.6909
764,6.0791,10.8042
768,6.0835,13.3047
772,6.0845,12.6797
776,6.0684,12.8730
780,6.2642,12.7114
784,154.4741,13.7021
788,6.1099,13.1533
792,6.0762,12.8921
796,6.0620,12.8833
800,6.0864,13.1094
804,6.0854,12.8843
808,6.0620,13.0947
812,6.0869,13.0967
816,6.1475,12.9546
820,6.1328,12.7490
824,6.0493,12.3818
828,6.0635,12.3271
832,6.0884,12.4521
836,6.1064,12.6201
840,6.0747,12.3545
844,6.0854,12.4653
848,6.0654,12.3779
852,6.0767,12.4834
856,6.2871,12.9487
860,6.1030,12.5171
864,6.0884,12.8179
868,6.1001,12.3276
872,6.0859,12.5391
876,6.4097,12.3359
880,6.1450,12.7256
884,6.0806,12.6895
888,6.1299,12.4800
892,6.0791,12.6699
896,6.0903,12.4790
900,6.0947,12.6426
904,6.0806,12.2900
908,6.0918,12.9775
912,6.0737,13.1113
916,6.0869,12.4653
920,6.1182,12.4658
924,6.1016,12.4946
928,6.0786,12.3823
932,6.0669,12.7124
936,6.0894,12.0898
940,6.0659,12.4814
944,6.0771,12.6143
948,6.0747,12.5190
952,6.0938,12.5117
956,6.0825,12.5034
960,6.0698,12.4780
964,6.1050,12.5332
968,6.0659,12.4453
972,6.0884,12.4194
976,6.1055,12.4302
980,6.0610,12.4102
984,6.0757,12.5708
988,6.0757,12.4668
992,6.0859,12.5249
996,6.0786,12.3643
1000,6.0776,12.3252
1004,6.0645,12.4902
1008,6.0869,12.5215
1012,6.1123,12.8457
1016,6.1162,12.6240
1020,6.0815,12.5142
1024,6.0322,12.3340
1028,6.9292,11.3638
1032,6.9224,11.6914
1036,6.9976,11.3438
1040,6.9775,11.5151
1044,6.8818,11.4604
1048,6.9263,11.4751
1052,7.0859,11.2744
1056,7.0112,12.0234
1060,6.9287,11.4360
1064,6.9492,11.4038
1068,6.9453,11.3750
1072,6.9717,11.5640
1076,6.9468,11.3413
1080,6.9272,11.3540
1084,6.9263,11.3740
1088,6.9307,11.3804
1092,6.8711,11.6274
1096,6.9399,11.6353
1100,6.9111,11.2856
1104,6.9253,11.4941
1108,7.0210,11.3760
1112,6.9097,11.4189
1116,6.9243,11.3882
1120,7.0029,11.3530
1124,6.9282,11.6489
1128,6.9673,11.3428
1132,6.9214,11.3335
1136,6.9233,11.2393
1140,6.9185,11.2163
1144,6.9355,11.1294
1148,6.9102,11.2104
1152,6.9131,11.3325
1156,6.9155,11.3896
1160,6.8955,11.2744
1164,6.9087,11.3135
1168,6.9331,11.2896
1172,6.8530,11.3032
1176,6.9360,11.2427
1180,6.9204,11.2471
1184,6.9097,11.2290
1188,6.9312,11.2622
1192,6.9302,11.2368
1196,6.9404,11.2632
1200,6.8931,11.2119
1204,6.9292,17.0840
1212,6.9370,11.6641
1220,6.9063,11.2754
1228,6.9219,11.1846
1236,6.8945,11.4150
1244,6.9214,11.0786
1252,6.8838,11.1621
1260,6.9312,11.1543
1268,6.9146,11.4014
1276,6.9204,11.4517
1284,6.9414,11.5249
1292,6.9292,11.4028
1300,6.9224,11.5083
1308,6.9053,11.5679
1316,6.9268,11.3730
1324,6.9243,11.3125
1332,6.9150,11.3335
1340,6.9209,11.4438
1348,6.9072,11.5054
1356,6.9395,11.4795
1364,6.8472,11.4956
1372,6.9341,11.2578
1380,6.9312,11.4595
1388,6.9180,11.3188
1396,6.8931,11.4707
1404,6.9175,11.1802
1412,6.8921,11.3877
1420,6.9204,11.5269
1428,6.9248,11.5059
1436,6.9185,11.3784
1444,6.9292,11.1826
1452,6.9209,11.3525
1460,6.9189,11.3384
1468,6.9048,11.3594
1476,6.9258,11.6162
1484,6.8989,11.2627
1492,6.9307,11.4214
1500,6.9048,11.7832
1508,6.8921,11.5625
1516,6.9268,11.5195
1524,6.8975,11.7412
1532,6.8940,11.7002
1540,6.8579,13.6826
1548,6.9282,13.3965
1556,6.9302,13.2529
1564,6.9307,13.2798
1572,6.9219,13.1733
1580,6.9312,13.0156
1588,6.9097,12.9570
1596,6.9170,13.0874
1604,6.9282,13.0469
1612,6.9126,13.2466
1620,6.8882,13.0918
1628,6.9224,13.0884
1636,6.8970,13.0620
1644,6.9321,12.8423
1652,6.9072,13.4429
1660,6.9053,13.2881
1668,6.9175,13.0659
1676,6.8848,12.9790
1684,6.9082,12.9561
1692,6.9355,13.0586
1700,6.9331,12.8755
1708,6.9302,13.0190
1716,6.9209,13.0249
1724,6.9395,13.2363
1732,6.9150,12.8125
1740,6.9229,12.8662
1748,6.9253,13.0820
1756,6.9072,13.0156
1764,6.9268,12.9312
1772,6.9360,13.0449
1780,6.9194,12.9751
1788,6.9302,13.3628
1796,6.9375,12.9756
1804,6.9268,12.9951
1812,6.8848,13.3164
1820,6.9355,13.0786
1828,6.9263,12.9766
1836,6.9121,13.2056
1844,6.9341,12.8818
1852,6.9199,12.9893
1860,6.8799,12.8213
1868,6.9272,13.0923
1876,6.9136,12.9243
1884,6.9014,13.0830
1892,6.9312,13.1362
1900,6.9248,13.1279
1908,6.9360,13.1641
1916,6.9414,12.9727
1924,6.8892,13.1143
1932,6.9409,13.6338
1940,6.9282,13.0479
1948,6.9131,13.0854
1956,6.9370,13.0132
1964,6.9277,12.9609
1972,6.9131,12.9155
1980,6.8896,13.1792
1988,6.9155,12.9146
1996,6.9097,13.0000
2004,6.9233,12.8638
2012,6.9238,13.0913
2020,6.9087,13.2847
2028,6.9395,13.2100
2036,6.8838,13.1450
2044,6.9189,13.1787
2052,7.7588,13.0801
2060,7.7466,12.1968
2068,7.7466,12.0903
2076,7.7534,12.0200
2084,7.7368,11.9927
2092,7.7295,11.9893
2100,7.7476,12.2036
2108,7.7427,12.0957
2116,7.7271,12.0059
2124,7.7720,12.0562
2132,7.7378,11.8159
2140,7.7261,11.9014
2148,7.8501,11.8716
2156,7.7505,12.0083
2164,7.7261,11.9941
2172,7.7480,11.9575
2180,7.7271,11.8267
2188,7.7520,11.9160
2196,7.7510,12.0415
2204,7.7246,11.9395
2212,7.7471,11.9678
2220,7.7515,11.8325
2228,7.7349,11.9736
2236,7.7466,11.9878
2244,7.7476,11.8896
2252,7.7427,12.0342
2260,7.7432,12.1123
2268,7.7476,12.0562
2276,7.7275,12.0918
2284,7.7617,12.1104
2292,7.7334,12.0815
2300,7.7402,12.0293
2308,7.7515,11.8496
2316,7.7310,17.3174
2324,7.7456,12.2231
2332,7.7583,12.0117
2340,7.7427,11.8691
2348,7.7588,11.9873
2356,7.7212,12.0449
2364,7.7412,12.1284
2372,7.7007,11.9424
2380,7.7466,11.9712
2388,7.7339,11.8379
2396,7.7051,11.9761
2404,7.7480,11.7383
2416,7.7104,11.7861
2428,7.7012,12.0635
2440,7.7495,12.4463
2452,7.7402,11.9087
2464,7.7485,11.9697
2476,7.7383,11.9824
2488,7.7349,11.8354
2500,7.7417,11.8857
2512,7.7412,11.7451
2524,7.7319,23.8057
2536,7.7583,12.9434
2548,7.7568,28.8525
2560,12.5649,24.0176
2572,7.7563,13.1440
2584,7.7192,12.9063
2596,7.7661,12.7485
2608,7.7251,12.2188
2620,7.7686,27.7524
2632,7.7568,12.5332
2644,7.7422,12.2231
2656,7.7500,27.9507
2668,12.6899,12.3081
2680,7.7749,12.1904
2692,7.7363,12.1982
2704,7.7559,12.0186
2716,7.7705,12.0605
2728,7.7495,21.0371
2740,7.5171,12.2476
2752,7.5347,12.2534
2764,7.4971,12.1104
2776,7.4985,12.1484
2788,7.4980,12.4038
2800,7.4741,12.1333
2812,7.4858,12.1191
2824,7.5278,12.0005
2836,7.4702,11.9907
2848,7.5161,12.0283
2860,7.4927,11.9897
2872,7.5151,12.0679
2884,7.4790,12.0220
2896,7.4834,12.0078
2908,7.5103,12.0303
2920,7.5332,12.0747
2932,7.4863,12.0176
2944,7.5054,12.0430
2956,7.5220,11.9858
2968,7.4902,12.1558
2980,7.5303,11.9507
2992,7.5005,11.9160
3004,7.4604,11.9194
3016,7.4985,11.9263
3028,7.5005,12.0435
3040,7.4795,12.1968
3052,7.5347,11.9922
3064,7.4697,12.0103
3076,7.5229,14.5825
3088,7.5347,14.3037
3100,7.5088,14.0576
3112,7.5127,14.4492
3124,7.5127,14.2178
3136,7.5244,14.0781
3148,7.5215,14.1299
3160,7.7026,14.3062
3172,7.5015,13.9927
3184,7.6309,13.9502
3196,7.5283,13.9175
3208,7.5195,13.9849
3220,7.4917,14.2217
3232,16.2896,14.2549
3244,7.7490,14.0186
3256,7.7681,13.6167
3268,7.7310,13.6670
3280,7.7363,26.9111
3292,13.1904,27.7461
3304,33.2314,15.0615
3316,25.6587,18.9868
3328,30.5273,29.2632
3340,12.5513,30.5840
3352,7.7397,13.9048
3364,7.7251,13.6450
3376,7.7388,13.6294
3388,7.7461,13.4790
3400,7.7554,13.4219
3412,7.7480,13.5645
3424,7.7407,13.4199
3436,14.9844,18.9673
3448,7.7500,13.7344
3460,7.7271,13.6572
3472,17.5161,13.6045
3484,7.7490,13.6509
3496,7.7290,13.6787
3508,7.7427,13.6538
3520,7.7559,13.7163
3532,7.7651,15.2666
3544,7.7500,15.1328
3556,7.7632,14.0527
3568,7.7642,14.2173
3580,7.7319,14.1602
3592,7.7134,14.1309
3604,7.7603,14.4561
3620,7.7671,14.2407
3636,7.7642,14.0728
3652,7.7451,13.6479
3668,7.7578,13.8809
3684,7.7568,14.1289
3700,7.7695,13.5215
3716,7.7515,13.9014
3732,7.7422,21.2070
3748,7.5259,18.3350
3764,7.7588,14.1709
3780,7.7192,14.1328
3796,7.7417,13.5698
3812,7.7305,13.8506
3828,7.7583,13.9165
3844,7.7622,13.5225
3860,7.7656,13.7549
3876,7.7339,13.7480
3892,7.7368,13.5796
3908,7.7446,13.9092
3924,7.7607,13.6743
3940,7.7578,13.3257
3956,7.7329,13.5894
3972,7.7554,13.5728
3988,7.7627,14.0957
4004,7.7554,13.6553
4020,7.7515,13.6665
4036,7.8188,13.9473
4052,7.7466,13.6543
4068,7.7734,13.4434
4084,7.7466,13.6392
4100,8.5254,13.5884
4116,8.5054,12.6201
4132,8.5640,12.6152
4148,8.5156,12.6450
4164,8.5156,12.5215
4180,16.6953,12.8281
4196,8.5132,12.7114
4212,8.4995,12.7749
4228,8.5327,12.9790
4244,8.5483,12.3926
4260,8.5303,12.5356
4276,8.5166,12.4736
4292,8.5610,12.5825
4308,8.5259,12.5562
4324,8.5205,12.6367
4340,8.5112,12.4858
4356,8.5215,12.6201
4372,8.5190,12.4917
4388,8.5171,12.7612
4404,8.5137,12.5820
4420,8.5107,12.4766
4436,8.5352,12.6040
4452,8.5249,12.5239
4468,8.5117,16.5410
4484,8.4990,12.6187
4500,8.5034,12.4185
4516,8.5322,12.4580
4532,8.5088,12.4150
4548,8.5229,12.5293
4564,8.5000,12.6270
4580,8.5264,12.5571
4596,8.4995,12.3755
4612,8.5928,12.5215
4628,8.5762,12.4824
4644,8.5146,12.6074
4660,8.5601,12.4819
4676,8.5215,12.3916
4692,8.5347,12.4883
4708,8.5308,12.5278
4724,8.5337,12.4810
4740,8.4834,12.4482
4756,8.5088,18.7202
4772,8.5122,12.6387
4788,9.3306,12.5728
4804,8.5166,12.5020
4824,8.6567,12.5483
4844,8.5386,12.4312
4864,8.5205,12.5054
4884,8.5151,12.4780
4904,8.5288,12.5225
4924,8.5137,12.4810
4944,8.4849,12.3721
4964,8.5132,12.5269
4984,8.5259,12.3994
5004,8.5103,12.4858
5024,8.5103,12.4712
5044,8.5151,12.3804
5064,8.5234,12.4326
5084,8.5029,12.4229
5104,8.5269,28.8901
5124,8.5366,13.0435
5144,8.5430,12.8560
5164,8.5059,13.0059
5184,8.5171,12.7188
5204,8.5195,12.6006
5224,8.5264,12.7661
5244,8.5332,12.6558
5264,8.5181,12.5269
5284,8.5005,12.6611
5304,8.5195,12.7793
5324,8.5308,12.4922
5344,8.5093,12.4370
5364,8.5210,12.5488
5384,8.5166,12.4854
5404,8.5171,12.4404
5424,8.5122,12.6108
5444,8.5122,12.5723
5464,12.9946,12.9365
5484,8.5474,12.6924
5504,8.5234,12.5674
5524,8.5107,12.6470
5544,8.4941,12.6084
5564,8.5132,12.6426
5584,8.5664,12.7295
5604,8.5386,12.4834
5624,8.4922,12.5728
5644,8.5220,12.5845
5664,8.5059,12.9741
5684,8.5400,12.7065
5704,8.4985,12.6465
5724,8.4927,12.6260
5744,8.5264,12.5498
5764,8.5249,12.5825
5784,8.5220,12.6777
5804,8.5078,12.5762
5824,14.0610,12.8784
5844,8.5596,12.6738
5864,8.5288,12.7134
5884,8.5054,12.5776
5904,8.5068,12.7451
5924,8.5137,12.6567
5944,8.5278,12.7407
5964,8.5054,12.7842
5984,8.5020,12.7275
6004,11.6885,13.1143
6028,8.5117,12.7183
6052,8.5288,12.6748
6076,8.5142,12.6880
6100,8.5229,12.8354
6124,8.5371,12.6299
6148,8.5376,15.6489
6172,8.5142,15.3965
6196,8.5083,21.2290
6220,8.5361,15.3569
6244,8.5557,15.2852
6268,8.5454,17.7720
6292,8.5894,15.1147
6316,8.5269,15.2617
6340,8.5098,15.0693
6364,8.5073,14.9961
6388,8.5493,14.5835
6412,8.4971,14.3506
6436,8.4995,14.4390
6460,8.5122,14.6001
6484,8.5288,14.6299
6508,8.5156,14.7573
6532,8.5000,14.5625
6556,8.5581,14.3833
6580,8.5215,14.4517
6604,8.5137,19.9727
6628,8.5537,14.9790
6652,8.5293,14.6401
6676,8.5181,27.9272
6700,8.5249,14.9775
6724,8.5200,14.5928
6748,8.5186,14.6104
6772,8.4961,14.7520
6796,8.5273,14.5283
6820,8.5215,14.3838
6844,8.5078,14.6445
6868,8.5171,14.5093
6892,8.5107,14.8154
6916,8.5181,14.3936
6940,8.4932,14.6313
6964,8.5020,14.5454
6988,8.5068,35.0068
7012,8.5015,14.8408
7036,8.5190,14.5903
7060,8.5020,14.7104
7084,8.5190,14.4702
7108,8.5303,14.5278
7132,8.5054,14.5737
7156,8.5088,14.3638
7180,8.5000,14.5483
7204,8.5127,14.6104
7232,8.4951,14.4785
7260,8.5098,14.5537
7288,8.5366,14.4434
7316,8.5361,14.7632
7344,8.5396,14.4951
7372,8.5474,14.2900
7400,8.5200,14.5635
7428,15.6255,14.7505
7456,8.5771,14.5151
7484,8.5308,14.2529
7512,8.5225,14.6294
7540,8.5098,14.4185
7568,8.5093,14.5337
7596,8.5181,14.2681
7624,8.5254,14.2266
7652,8.5083,14.6216
7680,8.5347,14.6426
7708,8.5220,14.6670
7736,8.6006,14.5234
7764,8.5210,14.3013
7792,8.5078,14.5996
7820,8.5366,14.8838
7848,8.5181,14.4585
7876,8.5234,18.6152
7904,8.5347,14.8271
7932,8.5366,14.8257
7960,8.5181,14.5459
7988,8.5229,14.5488
8016,8.5132,14.4185
8044,8.5146,14.7432
8072,8.4966,14.5093
8100,8.5068,14.4102
8128,8.5210,14.5581
8156,8.4985,14.5854
8184,8.5186,14.7051
8212,9.4434,14.4795
8240,9.4253,13.5830
8268,9.4272,13.4629
8296,9.4136,13.2803
8324,9.4409,13.2534
8352,9.4443,13.6284
8380,9.4570,13.3838
8408,9.4023,13.4355
8440,9.4448,13.4492
8472,9.4487,13.1587
8504,9.4312,13.5225
8536,9.4546,13.4272
8568,9.4116,13.4438
8600,9.4331,13.3638
8632,15.8062,13.6870
8664,9.4629,13.4424
8696,9.4561,13.5811
8728,9.4868,13.4194
8760,9.3813,13.6548
8792,9.4063,13.3154
8824,9.4854,13.2339
8856,9.4214,13.2383
8888,9.4229,13.3867
8920,9.4678,13.3506
8952,9.4482,13.3721
8984,9.4507,13.2642
9016,9.4219,13.1694
9048,9.4756,13.3906
9080,9.4482,13.7930
9112,9.5361,13.3574
9144,9.4502,13.0977
9176,9.4609,13.6743
9208,9.5645,13.4673
9240,9.4492,13.1855
9272,9.4443,13.3384
9304,9.4541,13.2324
9336,9.4678,13.2109
9368,9.4575,13.5161
9400,9.5649,13.3208
9432,9.4468,13.1880
9464,9.4414,13.5571
9496,9.4731,13.4385
9528,9.4868,13.5117
9560,9.4307,13.4990
9592,9.4258,13.3657
9624,9.4360,13.3574
9660,9.4023,13.0737
9696,9.4502,19.7544
9732,9.4736,13.7949
9768,9.4155,18.4810
9804,9.4170,13.6362
9840,9.4648,13.4551
9876,9.4590,13.4575
9912,9.4346,13.2983
9948,9.4224,13.3091
9984,9.4463,13.1924
10020,9.4487,13.2500
10056,9.4521,13.4473
10092,9.4487,13.2402
10128,9.3921,13.3257
10164,9.4072,13.1899
10200,9.4424,13.1924
10236,9.4282,13.4658
10272,9.4136,14.0938
10308,9.4463,18.9487
10344,9.4668,13.6953
10380,9.4575,13.5205
10416,9.4121,13.5674
10452,9.4438,13.4912
10488,9.4189,13.8188
10524,9.4619,13.6338
10560,9.4238,13.5693
10596,9.4268,13.5679
10632,9.3662,13.5513
10668,9.4067,13.5166
10704,19.3970,14.6953
10740,9.4458,14.1392
10776,9.4521,13.5552
10812,9.4170,13.4683
10852,9.4565,13.5410
10892,9.4082,13.3071
10932,9.4150,13.5249
10972,9.4551,13.4658
11012,9.4365,13.5112
11052,9.4570,13.4595
11092,9.3809,13.3516
11132,9.4282,13.4204
11172,9.4492,13.3027
11212,9.4146,25.1382
11252,9.4326,13.7314
11292,9.4297,13.3701
11332,9.4487,13.4888
11372,9.4487,13.3818
11412,9.4604,13.6401
11452,9.3691,13.5869
11492,9.4146,13.4106
11532,9.4233,13.5508
11572,9.4482,13.3584
11612,9.4604,13.3472
11652,9.4609,13.3862
11692,9.4224,13.4014
11732,9.4531,13.3027
11772,9.4888,13.3022
11812,9.4199,13.3857
11852,9.4458,13.3643
11892,9.4590,18.7202
11932,9.4292,13.6514
11972,9.4336,13.5864
12012,14.4849,13.4507
12056,9.4204,13.2949
12100,9.4150,13.3999
12144,9.4336,13.3398
12188,9.4321,13.4619
12232,9.4565,13.4600
12276,9.4507,13.3994
12320,9.4189,15.9341
12364,9.4546,15.7666
12408,9.4482,15.7153
12452,9.4541,15.6348
12496,9.4492,15.8481
12540,17.3926,17.4146
12584,9.4512,24.3677
12628,9.4395,16.2529
12672,9.4077,15.5366
12716,15.6797,15.4277
12760,15.2109,17.6021
12804,9.3984,15.7344
12848,9.4478,15.4653
12892,9.4009,15.4863
12936,9.4385,15.5410
12980,9.4604,15.6719
13024,9.4497,15.5132
13068,9.3984,15.8203
13112,9.4194,15.3809
13156,9.4517,15.6221
13200,9.4360,15.4263
13244,15.3813,15.9761
13292,9.3979,15.5283
13340,9.3647,15.7373
13388,9.3828,15.0488
13436,9.4243,15.4063
13484,9.3945,15.2026
13532,9.4136,15.3184
13580,9.4023,15.3799
13628,9.3931,28.8022
13676,9.4189,15.5117
13724,9.3623,15.4893
13772,9.3789,15.8071
13820,9.3521,15.7163
13868,9.4136,15.3745
13916,9.4111,15.5459
13964,9.4116,15.2778
14012,9.4004,15.2671
14060,9.3794,18.4316
14108,9.4106,15.4976
14156,9.4121,15.4185
14204,9.4043,15.2617
14252,9.4033,15.3398
14300,9.4131,15.2979
14348,9.4282,15.2563
14396,35.2500,16.3662
14444,9.4272,15.6001
14496,9.4063,15.5635
14548,9.4302,22.3970
14600,9.4556,15.3779
14652,20.0010,15.5596
14704,9.4258,15.5400
14756,9.4355,15.5283
14808,9.4570,15.4131
14860,9.4121,15.4819
14912,9.4473,15.5537
14964,9.4595,15.4985
15016,9.4229,15.6963
15068,9.4644,15.2578
15120,9.4546,15.7061
15172,9.4556,15.4595
15224,9.4546,15.4800
15276,9.4585,15.5620
15328,9.4712,15.2954
15380,9.4609,15.4414
15432,9.4590,15.2700
15484,9.4331,15.4526
15536,9.4263,15.5010
15588,9.4189,15.2676
15640,9.4619,15.2568
15696,9.4609,15.5044
15752,9.4663,15.3691
15808,9.4546,15.2871
15864,9.4624,15.2021
15920,9.4238,15.3452
15976,9.4048,15.4492
16032,9.4263,15.3721
16088,9.4209,15.2524
16144,9.4614,15.4341
16200,9.4312,15.2725
16256,9.4292,15.4424
16312,9.4546,15.3613
16368,9.4541,15.5581
16424,10.4873,15.1890
16480,10.4819,14.5366
16536,10.4849,14.4702
16592,10.4824,14.4067
16648,10.4419,14.2681
16704,10.4438,14.4209
16760,10.4858,14.6372
16816,16.7988,24.0581
16876,10.4888,14.8555
16936,10.4385,14.1870
16996,10.4331,14.1001
17056,10.4277,14.2974
17116,10.4780,14.0884
17176,10.4336,14.0620
17236,10.4360,13.9468
17296,10.4258,14.3296
17356,10.5000,13.9434
17416,10.4995,14.0093
17476,10.4663,14.0156
17536,10.4868,14.0298
17596,10.4395,13.9033
17656,10.4814,13.9092
17716,10.4731,13.9526
17776,10.4805,14.1826
17836,10.4829,13.9756
17896,10.4375,13.8950
17956,10.4390,13.8062
18016,10.4912,14.0586
18080,10.4336,13.7720
18144,10.4707,13.9854
18208,10.4766,13.9492
18272,10.4824,13.8438
18336,10.4312,13.9893
18400,10.4722,13.9004
18464,10.4751,13.9531
18528,10.4346,13.9790
18592,10.4619,13.7808
18656,10.4370,13.7588
18720,10.4678,13.7256
18784,10.4707,13.6318
18848,10.4268,13.8389
18912,10.4082,13.9204
18976,10.4512,13.9175
19040,10.4370,13.8564
19104,10.4824,13.9531
19168,10.4766,13.9624
19232,10.4814,13.7065
19300,10.4170,13.7832
19368,10.4478,13.9194
19436,10.4233,13.9189
19504,10.4419,13.8818
19572,10.4360,14.0078
19640,10.4287,13.8716
19708,10.4170,13.9326
19776,10.4795,13.7773
19844,10.4741,14.2144
19912,10.4624,13.9814
19980,10.4702,13.9976
20048,10.4243,13.9526
20116,10.4189,14.0996
20184,10.4678,14.0889
20252,10.4702,13.9741
20320,10.4683,27.9028
20388,10.4839,13.9287
20456,10.4736,24.8115
20528,10.4883,14.6504
20600,10.4761,14.2627
20672,10.4556,14.2915
20744,10.4839,14.0786
20816,10.4438,14.2241
20888,10.4453,14.3149
20960,10.4722,14.3228
21032,10.4360,14.2432
21104,10.4868,14.1060
21176,13.0791,14.4839
21248,10.4341,14.1729
21320,10.4043,14.2319
21392,10.4253,14.2002
21464,10.4668,14.0732
21536,10.4731,14.3398
21608,10.4800,14.1050
21684,10.4478,14.3462
21760,10.4224,14.2656
21836,10.4619,14.2334
21912,10.4253,14.2778
21988,10.4722,14.3945
22064,10.5195,14.2051
22140,10.4805,14.1152
22216,10.4595,14.1411
22292,10.4102,14.3926
22368,10.5156,14.0864
22444,10.4292,14.2993
22520,10.4287,14.0142
22596,10.4375,14.0059
22672,10.5171,14.0259
22748,10.4287,14.0020
22824,10.4785,13.9902
22904,10.5205,14.0571
22984,10.6597,14.3525
23064,10.4868,14.2339
23144,10.4561,14.1489
23224,10.4248,14.1265
23304,10.4741,14.0815
23384,10.5083,14.0391
23464,18.4434,14.3901
23544,10.4111,14.0830
23624,10.6431,14.1133
23704,10.5356,14.3770
23784,10.5347,13.8916
23864,10.4404,14.2759
23944,10.5703,14.2012
24024,10.5928,14.1470
24108,10.5142,14.0308
24192,10.7500,13.8999
24276,10.5664,14.4487
24360,10.4438,14.1182
24444,10.4863,13.9756
24528,10.4839,13.9312
24612,10.4873,16.9097
24696,10.3770,16.4243
24780,10.4722,16.4590
24864,10.4360,16.2495
24948,10.4761,16.0630
25032,10.4141,16.1836
25116,10.4443,15.8467
25200,10.4502,16.2627
25284,10.4272,16.1294
25372,10.4346,16.2188
25460,10.4800,16.1040
25548,10.4722,16.2109
25636,10.4380,16.2925
25724,10.4785,16.6582
25812,10.4868,16.1729
25900,10.4253,16.1563
25988,10.4839,16.4219
26076,10.4497,16.1592
26164,10.5142,15.8447
26252,10.4839,15.9839
26340,10.4287,16.2612
26428,10.4399,16.2280
26520,10.4771,15.8896
26612,10.4351,16.2012
26704,10.6216,16.1255
26796,10.4985,15.8799
26888,10.4424,16.0625
26980,10.4497,16.1323
27072,10.4688,16.0708
27164,10.4287,16.2964
27256,10.4761,16.0630
27348,10.4258,16.1250
27440,10.4897,16.4272
27532,10.4829,16.2124
27624,10.4365,15.9741
27720,10.4751,16.0942
27816,10.4238,16.0161
27912,10.5186,16.2661
28008,10.4888,16.2212
28104,10.4321,16.0435
28200,10.4146,16.1084
28296,10.4092,16.1299
28392,10.4272,16.2686
28488,10.4380,15.9932
28584,10.4834,16.0737
28680,10.4897,16.0791
28776,10.4888,16.0698
28872,10.4771,16.0713
28972,10.4331,16.3188
29072,10.4297,16.2539
29172,10.4150,16.0229
29272,10.4312,16.3062
29372,10.4819,16.1704
29472,10.4844,16.0386
29572,10.4766,15.8667
29672,10.4810,16.1099
29772,10.4326,16.0630
29872,10.4282,16.2407
29972,10.4741,16.0933
30072,10.4736,16.0591
30176,10.5313,16.3301
30280,10.5376,16.0747
30384,10.4297,16.0259
30488,10.4131,16.2295
30592,10.4717,16.1973
30696,10.4663,16.1592
30800,10.4160,23.5591
30904,10.4990,16.5732
31008,10.4678,15.9043
31112,10.4082,16.0625
31216,10.4736,16.2373
31324,10.4302,16.2832
31432,10.3916,16.2144
31540,10.4424,16.0913
31648,10.4146,15.9727
31756,10.4258,16.2563
31864,10.4282,16.4844
31972,10.4136,16.3198
32080,10.4326,16.3242
32188,10.4424,16.1963
32296,10.4897,16.1069
32404,10.4419,16.3555
32516,10.4878,16.1982
32628,10.4351,16.4043
32740,10.4917,16.2998
32852,11.9678,16.4878
32964,12.0137,15.5815
33076,11.9624,14.9595
33188,11.9717,15.1196
33300,11.9517,14.9785
33412,12.0039,15.0645
33524,11.9604,14.8540
33636,11.9668,14.9360
33752,11.9639,15.0806
33868,11.9487,14.9409
33984,11.9595,26.2241
34100,11.9644,15.2158
34216,11.9570,24.6577
34332,11.9526,15.0884
34448,11.9497,33.1123
34564,10.9434,16.2739
34680,10.8921,14.8633
34796,10.9438,14.7178
34912,10.9160,14.6064
35032,10.9297,14.6997
35152,10.9497,14.7285
35272,10.9512,14.5825
35392,10.9404,14.7510
35512,10.9521,14.7568
35632,10.9390,14.6353
35752,10.9419,32.5640
35872,10.9224,14.4839
35992,10.9434,14.4233
36112,10.9482,14.5825
36236,10.9526,14.6714
36360,10.9663,14.4961
36484,10.9541,14.6440
36608,10.9551,14.6289
36732,10.9570,14.5498
36856,10.9243,14.5371
36980,10.9229,14.4072
37104,10.8794,14.3706
37228,10.9316,14.4834
37356,10.9385,14.4209
37484,10.9248,14.5161
37612,17.6333,16.6528
37740,11.9771,16.0947
37868,11.9697,15.2852
37996,11.9492,14.9902
38124,11.9595,14.6973
38252,11.9570,14.7861
38380,11.9536,14.6270
38508,11.9443,14.6338
38640,11.9497,14.6553
38772,11.9644,14.6582
38904,11.9434,14.7075
39036,11.9536,14.4570
39168,11.9600,14.6445
39300,11.9521,14.5078
39432,11.9468,29.6724
39564,15.8403,22.4448
39696,11.9565,14.6968
39832,11.9585,20.8511
39968,10.9746,14.9873
40104,10.9829,14.6035
40240,10.9395,14.5923
40376,10.9302,14.7056
40512,10.9482,14.6733
40648,10.9360,14.6187
40784,10.8843,14.6313
40920,10.9678,14.5664
41060,10.9683,15.4995
41200,10.9395,14.9199
41340,10.9688,14.9502
41480,10.9673,14.7964
41620,10.9873,14.7881
41760,10.9175,14.8086
41900,10.9951,14.6860
42040,10.9766,14.7397
42184,10.9878,14.8521
42328,10.9805,14.6152
42472,10.9844,14.7344
42616,11.0190,14.8765
42760,10.9971,14.6836
42904,10.9722,18.0068
43048,10.9775,14.7632
43192,10.9316,14.5952
43336,11.0093,14.8745
43484,11.0498,14.6450
43632,11.0327,14.6978
43780,11.0195,14.5825
43928,11.0254,14.8022
44076,11.0469,14.6201
44224,11.0083,14.6992
44372,11.0386,14.8013
44520,11.0405,14.5693
44672,11.0513,14.7769
44824,11.0439,14.4932
44976,11.0317,14.6274
45128,11.0493,14.6289
45280,11.0161,14.6675
45432,11.0444,14.7378
45584,32.1528,41.9180
45736,16.6162,16.2974
45892,11.9653,21.5215
46048,12.1938,16.3545
46204,11.9497,15.4087
46360,11.9404,15.2129
46516,11.9370,14.9741
46672,11.9575,15.1699
46828,11.9614,14.9370
46988,11.9443,14.9375
47148,11.9390,15.0894
47308,11.9336,15.1665
47468,11.9478,14.5903
47628,11.9424,14.7910
47788,11.9512,14.9722
47948,11.9355,14.8970
48108,11.9473,15.0425
48272,11.9497,14.7407
48436,11.9937,14.8418
48600,11.9541,14.8262
48764,11.9448,14.9048
48928,11.9414,14.9551
49092,11.9512,14.9243
49256,11.9419,18.7056
49424,11.9434,18.2446
49592,11.9438,18.1714
49760,11.9458,18.2754
49928,11.9346,17.8726
50096,11.9512,18.1460
50264,11.9961,18.0928
50432,11.9341,17.8149
50604,11.9375,18.0005
50776,11.9248,18.4351
50948,11.9702,17.8325
51120,11.9478,18.2402
51292,11.9448,18.2935
51464,11.9858,17.8345
51636,11.9429,18.3052
51812,11.9761,17.0337
51988,11.9844,17.0859
52164,11.9727,16.9922
52340,11.9551,16.9844
52516,13.1924,17.0269
52692,11.9556,17.3799
52868,11.9409,17.2803
53048,11.9766,17.1543
53228,11.9360,17.5708
53408,12.0474,17.4395
53588,12.1025,17.2954
53768,11.9902,17.4512
53948,12.0254,17.6885
54128,11.9492,17.3193
54312,12.0073,17.1943
54496,11.9419,17.0391
54680,11.9429,17.1611
54864,12.0317,17.3027
55048,11.9321,17.2568
55232,11.9561,17.0952
55420,11.9541,16.7368
55608,11.9673,17.2603
55796,11.9692,17.1489
55984,11.9531,16.8062
56172,11.9380,16.9688
56360,11.9512,16.9922
56548,11.9692,17.3647
56740,11.9624,17.2935
56932,11.9111,16.9644
57124,11.9507,16.8984
57316,11.9692,16.8799
57508,11.9629,16.7773
57700,11.9590,17.0337
57896,11.9600,16.8101
58092,11.9624,16.9854
58288,11.9839,17.0405
58484,11.9941,42.0605
58680,11.9619,17.2393
58876,11.9634,17.2544
59076,11.9849,17.1367
59276,11.9575,16.9790
59476,12.0151,17.5259
59676,12.1631,16.9951
59876,11.9526,17.1357
60076,12.0747,16.9272
60280,11.9653,17.1108
60484,11.9497,16.9160
60688,11.9536,16.9424
60892,11.9658,16.8462
61096,11.9590,16.7446
61300,11.9595,16.8638
61508,11.9595,16.8872
61716,11.9580,16.9722
61924,11.9565,16.9438
62132,11.9590,16.8643
62340,12.0249,17.2842
62548,11.9565,17.2471
62760,11.9585,17.2256
62972,11.9644,16.9546
63184,11.9458,16.6802
63396,11.9038,16.8994
63608,11.9590,16.7275
63824,11.9507,16.7959
64040,11.9570,16.5825
64256,11.9590,16.6963
64472,11.9502,17.1040
64688,11.9629,16.9048
64904,11.9634,16.9453
65124,11.9492,16.9321
65344,12.0039,17.0029
65564,12.9546,17.2329
65784,12.9404,15.6602
66004,12.9609,15.7998
66228,12.9536,15.5210
66452,12.9458,15.7769
66676,12.9473,15.5752
66900,12.9346,15.6553
67124,12.9907,15.5552
67348,12.9443,15.5645
67576,17.5996,15.7178
67804,12.9502,15.5225
68032,12.9409,15.5239
68260,12.9536,15.4785
68488,12.9419,15.4126
68720,12.9297,15.4102
68952,12.9507,15.5127
69184,12.9541,15.5190
69416,12.9434,15.4360
69648,12.9351,15.4570
69884,12.9175,15.3071
70120,51.2002,15.7104
70356,12.9575,15.4854
70592,12.9521,15.3018
70828,12.9429,15.4590
71068,12.9482,15.4424
71308,12.9487,15.4233
71548,12.9512,15.5757
71788,12.9956,15.4951
72028,12.9409,15.2559
72272,12.9321,15.4868
72516,12.9526,15.3174
72760,12.9419,15.4863
73004,12.9385,15.3027
73248,12.9517,15.4229
73496,12.9438,15.3828
73744,12.9487,15.3574
73992,12.9492,15.4595
74240,12.9434,15.4800
74488,12.9780,25.8887
74740,12.9473,16.3311
74992,13.1602,15.7642
75244,12.9780,15.4482
75496,12.9727,15.4097
75748,12.9697,15.2637
76004,12.9512,15.2241
76260,12.9683,23.3882
76516,12.9819,15.1641
76772,12.9526,15.2036
77028,12.9502,15.1738
77288,12.9648,15.2622
77548,12.9380,15.2207
77808,12.9448,15.2905
78068,12.9346,15.0933
78332,12.9468,15.1631
78596,12.9458,15.2256
78860,12.9722,15.1563
79124,12.9531,15.4048
79388,12.9697,15.2700
79656,12.9517,15.1157
79924,12.9502,15.0967
80192,12.9756,15.3389
80460,12.9453,15.2905
80732,12.9492,14.9937
81004,12.9390,15.1465
81276,12.9731,15.1113
81548,12.9536,15.2944
81820,22.0142,15.5000
82096,12.9648,15.9653
82372,12.9937,15.8501
82648,12.9482,15.6997
82924,12.9546,15.4233
83204,12.9702,15.5957
83484,12.9736,15.4409
83764,12.9741,15.5923
84044,12.9717,15.4624
84328,12.9507,15.5078
84612,21.7402,16.8950
84896,16.7339,16.0010
85180,12.9492,15.5435
85464,18.8325,26.9380
85752,12.9438,43.4731
86040,12.9443,16.0049
86328,12.9473,26.8076
86616,12.9395,15.6724
86908,12.9609,15.7163
87200,12.9482,15.6016
87492,12.9541,15.5684
87784,12.9390,15.2954
88080,12.9487,15.4517
88376,12.9463,15.3579
88672,12.9419,15.4263
88968,12.9536,15.2314
89268,12.9263,15.2588
89568,12.9526,15.1924
89868,62.6401,15.6631
90168,12.9507,15.3159
90472,12.9546,15.2974
90776,12.9438,15.3296
91080,12.9468,15.2104
91384,13.0532,15.4673
91692,12.9438,15.4639
92000,12.9370,15.3394
92308,12.9395,15.3647
92616,12.9399,15.4453
92928,12.9478,15.3389
93240,12.9526,15.1353
93552,12.9551,40.1226
93864,12.9473,15.8354
94180,12.9478,15.4175
94496,12.9419,15.3896
94812,12.9482,15.4224
95132,12.9761,15.5605
95452,12.9961,15.4824
95772,13.0259,15.3779
96092,12.9844,15.4653
96416,20.1030,15.9048
96740,12.9502,15.4517
97064,12.9731,15.3350
97388,12.9624,15.4399
97716,12.9722,15.6992
98044,12.9482,15.5205
98372,12.9800,18.8335
98700,12.9463,17.7466
99032,12.9688,17.3223
99364,12.9683,17.4214
99696,12.9570,17.4546
100032,12.9375,17.4004
100368,12.9526,17.6631
100704,13.1060,17.7061
101040,12.9507,17.4463
101380,12.9443,17.5620
101720,12.9478,17.3809
102060,12.9360,17.5381
102404,13.0308,17.4604
102748,13.0044,17.6367
103092,12.9521,17.1797
103436,12.9668,17.4663
103784,12.9653,17.2808
104132,12.9668,17.1660
104480,12.9727,17.6069
104832,13.0146,17.5381
105184,12.9741,17.3931
105536,12.9463,17.6812
105888,13.0298,49.2397
106244,29.1484,18.5186
106600,12.9727,17.5122
106956,25.5220,30.9419
107316,20.0371,22.5376
107676,20.0664,22.2075
108036,20.0405,22.3320
108400,20.0337,22.2300
108764,20.2056,22.2612
109128,32.0840,21.8838
109492,22.9717,20.0264
109860,12.9595,17.4541
110228,12.9600,25.2393
110596,13.0854,20.5464
110968,12.9746,17.6748
111340,12.9414,17.5532
111712,12.9688,17.4141
112088,12.9814,17.4702
112464,12.9404,17.3032
112840,12.9780,17.7017
113220,12.9878,17.9512
113600,12.9731,17.3691
113980,12.9736,17.5439
114360,12.9419,17.3208
114744,12.9888,17.5654
115128,29.1396,17.6030
115512,12.9648,17.4722
115900,12.9971,17.7505
116288,13.0005,17.6172
116676,12.9521,17.8589
117068,12.9780,17.4663
117460,12.9487,17.5537
117852,12.9380,17.5010
118248,12.9761,17.5850
118644,12.9595,17.7710
119040,12.9487,18.1030
119440,13.0234,17.5146
119840,21.4214,17.7910
120240,12.9727,17.7080
120644,13.1138,17.3530
121048,12.9766,17.7041
121452,12.9805,17.4033
121860,13.2803,17.4463
122268,12.9761,17.8472
122676,13.0269,17.5864
123088,13.0371,17.3379
123500,13.0483,17.1455
123912,13.0391,17.5259
124328,12.9849,17.4756
124744,12.9761,17.6245
125160,12.9434,17.4780
125580,12.9712,17.7690
126000,12.9731,17.2622
126420,18.7764,17.3921
126844,12.9751,17.4580
127268,12.9712,23.4526
127696,12.9722,17.1748
128124,12.9590,17.4897
128552,12.9761,17.6348
128984,12.9897,17.1816
129416,12.9663,17.2998
129848,13.1440,17.5503
130284,12.9761,17.1563
130720,13.0098,17.5044
131156,13.9370,17.6987
131596,13.9077,16.5884
132036,13.8882,16.1709
132480,14.1353,16.4814
132924,13.9482,16.5488
133368,13.9536,16.2954
133816,13.9751,16.4233
134264,13.9517,16.2656
134712,13.9619,16.2651
135164,13.9224,16.1963
135616,13.9653,16.2256
136072,13.9316,16.2119
136528,13.8887,16.3633
136984,13.9395,15.8643
137444,13.8921,15.9795
137904,13.8823,15.8535
138364,21.1802,16.3311
138828,13.8970,16.0308
139292,13.9165,15.8828
139760,13.9170,15.8696
140228,13.9175,15.8794
140696,13.9160,16.0205
141168,13.8853,15.9707
141640,13.8784,15.9604
142116,13.9233,15.6958
142592,13.8892,15.8574
143068,13.9326,15.9053
143548,14.0483,15.7603
144028,23.8877,16.0752
144512,13.8882,21.2974
144996,13.9082,15.8682
145480,62.5815,18.2910
145968,13.8940,16.4590
146456,13.8823,15.7373
146948,13.8711,16.1035
147440,13.9043,15.9463
147932,13.8857,16.0205
148428,13.9155,16.0469
148924,21.4990,16.9702
149424,13.8848,16.1245
149924,13.8813,16.1147
150424,13.9116,15.9014
150928,13.8813,16.0273
151432,13.9204,16.0342
151940,13.9165,16.0762
152448,13.9194,15.9468
152960,13.8945,15.9224
153472,13.9126,16.1245
153984,13.9136,16.0293
154500,13.8896,15.8496
155016,13.8921,15.8921
155536,13.8887,15.7690
156056,13.9351,15.8311
156580,13.8955,16.2241
157104,13.9097,16.2456
157628,13.8970,16.1826
158156,13.9355,15.8369
158684,13.9092,15.8403
159216,13.9155,15.9033
159748,13.8892,16.0088
160284,13.8789,15.8179
160820,13.8735,15.6938
161360,13.8940,15.8003
161900,49.9692,16.1250
162440,13.9165,15.8770
162984,13.8945,15.8154
163528,13.9136,15.7920
164076,13.9067,16.3330
164624,13.9336,16.2568
165176,13.9209,16.1958
165728,13.8818,16.1108
166284,13.9058,16.1919
166840,13.9185,16.2441
167400,13.9365,16.1182
167960,13.9146,16.3384
168520,13.9023,16.1826
169084,13.8828,16.2358
169648,13.8838,16.1230
170216,13.8936,16.0908
170784,13.8936,15.9370
171356,13.9092,16.1704
171928,13.9224,15.8853
172504,13.9116,16.1079
173080,13.8906,15.8960
173660,13.9409,15.8730
174240,13.9297,16.0034
174824,13.9175,16.2061
175408,13.9131,34.5498
175996,13.8906,16.4717
176584,13.8926,16.4189
177176,13.9019,16.3892
177768,13.9023,16.1626
178364,30.8145,49.7188
178960,13.8936,16.4038
179560,13.9370,16.1064
180160,44.7275,17.1318
180764,13.9409,16.8052
181368,18.2383,16.2930
181976,30.0864,17.6777
182584,13.8955,23.3413
183196,13.8936,16.3428
183808,13.8999,16.2456
184424,14.2017,23.0342
185040,13.8828,16.2231
185660,29.8364,17.9829
186280,13.9102,16.5635
186904,13.9268,16.2324
187528,13.9087,16.1304
188156,13.9092,16.0605
188784,21.4458,17.6865
189416,13.5332,16.3491
190048,13.5586,16.2534
190684,13.5601,16.5093
191320,13.5488,16.1357
191960,13.5566,16.1587
192600,13.5630,16.0620
193244,13.5869,16.1401
193892,13.5410,16.0786
194540,13.5962,16.1694
195192,13.5576,16.1299
195844,13.5645,15.9468
196500,13.5674,15.9282
197156,13.5547,19.7007
197816,13.5659,18.6797
198476,13.5620,18.7109
199140,13.5620,19.3042
199804,13.5303,18.8901
200472,13.5508,18.7515
201144,13.5698,32.7749
201816,33.1357,19.2441
202492,13.8984,18.2046
203168,13.8877,18.0068
203848,13.9194,18.0996
204528,13.9712,33.8945
205212,13.5557,18.3794
205900,13.5537,18.1768
206588,13.5654,18.1748
207280,13.5581,18.0640
207972,13.5566,18.0278
208668,13.5562,18.2871
209364,13.5664,18.1519
210064,13.5796,18.3726
210768,13.5645,17.9980
211472,13.5254,17.8159
212180,13.5562,17.9878
212888,13.5527,18.0210
213600,13.5693,18.1367
214312,13.5732,18.1572
215028,13.5532,18.5459
215748,13.5518,18.1885
216468,13.6021,18.1587
217192,13.5596,17.9282
217916,13.5522,18.4438
218644,13.5537,18.1118
219376,13.6089,18.1606
220108,13.5669,18.0728
220844,13.5601,18.1172
221584,13.5718,18.1006
222324,13.5459,18.2100
223068,13.5605,18.2319
223812,13.5474,18.1060
224560,13.5991,18.1743
225312,13.6235,18.5142
226064,14.0483,18.3354
226820,13.5967,17.9077
227580,13.5645,18.0234
228340,13.5654,18.1699
229104,13.5894,18.5107
229868,13.5532,18.0791
230636,13.5571,18.1753
231408,13.6582,18.1670
232180,13.5298,18.0444
232956,13.9644,18.0454
233736,13.5703,51.3579
234516,13.5508,18.4580
235300,13.5708,18.0200
236088,13.5625,17.9858
236876,13.5225,18.6079
237668,13.5620,17.8521
238464,13.5708,17.9502
239260,13.5566,18.0625
240060,13.5386,18.3301
240864,13.5972,17.9990
241668,13.5225,18.0073
242476,13.5459,18.6436
243288,13.5996,17.9248
244100,13.5410,18.1675
244916,13.5615,17.8149
245736,13.5615,17.9487
246556,13.5610,17.9175
247380,13.6416,18.0518
248208,13.6245,18.1421
249036,13.5815,18.1294
249868,13.5898,18.2598
250704,13.5532,17.9868
251540,13.5615,18.0068
252380,13.5625,18.1450
253224,13.5649,17.9507
254072,13.5591,18.1255
254920,13.5547,18.1196
255772,13.5601,17.9238
256628,13.5596,18.1436
257484,13.5542,18.5635
258344,13.5527,18.2700
259208,13.5410,18.0962
260076,13.5273,17.8667
260944,13.5625,18.2051
261816,13.5352,17.9424
262692,14.4507,17.9307
263568,14.4512,17.1143
264448,14.4722,16.5850
265332,14.4429,16.7510
266220,14.4575,16.8037
267108,14.4580,16.8145
268000,14.5488,17.0889
268896,14.4692,16.7417
269796,14.4595,16.7827
270696,14.4141,16.7158
271600,14.4600,16.7217
272508,14.4683,16.6685
273420,14.4673,16.9790
274332,14.4570,16.8550
275248,14.4478,16.6963
276168,14.4409,16.7388
277092,18.2158,16.8618
278016,14.4482,16.7124
278944,14.4561,16.6885
279876,14.4619,16.5737
280812,14.4771,16.9023
281752,14.4507,16.7998
282692,14.4326,16.7573
283636,14.4458,16.7583
284584,14.4697,17.0420
285536,14.4663,16.8281
286488,14.4727,17.1616
287444,14.4731,16.8232
288404,14.4683,16.4531
289368,14.4106,16.5474
290336,14.4600,16.6631
291304,14.4458,16.5581
292276,14.4375,16.4756
293252,14.5117,16.3271
294232,14.4585,16.6616
295216,14.4634,16.6050
296204,14.4688,16.4819
297192,14.4414,16.4053
298184,14.4551,16.4502
299180,14.4565,16.3784
300180,14.4673,16.3735
301184,14.4634,16.2544
302188,14.4424,16.4624
303196,14.4429,16.4194
304208,14.4541,16.4507
305224,14.4414,16.3149
306244,14.4893,16.5791
307268,14.5195,16.3774
308296,14.4668,16.4209
309324,14.4980,25.4648
310356,14.8457,17.6367
311392,14.8457,16.5796
312432,14.8354,16.5376
313476,14.8477,16.5015
314524,14.8506,16.4312
315576,14.8232,16.5493
316628,14.8369,16.4512
317684,14.8159,16.4214
318744,14.8252,16.5024
319808,14.7881,16.5933
320876,14.8423,16.5024
321948,14.8149,16.5234
323024,14.8423,16.3765
324104,14.8203,16.3657
325188,14.8433,16.3726
326272,14.8203,16.3774
327360,14.8423,16.3687
328452,14.8242,17.0635
329548,14.8457,16.6851
330648,14.8306,16.7700
331752,14.8198,39.3804
332860,19.6357,17.4756
333972,14.8433,16.9194
335088,14.8379,16.8662
336208,14.8198,16.9858
337332,14.8105,16.8872
338460,15.7461,16.6714
339592,17.5239,16.8677
340724,14.8193,16.7080
341860,14.8418,16.6411
343000,14.8193,16.6875
344144,14.8276,16.7290
345292,14.8457,16.5469
346444,14.8433,16.6470
347600,14.8354,16.6592
348760,14.8403,16.6187
349924,14.8159,16.6187
351092,24.7715,16.8149
352264,14.8589,16.6924
353440,14.8672,16.7529
354620,14.8867,16.7817
355804,14.8984,16.8486
356992,14.8906,16.5464
358184,14.9263,27.5635
359380,14.8389,16.8433
360580,14.8442,16.7783
361784,14.8149,16.6147
362992,14.8408,16.6787
364204,14.8379,16.7505
365420,14.8286,29.2153
366640,19.2344,18.5635
367864,14.7988,17.1426
369092,14.8218,42.9863
370324,14.8306,17.2500
371560,14.8286,17.0332
372800,14.8413,16.8228
374044,14.8145,16.6870
375292,14.8398,46.1377
376544,24.4727,17.5376
377800,14.8481,16.8613
379060,40.6899,27.1089
380324,22.1045,16.9551
381592,14.8423,16.8804
382864,14.8628,16.5933
384144,14.8467,25.5200
385428,14.8750,17.1250
386716,14.8315,16.8848
388008,14.7910,16.6724
389304,14.8271,16.8535
390604,14.8101,16.6187
391908,14.8105,16.7227
393216,14.8179,20.1382
394528,14.9395,19.3921
395844,14.8027,18.7944
397164,56.2559,19.0815
398488,14.8418,18.6860
399820,14.8047,18.9995
401156,14.8232,18.8384
402496,14.8125,18.7241
403840,14.8164,18.8516
405188,14.8169,18.7905
406540,14.8369,18.8198
407896,14.8208,18.8198
409256,14.9375,19.1270
410624,29.0103,19.2798
411996,14.9087,19.4473
413372,14.8369,19.1211
414752,14.8013,19.2461
416136,14.7710,19.2856
417524,14.8521,19.1201
418916,14.8296,19.7544
420316,14.8193,19.0161
421720,14.8188,22.5483
423128,14.7632,19.2007
424540,14.8696,19.3496
425956,14.8159,18.9531
427376,14.8193,18.7983
428804,14.8174,19.0889
430236,14.8140,19.0269
431672,14.7842,18.9355
433112,14.8159,19.0776
434556,14.8164,19.0151
436008,14.8174,18.9370
437464,14.8203,19.1655
438924,14.8076,19.5171
440388,15.5449,19.2231
441856,15.6348,19.0576
443332,14.8164,18.9443
444812,14.8174,19.0747
446296,14.8193,19.1406
447784,14.8159,19.0054
449280,14.8555,18.7192
450780,15.0317,18.9961
452284,14.7944,18.8945
453792,14.8301,28.6333
455308,14.8066,18.8721
456828,14.8105,18.8540
458352,14.8242,18.8564
459880,14.8257,18.7466
461416,14.7842,18.8394
462956,14.8169,18.9277
464500,14.8145,18.7578
466052,14.8149,18.9209
467608,14.8164,18.8379
469168,14.8154,18.8384
470732,14.8257,19.1538
472304,14.8223,18.8872
473880,14.8135,18.8926
475460,14.8169,19.0952
477048,14.8052,18.6812
478640,14.8242,19.1499
480236,14.8252,19.0356
481840,14.8193,18.9072
483448,14.8540,18.6523
485060,14.8257,31.8022
486680,14.8047,18.8843
488304,14.8208,19.1016
489932,14.8564,18.9751
491568,14.8184,18.7041
493208,14.8232,18.8750
494856,14.8550,18.7476
496508,14.8257,18.9902
498164,14.7896,18.8281
499828,14.7979,19.0728
501496,23.0063,19.0981
503168,14.8213,19.0249
504848,14.8047,18.8354
506532,14.8081,18.9502
508224,14.8247,18.7627
509920,14.8223,19.2646
511620,14.8706,18.9624
513328,14.8193,18.8369
515040,14.8516,99.9058
516760,14.8325,35.5728
518484,14.7666,20.9497
520216,21.7456,45.0112
521952,14.7534,19.0415
523692,14.8105,19.0454
525440,15.8052,18.5698
527192,15.7939,17.7583
528952,15.7773,17.5571
530716,15.7793,17.7041
532488,15.7407,17.5376
534264,15.7646,17.4316
536048,23.8818,18.9546
537836,15.7871,17.4902
539632,15.7930,17.4692
541432,15.8271,17.3818
543240,15.7798,17.5273
545052,15.7520,17.2749
546872,15.8076,17.4121
548696,15.8110,17.2817
550528,15.8101,17.2686
552364,15.8203,17.2275
554208,15.7798,17.2173
556056,15.8125,17.1875
557912,15.8066,17.1870
559772,15.7852,17.1934
561640,15.7788,17.2896
563516,15.7847,17.1836
565396,15.8135,17.4043
567284,15.7979,17.2437
569176,15.8545,17.2354
571076,15.8101,25.4595
572980,15.8271,18.6831
574892,15.8101,17.5518
576812,15.8110,17.5610
578736,15.8149,17.3730
580668,15.7778,17.3687
582604,15.7739,17.4209
584548,15.8047,17.2017
586500,15.7871,17.3730
588456,15.8057,26.6147
590420,23.3662,17.3745
592392,15.8159,17.2856
594368,15.7705,17.1479
596352,15.8174,17.2905
598340,26.1274,18.7949
600336,15.8320,17.7168
602340,15.7827,47.7456
604348,15.7891,17.4263
606364,15.8145,17.3672
608388,15.8091,17.4561
610416,22.3325,17.6475
612452,34.2188,17.4702
614496,15.8081,17.2407
616548,15.7886,17.2803
618604,15.8413,17.4502
620668,15.8169,17.1279
622740,15.8213,17.8730
624816,15.8701,36.9380
626900,15.7744,25.5771
628992,15.8594,22.3906
631092,15.8296,17.5225
633196,16.1895,17.8291
635308,24.5752,18.3179
637428,49.4907,17.5977
639556,31.4951,17.7104
641688,15.7808,17.1611
643828,15.7817,17.3682
645976,15.7939,17.4009
648132,15.7788,109.3223
650296,25.1880,17.7886
652464,15.8188,17.5303
654640,23.9238,17.6387
656824,15.7832,17.8604
659016,15.7925,17.4199
661216,15.8125,17.5049
663424,15.8037,17.5117
665636,15.8135,17.6001
667856,15.7866,17.5586
670084,15.7769,17.3447
672320,15.7764,17.5967
674564,15.7764,18.0576
676816,15.8560,17.5200
679076,15.8164,17.4790
681340,15.7842,17.7539
683612,15.7881,18.0771
685892,15.9165,17.7021
688180,15.8369,17.3296
690476,15.7803,17.5225
692780,15.8496,17.4072
695092,21.8613,17.5459
697412,15.8301,17.4507
699740,15.8115,17.5537
702076,15.8052,17.4502
704420,15.8379,17.4043
706772,15.7842,17.3662
709128,15.8203,17.5264
711492,15.7876,17.6719
713864,22.9194,17.7344
716244,15.8188,17.4951
718632,15.7422,17.3545
721028,15.8208,17.3521
723432,15.7129,17.2739
725844,15.8247,17.4570
728264,15.8232,17.4180
730692,15.8086,17.2959
733128,15.8110,17.4380
735572,15.8169,22.1226
738024,15.8418,17.4756
740488,15.7764,17.4727
742960,15.7817,17.2148
745440,15.8120,17.1489
747928,15.8184,17.3945
750424,15.7915,17.4087
752928,15.7822,17.3364
755440,15.8164,17.4409
757960,15.7686,17.3311
760488,21.2153,17.7114
763024,15.8105,17.4585
765568,15.8179,17.2607
768120,15.7905,17.3306
770684,15.8101,17.4478
773256,15.8076,17.1958
775836,15.8062,17.3120
778424,15.7856,17.2861
781020,15.8345,17.1724
783624,15.8110,25.7354
786240,15.7744,17.4448
788864,15.8066,20.5117
791496,15.8193,20.2813
794136,15.7861,20.2603
796784,15.7959,20.0537
799440,15.8247,20.4053
802108,15.8379,20.3130
804784,15.8652,20.4126
807468,15.8647,25.2139
810160,15.8252,20.2178
812864,15.7769,20.3228
815576,15.7827,19.6851
818296,15.8105,19.4150
821024,15.7866,19.4248
823764,15.8154,19.6816
826512,15.7739,19.6816
829268,15.8813,19.3691
832036,15.8149,19.8853
834812,15.7744,19.4849
837596,15.7822,19.3936
840388,15.8184,19.6177
843192,15.7896,25.0381
846004,15.7939,19.5391
848828,15.8311,19.4575
851660,15.7891,19.3867
854500,15.7925,19.4170
857352,15.8105,19.4639
860212,15.8101,19.5698
863080,15.8149,19.4282
865960,15.7871,19.2368
868848,15.7935,26.8755
871748,15.7778,25.5083
874656,15.8086,19.6660
877572,15.7847,19.6523
880500,15.8145,19.4829
883436,15.7837,19.3975
886384,15.8208,19.3955
889340,15.8052,19.7891
892308,15.8149,19.6294
895284,15.8047,29.3013
898272,15.7817,19.7354
901268,15.7817,19.9771
904276,15.8022,19.5669
907292,15.7803,19.4565
910320,16.0088,20.9941
913356,15.8232,36.5493
916404,15.8213,19.5493
919460,15.7817,19.6289
922528,15.8174,19.8813
925604,15.8071,19.8745
928692,15.8120,19.7412
931788,15.8125,54.1094
934896,15.7827,19.5903
938016,15.8481,19.7939
941144,15.8013,19.7373
944284,15.7749,19.9253
947432,15.8179,19.6548
950592,15.7759,19.3008
953764,15.8174,19.3774
956944,15.8647,21.1069
960136,22.0513,19.8770
963340,15.7915,19.5845
966552,15.8081,19.6958
969776,15.8208,28.7979
973012,15.8037,19.4307
976256,15.8169,50.4736
979512,32.8887,19.5957
982780,15.8140,83.1265
986056,15.8394,25.6367
989344,41.9424,19.9238
992644,15.8164,31.2593
995956,15.7749,20.0801
999276,15.7759,19.9331
1002608,35.6899,19.5771
1005952,15.7720,29.4863
1009308,15.7969,19.6250
1012676,15.8159,19.3916
1016052,15.8145,19.3633
1019440,15.8198,19.2896
1022840,15.8228,19.4082
1026252,15.8125,19.3179
1029676,15.8169,29.2295
1033112,15.8633,19.3999
1036556,15.8135,19.3169
1040012,15.8110,19.4404
1043480,15.8062,19.1426
1046960,15.7964,19.5596
1050452,16.7158,19.3125
1053956,16.7578,18.7568
1057472,16.7617,18.5576
1061000,16.7456,18.1943
1064540,16.7510,19.6245
1068092,16.3623,18.6440
1071656,16.3623,18.2563
1075232,16.3599,18.0635
1078820,16.3477,18.1172
1082420,16.3027,18.0723
1086032,16.3442,17.9116
1089656,16.3696,18.1504
1093292,16.3906,17.8105
1096940,16.3271,18.1182
1100600,16.3242,17.8325
1104272,16.3501,17.8770
1107956,16.3809,17.8384
1111652,16.3516,17.9761
1115360,16.3638,17.7866
1119080,16.3369,17.6665
1122812,16.3525,17.7095
1126556,16.3560,17.7749
1130312,16.4033,17.6270
1134080,16.4121,17.7778
1137864,16.3481,17.6265
1141660,16.3379,17.8169
1145468,16.3315,17.7344
1149288,16.3691,17.9346
1153120,16.3638,17.8896
1156964,16.3730,17.8135
1160824,16.3662,17.8115
1164696,16.3364,17.6606
1168580,16.3262,17.8193
1172476,16.3960,17.8623
1176388,16.3584,17.7769
1180312,16.3486,17.8257
1184248,16.3389,17.8711
1188196,16.3486,17.7705
1192160,16.3657,18.1499
1196136,16.3955,17.7988
1200124,16.3516,17.8677
1204128,16.3516,17.8003
1208144,16.3345,17.7344
1212172,16.3569,17.8984
1216216,16.3579,17.6802
1220272,16.3320,17.9849
1224340,16.3608,17.7095
1228424,16.3311,17.7373
1232520,16.3325,17.7783
1236632,16.3896,17.7314
1240756,16.3398,17.8589
1244892,16.3677,17.7373
1249044,16.3647,17.8447
1253208,16.3540,17.6260
1257388,16.3550,17.6973
1261580,16.3628,17.7129
1265788,16.3579,17.7056
1270008,16.3467,17.7012
1274244,16.5835,17.9839
1278492,16.3481,17.5952
1282756,16.3115,17.9141
1287032,16.3301,17.8354
1291324,16.3555,17.9468
1295632,16.3315,17.7793
1299952,16.2974,17.9473
1304288,16.3638,17.8320
1308636,16.2876,17.7773
1313000,16.3667,18.6689
1317380,16.3340,18.2695
1321772,16.3320,18.0610
1326180,16.3550,18.0449
1330604,16.3496,18.1387
1335040,16.3369,17.9487
1339492,16.4160,17.9790
1343960,16.3564,18.1938
1348440,16.3613,18.2192
1352936,194.6060,19.1240
1357448,16.7231,18.4712
1361976,35.4893,18.8960
1366516,42.3853,19.4355
1371072,16.7842,24.9600
1375644,23.4316,18.4541
1380232,16.7544,18.1431
1384836,16.7583,18.1572
1389456,16.7251,18.0649
1394088,16.7173,71.4014
1398736,16.8579,18.3530
1403400,57.1924,18.4043
1408080,16.7705,41.2656
1412776,16.7920,30.7075
1417488,26.1919,25.2280
1422216,26.1543,19.2002
1426960,16.7910,29.3550
1431720,16.3530,18.8701
1436496,16.3589,18.5010
1441288,16.3569,18.4956
1446096,16.3242,18.3276
1450920,62.1191,19.4224
1455760,16.7739,39.3174
1460616,54.6694,59.0923
1465488,17.0503,48.1128
1470376,16.7344,39.8325
1475280,16.7544,18.2393
1480200,16.7593,18.8804
1485136,16.7651,19.6675
1490088,16.7114,18.6826
1495056,16.7222,18.2969
1500040,16.7476,18.1836
1505044,16.7944,18.1304
1510064,16.7202,17.9741
1515100,16.7871,17.9644
1520152,16.8032,18.1558
1525220,16.7573,18.1357
1530308,16.7080,18.0825
1535412,16.7280,18.0845
1540532,16.7124,18.0649
1545668,16.7549,17.9009
1550824,16.7563,17.9233
1555996,16.7134,31.5654
1561184,16.7568,19.0415
1566388,16.7324,17.8892
1571612,16.7539,18.0283
1576852,16.7236,21.4814
1582112,16.7217,20.9600
1587388,16.7388,20.7441
1592680,16.8193,20.9985
1597992,16.7671,20.8354
1603320,16.7554,20.7539
1608668,16.7559,20.5630
1614032,16.7280,20.4678
1619416,16.7554,20.1118
1624816,16.7817,20.2852
1630236,16.7617,20.3159
1635672,16.7637,41.6470
1641128,24.1914,20.3506
1646600,16.7490,20.3960
1652092,16.7598,20.4292
1657600,16.7559,20.2930
1663128,16.7593,20.2188
1668672,16.7520,20.6123
1674236,16.7559,20.2466
1679820,17.1626,20.1641
1685420,16.7139,20.2935
1691040,16.7920,20.3315
1696680,16.7290,20.6167
1702336,16.7173,20.1958
1708012,16.7573,20.1841
1713708,16.7222,20.2041
1719424,16.7217,20.1333
1725156,16.8066,20.3223
1730908,16.7617,20.4468
1736680,16.7446,20.2798
1742472,16.7539,20.4106
1748284,16.7856,19.9619
1754112,16.7617,20.1304
1759960,16.7905,20.3794
1765828,16.7769,20.3906
1771716,16.7686,20.0269
1777624,16.7642,20.1782
1783552,16.7471,20.1167
1789500,16.7212,20.1943
1795468,16.7485,20.1646
1801456,16.7466,20.3335
1807464,16.7866,20.1587
1813492,16.7495,38.2690
1819540,16.7407,20.6235
1825608,16.7544,20.5278
1831696,17.2559,34.5020
1837804,16.7573,20.4092
1843932,16.7261,20.1567
1850080,16.7290,20.2227
1856248,16.7451,20.1646
1862436,16.7417,20.5430
1868648,16.7871,20.1436
1874880,16.7310,20.2451
1881132,16.7490,19.9175
1887404,16.7412,19.7754
1893696,16.7295,20.0034
1900012,16.7510,20.0420
1906348,16.7896,20.3521
1912704,16.9648,20.4370
1919080,16.7529,20.2100
1925480,16.7236,19.9336
1931900,16.7485,20.0020
1938340,16.7466,19.9707
1944804,16.7207,19.9937
1951288,16.7305,21.7827
1957796,16.7256,20.2881
1964324,16.7158,20.7354
1970872,17.4077,39.9863
1977444,16.7583,60.7876
1984036,16.7197,20.1982
1990652,16.7261,20.0947
1997288,16.7603,30.6919
2003948,16.7529,57.2104
2010628,16.7588,20.5361
2017332,16.7422,32.2881
2024060,37.5728,20.2710
2030808,53.2896,20.7456
2037580,16.7173,20.1929
2044372,16.7305,19.9233
2051188,16.7271,34.8906
2058028,16.7144,20.1606
2064892,16.7256,27.7349
2071776,16.7480,19.8682
2078684,16.7729,20.0020
2085616,16.7451,20.1250
2092572,16.7236,20.1699
2099548,33.9854,20.0117
2106548,42.2041,20.1021
2113572,17.7837,19.7515
2120620,30.8452,19.2715
2127692,17.7354,20.2129
2134788,17.6978,18.9438
2141904,17.6982,19.1577
2149044,17.7402,19.0576
2156208,17.6519,18.7847
2163396,17.6650,18.8032
2170608,17.7061,18.8296
2177844,17.6411,18.6826
2185104,17.6680,18.6245
2192388,17.7075,18.4551
2199696,18.1113,40.2334
2207032,17.7041,18.9165
2214392,17.7188,19.0054
2221776,17.6489,18.5518
2229184,17.6636,18.5610
2236616,17.7065,18.6006
2244072,17.7070,18.6777
2251556,17.7090,19.0938
2259064,17.7026,18.4229
2266596,17.7095,18.6841
2274152,17.7090,18.8535
2281736,17.7427,18.6655
2289344,17.6860,18.9917
2296976,17.7065,18.6250
2304636,17.7275,36.8521
2312320,17.6978,18.7168
2320028,17.6475,18.6831
2327764,17.7065,19.0942
2335524,17.6924,18.6831
2343312,17.6890,18.6914
2351124,17.7158,18.7275
2358964,17.6885,18.4785
2366828,17.6943,18.5850
2374720,17.7339,18.7480
2382636,17.6919,18.4121
2390580,17.6929,18.9795
2398552,17.8066,18.7300
2406548,17.7095,18.6880
2414572,17.7031,18.6216
2422624,17.6851,18.6689
2430700,17.6982,18.4790
2438804,17.7065,18.6450
2446936,17.7100,18.8296
2455096,17.6460,18.4795
2463280,17.7358,18.6582
2471492,17.7021,18.7573
2479732,17.6968,18.6289
2488000,17.6904,18.5835
2496296,33.3120,19.1084
2504620,17.6426,18.7798
2512972,17.6592,18.6914
2521352,17.6982,18.5757
2529760,17.6958,44.4365
2538196,17.7495,19.3457
2546660,17.7139,18.9766
2555152,17.7046,18.9287
2563672,17.7598,18.7749
2572220,17.7065,19.1240
2580796,46.2148,19.1206
2589400,17.7002,18.7031
2598032,17.6577,18.7690
2606696,17.6982,18.6182
2615388,17.7461,19.6377
2624108,17.7407,19.3271
2632856,24.9546,19.8164
2641636,17.7393,18.9956
2650444,17.7280,19.0791
2659280,26.1240,20.3125
2668148,26.5913,19.6704
2677044,17.7334,30.0400
2685968,17.7192,19.2070
2694924,17.7163,19.1860
2703908,17.7495,18.7915
2712924,17.7065,19.6270
2721968,17.6895,19.3018
2731044,17.6738,18.9331
2740148,17.7056,19.0083
2749284,17.7017,18.9756
2758452,64.3110,19.7524
2767648,17.7095,19.2734
2776876,17.7607,19.2090
2786136,48.0176,19.1367
2795424,17.7031,18.7607
2804744,17.7251,18.9956
2814096,17.7275,18.6875
2823480,17.7168,18.7666
2832892,17.7183,18.8564
2842336,17.7134,18.6016
2851812,17.7246,18.7188
2861320,17.7295,18.7949
2870860,17.7642,18.7876
2880432,17.7236,18.7393
2890036,17.7173,18.7661
2899672,17.7573,18.6040
2909340,17.7065,18.6450
2919040,17.7134,18.7944
2928772,17.7368,18.8286
2938536,17.7261,18.5234
2948332,17.7104,18.9360
2958160,17.7280,18.7456
2968024,17.7256,18.7212
2977920,17.7305,18.6558
2987848,17.7593,18.9907
2997808,17.7329,19.0161
3007804,17.7207,18.6240
3017832,17.7168,29.3672
3027892,17.7271,18.5654
3037988,17.7402,18.6685
3048116,17.7275,18.6289
3058280,17.7046,18.5610
3068476,17.7188,18.5469
3078708,17.7300,18.6313
3088972,17.7798,18.7056
3099272,17.6992,18.7100
3109604,17.7163,18.6714
3119972,17.7295,18.5713
3130372,17.7422,18.5254
3140808,17.7402,18.6948
3151280,17.7305,21.8330
3161788,17.7275,21.7339
3172328,17.7148,21.7207
3182904,17.7241,21.5200
3193516,17.7363,20.9624
3204164,17.7227,20.8745
3214848,17.7349,21.0073
3225568,17.7578,21.1309
3236320,17.7607,20.7925
3247108,17.7344,20.8926
3257932,17.7192,21.4141
3268792,17.7305,64.3218
3279688,17.6992,21.0391
3290624,17.7349,20.8438
3301596,17.7368,31.7490
3312604,17.7129,29.2676
3323648,17.7427,21.4893
3334728,26.4170,21.8110
3345844,17.7134,21.1040
3357000,17.6250,21.2959
3368192,17.7080,21.3525
3379420,17.7012,20.9951
3390688,17.7104,21.2031
3401992,33.7095,28.0405
3413332,17.6973,20.5303
3424712,17.7212,20.8350
3436128,20.9971,22.6768
3447584,17.7109,21.0508
3459076,78.8447,21.0713
3470608,17.7021,21.2178
3482180,17.6987,21.2944
3493788,17.7178,70.2051
3505436,17.7349,21.9155
3517124,17.7168,21.0859
3528848,17.7334,21.1133
3540612,22.6475,21.2612
3552416,17.7329,21.1934
3564260,17.7017,21.2461
3576144,17.7290,20.6987
3588068,17.9478,21.0146
3600032,17.7397,21.1343
3612036,17.7324,20.7720
3624080,47.1875,21.9614
3636164,17.7217,21.5703
3648288,17.7090,21.1152
3660452,17.6543,20.8682
3672656,17.6924,21.2690
3684900,17.7041,21.0205
3697184,17.6987,20.7847
3709508,17.7124,20.8564
3721876,17.6338,20.7832
3734284,17.7007,20.9468
3746732,17.6987,20.6616
3759224,17.7080,20.8481
3771756,17.6963,27.1538
3784332,17.7061,20.4658
3796948,17.7007,20.4937
3809608,17.6973,20.9980
3822308,17.6987,21.1445
3835052,18.0229,21.3467
3847836,17.7251,21.0127
3860664,17.7075,21.4097
3873536,17.7036,20.7153
3886448,17.6982,20.8550
3899404,17.7065,20.6748
3912404,17.6890,20.7300
3925448,17.6968,42.1670
3938536,26.9453,22.1362
3951668,17.7188,69.4243
3964844,17.7163,22.1982
3978064,17.7119,21.2480
3991328,17.7012,21.2397
4004636,17.6982,20.7505
4017988,17.7153,20.8770
4031384,17.7051,21.2305
4044824,17.7090,20.8701
4058308,17.7148,20.7383
4071836,25.2813,20.9771
4085412,17.6865,21.3423
4099032,32.3965,21.2534
4112696,17.7109,28.5586
4126408,17.7026,21.1958
4140164,17.7090,21.1045
4153968,17.7310,21.2197
4167816,17.6973,21.3125
4181712,17.7476,21.0723
4195652,18.6758,21.6812
4209640,18.6553,20.2822
4223676,26.8643,21.3228
4237756,18.6128,19.8608
4251884,18.6050,19.4219
4266060,18.6133,19.7744
4280284,18.6064,19.4536
4294552,18.6304,19.5786
4308868,18.5767,19.6665
4323232,18.6162,19.6025
4337644,18.6279,19.6416
4352104,18.6362,19.2837
4366612,18.6040,19.4268
4381168,18.6372,19.4238
4395772,18.6143,19.6631
4410428,18.6382,19.2778
4425132,18.6099,19.3931
4439884,18.6025,19.1187
4454684,18.6035,19.1426
4469536,18.6250,19.5796
4484436,18.6216,19.2319
4499388,18.6255,19.2568
4514388,18.6172,19.2358
4529436,18.6108,19.3657
4544536,18.6113,19.2539
4559688,18.5947,19.2104
4574888,18.6157,19.5625
4590140,18.6035,19.4209
4605444,18.6099,19.3071
4620796,18.6143,19.3794
4636200,18.6094,19.3013
4651656,18.6089,19.3252
4667164,18.5742,19.1216
4682724,18.6172,19.3359
4698336,18.6069,26.6406
4714000,18.5913,19.3501
4729716,18.5918,19.3213
4745484,18.6162,19.4004
4761304,18.6035,19.2334
4777176,18.6191,19.3281
4793100,18.5996,19.4121
4809080,18.6089,19.3091
4825112,18.5669,19.3599
4841196,18.6201,19.4619
4857336,18.6118,19.4590
4873528,18.6313,19.4873
4889776,18.5942,19.2461
4906076,18.5693,19.2007
4922432,18.7866,19.3208
4938844,18.8418,20.9492
4955308,18.6665,20.8027
4971828,18.6631,19.8911
4988404,31.8657,20.4243
5005036,18.6143,19.8213
5021720,18.6030,20.5732
5038460,18.6470,19.9678
5055256,18.6074,19.5508
5072108,18.6172,19.6899
5089016,18.6641,19.4258
5105980,18.6670,19.4253
5123000,18.6177,19.4263
5140080,18.7104,19.6230
5157216,18.6616,19.4219
5174408,18.6064,19.3423
5191660,18.6113,19.3281
5208968,18.6543,19.3052
5226332,18.6187,19.4668
5243756,18.6567,20.2817
5261236,18.6333,19.7637
5278776,18.6089,19.7310
5296372,18.6250,19.8130
5314028,18.6182,19.6367
5331744,18.6987,19.5605
5349520,18.6509,19.5811
5367352,18.6187,19.5151
5385244,18.6450,19.4932
5403196,18.7339,19.4580
5421208,18.6235,19.7793
5439280,18.6294,19.3706
5457412,18.6523,19.5049
5475604,18.6323,19.4277
5493860,18.6162,19.4580
5512176,18.6230,19.5171
5530552,18.6465,19.4063
5548988,18.6611,19.3276
5567488,18.6118,30.1855
5586048,18.6045,19.6758
5604672,18.6475,19.3975
5623356,18.6519,51.9609
5642104,18.6221,31.8628
5660912,18.6167,20.5566
5679784,18.5947,19.9883
5698720,18.6011,19.6240
5717716,18.6880,20.5737
5736776,18.6470,19.7520
5755900,18.6079,19.7197
5775088,18.7837,19.6084
5794340,18.6650,19.5669
5813656,18.6616,19.4717
5833036,18.6084,20.8086
5852480,18.7329,19.8438
5871992,18.6099,19.8364
5891568,18.7212,21.1294
5911208,18.6421,19.9268
5930916,18.6382,37.3545
5950688,18.6196,19.7637
5970524,18.6362,19.7056
5990428,18.6113,19.6841
6010400,18.6025,19.7754
6030436,19.6187,36.2593
6050540,18.5815,19.6475
6070712,18.6104,19.7783
6090948,18.6133,36.6382
6111252,18.6064,19.5708
6131624,18.5923,50.0195
6152064,18.5586,19.7246
6172572,44.4683,19.7300
6193148,18.6221,19.5981
6213792,18.6323,19.5156
6234508,18.6196,19.5952
6255292,18.6001,19.3511
6276144,47.6328,19.3774
6297068,18.9473,22.9790
6318060,18.6226,21.9048
6339124,18.6011,21.7676
6360256,18.6011,21.9204
6381460,19.0479,22.2666
6402732,18.6187,21.8477
6424076,18.6182,21.8989
6445492,18.7515,22.4116
6466980,18.6299,21.4800
6488540,18.8398,73.4341
6510172,18.6172,21.8550
6531876,18.6138,21.6260
6553652,18.7930,23.3066
6575500,18.5957,22.4673
6597420,18.8242,44.4053
6619412,18.7573,21.7920
6641480,18.6133,22.4907
6663620,18.6606,22.2471
6685836,18.6484,39.0869
6708124,18.6431,21.6855
6730488,18.6611,22.0229
6752924,18.6172,43.2017
6775436,18.6289,21.8413
6798024,18.6011,21.8662
6820688,18.6294,21.8291
6843424,18.8726,22.4341
6866236,18.6460,21.7002
6889124,18.6353,21.9805
6912088,18.6611,21.8374
6935132,18.6465,21.6401
6958252,18.6865,22.0010
6981448,18.6162,21.8257
7004720,18.6699,21.8662
7028072,18.6099,22.0957
7051500,18.6548,21.9634
7075008,18.5908,21.8994
7098592,18.6528,21.9795
7122256,18.6582,33.1353
7146000,18.6152,21.7583
7169820,18.6489,21.5977
7193720,18.6528,21.7905
7217700,18.6533,55.6279
7241760,18.6377,53.7979
7265900,18.5903,21.9858
7290120,18.5693,22.7256
7314424,18.6621,22.1118
7338808,41.7222,21.7764
7363272,18.6270,21.9644
7387820,39.2300,22.0410
7412448,18.6133,22.0244
7437160,18.6855,22.3882
7461952,18.6699,21.9868
7486828,18.6514,21.6587
7511788,18.6602,21.9038
7536828,18.7539,22.5342
7561952,18.6465,21.6484
7587160,18.6646,21.8774
7612452,18.6392,21.6060
7637828,18.6392,22.7998
7663288,18.6064,21.7954
7688836,18.6455,21.6802
7714468,18.6294,21.7183
7740184,18.6479,22.0684
7765988,18.6079,22.0151
7791876,18.6450,22.1973
7817852,18.6401,21.6357
7843912,18.7261,22.1250
7870060,18.8062,21.6685
7896296,18.6084,21.7012
7922620,18.6606,21.8950
7949032,18.7231,22.2026
7975532,18.6030,22.4683
8002120,18.6284,217.1743
8028796,18.6904,21.9761
8055560,18.6812,21.6406
8082412,18.6372,21.9336
8109356,18.6353,22.5420
8136388,18.6592,21.6460
8163512,18.6479,21.5215
8190724,18.6968,21.7837
8218028,18.6641,21.8169
8245424,18.6768,21.3711
8272912,18.6831,22.2246
8300492,18.6909,21.9922
8328164,18.7051,21.9277
8355928,18.6572,22.0488
8383784,21.6802,22.5771
8411732,19.9604,21.3745
8439772,19.6890,20.5645
8467908,19.6416,20.5068
8496136,19.6719,20.1582
8524460,19.6660,20.3408
8552876,19.6494,32.6641
8581388,19.6455,20.3208
8609996,19.6372,20.1553
8638696,19.6934,19.8208
8667492,31.0073,20.2251
8696384,19.6348,19.9800
8725372,19.6470,20.4507
8754460,19.6206,20.1577
8783644,19.6655,21.1738
8812924,19.6709,21.0640
8842304,33.3428,21.1533
8871780,19.6543,33.8599
8901356,43.3027,61.9248
8931028,19.7310,19.9795
8960800,19.6738,20.0010
8990672,19.6943,19.8818
9020644,19.6772,20.1904
9050716,50.9570,20.0659
9080888,19.6450,20.1348
9111160,19.7104,20.2515
9141532,19.6670,19.8809
9172004,19.6929,19.7148
9202580,19.6641,19.9185
9233256,19.7007,20.1611
9264036,19.6724,20.2446
9294920,19.6611,19.9351
9325904,19.6694,33.5933
9356992,19.6758,20.1006
9388184,19.7915,20.5176
9419480,59.5483,21.0117
9450880,19.7163,20.2900
9482384,19.6626,65.0815
9513992,19.7017,83.2529
9545708,19.7202,34.7886
9577528,19.7222,47.4438
9609456,19.6304,56.7510
9641488,19.6548,20.2852
9673628,77.7451,20.3237
9705876,19.6401,19.9551
9738232,19.6382,20.2725
9770696,19.6738,35.6440
9803268,45.1880,37.7563
9835948,19.6729,20.3887
9868736,19.6553,20.2949
9901632,69.6333,20.3149
9934640,19.6279,20.0830
9967756,72.2637,20.3779
10000984,19.6519,20.1528
10034324,19.9121,20.3804
10067772,27.5645,21.1641
10101332,19.8809,33.7466
10135004,19.6934,20.0195
10168788,19.6699,20.3799
10202684,19.6899,20.3042
10236696,19.6763,20.1118
10270820,19.6772,21.1533
10305060,19.6392,20.8525
10339412,19.7310,20.7988
10373880,19.6553,20.3174
10408460,19.6172,20.4565
10443156,19.5967,20.3169
10477968,19.6592,20.5581
10512896,19.6543,21.1816
10547940,31.1250,53.1050
10583100,19.6602,20.4561
10618380,19.7075,20.1162
10653776,19.6157,20.2070
10689292,19.6343,19.9922
10724924,19.6880,20.0332
10760676,19.6445,20.0771
10796548,19.6748,20.1938
10832540,19.6978,32.4995
10868652,30.3887,21.1553
10904884,19.6577,20.5410
10941236,19.6143,20.4297
10977708,19.5981,21.2261
11014304,19.2554,21.3574
11051020,19.2397,20.3594
11087860,19.2246,20.9927
11124820,19.7095,20.4541
11161904,19.7061,49.5293
11199112,63.4546,21.1445
11236444,19.7080,20.5083
11273900,19.6392,20.5078
11311480,19.5493,20.2124
11349188,19.6538,20.6372
11387020,19.5420,20.3643
11424980,19.6162,20.2637
11463064,19.6353,20.0737
11501276,19.6187,20.0806
11539616,19.5376,20.0776
11578084,19.6440,20.2021
11616680,19.6348,20.1162
11655404,19.5610,20.4131
11694256,19.6533,20.2739
11733240,19.5806,20.0317
11772352,19.6143,19.9805
11811596,19.6030,52.8633
11850968,19.6240,20.1196
11890472,19.6182,20.3145
11930108,27.5024,30.4824
11969876,19.3052,20.9629
12009776,19.2310,21.5195
12049812,19.6450,20.8350
12089980,19.6646,20.3306
12130280,19.6577,20.1118
12170716,19.1987,20.4072
12211288,19.2490,20.1890
12251996,19.2129,20.4448
12292836,19.3052,20.1733
12333816,19.1968,20.0215
12374932,19.2432,33.8677
12416184,19.6465,20.4106
12457572,19.3213,20.4883
12499100,19.2148,19.9736
12540764,19.7065,25.3862
12582568,21.1099,20.7134
12624512,19.2192,23.1343
12666596,19.2388,22.7407
12708820,19.2178,22.5410
12751184,19.2739,22.2559
12793688,19.2461,22.2578
12836336,19.2002,22.6812
12879124,19.3638,22.0972
12922056,19.2334,22.1372
12965132,19.2349,22.0601
13008352,19.2314,22.9253
13051716,19.2485,22.3472
13095224,19.2275,22.6509
13138876,19.2314,22.8486
13182676,19.2847,22.1992
13226620,19.2090,22.2979
13270712,36.7939,23.7686
13314948,19.7124,41.2993
13359332,19.7798,22.1357
13403864,19.6377,21.9917
13448544,19.6826,22.9033
13493376,19.2148,22.3057
13538356,19.2407,22.2729
13583484,19.2354,22.5176
13628764,19.2983,22.3174
13674196,19.2090,21.9155
13719780,44.5898,22.2695
13765516,19.2261,22.1733
13811404,19.2339,22.0493
13857444,19.2695,22.4683
13903636,19.2231,22.3979
13949984,19.6436,22.3296
13996484,19.6592,23.5215
14043140,19.7983,31.2646
14089952,19.6592,22.3145
14136920,19.6680,23.3906
14184044,19.9766,22.8091
14231328,19.7168,22.5996
14278768,19.7344,23.3379
14326364,19.7290,22.3945
14374120,19.6851,22.5649
14422036,19.6616,22.3809
14470112,34.6157,22.3325
14518348,19.6362,38.9258
14566744,19.6606,22.6172
14615300,19.2217,32.0762
14664020,19.6553,23.3130
14712904,19.7261,22.1968
14761948,19.6704,22.1187
14811156,19.6670,43.7563
14860528,19.2466,22.6108
14910064,19.2129,21.9741
14959768,19.2246,22.4155
15009636,19.1729,22.3062
15059672,19.1895,21.8721
15109872,19.2188,22.4243
15160240,19.2349,22.1323
15210776,19.2373,22.1260
15261480,19.2783,22.1880
15312352,19.5664,23.0015
15363396,19.9429,51.2490
15414608,19.2324,22.3208
15465992,19.3506,22.7437
15517548,19.2495,41.7949
15569276,19.3228,22.3857
15621176,19.2197,30.4399
15673248,31.2568,23.2500
15725496,19.8467,23.3657
15777916,19.6655,22.9771
15830512,19.8550,38.8257
15883284,20.0435,22.6948
15936232,20.1055,47.4058
15989356,19.7280,23.7383
16042656,19.7031,23.7563
16096132,19.8516,23.0479
16149788,19.7642,22.6089
16203624,19.6357,22.5293
16257640,19.6572,23.8823
16311836,19.6938,23.0317
16366212,19.7065,22.4980
16420768,19.8335,22.8496
16475504,20.0708,22.7246
16530424,19.7256,23.0400
16585528,19.8042,23.0659
16640816,19.7095,23.2803
16696288,20.1069,23.2603
16751944,19.8486,23.0098
16807784,21.0781,22.6460
16863812,20.9741,22.2490
16920028,20.9033,21.5493
16976432,20.8711,21.5063
17033024,20.7227,21.1143
17089804,21.1250,21.8716
17146772,20.6538,21.1143
17203928,20.7666,21.1470
17261276,20.8110,20.7656
17318816,20.6235,21.0210
17376548,20.7471,21.5835
17434472,20.8188,21.7246
17492588,21.1494,21.0952
17550900,20.1538,21.1899
17609404,20.2178,21.2524
17668104,20.2021,21.5986
17727000,20.7964,22.4375
17786092,21.2603,21.7681
17845380,21.0469,21.1870
17904868,20.7769,20.5903
17964552,20.6602,46.2534
18024436,20.8677,22.1255
18084520,21.3213,21.5254
18144804,21.1650,27.9058
18205288,20.7544,21.0405
18265976,20.7319,21.1743
18326864,28.2559,20.9414
18387956,20.8750,21.9482
18449252,20.7539,21.0332
18510752,20.6553,20.7759
18572456,20.7241,20.9541
18634368,21.0171,21.1636
18696484,20.8159,21.0825
18758808,20.7510,21.7505
18821340,20.7852,20.7935
18884080,20.8774,21.7715
18947028,20.8301,22.2456
19010188,20.7612,20.8062
19073556,20.8330,20.8125
19137136,20.9224,22.0044
19200928,20.7686,20.7705
19264932,20.6660,20.6445
19329152,36.0659,21.0044
19393584,21.4927,21.6147
19458232,20.9111,21.1455
19523096,20.9180,20.9053
19588176,20.7476,20.7090
19653472,20.8145,21.5845
19718984,21.0044,22.6685
19784716,20.7612,21.5352
19850668,20.7852,20.5977
19916840,20.7959,20.6577
19983232,20.6841,20.8433
20049844,20.6709,20.2827
20116680,20.6265,34.3560
20183736,20.9214,22.1309
20251016,20.7563,21.8970
20318520,20.9268,21.1226
20386252,20.9766,20.7412
20454208,20.7715,21.0068
20522392,20.8232,21.8979
20590800,20.6504,21.0830
20659436,20.6548,21.4043
20728304,30.2305,20.7637
20797400,21.0112,21.8130
20866728,20.6772,21.8574
20936284,20.9478,21.5498
21006072,21.2505,21.7456
21076096,20.9512,21.8721
21146352,20.7827,29.8618
21216840,122.1465,22.0190
21287564,21.4736,21.6768
21358524,20.8555,21.8208
21429720,20.9756,21.9946
21501156,37.6479,21.8877
21572828,20.6973,21.2637
21644740,20.8022,60.3306
21716892,21.2354,22.3169
21789284,20.9712,21.6787
21861916,21.2056,22.1968
21934792,21.1509,21.9629
22007908,20.8857,21.1216
22081268,20.9341,34.9922
22154876,20.7979,54.9771
22228728,20.8931,22.5806
22302824,35.8867,21.0518
22377168,20.8164,21.0176
22451760,20.6982,21.8604
22526600,20.7915,21.9023
22601692,21.0488,21.0952
22677032,20.7871,20.9370
22752624,20.9189,21.1318
22828468,20.8721,21.1650
22904564,20.8838,21.1948
22980916,20.9375,21.9463
23057520,20.8584,21.7056
23134380,20.8076,21.8569
23211496,20.6216,22.7085
23288868,20.1841,21.9399
23366500,20.8662,21.3271
23444392,20.8135,21.3789
23522540,21.1353,22.2495
23600952,21.0352,21.1348
23679624,20.9209,22.0337
23758560,31.8452,38.5752
23837756,20.9946,21.5552
23917216,20.7256,21.2212
23996944,61.4854,22.1455
24076936,20.7959,54.7563
24157196,20.9614,21.9985
24237720,20.7681,21.6826
24318516,20.8062,21.7700
24399580,20.8413,22.3647
24480912,21.1206,75.8047
24562516,20.7168,21.8428
24644392,20.2783,22.1938
24726540,20.9487,21.1504
24808964,21.0425,51.0298
24891664,31.1099,21.9927
24974640,20.8506,21.6738
25057892,20.1943,21.6074
25141420,20.9590,22.0005
25225228,20.8452,23.9668
25309316,20.7490,23.9741
25393684,69.1904,23.7661
25478332,21.8047,23.9160
25563260,21.3276,94.9214
25648472,20.8350,32.9482
25733968,20.9819,23.4414
25819748,20.7827,23.8853
25905816,22.1152,23.7925
25992172,21.0557,34.2993
26078816,20.1523,24.0044
26165748,20.1406,23.0000
26252968,20.3071,23.2134
26340480,20.9976,23.8110
26428284,20.7456,23.7949
26516380,20.7983,23.4707
26604768,21.1089,23.5586
26693452,20.4106,23.5952
26782432,20.1616,24.3237
26871708,47.4106,24.1860
26961284,20.9194,24.9360
27051156,20.8262,23.7466
27141328,20.7593,23.6655
27231800,20.9497,23.6250
27322576,20.8003,23.0781
27413652,20.7764,24.5156
27505032,20.7065,23.6948
27596716,20.8540,23.8530
27688708,20.7891,23.6768
27781004,20.1514,23.3174
27873608,27.4629,23.4463
27966524,20.7441,23.9927
28059748,20.7085,24.6821
28153284,20.7974,23.4346
28247132,20.6646,24.4683
28341292,20.8633,23.6147
28435764,20.6470,23.2852
28530552,20.3271,24.5898
28625656,20.2158,29.6035
28721076,20.1689,23.0020
28816816,34.0483,24.1104
28912876,20.7793,23.0640
29009256,20.6704,24.2427
29105956,20.1641,24.0908
29202976,20.2124,35.5957
29300320,20.8325,23.6509
29397988,20.7959,24.2036
29495984,20.8071,23.7783
29594304,71.4321,24.3887
29692952,20.7119,23.4463
29791932,20.8110,23.1699
29891240,20.3584,23.8940
29990880,20.3452,24.1597
30090852,20.1665,23.8931
30191156,36.0659,24.7046
30291796,20.9863,23.9722
30392772,20.9878,23.2515
30494084,20.6353,23.4448
30595732,20.8325,24.1113
30697720,20.9561,25.5977
30800048,20.8306,76.9946
30902716,36.0884,24.0718
31005728,20.1270,23.9556
31109084,20.7134,38.2656
31212784,20.7085,23.9165
31316828,20.7075,24.3262
31421220,20.1948,24.1919
31525960,20.2319,24.1738
31631048,21.1509,24.8174
31736488,20.6709,23.4272
31842280,20.8091,24.6670
31948424,20.2090,24.2769
32054920,20.7637,23.4370
32161772,20.2388,23.7764
32268980,20.6919,24.4668
32376544,20.2451,46.0840
32484468,20.2529,23.5986
32592752,36.0811,35.2705
32701396,36.0664,24.1392
32810404,21.2969,24.5474
32919776,20.8340,23.1504
33029512,21.6348,24.6548
33139612,20.6938,24.0620
33250080,21.1274,24.8589
33360916,20.7319,24.7197
33472120,21.3760,23.4141
33583696,22.2969,22.4458
33695644,22.2109,80.7168
33807964,22.3789,21.8286
33920660,37.7217,22.5693
34033732,22.4224,21.7773
34147180,22.1797,22.8535
34261004,22.7324,22.5171
34375208,22.5488,21.5928
34489796,22.2095,22.4771
34604764,22.5127,21.2266
34720116,22.6685,21.7524
34835852,22.0894,21.3560
34951972,22.5728,22.4858
35068480,42.4038,22.9307
35185376,49.9521,29.9697
35302664,29.3706,21.9282
35420340,22.4521,22.4199
35538408,22.4990,21.8057
35656872,22.9590,22.4731
35775732,22.3628,22.5776
35894988,22.4653,21.6006
36014640,22.1675,22.6108
36134692,22.2021,22.8984
36255144,22.3877,112.0835
36375996,45.7026,22.3203
36497252,22.4395,21.6904
36618912,22.6304,22.3833
36740976,22.3613,22.1572
36863448,23.0981,22.2632
36986328,22.5488,22.4668
37109616,22.5073,22.2612
37233316,36.9424,22.4053
37357428,23.1587,22.5879
37481956,22.7271,22.4717
37606896,22.4619,21.9346
37732256,22.5005,22.8955
37858032,48.1348,22.3984
37984228,22.4580,22.0684
38110844,22.4238,22.8154
38237884,22.4556,21.4072
38365344,22.3081,69.0591
38493232,21.1836,22.3799
38621544,59.5859,22.4541
38750284,22.5269,22.5884
38879452,22.5249,22.5425
39009052,22.7261,22.3408
39139084,22.1924,22.5088
39269548,22.6045,22.3896
39400448,22.3354,22.4946
39531784,22.1362,23.2051
39663560,22.1509,21.7524
39795772,22.3745,22.3682
39928428,22.3735,21.7217
40061524,22.1543,22.3379
40195064,21.1313,28.0464
40329048,22.3647,21.4365
40463480,21.1382,43.7632
40598360,21.2847,22.1694
40733688,22.1577,22.1602
40869468,22.0889,103.4473
41005700,22.2251,22.5557
41142388,22.2412,21.4688
41279532,22.3677,22.2793
41417132,22.2344,21.5425
41555192,22.5776,22.3491
41693712,22.2261,22.4990
41832692,22.5781,23.3540
41972136,22.3945,22.9160
42112044,22.4150,22.5317
42252420,22.2212,27.7773
42393264,22.3159,22.1465
42534576,22.3721,22.1558
42676360,21.8813,21.8345
42818616,22.0107,41.0679
42961348,22.4082,29.1147
43104556,21.8833,22.4082
43248240,31.7603,31.5820
43392404,28.2432,60.6650
43537048,22.4424,28.4438
43682172,22.2192,21.5552
43827780,22.5376,22.7505
43973876,29.8550,23.2578
44120456,24.7114,22.3101
44267528,22.4937,22.8467
44415088,22.0264,22.8105
44563140,80.0156,22.4170
44711684,22.2222,22.5298
44860724,22.2212,22.1328
45010260,22.0259,22.2495
45160296,22.4087,22.0376
45310832,22.3701,22.7163
45461872,22.4282,21.9551
45613412,22.4121,22.9863
45765460,22.3442,22.0640
45918012,22.2285,21.6245
46071076,22.3828,22.1997
46224648,22.1553,22.4897
46378732,22.3271,22.4331
46533328,22.3882,22.7822
46688440,22.3008,22.8281
46844072,22.1548,22.5361
47000220,22.2173,22.3496
47156888,22.0244,21.8237
47314080,22.0322,21.7075
47471796,22.4312,23.8965
47630036,22.2251,51.5820
47788804,37.1133,45.3345
47948104,31.4624,27.4004
48107932,29.9927,22.7329
48268292,23.4917,59.0508
48429188,25.3521,22.4160
48590620,21.3638,22.2354
48752592,21.2798,32.6147
48915104,27.1401,23.4795
49078156,21.1460,22.2563
49241752,82.6128,21.9541
49405892,22.3706,21.4639
49570580,21.1294,21.8213
49735816,21.2485,23.0176
49901604,22.5483,46.5337
50067944,22.2681,31.5254
50234840,22.1963,22.5835
50402292,22.3467,176.4751
50570300,22.2036,24.7529
50738868,22.3652,24.3926
50908000,22.0215,25.3037
51077696,22.2148,25.4609
51247956,22.1904,34.8765
51418784,22.1255,24.1191
51590180,22.2207,24.5464
51762148,22.2212,23.7124
51934692,22.0283,25.4902
52107808,22.1572,24.5493
52281504,38.3677,24.7861
52455776,22.2266,24.2207
52630632,22.2153,24.7402
52806068,22.2207,24.0244
52982092,22.3447,24.9058
53158700,22.3145,24.4048
53335896,22.1929,24.2354
53513684,22.2314,29.4141
53692064,22.4561,24.6909
53871040,28.7632,24.3896
54050612,22.2300,24.4175
54230784,22.4048,24.6855
54411556,21.3691,24.9565
54592928,21.9810,23.7549
54774908,22.6406,24.9165
54957492,21.1196,25.3159
55140684,43.4023,32.1465
55324488,22.0220,24.3896
55508904,22.5308,24.4766
55693936,22.4639,28.8823
55879584,21.1245,33.3975
56065852,21.1021,27.7305
56252740,22.5044,29.1919
56440252,22.0381,28.0010
56628388,34.3140,27.6494
56817152,24.1948,31.0381
57006544,64.6084,24.4258
57196568,24.4541,27.6479
57387224,22.4731,25.3989
57578516,53.7046,24.8970
57770448,22.2915,25.2534
57963020,22.2256,24.1030
58156232,22.0210,25.1650
58350088,22.6406,37.2456
58544592,22.3701,24.7109
58739744,21.9663,24.8428
58935544,25.3945,25.7886
59131996,21.1377,24.2134
59329104,22.2344,30.4482
59526868,31.5205,24.7783
59725292,22.2144,24.2495
59924380,22.2490,24.4653
60124128,21.6763,24.1929
60324544,22.5811,24.4551
60525628,22.2231,26.1763
60727384,28.6660,25.6284
60929812,29.2803,33.0034
61132912,22.0239,25.7578
61336692,29.1440,24.5596
61541148,28.1660,25.1089
61746288,50.8047,25.8701
61952112,36.1177,29.1616
62158620,22.0293,24.3853
62365816,22.2876,29.5781
62573704,21.9644,24.4819
62782284,22.0088,42.5693
62991560,22.0278,24.2588
63201532,22.0313,25.9312
63412204,29.3721,24.8745
63623580,34.9014,24.5654
63835660,22.0010,23.8740
64048448,22.0283,29.7300
64261944,21.9268,25.2861
64476152,21.1367,24.9116
64691076,21.7529,24.5493
64906716,22.0327,24.0811
65123072,22.3325,24.4399
65340152,22.0005,24.0747
65557956,73.1650,31.8374
65776484,21.1426,25.0029
65995740,22.2358,27.8618
66215728,22.0249,24.5811
66436448,38.4600,26.0962
66657904,22.0342,24.8193
66880100,21.1328,24.2905
67103036,27.4097,25.2729
