4,1.1162,1.3130
8,1.8530,5.4404
12,2.3730,7.5034
16,2.3750,8.5996
20,2.9766,10.7285
24,2.9834,12.0361
28,2.9395,12.9116
32,2.9644,13.6572
36,3.4927,13.9609
40,3.4663,12.4380
44,3.4585,11.6113
48,3.4746,12.4497
52,3.4731,11.9063
56,3.4785,13.5728
60,3.4746,13.0107
64,3.4692,13.5796
68,3.9790,12.9517
72,3.9707,13.2246
76,3.9795,12.8433
80,3.9766,13.5957
84,3.9814,13.2588
88,3.9692,13.0771
92,3.9917,13.0776
96,3.9741,14.3579
100,3.9854,13.9746
104,3.9727,13.9141
108,3.9790,14.1416
112,3.9785,15.1372
116,3.9565,13.7124
120,3.9785,13.6602
124,3.9814,13.4546
128,3.9775,13.9868
132,4.5547,13.2915
136,4.5571,13.2798
140,4.5542,13.2861
144,4.6689,14.2437
148,5.8608,15.8579
152,7.1567,15.3130
156,5.5088,13.4248
160,4.5508,14.8140
164,4.5474,14.0474
168,4.6025,13.8496
172,4.5542,13.8042
176,4.5869,13.6636
180,4.5557,14.8633
184,4.5542,13.1606
188,4.5566,13.0552
192,4.5542,13.6973
196,4.5576,13.3188
200,4.5562,23.1431
204,4.5347,13.5278
208,4.5508,13.3525
212,4.5288,13.2207
216,4.5591,13.0732
220,4.5537,13.2520
224,4.5469,14.9619
228,4.5439,14.6255
232,4.5654,14.7100
236,4.5503,14.5625
240,4.5518,14.7573
244,4.5464,14.6426
248,4.5562,14.4702
252,4.5361,14.5029
256,4.5259,15.2891
260,5.1821,14.8687
264,5.1973,14.7065
268,5.1772,19.2212
272,5.1836,14.6035
276,5.1836,14.6362
280,5.1807,14.5996
284,5.1631,14.6938
288,5.1938,15.1870
292,5.1855,15.0884
296,5.1714,14.9043
300,5.1738,14.7690
304,5.1851,15.0645
308,5.1572,14.9180
312,5.1958,14.9341
316,5.1880,14.7852
320,5.1831,15.8291
324,5.1680,15.1665
328,5.1782,15.2695
332,5.1860,15.4106
336,5.1685,15.2959
340,5.1772,15.1294
344,5.1807,15.1270
348,5.1655,14.0747
352,5.1899,13.6558
356,5.1870,13.7046
360,5.1719,13.9004
364,5.1816,13.7441
368,5.1875,13.8008
372,5.1729,13.4697
376,5.1714,13.4966
380,5.1792,13.5962
384,5.1807,14.1802
388,5.1836,14.0557
392,5.1743,13.9468
396,5.1748,13.8657
400,5.1787,13.5664
404,9.7617,13.9526
408,5.2222,13.9224
412,5.1787,13.6177
416,5.1772,13.8047
420,5.1841,13.8311
424,5.1831,13.9009
428,5.1797,13.9282
432,5.1758,13.8511
436,5.1812,13.7622
440,5.1812,13.8433
444,5.2217,13.7617
448,5.1914,15.8506
452,5.1660,15.1030
456,5.1768,14.9629
460,5.1914,15.0977
464,5.1709,15.1880
468,5.1807,15.0732
472,5.1860,14.8232
476,5.1592,15.0044
480,5.1445,15.0317
484,5.1875,14.8311
488,5.1675,14.9131
492,5.1641,15.0420
496,5.1851,15.0142
500,5.1655,14.9829
504,5.1655,14.8784
508,5.1899,14.9546
512,5.1758,15.6016
516,5.6035,15.4507
520,5.5620,15.2720
524,5.6694,15.1646
528,5.5835,15.3892
532,5.5454,15.1416
536,5.6060,15.2222
540,5.5928,15.2881
544,5.5967,15.1865
548,5.5767,15.2681
552,5.6094,15.2407
556,5.6104,15.3013
560,5.5962,15.6538
564,5.6001,15.0688
568,5.6050,15.3335
572,9.0801,15.5571
576,5.5962,15.6445
580,5.5801,15.1963
584,5.5933,14.7642
588,5.6064,14.5986
592,5.5879,14.4033
596,5.6016,14.6543
600,5.6011,14.4619
604,5.5952,14.5151
608,5.5986,14.4722
612,5.5737,14.6362
616,5.6021,14.5767
620,5.5596,14.4067
624,5.5610,14.5410
628,5.5972,14.5830
632,5.5752,14.5308
636,5.6089,14.4199
640,5.5933,15.1431
644,5.5620,14.7173
648,5.6011,14.8213
652,5.6021,14.4780
656,5.6064,14.3813
660,5.6069,14.4248
664,5.6006,14.5498
668,5.5830,14.5640
672,5.6035,14.5029
676,5.5894,14.5229
680,5.5474,14.5200
684,5.6016,14.3687
688,5.6016,14.6865
692,5.5923,14.6646
696,5.6025,14.5332
700,5.5527,14.3940
704,5.5854,14.7090
708,5.5591,14.3608
712,5.5518,14.6255
716,5.5854,14.5000
720,5.5981,14.6367
724,5.5928,14.5200
728,5.5469,14.7368
732,5.6162,14.5952
736,5.5728,14.6646
740,5.5972,14.5049
744,5.6030,14.6895
748,5.6035,14.5005
752,5.6016,14.4385
756,5.6025,14.7114
760,5.6021,14.5215
764,5.6011,14.4614
768,5.6016,15.1768
772,5.5972,16.2402
776,5.7720,14.7085
780,15.0532,14.5874
784,5.5942,14.4165
788,5.6050,14.3525
792,5.6108,14.9072
796,5.5933,14.3652
800,5.5659,14.2393
804,5.5649,14.3911
808,5.5864,14.4268
812,5.5596,14.3271
816,5.6118,14.1768
820,5.5771,14.4307
824,5.5933,14.4321
828,5.6050,14.0625
832,5.5952,14.2603
836,5.6021,14.4243
840,5.6030,14.3057
844,5.5791,14.1626
848,5.5620,14.3545
852,5.5854,14.2520
856,5.5854,14.0596
860,5.6001,14.1421
864,5.6055,14.4604
868,5.5923,16.8760
872,5.5806,14.2354
876,5.5972,14.3330
880,5.6045,14.4126
884,5.5830,14.2759
888,5.6045,14.4609
892,5.6123,14.2119
896,5.5830,16.0234
900,5.5947,15.7549
904,5.6089,15.5796
908,5.6035,15.4927
912,5.5708,15.5220
916,5.6001,15.3877
920,5.6084,16.1157
924,7.3442,17.4424
928,5.6025,15.6411
932,5.5952,15.6484
936,5.5947,15.4048
940,5.5996,15.3584
944,5.5996,15.4526
948,5.8154,15.5557
952,5.5693,15.4932
956,5.6055,15.7661
960,5.6040,15.4590
964,5.5474,15.4331
968,5.5391,15.5220
972,5.6118,15.6323
976,5.5923,15.5391
980,5.5908,15.6094
984,5.5703,15.8555
988,5.6099,15.4678
992,5.5972,15.5527
996,5.5879,15.5063
1000,5.6201,15.5830
1004,5.5688,15.2700
1008,5.5942,15.3589
1012,5.5903,15.5186
1016,5.5635,15.5020
1020,5.6050,15.5684
1024,5.5967,15.9497
1028,6.0313,15.2739
1032,6.0420,15.4351
1036,6.0405,15.4082
1040,6.0430,15.3838
1044,6.0405,15.4282
1048,6.0498,15.4331
1052,6.0527,15.3569
1056,6.0449,15.5977
1060,6.0313,15.1694
1064,6.0522,15.2813
1068,6.0518,15.2842
1072,6.0479,15.1738
1076,6.0356,15.2651
1080,6.0366,15.4121
1084,6.0532,15.3677
1088,6.0273,15.1421
1092,6.0342,15.2617
1096,6.0615,15.1694
1100,6.0454,15.4058
1104,6.0356,15.3169
1108,6.0420,15.6812
1112,6.0586,15.4272
1116,6.0469,15.0225
1120,6.0430,15.2808
1124,6.0352,15.4717
1128,6.0498,15.5972
1132,6.0435,15.2549
1136,6.0430,15.7842
1140,6.0303,15.4238
1144,6.0420,15.0864
1148,6.0557,15.2358
1152,6.0435,15.9292
1156,6.0313,18.4336
1160,6.0645,15.7856
1164,6.0601,15.7852
1168,6.0552,15.5513
1172,6.0684,15.3325
1176,6.0430,15.4854
1180,6.0537,15.7256
1184,6.0703,15.6035
1188,6.0728,15.6675
1192,6.0708,15.3911
1196,6.0552,15.7231
1200,6.0566,15.6782
1204,6.0557,15.5347
1212,6.0776,15.7334
1220,6.0850,15.6504
1228,6.0713,15.3516
1236,6.0732,15.2881
1244,6.0537,15.1328
1252,6.0522,15.2769
1260,6.0337,15.1074
1268,6.0229,15.1685
1276,6.0513,15.1577
1284,6.0444,15.3633
1292,6.0513,15.0273
1300,6.0449,15.0117
1308,6.0601,15.3608
1316,6.0229,15.0410
1324,6.0273,15.0068
1332,6.0815,15.0654
1340,6.0449,15.0576
1348,6.0381,15.2036
1356,6.0381,15.1157
1364,6.0352,14.9380
1372,6.0430,14.9199
1380,6.0283,15.1533
1388,6.0498,15.5869
1396,6.0439,15.1089
1404,6.0459,15.2700
1412,6.0239,15.1943
1420,6.0317,15.2197
1428,6.0469,15.0762
1436,6.0532,14.8154
1444,6.0132,21.1172
1452,6.0625,15.2324
1460,6.0317,15.2925
1468,6.0537,15.1113
1476,6.0635,15.0581
1484,6.0488,15.0605
1492,6.0317,14.9590
1500,6.0649,14.8350
1508,6.0498,15.0986
1516,6.0234,14.7876
1524,6.0474,14.8257
1532,6.0303,15.0151
1540,6.0513,15.7158
1548,6.0337,15.3906
1556,6.0391,15.3320
1564,6.0557,15.4004
1572,6.0425,15.6089
1580,6.0322,15.3760
1588,6.0430,15.0229
1596,6.0479,15.0254
1604,6.0474,15.0269
1612,6.0435,14.9531
1620,6.0381,14.9692
1628,6.0625,15.0688
1636,6.0420,14.8750
1644,6.0391,14.9951
1652,6.0444,14.9722
1660,6.0195,15.0400
1668,6.0513,14.8384
1676,6.0205,14.7246
1684,8.3364,14.9282
1692,7.5405,15.0190
1700,6.0674,14.9155
1708,6.0630,15.0225
1716,6.0317,14.7593
1724,6.0742,14.7046
1732,6.0796,15.1777
1740,6.0542,15.1191
1748,6.0566,14.9600
1756,6.0552,15.1367
1764,6.0366,15.0493
1772,6.0278,14.9229
1780,6.0210,15.2231
1788,6.0439,14.9521
1796,6.0405,16.3501
1804,6.0293,16.3726
1812,6.0347,16.2471
1820,6.0361,18.7622
1828,6.0220,16.3120
1836,6.0508,16.1924
1844,6.1069,16.1953
1852,6.0278,16.2183
1860,6.0303,16.0298
1868,6.0493,15.9897
1876,6.0454,16.1475
1884,6.0522,16.2563
1892,6.0386,16.0303
1900,6.0254,16.3472
1908,6.0352,16.3862
1916,6.0479,16.1279
1924,6.0537,15.9985
1932,6.0649,16.0303
1940,6.0342,16.1465
1948,6.0371,16.1646
1956,6.0366,16.2983
1964,6.0581,16.3247
1972,6.0791,16.3789
1980,6.0605,16.6304
1988,6.0420,16.2842
1996,6.0239,16.0859
2004,6.0361,16.0132
2012,6.0410,16.1768
2020,6.0552,16.2368
2028,6.0649,16.1768
2036,6.0464,16.1729
2044,6.0313,16.0566
2052,6.4937,16.7139
2060,6.4141,16.2568
2068,6.4688,16.0459
2076,6.4844,16.2622
2084,6.4824,15.8066
2092,6.4717,15.8428
2100,6.4600,16.0122
2108,6.4863,15.9624
2116,6.5010,15.8838
2124,6.5020,16.1323
2132,6.4688,16.1738
2140,6.4731,16.0938
2148,6.4771,16.0400
2156,6.4868,16.2261
2164,6.4795,16.1514
2172,6.4946,16.2139
2180,6.4585,16.0562
2188,6.4648,16.0947
2196,6.4829,16.1035
2204,6.4912,16.2256
2212,6.4932,16.2681
2220,6.4888,16.1382
2228,6.4805,15.8936
2236,6.4097,16.6284
2244,6.4775,16.0073
2252,6.4854,16.3350
2260,6.5020,16.1938
2268,6.5459,16.1567
2276,6.5200,16.0557
2284,6.5151,16.2437
2292,6.4922,16.4614
2300,6.4771,16.5049
2308,6.4082,16.3130
2316,6.4790,16.2637
2324,6.4199,16.3647
2332,6.4136,16.2378
2340,6.4380,16.3765
2348,6.4219,15.8569
2356,6.4116,16.0820
2364,6.4092,15.9395
2372,6.4136,15.8970
2380,6.4961,16.0244
2388,6.4951,15.9805
2396,6.4854,16.0010
2404,6.4727,15.9414
2416,6.4702,15.8452
2428,6.4941,15.7578
2440,6.5273,15.8853
2452,6.5166,16.0381
2464,6.4766,15.9980
2476,6.4678,16.0122
2488,6.4497,15.8755
2500,6.4907,15.8511
2512,6.4624,16.0488
2524,6.4731,15.8892
2536,6.4858,16.0122
2548,6.4600,15.9277
2560,6.4819,16.6968
2572,6.4116,16.9951
2584,6.4927,16.5479
2596,6.4897,16.3457
2608,6.4282,16.2324
2620,6.4595,16.4531
2632,6.4707,16.2124
2644,6.4087,16.3105
2656,6.4253,17.6494
2668,6.5156,16.1147
2680,6.5103,16.3008
2692,6.5264,16.2544
2704,6.5000,16.4585
2716,6.5137,16.3091
2728,6.5166,16.2671
2740,6.4961,16.1816
2752,6.4771,16.4526
2764,6.4956,16.5034
2776,6.5000,16.2075
2788,6.4824,16.3257
2800,6.4653,16.5850
2812,6.4644,16.2393
2824,6.4756,16.2168
2836,6.5166,16.5049
2848,6.4917,16.1724
2860,6.4883,16.0425
2872,6.4863,16.1484
2884,6.4868,16.3657
2896,6.4790,16.3423
2908,6.4790,16.0649
2920,6.4878,16.1528
2932,6.4927,16.3521
2944,6.4746,16.2344
2956,6.4819,16.3403
2968,6.4824,16.3823
2980,6.4771,16.3350
2992,6.4771,16.2671
3004,6.4961,16.3911
3016,6.4922,16.2021
3028,6.4653,16.2358
3040,6.4565,16.4014
3052,6.4556,16.4751
3064,6.4727,19.5757
3076,6.4961,17.7051
3088,6.4785,17.3438
3100,6.4131,17.0137
3112,6.4888,16.9346
3124,6.4922,17.1372
3136,6.4761,16.9355
3148,6.5029,16.7236
3160,6.4854,17.0430
3172,6.4883,16.7783
3184,6.4731,16.7915
3196,6.4102,16.5894
3208,6.4233,16.7114
3220,6.4160,16.9888
3232,6.4473,16.7534
3244,6.4360,16.5728
3256,6.4858,16.8481
3268,6.4883,16.7964
3280,6.4849,16.6797
3292,6.4814,16.8247
3304,6.4692,16.9375
3316,6.4937,16.6348
3328,6.4902,16.7715
3340,6.4819,16.7163
3352,6.4951,16.9624
3364,6.4873,16.5562
3376,6.4829,16.4473
3388,6.4648,16.3896
3400,6.4849,16.7632
3412,6.4697,16.6318
3424,6.4805,16.6167
3436,6.4829,16.7964
3448,6.5059,16.5391
3460,6.4155,16.4731
3472,6.4678,16.8286
3484,6.4883,16.6895
3496,6.4746,16.6431
3508,6.4873,16.6133
3520,6.4507,16.7407
3532,6.4932,16.8618
3544,6.4902,16.8101
3556,6.4868,17.0752
3568,6.4785,16.9966
3580,6.4937,16.6846
3592,6.4116,21.5894
3604,6.4629,18.0874
3620,6.4893,17.7407
3636,6.4800,17.6621
3652,6.4263,17.5186
3668,6.4795,17.3789
3684,6.4419,17.6631
3700,6.4727,17.5122
3716,6.4663,17.6895
3732,6.4165,17.8521
3748,6.4834,17.4580
3764,6.5073,17.8472
3780,6.4922,17.5303
3796,6.4868,17.4985
3812,6.4775,17.6167
3828,6.4824,17.5044
3844,6.4717,17.6401
3860,6.4824,17.7324
3876,6.4854,17.4785
3892,6.4521,17.4624
3908,6.4717,17.6685
3924,6.4663,17.8022
3940,6.4658,17.4087
3956,6.4038,17.6440
3972,6.4595,17.5898
3988,6.4858,17.7827
4004,6.4810,17.4658
4020,6.4824,17.6182
4036,6.4165,17.6587
4052,6.4863,17.8242
4068,8.9194,18.1519
4084,6.4771,17.3750
4100,7.0703,17.9160
4116,7.0425,17.3745
4132,7.1494,17.3003
4148,7.1030,17.5190
4164,7.0850,17.4585
4180,7.0298,17.3003
4196,7.0605,17.3159
4212,7.0430,17.4424
4228,7.0454,36.9902
4244,7.0234,17.4297
4260,7.0542,17.4253
4276,7.0542,17.2778
4292,7.0234,17.3086
4308,7.0317,17.5317
4324,7.0024,17.2212
4340,7.0522,17.3511
4356,7.0435,17.2412
4372,7.0376,17.4585
4388,6.9917,17.3701
4404,7.0537,17.3350
4420,7.0825,17.4121
4436,7.0586,17.5508
4452,7.0522,17.4702
4468,7.0469,17.2280
4484,7.0420,17.3896
4500,7.0273,17.5034
4516,7.0435,17.3101
4532,7.0386,17.4424
4548,7.1123,17.2583
4564,7.1113,17.0972
4580,7.0435,17.3647
4596,7.0249,17.1504
4612,7.0811,17.9326
4628,6.9912,17.6768
4644,7.0229,17.9131
4660,7.0347,17.6831
4676,7.0425,17.8447
4692,7.0425,17.6626
4708,7.0396,17.8472
4724,7.0225,17.9326
4740,7.0400,17.3599
4756,7.0342,17.1982
4772,7.0571,17.3999
4788,7.0557,17.2192
4804,7.0522,17.3618
4824,6.9956,16.9663
4844,7.0376,17.1226
4864,7.0576,17.1660
4884,7.1455,17.1094
4904,7.1021,17.2192
4924,7.1240,17.1597
4944,7.2065,17.2480
4964,7.1880,17.0723
4984,7.1528,17.1978
5004,7.0308,17.1880
5024,7.0244,17.2095
5044,7.0317,16.9902
5064,7.0112,17.0605
5084,7.0073,17.1074
5104,7.0264,17.2280
5124,7.0317,17.8008
5144,6.9956,17.5522
5164,7.0127,17.7358
5184,7.0283,17.4663
5204,7.0356,17.6382
5224,7.0264,17.5845
5244,7.0200,17.5996
5264,6.9849,17.3315
5284,7.0415,17.7329
5304,7.0728,20.9395
5324,7.1226,17.7793
5344,7.0503,17.6641
5364,7.0552,17.4941
5384,7.0200,17.4468
5404,7.0625,17.4268
5424,7.0415,17.4854
5444,7.0303,17.3623
5464,7.0425,17.4238
5484,7.0210,17.6245
5504,7.0586,17.5537
5524,7.0356,17.2773
5544,7.0376,17.5146
5564,7.1196,21.7402
5584,7.0566,17.6738
5604,7.0454,17.6533
5624,7.0000,17.6621
5644,7.0166,17.2373
5664,7.0420,17.7153
5684,7.0151,17.2065
5704,7.0313,17.3169
5724,7.0254,17.1895
5744,7.0293,17.3833
5764,7.0161,17.1333
5784,7.0132,16.9517
5804,7.0332,17.1016
5824,7.0420,17.1221
5844,7.0190,17.1221
5864,7.0308,17.1230
5884,7.0405,17.0059
5904,7.0269,16.9175
5924,7.0342,17.1187
5944,7.0781,17.2393
5964,7.0151,17.1128
5984,7.0723,16.7866
6004,7.0713,17.1699
6028,7.0308,16.9287
6052,7.0425,17.0527
6076,7.0122,16.8457
6100,7.0371,16.7744
6124,7.0200,16.9492
6148,6.9702,18.2212
6172,7.0205,18.1436
6196,7.0249,17.9912
6220,7.0347,17.8745
6244,7.0088,17.9507
6268,7.0054,17.6064
6292,7.0273,17.5586
6316,7.0464,17.6553
6340,7.0303,17.5874
6364,7.0366,17.5469
6388,7.0332,17.6138
6412,7.0547,17.5342
6436,7.0874,17.5547
6460,7.0415,17.4546
6484,7.0078,17.2871
6508,7.0469,17.3916
6532,7.0493,17.4468
6556,7.0508,17.6328
6580,7.0322,17.6372
6604,7.0356,17.3511
6628,7.0586,21.0142
6652,7.0112,17.4722
6676,7.0400,17.3916
6700,7.0522,17.4346
6724,7.0576,17.3931
6748,7.0571,17.5581
6772,7.0693,17.3569
6796,7.0693,17.5444
6820,7.0415,17.4253
6844,7.0605,17.4351
6868,7.0435,17.3760
6892,10.8579,17.7930
6916,7.0835,17.5288
6940,7.1055,17.3179
6964,7.0410,17.5415
6988,7.0444,18.5796
7012,7.0049,17.6963
7036,7.0054,17.7300
7060,7.0229,17.8354
7084,7.0078,17.4258
7108,7.0386,17.3584
7132,7.0376,17.1421
7156,7.0693,17.3086
7180,7.0327,19.1445
7204,7.0366,18.9028
7232,6.9902,18.9795
7260,7.0752,18.9390
7288,7.0396,18.7598
7316,7.0288,18.7300
7344,7.0215,18.8750
7372,7.0112,18.7021
7400,7.0210,18.6992
7428,7.0332,18.3369
7456,7.0195,18.8076
7484,7.0205,18.6587
7512,7.0400,18.4404
7540,7.0098,18.2124
7568,7.0527,18.3813
7596,7.0347,18.4917
7624,7.0347,18.1396
7652,7.0654,18.4331
7680,7.0396,18.0396
7708,7.0684,18.1543
7736,7.0913,18.4463
7764,7.0415,18.2471
7792,7.0347,18.4063
7820,7.0083,18.1221
7848,7.0371,18.3853
7876,7.0288,18.1709
7904,7.0366,18.2910
7932,7.0234,18.1616
7960,6.9976,18.3452
7988,7.0576,18.1685
8016,6.9985,18.2139
8044,6.9927,18.4517
8072,7.0371,18.1172
8100,7.0381,18.0410
8128,7.0371,18.3247
8156,7.0459,18.1616
8184,7.0356,18.1431
8212,7.4746,19.1919
8240,7.4434,18.6655
8268,7.4360,18.6196
8296,7.4448,18.5674
8324,7.4160,18.1743
8352,7.4321,18.0508
8380,7.4268,17.9609
8408,7.4292,18.1973
8440,7.4712,17.7778
8472,7.4551,17.7329
8504,7.4521,17.9028
8536,7.4478,17.8545
8568,7.4419,17.5728
8600,7.4180,17.8887
8632,7.4355,17.8110
8664,7.4287,17.7598
8696,7.4258,18.0015
8728,7.4326,18.0713
8760,7.4360,21.6758
8792,7.4175,18.0596
8824,7.4351,17.9995
8856,7.3833,17.9087
8888,7.3877,17.9585
8920,7.4199,17.8330
8952,7.3696,17.6860
8984,7.4146,17.9399
9016,7.4150,17.8291
9048,7.4189,17.6260
9080,7.4160,17.8057
9112,7.4224,17.9033
9144,7.4258,17.8442
9176,7.4404,17.7290
9208,7.3823,17.8257
9240,7.3901,18.5732
9272,7.4429,18.2842
9304,7.4355,18.0273
9336,7.4790,17.9375
9368,7.4390,17.7617
9400,7.4629,17.8525
9432,7.4185,17.8936
9464,7.4438,17.8096
9496,7.4424,17.5889
9528,7.3892,18.0620
9560,7.4023,18.0166
9592,7.4253,17.6641
9624,7.4253,18.0645
9660,7.4019,17.7275
9696,7.4268,17.5586
9732,7.3931,17.9541
9768,7.4385,17.8706
9804,7.4292,17.6890
9840,7.4258,17.5732
9876,7.4058,17.7817
9912,7.4019,17.6616
9948,7.3828,17.8242
9984,7.3862,17.3970
10020,7.3584,17.8154
10056,7.4189,17.9028
10092,7.5313,17.9346
10128,7.5000,17.7729
10164,7.4932,17.8403
10200,7.4448,17.9277
10236,7.4849,17.9800
10272,7.5078,18.8252
10308,7.4473,18.5396
10344,7.4531,18.3452
10380,7.4385,18.4888
10416,7.4497,18.4253
10452,7.4268,18.2529
10488,7.4565,18.2290
10524,7.4497,18.3833
10560,7.4536,18.1304
10596,7.4644,18.1680
10632,7.4458,18.2354
10668,7.4131,18.1577
10704,7.3916,18.2090
10740,7.4189,18.0327
10776,7.4165,18.2349
10812,7.4146,18.1250
10852,7.4214,18.0293
10892,7.4189,18.1304
10932,7.4297,18.1152
10972,7.4136,18.1055
11012,7.4287,18.0771
11052,7.4404,18.3052
11092,7.4175,18.2485
11132,7.5669,18.4785
11172,7.4668,17.8960
11212,7.4907,18.2734
11252,7.4170,17.9521
11292,7.4512,18.0991
11332,7.3931,18.4131
11372,7.3877,18.1772
11412,7.4287,17.9414
11452,7.4438,18.0967
11492,7.4170,17.9106
11532,7.4233,18.1807
11572,10.8833,18.1729
11612,7.4609,18.3286
11652,7.4932,18.3608
11692,7.4565,18.4033
11732,7.4189,17.9707
11772,7.4521,18.1035
11812,7.4302,17.9824
11852,7.4365,18.1738
11892,7.4282,17.9272
11932,7.4287,17.9663
11972,7.4531,17.7944
12012,7.4341,17.8452
12056,7.4087,18.1245
12100,7.4380,18.0903
12144,7.4404,17.8315
12188,7.4131,18.1851
12232,7.4521,17.6367
12276,7.4219,18.3164
12320,7.4302,19.6221
12364,7.4209,19.0342
12408,7.4307,18.5688
12452,7.4390,18.8564
12496,7.4346,18.6582
12540,7.4624,18.7339
12584,7.4512,18.9214
12628,7.4321,18.7827
12672,7.4307,18.4756
12716,7.4141,18.7861
12760,7.4126,18.8081
12804,7.4292,18.6455
12848,7.4419,18.6890
12892,7.4141,18.8960
12936,7.4326,19.1313
12980,7.4438,18.6914
13024,7.4175,18.4272
13068,7.4404,18.5283
13112,7.4346,18.4390
13156,7.4399,18.2979
13200,7.4053,18.4014
13244,7.4194,18.1953
13292,7.4224,18.0132
13340,7.4346,18.3232
13388,7.4238,18.1772
13436,7.4585,18.0396
13484,7.4404,18.2456
13532,7.4214,18.0425
13580,7.4380,18.3345
13628,7.4521,21.9028
13676,7.3989,18.4653
13724,7.4517,18.3413
13772,7.4409,18.3818
13820,7.4419,18.9741
13868,7.4131,18.5586
13916,7.4336,18.5029
13964,7.4204,18.4883
14012,7.4365,20.9497
14060,7.4233,18.5210
14108,7.4209,18.4438
14156,7.4351,18.3906
14204,7.3643,18.2349
14252,7.4399,18.2852
14300,7.4058,18.2393
14348,7.3955,19.8193
14396,7.3843,19.4404
14444,7.4185,19.3579
14496,7.4438,19.4673
14548,7.3970,19.4106
14600,7.4258,19.2529
14652,7.4023,19.3486
14704,7.3799,19.3418
14756,7.3633,19.4551
14808,7.3921,19.8491
14860,7.4048,19.5649
14912,7.3887,19.2959
14964,7.4297,19.6787
15016,7.3994,19.3877
15068,7.4458,19.3618
15120,7.4258,19.3823
15172,7.4380,19.1665
15224,7.4409,19.4644
15276,7.4419,19.5186
15328,7.4531,19.4111
15380,7.4111,19.3711
15432,7.4458,19.6138
15484,7.4307,19.1079
15536,7.4360,19.4243
15588,7.4219,19.2363
15640,7.4463,19.1475
15696,7.4512,19.2847
15752,7.4438,18.9487
15808,7.4395,19.2964
15864,7.4404,18.9980
15920,7.4683,19.0029
15976,7.4214,18.9346
16032,7.4434,18.8750
16088,7.4360,19.1782
16144,7.4604,18.9512
16200,7.4219,18.9448
16256,7.4341,20.2603
16312,7.4116,19.0093
16368,7.4375,18.6855
16424,7.8271,20.1001
16480,7.8237,19.5322
16536,7.8921,19.5571
16592,7.8945,19.4146
16648,7.8799,19.4287
16704,7.8628,19.5698
16760,7.8779,19.2671
16816,7.8716,19.3467
16876,7.8945,19.2275
16936,7.8994,19.0591
16996,7.8960,19.2393
17056,7.8711,19.3467
17116,7.8623,19.2612
17176,7.8662,18.8857
17236,7.8726,19.4463
17296,7.8613,19.0454
17356,7.8906,18.9995
17416,7.8799,19.4893
17476,7.8525,19.0259
17536,7.8486,19.3555
17596,7.8770,19.2104
17656,7.8560,19.2754
17716,7.8833,19.2539
17776,7.8525,23.9233
17836,7.9551,19.4072
17896,7.9805,19.1826
17956,7.8892,19.4609
18016,7.8872,19.1147
18080,7.8828,19.0693
18144,7.8545,19.4429
18208,7.8643,19.2603
18272,7.8843,18.9009
18336,7.8857,18.8936
18400,7.8784,19.0132
18464,7.8423,19.3833
18528,7.8418,19.1177
18592,7.8545,19.0830
18656,7.8501,19.0054
18720,7.8442,18.9561
18784,7.8604,19.0112
18848,7.8481,19.1128
18912,7.8516,19.0317
18976,7.8467,18.9780
19040,7.8325,18.9102
19104,7.8530,18.9209
19168,7.8550,18.8677
19232,7.8882,18.8789
19300,7.8618,18.8696
19368,7.8594,18.8076
19436,7.8657,18.7847
19504,11.2808,19.0376
19572,7.8535,18.8740
19640,7.8594,18.7778
19708,7.8545,18.9248
19776,7.8594,19.0361
19844,7.8604,18.7065
19912,7.8618,18.9854
19980,7.8843,18.8320
20048,7.8970,18.8413
20116,7.9551,19.0024
20184,7.9688,18.8652
20252,7.8608,18.8472
20320,7.8682,18.9473
20388,7.8569,18.8730
20456,7.8872,18.8623
20528,7.8667,20.1436
20600,7.8789,19.7642
20672,7.8970,19.8721
20744,7.8799,19.9443
20816,7.8452,19.5381
20888,7.8506,19.1143
20960,7.8608,19.6904
21032,7.8843,19.4380
21104,7.8770,19.5532
21176,7.8652,19.6499
21248,7.8438,19.4429
21320,7.8579,19.4868
21392,7.8774,19.8159
21464,7.8848,19.5063
21536,7.8555,19.7729
21608,7.8545,19.5576
21684,7.8262,19.6475
21760,7.8545,19.5601
21836,7.8535,19.4878
21912,7.8730,19.5610
21988,7.8618,19.7236
22064,7.8555,29.9219
22140,7.9639,19.4731
22216,9.3335,19.4629
22292,7.9507,19.6294
22368,7.8711,19.4038
22444,7.8442,21.8398
22520,7.9639,19.4336
22596,7.9243,19.1299
22672,8.0029,19.0625
22748,7.8779,18.9126
22824,7.8921,19.2935
22904,7.9116,19.1440
22984,7.9351,18.8564
23064,7.8813,19.3618
23144,7.8794,18.7734
23224,7.8691,18.9849
23304,7.8721,18.8550
23384,7.8755,18.6011
23464,7.8804,18.5503
23544,7.8809,18.6094
23624,7.8740,18.9639
23704,7.8711,18.5791
23784,7.8740,18.9839
23864,7.8623,18.3770
23944,7.8760,18.6206
24024,7.8584,18.6685
24108,7.8560,18.6309
24192,7.8677,18.9238
24276,7.8945,18.7402
24360,7.8833,18.4863
24444,7.8848,18.6333
24528,7.8604,18.5830
24612,7.8740,20.1934
24696,7.8672,19.8501
24780,7.8691,19.9702
24864,7.8774,19.5913
24948,7.8574,19.6406
25032,7.8618,19.8013
25116,7.8711,19.6216
25200,7.8789,19.5830
25284,7.8477,19.4731
25372,7.8472,19.4033
25460,7.8511,19.6343
25548,7.8774,19.8486
25636,7.8975,19.7241
25724,7.8657,19.5796
25812,7.8516,19.5469
25900,7.8755,19.6318
25988,7.8481,19.9707
26076,7.9331,19.6099
26164,7.9102,19.7148
26252,7.8623,19.3618
26340,7.8755,19.3037
26428,7.8486,19.3047
26520,7.8726,19.4409
26612,7.8623,19.2744
26704,7.8779,19.2266
26796,7.8638,19.1387
26888,7.8745,19.1514
26980,7.8628,19.1880
27072,7.8594,19.0010
27164,7.9204,19.3184
27256,7.9009,19.2661
27348,7.8481,19.0122
27440,7.8340,19.2178
27532,7.8652,19.2017
27624,7.8760,19.1372
27720,7.9028,19.2061
27816,7.8896,19.3193
27912,7.8960,19.0278
28008,7.8853,19.1528
28104,7.8882,19.0430
28200,7.8936,19.5132
28296,7.8853,19.7334
28392,7.9575,19.5229
28488,7.9429,19.3364
28584,7.9517,19.3750
28680,7.9487,21.0210
28776,7.9238,20.6548
28872,7.9346,20.6265
28972,7.9458,20.2974
29072,7.8589,20.6094
29172,7.8423,20.2178
29272,7.8970,20.6074
29372,7.9077,20.7466
29472,7.8701,20.3218
29572,7.8779,20.4224
29672,7.8682,20.2710
29772,7.8838,20.5083
29872,7.8438,20.2920
29972,7.8848,20.5474
30072,7.8862,20.4399
30176,7.8716,20.1191
30280,7.8535,20.4175
30384,7.8711,20.4126
30488,7.8672,20.3018
30592,7.9175,24.3110
30696,7.9307,20.3413
30800,7.9214,20.5264
30904,7.9580,20.5522
31008,7.9507,20.1343
31112,7.9263,20.0483
31216,7.8384,20.4868
31324,7.8774,20.3569
31432,7.8662,20.3848
31540,7.8906,20.4229
31648,7.8638,20.2969
31756,7.8628,20.6187
31864,7.8691,20.2314
31972,7.8828,22.5894
32080,7.9365,20.4185
32188,7.9458,20.0024
32296,7.9429,20.1660
32404,7.9238,20.3125
32516,7.9487,20.3252
32628,7.8755,20.3784
32740,7.8818,20.2554
32852,8.1929,21.1709
32964,8.1890,20.9692
33076,8.2178,20.4941
33188,8.1953,20.7544
33300,8.2051,20.5947
33412,8.2397,20.7725
33524,8.2290,20.2241
33636,8.1729,20.4922
33752,8.1836,20.4453
33868,8.2227,19.9966
33984,8.2310,19.8618
34100,8.1909,19.5879
34216,8.1851,19.5166
34332,8.2339,19.8159
34448,8.2017,19.6963
34564,8.2002,19.5356
34680,8.1895,19.4414
34796,8.2275,19.3906
34912,8.2026,19.5469
35032,8.2246,19.5757
35152,8.1924,20.1284
35272,9.1328,19.5957
35392,10.6494,19.9712
35512,8.2065,19.4380
35632,8.2192,19.5557
35752,8.1953,19.5552
35872,8.2334,19.3613
35992,8.2505,19.0972
36112,8.2173,19.3770
36236,8.2017,19.5151
36360,8.2471,19.5488
36484,8.2148,19.3638
36608,8.2227,19.4834
36732,8.1914,19.6343
36856,8.3281,19.5688
36980,8.3291,20.2676
37104,8.3350,20.1543
37228,8.2080,19.9204
37356,8.1973,19.8745
37484,8.2217,19.9907
37612,8.2173,19.9819
37740,8.2046,19.9053
37868,8.1973,20.0034
37996,8.2524,19.9951
38124,8.2300,19.9351
38252,8.2222,20.0156
38380,8.2173,20.1001
38508,8.2197,19.7271
38640,8.2295,20.0137
38772,8.2002,19.9712
38904,8.2168,19.8057
39036,8.2192,20.0835
39168,8.1870,20.0195
39300,8.1777,20.1226
39432,8.1904,20.0918
39564,8.2100,20.0825
39696,8.2134,20.1504
39832,8.1904,19.9438
39968,8.1880,20.0513
40104,8.2134,19.7920
40240,8.2163,19.8804
40376,8.1982,19.9805
40512,8.1787,19.9644
40648,8.2495,20.0586
40784,8.2061,20.1108
40920,8.2271,20.0649
41060,8.1890,20.8408
41200,8.2046,20.7358
41340,8.2295,20.8979
41480,8.1816,20.5552
41620,8.2212,20.6279
41760,8.2119,20.5801
41900,8.2144,21.3462
42040,8.2080,20.4961
42184,8.2090,20.5356
42328,8.2524,20.4321
42472,8.2036,20.4253
42616,8.2549,20.7080
42760,8.2368,20.3887
42904,8.1899,20.3843
43048,8.1890,20.5933
43192,8.2163,20.4990
43336,8.1963,25.0039
43484,8.1997,20.7300
43632,8.3076,20.5996
43780,8.2822,20.5259
43928,8.2188,20.7871
44076,8.2998,20.3608
44224,8.3071,20.4077
44372,8.1802,20.2700
44520,8.2134,20.3926
44672,8.2207,20.5532
44824,8.2266,20.5791
44976,8.2188,20.2412
45128,8.1948,20.0522
45280,8.1841,19.7847
45432,8.2095,19.7520
45584,8.2212,29.3921
45736,8.3447,19.9834
45892,8.3359,19.6313
46048,8.3232,19.6675
46204,8.2065,19.6772
46360,8.2178,19.4556
46516,8.3057,19.4453
46672,8.2935,19.5620
46828,8.1953,19.4194
46988,8.2153,19.5376
47148,8.1982,19.2339
47308,8.2241,19.4800
47468,8.2236,19.1250
47628,8.2158,19.3950
47788,8.2173,19.8691
47948,8.1992,19.3545
48108,8.1953,19.5942
48272,8.1797,18.8828
48436,8.2114,19.8374
48600,8.2075,19.1157
48764,8.2007,19.4219
48928,8.2212,19.3945
49092,8.2451,19.2671
49256,8.2461,21.1567
49424,8.2207,20.8921
49592,8.2217,20.5615
49760,8.2378,20.8257
49928,8.2236,20.7451
50096,8.2329,20.5781
50264,8.2231,20.2446
50432,8.2412,20.5566
50604,8.2197,20.5854
50776,8.2446,20.3970
50948,8.2422,20.1250
51120,8.2476,20.0415
51292,8.2563,19.9375
51464,10.1396,20.4951
51636,9.7822,20.3477
51812,8.2324,19.7729
51988,8.2632,20.0391
52164,8.2378,20.0278
52340,8.2466,19.7271
52516,8.2568,19.9824
52692,8.2456,20.1230
52868,8.2397,20.0420
53048,8.5254,19.7061
53228,8.2451,22.6206
53408,8.2939,20.0669
53588,8.2075,19.9434
53768,8.2207,19.6465
53948,8.2261,19.9609
54128,8.2607,20.1211
54312,8.2173,19.6538
54496,8.1924,19.9634
54680,8.2070,20.0723
54864,8.2036,19.9912
55048,8.2202,19.7397
55232,8.2065,20.2998
55420,8.1807,19.7627
55608,8.2461,19.9180
55796,8.2266,19.5015
55984,8.2100,19.7202
56172,8.2324,19.9683
56360,8.2446,20.0000
56548,8.2339,19.8022
56740,8.2236,19.6284
56932,8.2490,19.7983
57124,8.3188,19.8853
57316,8.1924,20.1831
57508,8.1982,21.7690
57700,8.2217,21.7290
57896,8.1943,21.6675
58092,8.2168,21.9424
58288,8.2295,21.6924
58484,8.2109,21.7842
58680,8.2085,21.6099
58876,8.1855,21.4414
59076,8.1934,21.4580
59276,8.2051,21.6934
59476,8.1899,21.6270
59676,8.2090,21.6113
59876,8.2251,21.6084
60076,8.2168,21.5200
60280,8.2183,21.6230
60484,8.2202,21.7339
60688,8.2236,21.0879
60892,8.2100,21.0117
61096,8.2070,20.8052
61300,8.2207,21.1343
61508,8.2256,20.9668
61716,8.1904,21.2158
61924,8.2231,20.9004
62132,8.2246,20.8569
62340,8.2017,20.9365
62548,8.2188,20.6709
62760,8.2197,20.9478
62972,8.2090,20.9502
63184,8.2358,20.8755
63396,8.2026,20.8765
63608,8.2114,20.9731
63824,8.2144,21.0225
64040,8.2104,20.7300
64256,8.2266,20.8145
64472,8.2148,20.9019
64688,8.1987,20.7031
64904,8.2104,27.2012
65124,8.2373,20.6953
65344,8.2266,20.8340
65564,8.6528,21.7383
65784,8.6699,21.3369
66004,8.6348,21.2212
66228,8.7183,20.2280
66452,8.8037,20.4053
66676,8.6831,20.3438
66900,8.7119,20.0278
67124,8.6792,20.1167
67348,8.7036,19.9639
67576,8.7666,19.8325
67804,8.7505,19.8242
68032,8.7866,19.9556
68260,8.7412,20.0498
68488,8.7695,20.0283
68720,8.7729,19.6963
68952,8.7734,19.9409
69184,8.7798,19.9844
69416,8.7842,20.0254
69648,8.7700,19.8784
69884,8.7573,19.9102
70120,8.7334,19.6484
70356,8.8384,20.0771
70592,8.8511,20.0449
70828,8.7480,20.0537
71068,8.7539,19.8823
71308,8.7749,19.8032
71548,8.6592,20.1118
71788,8.6411,20.1333
72028,8.6450,19.9819
72272,8.6440,19.9014
72516,8.6343,19.8574
72760,8.6406,20.1826
73004,8.6411,19.9546
73248,8.6309,20.0293
73496,8.6729,20.1074
73744,8.6631,20.9033
73992,8.6802,20.6689
74240,20.7876,20.5864
74488,8.6660,20.5728
74740,14.8320,20.6904
74992,8.7866,20.7280
75244,8.6675,20.7715
75496,8.6968,20.2578
75748,8.6382,20.4243
76004,8.9106,20.7314
76260,8.6372,20.4976
76516,8.6646,20.5586
76772,8.6528,20.3828
77028,8.6567,20.6006
77288,8.6455,20.4014
77548,8.6338,20.1787
77808,8.6772,20.6133
78068,8.6685,20.4331
78332,8.6587,20.5483
78596,11.4800,20.8584
78860,11.8535,20.9546
79124,8.5840,20.8130
79388,8.6333,20.3481
79656,8.6406,20.3145
79924,8.6274,20.3999
80192,8.6523,20.6870
80460,8.6270,20.5928
80732,8.6313,20.3721
81004,8.7710,20.1572
81276,8.7788,20.6079
81548,8.7012,20.7402
81820,8.6538,20.3184
82096,8.6826,21.8730
82372,8.7476,21.5688
82648,8.7803,21.4585
82924,8.6440,21.3853
83204,8.6641,21.4043
83484,8.6675,21.6060
83764,8.6543,21.3979
84044,8.6924,21.0356
84328,8.6323,21.3721
84612,8.6611,21.2041
84896,8.6479,21.0933
85180,8.6582,21.2979
85464,8.6665,21.1919
85752,8.6416,21.0068
86040,8.6616,21.0068
86328,8.6357,20.3799
86616,8.6543,20.0625
86908,8.6460,20.4082
87200,8.6577,21.0229
87492,8.6797,20.0776
87784,8.6641,20.1816
88080,8.6479,20.4556
88376,8.6929,20.3818
88672,8.6621,20.0073
88968,8.6606,20.1372
89268,8.6523,19.8564
89568,8.6582,20.1074
89868,8.6699,20.2085
90168,8.6440,20.1021
90472,8.6616,19.9224
90776,8.6396,25.5400
91080,8.7759,20.0156
91384,8.7563,20.2163
91692,8.7793,19.9341
92000,8.6636,19.7593
92308,8.7524,19.7290
92616,8.7539,20.0796
92928,8.7568,19.8672
93240,8.7598,19.8208
93552,8.7393,19.7573
93864,8.7524,19.6450
94180,8.6797,19.7349
94496,8.7144,19.7271
94812,8.8154,23.4468
95132,8.7607,20.4600
95452,8.6880,20.1377
95772,8.6812,20.3247
96092,8.7041,19.9468
96416,8.6699,20.0884
96740,8.6841,19.9106
97064,8.6831,19.7866
97388,8.6729,19.8994
97716,8.8193,20.0249
98044,8.8125,19.9541
98372,8.6812,21.6431
98700,8.6870,21.0757
99032,8.6548,21.0562
99364,8.6484,21.0947
99696,8.6836,21.0112
100032,8.6665,20.9248
100368,8.6948,21.0928
100704,8.7041,20.8613
101040,8.7075,21.2773
101380,8.6743,20.5635
101720,8.6709,20.5439
102060,8.6855,20.3276
102404,8.6626,20.4683
102748,8.6802,20.5171
103092,8.6875,20.3389
103436,8.7153,20.5078
103784,8.6777,20.4878
104132,8.6841,20.4165
104480,8.7144,20.1436
104832,8.6699,20.4180
105184,11.6416,20.4727
105536,8.8687,20.1714
105888,8.6909,20.5205
106244,8.6831,20.1602
106600,8.6978,20.5376
106956,8.6865,20.3896
107316,8.6763,20.4258
107676,8.6436,20.7715
108036,8.6670,20.6895
108400,8.6187,20.3325
108764,8.6489,20.4438
109128,8.6426,20.6841
109492,8.6904,20.1953
109860,8.6807,20.2954
110228,8.6729,20.2241
110596,8.6763,20.4189
110968,8.6836,20.1494
111340,8.6665,20.0010
111712,8.6655,19.9536
112088,8.7036,20.5142
112464,8.6509,20.2480
112840,8.6602,20.2783
113220,8.6519,20.5903
113600,8.6538,20.1016
113980,8.7256,20.2305
114360,8.7002,20.0854
114744,8.7461,26.1572
115128,8.7676,22.0791
115512,8.6953,21.7666
115900,8.7393,21.7056
116288,8.6465,21.8755
116676,8.6401,21.8594
117068,8.6812,21.8691
117460,8.6738,21.9160
117852,8.6836,21.6274
118248,8.6948,21.7441
118644,8.6680,21.5186
119040,8.6821,21.8716
119440,8.6465,21.7358
119840,8.6631,21.8462
120240,8.6709,21.8423
120644,8.7515,21.9233
121048,8.7490,22.0122
121452,8.6514,21.8965
121860,8.6870,21.4111
122268,8.6777,21.3052
122676,8.6685,21.5137
123088,8.6567,21.0869
123500,8.6548,21.1812
123912,8.6719,21.0923
124328,8.6636,21.1758
124744,8.6841,21.1465
125160,8.6777,21.3433
125580,8.6885,21.3081
126000,10.8232,20.8350
126420,8.7871,21.0195
126844,8.6929,21.0303
127268,8.6909,21.0571
127696,8.7002,21.2939
128124,8.6899,21.0962
128552,8.6704,21.2051
128984,8.6592,21.1353
129416,8.6445,21.0747
129848,8.6523,21.0664
130284,8.6499,20.7881
130720,8.6396,21.0396
131156,9.0674,22.1392
131596,9.0757,21.6787
132036,12.5840,22.0381
132480,9.2104,21.3931
132924,9.2236,21.8198
133368,9.2466,21.6523
133816,9.0913,21.7910
134264,9.1035,21.2046
134712,9.1123,20.2134
135164,9.1055,20.5332
135616,9.0957,20.5332
136072,9.0767,20.2241
136528,9.0942,20.2671
136984,9.0596,20.2852
137444,9.1040,20.2632
137904,9.1084,22.5361
138364,11.0977,20.6279
138828,9.1040,20.2388
139292,9.1323,20.7314
139760,9.2300,19.9639
140228,9.1304,20.2212
140696,9.0991,20.1445
141168,9.1064,20.2568
141640,9.1138,20.3540
142116,9.1118,20.3706
142592,9.0732,20.3066
143068,9.1182,19.9946
143548,9.0840,20.3809
144028,9.0864,20.2349
144512,9.0801,20.5332
144996,9.1235,20.1855
145480,9.0869,20.3433
145968,9.0942,20.3242
146456,9.1094,20.1997
146948,11.0332,20.3994
147440,9.0957,20.0972
147932,9.1133,22.2075
148428,13.3076,21.0889
148924,9.1499,20.8921
149424,9.1709,20.6636
149924,9.1519,20.6709
150424,9.0894,20.5493
150928,9.1475,20.6504
151432,9.1689,20.8452
151940,9.3921,20.3784
152448,9.3940,20.6074
152960,9.3892,20.8335
153472,9.3911,20.8413
153984,9.1060,20.7217
154500,9.1060,20.4912
155016,9.1060,20.9214
155536,9.1230,20.7813
156056,9.1206,20.6821
156580,9.1567,20.7007
157104,9.0986,20.9702
157628,9.1099,20.9902
158156,9.1494,20.8052
158684,9.0996,20.7529
159216,9.1094,20.8149
159748,9.1489,20.8340
160284,9.1396,20.4517
160820,9.0913,20.3271
161360,9.0674,20.4707
161900,9.0859,20.6226
162440,9.0493,20.1704
162984,9.1040,20.1460
163528,9.1240,20.1001
164076,13.0732,21.9619
164624,9.2681,21.1118
165176,9.2568,21.3921
165728,9.2827,21.3467
166284,9.3120,21.2793
166840,9.2847,21.2222
167400,9.2627,21.1089
167960,9.1187,20.9424
168520,9.1230,21.3008
169084,9.1157,21.2144
169648,9.1177,21.0898
170216,9.1152,21.0767
170784,9.1196,20.9243
171356,9.1284,21.2217
171928,9.1333,20.5659
172504,9.1431,20.2759
173080,9.1372,20.3765
173660,9.1763,20.8398
174240,9.1558,20.4048
174824,9.1675,20.4961
175408,9.2910,20.0767
175996,9.2935,20.2729
176584,9.3037,20.4199
177176,9.2656,19.8823
177768,9.2388,20.3960
178364,9.0850,19.9609
178960,9.1050,20.1782
179560,9.1084,20.3042
180160,9.0752,19.9688
180764,9.1138,20.3115
181368,9.0981,19.8843
181976,9.0811,20.1616
182584,9.0806,19.9365
183196,9.0806,20.2896
183808,9.0737,20.8101
184424,9.0840,20.3467
185040,9.0933,20.2378
185660,9.1929,20.1929
186280,9.1660,20.0825
186904,9.1738,20.1807
187528,9.1128,20.5225
188156,9.1094,20.2871
188784,9.0698,20.2451
189416,9.1011,20.1587
190048,9.0859,20.4326
190684,9.1001,20.2124
191320,9.0840,20.3311
191960,9.1128,20.5732
192600,9.1323,20.5747
193244,9.2075,20.4067
193892,9.2847,20.0996
194540,9.1196,20.5659
195192,9.1377,20.2056
195844,9.0996,20.2632
196500,9.1270,20.4814
197156,9.1060,22.0366
197816,9.1021,21.5962
198476,9.1147,21.7441
199140,9.1372,21.5454
199804,9.1494,21.4873
200472,9.1289,21.3291
201144,9.0996,21.3901
201816,9.1333,21.7378
202492,9.1118,21.1235
203168,9.0942,20.9448
203848,9.1416,20.8779
204528,9.1128,20.9346
205212,9.0879,20.8267
205900,9.0986,20.8892
206588,9.0879,20.8813
207280,9.1152,20.7314
207972,9.0796,21.2354
208668,9.0938,21.0181
209364,9.1055,21.0273
210064,9.0723,21.0435
210768,9.1743,20.9268
211472,9.1699,20.8540
212180,9.2090,20.7832
212888,9.0845,20.6011
213600,9.1147,20.9131
214312,9.1968,20.9858
215028,9.2070,20.8599
215748,9.1230,20.7998
216468,9.1128,20.7061
217192,9.0850,20.8496
217916,9.1489,20.9092
218644,9.1167,20.6802
219376,9.1030,20.6768
220108,9.1284,20.5371
220844,9.0977,20.5190
221584,9.1235,20.5762
222324,9.1006,20.4629
223068,9.1182,20.6162
223812,9.0884,20.6011
224560,9.1128,20.7368
225312,9.0957,20.5024
226064,9.0889,20.3936
226820,9.0791,20.5273
227580,9.0713,20.7397
228340,9.0884,20.7266
229104,9.1030,21.3013
229868,9.1040,22.9629
230636,9.0664,22.6284
231408,9.0913,22.1865
232180,9.1162,21.7461
232956,9.1450,21.5620
233736,9.1270,21.6133
234516,9.0991,21.5264
235300,9.1284,21.4482
236088,9.0972,21.6167
236876,9.1016,21.6230
237668,9.0850,21.5029
238464,9.0869,21.5117
239260,9.0771,21.4546
240060,9.1699,21.6782
240864,9.0942,21.3784
241668,9.0776,21.9141
242476,9.2515,21.4116
243288,9.2822,21.3530
244100,9.2563,21.4692
244916,9.1758,21.8105
245736,9.2622,21.7344
246556,9.1030,21.6021
247380,9.1143,21.5376
248208,9.0977,21.3853
249036,9.0835,21.5107
249868,9.0884,21.3086
250704,9.0859,21.7627
251540,9.0659,21.7383
252380,9.0791,21.3853
253224,9.0596,21.3091
254072,9.0840,25.7930
254920,9.1143,21.8135
255772,9.0879,21.6147
256628,9.0693,21.7476
257484,9.1128,21.4258
258344,9.0889,21.6460
259208,9.0811,21.4478
260076,9.1050,21.9399
260944,9.0903,21.9717
261816,9.0815,21.2183
262692,9.5288,22.2695
263568,9.5791,21.7173
264448,9.5581,21.5508
265332,9.5854,21.5161
266220,9.5859,21.1182
267108,9.5493,21.4268
268000,9.4761,21.7529
268896,11.6123,21.7905
269796,9.5806,21.3701
270696,9.5581,21.2944
271600,9.5771,21.3481
272508,9.5635,21.2783
273420,9.5479,21.5605
274332,9.5840,22.6309
275248,9.8101,21.5254
276168,9.6118,21.6953
277092,9.6270,21.2515
278016,9.6235,21.4048
278944,9.5605,21.2505
279876,9.5430,21.6245
280812,9.5469,21.1299
281752,9.5503,21.4331
282692,9.5391,20.9980
283636,9.5654,20.6099
284584,14.3223,20.7690
285536,9.8296,20.8052
286488,9.8174,21.0142
287444,9.7271,20.7686
288404,9.6372,20.5854
289368,9.5645,20.9341
290336,9.5366,20.8169
291304,9.5337,21.0278
292276,9.5518,20.8037
293252,9.6499,20.5020
294232,9.5371,21.1855
295216,9.5225,21.6699
296204,9.5557,21.5591
297192,9.5615,21.2979
298184,9.5522,21.0571
299180,9.5605,20.8223
300180,9.5483,20.8828
301184,9.5586,20.5723
302188,9.5664,20.6401
303196,9.5698,20.8496
304208,9.5205,20.7183
305224,9.6353,21.0889
306244,9.5361,20.9707
307268,9.5254,20.4360
308296,9.5322,20.8242
309324,9.5381,20.6479
310356,9.5171,20.8521
311392,9.5269,20.8267
312432,9.5269,20.8789
313476,12.7222,21.1714
314524,22.2817,20.6660
315576,9.7065,21.1465
316628,9.5347,20.8833
317684,9.5410,20.8384
318744,9.5703,20.6714
319808,9.5942,20.8105
320876,9.5557,20.6680
321948,9.5923,20.4316
323024,9.5903,20.8467
324104,9.5400,20.5518
325188,9.5654,21.0127
326272,9.5737,20.7544
327360,9.5488,21.1401
328452,9.5576,21.9976
329548,9.5654,21.7437
330648,9.5688,21.6655
331752,9.5737,21.3452
332860,9.5752,21.6284
333972,9.5830,21.8066
335088,9.5684,21.5132
336208,9.5625,21.3481
337332,9.5464,21.9229
338460,9.5107,21.0923
339592,9.5825,21.6167
340724,9.5654,21.2876
341860,9.5420,21.3257
343000,9.5923,21.5776
344144,9.5947,21.3975
345292,9.5928,21.4780
346444,9.5620,21.3984
347600,9.5806,21.3481
348760,9.5381,21.2041
349924,9.5674,21.3188
351092,9.5737,21.5610
352264,9.5381,21.3535
353440,9.5698,21.6191
354620,9.5840,21.4253
355804,9.5918,21.6152
356992,9.6050,21.3135
358184,9.5317,21.4355
359380,9.5630,21.5151
360580,9.5596,21.5049
361784,9.5815,21.2754
362992,9.5688,21.5718
364204,9.5903,26.2324
365420,9.5806,21.6377
366640,9.5659,21.2568
367864,9.5859,21.3892
369092,9.6230,21.2607
370324,9.5962,21.3062
371560,9.7393,21.4531
372800,9.5337,21.1382
374044,9.5576,21.1846
375292,9.5845,21.5010
376544,9.5771,21.6069
377800,9.5684,21.5811
379060,9.5229,21.2036
380324,9.5488,21.1685
381592,9.5415,21.5513
382864,9.5547,21.1699
384144,9.5771,21.1089
385428,9.5879,21.2974
386716,9.5571,21.4526
388008,9.5664,21.3096
389304,9.5542,21.5674
390604,9.5415,21.2319
391908,9.5352,21.4092
393216,9.5566,22.9756
394528,9.5449,22.5020
395844,9.5693,21.5420
397164,9.5625,21.4355
398488,9.5762,21.3701
399820,9.5483,21.3525
401156,9.5698,21.3706
402496,9.5513,21.4653
403840,9.5869,21.3594
405188,9.5708,21.2451
406540,9.5649,21.1670
407896,9.5918,21.4888
409256,9.6211,21.3564
410624,9.5830,21.6021
411996,9.5493,21.5220
413372,9.5522,21.3779
414752,9.5723,24.7056
416136,9.7588,21.1621
417524,9.5986,21.4839
418916,9.5894,21.5498
420316,9.5767,21.3584
421720,9.6025,21.3447
423128,9.5498,25.1343
424540,9.7988,21.6821
425956,9.7021,21.6777
427376,9.5708,20.9771
428804,9.5391,21.5825
430236,9.5200,21.6108
431672,9.5972,21.3599
433112,9.5698,21.3613
434556,9.5801,21.4438
436008,9.6172,21.3291
437464,10.1748,21.5674
438924,9.5127,21.2139
440388,9.5728,21.5771
441856,9.5239,21.1929
443332,9.5132,21.1484
444812,9.5117,21.7603
446296,9.5513,21.1611
447784,9.5391,21.2905
449280,9.5591,21.3325
450780,9.5229,21.3442
452284,9.5449,20.9668
453792,9.5596,20.8892
455308,9.5439,21.2422
456828,9.5830,21.0859
458352,9.5420,21.5513
459880,9.5801,23.1128
461416,9.5630,22.5967
462956,9.5830,22.6514
464500,9.6270,26.7021
466052,9.7207,22.6914
467608,9.5161,22.9307
469168,9.5366,22.4141
470732,9.5474,22.8418
472304,9.5210,22.6270
473880,9.5488,22.5142
475460,9.5464,22.4951
477048,9.5493,22.3477
478640,9.5171,22.6968
480236,9.5410,22.5518
481840,9.5493,22.5571
483448,9.5327,22.4907
485060,9.5557,22.4268
486680,9.5444,22.3208
488304,9.5449,25.5444
489932,22.1367,22.5859
491568,9.7212,22.4180
493208,9.7300,22.6313
494856,10.1924,22.2671
496508,9.5645,22.5454
498164,9.5469,22.6138
499828,9.8896,22.0181
501496,9.5557,22.0488
503168,9.5513,21.8252
504848,9.5474,22.0757
506532,9.5317,22.2100
508224,9.5562,22.1895
509920,9.5264,21.9102
511620,9.5469,21.9233
513328,10.0537,21.6748
515040,9.5776,21.6758
516760,9.6099,22.1147
518484,9.6035,21.6675
520216,9.6069,22.2808
521952,9.5508,22.0352
523692,9.5552,21.7114
525440,11.0908,22.6177
527192,11.1929,22.0112
528952,10.9375,22.0327
530716,11.2358,22.0259
532488,11.1475,21.7480
534264,11.1504,21.7451
536048,11.1538,21.9912
537836,11.0620,21.7813
539632,11.1470,36.5313
541432,11.3037,22.4199
543240,10.9888,22.6196
545052,10.9185,22.1802
546872,11.1343,22.0415
548696,11.2876,22.0151
550528,11.2891,21.9517
552364,11.2759,21.8740
554208,11.0435,22.0654
556056,11.1963,22.4102
557912,10.9434,21.7598
559772,10.9243,21.9897
561640,11.1548,21.8662
563516,11.1997,22.0391
565396,11.2026,21.7314
567284,11.1572,21.7432
569176,11.1260,21.5981
571076,10.9341,21.5332
572980,11.1440,21.2227
574892,11.1851,21.3506
576812,11.2163,21.4819
578736,11.2017,21.0493
580668,11.1226,21.2524
582604,11.1753,24.6084
584548,11.0664,21.3711
586500,11.0718,21.2710
588456,10.9995,21.3379
590420,10.9546,21.7275
592392,11.2109,21.7100
594368,11.1919,21.3687
596352,11.2329,21.4629
598340,11.2295,21.4443
600336,11.1260,21.4580
602340,11.1445,21.7720
604348,11.1655,21.6328
606364,11.1431,21.4126
608388,10.8730,21.7222
610416,11.1504,21.3125
612452,11.1152,21.3340
614496,11.1426,21.4844
616548,11.1294,21.4785
618604,11.1426,21.5928
620668,11.1338,21.3711
622740,11.1401,21.5063
624816,11.1455,21.9565
626900,11.0610,21.9102
628992,11.0996,21.5415
631092,11.1147,21.4639
633196,11.2397,21.3223
635308,11.1426,21.5049
637428,11.1763,21.2227
639556,11.1426,21.4141
641688,11.2339,21.2910
643828,11.2231,21.1182
645976,11.2227,21.4028
648132,10.7949,21.2979
650296,11.1392,21.5405
652464,10.7773,21.3467
654640,11.1343,21.5454
656824,10.8086,22.4717
659016,11.1367,22.1406
661216,11.1860,21.9771
663424,11.1748,21.7065
665636,11.1675,22.1118
667856,11.1763,21.7422
670084,10.8833,21.7954
672320,11.0923,21.9702
674564,11.0254,22.0137
676816,11.0908,22.2612
679076,11.0913,22.2075
681340,11.3706,22.0908
683612,11.1812,22.1143
685892,11.1724,21.6436
688180,11.1729,22.0830
690476,11.1714,22.0830
692780,11.1245,21.8306
695092,11.1377,22.1763
697412,11.1162,21.7075
699740,11.1841,21.7876
702076,15.1821,22.2881
704420,11.2603,25.5620
706772,11.2500,22.1919
709128,11.2461,22.0859
711492,15.5957,22.0308
713864,11.1841,21.7417
716244,11.2515,21.7256
718632,11.1885,21.5186
721028,10.9346,21.8750
723432,10.8711,21.6978
725844,11.1797,21.4990
728264,11.1367,21.7002
730692,11.1299,21.4473
733128,11.1270,21.5781
735572,11.1172,22.1201
738024,11.1807,21.7441
740488,11.1670,21.7124
742960,11.1479,21.7480
745440,11.2119,21.7417
747928,11.2153,21.8301
750424,11.1479,21.6372
752928,11.1387,21.3667
755440,11.2222,21.6182
757960,10.9639,21.5850
760488,10.9810,21.7524
763024,10.9111,21.8115
765568,11.1812,22.0205
768120,11.1904,21.6299
770684,10.9033,21.5640
773256,11.2578,26.4233
775836,11.1597,21.6499
778424,11.1787,21.8364
781020,11.2021,21.3589
783624,11.1694,21.5996
786240,11.1587,21.8052
788864,11.1924,22.9883
791496,11.2573,22.2632
794136,11.2251,22.5811
796784,13.6367,22.4243
799440,12.7954,22.6606
802108,11.3003,22.2295
804784,11.1699,25.7456
807468,11.0923,22.6851
810160,10.7495,22.6343
812864,10.8257,22.5894
815576,11.1733,22.2412
818296,11.1460,22.6523
821024,11.2197,22.3394
823764,11.2261,22.7271
826512,11.2329,22.5981
829268,11.1401,22.5396
832036,11.1768,22.7910
834812,11.1743,22.3438
837596,11.2017,22.6870
840388,11.0098,22.5020
843192,11.1514,22.2681
846004,11.1387,22.0620
848828,11.1675,22.1982
851660,11.1685,22.2393
854500,11.1641,22.2544
857352,11.1987,22.3984
860212,11.1772,22.2134
863080,11.1719,22.6235
865960,11.2217,22.4199
868848,10.8687,22.1421
871748,11.0479,22.5435
874656,11.0806,22.7881
877572,11.0601,22.5977
880500,11.0938,22.3838
883436,10.7676,22.1460
886384,10.8413,22.3652
889340,11.1235,22.2593
892308,11.2168,22.1685
895284,11.0967,21.9653
898272,10.8984,22.1855
901268,11.1533,22.2061
904276,10.9438,21.9937
907292,10.9092,25.4160
910320,11.0493,22.4292
913356,10.9912,22.5132
916404,11.0117,22.2373
919460,11.1147,24.2407
922528,11.1187,23.8647
925604,11.1494,23.5693
928692,10.9258,23.0757
931788,11.1377,23.0991
934896,11.1445,22.6172
938016,11.1743,22.7622
941144,11.2744,23.0791
944284,11.1851,23.1914
947432,11.1724,23.0659
950592,11.1611,22.9048
953764,10.8911,22.6152
956944,10.9980,22.7505
960136,11.2300,22.7661
963340,11.1924,22.8159
966552,11.1460,22.8267
969776,10.9663,22.5596
973012,11.0933,23.4395
976256,10.9585,23.1348
979512,10.9478,22.7065
982780,10.9116,22.6401
986056,11.0645,22.6162
989344,11.2432,22.7295
992644,11.1938,22.5679
995956,10.9146,22.9053
999276,11.0859,22.9204
1002608,11.2432,23.0459
1005952,11.1875,22.6489
1009308,11.2495,22.7700
1012676,11.2305,22.5566
1016052,11.2251,25.8828
1019440,11.1382,23.3096
1022840,10.8931,22.9053
1026252,11.1377,22.7363
1029676,11.2217,22.6846
1033112,10.9409,22.9399
1036556,11.2656,22.8809
1040012,10.8184,22.6587
1043480,11.1650,22.4297
1046960,11.1904,22.7266
1050452,11.0039,23.6470
1053956,10.7817,22.3242
1057472,10.7368,22.6675
1061000,10.7480,22.4102
1064540,10.7949,22.4063
1068092,10.8223,22.5742
1071656,10.7651,22.1714
1075232,10.7554,22.0244
1078820,10.7588,22.2124
1082420,10.7446,22.1851
1086032,10.8584,22.5762
1089656,10.7095,22.3291
1093292,10.7192,22.1050
1096940,10.7939,22.2720
1100600,10.8013,22.5562
1104272,10.7734,22.3267
1107956,10.7715,22.2417
1111652,10.7783,22.0596
1115360,10.7524,22.1899
1119080,10.8027,22.0439
1122812,10.8086,21.9980
1126556,10.7983,38.5488
1130312,11.0068,22.6528
1134080,11.0020,22.3291
1137864,10.8511,22.2085
1141660,10.8701,22.1597
1145468,10.9678,22.0293
1149288,10.9849,22.0752
1153120,10.9722,21.9263
1156964,10.9448,21.8701
1160824,10.7881,22.1855
1164696,10.8076,21.8340
1168580,10.7158,22.3198
1172476,10.7925,22.0264
1176388,10.7422,21.8462
1180312,10.7456,22.7515
1184248,10.9502,22.4771
1188196,10.9424,22.5430
1192160,10.9487,22.5767
1196136,10.7983,22.5303
1200124,10.7583,22.4087
1204128,10.7544,22.8032
1208144,10.9600,22.6387
1212172,10.7422,22.5210
1216216,10.7944,22.8345
1220272,11.0254,22.7104
1224340,10.8428,22.8706
1228424,10.8447,22.6426
1232520,10.8555,22.8223
1236632,14.2905,22.7046
1240756,10.7158,22.8916
1244892,10.7324,22.3042
1249044,10.7349,22.2993
1253208,10.7842,22.6206
1257388,10.7104,22.5908
1261580,10.8408,22.1992
1265788,10.7681,22.2939
1270008,10.8242,22.3042
1274244,10.8306,22.4858
1278492,10.8018,22.1167
1282756,10.7939,22.4722
1287032,10.8008,22.5381
1291324,10.7310,22.5449
1295632,10.7310,22.5107
1299952,10.7222,36.8799
1304288,10.7422,22.4429
1308636,10.7944,22.4487
1313000,10.7715,23.6177
1317380,10.7798,23.0649
1321772,10.8101,23.3218
1326180,10.7334,23.5928
1330604,10.7559,23.3691
1335040,10.7051,23.3467
1339492,10.7261,23.1172
1343960,10.7388,23.0381
1348440,10.7207,22.9082
1352936,10.7349,23.1792
1357448,10.7505,22.8369
1361976,10.7246,23.3418
1366516,10.7266,23.0879
1371072,10.7529,23.5537
1375644,10.7476,22.7183
1380232,10.7524,22.8623
1384836,10.9946,23.1421
1389456,10.7441,23.1494
1394088,10.7153,23.1289
1398736,10.7554,23.4077
1403400,10.8198,22.8276
1408080,10.7495,22.8799
1412776,10.7891,22.9219
1417488,10.7681,22.6294
1422216,10.8037,22.9170
1426960,10.8003,22.7383
1431720,10.7466,23.1040
1436496,10.7988,22.7407
1441288,10.8066,23.2617
1446096,10.7935,22.9175
1450920,10.7900,22.4463
1455760,10.9702,22.8340
1460616,10.7852,22.9365
1465488,10.9341,22.7510
1470376,10.8027,22.5981
1475280,10.7603,22.5566
1480200,10.7324,22.5166
1485136,10.7476,22.4805
1490088,10.7900,22.7827
1495056,10.8008,22.4048
1500040,10.8184,22.3291
1505044,10.8003,22.6001
1510064,10.7510,22.4858
1515100,10.7393,22.8296
1520152,10.7900,22.9863
1525220,10.8115,23.1333
1530308,10.8096,23.3125
1535412,10.7827,22.7397
1540532,10.7627,22.8892
1545668,10.7559,22.5425
1550824,10.7549,22.7920
1555996,11.6626,22.8179
1561184,10.7729,22.6362
1566388,10.7939,22.4160
1571612,10.7827,22.7222
1576852,10.7637,23.9092
1582112,10.9219,23.6069
1587388,10.9585,23.3257
1592680,10.8413,23.0640
1597992,10.9282,23.2773
1603320,10.8638,23.1880
1608668,10.7759,22.9116
1614032,10.7378,23.1040
1619416,10.7261,22.8721
1624816,10.7588,22.8975
1630236,10.7021,22.9302
1635672,10.7246,22.9204
1641128,10.7275,23.2739
1646600,10.7227,23.3735
1652092,10.7163,23.0732
1657600,10.8325,23.1963
1663128,10.7637,23.3799
1668672,10.7832,22.9399
1674236,10.7261,23.2954
1679820,10.8110,22.9243
1685420,10.7729,22.9683
1691040,10.7944,22.8789
1696680,10.7949,22.6616
1702336,10.7983,22.8135
1708012,10.7920,22.9473
1713708,10.7690,23.6318
1719424,11.1260,22.9282
1725156,10.7798,22.7710
1730908,10.7383,23.2212
1736680,10.9336,22.6904
1742472,10.7212,22.7520
1748284,10.7197,22.9185
1754112,10.7778,22.9048
1759960,10.6855,23.0864
1765828,10.7651,22.8989
1771716,10.7412,22.8633
1777624,20.5322,34.8916
1783552,10.7236,22.7466
1789500,10.7207,23.0718
1795468,10.7690,23.3833
1801456,10.7285,23.2808
1807464,10.9658,23.2617
1813492,10.9683,22.9741
1819540,10.9512,22.9780
1825608,10.9551,22.9883
1831696,10.7949,23.1846
1837804,10.9116,24.7773
1843932,10.9248,24.5630
1850080,10.9209,24.3228
1856248,10.9731,23.9814
1862436,10.7739,24.1021
1868648,10.7393,24.2124
1874880,10.7437,24.0581
1881132,10.7734,23.9648
1887404,10.7593,24.1099
1893696,10.7769,25.8091
1900012,10.7939,23.8984
1906348,10.7329,24.2490
1912704,10.7285,24.1294
1919080,10.8135,23.9365
1925480,10.7671,23.7944
1931900,10.7754,24.3462
1938340,10.7891,24.1079
1944804,10.7100,23.9731
1951288,10.7388,23.5415
1957796,10.7544,23.4541
1964324,10.7466,23.6421
1970872,10.7969,24.2725
1977444,10.7930,24.0654
1984036,10.8081,23.8838
1990652,10.7759,23.7285
1997288,10.7114,23.4697
2003948,10.8042,23.7661
2010628,10.8042,23.5156
2017332,10.7368,23.6128
2024060,10.7275,23.6421
2030808,10.7354,23.5527
2037580,10.7280,23.8828
2044372,10.7896,23.3750
2051188,10.7842,23.4556
2058028,10.7803,23.3599
2064892,10.7993,23.3179
2071776,10.8057,23.2466
2078684,10.8135,23.0884
2085616,10.7437,23.4399
2092572,10.7593,23.8232
2099548,11.1543,24.0903
2106548,11.2012,23.5532
2113572,11.1934,23.3740
2120620,11.4121,23.6763
2127692,11.3838,23.3564
2134788,11.4058,23.1362
2141904,11.3887,24.1372
2149044,11.2212,23.5132
2156208,11.4443,23.2559
2163396,11.4219,23.3237
2170608,11.2080,23.6953
2177844,11.2349,23.5024
2185104,11.1831,22.9292
2192388,11.1157,22.9766
2199696,11.1602,22.6265
2207032,11.1772,22.9165
2214392,11.1665,23.1201
2221776,11.1943,23.1978
2229184,11.2148,22.8052
2236616,11.2104,22.7202
2244072,11.2017,22.9146
2251556,11.1431,22.7368
2259064,11.2192,23.2153
2266596,11.1274,23.2759
2274152,11.1313,23.1362
2281736,11.2715,22.8555
2289344,11.2241,23.0869
2296976,11.2871,23.1357
2304636,11.2065,22.7261
2312320,11.1826,22.6450
2320028,11.1475,23.2773
2327764,11.1802,22.8491
2335524,11.1772,22.7944
2343312,11.1914,22.7490
2351124,11.1401,22.8818
2358964,11.1602,22.9189
2366828,11.1582,23.6758
2374720,11.1597,23.4595
2382636,11.3281,23.7271
2390580,11.2344,23.5898
2398552,11.2158,23.4463
2406548,11.2188,37.9951
2414572,11.1724,23.2695
2422624,11.1563,23.0752
2430700,11.2036,23.0605
2438804,11.1655,23.0386
2446936,11.1567,23.1064
2455096,11.1318,22.7871
2463280,11.1436,23.1572
2471492,11.1943,23.1450
2479732,11.1963,29.8701
2488000,11.1982,23.5059
2496296,11.3706,22.9341
2504620,11.3301,22.6401
2512972,11.1865,22.9004
2521352,11.1875,22.8428
2529760,11.3013,22.9551
2538196,11.1855,22.9697
2546660,11.3037,22.9277
2555152,11.1499,23.1133
2563672,11.2588,22.7471
2572220,11.1943,23.0747
2580796,11.2935,22.9888
2589400,11.2803,22.9390
2598032,11.2051,22.9429
2606696,11.2036,23.0400
2615388,11.1548,22.7646
2624108,11.1860,24.2124
2632856,11.2183,23.6885
2641636,11.2290,23.7188
2650444,14.9531,23.4722
2659280,11.8979,23.5825
2668148,11.1841,23.4268
2677044,11.2632,23.6660
2685968,11.1768,23.6582
2694924,11.1313,23.6401
2703908,11.1851,23.7051
2712924,11.1934,23.6533
2721968,11.2188,23.5176
2731044,11.1987,23.4434
2740148,11.3198,23.4927
2749284,11.2568,23.7021
2758452,11.2026,23.5615
2767648,11.2021,23.4438
2776876,11.2065,23.6226
2786136,11.2041,23.7354
2795424,11.2144,23.3652
2804744,11.3164,23.2134
2814096,11.1748,23.2515
2823480,11.3677,23.2593
2832892,11.3833,23.3115
2842336,11.2285,22.9575
2851812,11.1611,23.2383
2861320,11.4395,24.0195
2870860,11.3413,23.1406
2880432,11.3340,23.0386
2890036,11.3550,23.0420
2899672,11.3110,22.9980
2909340,11.3096,23.2271
2919040,11.3120,23.1733
2928772,11.2173,23.0239
2938536,11.1855,22.9468
2948332,11.1792,23.0552
2958160,11.1733,23.2344
2968024,11.2056,23.0068
2977920,11.1626,23.3945
2987848,11.2949,23.5073
2997808,11.1870,23.5142
3007804,11.1328,23.2744
3017832,11.1401,23.0815
3027892,11.1484,23.1401
3037988,11.4478,23.5571
3048116,11.1694,22.9565
3058280,11.1870,23.2383
3068476,11.1440,22.9883
3078708,11.1616,23.2002
3088972,11.2358,23.4009
3099272,11.3555,23.3110
3109604,11.3423,22.7319
3119972,11.3486,23.0884
3130372,11.3604,23.0488
3140808,11.1045,22.9009
3151280,11.3496,24.4326
3161788,11.3340,23.6816
3172328,17.3018,24.1040
3182904,11.3306,23.7544
3193516,11.2725,24.1812
3204164,11.2056,23.7441
3214848,11.2202,23.7788
3225568,11.1919,23.4927
3236320,11.1636,23.8149
3247108,11.1479,23.7017
3257932,11.1392,23.5063
3268792,11.1489,23.9888
3279688,11.2256,23.6406
3290624,11.2173,23.7915
3301596,11.2798,23.9189
3312604,11.3730,24.0732
3323648,11.2114,23.4790
3334728,11.3120,23.6118
3345844,11.2046,24.0698
3357000,11.2188,23.7578
3368192,11.2031,23.6738
3379420,11.2036,23.4307
3390688,11.1685,23.4575
3401992,11.2056,23.6167
3413332,11.2534,23.6270
3424712,11.2095,23.4248
3436128,11.2231,23.5254
3447584,11.2271,23.1860
3459076,11.1992,23.2231
3470608,11.2217,23.5967
3482180,11.2153,23.3809
3493788,11.3110,23.5527
3505436,18.6631,23.7466
3517124,16.2485,24.2964
3528848,11.2388,23.7759
3540612,11.1064,23.8105
3552416,11.2114,23.3281
3564260,11.2651,23.6479
3576144,11.1392,23.6343
3588068,11.2651,23.6201
3600032,11.2036,23.6323
3612036,11.2036,23.5801
3624080,11.1523,40.1045
3636164,11.1367,23.9258
3648288,11.1313,23.9849
3660452,11.1870,23.5103
3672656,11.2119,30.5229
3684900,11.2344,24.8169
3697184,14.8320,24.5928
3709508,15.2144,25.8745
3721876,11.1528,25.0054
3734284,11.2002,29.1255
3746732,11.3359,24.6514
3759224,11.1802,24.6660
3771756,11.1865,24.2754
3784332,11.1318,24.1138
3796948,11.2241,24.3003
3809608,11.1348,24.0430
3822308,11.2144,24.2749
3835052,11.1675,24.3169
3847836,11.1885,24.3730
3860664,17.6050,24.9980
3873536,11.2476,24.3608
3886448,11.2144,24.4160
3899404,11.2266,24.0879
3912404,11.1465,24.4790
3925448,14.9932,26.5859
3938536,19.2056,26.3862
3951668,18.4600,26.6714
3964844,11.2378,23.8618
3978064,11.1938,24.7578
3991328,11.2080,24.4360
4004636,11.2021,24.6040
4017988,11.2065,24.6475
4031384,11.3643,24.4131
4044824,11.2017,24.1650
4058308,11.2158,24.0615
4071836,11.2080,24.2729
4085412,11.2051,24.1650
4099032,11.2266,23.9277
4112696,11.3511,24.1069
4126408,11.3560,23.9941
4140164,11.4180,24.2964
4153968,11.3506,23.9390
4167816,11.3833,24.1270
4181712,11.1396,23.9263
4195652,11.6255,25.0850
4209640,11.6079,24.4102
4223676,11.6309,25.0703
4237756,11.7642,24.1069
4251884,11.7476,23.9282
4266060,11.7427,24.0171
4280284,21.4707,24.2305
4294552,11.8340,24.0542
4308868,11.8101,24.1089
4323232,11.8076,24.1675
4337644,11.8359,23.8521
4352104,11.7358,24.1455
4366612,11.7495,25.3135
4381168,11.6182,23.9253
4395772,11.6333,24.0723
4410428,11.7310,24.1274
4425132,11.6367,24.2827
4439884,11.6055,23.3350
4454684,11.5996,23.4600
4469536,11.6089,23.2886
4484436,11.6196,23.4004
4499388,11.6812,23.6064
4514388,11.7056,23.5454
4529436,11.7148,23.5547
4544536,11.7061,23.4995
4559688,11.6455,23.5864
4574888,11.6743,23.4658
4590140,11.7251,23.2974
4605444,11.7417,23.7456
4620796,11.7354,23.5498
4636200,11.6709,23.2861
4651656,11.6113,23.6724
4667164,11.7432,23.3604
4682724,11.7256,23.3584
4698336,11.6641,23.6387
4714000,11.6855,23.1724
4729716,11.6704,23.9346
4745484,11.6694,24.0918
4761304,11.6592,23.7505
4777176,11.6680,23.9624
4793100,11.7466,23.4580
4809080,11.7852,25.4058
4825112,11.7563,23.6660
4841196,11.7500,23.2466
4857336,11.7563,23.3804
4873528,11.7349,23.8301
4889776,11.6416,23.7104
4906076,11.6616,23.6440
4922432,11.7539,23.4204
4938844,11.6919,23.3267
4955308,11.7407,23.3628
4971828,11.6841,23.2134
4988404,11.6821,40.5293
5005036,11.7515,23.4043
5021720,11.6748,23.6313
5038460,11.7437,23.6455
5055256,11.7778,23.2944
5072108,11.7603,23.4790
5089016,11.7485,23.6001
5105980,11.6172,24.4961
5123000,11.6338,29.7690
5140080,11.7661,24.1377
5157216,11.7505,23.6563
5174408,11.7544,23.6523
5191660,11.6792,23.7031
5208968,11.7393,23.2021
5226332,11.6440,23.2603
5243756,11.7681,24.6309
5261236,11.6162,24.1299
5278776,11.6309,24.0293
5296372,11.6030,23.9736
5314028,11.6826,24.2017
5331744,11.7393,24.2783
5349520,11.7417,23.8672
5367352,11.6328,23.8916
5385244,11.6191,24.0962
5403196,11.7617,23.9604
5421208,11.7139,23.9404
5439280,11.6299,24.1172
5457412,11.6396,24.2290
5475604,11.6279,24.0825
5493860,11.6226,24.0605
5512176,11.6318,24.4233
5530552,11.6475,24.3296
5548988,11.6309,24.1211
5567488,11.7607,24.0215
5586048,11.6196,23.8315
5604672,11.8286,24.0122
5623356,11.8457,23.9019
5642104,11.8330,24.0654
5660912,11.8594,24.2695
5679784,11.8506,23.7544
5698720,11.8242,23.5415
5717716,11.8105,23.8130
5736776,11.7324,24.1191
5755900,11.7495,24.3657
5775088,11.8257,24.2852
5794340,11.7793,24.2007
5813656,11.7559,24.1489
5833036,11.7505,23.8979
5852480,11.7349,24.2236
5871992,11.7207,24.1709
5891568,11.6655,24.1323
5911208,11.7334,23.7725
5930916,11.7466,23.6064
5950688,11.7246,24.0039
5970524,11.6357,23.9492
5990428,11.6182,24.7729
6010400,11.7090,24.1270
6030436,11.6460,24.1626
6050540,11.6392,24.1040
6070712,11.7402,23.8931
6090948,11.7480,23.9888
6111252,11.7466,23.9258
6131624,11.7568,23.9023
6152064,11.6060,23.9053
6172572,11.7642,23.8164
6193148,11.7466,24.1104
6213792,11.7642,24.0698
6234508,11.7500,23.8442
6255292,11.7480,23.9111
6276144,11.8403,24.0308
6297068,11.6064,25.1392
6318060,11.6904,24.5557
6339124,11.6465,24.5112
6360256,11.6377,24.3154
6381460,11.6377,24.2642
6402732,11.8062,24.6436
6424076,11.8047,24.1094
6445492,11.7915,24.1504
6466980,11.8047,23.9355
6488540,11.8037,24.0674
6510172,11.6660,24.7437
6531876,11.6724,24.3667
6553652,11.6440,41.1226
6575500,11.6709,24.4844
6597420,11.6401,24.3594
6619412,11.6323,24.3862
6641480,11.6616,24.0317
6663620,11.6177,24.1357
6685836,11.6211,24.1987
6708124,11.6299,24.1880
6730488,11.7192,24.5132
6752924,11.8706,24.7192
6775436,11.6592,24.5332
6798024,11.6299,24.0947
6820688,11.6250,24.3657
6843424,11.7178,24.1875
6866236,12.2827,34.2563
6889124,11.5952,24.3604
6912088,11.6318,24.2119
6935132,11.6357,24.2173
6958252,11.6943,24.0322
6981448,11.6050,24.2568
7004720,11.6426,24.7026
7028072,11.7324,24.6001
7051500,11.7197,24.1792
7075008,11.6216,24.0254
7098592,11.7095,24.2783
7122256,11.8472,23.8340
7146000,11.6631,24.1060
7169820,11.6470,24.2822
7193720,11.6460,24.2988
7217700,11.6699,24.7783
7241760,11.6865,24.5195
7265900,11.6392,24.4043
7290120,11.6592,24.4214
7314424,11.6226,24.3198
7338808,11.6299,24.4526
7363272,11.6650,26.2124
7387820,11.6597,25.8359
7412448,11.6548,25.4678
7437160,11.6514,25.1523
7461952,11.7524,25.1978
7486828,11.6318,25.2803
7511788,11.6748,24.9165
7536828,11.7456,24.5801
7561952,11.7178,24.9136
7587160,11.8755,24.9185
7612452,11.6499,28.0854
7637828,11.8296,26.7090
7663288,12.9648,25.5142
7688836,11.9570,25.0620
7714468,12.0430,25.2295
7740184,11.8330,25.2368
7765988,11.8086,25.3223
7791876,11.9619,32.3657
7817852,11.7847,24.7808
7843912,11.8179,25.5508
7870060,12.0386,25.0098
7896296,11.8174,24.6704
7922620,11.8335,24.8618
7949032,11.8486,29.0054
7975532,11.8428,24.2666
8002120,11.8022,24.5625
8028796,11.8242,24.4263
8055560,12.0254,24.7773
8082412,11.8184,24.7524
8109356,12.0503,25.0107
8136388,12.0459,24.8940
8163512,11.6699,25.0303
8190724,11.6343,25.0811
8218028,11.8403,25.8335
8245424,11.7056,25.2344
8272912,11.7368,24.8125
8300492,11.6084,24.8755
8328164,11.6826,24.7788
8355928,11.8242,24.4517
8383784,12.0317,26.8320
8411732,12.0552,25.6499
8439772,12.1489,26.4390
8467908,18.3696,25.7378
8496136,12.1597,24.8232
8524460,12.0991,24.7090
8552876,12.1450,24.6250
8581388,12.0010,24.8013
8609996,11.9946,24.6465
8638696,12.0146,24.5737
8667492,12.2397,24.5483
8696384,12.2524,24.5117
8725372,12.2183,25.5532
8754460,12.2798,25.5537
8783644,12.1733,25.0117
8812924,12.0444,24.9272
8842304,12.0347,24.6001
8871780,12.0527,24.5854
8901356,12.2729,24.7798
8931028,12.1538,25.2798
8960800,12.1338,24.6948
8990672,12.0752,24.4341
9020644,13.0781,24.5386
9050716,12.2627,24.0405
9080888,12.0200,24.1543
9111160,12.0044,24.6577
9141532,12.0459,26.8589
9172004,12.1260,24.1299
9202580,12.1792,24.1143
9233256,12.2251,24.6592
9264036,12.0220,24.1338
9294920,12.2480,24.4253
9325904,12.2227,24.2437
9356992,12.2412,24.2529
9388184,12.2583,25.9722
9419480,12.2241,24.0176
9450880,12.0527,25.6030
9482384,12.1416,25.2808
9513992,12.0176,24.6909
9545708,12.2622,24.4922
9577528,12.1768,24.4224
9609456,12.3477,23.9961
9641488,12.2583,24.2349
9673628,15.0239,24.7827
9705876,12.1328,25.1587
9738232,11.9990,24.7163
9770696,12.0415,24.2881
9803268,12.1484,24.3555
9835948,12.1362,24.0684
9868736,12.1543,23.9897
9901632,12.1602,25.9854
9934640,11.9839,24.2354
9967756,12.2871,24.9902
10000984,12.2158,24.4331
10034324,11.9941,24.1782
10067772,12.2651,24.6753
10101332,12.2261,24.6343
10135004,12.2324,24.5112
10168788,12.2256,24.1289
10202684,12.2690,23.7988
10236696,12.1440,23.8940
10270820,12.1528,24.6147
10305060,12.2686,24.2749
10339412,12.2563,24.5415
10373880,12.2612,24.9180
10408460,12.1455,23.9551
10443156,12.1846,24.7339
10477968,12.1582,24.5464
10512896,12.0854,25.7720
10547940,12.2026,25.1240
10583100,12.3032,25.7856
10618380,12.1309,24.7969
10653776,12.0781,25.1489
10689292,12.1646,24.8252
10724924,12.2769,24.8691
10760676,12.2158,26.1196
10796548,12.1411,24.4297
10832540,12.0117,29.7231
10868652,12.2222,24.5879
10904884,12.2227,25.2573
10941236,12.0874,24.4854
10977708,12.2310,25.1099
11014304,12.1255,24.7393
11051020,12.1538,24.4097
11087860,12.2637,24.6787
11124820,12.2852,24.5811
11161904,12.2476,24.2778
11199112,12.0054,24.5547
11236444,12.6616,25.1304
11273900,11.9917,24.7910
11311480,13.2305,24.7202
11349188,11.9814,25.4692
11387020,12.1543,24.5005
11424980,11.9800,24.2534
11463064,12.0068,24.6299
11501276,14.0874,30.1611
11539616,12.0137,24.5713
11578084,12.0234,24.9092
11616680,12.0469,24.6118
11655404,12.0059,24.4575
11694256,12.0166,24.6357
11733240,14.0205,24.8184
11772352,11.9810,24.5571
11811596,14.1904,24.4292
11850968,12.0088,24.2710
11890472,12.1509,24.2485
11930108,12.1021,32.3354
11969876,12.0264,24.5337
12009776,12.1484,24.7749
12049812,11.9653,25.4141
12089980,12.0088,24.3984
12130280,12.0063,24.6016
12170716,13.1069,25.7383
12211288,12.0220,24.8120
12251996,12.1631,24.6836
12292836,11.9800,24.5957
12333816,12.1016,24.2690
12374932,12.1514,24.7256
12416184,12.2515,25.0239
12457572,12.0405,30.2578
12499100,12.1421,25.6602
12540764,12.2710,24.4722
12582568,12.4004,25.1260
12624512,12.3350,26.1538
12666596,12.0156,25.7954
12708820,12.2505,26.3599
12751184,12.0020,25.1270
12793688,12.2402,25.1406
12836336,12.1523,25.2158
12879124,12.0933,25.0234
12922056,12.2354,25.2676
12965132,12.1230,24.9995
13008352,12.2183,25.2090
13051716,12.1343,24.9204
13095224,12.0225,25.1748
13138876,21.0684,25.3750
13182676,12.2612,25.9194
13226620,12.6021,25.2739
13270712,12.3677,25.5186
13314948,12.1323,24.8501
13359332,12.2437,25.2979
13403864,12.1050,26.4683
13448544,17.3174,25.4038
13493376,11.9746,25.2612
13538356,12.0439,26.3892
13583484,12.2388,25.0234
13628764,12.2764,24.8462
13674196,17.8013,24.7808
13719780,12.1558,25.1094
13765516,12.0449,25.0913
13811404,12.2510,24.9526
13857444,12.3032,24.8218
13903636,12.1270,25.3213
13949984,12.1245,25.2314
13996484,12.2236,25.8999
14043140,12.0132,24.7539
14089952,12.2285,25.5713
14136920,12.1489,30.1519
14184044,12.1733,25.2969
14231328,12.1313,25.5107
14278768,12.0337,24.8701
14326364,12.2485,24.5229
14374120,12.1787,25.9751
14422036,12.2856,25.9106
14470112,12.2544,25.7915
14518348,11.9604,24.6733
14566744,12.2690,24.7769
14615300,12.0264,38.3853
14664020,12.1440,25.0386
14712904,12.1816,26.1304
14761948,12.1543,25.9941
14811156,14.3101,26.3662
14860528,12.2310,25.7310
14910064,12.1284,25.7788
14959768,12.0835,26.2061
15009636,12.2119,25.7803
15059672,14.1763,26.1006
15109872,12.2573,25.2979
15160240,12.3008,25.3994
15210776,12.1108,25.5215
15261480,12.2495,26.0073
15312352,12.2378,25.1895
15363396,12.1611,25.2686
15414608,12.0195,25.5435
15465992,12.1563,25.6050
15517548,12.2324,26.4746
15569276,12.2417,25.2905
15621176,12.6089,25.4810
15673248,12.1816,29.1807
15725496,12.1528,25.8447
15777916,12.2588,25.2461
15830512,12.2280,25.2686
15883284,12.1704,27.3525
15936232,12.0449,26.4878
15989356,12.8848,25.3804
16042656,12.1660,25.7144
16096132,12.0352,25.6162
16149788,12.4048,25.4048
16203624,12.2954,26.8975
16257640,13.4131,26.5801
16311836,12.0151,25.3843
16366212,12.1440,25.5645
16420768,12.0796,26.0190
16475504,12.1577,26.0269
16530424,12.0303,25.7852
16585528,12.2021,25.6563
16640816,20.7803,25.8481
16696288,12.1548,25.4888
16751944,12.0542,25.2798
16807784,12.7607,32.7368
16863812,12.7495,26.8213
16920028,12.5112,25.1387
16976432,12.7524,25.3325
17033024,12.7510,25.7256
17089804,12.7578,26.3877
17146772,21.4702,46.7280
17203928,12.7383,25.3652
17261276,12.7295,25.3394
17318816,12.7285,24.9751
17376548,12.5654,25.6758
17434472,12.7339,24.9937
17492588,12.7549,25.0107
17550900,12.7827,24.7959
17609404,13.7192,24.8037
17668104,12.4668,24.9326
17727000,12.7456,24.7847
17786092,12.4600,25.0454
17845380,12.4727,24.9077
17904868,12.7695,25.5386
17964552,12.7324,24.9204
18024436,12.5571,25.3213
18084520,12.5815,24.6318
18144804,12.8115,25.0605
18205288,12.4854,24.9375
18265976,12.7285,24.6895
18326864,12.4761,25.6367
18387956,12.7554,25.1948
18449252,12.8687,24.8403
18510752,12.4858,25.7246
18572456,12.7617,24.9951
18634368,12.5000,24.7949
18696484,12.7524,25.1274
18758808,12.7378,24.6729
18821340,19.2813,25.0278
18884080,12.7617,25.7461
18947028,19.9712,33.6377
19010188,12.7671,25.3843
19073556,12.5439,26.3271
19137136,12.7725,25.2373
19200928,12.7358,25.3267
19264932,12.7510,25.0015
19329152,12.4858,26.6709
19393584,12.8696,25.0063
19458232,12.7295,25.2842
19523096,12.7300,25.1821
19588176,12.7617,24.8745
19653472,12.4775,25.1406
19718984,12.8623,24.7852
19784716,12.5249,25.1338
19850668,12.5547,25.1846
19916840,12.5308,25.3398
19983232,12.6069,25.1685
20049844,12.5112,35.3623
20116680,12.5068,24.9438
20183736,12.5234,25.0605
20251016,13.0107,25.0435
20318520,12.7305,26.2305
20386252,12.7280,25.2905
20454208,12.8418,25.3545
20522392,12.4927,25.0542
20590800,12.4604,24.9277
20659436,12.4937,24.9873
20728304,12.4707,25.2607
20797400,12.5073,24.6182
20866728,12.6382,25.4341
20936284,12.5029,25.9731
21006072,12.5127,25.8301
21076096,12.5005,25.7490
21146352,12.6958,25.8569
21216840,12.5503,26.0054
21287564,12.5083,25.5596
21358524,12.4297,25.5122
21429720,12.4727,25.1938
21501156,12.7192,25.6792
21572828,12.7388,25.7324
21644740,12.7754,25.5249
21716892,12.7646,25.2656
21789284,12.6743,26.0059
21861916,12.7271,25.6470
21934792,12.7197,25.4951
22007908,12.7163,25.6387
22081268,12.7349,26.5991
22154876,12.7671,25.4883
22228728,12.7212,25.2173
22302824,12.7959,25.2998
22377168,12.6421,25.5449
22451760,12.4604,24.8071
22526600,12.4829,25.4990
22601692,12.7471,25.2998
22677032,13.2568,25.3901
22752624,16.1621,25.9131
22828468,12.7500,25.7729
22904564,12.7837,26.2759
22980916,12.7417,25.7163
23057520,13.1094,25.0200
23134380,12.8398,25.2964
23211496,12.7817,25.3877
23288868,12.7280,25.7783
23366500,13.9570,25.5757
23444392,12.6992,27.6431
23522540,14.2544,25.9648
23600952,12.8159,25.6118
23679624,13.3979,25.5083
23758560,12.8096,27.8579
23837756,16.4258,25.6069
23917216,12.7686,25.3984
23996944,12.5469,25.3364
24076936,12.8203,25.4985
24157196,12.4365,26.2920
24237720,15.0571,25.3999
24318516,12.7314,25.5986
24399580,12.8091,25.0991
24480912,12.7754,25.4331
24562516,12.6846,25.3330
24644392,12.5068,25.6890
24726540,12.7646,25.6758
24808964,12.4746,25.4771
24891664,12.7715,25.3755
24974640,12.4805,25.2656
25057892,12.7188,25.6855
25141420,15.3989,25.3379
25225228,12.6592,26.7695
25309316,12.4277,25.8105
25393684,12.4893,26.6021
25478332,12.4761,25.7681
25563260,12.7329,26.3438
25648472,12.7354,25.9341
25733968,12.6709,25.8232
25819748,12.6855,25.9971
25905816,12.7397,27.2271
25992172,12.4189,25.6953
26078816,12.5693,25.5244
26165748,12.9194,26.8291
26252968,12.4966,25.8540
26340480,12.8193,25.9551
26428284,12.5952,26.0000
26516380,12.4561,26.1528
26604768,12.7764,26.4966
26693452,18.2075,25.8159
26782432,12.7759,26.0605
26871708,12.4751,26.3848
26961284,12.6787,27.0063
27051156,12.9927,25.7593
27141328,12.7070,27.1172
27231800,22.4004,25.9941
27322576,12.4917,26.1431
27413652,12.7417,27.7236
27505032,12.4805,25.6660
27596716,12.7422,25.6846
27688708,12.7476,25.7275
27781004,12.7451,26.1011
27873608,12.5010,26.2720
27966524,12.4312,26.9268
28059748,12.4727,26.0000
28153284,12.4736,26.3022
28247132,13.0469,26.0283
28341292,12.4243,26.1860
28435764,19.2778,26.6089
28530552,13.0942,26.0547
28625656,12.7324,25.8662
28721076,12.7271,25.7026
28816816,12.7559,26.3857
28912876,12.6191,25.9663
29009256,12.4204,25.2388
29105956,12.7339,25.9087
29202976,12.9116,27.2432
29300320,12.7925,25.1372
29397988,12.5996,27.2061
29495984,12.7490,26.9678
29594304,12.4312,26.2559
29692952,12.7480,26.7661
29791932,12.7661,26.3628
29891240,12.7549,26.5840
29990880,12.7363,26.3354
30090852,13.2012,26.6792
30191156,12.4312,26.5264
30291796,12.7476,26.5127
30392772,12.7207,48.3228
30494084,12.8076,26.7153
30595732,12.7241,26.9146
30697720,12.7876,26.1909
30800048,12.7534,26.5640
30902716,12.4839,26.5396
31005728,12.8081,26.3984
31109084,12.7202,26.2949
31212784,12.7251,26.0254
31316828,12.7568,26.3584
31421220,12.8027,26.3140
31525960,12.7173,26.3823
31631048,12.7139,26.4336
31736488,12.7646,26.5513
31842280,12.7334,26.8506
31948424,12.7310,26.5918
32054920,12.7905,26.2930
32161772,12.6924,26.0220
32268980,12.4644,26.9502
32376544,12.7627,26.5723
32484468,12.7886,26.7109
32592752,12.7495,26.1245
32701396,12.7974,26.2534
32810404,12.8081,26.2622
32919776,12.6836,26.8579
33029512,12.7319,26.4536
33139612,12.7939,26.1494
33250080,12.7690,32.0679
33360916,12.7280,26.0601
33472120,12.8105,26.3882
33583696,13.1147,36.2183
33695644,13.1782,26.1733
33807964,13.1187,26.1367
33920660,13.1436,26.0210
34033732,12.9307,25.9048
34147180,13.1172,25.4795
34261004,12.9033,25.9199
34375208,13.2178,25.7173
34489796,13.1411,25.5669
34604764,13.1831,25.4521
34720116,13.1626,25.5737
34835852,13.0771,25.3169
34951972,13.1445,25.6401
35068480,12.8926,31.2769
35185376,12.9189,25.8989
35302664,13.1162,25.1919
35420340,13.1567,25.3467
35538408,13.1636,25.3677
35656872,13.1445,25.5254
35775732,13.1680,25.4482
35894988,12.8730,25.0308
36014640,13.1968,25.5527
36134692,13.1338,25.7358
36255144,13.1851,25.3364
36375996,12.9346,25.9321
36497252,13.1445,25.7783
36618912,13.1533,25.8423
36740976,13.1987,25.5820
36863448,13.1914,25.7690
36986328,13.1416,25.9556
37109616,13.1782,25.5566
37233316,22.1479,25.7827
37357428,13.1445,26.1641
37481956,12.9243,25.8975
37606896,12.9160,25.5557
37732256,13.6606,26.0054
37858032,13.0786,26.0669
37984228,13.2183,25.9248
38110844,12.9204,25.8169
38237884,13.1353,27.1133
38365344,13.5913,25.6631
38493232,13.5215,25.6069
38621544,13.4272,26.9370
38750284,13.5586,25.9146
38879452,12.9224,25.7104
39009052,12.8887,25.4980
39139084,13.2319,25.9424
39269548,12.8608,25.5991
39400448,13.1104,26.4150
39531784,13.1504,26.0137
39663560,13.1870,25.7993
39795772,12.9492,25.6997
39928428,13.2031,25.9224
40061524,13.1699,27.5850
40195064,14.2163,26.3867
40329048,13.1191,26.3462
40463480,13.2236,25.8472
40598360,13.3804,26.0479
40733688,13.1899,25.7300
40869468,15.8179,26.0396
41005700,12.8511,26.0752
41142388,13.1582,25.8481
41279532,13.1255,26.8003
41417132,13.1582,26.7959
41555192,13.1406,25.7319
41693712,12.9072,25.7510
41832692,12.9185,25.8530
41972136,12.9409,27.1797
42112044,13.1387,27.5483
42252420,13.1138,25.9692
42393264,13.1885,27.1343
42534576,13.5298,25.8496
42676360,13.1367,26.0024
42818616,13.1489,25.8472
42961348,13.0771,26.5317
43104556,13.2178,26.4624
43248240,13.1255,26.1035
43392404,13.1729,26.0425
43537048,13.1411,26.0151
43682172,13.0894,26.0942
43827780,13.1665,26.2241
43973876,12.9058,26.0146
44120456,12.8970,27.0815
44267528,13.5479,26.5371
44415088,13.5122,40.0947
44563140,13.5645,26.2090
44711684,12.9087,26.2563
44860724,13.1641,25.7725
45010260,13.1333,25.8789
45160296,13.1392,27.0352
45310832,12.9019,25.8970
45461872,12.8862,26.7627
45613412,13.1460,26.3516
45765460,20.4956,26.4058
45918012,13.1343,26.3359
46071076,13.1328,26.2012
46224648,15.8853,26.0073
46378732,12.9126,27.1206
46533328,19.9131,25.8608
46688440,12.9150,26.1353
46844072,12.9214,25.9644
47000220,12.9077,26.1465
47156888,13.1475,26.3525
47314080,13.1621,25.9033
47471796,13.1543,26.9521
47630036,13.1987,26.5854
47788804,12.8857,26.0591
47948104,12.9194,26.6899
48107932,13.1455,26.1792
48268292,13.1592,26.3354
48429188,12.9224,25.6909
48590620,18.2573,26.3828
48752592,12.9185,26.0806
48915104,12.9165,25.8384
49078156,13.1343,25.9492
49241752,12.8970,25.7754
49405892,12.8994,27.4814
49570580,13.1958,26.1255
49735816,13.5029,27.1968
49901604,13.5815,26.2197
50067944,13.1724,27.0732
50234840,16.3433,25.8633
50402292,13.1714,27.0752
50570300,12.9097,26.7388
50738868,13.1714,26.3633
50908000,12.9141,26.4858
51077696,13.1567,26.9399
51247956,12.8984,26.1143
51418784,12.8677,26.1650
51590180,13.1230,26.4048
51762148,13.1660,26.4297
51934692,18.9673,26.5986
52107808,17.2300,26.4189
52281504,12.9048,26.3516
52455776,12.8657,26.6299
52630632,12.9233,26.2354
52806068,12.8979,30.5952
52982092,14.9697,26.6836
53158700,13.1274,26.0918
53335896,12.8755,26.1738
53513684,13.1519,26.3003
53692064,13.1528,26.6587
53871040,13.1499,26.4482
54050612,14.1890,27.5161
54230784,12.8955,26.9395
54411556,12.9199,27.4121
54592928,13.1592,26.9683
54774908,13.1401,26.6162
54957492,12.9014,26.4014
55140684,13.1523,26.3218
55324488,12.9355,26.3862
55508904,13.1489,26.2300
55693936,13.2227,26.3394
55879584,13.1709,26.6440
56065852,13.1440,26.5518
56252740,13.1362,26.6064
56440252,13.1250,26.3037
56628388,12.9702,26.6421
56817152,13.1797,27.3970
57006544,13.5928,26.2573
57196568,13.1489,45.7559
57387224,13.1563,27.5146
57578516,13.1929,26.3320
57770448,12.8926,26.3320
57963020,13.1572,26.5088
58156232,13.1616,26.2065
58350088,13.1528,26.3833
58544592,12.9199,26.6104
58739744,15.1626,27.4595
58935544,13.1558,27.3350
59131996,13.1514,27.3691
59329104,13.1274,27.2573
59526868,13.1519,27.6479
59725292,13.2056,27.4487
59924380,14.2578,29.0459
60124128,13.1440,27.6299
60324544,13.1875,27.1479
60525628,13.1460,28.3003
60727384,13.1929,27.2822
60929812,13.1089,27.5571
61132912,13.2510,27.1348
61336692,13.1719,26.9194
61541148,19.8062,27.4287
61746288,13.1406,27.5112
61952112,13.1719,28.4229
62158620,13.2021,32.6284
62365816,13.1553,28.6245
62573704,13.5581,28.5371
62782284,13.5718,27.2847
62991560,13.1274,27.2344
63201532,13.1880,27.4688
63412204,15.0854,36.2119
63623580,12.9180,27.5659
63835660,13.1631,27.4468
64048448,13.1172,27.5635
64261944,13.1348,27.2227
64476152,13.1958,27.2905
64691076,13.1484,28.1123
64906716,12.8896,27.2310
65123072,13.1460,27.3633
65340152,12.8896,27.0654
65557956,12.8965,27.4307
65776484,13.1943,27.3550
65995740,13.1436,27.4443
66215728,19.3022,27.2871
66436448,13.1230,27.4478
66657904,14.5771,26.9360
66880100,14.6255,27.3364
67103036,14.8379,28.4121
