4,1.0381,1.2305
8,1.7549,2.9385
12,115.5645,3.5010
16,2.1963,6.0703
20,2.7676,5.9941
24,2.7764,6.7949
28,2.8008,6.9297
32,2.7676,8.2422
36,3.2100,8.2090
40,3.2129,7.6270
44,3.2197,7.9512
48,3.2100,8.5439
52,3.2090,8.5771
56,3.2139,8.4092
60,3.2236,8.7324
64,3.2148,11.4443
68,3.7021,10.8770
72,3.7031,10.7314
76,3.7012,10.5459
80,3.7100,10.5518
84,3.7402,10.9463
88,3.6973,10.8984
92,3.6855,11.1943
96,3.6973,8.5244
100,3.7471,7.4932
104,3.6943,7.6777
108,3.6885,7.1943
112,3.7051,6.7705
116,3.7031,7.6855
120,3.6934,7.9268
124,3.6924,7.2666
128,3.7080,8.0615
132,4.2080,8.3555
136,4.2061,8.1445
140,4.2412,8.4541
144,4.2168,8.0596
148,4.2061,8.2324
152,4.2021,8.6953
156,4.1992,8.4160
160,4.2539,7.9678
164,4.2402,8.4932
168,4.2012,8.5010
172,4.2402,7.7900
176,4.2158,8.1445
180,4.2188,7.9043
184,4.2070,8.4121
188,4.2031,8.4600
192,4.2061,8.4414
196,4.2324,8.5537
200,4.2051,8.5869
204,4.2021,8.4863
208,4.4063,9.4609
212,4.3271,8.9463
216,4.3086,8.6543
220,4.3379,9.0049
224,4.2891,9.3184
228,4.2979,9.3623
232,4.3145,10.1094
236,4.3252,9.0283
240,4.2305,9.1748
244,4.2021,9.3447
248,4.2178,10.0332
252,4.2178,9.5850
256,4.2168,12.0400
260,4.8281,11.2168
264,4.8184,10.8174
268,4.8154,10.8066
272,4.8057,11.8564
276,4.7969,11.2832
280,4.8184,11.1523
284,4.8154,11.2578
288,4.8252,10.7480
292,4.8203,10.6816
296,4.8281,11.3096
300,4.8252,10.7090
304,4.8164,11.4160
308,4.7988,10.7363
312,4.8174,11.4033
316,4.8145,11.6426
320,4.8154,11.4658
324,4.7988,11.2471
328,4.8203,11.3369
332,4.8154,10.8242
336,4.8086,11.1465
340,4.8154,11.2568
344,4.7998,10.4971
348,4.8213,11.2803
352,4.8340,11.0732
356,4.8223,11.1016
360,4.8164,11.5889
364,4.8379,11.1084
368,4.8281,11.3438
372,4.7939,17.0176
376,4.8154,12.1045
380,4.8057,11.9492
384,4.7920,11.5840
388,4.8057,10.6738
392,4.8125,10.7959
396,4.8037,11.6973
400,4.8281,10.9668
404,4.8438,11.7949
408,4.8232,11.3379
412,4.8135,11.4287
416,4.8066,10.4473
420,4.8164,9.9658
424,4.8271,9.5684
428,4.8262,9.9844
432,4.8125,8.9590
436,4.8164,9.8682
440,4.8037,8.8350
444,4.8232,10.0234
448,4.8008,8.8721
452,4.8281,9.2588
456,4.8340,9.1572
460,4.8115,9.1592
464,4.8057,9.3359
468,4.8037,9.1543
472,4.8467,9.8320
476,4.8223,9.0459
480,4.8154,9.4326
484,4.7979,9.4658
488,4.8174,9.4336
492,4.8125,9.5967
496,4.8203,9.5342
500,4.8291,9.9951
504,4.8125,9.8887
508,4.8154,10.1787
512,4.8076,12.3311
516,5.9980,11.2393
520,5.9131,11.3564
524,5.8711,11.1113
528,5.8799,11.8857
532,5.8066,11.0732
536,5.9082,11.7480
540,5.8145,10.7920
544,5.8125,10.9375
548,5.7285,10.1416
552,5.8760,11.7227
556,5.9375,12.1475
560,5.8281,11.1768
564,5.8232,10.6504
568,5.7441,11.1875
572,5.7744,11.2676
576,5.8779,11.3311
580,5.7998,11.2324
584,5.8018,10.5273
588,5.8926,11.4307
592,5.8682,11.0664
596,5.8076,10.7725
600,5.7471,10.6514
604,5.8125,11.1035
608,5.9365,10.8467
612,5.8623,10.6182
616,5.7607,9.7686
620,5.8760,10.6309
624,5.8418,10.1992
628,5.8311,10.2979
632,5.8955,10.4170
636,5.8594,10.3096
640,5.9209,10.3252
644,5.8105,10.3271
648,5.9609,11.0986
652,5.7803,9.6250
656,5.7256,9.6602
660,5.7666,9.5498
664,5.8750,10.0879
668,5.8809,10.3701
672,5.8408,10.2832
676,5.8330,9.5527
680,5.8701,10.0186
684,5.8047,9.8975
688,5.8828,10.4482
692,5.8223,9.9980
696,5.7480,9.3477
700,5.8096,10.2217
704,5.8516,10.2451
708,5.8115,10.0205
712,5.8916,10.6006
716,5.6846,9.3301
720,5.8027,10.5146
724,5.8535,9.8750
728,6.0186,11.2539
732,5.9492,11.1299
736,5.8184,10.7500
740,5.8418,9.7900
744,5.8535,10.2617
748,5.7549,9.7520
752,5.8408,10.8193
756,5.8389,10.3516
760,5.8662,10.5303
764,5.7578,9.8984
768,5.7568,9.9600
772,5.8281,10.0039
776,5.8857,11.0752
780,5.7871,10.0420
784,5.7383,9.6309
788,5.7168,9.7783
792,5.8574,10.8164
796,5.7637,10.0234
800,5.8750,10.4424
804,5.8535,10.3760
812,5.8828,10.4902
820,5.8682,10.2842
828,5.8467,10.5576
836,5.7803,9.8936
844,5.7393,10.2383
852,5.9238,10.7295
860,5.8301,10.6572
868,5.7588,10.0010
876,5.7861,10.5303
884,5.8506,10.7891
892,5.8975,10.7568
900,5.7344,10.5762
908,5.7900,10.6826
916,5.8369,11.3730
924,5.8486,11.5186
932,5.7480,11.2051
940,5.9004,11.8467
948,5.8896,10.4600
956,5.9170,10.7959
964,5.8936,10.9346
972,5.8086,10.8008
980,5.9893,12.2041
988,5.7695,10.8838
996,5.8916,11.0371
1004,5.9404,11.5352
1012,5.9570,11.6582
1020,5.8213,10.1592
1028,7.0596,13.1338
1036,7.1660,13.2813
1044,6.9336,12.7646
1052,7.0576,13.0244
1060,6.8408,12.3877
1068,6.8877,12.5430
1076,6.7354,12.4043
1084,7.1836,12.9463
1092,6.8604,12.0117
1100,6.9043,12.3057
1108,6.9502,12.1396
1116,7.1689,12.9980
1124,7.0313,13.1064
1132,7.0742,12.5967
1140,7.0000,13.2197
1148,7.0352,12.6816
1156,6.8584,12.1260
1164,6.9082,12.7793
1172,6.9600,12.5791
1180,6.8574,12.4688
1188,7.1650,13.2480
1196,6.9971,12.4922
1204,7.2148,13.3135
1212,7.1240,13.1582
1220,7.1914,13.4326
1228,7.1475,12.4180
1236,7.0527,12.8564
1244,7.0703,12.8135
1252,6.9873,12.5586
1260,7.0137,12.8193
1268,7.1162,12.8398
1276,6.9619,13.3740
1284,6.9893,12.3828
1292,7.0488,13.1426
1300,6.9863,13.1426
1308,6.8330,12.1465
1316,6.8701,12.1211
1324,7.0371,12.4248
1332,6.9873,13.1621
1340,6.9238,12.8525
1348,6.9150,12.4043
1356,6.9873,12.5664
1364,7.0078,12.6592
1372,7.0039,13.0186
1380,6.9570,12.9102
1388,6.9492,12.6113
1396,6.9707,13.3789
1404,6.9580,12.5576
1412,6.8574,11.2617
1420,6.9902,11.3613
1428,6.9512,11.4668
1436,7.0850,12.0078
1444,7.0088,11.0518
1452,7.1699,11.9570
1460,7.3203,20.7334
1468,7.1807,11.2295
1476,7.0664,11.8086
1484,6.9043,11.1387
1492,7.0879,12.4521
1500,6.8408,10.8584
1508,7.0205,11.5205
1516,7.0205,11.2520
1524,6.9971,12.1494
1532,6.9873,11.5264
1540,7.1035,13.2861
1548,6.8584,11.4326
1556,6.9111,11.4863
1564,6.8867,11.3916
1572,6.6875,10.5850
1580,6.8516,11.3838
1588,6.9961,11.6572
1596,6.9951,12.1914
1604,7.1465,12.4941
1616,6.7568,10.5293
1628,7.0029,12.2930
1640,7.0332,12.1113
1652,6.9502,12.6514
1664,6.7607,11.7500
1676,6.9795,11.3037
1688,6.8516,11.3115
1700,6.8877,11.4629
1712,7.0439,12.5645
1724,6.8672,11.9307
1736,6.8760,11.8164
1748,6.9248,11.8750
1760,6.7012,10.8945
1772,7.0137,12.3008
1784,6.9004,11.3242
1796,6.7920,11.4395
1808,7.0039,11.6533
1820,6.7998,11.4883
1832,6.8477,11.0908
1844,6.8311,11.6240
1856,6.9258,11.4980
1868,6.7598,11.4658
1880,6.9473,11.8145
1892,7.1787,12.1025
1904,6.9824,11.3838
1916,6.9639,12.1904
1928,7.1650,12.5635
1940,6.8623,11.9463
1952,6.7988,11.1797
1964,6.9424,12.0430
1976,6.9043,12.3252
1988,7.0449,13.5156
2000,6.8818,12.1934
2012,6.9814,12.2344
2024,7.1543,12.3096
2036,6.9912,12.1201
2048,7.1016,60.6494
2060,8.6016,14.4189
2072,8.1719,13.9014
2084,8.1865,13.3379
2096,8.2285,14.2979
2108,8.1475,13.1045
2120,8.1436,13.9199
2132,8.1025,13.0605
2144,8.2070,14.5947
2156,8.5459,14.6992
2168,8.2969,14.1641
2180,8.1553,13.4629
2192,8.0732,13.3799
2204,8.1006,13.2051
2216,8.2305,13.4844
2228,8.5273,14.6924
2240,8.0518,13.1221
2252,8.1660,13.3994
2264,8.0098,12.9297
2276,8.3242,13.7432
2288,7.9619,13.1758
2300,8.5020,14.3086
2312,8.6074,15.1182
2324,8.0918,13.4775
2336,8.2998,13.8340
2348,7.9424,12.6563
2360,8.2607,14.2109
2372,8.0859,13.0957
2384,8.5166,14.6143
2396,8.3135,13.9014
2408,8.2588,14.2197
2424,8.3398,14.6074
2440,8.3945,14.7988
2456,8.0957,13.5498
2472,8.3857,14.3252
2488,8.1143,13.2559
2504,8.4629,14.0459
2520,8.6230,14.3945
2536,8.3076,14.1016
2552,8.3691,14.0967
2568,8.4863,14.7520
2584,8.2998,13.7861
2600,7.8916,12.3740
2616,7.9834,12.9453
2632,8.2100,13.9258
2648,7.9961,13.2666
2664,8.1064,12.5879
2680,8.0049,13.0732
2696,8.2393,13.9736
2712,8.1719,13.4834
2728,8.4531,14.3730
2744,8.2148,13.8145
2760,8.4160,14.4170
2776,8.0176,12.9375
2792,8.2412,13.8340
2808,8.3809,14.0068
2824,8.0098,13.6113
2840,7.9629,13.3291
2856,8.2539,14.2324
2872,8.0088,13.3711
2888,8.4404,14.6914
2904,8.3135,14.0586
2920,7.9102,13.0381
2936,8.2549,14.3818
2952,7.8594,12.7246
2968,8.1094,13.5137
2984,8.3330,14.3447
3000,8.2129,13.3262
3016,8.3896,13.7188
3032,8.1396,13.3750
3048,8.2695,13.7725
3064,8.2363,14.2119
3080,8.6162,15.2520
3096,8.3086,14.1533
3112,8.2676,13.7666
3128,8.0098,13.2891
3144,8.2949,14.6289
3160,8.1553,13.8301
3176,8.3682,14.3691
3192,8.2959,13.9424
3208,8.1279,13.4199
3228,8.1973,13.9727
3248,8.0938,14.5508
3268,8.1416,14.4766
3288,8.3916,14.4434
3308,8.1201,13.8633
3328,8.5088,14.5439
3348,8.4307,14.3086
3368,8.4268,14.9502
3388,8.1445,14.7295
3408,8.4766,15.0371
3428,8.2822,19.1377
3448,8.3301,14.1299
3468,8.4453,14.7988
3488,8.1924,14.1670
3508,8.3203,13.8037
3528,8.2529,14.6523
3548,8.1982,14.3076
3568,8.3486,14.6924
3588,8.2314,15.1650
3608,8.4512,15.0381
3628,8.5391,15.3594
3648,8.0254,13.6973
3668,8.2148,14.2607
3688,8.1953,13.8906
3708,8.4775,15.4785
3728,8.2705,15.0811
3748,8.2637,15.0381
3768,8.2314,14.5596
3788,8.3613,14.7842
3808,7.9434,13.1592
3828,8.1367,13.7881
3848,8.4629,15.0801
3868,8.1514,14.5840
3888,8.5518,13.8701
3908,8.0244,13.8770
3928,8.2412,14.5947
3948,8.1855,14.3994
3968,8.1162,13.9092
3988,7.8486,13.2070
4008,8.2227,13.9922
4032,8.2607,15.0762
4056,8.1680,14.5049
4080,8.1338,14.6563
4104,10.6328,16.6787
4128,10.2383,16.1436
4152,10.2275,16.3320
4176,10.2715,15.8945
4200,10.2324,16.3291
4224,9.8857,16.3359
4248,9.2959,15.0723
4272,9.6387,16.6289
4296,9.5557,15.6162
4320,9.3525,15.0117
4344,9.2744,15.0137
4368,9.1445,14.8174
4392,9.2412,15.0771
4416,9.1348,18.9102
4440,9.4365,15.6533
4464,9.5391,15.6807
4488,9.1006,14.8838
4512,9.2354,15.0391
4536,9.2432,14.8408
4560,9.4775,15.2715
4584,9.2705,14.9326
4608,9.3320,15.7549
4632,9.3525,15.2324
4656,9.2559,15.3203
4680,9.4277,15.4375
4704,9.5420,15.3887
4728,9.5029,15.2051
4752,9.4023,15.2754
4776,9.1982,15.3838
4800,9.0225,14.0195
4824,9.0146,14.7188
4852,9.4072,15.5098
4880,9.0566,14.4072
4908,9.3271,14.8086
4936,9.0850,14.8291
4964,9.2178,15.1514
4992,9.3418,14.9980
5020,9.1035,14.3291
5048,9.2695,14.8506
5076,9.8545,15.8232
5104,9.4326,15.7129
5132,9.5869,15.7520
5160,9.1572,14.6104
5188,9.3213,15.2275
5216,9.1436,15.0518
5244,9.1689,14.5127
5272,9.3398,15.2188
5300,9.3027,15.1074
5328,9.1426,14.5508
5356,9.0518,14.9932
5384,9.3262,15.1455
5412,9.1963,22.6055
5440,9.8281,15.8398
5468,9.3779,14.9316
5496,9.4453,15.2725
5524,9.7500,16.3408
5552,9.0742,14.4170
5580,9.3613,14.9688
5608,9.4189,15.8945
5640,9.3770,15.5146
5672,9.4307,15.4727
5704,9.4023,15.6709
5736,9.1973,15.3975
5768,9.2217,15.5010
5800,9.2275,15.2627
5832,9.4512,16.0137
5864,9.2285,14.9395
5896,9.2041,14.9424
5928,9.0137,14.7627
5960,9.3633,15.6875
5992,9.2734,15.8301
6024,9.8076,17.1172
6056,9.3691,15.7949
6088,9.4434,15.6553
6120,9.5332,15.7783
6152,9.4199,15.5830
6184,9.3105,14.9844
6216,9.2617,15.3945
6248,9.4355,15.9971
6280,9.1680,15.2334
6312,9.2266,14.9971
6344,9.3896,15.3232
6376,9.3604,15.6846
6408,9.2734,15.6816
6444,9.1074,14.1846
6480,9.2520,15.2627
6516,9.3457,14.7383
6552,9.4287,15.7031
6588,9.4590,15.9473
6624,9.5527,16.4219
6660,9.4219,15.1133
6696,9.2324,15.4268
6732,9.1484,14.7910
6768,9.1113,14.8564
6804,9.2891,15.9336
6840,9.4561,16.1865
6876,9.2393,15.4150
6912,9.2822,15.4004
6948,9.3896,15.4883
6984,9.2383,15.6055
7020,9.1143,14.8486
7056,9.2813,15.2197
7092,9.5137,16.1094
7128,9.3877,16.0342
7164,9.4424,16.0381
7200,9.5000,16.2627
7236,9.2061,15.0996
7276,9.5029,16.1182
7316,9.8047,16.8770
7356,9.3828,16.0664
7396,9.4453,16.2588
7436,9.5391,15.6895
7476,9.1846,15.3252
7516,9.0684,14.8691
7556,9.1338,15.5059
7596,9.4561,16.1006
7636,9.3789,15.9453
7676,9.3398,14.9258
7716,8.9277,15.1152
7756,9.2432,15.3896
7796,9.5850,16.6934
7836,9.1113,15.3369
7876,9.3213,15.9473
7916,9.5635,15.9639
7956,9.0527,15.4824
7996,9.4609,16.5771
8036,9.0635,15.1465
8080,9.0918,15.4961
8124,9.5654,16.6914
8168,9.3936,16.4209
8212,10.6309,16.5732
8256,10.9453,17.8018
8300,10.7852,17.0947
8344,10.6455,17.0547
8388,10.1836,15.9697
8432,10.6162,17.1768
8476,10.7373,16.9580
8520,10.7246,16.5791
8564,11.1729,17.8281
8608,10.3662,16.6514
8652,10.2578,16.2725
8696,10.5107,16.3174
8740,10.5547,17.0469
8784,10.4912,16.4785
8828,10.0371,15.2559
8876,10.6699,16.7920
8924,10.2666,16.1631
8972,10.3838,15.5820
9020,10.6035,17.1553
9068,11.1689,17.3682
9116,10.5215,16.6709
9164,10.4082,16.4834
9212,10.6748,17.0371
9260,10.7451,17.7246
9308,10.2266,16.6035
9356,10.8057,16.6152
9404,10.1533,15.9453
9452,10.4072,16.2734
9500,10.7539,17.3447
9548,10.4297,16.9951
9596,10.6279,17.4902
9644,10.1436,16.1934
9696,10.5127,16.4424
9748,10.4912,16.7305
9800,10.5088,16.2109
9852,10.2461,16.2920
9904,10.4053,16.5537
9956,10.8447,17.1172
10008,10.5459,17.1465
10060,10.4590,16.7441
10112,10.1260,15.0811
10164,10.0889,15.5986
10216,10.1807,15.8223
10268,10.6787,17.1914
10320,10.4990,16.7939
10372,10.1758,16.2236
10424,10.7002,17.3408
10480,10.5264,16.3408
10536,10.4727,16.6836
10592,10.3359,16.9414
10648,10.4619,16.8945
10704,10.7285,17.2139
10760,10.2207,16.2891
10816,10.6348,17.5107
10872,10.7441,17.1084
10928,11.2734,16.3066
10984,10.3623,15.8018
11040,10.2012,15.6230
11096,10.6260,16.9268
11152,10.3574,16.1230
11208,10.4434,15.6572
11268,10.5020,15.7236
11328,10.6299,15.9102
11388,10.4326,16.6729
11448,10.3076,16.3945
11508,10.1982,15.8730
11568,10.5303,17.3301
11628,10.6689,17.0322
11688,10.2256,16.0098
11748,10.4268,15.9941
11808,9.9141,14.9912
11868,10.5127,17.3340
11928,10.4971,16.6504
11988,10.6016,17.5889
12048,10.6660,17.0723
12112,10.6436,16.9189
12176,10.1904,15.7822
12240,9.9316,15.7432
12304,10.4453,16.8076
12368,10.5225,16.5615
12432,10.7363,17.4707
12496,10.6660,17.4727
12560,10.2559,16.5342
12624,10.1699,16.1953
12688,10.3701,16.0684
12752,10.1934,15.9102
12816,10.5352,17.3730
12884,10.3086,15.9990
12952,10.4570,16.8770
13020,10.4004,16.2637
13088,10.9854,18.2754
13156,10.7178,18.0869
13224,9.9473,14.9111
13292,10.1758,16.0654
13360,10.9023,17.7305
13428,10.2383,15.9629
13496,10.7266,17.0596
13564,10.2227,16.8672
13632,11.7080,17.8379
13704,10.1270,15.0088
13776,10.6777,17.5000
13848,10.3691,16.1025
13920,10.9424,17.4658
13992,10.7178,16.9199
14064,10.6631,17.1895
14136,10.7148,17.0576
14208,10.1875,15.7070
14280,10.2891,16.6650
14352,10.0654,15.3809
14424,10.2910,15.7412
14500,10.4932,16.2949
14576,10.7783,17.3672
14652,10.6914,17.1650
14728,10.3125,15.9756
14804,10.1523,16.2451
14880,10.6592,17.6504
14956,10.0713,15.4209
15032,10.5420,16.7725
15108,10.3984,16.1660
15184,10.3379,17.3652
15260,10.5156,17.0225
15340,10.2422,16.0010
15420,10.6680,17.1289
15500,10.0459,15.5166
15580,10.3125,17.1426
15660,11.1650,18.4521
15740,10.4199,17.0801
15820,10.5146,17.0518
15900,10.4336,17.0137
15980,10.4873,17.7051
16060,10.5098,37.8340
16144,10.5283,16.9463
16228,11.3555,17.3477
16312,10.2051,15.6914
16396,12.2910,19.5488
16480,12.0000,18.3320
16564,12.0518,17.8398
16648,12.3340,18.5029
16732,12.0049,21.4502
16816,11.7646,18.1943
16904,11.9922,18.3691
16992,11.4355,16.8105
17080,11.6846,16.4053
17168,11.8682,17.6357
17256,11.5283,16.6758
17344,11.5947,17.7988
17432,11.4541,16.8301
17520,11.5156,17.0479
17608,12.0654,18.2998
17700,11.2988,16.6152
17792,11.6104,17.4512
17884,11.6055,17.3408
17976,11.7900,16.8672
18068,11.3877,17.0107
18160,11.2402,16.3076
18252,11.8291,17.1318
18344,11.5029,17.8887
18436,11.8516,17.2920
18532,11.7676,17.3486
18628,11.5303,17.1113
18724,11.8408,18.1094
18820,10.9043,16.0234
18916,11.4111,16.6279
19012,11.5117,16.9277
19108,11.6064,17.5908
19204,11.3359,16.4346
19304,11.6572,17.2754
19404,11.8799,18.6719
19504,11.5889,17.4971
19604,11.4072,16.9502
19704,11.0596,16.1787
19804,11.8096,17.6387
19904,11.4902,16.6025
20004,11.5166,17.2861
20108,11.2793,16.3809
20212,11.7227,17.4678
20316,11.6426,17.5244
20420,11.2607,16.2236
20524,11.7129,17.5723
20628,11.8828,17.5234
20732,11.4629,17.5488
20836,11.9561,18.0186
20944,11.5645,17.0781
21052,11.6016,16.9668
21160,11.3086,16.6758
21268,11.7998,17.0518
21376,11.2705,15.9736
21484,11.6094,16.9766
21592,11.1484,15.8574
21700,11.6787,17.3389
21812,11.1357,16.2646
21924,11.3760,16.5645
22036,11.5791,17.1934
22148,11.6729,17.0088
22260,11.5332,16.5830
22372,11.4316,16.9678
22484,11.3301,16.6396
22600,11.7822,17.3750
22716,11.3945,15.8896
22832,11.3604,16.5674
22948,11.5869,17.4922
23064,11.8691,17.7939
23180,11.7002,17.4912
23296,12.0020,17.7324
23416,11.6064,16.0996
23536,11.3770,16.8984
23656,11.8027,17.6357
23776,12.0176,18.1348
23896,11.3311,16.5313
24016,11.0840,16.5469
24140,11.8184,18.0713
24264,11.2734,16.0605
24388,11.0674,15.9941
24512,11.6504,17.2188
24636,11.7100,17.3408
24760,11.2529,16.5107
24884,11.3623,16.8584
25012,11.5986,17.6807
25140,11.5215,17.3105
25268,11.4521,17.0645
25396,11.4521,17.3301
25524,11.4766,16.8525
25652,11.3633,16.8389
25784,11.6807,17.5332
25916,11.8672,17.8184
26048,11.4170,16.7988
26180,11.4961,16.9033
26312,11.7764,18.1768
26444,11.5508,17.8477
26580,11.1807,16.3184
26716,11.6748,18.1143
26852,11.4316,17.4600
26988,11.2275,16.7432
27124,11.6201,17.3750
27260,11.5645,17.6846
27400,11.5342,17.2959
27540,10.9951,16.2822
27680,11.5869,17.2109
27820,11.4521,17.2588
27960,11.7705,17.7627
28100,11.4268,16.6689
28244,11.2402,16.5313
28388,12.1221,18.7725
28532,11.4697,17.2656
28676,11.3418,16.7510
28820,11.3291,16.7451
28968,11.8320,17.6650
29116,11.1162,17.0283
29264,11.2227,17.2852
29412,11.3906,16.9619
29560,11.3271,16.6211
29708,11.5195,17.6396
29860,11.1006,16.1426
30012,11.6201,17.9619
30164,10.9229,15.6855
30316,11.2949,17.6162
30468,11.3408,16.6797
30624,11.4404,17.0264
30780,11.3672,17.1777
30936,11.4541,17.6504
31092,11.6650,18.1396
31248,11.0225,16.2510
31408,11.7168,18.6162
31568,11.9512,19.3213
31728,11.7471,17.6484
31888,11.5527,17.5908
32048,11.2695,16.6279
32212,11.3301,17.8232
32376,11.2852,16.8525
32540,11.6152,17.5273
32704,11.4639,17.2305
32868,13.5098,18.3125
33036,13.4238,18.4668
33204,12.9502,17.4277
33372,13.2354,18.4180
33540,13.2178,18.3887
33708,13.8633,19.4385
33880,13.0586,17.6895
34052,13.1787,17.6855
34224,12.7236,17.6816
34396,13.2275,18.1680
34568,13.2363,18.5391
34744,12.7637,17.1494
34920,13.3008,18.0566
35096,13.1582,18.0137
35272,13.1807,18.2109
35452,13.1523,17.7959
35632,13.0273,17.7861
35812,13.3711,18.6211
35992,12.8613,17.1250
36172,12.6914,18.1416
36356,13.1094,18.9424
36540,12.7490,16.8613
36724,13.0049,18.4590
36908,12.7334,17.8555
37096,12.4824,17.7109
37284,12.6445,17.8076
37472,12.8486,17.6846
37660,12.2754,17.2480
37852,12.3398,17.2314
38044,13.1133,19.1250
38236,12.4287,17.3701
38428,12.9902,18.4404
38624,12.9473,18.7275
38820,13.0801,18.5283
39016,12.5459,17.6914
39212,13.1748,19.1406
39412,12.9805,18.9268
39612,13.0811,18.2305
39812,12.4824,17.4131
40012,12.9834,18.3350
40216,21.2227,17.4385
40420,12.5020,17.5010
40624,12.3223,17.5938
40828,12.6123,17.6387
41036,13.1602,19.1465
41244,13.0176,18.8428
41452,12.3818,17.7900
41660,12.8125,18.9590
41872,12.8916,18.2363
42084,13.1807,19.6289
42296,12.5049,17.6064
42508,12.6865,17.5117
42724,12.8887,18.4697
42940,12.9854,18.3809
43156,12.5801,17.0918
43372,13.0049,17.6631
43592,13.0479,17.8535
43812,12.8408,18.3008
44032,13.2773,18.2881
44256,12.8447,17.5781
44480,13.0078,18.3730
44704,12.5361,17.2451
44928,12.8154,18.1182
45156,12.8984,18.7441
45384,12.8955,18.2324
45612,12.4844,17.5400
45844,12.8574,18.6016
46076,12.7881,17.6719
46308,12.6621,18.2178
46540,12.8467,18.5254
46776,13.3516,19.0264
47012,12.5029,17.3916
47248,13.1543,19.2031
47488,12.7256,18.2422
47728,12.5430,17.7100
47968,12.4092,17.3428
48208,12.6650,18.0986
48452,12.0469,16.7695
48696,12.3584,17.3838
48940,12.9795,19.5879
49188,13.2168,18.7686
49436,13.0625,18.5645
49684,12.6680,17.6289
49936,12.8018,18.2266
50188,12.9941,19.0078
50440,12.4268,17.5605
50696,12.9834,18.2422
50952,12.6182,18.1963
51208,12.5615,17.7969
51468,12.6230,17.7529
51728,12.7627,18.0645
51988,13.0137,18.7402
52248,12.9170,17.9893
52512,13.1660,19.0117
52776,12.3037,16.9316
53040,12.6729,18.0039
53308,12.6328,17.9844
53576,12.9971,18.5205
53844,13.0205,19.1494
54116,13.3994,18.8887
54388,12.7109,18.1299
54660,12.0791,16.7510
54936,13.1113,19.3779
55212,12.6377,18.2705
55492,12.9902,18.5527
55772,13.5273,20.1563
56052,12.8018,18.3936
56336,12.8291,18.4277
56620,12.4863,17.7275
56904,12.7852,18.7646
57192,13.1494,19.1611
57480,12.9189,18.7676
57768,12.3535,17.4014
58060,12.9121,19.5283
58352,12.4756,18.1729
58644,12.9893,18.9541
58940,13.2393,18.9189
59236,13.0566,18.7070
59536,13.5264,20.4609
59836,12.9570,18.9092
60136,12.5879,18.0244
60440,13.2676,19.4082
60744,13.1064,19.8252
61048,13.0156,19.5742
61356,13.1055,19.5840
61664,13.2188,20.6729
61976,12.6250,18.1934
62288,12.7568,18.8516
62600,12.9258,18.2744
62916,12.5381,17.6641
63232,13.0107,20.2666
63552,13.1445,18.3750
63872,13.1504,19.7109
64192,13.2744,19.4404
64516,12.6406,19.2197
64840,12.9443,19.2080
65168,12.8213,18.1270
65496,13.1201,18.9248
65824,19.1924,20.8779
66156,13.8652,18.0381
66488,15.2578,20.1602
66824,16.0537,21.4219
67160,15.1738,20.1758
67496,14.6143,18.8604
67836,14.6592,19.4893
68176,14.1875,18.8213
68520,14.7549,19.3350
68864,14.5186,19.2002
69212,15.2207,20.1865
69560,14.0908,18.8135
69908,15.2529,19.7188
70260,15.0498,19.7354
70612,14.5254,19.6191
70968,14.5391,19.4287
71324,14.3389,18.6172
71684,14.7598,20.2324
72044,14.0156,19.1045
72408,14.1816,19.8252
72772,14.0684,19.7236
73136,14.2383,19.3359
73504,14.0508,19.5977
73872,13.8398,19.3242
74244,14.3066,19.8828
74616,14.2510,19.6582
74992,13.9668,19.0293
75368,13.9463,18.8750
75748,14.0713,19.3291
76128,13.8086,19.0078
76512,14.4824,19.6855
76896,13.8584,18.9229
77284,14.1387,19.8506
77672,14.4658,41.1348
78064,15.0293,20.7783
78456,14.2021,19.8457
78852,13.9268,19.0156
79248,13.6865,18.6084
79648,14.6641,20.0928
80048,13.7725,18.5537
80452,14.4922,20.3545
80856,14.1240,19.2588
81264,14.2256,19.3975
81672,14.5410,20.6377
82084,13.5361,18.0186
82496,14.5361,20.0732
82912,14.0977,19.1289
83328,13.9502,19.5400
83748,14.6133,19.4854
84168,13.6758,18.2100
84592,13.8750,19.2744
85016,14.0361,19.0059
85444,14.3486,19.5254
85872,14.6094,20.4590
86304,14.1670,19.3311
86736,13.6582,18.2842
87172,14.0635,19.2070
87608,13.7744,18.6035
88048,14.4229,20.1025
88492,14.1914,19.2402
88936,14.4395,20.5010
89384,14.4717,20.0977
89832,14.4238,53.4854
90284,13.5449,18.5146
90736,14.6943,20.8115
91192,14.3994,20.4629
91648,13.6426,18.7529
92108,13.9482,18.9893
92572,13.8926,19.2178
93036,14.1279,18.5938
93504,14.8008,20.6572
93972,14.5977,20.1250
94444,14.0361,19.7119
94920,14.2070,19.5723
95396,14.2334,18.5889
95876,13.7900,18.8643
96356,14.2559,20.0742
96840,13.8936,19.8760
97328,14.2266,20.1416
97816,14.5293,20.9814
98308,13.9336,18.9170
98800,14.2139,25.3086
99296,13.7813,18.8662
99796,14.5850,20.3350
100296,14.3623,19.4316
100800,14.3643,20.0889
101304,14.0117,19.0195
101812,14.2930,20.1279
102324,14.0615,20.3623
102836,14.1660,23.9775
103352,14.5547,20.8848
103872,14.2012,19.9951
104392,14.0752,19.3008
104916,14.4814,20.8115
105444,13.9863,19.3926
105972,14.2939,20.1943
106504,14.1299,19.2109
107040,14.4756,20.7080
107576,13.8848,19.0361
108116,14.1816,19.8359
108660,14.7686,20.8447
109204,18.5840,19.1191
109752,14.0889,19.8818
110304,14.0605,19.5137
110856,14.6084,20.2422
111412,14.3213,20.2129
111972,14.2178,20.5391
112532,14.0215,19.3828
113096,14.6729,21.9307
113664,14.6846,20.5645
114236,14.2031,20.3887
114808,14.2617,20.3242
115384,13.9717,19.0791
115964,14.0723,19.4785
116544,14.4639,19.6318
117128,14.1465,20.1895
117716,14.6953,21.0586
118308,13.1250,17.3887
118900,14.1201,20.0801
119496,14.1621,19.8945
120096,14.1328,28.2100
120700,14.2598,20.0957
121304,14.2432,20.2520
121912,14.7217,20.8486
122524,13.7686,18.5977
123140,14.0000,19.5439
123756,14.3916,20.0742
124376,14.4873,20.8428
125000,14.0303,19.2539
125628,14.1309,20.0498
126260,14.0889,19.9346
126892,14.6094,20.7764
127528,13.5840,19.0332
128168,14.6426,20.4922
128812,14.4424,20.1230
129460,14.4023,20.0439
130108,14.2305,19.7432
130760,13.5957,18.9775
131416,17.1309,22.8916
132076,16.6807,22.0957
132740,16.3564,22.5049
133404,15.5518,20.7754
134072,15.7012,20.6592
134744,15.9131,20.9453
135420,15.4785,20.7393
136100,16.2236,21.6514
136784,15.7041,21.1660
137468,15.1689,20.6787
138156,15.0303,20.0781
138848,15.4248,20.5977
139544,16.5234,22.0527
140244,14.4111,18.2666
140948,16.1074,21.5469
141656,17.0098,24.0205
142368,16.9785,22.5137
143080,15.9160,20.5566
143796,16.2979,20.6504
144516,21.5771,21.3896
145240,15.8838,21.6211
145968,15.7998,21.7939
146700,15.5313,20.9092
147436,16.6035,22.3301
148176,15.1221,20.6240
148920,15.1738,20.3955
149668,15.5908,21.5068
150420,15.6797,21.1787
151176,15.6201,30.4414
151932,15.1387,19.4043
152692,15.3232,20.5547
153456,15.6475,20.3535
154224,16.2324,21.9453
154996,15.5420,20.5010
155772,15.5791,22.3486
156552,15.5859,20.8945
157336,15.6777,21.1123
158124,16.6934,23.4375
158916,15.4922,20.6055
159712,16.0166,21.7910
160512,15.8291,21.6055
161316,15.8867,21.3965
162124,15.6055,21.3809
162936,15.7090,20.2803
163752,16.3750,22.2598
164572,94.0830,21.7471
165396,15.0449,20.0107
166224,15.5313,20.5977
167056,15.4004,20.0693
167892,15.0732,20.0488
168732,15.1895,21.1992
169576,15.6514,21.2168
170424,15.9531,22.1816
171280,15.3799,20.8223
172140,15.5605,21.6191
173004,16.2031,22.6885
173872,15.6768,21.7529
174744,16.5479,22.5195
175620,15.2979,20.6553
176500,15.5664,21.1768
177384,16.0762,22.5664
178272,15.7725,22.2715
179164,15.8330,21.2646
180060,15.4121,20.7295
180964,15.3467,20.6816
181872,15.2695,20.5996
182784,15.9355,21.3438
183700,15.8330,21.1943
184620,16.6201,23.8604
185544,15.3066,20.4824
186472,22.8027,26.5352
187408,16.0117,21.6807
188348,15.1104,20.6074
189292,16.4746,20.9678
190240,15.8418,21.5928
191192,15.5752,29.8887
192148,15.2373,20.5313
193112,15.7979,21.3281
194080,28.6650,20.5889
195052,16.3242,26.6396
196028,18.0225,24.5244
197012,16.6406,22.7676
198000,15.5381,21.2783
198992,15.5342,21.8105
199988,15.8271,22.3350
200988,16.0615,21.8340
201996,41.7441,28.4961
203008,19.8174,27.0391
204024,16.3096,22.5576
205048,16.1348,23.0967
206076,16.3018,22.4424
207108,15.9961,21.9424
208144,15.4551,20.9980
209188,15.9346,21.7275
210236,16.6807,23.9805
211288,15.2764,20.5752
212348,16.5957,22.8916
213412,15.6865,21.6533
214480,15.3506,22.2725
215556,16.6113,22.9404
216636,16.0029,21.6162
217720,15.1592,20.3877
218812,15.5576,21.6104
219908,15.0391,20.5938
221008,15.6250,21.7520
222116,15.3770,21.6299
223228,16.1924,22.5029
224348,16.0176,22.0850
225472,16.0391,21.6494
226600,16.1885,22.8604
227736,16.1309,21.6563
228876,16.1641,23.2354
230024,15.2617,20.9160
231176,15.2646,20.2266
232332,15.3232,21.4072
233496,16.2061,22.9727
234664,15.5869,21.9150
235840,15.7021,22.9570
237020,16.9336,23.4600
238208,15.8574,22.6338
239400,15.3223,21.1309
240600,15.3164,20.8457
241804,15.7646,22.0889
243016,16.4531,23.3789
244232,16.5459,23.3789
245456,15.9854,22.0898
246684,15.3516,21.1846
247920,16.3887,22.9600
249160,15.4629,22.2227
250408,16.1865,22.1328
251664,16.2959,22.7412
252924,15.0645,20.4072
254192,14.8057,19.7363
255464,15.9170,21.9658
256744,15.6865,27.2676
258028,16.1270,22.6016
259320,15.8906,22.2520
260620,16.3398,22.8838
261924,15.8164,22.0449
263236,17.2949,24.4189
264556,17.0723,22.6680
265880,17.9502,24.4570
267212,17.6709,23.7051
268552,17.0508,22.8984
269896,16.9131,21.5508
271248,17.6719,23.5264
272608,16.8828,21.8301
273972,16.9082,22.2354
275344,16.6133,20.8174
276724,16.5898,21.6543
278108,16.7246,44.9824
279500,19.3184,23.0107
280900,17.3848,21.9375
282308,17.7646,22.3516
283720,17.7051,23.8887
285140,16.5098,22.1133
286568,17.1299,23.0820
288004,16.6758,21.6162
289448,16.2725,21.0430
290896,16.4385,21.2295
292352,16.6611,21.9434
293816,16.1992,20.9600
295288,16.7617,22.3047
296768,16.8633,22.5371
298252,16.7568,21.8594
299744,16.7617,22.3555
301244,17.0400,45.4131
302752,17.5283,23.2070
304268,17.5850,23.3467
305792,17.3652,23.6797
307324,16.7148,20.8115
308864,16.8525,20.7305
310412,16.5615,22.1777
311968,17.5684,23.7607
313528,16.8271,21.4082
315096,16.7598,21.7764
316672,16.1641,21.2188
318256,17.7822,23.2412
319848,16.9121,26.3604
321448,17.4570,23.2314
323056,44.4258,21.8760
324672,16.9707,22.0645
326296,16.8633,22.1113
327928,16.4912,25.8076
329568,16.8154,23.4775
331216,16.7842,22.0928
332876,16.8467,22.3457
334544,15.8262,20.8418
336220,16.1270,21.7227
337904,17.0977,23.1309
339596,17.5273,23.5420
341296,17.0391,22.5986
343004,16.4102,21.3711
344720,15.9102,20.0723
346444,16.7002,21.6514
348180,17.2344,23.3262
349924,16.6211,21.9766
351676,17.7686,21.9590
353436,18.6016,24.7939
355204,17.6563,23.2471
356984,17.1602,22.7969
358772,16.7832,22.4287
360568,16.7988,21.7588
362372,16.2324,20.9746
364184,16.8525,22.6035
366008,16.7744,22.9199
367840,15.5596,20.4600
369680,16.8994,22.5986
371532,16.6924,21.6396
373392,16.2900,21.4121
375260,16.1309,20.9834
377140,16.8945,22.7910
379028,17.6816,23.9551
380924,16.6729,22.5898
382832,17.3838,23.6621
384748,17.6621,23.4590
386672,16.4648,21.9033
388608,17.1563,22.1621
390552,16.9619,22.4170
392508,17.7686,23.0918
394472,17.3926,23.2705
396448,16.1934,21.4404
398432,17.1484,23.4883
400428,16.6602,21.5537
402432,17.1406,22.9131
404448,16.4541,21.6982
406472,16.8311,23.0215
408508,16.6064,21.5098
410552,18.3975,25.0293
412608,17.1885,22.5615
414672,16.9160,22.1494
416748,18.0859,24.0234
418832,17.6318,23.5078
420928,17.2705,22.6143
423036,16.7822,22.2510
425152,16.8672,21.8213
427280,16.8271,21.7949
429420,16.7432,21.5547
431568,17.0742,23.4395
433728,17.5566,23.9277
435900,17.4551,23.7227
438080,17.9854,23.3252
440272,17.3779,22.9590
442476,17.2500,23.2148
444692,17.2656,23.1787
446916,16.5674,22.6982
449152,16.8477,22.4492
451400,17.7979,23.8096
453660,16.9873,22.8164
455932,17.7393,24.1064
458212,16.9912,22.2383
460504,16.9131,22.9160
462808,17.6113,23.6699
465124,17.2051,23.1689
467452,17.0469,22.1865
469792,17.4824,23.3506
472144,17.2686,22.9658
474508,23.6514,23.6553
476884,17.0771,23.4736
479272,17.5322,23.6670
481672,17.3564,23.2695
484084,17.7119,23.9316
486508,17.1143,22.6191
488944,17.7129,23.7793
491392,16.8701,22.4844
493852,16.8916,22.4238
496324,17.4727,23.1885
498808,16.9424,22.3633
501304,17.0898,23.8359
503812,17.3271,23.2754
506332,16.8447,21.8633
508864,17.1699,23.0557
511412,17.9287,24.0918
513972,17.5957,24.5762
516544,17.0361,22.4502
519128,18.3135,25.2334
521724,18.1143,24.7988
524336,21.6777,28.5547
526960,18.6133,25.5820
529596,19.5010,27.0869
532244,18.3643,24.4346
534908,19.0068,25.5840
537584,19.1699,26.0723
540272,18.1143,24.0869
542976,19.2568,24.8877
545692,18.8711,24.7617
548424,18.4258,23.3232
551168,19.3174,24.7578
553924,19.8750,26.6445
556696,17.9717,23.1436
559480,18.0527,24.2744
562280,19.0840,24.7217
565092,18.7148,23.8398
567920,18.8750,24.6553
570760,18.8359,23.6367
573616,18.3291,22.8975
576488,18.6563,24.1680
579372,18.8223,24.8320
582272,18.9395,24.9209
585184,18.6201,24.3711
588112,19.8389,26.0391
591056,18.7197,24.3232
594012,18.1846,23.6309
596984,18.6230,23.6240
599972,18.5430,24.2188
602972,19.0215,24.5264
605988,18.7539,24.5313
609020,19.0586,24.7920
612068,17.8652,23.1377
615132,18.2012,23.1895
618208,18.8057,24.0547
621300,19.2031,24.8027
624408,19.3525,26.1660
627532,19.2275,25.3281
630672,18.3418,23.6660
633828,19.7383,25.6611
637000,20.1377,25.7656
640188,27.0381,25.7031
643392,19.4160,25.5879
646612,18.4854,24.0068
649848,18.9160,24.2510
653100,18.9297,24.4170
656368,18.6895,24.0625
659652,19.1094,24.6836
662952,19.0215,24.3018
666268,19.0732,25.8691
669600,19.4502,26.5703
672948,20.3301,27.2217
676316,18.8438,25.4189
679700,18.5381,24.1904
683100,18.7646,24.9883
686516,19.2773,25.3809
689952,18.9551,25.3564
693404,18.9160,24.7910
696872,17.9199,23.0254
700360,18.5830,24.6201
703864,19.8945,26.4570
707384,19.3145,25.4922
710924,19.7246,26.6211
714480,18.5430,23.8545
718056,19.2217,26.0586
721648,18.6504,24.4199
725260,18.7871,24.4561
728888,19.1875,24.7910
732536,19.4854,24.9346
736200,19.7920,25.7344
739884,19.0547,24.5566
743584,19.3584,25.3457
747304,18.4590,23.1338
751044,19.2334,25.2832
754800,19.5176,26.2588
758576,18.5273,24.3994
762372,18.7285,24.1582
766184,19.8506,25.8193
770016,18.0742,23.2061
773868,17.9248,22.8828
777740,19.4248,23.7725
781632,18.0801,23.1563
785544,20.1650,25.9570
789472,19.1172,25.9561
793420,19.6504,25.8184
797388,19.4736,25.2988
801376,19.4102,25.2109
805384,19.7695,25.4336
809412,19.6104,25.3252
813460,19.4971,25.2080
817528,19.5684,26.1602
821616,19.2354,34.9658
825728,18.7832,24.4697
829860,19.3301,24.7031
834012,18.5303,24.7549
838184,19.6631,26.0557
842376,19.0098,24.9668
846588,20.3623,28.2617
850824,21.7461,25.0146
855080,18.9883,24.3896
859356,19.9336,26.2686
863656,20.5166,26.9043
867976,20.4707,26.7373
872316,18.8652,24.1123
876680,19.3721,24.5693
881064,19.1924,24.7178
885472,19.3408,25.2393
889900,19.1182,25.2949
894352,19.0020,24.2725
898824,18.9531,23.9912
903320,18.9326,24.5723
907840,19.9395,25.9502
912380,19.4199,25.3936
916944,18.7070,23.9355
921532,19.8936,25.2725
926140,19.5547,25.1611
930772,19.4521,25.5586
935428,19.2705,24.2686
940108,19.8848,27.4990
944812,19.5537,25.6523
949540,19.3730,25.8936
954288,19.7773,26.1680
959060,19.4746,25.7900
963856,19.2148,24.7314
968676,19.9180,25.7500
973520,17.9199,23.6602
978388,19.3955,26.2119
983280,19.4541,25.5234
988200,19.2734,24.9971
993144,19.4775,25.2080
998112,19.7588,26.2578
1003104,19.6279,25.5059
1008120,19.3594,24.8428
1013164,19.3066,25.6680
1018232,19.7998,26.7969
1023324,20.0176,26.2520
1028444,18.7637,24.3643
1033588,19.3848,25.2432
1038756,19.3115,25.0811
1043952,19.2471,24.5908
1049172,22.2734,27.5117
1054420,21.0264,25.7119
1059696,21.2344,25.8145
1064996,22.4346,28.1689
1070324,23.4102,26.8438
1075676,21.0498,26.6611
1081056,20.2910,26.0156
1086464,20.8379,26.2236
1091900,21.5732,27.5068
1097360,20.9482,27.0928
1102848,21.0850,27.0508
1108364,20.8672,27.2891
1113908,21.0830,34.0645
1119480,22.0381,31.6357
1125080,21.4355,27.0928
1130708,21.9199,28.4492
1136364,21.3320,26.6143
1142048,21.4932,26.4609
1147760,20.0371,24.5879
1153500,21.0684,25.9023
1159268,21.2119,25.9990
1165068,21.8418,27.1670
1170896,20.8457,27.1738
1176752,20.5732,25.5977
1182636,21.2900,27.1748
1188552,21.8447,28.1572
1194496,21.1592,26.7510
1200472,21.0918,26.6973
1206476,21.3994,26.8047
1212512,21.1035,26.7324
1218576,21.4268,27.4482
1224672,20.0508,24.7441
1230796,21.6504,27.5879
1236952,21.2871,26.4941
1243140,20.6299,26.2559
1249356,20.9336,26.9238
1255604,20.8604,27.0244
1261884,22.0977,27.6426
1268196,22.3311,28.4141
1274540,21.4443,27.4570
1280916,28.3652,29.7617
1287324,22.3506,27.6133
1293764,20.9531,26.6025
1300236,21.0576,26.8408
1306740,21.1592,26.4365
1313276,21.0342,26.4219
1319844,21.1240,26.9033
1326444,21.9805,28.7393
1333080,22.4531,27.7461
1339748,21.8398,28.6084
1346448,21.3018,29.7725
1353184,21.9199,27.5488
1359952,22.2852,27.7334
1366752,22.1240,27.8164
1373588,23.2324,28.6553
1380456,22.6611,27.8428
1387360,21.2412,27.1484
1394300,23.1670,29.4297
1401272,22.3008,28.0537
1408280,22.2773,35.3447
1415324,21.7061,27.3730
1422404,22.2588,29.3604
1429520,23.0957,29.3184
1436668,21.9121,27.6338
1443852,23.0117,29.2266
1451072,23.1846,29.6016
1458328,22.0762,28.3311
1465620,21.1084,26.2842
1472952,21.9863,27.7383
1480320,22.5234,28.1719
1487724,21.7295,27.8877
1495164,22.3770,27.6250
1502640,22.3125,29.5693
1510156,22.5293,28.7041
1517708,21.8936,28.3984
1525300,23.7471,29.9941
1532928,22.7148,29.7451
1540596,21.5557,27.2383
1548300,22.1357,28.2676
1556044,22.7998,29.1250
1563828,20.9043,26.3184
1571648,22.5225,28.8232
1579508,22.1611,28.7246
1587408,23.1973,28.8379
1595348,22.7686,28.9873
1603328,28.2793,28.3262
1611348,22.8984,28.6563
1619408,23.3105,29.1416
1627508,21.8838,27.8975
1635648,22.1846,27.9268
1643828,22.0264,28.2939
1652048,21.5410,27.1172
1660312,21.3760,26.8604
1668616,22.0195,28.5439
1676960,21.8184,27.0322
1685348,20.6934,26.1494
1693776,58.5391,28.7129
1702248,32.3916,28.3105
1710760,22.2510,27.8066
1719316,31.2568,27.3145
1727916,22.6318,28.7207
1736556,21.8467,27.1426
1745240,20.5498,25.7354
1753968,22.7695,28.7178
1762740,21.4785,27.0889
1771556,22.2920,28.6006
1780416,23.4785,30.0498
1789320,24.4307,31.3369
1798268,22.0449,27.3418
1807260,22.2275,27.3428
1816300,22.5430,28.2109
1825384,23.8438,31.3525
1834512,23.7197,30.7734
1843688,23.7656,30.4961
1852908,22.0508,28.0830
1862176,21.9727,28.2373
1871488,22.0244,27.6738
1880848,22.8906,29.0234
1890256,23.2119,28.7363
1899708,23.8291,30.6006
1909208,21.4092,28.4131
1918756,22.6123,28.8037
1928352,23.8711,30.6875
1937996,22.0664,28.1113
1947688,22.1826,28.1924
1957428,22.5039,28.5352
1967216,23.0156,30.2471
1977056,24.1377,30.7070
1986944,24.7100,31.9023
1996880,22.4756,29.1484
2006868,23.8291,30.2861
2016904,22.6680,28.8311
2026992,23.2178,29.7539
2037128,23.0234,29.3613
2047316,22.8496,29.2100
2057556,24.1572,30.4170
2067844,23.0342,28.6631
2078184,23.9082,30.6250
2088576,23.5049,28.2725
2099020,26.0684,33.3701
2109516,24.5371,29.9609
2120064,25.6064,32.0527
2130668,24.1953,29.8408
2141324,24.6113,30.0811
2152032,25.2881,32.3115
2162796,24.4932,30.1875
2173612,25.5234,31.6250
2184484,23.9375,30.7822
2195408,24.5605,31.0195
2206388,25.8418,33.0078
2217420,25.7393,32.5703
2228508,25.0850,31.6748
2239652,24.8945,31.5771
2250852,25.3066,33.0342
2262108,24.5117,30.8887
2273420,24.7314,30.7676
2284788,24.0547,30.4043
2296212,25.2373,31.8213
2307696,24.8789,30.8643
2319236,25.0361,32.0547
2330836,24.4209,30.9746
2342492,25.1484,32.1396
2354208,25.7969,31.7588
2365980,25.3750,32.3574
2377812,24.9912,31.1895
2389704,26.1455,32.2451
2401656,38.4131,29.6738
2413668,24.4541,30.7959
2425740,25.8525,34.4697
2437872,25.0547,32.4648
2450064,24.7441,31.8105
2462316,23.7773,30.2266
2474628,24.1953,30.2402
2487004,26.4326,34.1738
2499440,23.9883,30.8057
2511940,24.3115,30.8574
2524500,24.6357,31.1133
2537124,25.2480,32.7168
2549812,25.0547,32.0117
2562564,24.4648,31.9346
2575380,25.4844,32.7520
2588260,24.7725,31.1230
2601204,24.1719,30.6846
2614212,24.0303,30.5566
2627284,23.1602,29.2363
2640424,22.6475,28.3506
2653628,24.7217,31.7021
2666900,26.0410,33.7041
2680236,24.6543,31.6582
2693640,25.1338,33.8818
2707112,23.5791,30.5254
2720648,25.6064,33.8799
2734252,23.4531,29.8730
2747924,25.7461,32.8379
2761664,25.4277,31.4717
2775476,24.4072,31.2637
2789356,24.3438,30.6963
2803304,25.9541,32.9141
2817324,24.6396,31.1172
2831412,24.8838,29.7988
2845572,25.9834,31.6143
2859800,25.6670,32.8262
2874100,33.1113,29.6982
2888472,25.2744,33.3955
2902916,25.0840,32.7705
2917432,25.2881,32.2383
2932020,24.9941,32.5840
2946684,24.8760,32.1865
2961420,24.1924,31.2207
2976228,25.9971,34.3174
2991112,25.8975,33.6777
3006068,26.5635,34.3252
3021100,25.6553,36.9951
3036208,26.8086,34.7578
3051392,24.0469,30.5439
3066652,25.3916,32.4883
3081988,25.4629,33.0215
3097400,25.1738,32.1602
3112888,25.3789,33.2734
3128456,25.0313,32.1934
3144100,25.4902,32.7891
3159824,26.7510,34.2471
3175624,25.2334,33.2021
3191504,25.6602,32.4004
3207464,25.4941,32.1738
3223504,25.2920,33.0557
3239624,26.0449,33.4082
3255824,25.4346,32.1963
3272104,25.1006,31.5879
3288468,25.8535,33.5400
3304912,25.5020,33.9043
3321440,25.9395,28.9424
3338048,24.5215,31.6982
3354740,25.0322,33.0313
3371516,26.5117,33.3848
3388376,25.0029,32.4980
3405320,25.4648,33.1133
3422348,24.5332,30.8604
3439460,25.0791,32.7188
3456660,26.0654,32.6465
3473944,24.9453,31.4492
3491316,26.8389,34.5576
3508776,26.2090,33.2402
3526320,25.3770,31.9248
3543952,25.7256,32.6846
3561672,25.6133,32.4912
3579484,25.7578,32.6758
3597384,32.5449,35.4805
3615372,26.9590,35.0439
3633452,27.4863,35.5840
3651620,27.5488,34.6777
3669880,27.6895,36.4766
3688232,25.9443,33.1260
3706676,27.3330,34.8701
3725212,27.0781,34.6719
3743840,25.7959,37.0020
3762560,25.4639,32.1309
3781376,25.6426,32.5820
3800284,26.7256,35.3320
3819288,29.4063,38.9941
3838388,28.2920,36.4609
3857580,27.7002,38.1045
3876868,26.8115,33.5742
3896256,27.5469,34.8613
3915740,27.4238,37.4590
3935320,27.9736,35.6035
3955000,25.5635,32.7207
3974776,27.6279,36.2266
3994652,27.4521,35.0625
4014628,28.2910,36.2021
4034704,27.2959,34.7852
4054880,30.1074,36.0137
4075156,27.5654,36.4844
4095532,26.0635,34.6738
4116012,30.6689,40.6719
4136596,27.6826,36.0596
4157280,27.1699,34.5713
4178068,26.2227,34.2842
4198960,30.6221,37.7266
4219956,28.5254,35.0986
4241056,28.4346,35.0020
4262264,29.5762,37.1387
4283576,28.7363,35.6816
4304996,32.5713,37.4199
4326524,28.5127,34.6904
4348160,29.5117,37.4873
4369904,27.7051,33.8398
4391756,28.1123,34.9736
4413716,29.1104,34.6865
4435788,29.4053,35.9434
4457968,28.0283,33.7969
4480260,30.2002,37.0117
4502664,33.2949,36.6367
4525180,29.6172,39.0859
4547808,29.0840,35.8271
4570548,29.3203,35.5996
4593404,28.8604,39.6523
4616372,27.8057,33.5830
4639456,27.9688,33.2461
4662656,28.8389,35.5264
4685972,28.3047,35.7363
4709404,29.2529,35.3779
4732952,29.8662,36.9912
4756620,28.6904,35.7646
4780404,28.6201,35.6084
4804308,29.3896,37.1582
4828332,30.7598,38.0830
4852476,31.6953,40.2041
4876740,28.6748,35.2246
4901124,27.6572,34.2686
4925632,34.3154,40.7988
4950264,28.1680,34.8027
4975016,30.6338,38.8057
4999892,30.5830,38.5781
5024892,29.7236,37.1133
5050020,31.0879,39.6709
5075272,34.2998,38.0117
5100652,29.8203,36.6357
5126156,29.0283,36.2646
5151788,28.9053,35.8662
5177548,30.4932,37.6582
5203436,35.5635,38.0293
5229456,30.6621,39.5781
5255604,30.7373,38.5322
5281884,33.2393,36.9336
5308296,30.7695,37.8271
5334840,27.9404,35.6563
5361516,29.8057,36.5703
5388324,29.2617,36.9863
5415268,39.2744,40.0537
5442348,27.7900,33.6797
5469560,28.4951,34.7500
5496908,31.1025,39.1035
5524396,29.4824,35.8525
5552020,28.6738,35.2324
5579784,30.4502,37.5420
5607684,29.5352,35.2656
5635724,29.0527,35.3701
5663904,29.7129,36.8311
5692224,29.1191,36.2275
5720688,29.9453,35.8945
5749292,29.9473,36.8252
5778040,29.5020,36.0801
5806932,28.5234,34.9844
5835968,28.7236,35.8408
5865148,29.2295,35.6602
5894476,56.6768,41.9180
5923952,32.9170,46.1406
5953572,29.1152,40.7393
5983340,33.8213,41.3330
6013260,32.5928,40.7979
6043328,30.1973,37.1377
6073548,28.6797,36.0195
6103916,31.3027,39.1270
6134436,28.1299,34.4033
6165112,28.6416,55.8125
6195940,31.0684,36.6396
6226920,28.7793,36.1113
6258056,30.8408,38.7373
6289348,32.4863,38.7002
6320796,32.2949,37.5488
6352400,28.9893,36.0264
6384164,28.0107,37.0293
6416088,30.3525,37.7227
6448172,31.9961,40.8457
6480416,29.8701,35.7617
6512820,30.1514,38.6074
6545388,28.7451,35.7080
6578116,28.5391,36.7021
6611008,29.0049,41.3701
6644064,29.9727,36.9902
6677288,28.9971,35.4678
6710676,30.8037,38.3760
6744232,29.7598,37.5859
6777956,29.2979,35.2266
6811848,29.1924,37.4434
6845908,31.2109,38.9912
6880140,31.0234,38.4502
6914544,41.4922,37.9131
6949120,29.0469,35.6670
6983868,28.9014,35.3271
7018788,30.1709,38.9404
7053884,28.1963,35.8711
7089156,29.3955,37.7363
7124604,29.9082,36.5771
7160228,29.1475,36.8408
7196032,30.4463,38.2969
7232016,28.0898,35.6006
7268180,27.9834,35.1172
7304524,29.7842,37.4717
7341048,31.5088,38.9170
7377756,29.1230,36.3789
7414648,28.9893,35.8730
7451724,27.7578,34.3633
7488984,29.3770,36.3408
7526432,28.8916,35.7041
7564068,29.5518,38.0156
7601892,29.0303,37.2568
7639904,27.9922,34.8457
7678104,78.4502,38.8203
7716496,27.6768,34.4189
7755080,40.8145,39.6348
7793856,30.8818,37.5410
7832828,30.0322,45.6201
7871996,31.3955,39.3594
7911356,29.8467,84.0957
7950916,29.2568,37.0781
7990672,31.4922,39.1621
8030628,42.1494,40.7178
8070784,30.5645,38.5928
8111140,58.6631,42.0322
8151696,29.8613,37.8887
8192456,28.8799,35.6514
8233420,31.7383,42.0391
8274588,30.5664,37.3301
8315964,30.3223,37.9844
8357544,31.3955,41.2959
8399332,58.0381,40.9854
8441332,31.1689,39.7227
8483540,30.2988,36.7803
8525960,32.1416,38.8623
8568592,31.4443,38.1270
8611436,31.6533,38.6016
8654496,32.6523,39.2588
8697772,31.8584,38.0703
8741264,31.6846,36.7480
8784972,29.9385,37.5752
8828900,31.1572,38.2373
8873048,32.3115,38.5771
8917416,31.0391,37.8369
8962004,34.1416,40.2969
9006816,30.9785,38.4385
9051852,31.2393,37.2705
9097112,30.2881,37.2188
9142600,31.5010,38.0918
9188316,30.3135,36.2402
9234260,32.2275,39.5283
9280432,31.9424,37.8916
9326836,29.8330,36.0908
9373472,29.8535,36.7813
9420340,32.5322,41.2490
9467444,29.8398,36.0635
9514784,34.2207,37.1758
9562360,30.6201,37.1953
9610172,30.8730,38.1514
9658224,33.6699,42.2920
9706516,31.0303,38.5508
9755052,31.1494,38.5605
9803828,30.7813,37.2793
9852848,33.6240,41.6074
9902116,30.7314,38.1504
9951628,30.0117,36.1426
10001388,31.4697,38.0107
10051396,30.5557,35.7871
10101656,31.6016,38.8887
10152168,30.5029,37.4170
10202932,30.3721,37.0430
10253948,32.6963,40.7861
10305220,32.6934,39.4170
10356748,31.9658,91.4834
10408532,31.9639,37.9883
10460576,31.2285,38.7314
10512880,32.3926,40.2686
10565448,31.8076,41.5469
10618276,31.0625,38.4434
10671368,32.5547,39.9482
10724728,32.5234,39.1670
10778352,30.8633,37.7842
10832244,30.6680,37.3594
10886408,31.4502,37.7080
10940844,33.3135,39.9795
10995552,39.5254,39.9004
11050532,33.0752,40.8467
11105788,31.6885,38.7627
11161320,33.5381,41.7666
11217128,32.1035,39.6768
11273216,32.2178,40.0215
11329584,29.7588,36.6582
11386232,31.0176,39.9492
11443164,32.2393,38.5244
11500380,32.6709,41.1494
11557884,29.6758,36.7520
11615676,31.4756,39.4668
11673756,33.2441,41.4551
11732128,35.1709,46.6924
11790792,33.5811,42.2090
11849748,33.8818,41.7314
11909000,32.9609,41.6631
11968548,32.9229,39.5029
12028392,32.0215,38.7842
12088536,34.0508,46.3877
12148980,55.0088,48.3770
12209728,34.1084,41.6855
12270780,32.5645,39.8916
12332136,33.3750,41.9189
12393800,31.0127,37.2910
12455772,32.1973,40.4521
12518052,33.8867,42.5273
12580644,33.0137,40.9219
12643548,32.8750,42.2451
12706768,32.6494,41.8711
12770304,30.4424,36.9502
12834156,33.4277,41.4521
12898328,33.4102,41.3955
12962820,31.8428,38.4355
13027636,31.4873,37.7715
13092776,33.0020,39.4932
13158240,32.0703,39.2480
13224032,32.8975,41.1172
13290156,30.1357,35.7832
13356608,30.2813,38.4160
13423392,34.1748,40.8936
13490512,31.7119,38.4443
13557968,32.4629,41.1113
13625760,39.5527,40.9990
13693892,32.5010,40.9775
13762364,31.6807,39.3281
13831176,32.9063,39.9082
13900332,34.1113,42.1191
13969836,31.5283,37.9961
14039688,34.1816,42.6445
14109888,34.5049,42.8926
14180440,32.5898,40.7656
14251344,32.4063,42.4443
14322604,31.8730,39.9971
14394220,30.9434,69.9922
14466192,32.8311,42.0703
14538524,31.5361,39.9014
14611220,30.3877,38.4775
14684280,31.4189,40.8232
14757704,30.3340,45.6494
14831496,31.3037,41.3242
14905656,31.9434,39.0264
14980188,31.1797,38.7656
15055092,37.8486,40.7275
15130368,32.0479,41.5850
15206020,31.4502,40.3994
15282052,34.6494,44.1318
15358464,31.8184,39.3184
15435260,32.4844,41.2197
15512440,30.4395,39.6377
15590004,32.1680,40.7773
15667956,31.7480,40.1670
15746296,31.3281,39.1162
15825028,31.3037,38.3701
15904156,33.7402,45.2529
15983680,53.3193,44.9004
16063600,34.5176,43.5547
16143920,33.7451,42.6299
16224640,34.1953,41.7090
16305764,32.4297,51.6006
16387296,32.8447,40.7061
16469236,32.5732,40.1484
16551584,31.1914,53.6895
16634344,31.9785,39.8633
16717516,33.8555,42.0645
16801104,36.4434,44.5537
16885112,45.9990,44.0029
16969540,34.9814,40.3174
17054388,35.2314,39.9023
17139660,34.5146,41.4297
17225360,35.7129,42.6357
17311488,47.6426,40.6309
17398048,37.8223,44.7734
17485040,35.8057,40.9580
17572468,34.8145,82.0439
17660332,37.0859,43.9531
17748636,36.8916,47.8340
17837380,47.1475,46.2754
17926568,36.6182,43.6895
18016204,35.0938,41.6748
18106288,33.9590,39.1025
18196820,35.2012,40.6074
18287808,65.7441,51.6348
18379248,43.5986,50.5703
18471148,36.9121,79.7246
18563504,38.5830,40.7158
18656324,37.9941,43.1182
18749608,35.9121,40.8467
18843360,51.8457,43.6045
18937580,35.4131,40.4893
19032268,36.4111,43.2031
19127432,39.5908,44.9014
19223072,40.5254,44.3418
19319188,37.5967,43.2002
19415784,37.3691,44.4180
19512864,37.9492,42.6650
19610432,36.2578,40.7256
19708488,39.3330,45.0439
19807032,50.9170,45.0811
19906068,40.4619,45.7930
20005600,40.4785,44.7295
20105628,38.5508,44.6191
20206160,36.6455,41.8887
20307192,40.3359,47.1777
20408728,41.0918,45.1084
20510772,39.3896,44.3965
20613328,36.7227,41.2666
20716396,36.7813,42.0938
20819980,40.7207,48.3369
20924080,36.0107,43.1123
21028704,40.1279,43.1123
21133848,37.6348,45.5225
21239520,38.9326,43.8330
21345720,37.5215,46.4785
21452452,36.2529,42.3291
21559716,39.3740,44.5801
21667516,37.3506,42.8545
21775856,38.2588,43.1221
21884736,39.2734,45.4229
21994160,46.6563,47.3857
22104132,42.2725,45.8174
22214656,38.2041,42.3682
22325732,39.3594,43.7617
22437364,49.8760,43.6680
22549552,39.2080,41.1318
22662300,40.6094,47.5078
22775612,41.1064,46.7402
22889492,38.2109,46.9834
23003940,46.9717,50.4609
23118960,43.8730,47.2070
23234556,41.0273,43.0029
23350732,43.8760,47.8848
23467488,40.4014,47.9619
23584828,47.9404,50.2656
23702756,44.5186,47.4072
23821272,43.1729,58.5957
23940380,45.3174,47.4453
24060084,45.1152,49.5020
24180388,46.0088,49.3525
24301292,44.8975,46.8838
24422800,46.0840,51.7803
24544916,47.7207,46.9063
24667644,43.2012,45.1094
24790984,46.8516,50.5293
24914940,40.9307,44.9395
25039516,42.3291,50.4102
25164716,47.1025,52.7588
25290540,42.8027,44.8672
25416996,44.7432,48.9375
25544084,44.9121,118.2500
25671808,47.5488,48.1826
25800168,44.9209,47.2295
25929172,45.2998,48.4316
26058820,44.2969,44.8164
26189116,47.0947,48.6641
26320064,40.4678,44.9854
26451668,43.4590,46.2500
26583928,42.3086,45.4795
26716848,46.4199,49.9219
26850436,46.5469,52.7793
26984692,46.7607,48.3965
27119616,61.9717,49.9863
27255216,47.0576,50.9814
27391496,117.0967,59.3066
27528456,56.7490,57.6045
27666100,58.0762,61.4971
27804432,53.5459,54.8721
27943456,58.3447,59.5361
28083176,58.1729,56.7100
28223592,56.1221,57.3047
28364712,53.1357,55.6396
28506536,60.6309,64.2939
28649072,141.9600,63.7793
28792320,69.8896,59.1650
28936284,58.2100,58.1240
29080968,49.2813,51.4512
29226376,58.5107,59.3213
29372508,58.6895,61.9043
29519372,64.2549,59.4854
29666972,58.8379,56.3838
29815308,57.1738,122.7705
29964388,57.3369,55.5781
30114212,63.9727,62.1982
30264784,62.4580,61.0957
30416108,60.6387,59.7617
30568192,55.8359,56.3506
30721036,60.4619,62.1904
30874644,62.0273,60.6523
31029020,63.4316,63.4482
31184168,59.3369,56.1289
31340092,56.1377,56.5459
31496796,60.2090,58.7451
31654280,66.3770,64.0693
31812552,64.1055,66.5039
31971616,61.6895,63.4150
32131476,59.6621,61.0107
32292136,70.3604,66.1553
32453600,61.0439,59.6963
32615868,64.7441,66.6787
32778948,66.6572,63.9541
32942844,62.7949,90.9971
33107560,63.6719,63.2715
33273100,66.7139,85.0830
33439468,62.8555,67.1152
33606668,72.2559,87.8730
33774704,75.5605,70.1191
33943580,66.1465,66.4258
34113300,68.9873,65.0498
34283868,66.9922,67.5664
34455288,68.5742,64.1387
34627568,71.7012,68.8174
34800708,71.7979,69.3369
34974712,73.6367,67.1592
35149588,66.8516,60.3535
35325336,70.4697,68.1689
35501964,75.1543,74.2451
35679476,74.1484,72.7051
35857876,74.9648,71.1104
36037168,72.1436,65.6318
36217356,75.4307,68.7695
36398444,74.9795,67.6953
36580440,76.4355,83.2510
36763344,79.5459,74.6191
36947164,71.6758,70.1768
37131900,74.3057,73.7588
37317560,75.9736,70.6934
37504148,69.0586,68.5029
37691672,73.9121,74.1533
37880132,77.6768,97.9824
38069536,78.8682,79.1250
38259884,74.1162,70.9219
38451184,82.8506,70.3447
38643440,78.1719,72.2666
38836660,78.8398,68.0566
39030844,79.5723,95.6309
39226000,85.3594,154.7363
39422132,80.6357,76.4180
39619244,86.8408,77.8525
39817344,83.1934,80.8818
40016432,76.9932,70.0889
40216516,83.9688,79.5146
40417600,78.6934,75.5547
40619688,82.0186,76.4824
40822788,73.9551,75.4727
41026904,88.1084,124.5850
41232040,81.6768,79.6396
41438204,93.6377,81.6826
41645396,103.6953,80.1162
41853624,77.7139,74.5430
42062896,93.3086,99.8379
42273212,83.0820,81.2490
42484580,77.8701,78.6152
42697004,89.2041,76.3936
42910492,74.9834,76.0518
43125048,81.0605,82.9189
43340676,82.6855,91.6270
43557380,82.0586,80.1250
43775168,85.9668,84.5225
43994044,92.4570,82.8916
44214016,82.7393,89.9912
44435088,74.1875,73.7539
44657264,79.3281,80.0859
44880552,83.5381,80.3057
45104956,83.0430,87.9219
45330484,73.1846,69.4307
45557140,90.3223,81.8477
45784928,83.2588,83.0615
46013856,79.0244,80.3555
46243928,80.7656,91.3535
46475148,78.1406,80.0820
46707524,84.2432,86.7314
46941064,85.6885,87.0439
47175772,79.7158,93.7793
47411652,82.8428,99.3779
47648712,89.1533,99.3496
47886956,83.7559,93.6514
48126392,87.3555,153.0293
48367024,92.0166,93.1914
48608860,78.7861,79.7920
48851908,82.8135,83.2041
49096168,87.7109,84.7529
49341652,83.9160,85.4512
49588364,95.4248,87.7090
49836308,93.2168,94.5811
50085492,89.5957,86.9072
50335920,107.3262,89.2539
50587600,83.0635,81.5254
50840540,87.3428,84.9561
51094744,80.2744,81.8828
51350220,80.2705,85.4375
51606972,90.9287,90.2012
51865008,85.4199,81.4336
52124336,80.2480,80.5469
52384960,90.4326,88.7734
52646888,89.5801,85.9111
52910124,95.6680,87.1797
53174676,86.9541,82.0693
53440552,104.2178,88.9121
53707756,103.9873,92.9521
53976296,93.1045,95.5869
54246180,88.3232,100.4795
54517412,100.8105,90.8203
54790000,88.2090,86.3779
55063952,92.2021,82.8311
55339272,82.3037,83.9082
55615972,85.8965,86.3877
55894052,77.6133,85.3164
56173524,112.3691,170.8584
56454392,131.3242,143.5850
56736664,116.6426,119.6455
57020348,98.3496,100.5986
57305452,98.5771,99.7236
57591980,102.9512,96.7197
57879940,101.7842,101.5381
58169340,92.6748,96.8232
58460188,97.3691,101.8945
58752492,99.1563,100.3848
59046256,97.6123,94.8545
59341488,92.0791,93.1758
59638196,92.6074,99.9014
59936388,90.0322,92.2852
60236072,92.8535,90.6426
60537256,95.0400,120.2930
60839944,99.7813,111.9785
61144144,134.4111,103.3770
61449868,100.8008,100.4902
61757120,101.2695,100.9561
62065908,95.5117,95.7520
62376240,97.7061,101.0293
62688124,101.0459,104.1201
63001568,94.1914,95.3330
63316576,104.9766,99.3193
63633160,103.2441,121.9951
63951328,98.8027,98.2549
64271088,91.7090,85.2061
64592444,95.8418,93.3574
64915408,101.8145,101.1348
65239988,108.5313,99.0947
65566188,101.1963,110.7500
65894020,101.5430,112.0664
66223492,93.5859,95.8525
66554612,89.9912,95.0508
66887388,87.8760,93.6484
