4,1.0430,1.2314
8,1.7510,4.3750
12,2.2373,14.8623
16,2.2363,6.6465
20,12.6768,8.5693
24,2.7910,9.3018
28,2.7617,10.0752
32,2.7529,10.5176
36,3.2070,9.8037
40,3.2109,10.6709
44,3.2148,11.2607
48,3.2217,11.6094
52,3.2236,12.1143
56,3.2266,12.2539
60,3.2119,12.5459
64,3.2090,13.8848
68,3.7109,13.6895
72,3.7207,13.0752
76,3.6885,13.7109
80,3.6973,13.5488
84,3.6924,14.0537
88,3.6943,13.7744
92,3.6885,14.1006
96,3.6953,14.4746
100,3.6992,13.7969
104,3.6924,14.5820
108,3.7061,14.4863
112,3.6973,14.7373
116,3.7344,14.5752
120,3.7031,15.0479
124,3.7031,15.7451
128,3.7334,15.8057
132,4.2100,12.8281
136,4.2109,11.7607
140,4.2080,11.1807
144,4.2314,11.5576
148,4.1885,11.1230
152,4.2275,10.8584
156,4.2305,10.9189
160,4.2158,11.1650
164,4.2090,11.3262
168,4.2393,11.7217
172,4.2402,11.3203
176,4.2441,11.3945
180,4.2363,11.3770
184,4.2012,11.8271
188,4.2344,11.1729
192,4.2109,12.0771
196,4.2002,11.5693
200,4.2021,12.4219
204,4.1895,12.5762
208,4.2021,11.9502
212,4.2012,12.1133
216,4.2119,12.2422
220,4.2393,13.0449
224,4.2100,12.4766
228,4.2363,12.6318
232,4.2119,12.6328
236,4.2129,12.6533
240,4.2158,13.2422
244,4.2500,13.2002
248,4.2178,13.2646
252,4.2227,12.7793
256,4.2129,16.2822
260,4.8213,15.1162
264,4.8213,14.9795
268,4.8252,15.6855
272,4.8076,15.9951
276,4.8105,15.8145
280,4.8086,15.0322
284,4.7979,14.3877
288,4.8262,13.4375
292,4.8076,14.1064
296,4.8252,13.0195
300,4.8135,12.7461
304,4.8184,13.3721
308,4.8164,13.2705
312,4.7979,13.0967
316,4.8018,12.9922
320,4.8066,13.7236
324,4.8076,13.9355
328,4.8125,12.8994
332,4.8135,14.2734
336,4.8154,14.1650
340,4.8213,13.2051
344,4.8193,13.2949
348,4.8066,13.2021
352,4.8262,13.4932
356,4.8193,13.4805
360,4.8145,12.8984
364,4.8154,13.5713
368,4.8096,13.1621
372,4.8281,14.5098
376,4.8057,13.6191
380,4.8311,13.5850
384,4.8184,12.9824
388,4.8135,13.8760
392,4.8262,14.2686
396,4.8164,13.1025
400,4.8115,13.9189
404,4.8115,14.5391
408,4.8193,13.6230
412,4.8242,13.3066
416,4.8232,13.9551
420,4.8213,14.1299
424,4.8135,14.5000
428,4.8096,14.0830
432,4.8164,14.0791
436,4.7920,13.9170
440,4.8232,14.2959
444,4.7910,14.0361
448,4.8057,14.5518
452,4.8145,14.5264
456,4.8076,14.8027
460,4.8154,15.8125
464,4.8086,15.5381
468,4.8125,14.9170
472,4.8203,15.0420
476,4.8398,14.5322
480,4.8330,14.8115
484,4.8223,14.1924
488,4.8301,15.8906
492,4.8213,15.4678
496,4.8174,14.8301
500,4.8193,15.3311
504,4.8115,14.3975
508,4.8154,15.6299
512,4.8184,18.7578
516,7.0400,18.0801
520,6.6846,17.0342
524,6.5947,16.3994
528,6.5615,15.3193
532,6.2607,15.3984
536,6.3643,15.9980
540,6.4932,15.0605
544,6.6104,15.5693
548,6.3389,15.2451
552,6.3877,15.4238
556,6.4023,15.3418
560,6.3584,14.9922
564,6.5508,15.8047
568,6.4316,14.9082
572,6.6016,15.9531
576,6.2803,14.0967
580,6.2607,14.5518
584,6.2393,14.0146
588,6.4229,14.5518
592,6.3398,14.8691
596,6.3555,15.1973
600,6.4355,15.0615
604,6.3965,14.5840
608,6.4639,14.9150
612,6.4570,15.0293
616,6.3555,15.1963
620,6.2754,15.2500
624,6.5840,15.2012
628,6.4756,16.2344
632,6.1797,14.4395
636,6.4375,15.7686
640,6.3994,14.7539
644,6.6729,16.3799
648,6.6348,16.2881
652,6.6123,15.9404
656,6.3398,15.2090
660,6.3037,14.5098
664,6.4902,16.1143
668,6.3955,15.3750
672,6.5020,15.9453
676,6.3350,14.5049
680,6.3955,15.1377
684,6.4180,15.2051
688,6.4746,15.9834
692,6.3262,15.0840
696,6.2949,14.8018
700,6.3867,15.5781
704,6.4248,15.6787
708,6.3623,15.2813
712,6.3984,15.7227
716,6.3916,15.7061
720,6.4785,15.6250
724,6.5957,16.3984
728,6.2920,15.6660
732,6.6016,16.0654
736,6.4297,16.0146
740,6.3672,16.1387
744,6.3564,14.6455
748,6.4600,16.3164
752,6.3311,44.0645
756,6.6943,16.2842
760,6.4541,16.2275
764,6.4141,16.1553
768,6.3701,15.5723
772,6.3906,16.1299
776,6.3506,15.9053
780,6.4580,15.6924
784,6.5713,16.1514
788,6.4268,15.7939
792,6.4854,15.9141
796,6.4600,16.2363
800,6.4111,16.9395
804,6.4785,17.2275
812,6.4199,16.6582
820,6.3330,16.8662
828,6.4648,16.8135
836,6.4385,17.1777
844,6.3916,16.3047
852,6.4951,16.9951
860,6.4512,16.3408
868,6.4531,16.3818
876,6.3301,16.6514
884,6.4199,16.1621
892,6.5078,17.1729
900,6.2227,17.1895
908,6.5391,24.4756
916,6.5684,17.4805
924,6.5605,17.0889
932,6.3242,16.8242
940,6.4658,16.8105
948,6.4023,17.0586
956,6.6094,17.5518
964,6.3369,16.3525
972,6.5215,16.8389
980,6.5605,18.2832
988,6.5254,17.9531
996,6.3379,16.8936
1004,6.5977,17.6318
1012,6.5000,17.7373
1020,6.5000,17.3770
1028,10.6494,20.0693
1036,10.2627,19.4561
1044,8.3145,17.9717
1052,8.3691,17.7168
1060,8.0781,17.9121
1068,8.2891,17.1123
1076,7.9873,16.4463
1084,8.3213,17.7568
1092,8.2510,17.6143
1100,8.4531,17.6777
1108,8.5488,17.8057
1116,8.3359,17.9385
1124,8.3760,17.3848
1132,8.2002,17.2500
1140,8.3027,17.9209
1148,8.0068,17.3877
1156,8.2705,17.7598
1164,8.3359,17.2490
1172,8.3379,17.3398
1180,8.3916,17.3662
1188,8.2354,17.0439
1196,8.2178,18.4629
1204,8.1895,17.3174
1212,8.1846,17.1074
1220,8.1152,18.1211
1228,8.0791,17.1689
1236,8.0225,17.5059
1244,8.2041,17.3291
1252,7.9180,16.7256
1260,8.0439,17.6123
1268,8.1914,17.7402
1276,8.2793,17.6240
1284,8.3467,17.6260
1292,8.2285,17.1533
1300,7.9824,16.9004
1308,8.5352,18.3584
1316,8.2783,17.8691
1324,8.1768,18.1934
1332,8.1445,16.6445
1340,8.2363,17.6484
1348,8.2324,17.9453
1356,8.1162,18.3037
1364,8.2471,18.0947
1372,8.0420,17.4941
1380,8.1973,18.0127
1388,7.9434,18.0186
1396,8.1318,17.5850
1404,8.1328,17.3701
1412,8.1260,17.9023
1420,8.1006,17.6387
1428,8.1377,16.7852
1436,8.0781,17.7520
1444,8.1797,18.3232
1452,8.1455,17.5342
1460,8.3975,17.7627
1468,8.2402,17.2617
1476,8.6201,18.1807
1484,8.3926,18.0576
1492,8.2295,18.3457
1500,8.4043,17.9941
1508,8.6299,18.0234
1516,8.8604,18.2900
1524,8.2979,18.2021
1532,8.0469,17.1973
1540,8.0938,17.4834
1548,8.2939,17.9404
1556,8.3574,18.6768
1564,8.1650,17.6270
1572,8.1299,17.5400
1580,8.2041,17.1660
1588,8.5156,138.8711
1596,8.3135,20.4619
1604,8.4365,20.6025
1616,8.6553,21.4307
1628,8.5361,20.8105
1640,8.2666,19.5840
1652,8.3252,19.3057
1664,8.3506,19.7412
1676,8.4209,19.0674
1688,8.2480,18.7549
1700,8.2764,18.4277
1712,8.1133,17.7344
1724,8.4268,19.3906
1736,8.4082,19.2803
1748,8.2441,18.3828
1760,8.0840,18.6318
1772,7.9229,17.6973
1784,8.2910,72.8896
1796,8.3125,19.4160
1808,8.2490,25.1055
1820,7.9336,17.9561
1832,8.2031,18.8369
1844,7.9541,18.3213
1856,8.2803,19.0068
1868,8.0605,18.4639
1880,8.2324,18.9434
1892,8.0166,18.0342
1904,8.4941,18.6309
1916,8.2842,18.9131
1928,8.1445,17.4775
1940,8.5059,19.2422
1952,8.3633,18.8018
1964,8.1299,18.7344
1976,8.2959,18.8203
1988,8.0283,18.2607
2000,8.2285,19.2998
2012,8.2705,18.6611
2024,7.8242,18.1309
2036,7.8770,18.0713
2048,8.0732,21.1924
2060,10.5244,20.4443
2072,10.7568,21.5674
2084,10.4951,21.0654
2096,15.3242,20.8906
2108,11.2158,22.3721
2120,11.0186,22.2764
2132,11.2881,22.9482
2144,10.2900,20.5850
2156,10.7100,22.0645
2168,10.0527,20.3662
2180,9.9863,20.5352
2192,10.0664,20.8584
2204,10.0566,20.8262
2216,10.2686,21.3242
2228,10.1611,20.3535
2240,10.0693,20.6582
2252,10.2012,20.6455
2264,10.4912,21.2529
2276,10.3828,20.9951
2288,9.8643,20.2559
2300,10.0039,20.4043
2312,10.0332,20.7334
2324,10.2412,21.7197
2336,10.2988,21.2295
2348,10.1582,25.8906
2360,10.2012,20.6406
2372,9.9502,20.2324
2384,9.7930,19.4951
2396,10.0820,19.8838
2408,10.4453,21.4443
2424,9.6738,19.1055
2440,10.0439,20.5391
2456,10.0156,21.0811
2472,9.9404,20.7129
2488,10.2549,20.9795
2504,10.2539,20.6211
2520,10.3838,21.4170
2536,10.5449,21.6074
2552,10.1084,64.1494
2568,10.3047,20.7725
2584,10.0498,20.7324
2600,10.1191,20.5186
2616,10.0117,20.9746
2632,9.8125,20.3574
2648,19.5146,20.6025
2664,17.0361,20.6416
2680,10.0303,20.8525
2696,10.1543,20.8066
2712,10.2617,21.2080
2728,10.4238,22.3633
2744,10.1348,21.2480
2760,10.2412,21.2422
2776,10.1260,21.1914
2792,10.0654,21.4150
2808,10.2607,21.2461
2824,10.5322,21.9609
2840,9.9580,20.2930
2856,9.9063,20.4375
2872,10.1289,21.2939
2888,9.8945,20.0098
2904,10.0820,21.3066
2920,10.0527,20.1074
2936,10.1309,20.8965
2952,10.2100,21.1426
2968,10.2432,21.1807
2984,10.2646,21.7920
3000,10.2090,26.6748
3016,10.0127,20.1328
3032,10.1045,21.3945
3048,9.7041,20.1875
3064,10.0850,21.3662
3080,9.8242,20.7295
3096,9.8545,21.0566
3112,10.1758,21.4443
3128,10.0469,20.8428
3144,10.0889,21.3105
3160,10.3037,21.9648
3176,10.2441,21.8457
3192,10.0928,21.0020
3208,9.8896,20.7578
3228,10.3838,21.0361
3248,10.4092,21.8359
3268,10.2227,22.0332
3288,10.1318,20.3994
3308,10.1406,23.1631
3328,9.9863,21.6963
3348,10.1816,21.5703
3368,9.7949,28.0869
3388,10.3662,22.3594
3408,10.1797,22.2139
3428,10.4092,21.5889
3448,10.4336,22.5000
3468,9.9805,21.0146
3488,10.1748,20.6787
3508,9.9893,21.6240
3528,10.1230,21.6533
3548,10.1367,61.9443
3568,10.2793,21.7383
3588,9.9551,20.6670
3608,9.8369,21.1299
3628,10.2129,22.3623
3648,10.1396,22.3799
3668,10.1807,20.9746
3688,10.3281,22.5840
3708,10.5010,22.4199
3728,10.3965,22.9199
3748,10.0107,22.0674
3768,10.1895,29.1406
3788,10.1367,21.5254
3808,10.2822,23.3652
3828,10.2559,22.1113
3848,10.4102,22.4512
3868,10.0264,20.5273
3888,10.0156,21.7051
3908,10.0156,22.3262
3928,10.2305,22.3740
3948,10.2754,21.7813
3968,10.0693,22.8838
3988,10.4961,23.6543
4008,10.0127,22.2559
4032,10.3164,22.4219
4056,10.2383,23.0400
4080,10.0801,22.0400
4104,14.1709,23.9707
4128,13.5195,24.0869
4152,13.5967,23.5918
4176,14.0332,24.9219
4200,13.5098,24.4063
4224,13.1943,22.7070
4248,13.4268,23.7061
4272,13.3398,23.7314
4296,13.8057,28.3242
4320,13.8750,24.8379
4344,12.0254,23.7861
4368,11.9668,22.8740
4392,11.7793,22.6260
4416,11.7080,23.1836
4440,11.7881,33.8096
4464,11.9951,24.4990
4488,12.0547,23.5869
4512,11.4443,22.2500
4536,12.2197,23.9063
4560,12.1104,24.2021
4584,11.8516,23.7324
4608,11.6611,22.4658
4632,11.9043,22.9473
4656,11.5313,23.0596
4680,11.9043,23.8564
4704,11.4980,23.2568
4728,11.8916,22.7705
4752,11.6924,22.3867
4776,11.5195,65.1670
4800,12.2461,23.9932
4824,11.6865,23.2070
4852,11.6982,23.2910
4880,11.7920,23.3057
4908,11.7061,27.3184
4936,12.0469,23.3252
4964,11.9629,22.8389
4992,12.0986,24.3594
5020,12.0469,24.3037
5048,12.1055,24.1416
5076,12.0176,23.6133
5104,11.6855,23.2041
5132,11.9248,23.7393
5160,12.0449,23.4688
5188,11.7070,23.6826
5216,11.6240,22.5947
5244,11.6211,23.2451
5272,11.5010,22.6191
5300,11.4434,22.4512
5328,11.9639,25.2344
5356,12.1191,23.0518
5384,11.6396,22.8164
5412,11.9141,23.0410
5440,11.8311,22.9404
5468,11.6113,23.0488
5496,11.8760,23.2256
5524,11.8623,23.4727
5552,11.8096,23.4707
5580,11.8652,23.1895
5608,11.3584,21.8252
5640,12.0566,23.9844
5672,12.0225,24.0693
5704,11.6631,22.9102
5736,12.1895,24.5186
5768,11.9531,23.7197
5800,11.7266,22.6807
5832,11.6064,23.3291
5864,11.5771,22.6494
5896,12.1914,24.1045
5928,11.8945,23.3252
5960,11.6182,23.1836
5992,11.8838,23.1104
6024,11.8008,23.5713
6056,11.8105,31.7412
6088,11.7373,23.3057
6120,11.5117,22.6953
6152,11.7275,23.2324
6184,11.6201,23.0557
6216,11.8721,24.1436
6248,12.0283,23.9248
6280,12.2148,24.3896
6312,11.4238,22.8340
6344,11.6416,23.0723
6376,57.5244,24.2764
6408,12.1563,23.8203
6444,11.3457,22.8242
6480,12.0752,24.5664
6516,12.2695,24.6660
6552,11.6230,24.4082
6588,11.5088,23.4141
6624,11.7910,24.6719
6660,11.8008,24.1504
6696,11.6904,23.5186
6732,11.7451,23.4512
6768,11.2510,22.2373
6804,11.9355,23.9346
6840,11.6143,22.7031
6876,11.4502,22.6729
6912,11.6416,23.9883
6948,11.5342,24.0645
6984,12.0527,24.5332
7020,12.2363,25.1953
7056,16.5850,23.8457
7092,12.0996,24.3838
7128,11.7295,24.2295
7164,11.5645,23.4404
7200,12.0625,24.1836
7236,11.7324,24.6191
7276,11.9541,23.6484
7316,11.8691,24.4941
7356,11.8398,24.0137
7396,11.7100,24.0918
7436,11.4150,23.4902
7476,11.7432,23.5869
7516,12.0811,25.6025
7556,11.8574,24.2070
7596,11.7646,24.6104
7636,11.9512,25.0322
7676,11.9873,24.3662
7716,12.1055,24.9639
7756,11.7559,25.1328
7796,11.6064,24.1104
7836,12.0762,24.9639
7876,11.9785,24.0303
7916,11.5430,24.0244
7956,11.8496,24.9063
7996,12.1787,26.0430
8036,12.1113,25.1826
8080,11.9521,34.8047
8124,11.4697,23.1973
8168,11.7686,24.3311
8212,14.9346,26.6318
8256,15.0293,27.0479
8300,15.1875,26.2266
8344,14.2217,24.9297
8388,54.7676,25.6836
8432,13.9590,24.2705
8476,14.5898,26.0977
8520,14.9365,49.1367
8564,19.1553,24.1895
8608,13.3809,24.3584
8652,13.9980,25.2793
8696,14.4248,25.9717
8740,13.4121,24.2178
8784,13.0762,23.9648
8828,13.7578,25.0947
8876,13.2021,24.0156
8924,13.6133,25.4082
8972,13.1416,24.0010
9020,13.3438,35.6367
9068,13.3105,28.0098
9116,13.0527,23.8633
9164,13.6855,25.5752
9212,13.8643,25.5000
9260,13.8877,24.9053
9308,13.4014,24.1582
9356,28.5830,23.8906
9404,13.2246,31.1270
9452,13.3760,24.0010
9500,13.2588,23.9307
9548,13.1924,24.0713
9596,13.8145,25.9238
9644,13.4229,24.4893
9696,13.4736,24.2393
9748,13.1494,23.7813
9800,12.9043,23.7451
9852,13.2471,25.0137
9904,13.1816,24.1865
9956,13.3262,24.9990
10008,13.4326,25.4463
10060,14.3135,26.1797
10112,13.5176,24.2314
10164,14.0908,26.6260
10216,14.1143,24.9678
10268,18.8975,24.5918
10320,13.4463,24.3369
10372,13.9287,25.4834
10424,13.6387,24.5703
10480,13.5049,23.8164
10536,13.5889,24.3594
10592,13.6807,25.0879
10648,13.5566,25.1367
10704,13.4746,24.7539
10760,13.4082,23.8174
10816,59.2129,23.9717
10872,13.2139,24.1865
10928,13.3877,24.5879
10984,13.5674,24.6982
11040,13.4463,24.0791
11096,13.4287,23.9326
11152,13.4775,24.8291
11208,13.2217,24.1104
11268,13.7178,24.9609
11328,13.7471,25.6963
11388,13.1289,25.2363
11448,13.7480,25.5664
11508,13.4102,24.9287
11568,13.6055,25.1924
11628,13.1416,24.4375
11688,13.7852,25.6709
11748,13.8066,25.4072
11808,13.3271,25.1436
11868,13.3906,24.8779
11928,13.5449,25.5391
11988,13.3145,24.2949
12048,13.0283,24.3203
12112,13.1191,24.3711
12176,13.3359,25.6494
12240,13.0439,23.2441
12304,13.8887,26.9023
12368,20.0830,25.4111
12432,13.9297,26.6328
12496,13.5801,24.4141
12560,13.6514,25.0205
12624,13.2842,24.3047
12688,13.3369,24.3750
12752,13.4023,25.0195
12816,12.8877,24.3301
12884,13.0049,23.8408
12952,13.0596,24.6475
13020,13.4404,26.1455
13088,13.9199,26.5391
13156,13.3496,25.6660
13224,13.4941,25.0127
13292,13.2773,25.5713
13360,12.8447,23.8926
13428,12.9502,24.7578
13496,13.6201,26.1133
13564,13.0264,32.3662
13632,13.6279,25.7451
13704,13.2012,25.1904
13776,13.3516,25.4883
13848,14.1641,25.3428
13920,13.3721,25.8584
13992,13.6396,26.0898
14064,13.2461,25.2666
14136,13.3213,25.1299
14208,13.1123,24.6768
14280,13.2090,25.0508
14352,13.6768,25.6953
14424,13.9482,26.7051
14500,14.0078,26.7461
14576,13.4463,25.2197
14652,12.9053,24.8672
14728,13.6543,25.6934
14804,13.5527,25.6641
14880,13.1406,31.1094
14956,13.5713,25.9404
15032,13.6689,25.4297
15108,13.0088,24.5918
15184,13.5098,25.5977
15260,13.6133,26.1182
15340,13.3516,25.6592
15420,13.3857,25.7256
15500,13.4873,26.1367
15580,13.0039,25.0889
15660,13.1025,25.6787
15740,13.0752,25.3018
15820,13.5742,26.2119
15900,13.5498,27.1592
15980,13.5449,25.8613
16060,13.4717,26.0449
16144,13.6680,26.3301
16228,13.5410,26.6504
16312,13.2900,29.6338
16396,16.4180,28.0225
16480,15.6357,26.8438
16564,15.3066,26.5537
16648,15.3125,25.8574
16732,15.5381,26.9785
16816,15.3906,25.8291
16904,14.9189,25.1367
16992,14.5049,25.0820
17080,15.1240,26.0195
17168,14.7695,25.2871
17256,15.5605,26.7148
17344,15.7607,27.5332
17432,15.6299,26.9258
17520,15.5781,27.0293
17608,16.0596,27.8701
17700,15.4541,26.1396
17792,15.4785,31.8330
17884,15.2998,26.3369
17976,15.1387,26.5186
18068,15.2031,26.0625
18160,15.5898,26.9092
18252,15.3730,26.4775
18344,14.7852,25.5615
18436,15.4932,26.4609
18532,15.4590,25.9971
18628,15.0996,26.3848
18724,15.5869,27.6611
18820,15.1729,26.1250
18916,15.4639,26.7871
19012,15.5000,26.8145
19108,15.2725,27.1260
19204,15.3350,27.0137
19304,15.2158,26.5088
19404,15.0996,31.6260
19504,15.6025,26.7949
19604,15.1670,26.3037
19704,15.0850,25.8242
19804,15.1191,25.6201
19904,15.6172,27.4131
20004,15.5713,26.6680
20108,15.3662,26.3086
20212,15.4014,26.1074
20316,15.2275,26.2480
20420,15.3398,26.3896
20524,14.9326,25.7988
20628,15.0010,26.0928
20732,14.8379,24.5938
20836,15.4688,27.4502
20944,14.9697,26.3037
21052,15.1348,26.2393
21160,15.3887,33.5586
21268,14.6982,24.9893
21376,15.1064,26.4111
21484,14.5889,24.9941
21592,15.1689,26.6172
21700,15.3115,26.6299
21812,15.7734,27.1260
21924,15.1523,26.5283
22036,14.7422,25.4873
22148,14.9678,26.1035
22260,14.7422,25.7910
22372,14.9678,26.7139
22484,14.7402,26.0908
22600,15.1846,26.9619
22716,15.0820,26.8047
22832,15.3516,26.7207
22948,14.7295,25.6182
23064,15.1641,32.2344
23180,15.0977,27.0186
23296,15.3623,26.8125
23416,15.0635,26.0322
23536,15.2344,26.8057
23656,14.4805,25.1162
23776,14.5771,25.3770
23896,15.1094,27.4668
24016,15.6338,27.6855
24140,15.5859,27.5508
24264,16.1240,29.1484
24388,14.9814,26.2471
24512,15.7314,28.5049
24636,15.1260,26.6855
24760,14.9629,26.4482
24884,15.3018,27.4023
25012,14.9150,26.3486
25140,15.3564,31.4863
25268,15.3242,27.8672
25396,14.7568,25.4717
25524,14.9463,26.9229
25652,15.0361,26.3838
25784,15.3857,28.0488
25916,15.2090,26.8154
26048,15.4121,27.8477
26180,15.2041,27.3525
26312,14.6953,25.9854
26444,15.4395,27.4561
26580,15.2773,27.2334
26716,15.0625,27.2676
26852,15.1025,26.8311
26988,14.9434,26.9980
27124,14.8799,27.2441
27260,15.2139,26.9951
27400,19.5889,27.4521
27540,15.2705,26.5664
27680,15.1797,27.1553
27820,14.6035,25.6748
27960,14.9229,26.1045
28100,14.8506,27.1611
28244,15.6904,28.3828
28388,14.9678,27.3789
28532,15.0996,27.5010
28676,15.0234,27.9883
28820,14.8330,27.2148
28968,14.9971,26.9023
29116,15.1279,28.0205
29264,14.9238,27.6611
29412,15.4375,27.9541
29560,15.5049,27.6104
29708,15.2197,37.7705
29860,15.3877,27.5576
30012,15.5586,27.2666
30164,15.2764,27.2246
30316,15.7314,27.9814
30468,15.3779,28.0039
30624,15.4980,28.3594
30780,15.2744,27.7373
30936,14.6758,26.0791
31092,15.2695,27.2734
31248,15.0498,27.5078
31408,15.1260,27.0195
31568,15.3311,28.1240
31728,14.9688,26.9824
31888,15.1357,27.6660
32048,14.9531,27.0859
32212,15.8115,29.0791
32376,15.2822,49.9873
32540,16.4355,53.0107
32704,14.9336,26.6279
32868,18.8301,29.5273
33036,18.6143,29.3174
33204,18.3252,28.5469
33372,18.6992,30.0215
33540,18.1611,28.5215
33708,18.3877,29.2314
33880,18.4775,29.5732
34052,18.3955,29.4326
34224,18.3623,28.9229
34396,17.2246,27.3594
34568,17.2266,28.4639
34744,16.8135,27.4590
34920,16.6973,27.4629
35096,16.6553,27.6660
35272,17.4170,28.1582
35452,17.1758,28.0000
35632,17.0869,27.5967
35812,17.3096,28.7539
35992,16.4863,26.4551
36172,17.2451,27.8467
36356,38.3223,28.9492
36540,17.4268,28.1543
36724,17.7744,27.1338
36908,17.7529,29.1426
37096,17.4736,28.0674
37284,16.4336,26.4639
37472,16.6660,26.9238
37660,16.3428,26.0146
37852,16.9512,28.1689
38044,15.9072,25.8447
38236,17.3633,28.7119
38428,16.1152,26.7178
38624,16.6426,27.1621
38820,16.6943,27.3115
39016,16.4453,27.3408
39212,16.3281,26.5225
39412,16.6748,27.5156
39612,17.1299,29.2480
39812,17.0469,27.8633
40012,16.2588,26.8906
40216,16.0420,26.4492
40420,16.6504,26.4951
40624,17.0039,28.4814
40828,17.0674,28.8408
41036,16.7305,27.7676
41244,16.7266,28.0156
41452,16.7314,27.6914
41660,16.9424,27.6074
41872,16.6309,27.7148
42084,16.3037,27.5332
42296,16.8652,27.9170
42508,16.2090,27.1514
42724,17.1426,29.0635
42940,16.7588,28.1787
43156,16.7148,27.4053
43372,16.5352,27.8281
43592,18.0039,29.2100
43812,16.6299,27.2881
44032,16.8789,28.0020
44256,16.6348,27.8809
44480,16.6699,27.5264
44704,16.3760,26.9521
44928,15.7363,35.0703
45156,16.7813,27.4873
45384,17.7148,27.4561
45612,16.7461,28.3066
45844,16.6836,27.6973
46076,17.0762,28.3496
46308,16.3936,27.4287
46540,17.0898,28.0430
46776,17.6807,27.6406
47012,15.9707,26.8389
47248,16.1045,25.9512
47488,15.9209,25.4541
47728,16.3994,28.0195
47968,21.3643,29.8311
48208,16.9316,28.5313
48452,16.7100,27.7861
48696,16.6221,27.6250
48940,16.7793,27.5127
49188,16.3584,27.7031
49436,16.3008,27.0674
49684,15.8457,26.8643
49936,16.7363,28.6113
50188,16.5361,27.3662
50440,17.1934,30.0000
50696,19.7158,28.0869
50952,16.1758,27.6289
51208,16.5469,28.4238
51468,16.2295,27.9727
51728,16.6260,28.2607
51988,16.3418,27.1074
52248,17.0918,28.5596
52512,16.3389,28.0156
52776,17.0508,29.2920
53040,16.0469,28.0215
53308,17.0195,29.2080
53576,16.4043,27.2852
53844,16.5381,28.6670
54116,16.2256,28.1943
54388,16.0977,27.3438
54660,16.5654,28.0947
54936,16.7383,29.7178
55212,16.7080,29.9072
55492,16.1963,27.3184
55772,16.5977,28.8564
56052,16.4082,26.9082
56336,16.7314,28.6924
56620,16.5801,28.6445
56904,17.0732,29.2188
57192,16.9756,29.0146
57480,15.9150,27.3164
57768,16.5977,28.5254
58060,16.3203,27.8184
58352,16.6621,28.7227
58644,16.2432,27.3154
58940,16.7334,29.8496
59236,17.0186,31.1357
59536,16.4570,28.6895
59836,16.4365,29.1504
60136,16.4297,28.7881
60440,16.1592,28.0313
60744,16.1660,27.7256
61048,16.9395,29.6436
61356,15.7246,26.4238
61664,16.2344,27.3184
61976,16.8477,29.1172
62288,16.5117,29.1133
62600,17.0352,29.9258
62916,16.6787,29.0586
63232,15.9639,28.3740
63552,16.4668,28.0859
63872,16.3916,28.9111
64192,17.2773,30.1826
64516,16.8047,29.4834
64840,17.4502,30.4805
65168,16.4678,29.1152
65496,16.1191,28.4424
65824,21.2480,31.1104
66156,19.6172,28.3457
66488,19.6074,29.6162
66824,20.5010,29.9043
67160,19.7354,28.9434
67496,19.5703,28.6514
67836,19.5557,28.9033
68176,19.0576,28.2402
68520,20.5537,30.0137
68864,20.0605,30.2246
69212,19.9727,29.0410
69560,19.9512,29.8203
69908,20.0039,29.7354
70260,19.6504,29.0889
70612,18.9756,28.1504
70968,20.6143,30.8994
71324,19.1113,36.8545
71684,20.7979,31.3418
72044,20.8359,31.2949
72408,20.7129,30.6855
72772,19.0674,28.8223
73136,19.5225,28.9004
73504,20.0244,30.1260
73872,20.0645,29.9580
74244,19.9219,30.7676
74616,19.6455,29.6582
74992,19.0996,29.0547
75368,19.9561,30.1377
75748,20.4307,30.0859
76128,20.2979,31.0752
76512,19.5947,29.0371
76896,19.8662,29.5020
77284,19.8047,29.5371
77672,20.8320,32.6924
78064,19.5684,29.6172
78456,19.5518,29.8584
78852,19.3037,29.1348
79248,19.5342,29.4326
79648,19.2295,29.6396
80048,20.0771,29.2881
80452,19.3193,29.3564
80856,18.9229,29.3135
81264,18.8633,28.5918
81672,19.0596,28.9658
82084,18.1895,28.7510
82496,19.7002,30.2217
82912,18.9727,29.5205
83328,19.2178,29.6240
83748,18.5576,28.4063
84168,18.0908,36.5420
84592,19.4678,30.5039
85016,20.2500,28.9277
85444,19.3076,31.1055
85872,20.1416,32.6533
86304,19.4502,30.0342
86736,18.9238,29.3555
87172,19.1895,29.8926
87608,18.8184,28.8574
88048,19.0078,29.2402
88492,19.6816,30.0947
88936,19.0166,29.3574
89384,18.9053,29.6777
89832,18.2383,28.2324
90284,18.4355,28.9854
90736,19.9170,31.2178
91192,20.2695,31.6055
91648,18.3486,28.5771
92108,18.8232,30.3408
92572,18.9248,30.0840
93036,19.2803,30.9385
93504,19.7568,31.3789
93972,19.5625,30.6650
94444,19.5078,30.8916
94920,19.0869,30.1953
95396,19.3652,29.8594
95876,19.5098,30.0391
96356,19.5791,30.6914
96840,19.8994,31.5557
97328,19.0059,30.7061
97816,20.1289,31.8076
98308,19.5234,32.0088
98800,20.2568,30.8047
99296,19.9990,32.3975
99796,19.8848,31.5967
100296,19.1396,30.1777
100800,20.0703,32.6611
101304,19.6846,32.1875
101812,18.9014,30.3281
102324,19.9531,31.5430
102836,19.6973,31.7891
103352,19.5527,35.9248
103872,19.1992,30.1592
104392,19.6289,31.1045
104916,20.4932,31.9893
105444,19.4941,30.2578
105972,18.1553,52.5498
106504,19.2695,33.2002
107040,30.5000,33.6406
107576,19.7803,32.5752
108116,20.1494,33.6514
108660,19.2285,31.9404
109204,19.8955,32.6611
109752,19.5693,31.5820
110304,19.7979,33.0732
110856,18.9600,30.4629
111412,19.6563,31.6338
111972,20.1963,33.5742
112532,21.0352,33.3164
113096,20.3486,39.3027
113664,19.9727,33.0313
114236,19.7041,31.7490
114808,19.2070,30.7871
115384,19.9521,31.7842
115964,19.3086,31.5625
116544,20.6377,33.2344
117128,19.6475,31.9307
117716,19.4336,31.1270
118308,19.8496,32.2236
118900,19.6777,32.1553
119496,19.6328,31.7344
120096,19.8271,32.1709
120700,19.4092,31.3613
121304,19.8164,78.8320
121912,18.7871,30.2793
122524,19.5127,32.0313
123140,19.3174,32.1914
123756,19.9590,32.0342
124376,19.7500,32.0361
125000,20.1426,32.5605
125628,20.1943,32.6309
126260,19.9111,32.8154
126892,19.2646,31.8369
127528,18.7275,30.2402
128168,19.8193,32.0967
128812,18.9766,30.4697
129460,19.7500,39.1152
130108,19.6670,32.0996
130760,101.2471,33.3945
131416,22.5898,34.0176
132076,22.1357,32.3242
132740,22.0635,31.6309
133404,22.3643,32.9756
134072,21.6367,31.8496
134744,22.2627,32.7783
135420,21.7842,31.8496
136100,22.6201,32.9795
136784,22.3545,33.1006
137468,21.3887,31.7646
138156,22.1641,32.1895
138848,22.5645,33.7480
139544,22.0723,32.9287
140244,21.7920,32.2998
140948,21.8682,32.8174
141656,22.2305,33.6445
142368,21.6855,33.9570
143080,21.6797,32.2588
143796,21.4326,32.4287
144516,22.6035,33.0674
145240,21.4326,32.2783
145968,22.3359,33.4590
146700,21.4482,32.2266
147436,21.5723,33.2275
148176,22.7305,34.4834
148920,22.2314,33.7412
149668,22.5771,34.9463
150420,22.6563,34.6602
151176,22.1035,50.2480
151932,25.5166,33.5928
152692,23.0986,31.9336
153456,23.5703,33.2314
154224,22.5352,31.8779
154996,23.4385,33.6797
155772,22.9854,32.6494
156552,24.3477,33.8008
157336,22.8604,31.9707
158124,22.7354,32.2754
158916,22.7314,32.2842
159712,22.4307,31.6104
160512,23.8369,34.2393
161316,23.5088,33.1162
162124,24.9795,33.7910
162936,23.4004,32.8174
163752,22.6289,31.7070
164572,22.8789,31.9756
165396,21.6455,30.5801
166224,23.0977,33.6328
167056,22.4512,32.4150
167892,21.6641,31.8994
168732,22.8008,32.8525
169576,22.8066,33.7295
170424,21.9297,31.7441
171280,22.0273,33.0029
172140,21.8975,32.3809
173004,21.5293,31.5781
173872,21.8193,31.9746
174744,22.9189,32.8672
175620,21.4326,32.1592
176500,21.3525,31.1318
177384,21.6436,31.8945
178272,21.4766,32.0781
179164,21.0410,31.0918
180060,21.5361,31.9189
180964,21.6699,32.3838
181872,21.8301,32.3887
182784,22.6729,33.1729
183700,22.7627,34.3242
184620,23.2959,34.6553
185544,21.7178,31.6133
186472,21.8320,33.0352
187408,22.2236,33.4736
188348,22.6387,33.7871
189292,21.5225,33.2100
190240,22.0488,32.8027
191192,22.8545,33.8516
192148,22.0586,32.2139
193112,22.2764,32.8545
194080,22.4854,33.7109
195052,22.1602,32.9883
196028,22.6592,32.8447
197012,22.4238,33.3633
198000,22.1611,32.2432
198992,22.9385,34.2051
199988,22.5391,33.8652
200988,22.8604,34.0693
201996,22.1377,37.4316
203008,21.9756,32.8965
204024,22.6885,33.9668
205048,22.2256,33.4941
206076,22.1855,33.3701
207108,22.2910,33.6787
208144,21.7568,33.3936
209188,21.9404,33.4473
210236,21.9092,32.8359
211288,21.1963,32.5771
212348,21.8623,32.8730
213412,22.0303,34.0840
214480,21.5234,32.5732
215556,22.1064,34.0566
216636,22.8252,33.1182
217720,22.8105,35.1250
218812,22.6016,33.4678
219908,22.1406,32.1719
221008,23.4590,34.6016
222116,22.4082,32.9961
223228,22.0107,32.5352
224348,21.9805,33.1484
225472,22.3291,33.6104
226600,23.4854,34.8271
227736,22.8486,34.7959
228876,24.2090,36.0410
230024,22.2090,33.8770
231176,22.4521,33.8545
232332,22.8203,34.4336
233496,22.8457,35.3516
234664,22.5049,34.1191
235840,22.5078,33.9531
237020,22.6973,35.5420
238208,21.5830,32.6826
239400,22.5693,34.9395
240600,23.1982,35.7373
241804,21.4844,32.5762
243016,20.9238,30.9941
244232,22.9854,35.0205
245456,21.9756,33.7578
246684,22.4287,34.4648
247920,23.1133,33.9668
249160,22.5869,34.4580
250408,21.6406,33.5410
251664,21.9512,33.7861
252924,23.1289,36.2598
254192,22.2275,34.2920
255464,21.6338,33.0459
256744,21.5586,33.1992
258028,21.8320,33.9521
259320,22.6172,34.8389
260620,21.9072,34.1289
261924,22.1475,34.5313
263236,26.1807,36.7002
264556,25.7881,35.5742
265880,26.7217,36.5693
267212,25.9619,36.1270
268552,26.4375,36.5156
269896,26.2881,35.6680
271248,26.9346,37.5527
272608,26.5186,36.4131
273972,26.2529,36.6279
275344,26.9580,36.8975
276724,25.8037,35.9746
278108,26.6445,34.5703
279500,25.7822,34.4668
280900,27.0898,36.6865
282308,24.3506,33.2939
283720,25.7637,35.6563
285140,25.8203,35.3145
286568,25.6963,34.8037
288004,24.9268,34.7822
289448,25.2500,35.5439
290896,25.8057,35.5664
292352,24.9971,34.1201
293816,24.9492,33.6699
295288,24.1201,33.9600
296768,25.1240,34.3477
298252,25.0527,34.4980
299744,26.1953,36.5361
301244,25.1279,35.0098
302752,26.3076,36.8672
304268,25.5684,35.5420
305792,25.1162,35.5420
307324,24.8213,35.1025
308864,25.2422,35.1787
310412,375.9150,47.0732
311968,24.1816,43.6523
313528,31.0283,36.3301
315096,29.8125,36.0342
316672,32.0654,38.3789
318256,42.5820,36.9307
319848,24.5654,38.1455
321448,24.1191,36.5645
323056,23.7266,36.0078
324672,24.3789,47.8633
326296,24.9473,35.5850
327928,24.9590,36.0859
329568,24.6650,35.9365
331216,24.6172,34.3779
332876,24.5547,35.1270
334544,24.0996,35.1553
336220,32.1729,35.4229
337904,25.1836,36.5557
339596,24.0391,34.8096
341296,23.7314,34.5850
343004,23.9648,34.6006
344720,24.2676,34.7539
346444,24.0654,35.5283
348180,27.0020,36.8545
349924,25.2148,37.8252
351676,25.2266,38.0791
353436,23.7549,34.7197
355204,25.2578,37.5029
356984,24.3486,36.2861
358772,24.5527,36.4346
360568,24.7041,37.5117
362372,24.4316,36.7715
364184,24.4092,36.4873
366008,24.7002,36.7637
367840,23.8154,34.9961
369680,23.7939,35.5068
371532,23.9619,35.1592
373392,24.3955,36.8193
375260,23.4336,35.0869
377140,24.1309,36.7959
379028,24.9873,37.2490
380924,28.5273,35.7275
382832,23.0508,35.3682
384748,24.2598,35.6963
386672,24.1504,35.0088
388608,24.9141,35.4619
390552,25.1279,36.6143
392508,24.7832,36.4316
394472,25.2041,36.1357
396448,23.7568,34.0361
398432,24.6631,36.5498
400428,24.4414,36.1416
402432,24.2402,35.1953
404448,25.9170,36.6885
406472,24.8857,36.8613
408508,25.2510,37.8525
410552,24.9141,36.5186
412608,25.3789,37.5576
414672,26.3281,39.0234
416748,24.6807,35.9453
418832,24.1836,35.5049
420928,24.6426,35.6514
423036,24.5820,35.8770
425152,23.6035,35.1533
427280,24.5469,35.1895
429420,25.3125,37.0400
431568,24.2119,35.5840
433728,24.3867,36.3770
435900,24.5684,35.3506
438080,24.1123,35.4590
440272,24.5566,36.4609
442476,24.9063,36.8818
444692,24.5410,36.5469
446916,24.3779,35.4326
449152,25.0107,37.2051
451400,24.6826,36.2305
453660,24.6992,37.0186
455932,25.2432,36.7725
458212,24.5195,36.2354
460504,24.1992,36.2754
462808,25.3613,38.0430
465124,24.4092,35.7197
467452,24.3496,35.6729
469792,24.2646,35.5049
472144,24.7949,36.2520
474508,24.2539,34.9336
476884,25.6123,38.4355
479272,24.2041,35.7695
481672,24.9473,36.9658
484084,24.3867,34.7813
486508,25.8750,38.9189
488944,24.2646,35.7520
491392,25.2100,36.9707
493852,24.6914,37.2090
496324,24.5234,35.8789
498808,24.7100,37.0635
501304,24.4854,43.3662
503812,24.7236,36.4961
506332,25.6465,38.0977
508864,26.0947,38.7861
511412,25.2188,37.0176
513972,24.5244,36.2842
516544,24.5059,36.5566
519128,25.6445,38.0146
521724,25.7354,38.7646
524336,30.4648,41.5898
526960,26.2051,37.4014
529596,27.3379,37.9121
532244,26.5625,36.5469
534908,27.7490,38.8643
537584,27.5234,39.4072
540272,26.8184,38.0801
542976,26.9512,38.0605
545692,27.6133,38.3779
548424,27.2871,37.9756
551168,26.6055,38.1494
553924,27.4863,38.5449
556696,37.1211,38.6250
559480,26.9834,37.9092
562280,26.6299,36.8857
565092,26.2646,36.6260
567920,26.9922,38.2549
570760,25.9453,36.8545
573616,26.0342,35.9541
576488,26.6445,38.6123
579372,26.9775,38.8506
582272,26.5293,37.4443
585184,27.2959,50.0820
588112,26.8809,39.0947
591056,27.1563,38.5371
594012,26.7920,37.2197
596984,26.2363,38.1387
599972,26.5547,36.3242
602972,26.9131,38.1338
605988,27.0791,38.6230
609020,26.4141,38.9141
612068,27.1553,39.2715
615132,27.0488,37.5605
618208,27.9678,38.8584
621300,32.3867,39.0391
624408,27.5488,39.4971
627532,26.6270,37.4209
630672,26.1543,36.8887
633828,25.8262,36.7412
637000,26.3525,37.7051
640188,25.8721,37.1250
643392,25.8418,36.3896
646612,26.2148,36.7842
649848,26.3652,36.4980
653100,26.0625,36.5752
656368,27.0205,37.9131
659652,25.8926,36.7471
662952,26.1045,37.2686
666268,26.3398,37.3838
669600,26.6025,37.9941
672948,27.4688,39.4824
676316,27.1904,39.0361
679700,26.5352,38.8154
683100,25.7314,36.2568
686516,26.2139,37.3174
689952,26.7275,38.9658
693404,27.9492,39.4600
696872,27.0020,38.3926
700360,27.4365,38.4580
703864,26.6621,38.3818
707384,26.6807,37.2578
710924,28.2900,41.8125
714480,27.3857,39.3330
718056,26.2021,36.0752
721648,28.3662,38.7070
725260,28.5811,40.3447
728888,26.7705,36.8691
732536,27.3877,38.0684
736200,27.3232,38.5801
739884,28.4746,40.4268
743584,28.6133,40.0811
747304,27.3018,38.6553
751044,27.9600,39.3457
754800,27.1602,38.0234
758576,27.0234,38.7363
762372,37.2813,38.8887
766184,27.8320,39.1367
770016,28.7100,47.9707
773868,28.4639,39.9619
777740,26.5947,37.4658
781632,27.8223,39.0693
785544,28.1113,39.1025
789472,27.7598,39.9131
793420,27.4951,38.8320
797388,27.5166,38.4443
801376,27.4473,39.9609
805384,27.1436,37.9805
809412,26.5674,36.4932
813460,27.9902,40.5352
817528,27.2500,38.0654
821616,29.0352,41.2725
825728,29.5000,42.1367
829860,28.0967,39.3945
834012,27.5498,39.4561
838184,27.9619,39.5068
842376,26.4941,37.5029
846588,27.7266,39.0811
850824,27.4922,38.6738
855080,26.9072,38.6162
859356,28.6787,41.6299
863656,27.9258,39.7490
867976,28.3789,38.7422
872316,27.6533,39.9473
876680,28.0879,40.3984
881064,27.4785,39.5498
885472,27.4795,39.6348
889900,27.3594,39.1660
894352,28.6260,40.7568
898824,28.5020,40.1211
903320,26.2197,37.6885
907840,28.0869,41.0303
912380,27.9590,39.9160
916944,26.7988,38.0908
921532,27.9336,45.1689
926140,28.1660,40.7334
930772,33.2002,41.2529
935428,28.3262,42.3350
940108,27.2852,39.8320
944812,28.0049,40.1729
949540,27.9141,39.8613
954288,27.5029,39.8779
959060,28.0410,40.0127
963856,28.1309,40.7822
968676,28.7686,39.9902
973520,26.8594,38.1299
978388,27.6836,39.1777
983280,27.8506,39.7383
988200,28.2422,39.8652
993144,27.4209,38.3623
998112,28.2900,41.9336
1003104,27.3525,39.6826
1008120,27.5381,39.6934
1013164,27.9629,39.7520
1018232,27.4883,39.4521
1023324,28.4023,41.5723
1028444,28.1924,40.4199
1033588,28.2881,39.9473
1038756,28.3008,40.0645
1043952,28.4775,40.9014
1049172,33.3486,43.9570
1054420,30.1631,40.0332
1059696,30.8311,41.2900
1064996,31.9775,43.4893
1070324,33.4971,41.2236
1075676,30.3311,41.5146
1081056,32.4453,43.9033
1086464,31.8906,42.9590
1091900,29.6162,40.2373
1097360,30.7129,41.9102
1102848,30.1816,42.3838
1108364,29.0264,47.8105
1113908,31.2373,42.4229
1119480,30.3389,66.1289
1125080,30.9648,42.8135
1130708,30.9688,42.5986
1136364,30.1660,41.4961
1142048,31.5293,43.2637
1147760,32.0850,44.4072
1153500,29.9873,40.9893
1159268,30.8213,41.7217
1165068,30.1406,42.2813
1170896,29.6807,40.1973
1176752,30.4639,42.4092
1182636,29.6543,40.3418
1188552,31.9590,44.2979
1194496,28.7773,39.8447
1200472,30.2305,42.0293
1206476,29.1973,40.3496
1212512,30.2754,41.7529
1218576,30.7539,42.3633
1224672,30.9707,41.7832
1230796,30.6758,42.2744
1236952,30.4082,41.5635
1243140,30.2803,42.4785
1249356,31.3896,43.4248
1255604,31.8477,43.8838
1261884,28.2373,39.8262
1268196,30.7041,44.4463
1274540,31.7783,43.8535
1280916,30.8369,42.0234
1287324,29.8604,39.9307
1293764,30.9854,42.3730
1300236,30.0518,46.5586
1306740,30.5781,41.2402
1313276,29.9023,41.2402
1319844,29.6064,40.3486
1326444,32.5654,44.6670
1333080,30.7266,41.0068
1339748,32.1855,44.0762
1346448,31.1094,41.9082
1353184,31.6279,42.6836
1359952,30.7100,41.2168
1366752,30.3018,40.9600
1373588,31.3555,41.9844
1380456,30.0752,40.7734
1387360,31.7832,43.4746
1394300,32.6914,43.5781
1401272,31.4033,42.7432
1408280,30.8564,42.1787
1415324,33.3154,44.7451
1422404,30.5361,41.9775
1429520,31.7139,44.5576
1436668,30.1826,40.4258
1443852,31.5537,43.8535
1451072,31.7666,43.2314
1458328,41.3066,43.3359
1465620,32.9463,45.0000
1472952,32.9150,43.4971
1480320,33.0088,44.0078
1487724,32.2539,43.8086
1495164,32.5078,44.9072
1502640,31.7344,42.7920
1510156,41.3496,43.5967
1517708,32.5527,44.4443
1525300,33.9971,45.5361
1532928,32.3682,44.2930
1540596,32.5322,44.9004
1548300,32.9668,45.8594
1556044,32.7617,45.5664
1563828,32.1201,44.5889
1571648,33.3906,44.9521
1579508,30.2578,42.3018
1587408,31.6045,44.7607
1595348,30.3721,41.6934
1603328,40.6123,46.2764
1611348,32.4395,42.9873
1619408,30.5889,42.4004
1627508,32.2900,45.2393
1635648,32.0303,44.5430
1643828,32.8691,46.0840
1652048,31.1611,43.6104
1660312,32.9404,44.9199
1668616,31.1563,43.6553
1676960,33.3672,47.8682
1685348,33.5352,46.3037
1693776,33.6064,46.5352
1702248,33.6211,46.4395
1710760,33.0625,45.6084
1719316,32.1836,44.8018
1727916,33.6660,45.7676
1736556,33.3242,46.2236
1745240,33.8262,46.5977
1753968,32.2881,44.8125
1762740,32.4746,45.1563
1771556,33.5537,46.8115
1780416,31.7305,43.1533
1789320,31.4111,43.8320
1798268,32.9023,45.7705
1807260,33.4434,47.1279
1816300,31.8682,44.3418
1825384,32.5195,44.9834
1834512,33.5469,45.9492
1843688,32.1309,45.6299
1852908,32.9932,46.2012
1862176,36.4365,49.7236
1871488,33.5986,48.1563
1880848,32.4492,45.9473
1890256,34.4033,50.4248
1899708,32.6123,44.8779
1909208,45.1338,46.9746
1918756,33.2549,47.9434
1928352,33.4873,54.1465
1937996,32.4053,45.5439
1947688,32.6777,46.4307
1957428,32.2656,54.1504
1967216,31.3457,44.3740
1977056,33.1592,46.5313
1986944,33.0762,46.8789
1996880,32.5010,45.7881
2006868,33.3682,46.7197
2016904,32.2207,44.9961
2026992,32.4082,45.9814
2037128,34.5820,50.1328
2047316,32.3975,45.6455
2057556,34.7666,48.3105
2067844,33.3896,47.3594
2078184,33.8438,48.7783
2088576,33.8789,48.5107
2099020,41.5859,51.5508
2109516,36.3301,49.0801
2120064,35.3545,47.7578
2130668,37.0820,49.6064
2141324,34.6025,45.8369
2152032,32.8867,44.1553
2162796,36.4814,47.9766
2173612,36.6221,49.5957
2184484,35.2334,48.0156
2195408,35.2363,47.9063
2206388,35.5908,47.6143
2217420,37.4863,49.6250
2228508,36.3506,48.8779
2239652,35.9180,47.3672
2250852,34.4717,45.6396
2262108,36.1133,48.3945
2273420,35.4561,46.0010
2284788,35.3545,48.4043
2296212,33.4268,44.9365
2307696,36.4199,49.6826
2319236,36.5439,49.1592
2330836,35.4473,47.5791
2342492,35.2715,47.8799
2354208,36.5498,48.9121
2365980,36.4561,48.8232
2377812,34.7021,46.3936
2389704,36.1484,47.9072
2401656,49.9912,47.8398
2413668,35.0840,47.1152
2425740,36.5811,49.2256
2437872,33.4473,45.2051
2450064,35.8760,48.5342
2462316,34.2930,46.8682
2474628,35.2813,47.8711
2487004,36.0840,48.8389
2499440,36.4336,48.9883
2511940,34.8105,48.4004
2524500,37.0645,49.9805
2537124,35.7061,48.0156
2549812,37.1113,52.1826
2562564,36.0371,48.7148
2575380,36.2119,49.2168
2588260,34.9658,47.9658
2601204,35.5127,49.3359
2614212,35.0957,49.0762
2627284,35.0146,48.1533
2640424,35.3242,48.9932
2653628,35.8184,49.3350
2666900,35.8564,49.2109
2680236,35.5527,48.0645
2693640,35.7607,49.1045
2707112,35.8057,48.9971
2720648,36.6777,50.5576
2734252,36.8281,51.5752
2747924,36.5742,49.5459
2761664,36.2012,50.5244
2775476,40.9590,49.6924
2789356,35.8135,50.5635
2803304,34.3271,47.7070
2817324,37.3125,52.4346
2831412,35.9834,49.2402
2845572,36.5469,50.3877
2859800,37.1563,52.3545
2874100,35.8125,49.5488
2888472,35.8945,51.0146
2902916,36.3789,49.7754
2917432,35.7695,48.4551
2932020,35.7344,48.6719
2946684,37.8672,52.0303
2961420,36.2148,49.6992
2976228,43.9111,57.6885
2991112,35.4717,48.8066
3006068,36.6064,52.3047
3021100,36.2500,50.5449
3036208,37.6484,51.7236
3051392,36.9736,51.2998
3066652,35.9678,50.3643
3081988,35.9941,54.2930
3097400,37.5371,51.2188
3112888,34.4678,46.9756
3128456,35.2490,48.8125
3144100,35.7744,48.1680
3159824,35.7539,49.7441
3175624,36.4326,50.6533
3191504,35.9307,50.8496
3207464,37.0020,51.4160
3223504,36.2715,49.9912
3239624,36.4082,50.9033
3255824,36.1699,50.6016
3272104,35.0908,49.6006
3288468,36.1279,50.8213
3304912,36.4150,51.4092
3321440,34.9189,48.9521
3338048,36.6191,52.0195
3354740,36.6143,51.8848
3371516,36.0635,50.2451
3388376,36.8438,51.9443
3405320,35.3086,50.3467
3422348,36.3604,51.2754
3439460,35.9297,51.5410
3456660,36.1494,50.3203
3473944,37.5352,51.9033
3491316,37.3809,51.7617
3508776,38.0684,54.1133
3526320,37.6016,52.2422
3543952,36.1953,51.4561
3561672,36.5586,51.6113
3579484,37.0742,52.1064
3597384,48.9277,57.0391
3615372,36.9199,52.0322
3633452,38.0762,52.4658
3651620,37.9580,53.7051
3669880,41.2266,57.3428
3688232,36.6240,50.4736
3706676,38.7305,53.3857
3725212,39.4033,54.3457
3743840,38.6299,53.8174
3762560,36.5176,51.4229
3781376,37.9014,53.5020
3800284,37.5156,52.7598
3819288,37.6543,51.9199
3838388,37.3975,52.3545
3857580,38.5996,53.6582
3876868,38.7891,52.7188
3896256,37.6230,51.5703
3915740,40.8779,55.6025
3935320,39.0459,56.7988
3955000,38.7578,53.7588
3974776,38.8516,54.1650
3994652,39.1436,53.7188
4014628,37.6338,53.1680
4034704,39.6885,55.7900
4054880,38.2646,53.8242
4075156,38.5508,54.7090
4095532,38.8369,64.8516
4116012,38.7510,54.5957
4136596,39.5762,55.5303
4157280,39.7725,55.4170
4178068,39.8701,56.0244
4198960,42.7705,55.3926
4219956,41.2461,53.9512
4241056,40.3174,53.1768
4262264,41.7305,54.4941
4283576,41.2285,52.4717
4304996,44.9922,57.4355
4326524,41.1338,53.5381
4348160,43.1543,55.9053
4369904,43.6289,55.5283
4391756,43.6895,57.1699
4413716,42.9697,54.4658
4435788,43.4043,61.5244
4457968,42.1025,54.7227
4480260,43.9629,57.9355
4502664,43.5029,56.2451
4525180,43.8643,57.2109
4547808,42.4766,56.2041
4570548,40.6533,56.1328
4593404,42.2256,54.0537
4616372,44.0498,57.9814
4639456,43.5254,57.0576
4662656,40.8809,53.6807
4685972,43.5527,63.0146
4709404,42.4473,55.3936
4732952,42.9453,55.7520
4756620,41.7236,55.8311
4780404,41.0693,54.6221
4804308,41.8945,55.3672
4828332,40.6045,53.5820
4852476,41.3057,54.3936
4876740,45.8945,61.1191
4901124,42.6748,56.6670
4925632,42.1787,56.3438
4950264,39.2471,52.0225
4975016,41.4541,55.5781
4999892,130.6582,57.4053
5024892,42.3203,56.7627
5050020,41.8887,54.4180
5075272,41.4785,55.1904
5100652,40.8066,53.2529
5126156,41.9756,55.2559
5151788,42.8770,55.8770
5177548,42.4189,56.7266
5203436,42.5791,57.8037
5229456,42.4258,56.7881
5255604,41.4014,55.3906
5281884,41.5859,56.1123
5308296,41.3975,53.2334
5334840,42.1572,56.5313
5361516,40.9102,54.1768
5388324,42.9521,56.7910
5415268,49.4111,59.9297
5442348,43.0049,56.9629
5469560,43.0986,57.3994
5496908,40.7402,54.6035
5524396,43.0205,57.3486
5552020,42.5732,56.9434
5579784,42.2422,55.1553
5607684,42.7637,55.5488
5635724,42.7686,56.9111
5663904,42.1670,55.0117
5692224,42.3018,56.8633
5720688,42.4941,57.3906
5749292,40.5938,60.0645
5778040,41.5078,55.7803
5806932,42.0557,55.4150
5835968,41.3613,55.0098
5865148,41.5010,56.1396
5894476,45.2568,57.8818
5923952,41.9131,55.7500
5953572,41.2734,54.9102
5983340,40.2314,54.2441
6013260,43.9941,57.9873
6043328,43.5635,58.7256
6073548,42.4316,57.2578
6103916,40.9893,54.9590
6134436,41.6250,55.9492
6165112,42.8760,59.4004
6195940,42.7813,58.4111
6226920,41.9551,56.7188
6258056,40.8730,55.4912
6289348,42.7578,56.2607
6320796,42.8916,58.0371
6352400,42.7549,56.5928
6384164,42.8438,57.3896
6416088,44.5029,59.7090
6448172,50.6172,56.8848
6480416,42.7559,56.6348
6512820,42.2393,56.4238
6545388,43.8955,58.8262
6578116,41.9453,57.0098
6611008,44.6055,58.7646
6644064,42.0176,57.8184
6677288,40.6328,56.1240
6710676,44.6074,59.0176
6744232,42.8086,56.6758
6777956,42.0020,56.2363
6811848,42.7842,84.8838
6845908,42.1406,56.5293
6880140,42.6191,57.3447
6914544,44.2656,59.7715
6949120,40.5674,54.1309
6983868,44.3584,58.7217
7018788,50.2988,59.8242
7053884,42.6328,56.2910
7089156,44.0117,58.7637
7124604,42.1084,55.8496
7160228,43.6377,58.9668
7196032,44.6494,59.8887
7232016,42.1729,56.7510
7268180,42.6885,58.0986
7304524,43.6172,58.6777
7341048,40.8828,55.6211
7377756,43.1143,57.4707
7414648,42.9375,57.7969
7451724,42.3496,56.7949
7488984,42.6797,71.6592
7526432,44.6113,60.9414
7564068,42.3730,56.0967
7601892,58.7656,62.6133
7639904,44.0352,59.5508
7678104,43.8721,70.3574
7716496,45.3828,58.1797
7755080,44.0137,61.2500
7793856,42.2676,57.3271
7832828,43.7969,59.9805
7871996,41.9209,57.9033
7911356,43.4844,60.0459
7950916,40.2813,54.7666
7990672,43.7793,59.6182
8030628,44.5938,60.5908
8070784,43.7578,59.8164
8111140,72.1963,61.7949
8151696,43.5146,59.8447
8192456,41.9287,60.1338
8233420,43.1895,59.2168
8274588,43.7803,58.5898
8315964,40.1592,55.1768
8357544,40.8740,56.4375
8399332,48.3115,60.9736
8441332,45.4902,58.4111
8483540,45.4854,58.1143
8525960,46.1094,57.9238
8568592,46.4824,59.4229
8611436,47.6621,66.8320
8654496,45.5850,57.9512
8697772,45.3496,275.9541
8741264,46.2832,64.1963
8784972,46.4990,59.6133
8828900,48.6592,71.3838
8873048,47.8066,77.1240
8917416,57.0527,58.1895
8962004,46.5820,59.1631
9006816,45.1787,58.1377
9051852,45.7803,56.8623
9097112,45.4531,59.2695
9142600,48.0908,59.9053
9188316,43.8652,56.9727
9234260,47.1064,60.3984
9280432,47.2314,61.2871
9326836,45.5527,60.6338
9373472,46.5479,61.4111
9420340,45.6855,60.0459
9467444,44.8447,59.2686
9514784,44.6973,58.9395
9562360,45.1455,59.1045
9610172,57.7539,61.1582
9658224,45.6279,59.7344
9706516,42.9561,56.1250
9755052,45.3223,57.1240
9803828,48.7900,63.3174
9852848,49.0762,61.3691
9902116,45.3291,62.3545
9951628,45.5830,60.7842
10001388,45.2490,62.0303
10051396,46.1963,59.9160
10101656,44.6934,57.9355
10152168,45.8623,60.3398
10202932,46.7764,61.5205
10253948,44.0498,58.1006
10305220,44.9775,59.8896
10356748,44.7676,66.3799
10408532,46.5313,61.1494
10460576,44.8652,59.7803
10512880,45.4805,60.4521
10565448,47.5684,58.8291
10618276,47.4658,63.0244
10671368,42.7822,57.1006
10724728,43.4277,57.9209
10778352,44.4580,59.2637
10832244,45.7090,60.6650
10886408,46.4043,61.3584
10940844,46.4531,71.0293
10995552,45.5859,59.3770
11050532,52.3799,58.5479
11105788,48.8721,71.4912
11161320,47.6357,60.9277
11217128,46.6045,61.6748
11273216,45.8018,60.2695
11329584,45.5146,65.4277
11386232,47.7852,60.0127
11443164,47.9775,68.9785
11500380,48.3398,63.1152
11557884,53.9160,59.3828
11615676,47.9189,72.6514
11673756,46.4336,59.8027
11732128,82.9463,61.1797
11790792,46.4033,58.9131
11849748,46.6494,58.5820
11909000,48.9795,63.0293
11968548,44.6445,57.7109
12028392,47.5029,59.8164
12088536,49.5020,62.1465
12148980,85.1348,80.9170
12209728,46.3604,62.4219
12270780,44.5273,59.0049
12332136,45.7734,59.3955
12393800,45.5947,60.4043
12455772,45.9102,63.9160
12518052,50.7764,65.4727
12580644,51.7275,264.6563
12643548,47.7568,62.7861
12706768,46.5996,87.5977
12770304,46.5820,60.6504
12834156,51.4795,67.7383
12898328,120.5654,61.3184
12962820,47.4365,62.6328
13027636,47.2744,67.7656
13092776,44.9639,61.1006
13158240,45.3154,60.2939
13224032,46.4346,62.9023
13290156,45.8428,68.3115
13356608,43.3086,58.2510
13423392,42.7588,58.2461
13490512,46.8350,63.1377
13557968,48.5508,58.1094
13625760,42.6973,57.3525
13693892,45.6025,60.7314
13762364,47.4551,65.1270
13831176,49.8506,61.1025
13900332,46.5654,61.9727
13969836,46.6123,61.1162
14039688,43.3232,57.3008
14109888,45.6436,60.5078
14180440,43.6855,59.0859
14251344,45.6426,61.8145
14322604,47.7100,62.6172
14394220,45.8887,66.7520
14466192,45.0645,60.6572
14538524,47.8291,64.0439
14611220,53.7627,61.6904
14684280,46.0820,64.1201
14757704,47.4678,63.8564
14831496,45.9980,60.3379
14905656,48.6201,66.9629
14980188,49.4600,64.6807
15055092,49.5176,62.2695
15130368,45.6426,60.6279
15206020,47.8994,64.2891
15282052,45.7803,59.0615
15358464,44.2383,57.4551
15435260,46.6738,59.9941
15512440,45.4277,59.6699
15590004,46.7021,60.5391
15667956,50.1670,65.3613
15746296,46.8838,61.0918
15825028,46.0029,62.1523
15904156,45.6816,61.8105
15983680,48.1914,62.7715
16063600,47.2412,61.5234
16143920,46.3770,64.4111
16224640,47.0176,64.1064
16305764,47.0615,63.7305
16387296,48.2949,63.9287
16469236,47.4238,63.3936
16551584,45.6582,60.2891
16634344,44.7783,60.5098
16717516,47.3994,66.1611
16801104,54.4961,68.4346
16885112,50.4150,64.7734
16969540,52.2207,63.4102
17054388,51.8799,63.2061
17139660,53.8145,65.7090
17225360,50.4404,68.8555
17311488,63.8193,67.0010
17398048,51.4092,62.8066
17485040,53.3682,69.9346
17572468,52.5225,63.0508
17660332,55.7158,65.7842
17748636,52.9365,63.6670
17837380,48.4922,59.6074
17926568,52.4521,62.2725
18016204,53.2793,61.8574
18106288,53.3350,63.8291
18196820,51.5586,64.8369
18287808,106.2979,90.5361
18379248,72.7705,73.0947
18471148,96.2100,74.9355
18563504,66.9248,75.7246
18656324,65.5840,70.4902
18749608,64.1953,106.2568
18843360,63.1504,74.3184
18937580,67.3320,84.7734
19032268,64.4424,73.5918
19127432,66.8574,78.4697
19223072,69.9063,80.3242
19319188,85.5537,83.0195
19415784,67.0498,74.5117
19512864,72.6484,77.7305
19610432,76.2949,80.0303
19708488,68.0371,77.8740
19807032,72.3799,79.7500
19906068,72.4160,80.2949
20005600,72.5068,82.2764
20105628,69.1787,76.6807
20206160,69.9033,82.9004
20307192,76.4443,84.8887
20408728,75.6162,74.7109
20510772,68.8418,75.8418
20613328,64.8145,73.5049
20716396,74.4805,79.2314
20819980,68.5449,74.8135
20924080,69.8711,77.0205
21028704,70.5957,80.3652
21133848,67.2803,88.7139
21239520,70.3486,79.9453
21345720,66.8848,76.8164
21452452,72.4277,84.1982
21559716,70.3379,80.0498
21667516,70.6387,77.3926
21775856,71.4902,80.1123
21884736,67.6631,79.3809
21994160,80.2256,86.8506
22104132,76.2275,77.6416
22214656,70.2783,79.3330
22325732,75.1094,81.2109
22437364,73.1260,83.6465
22549552,71.1709,81.6230
22662300,70.4277,87.9658
22775612,75.5625,83.9053
22889492,69.7129,78.6309
23003940,73.2471,84.1367
23118960,73.2939,80.0508
23234556,73.7920,83.4736
23350732,72.3516,79.5439
23467488,90.4346,84.8945
23584828,78.6289,84.2178
23702756,74.4404,80.6143
23821272,75.2539,88.2559
23940380,86.2637,91.3086
24060084,77.6104,88.5420
24180388,87.4063,93.9180
24301292,81.2686,90.8086
24422800,79.1143,90.3945
24544916,76.8477,88.9375
24667644,78.0742,84.6680
24790984,79.3311,101.1143
24914940,103.9727,104.1484
25039516,132.0723,93.8262
25164716,90.6250,92.7207
25290540,78.6982,90.4316
25416996,88.8652,96.8486
25544084,99.1680,90.8555
25671808,83.3584,93.4951
25800168,84.5205,208.4053
25929172,87.2607,108.2998
26058820,98.9834,97.3047
26189116,97.1094,103.1123
26320064,85.3486,96.9102
26451668,86.3369,93.9600
26583928,85.5459,91.7539
26716848,86.2207,96.6113
26850436,201.9980,96.0088
26984692,86.8291,100.8701
27119616,82.1006,93.7959
27255216,84.6855,95.1992
27391496,143.5000,94.3125
27528456,74.9932,154.3223
27666100,79.2373,89.1182
27804432,83.6533,92.7930
27943456,81.8584,84.2852
28083176,82.0322,90.0791
28223592,71.9873,82.5859
28364712,83.9980,88.4043
28506536,80.6152,90.4824
28649072,84.2334,95.5674
28792320,84.7168,90.7764
28936284,79.5352,92.6201
29080968,84.9111,91.1387
29226376,80.4434,89.7393
29372508,84.8936,97.2842
29519372,83.6797,94.2803
29666972,81.3926,92.4414
29815308,82.1572,90.0732
29964388,80.3164,88.5225
30114212,93.8379,101.0137
30264784,93.7051,91.1768
30416108,86.9629,92.3662
30568192,89.1191,97.6621
30721036,89.6689,99.4297
30874644,94.6123,98.1475
31029020,88.2754,95.2285
31184168,96.7480,99.7441
31340092,91.2402,98.8457
31496796,89.2754,102.2578
31654280,92.5947,98.0146
31812552,93.1582,104.3535
31971616,95.7090,96.8262
32131476,106.0078,96.5459
32292136,97.2412,101.5449
32453600,98.6953,101.8633
32615868,94.5527,97.7861
32778948,159.6250,103.4658
32942844,89.0928,99.3711
33107560,400.2285,117.1475
33273100,106.2754,100.2168
33439468,93.2041,99.7676
33606668,100.3633,121.8213
33774704,107.9775,126.7773
33943580,106.8740,105.0957
34113300,112.7871,132.1719
34283868,105.7422,108.1006
34455288,150.1406,114.5420
34627568,111.8447,110.4521
34800708,102.4814,105.7549
34974712,107.9932,106.5732
35149588,106.9756,107.9688
35325336,186.1660,112.0908
35501964,127.3262,107.2275
35679476,97.5791,104.7412
35857876,110.5352,113.8486
36037168,115.8213,134.4238
36217356,110.2549,117.6982
36398444,110.5146,107.8936
36580440,106.8906,116.2324
36763344,115.0957,107.2832
36947164,109.2744,112.2178
37131900,118.4004,113.4355
37317560,109.4834,147.1035
37504148,136.4043,127.7744
37691672,114.8525,116.3018
37880132,114.4141,117.8184
38069536,116.7178,119.5264
38259884,112.6904,112.9131
38451184,115.0996,114.6836
38643440,105.4814,111.3389
38836660,121.1895,168.9561
39030844,112.9678,107.6299
39226000,112.8643,117.3281
39422132,117.6738,125.5938
39619244,128.3379,123.6777
39817344,112.3213,120.5127
40016432,117.1582,118.7402
40216516,144.3174,128.8350
40417600,110.7617,117.6641
40619688,111.6602,121.0840
40822788,112.0908,120.3965
41026904,135.1406,121.8213
41232040,112.7930,118.8574
41438204,120.4258,116.4316
41645396,113.1357,116.1113
41853624,108.0713,118.3633
42062896,112.4766,119.0068
42273212,116.4307,111.9531
42484580,114.9629,115.8984
42697004,108.1338,112.2295
42910492,111.5977,111.0361
43125048,118.0674,111.7197
43340676,111.2285,129.3623
43557380,121.2822,114.3506
43775168,115.3955,117.2061
43994044,110.8115,119.4150
44214016,122.0791,117.9990
44435088,117.5244,116.5166
44657264,115.9844,116.6094
44880552,135.8857,149.6094
45104956,130.7051,122.0801
45330484,122.8252,116.1855
45557140,122.1748,115.7568
45784928,115.8320,127.8828
46013856,118.2793,124.4258
46243928,113.4727,116.5391
46475148,112.0352,119.9658
46707524,116.5254,119.4131
46941064,126.9922,120.5313
47175772,126.9414,135.0918
47411652,120.3887,120.0635
47648712,131.2578,130.2168
47886956,143.6348,119.3613
48126392,124.1807,127.8564
48367024,127.0986,137.0869
48608860,152.1230,121.5420
48851908,131.3096,118.6436
49096168,128.7207,129.6367
49341652,119.8906,132.6680
49588364,130.3887,138.1748
49836308,133.3643,126.6855
50085492,121.2549,135.0781
50335920,123.3438,127.0957
50587600,121.0303,125.9678
50840540,130.8750,135.5869
51094744,129.8311,133.8506
51350220,134.1309,131.7256
51606972,121.8857,129.3877
51865008,127.7861,134.8438
52124336,145.1396,135.1846
52384960,132.1572,135.5723
52646888,136.2432,132.3750
52910124,124.7334,135.6973
53174676,128.0430,124.9229
53440552,149.8828,138.3330
53707756,118.5098,123.2637
53976296,130.1748,131.5361
54246180,125.8311,141.2100
54517412,130.1162,130.8574
54790000,137.3945,136.1318
55063952,141.9102,140.9268
55339272,131.7666,133.7441
55615972,141.6133,136.6641
55894052,135.7256,134.4805
56173524,156.1045,146.8955
56454392,145.4883,137.6836
56736664,150.0938,142.9775
57020348,133.0400,146.9541
57305452,139.9805,135.0732
57591980,137.9375,142.3193
57879940,143.0703,179.6973
58169340,126.8262,141.9268
58460188,135.6357,156.4375
58752492,153.6797,140.8643
59046256,137.8193,156.4375
59341488,152.0625,144.8252
59638196,140.7432,153.9287
59936388,139.6885,142.2852
60236072,145.7139,139.3047
60537256,142.5908,142.8252
60839944,146.2051,137.2607
61144144,139.4434,185.8857
61449868,144.8857,139.1436
61757120,142.0488,150.2695
62065908,148.6514,152.6924
62376240,145.6230,157.5244
62688124,162.0811,161.1162
63001568,150.5908,155.4316
63316576,171.8145,162.5371
63633160,142.9346,148.3018
63951328,160.4463,162.9658
64271088,152.9951,152.5449
64592444,147.7559,150.6094
64915408,160.1133,146.8037
65239988,170.9746,168.2031
65566188,145.5254,152.7881
65894020,141.3730,145.4043
66223492,146.7793,155.5771
66554612,155.1045,160.7539
66887388,152.5332,220.5674
