4,1.0371,1.2822
8,1.7314,6.1172
12,2.2051,7.4502
16,2.1934,9.6943
20,2.8203,10.5469
24,2.8135,12.5186
28,3.6172,12.3213
32,2.7686,12.4492
36,3.2275,11.8877
40,3.2148,12.5957
44,3.2227,13.6836
48,3.2158,13.6221
52,3.2148,14.6064
56,3.2100,15.1768
60,3.2100,16.1162
64,3.2051,16.5869
68,3.7061,16.6201
72,3.6934,16.2930
76,3.6953,39.3076
80,3.7324,16.6025
84,3.7256,17.2646
88,3.7002,16.6533
92,3.6973,17.4365
96,3.6982,17.6611
100,3.7031,18.4590
104,3.7012,18.4990
108,3.7100,25.7363
112,3.7100,19.2959
116,3.6982,18.9004
120,3.7061,17.4004
124,3.7080,16.8711
128,3.7051,17.2041
132,4.2314,17.0908
136,4.2061,17.6924
140,4.2031,17.5420
144,4.1924,17.3232
148,4.2041,17.0791
152,4.2471,17.4268
156,4.2363,17.2119
160,4.2266,17.3955
164,4.2285,17.5977
168,4.2090,17.1807
172,4.2285,18.2568
176,4.1953,17.7646
180,4.2266,17.6484
184,4.1982,18.2930
188,4.2295,18.2451
192,4.2178,18.0439
196,4.2480,18.5029
200,4.2490,18.9033
204,4.2393,19.1699
208,4.1982,19.6055
212,4.2051,20.0068
216,4.2139,19.0947
220,4.2178,19.0234
224,4.2549,20.2461
228,4.2314,20.4414
232,4.2236,20.6719
236,4.2363,19.7900
240,4.2148,20.5996
244,4.2012,20.8887
248,4.2041,20.5889
252,4.2305,20.6758
256,5.0703,21.9424
260,4.7236,21.2861
264,4.7217,21.2412
268,4.7383,21.6885
272,4.7100,21.7617
276,4.7178,22.2314
280,4.7168,20.9297
284,4.7275,22.1826
288,4.7188,21.6270
292,4.7090,21.5986
296,4.7344,21.3154
300,4.7188,22.3994
304,4.7188,21.0996
308,4.7168,21.8633
312,4.7383,22.1162
316,4.7061,22.0742
320,4.6992,21.5156
324,4.7129,22.7871
328,4.7861,23.0566
332,4.8145,22.9883
336,4.8086,22.2783
340,4.7939,23.6318
344,4.7207,22.6270
348,4.7217,21.4619
352,4.7119,22.6680
356,4.7129,21.9600
360,4.7236,22.4346
364,4.7197,22.1631
368,4.7217,22.4307
372,4.7217,22.5020
376,4.7158,22.8145
380,4.7109,21.7930
384,4.7549,21.2197
388,4.7295,21.0127
392,4.7285,20.1602
396,4.7051,20.2080
400,4.7246,21.2158
404,9.0098,20.4600
408,4.7500,21.0234
412,4.7363,20.3203
416,4.7373,20.8047
420,4.7246,26.3184
424,4.7686,21.4424
428,4.7334,20.9355
432,4.8174,22.0488
436,4.7988,21.7002
440,4.8184,24.0000
444,4.7344,21.6172
448,4.7197,20.9590
452,4.7227,21.8398
456,4.7256,21.5527
460,4.7236,21.7988
464,4.7061,22.1279
468,4.7100,21.9336
472,4.7168,22.3203
476,4.7061,22.4951
480,4.7119,22.2598
484,4.7275,22.8516
488,4.7119,21.7734
492,4.7021,22.3779
496,4.7217,22.0371
500,4.7246,22.8037
504,4.7090,23.0459
508,4.7158,22.3301
512,4.7217,24.5215
516,7.4971,24.5654
520,7.1621,24.5322
524,7.6172,25.1201
528,8.3604,24.0635
532,7.2607,24.2285
536,7.1973,24.6572
540,7.2490,24.0127
544,7.1250,23.9717
548,7.2725,24.7480
552,7.3330,24.1279
556,7.3301,25.4043
560,7.1396,24.2715
564,7.3379,24.5557
568,7.3086,24.4277
572,7.1699,24.5898
576,7.2100,24.0449
580,7.3252,24.9229
584,7.3018,25.0010
588,7.2090,24.1631
592,7.2910,23.7861
596,7.2930,24.1621
600,7.0420,23.8779
604,7.3857,24.9141
608,7.5371,24.6162
612,7.3486,24.6641
616,7.2275,25.0156
620,7.2256,24.6641
624,7.3115,24.7949
628,7.0771,24.6279
632,7.2471,24.0586
636,7.0645,24.4629
640,7.2617,24.2861
644,7.0791,24.7061
648,7.2227,24.8691
652,7.2207,24.6025
656,7.2441,24.5371
660,7.3613,24.9189
664,7.1406,23.9541
668,7.1846,23.2529
672,7.2949,23.7676
676,7.2207,23.7695
680,7.2871,22.9180
684,7.4795,23.9316
688,7.2354,28.4229
692,7.3945,23.2832
696,7.4561,22.5117
700,7.4033,22.3291
704,7.1553,21.8691
708,7.0654,22.8369
712,7.2158,22.6133
716,7.3008,22.6035
720,7.1250,24.2881
724,7.1455,22.7578
728,7.1230,22.6465
732,7.3457,23.8506
736,7.1484,23.0254
740,7.3574,23.1777
744,7.2158,23.5996
748,7.3320,23.9346
752,7.4043,23.2314
756,7.3438,24.0488
760,7.2793,23.2168
764,7.2793,23.3301
768,7.2969,24.0762
772,7.5078,23.8105
776,7.1582,23.7734
780,7.6211,24.2666
784,7.3975,24.1738
788,7.3711,24.5107
792,7.2832,23.4834
796,7.2012,24.1709
800,7.4121,23.4482
804,7.1270,23.3496
812,7.3193,24.5195
820,7.3193,24.0098
828,7.0244,24.4004
836,7.2188,24.3477
844,7.2451,24.3418
852,7.3311,24.7441
860,7.1689,35.5645
868,7.6133,24.3379
876,7.2051,23.3662
884,7.1777,24.5693
892,7.1162,24.6289
900,7.1514,24.5977
908,7.4082,25.5439
916,7.4033,25.0215
924,7.1582,25.7949
932,7.3438,25.2070
940,7.1826,24.1289
948,7.2490,26.0684
956,7.1514,25.5537
964,8.1328,25.6738
972,7.2334,25.0400
980,7.7666,25.6650
988,7.2031,26.3330
996,7.2520,26.6143
1004,7.1865,25.5146
1012,7.2002,26.4658
1020,7.3027,25.8594
1028,12.1953,33.6035
1036,10.1895,26.1367
1044,10.2695,26.5537
1052,10.1924,26.8613
1060,9.9912,26.0371
1068,9.7148,25.5508
1076,11.1172,26.2480
1084,10.0898,25.1240
1092,10.2383,26.7549
1100,10.1621,26.5693
1108,9.8545,25.5928
1116,10.0635,26.5459
1124,10.1172,25.8252
1132,10.2910,25.8955
1140,10.4678,26.1260
1148,10.2949,26.6338
1156,10.2158,25.5898
1164,10.3516,26.1172
1172,10.2969,25.8125
1180,10.0654,26.4580
1188,16.8135,27.2588
1196,13.4473,45.2344
1204,10.4531,26.1270
1212,10.4150,27.0977
1220,10.0996,26.6035
1228,10.3809,26.4209
1236,10.2676,26.4941
1244,9.9912,26.0869
1252,10.2305,26.7100
1260,10.3359,26.3584
1268,10.0078,27.6318
1276,10.3633,27.1719
1284,10.1377,27.0322
1292,10.0859,26.8262
1300,11.7354,28.0693
1308,11.3154,27.2197
1316,10.5410,26.9277
1324,9.9492,27.0381
1332,10.0713,31.9648
1340,10.4043,27.1816
1348,10.3779,26.5244
1356,10.0938,26.9336
1364,11.0352,26.7686
1372,9.8193,27.9395
1380,10.0205,25.9834
1388,10.2412,25.8281
1396,10.0723,26.0303
1404,9.5654,25.9375
1412,9.8018,26.6230
1420,9.7891,25.9170
1428,10.1787,25.9219
1436,9.8350,26.3066
1444,9.7480,25.7197
1452,9.5234,26.3516
1460,9.9229,26.8916
1468,9.8008,26.5996
1476,9.8682,27.7676
1484,9.7002,25.8662
1492,9.9727,27.0898
1500,10.1025,26.3320
1508,9.8838,26.2119
1516,10.0986,27.6211
1524,9.8398,27.2510
1532,9.9307,26.2686
1540,9.6133,26.2773
1548,9.7744,26.2002
1556,9.8096,26.6182
1564,9.6104,26.8154
1572,10.1650,27.6797
1580,10.0439,27.0020
1588,9.9111,26.9268
1596,9.9561,27.3594
1604,10.0449,31.2910
1616,10.4639,28.6221
1628,9.9424,27.2705
1640,9.9072,27.6533
1652,9.8252,27.2256
1664,9.8027,31.9600
1676,10.3936,27.0967
1688,10.0000,28.0752
1700,11.2354,27.3340
1712,9.6396,26.7676
1724,9.8916,27.7695
1736,10.0049,27.2002
1748,9.7910,27.9238
1760,9.8955,27.9316
1772,9.7100,27.3545
1784,9.9004,26.5283
1796,9.9326,27.8408
1808,10.0996,28.5137
1820,9.8447,27.5830
1832,9.9336,28.0879
1844,9.7314,27.2979
1856,10.0957,27.9258
1868,9.6660,27.2051
1880,9.8359,27.0654
1892,9.9873,34.1602
1904,10.2354,28.8857
1916,11.1787,27.4844
1928,10.0684,27.9326
1940,9.8037,27.2227
1952,9.9150,28.5479
1964,10.1748,29.0625
1976,9.8730,28.1748
1988,9.9482,28.7285
2000,9.9414,28.8496
2012,9.7813,28.3633
2024,9.9932,28.6553
2036,9.8281,28.5781
2048,10.3477,30.0557
2060,13.7119,30.7227
2072,12.7422,29.5391
2084,13.2070,29.9033
2096,12.9072,30.1475
2108,12.9375,35.5742
2120,13.0400,30.2061
2132,12.9756,30.2061
2144,13.0537,30.5850
2156,12.7070,29.8086
2168,12.7236,29.9492
2180,13.0176,30.4063
2192,12.7666,29.8115
2204,13.2051,30.9639
2216,13.0381,30.6572
2228,12.7861,30.0898
2240,12.7773,30.1494
2252,12.8467,30.0596
2264,12.5898,30.1113
2276,12.6318,30.2588
2288,12.5781,29.7168
2300,12.7471,30.7090
2312,12.9199,35.4502
2324,12.9648,30.2793
2336,12.9248,30.9297
2348,13.0957,30.5732
2360,12.8594,30.1543
2372,12.8848,29.8184
2384,12.8125,30.2256
2396,12.8125,29.8271
2408,13.0088,30.2793
2424,12.6709,30.3789
2440,12.7373,29.3096
2456,12.7266,30.2461
2472,12.8818,30.7441
2488,12.8516,30.7578
2504,13.1289,30.9609
2520,13.0361,30.3311
2536,13.5508,30.4736
2552,12.6934,35.5117
2568,12.8145,29.9502
2584,12.7402,30.4209
2600,12.6367,29.9346
2616,12.6475,30.3545
2632,12.7295,30.3779
2648,12.3506,29.4590
2664,12.6094,30.3291
2680,16.8350,31.5869
2696,12.4375,29.5342
2712,12.8955,30.6934
2728,12.3535,30.0537
2744,12.5830,30.1973
2760,12.7207,29.9824
2776,12.6484,30.5576
2792,12.6709,29.8711
2808,12.5811,30.4297
2824,12.6982,132.5928
2840,13.0459,30.9893
2856,14.2646,31.9873
2872,13.9727,30.8613
2888,13.1602,31.7432
2904,13.1641,30.6064
2920,12.6611,30.6553
2936,12.8682,31.6934
2952,12.5615,30.0596
2968,12.8633,31.2764
2984,13.3613,31.2900
3000,12.9072,30.6777
3016,12.8105,31.4121
3032,12.9082,31.0205
3048,12.9268,31.4551
3064,13.2236,38.8818
3080,13.2744,31.6123
3096,13.0830,31.4482
3112,12.7471,31.8008
3128,12.7676,31.2998
3144,12.6689,32.1191
3160,12.9268,31.5283
3176,13.3223,31.5078
3192,12.6162,31.2852
3208,13.0723,31.5352
3228,13.0459,30.8057
3248,12.7383,31.5918
3268,12.8906,32.4746
3288,12.9180,32.0605
3308,12.7949,31.0254
3328,12.8418,32.9629
3348,12.6104,32.3076
3368,13.0869,35.4551
3388,12.8652,31.9043
3408,13.1123,32.5352
3428,12.7109,31.8809
3448,12.6016,31.6514
3468,12.9160,32.0938
3488,12.7539,31.6953
3508,12.8467,32.0107
3528,13.0781,32.4922
3548,12.8662,32.2803
3568,12.6123,32.0752
3588,12.7617,32.3291
3608,12.7334,31.8643
3628,13.0898,32.6953
3648,12.6787,31.9180
3668,13.2188,32.8379
3688,12.8193,32.4131
3708,12.4775,31.5039
3728,13.1191,32.6396
3748,12.6563,32.1143
3768,12.7695,32.8877
3788,12.9570,31.8672
3808,12.7793,32.6514
3828,12.7480,32.5869
3848,12.6055,32.9355
3868,13.2949,32.6914
3888,12.9150,33.1133
3908,12.6846,32.3428
3928,12.8936,32.7949
3948,12.7549,32.6816
3968,12.8594,32.3975
3988,13.1387,33.2139
4008,13.0908,33.2793
4032,12.6514,32.6084
4056,12.7529,32.8408
4080,12.8965,32.1963
4104,19.7725,37.2686
4128,17.3115,34.9580
4152,15.4600,33.2344
4176,15.3936,33.1865
4200,22.8594,34.1436
4224,15.1836,33.0000
4248,15.5186,33.8135
4272,15.3340,33.7764
4296,15.6846,33.9678
4320,15.3232,33.3320
4344,15.2852,33.0391
4368,15.6318,33.9463
4392,15.3809,33.1953
4416,15.5420,33.9531
4440,15.6865,34.0703
4464,15.8311,34.5000
4488,14.9570,32.9531
4512,15.2217,34.0537
4536,15.5840,33.1543
4560,15.4014,34.0684
4584,15.2754,33.8438
4608,15.5234,33.6348
4632,15.2998,33.4551
4656,15.4561,33.2393
4680,15.4834,34.0381
4704,15.6016,34.5996
4728,15.4424,33.2646
4752,15.6309,34.0166
4776,15.4023,34.3252
4800,15.1094,33.1689
4824,15.1357,33.2930
4852,15.8652,34.4893
4880,15.5918,34.1455
4908,14.9082,32.8174
4936,15.5303,34.4727
4964,15.5537,34.2676
4992,15.3896,33.7227
5020,15.2686,33.6992
5048,15.2227,33.9336
5076,15.2920,35.4551
5104,15.6348,34.7549
5132,15.6230,33.2588
5160,20.2939,33.2266
5188,15.2842,33.6504
5216,15.2881,34.5176
5244,15.5088,33.8389
5272,15.3584,33.6289
5300,15.4229,33.7012
5328,15.8164,35.0146
5356,15.5645,33.8770
5384,15.5352,33.8389
5412,15.3516,33.9707
5440,15.3203,34.7959
5468,15.3760,34.9082
5496,15.4170,33.6416
5524,15.8818,34.1123
5552,15.4658,33.8213
5580,15.7813,40.0479
5608,15.8877,34.8926
5640,15.3691,35.0225
5672,15.5225,34.0850
5704,15.4502,33.9795
5736,15.3213,34.4912
5768,15.6729,33.8379
5800,15.5322,34.4648
5832,15.4873,34.4355
5864,15.2627,33.7568
5896,15.4990,34.4023
5928,15.5146,34.9180
5960,15.2021,34.4453
5992,15.4932,34.0664
6024,15.2334,34.3252
6056,15.6367,46.5801
6088,15.4336,34.4004
6120,15.7715,35.4785
6152,15.3574,34.4766
6184,15.6260,34.8203
6216,15.0557,34.7471
6248,15.8799,34.7148
6280,15.4160,34.0156
6312,15.0742,34.1973
6344,15.2607,34.2100
6376,15.8291,34.4238
6408,15.5020,34.5566
6444,15.2295,34.2813
6480,15.5811,35.1602
6516,15.4424,34.8447
6552,14.9033,39.7549
6588,15.5635,35.5605
6624,15.6895,35.4941
6660,15.4160,34.7842
6696,15.8887,37.5352
6732,15.3818,35.4209
6768,15.3584,35.6592
6804,15.2441,35.1377
6840,14.8574,35.2246
6876,15.5234,35.8066
6912,15.5166,35.4883
6948,15.0771,35.9189
6984,15.3057,35.2441
7020,15.1602,35.0225
7056,15.2842,35.3730
7092,15.5996,35.6172
7128,15.5518,34.5303
7164,15.2090,34.5254
7200,15.4912,35.5010
7236,15.4189,35.5850
7276,15.4658,35.4404
7316,15.8125,35.6680
7356,15.9951,35.8301
7396,15.4443,35.7178
7436,15.6816,34.9248
7476,15.4063,35.0732
7516,15.4414,35.7090
7556,15.7158,36.0820
7596,15.6084,36.0703
7636,15.6045,35.9443
7676,20.3760,40.7686
7716,15.5518,35.1670
7756,15.6465,36.3330
7796,15.6152,35.6318
7836,15.7246,35.7520
7876,15.0449,35.6816
7916,15.0303,35.4688
7956,15.4277,35.9385
7996,15.3936,35.7334
8036,15.7275,36.5176
8080,15.1904,35.4775
8124,15.1270,35.6064
8168,15.1426,34.7793
8212,21.2266,36.7500
8256,20.8477,43.9072
8300,19.7217,37.6104
8344,18.3291,36.2109
8388,18.0723,35.7314
8432,18.5781,36.3252
8476,17.4590,35.3135
8520,17.2910,34.5352
8564,18.3193,36.6172
8608,17.8555,35.4111
8652,18.0049,35.3887
8696,18.0771,36.6943
8740,18.2461,36.4922
8784,18.0068,35.1172
8828,17.5488,35.8604
8876,18.0557,42.9326
8924,19.1650,34.9316
8972,18.2930,36.6846
9020,17.6260,35.6094
9068,17.8350,36.6484
9116,17.8652,36.5879
9164,17.4355,36.1055
9212,18.1914,36.6230
9260,18.7051,37.1123
9308,17.9072,36.3564
9356,17.9492,36.0869
9404,18.5361,36.8896
9452,17.9707,36.6338
9500,18.1221,36.5176
9548,17.9492,42.1416
9596,17.8008,36.2090
9644,18.3145,36.4268
9696,18.4775,37.2080
9748,17.9873,36.4990
9800,18.2598,36.8027
9852,17.9336,35.8008
9904,18.3154,37.4697
9956,18.4141,36.8047
10008,17.5127,35.3838
10060,18.2568,36.6377
10112,18.0908,37.5430
10164,18.0449,36.3340
10216,18.5400,37.3408
10268,91.9043,40.5908
10320,19.0811,38.2148
10372,18.6045,37.4131
10424,18.7002,37.8145
10480,17.9795,37.5674
10536,18.6289,37.5342
10592,18.1943,37.3789
10648,18.7344,37.5059
10704,18.5869,38.4707
10760,18.4561,38.1309
10816,18.0322,37.6582
10872,18.4951,37.6748
10928,18.2334,37.7402
10984,18.2148,37.7637
11040,18.4951,37.8330
11096,19.0645,38.1787
11152,18.6074,38.4775
11208,18.0703,36.6650
11268,18.2871,37.7744
11328,18.7852,38.7217
11388,18.3037,37.8730
11448,18.4854,38.0449
11508,18.4443,38.3711
11568,18.2930,38.4023
11628,18.2627,37.6621
11688,18.2988,37.2129
11748,18.7139,38.1250
11808,18.7559,38.3799
11868,18.3643,37.7305
11928,18.8105,37.2295
11988,18.0264,37.8984
12048,18.3262,37.3174
12112,19.1660,38.9170
12176,18.4092,42.9678
12240,18.8750,39.7080
12304,18.6045,37.7168
12368,19.0371,38.4580
12432,18.3008,38.5781
12496,18.8369,39.3115
12560,18.1484,38.9053
12624,18.1211,37.6582
12688,18.4629,38.1807
12752,18.3613,38.0273
12816,18.6406,38.2852
12884,18.3389,38.2080
12952,18.3623,38.0283
13020,18.6816,38.3604
13088,18.0723,38.0400
13156,18.6709,38.9492
13224,18.3291,38.9951
13292,18.7031,38.3965
13360,18.3564,38.4541
13428,18.6104,39.4150
13496,18.2773,39.3545
13564,18.5645,38.9150
13632,18.4219,38.9736
13704,18.4648,38.6221
13776,18.1465,38.3525
13848,18.3252,38.0293
13920,18.6445,39.2461
13992,18.3174,38.4102
14064,18.5010,39.2500
14136,18.8721,39.2412
14208,18.3682,38.8721
14280,18.8252,39.5820
14352,18.6172,39.6445
14424,18.7930,39.5254
14500,18.3389,38.3457
14576,18.1895,37.7559
14652,18.4990,39.5234
14728,18.8535,40.0859
14804,18.0635,38.2549
14880,18.6270,39.8086
14956,18.8945,40.5371
15032,18.6748,40.3604
15108,18.2549,39.0469
15184,18.0635,38.1074
15260,18.0059,38.6133
15340,18.1113,39.6201
15420,18.7051,39.6211
15500,24.2793,39.6924
15580,18.5840,40.2246
15660,18.2363,39.5176
15740,18.5488,40.0234
15820,18.8037,39.7002
15900,18.1709,39.1914
15980,18.3242,40.1787
16060,18.3506,39.0762
16144,18.4756,40.0693
16228,23.4531,40.8760
16312,18.9658,40.6777
16396,22.1602,40.5098
16480,21.7266,40.3438
16564,21.5811,39.1621
16648,21.4658,39.8311
16732,21.0137,38.7998
16816,21.5615,39.9951
16904,21.5850,39.7861
16992,21.6787,39.9863
17080,20.9922,38.7334
17168,21.8672,41.2393
17256,21.6523,40.2734
17344,21.5537,40.0781
17432,21.0947,40.3008
17520,21.2158,40.3975
17608,21.2334,39.9160
17700,21.1592,39.9238
17792,20.7471,39.3252
17884,21.5898,40.4053
17976,21.2373,40.9355
18068,20.5635,40.1406
18160,20.7813,39.4014
18252,20.9355,40.1338
18344,21.0684,39.4590
18436,20.7803,40.2129
18532,21.4678,40.4521
18628,21.1709,40.5781
18724,20.8203,39.7373
18820,21.0986,39.8682
18916,21.1582,39.7988
19012,20.6865,40.1377
19108,21.5254,40.9082
19204,20.8213,40.2188
19304,21.4570,40.0889
19404,20.6484,39.6240
19504,20.5225,38.6094
19604,21.1270,40.8174
19704,20.9219,40.5566
19804,21.2158,40.6211
19904,21.0664,40.2559
20004,21.0918,40.6406
20108,20.8154,39.9600
20212,21.2500,41.0469
20316,21.3809,40.3682
20420,20.9531,40.9229
20524,21.1104,40.0234
20628,21.4375,39.8623
20732,20.8994,39.0732
20836,20.8906,39.9277
20944,21.4365,40.5078
21052,20.5557,40.4697
21160,21.3232,51.0811
21268,21.0283,40.5303
21376,20.6182,39.5527
21484,20.7686,39.5293
21592,20.7324,39.9365
21700,20.4922,40.0391
21812,21.1924,41.0576
21924,20.8350,39.8330
22036,20.8203,40.2500
22148,21.6973,41.1934
22260,21.1641,40.5264
22372,21.8730,41.6758
22484,20.5078,40.0254
22600,21.3789,40.5889
22716,20.4707,40.2070
22832,20.6797,39.6904
22948,20.2461,39.4131
23064,20.9180,40.4814
23180,20.9102,40.5762
23296,21.2139,40.5303
23416,21.2412,41.5107
23536,20.8828,40.6484
23656,20.8242,40.1133
23776,21.0146,40.1191
23896,21.0059,39.3184
24016,20.3799,39.5361
24140,20.4561,40.5596
24264,20.8633,39.5625
24388,21.2939,41.6543
24512,21.6289,41.3164
24636,20.3301,38.9189
24760,21.3203,41.0918
24884,21.4893,40.8057
25012,20.8955,41.8672
25140,20.8398,40.2070
25268,21.3945,41.3096
25396,21.3945,41.5938
25524,20.5703,40.5225
25652,20.6396,40.2852
25784,20.8877,41.9170
25916,21.4004,41.3623
26048,20.8350,41.4219
26180,20.8779,40.4180
26312,20.4326,40.4463
26444,21.0293,40.6006
26580,20.7598,40.6875
26716,20.6514,41.5889
26852,20.7568,40.9912
26988,20.6201,41.0684
27124,20.6406,41.3359
27260,21.8398,42.3750
27400,20.7715,40.7949
27540,21.2275,45.9785
27680,21.6982,42.2246
27820,21.2158,42.2148
27960,20.6924,40.6875
28100,20.6064,40.7832
28244,20.5654,41.1523
28388,20.6426,108.1885
28532,24.4766,41.8047
28676,21.6934,42.1738
28820,22.6621,42.5645
28968,20.9873,40.3350
29116,20.5254,41.3008
29264,20.6992,45.5186
29412,20.2979,40.2998
29560,21.0801,40.7266
29708,20.6943,41.3311
29860,20.3301,40.5039
30012,20.6299,47.3154
30164,21.3174,41.8193
30316,20.9727,42.0781
30468,20.6748,40.3203
30624,20.9697,40.8838
30780,20.4873,40.5381
30936,20.5146,41.3643
31092,20.4033,41.1748
31248,20.9150,41.2373
31408,20.7451,41.3369
31568,20.6768,41.1162
31728,20.4639,40.3193
31888,21.2188,41.9902
32048,28.3184,41.9570
32212,20.4658,40.8799
32376,21.0947,41.8682
32540,20.4268,41.5117
32704,20.7383,41.7344
32868,26.8037,41.9365
33036,24.4824,42.0781
33204,22.3711,40.7197
33372,22.5459,40.7363
33540,23.8926,42.1738
33708,22.7520,41.2100
33880,22.8916,41.7842
34052,23.6357,42.4502
34224,23.2480,41.3643
34396,22.8438,41.7148
34568,22.4355,41.3945
34744,23.8936,42.6191
34920,23.4746,41.4951
35096,23.7646,42.3730
35272,23.2803,41.3662
35452,23.7119,42.6943
35632,27.3271,41.7734
35812,23.4307,41.6475
35992,23.1836,42.0342
36172,28.9355,42.8857
36356,23.2031,41.9736
36540,23.0684,41.9453
36724,23.3213,42.1318
36908,22.8105,41.5361
37096,22.6631,40.7256
37284,22.7920,40.6846
37472,22.3535,40.9902
37660,22.7861,40.8105
37852,23.3848,42.3125
38044,23.9463,43.1816
38236,22.8320,41.3486
38428,28.9473,41.9707
38624,23.6836,40.3994
38820,22.8896,42.1104
39016,22.3730,40.6348
39212,22.9092,42.2275
39412,22.6836,41.0254
39612,22.3135,39.8867
39812,22.8926,41.9941
40012,23.1504,41.8564
40216,22.9502,41.3906
40420,22.3564,40.1143
40624,22.7617,40.6660
40828,27.4150,42.0361
41036,23.2354,41.0840
41244,22.9395,41.0430
41452,22.8184,41.4854
41660,22.5508,40.6172
41872,22.8301,41.4922
42084,22.6348,40.4473
42296,22.7529,42.1240
42508,23.1250,40.9092
42724,23.0752,42.0098
42940,22.6143,41.4746
43156,22.9648,41.8682
43372,31.7568,42.9902
43592,23.8506,42.6123
43812,23.3418,41.9727
44032,23.5264,42.2773
44256,23.1738,42.6406
44480,23.7441,48.6475
44704,24.1855,43.3652
44928,23.2676,41.6641
45156,22.9170,41.5742
45384,23.5498,42.8447
45612,23.3809,41.6260
45844,23.3057,41.5234
46076,23.4941,43.3965
46308,22.9922,41.5449
46540,23.3613,42.9785
46776,23.4424,47.4326
47012,23.4785,42.0908
47248,23.5078,48.8037
47488,23.6895,42.7070
47728,23.7012,43.2578
47968,23.7080,43.2822
48208,23.8701,44.0742
48452,23.1572,42.4258
48696,22.8984,42.5938
48940,23.7813,41.8613
49188,22.4951,41.4443
49436,22.9082,43.0898
49684,22.7734,41.4619
49936,22.7178,42.6377
50188,23.4160,43.4023
50440,22.7129,42.4121
50696,22.9424,42.2090
50952,22.5313,42.0576
51208,22.5410,41.6797
51468,22.8652,42.8896
51728,22.6084,42.0645
51988,24.1094,42.6172
52248,22.6504,41.3584
52512,23.7813,42.2549
52776,24.1084,43.8447
53040,23.1250,42.0566
53308,29.2715,46.1260
53576,23.6543,42.9385
53844,22.7744,42.5137
54116,22.2910,41.7803
54388,23.4922,43.5254
54660,23.7334,44.0791
54936,23.8838,43.7275
55212,23.4434,42.1348
55492,22.5586,40.8838
55772,23.3701,43.2588
56052,23.0039,41.8320
56336,23.2676,42.5547
56620,23.9453,45.5840
56904,23.8125,43.2080
57192,23.0918,43.0205
57480,23.5088,42.3916
57768,23.3096,42.5293
58060,23.3477,42.7949
58352,23.4023,43.7559
58644,23.8301,43.7061
58940,22.9707,42.1650
59236,22.9160,42.3994
59536,22.6504,42.4580
59836,23.8203,50.5811
60136,24.9063,42.5225
60440,22.6152,42.5342
60744,23.7764,43.0928
61048,23.3682,44.4258
61356,23.5820,44.1543
61664,23.8330,43.8516
61976,23.1230,43.5615
62288,23.3115,43.5107
62600,22.1602,42.8916
62916,23.6357,43.8662
63232,23.9824,49.5068
63552,23.0957,44.2266
63872,23.1953,43.9287
64192,31.1689,43.4092
64516,22.7930,43.3496
64840,22.9922,44.0322
65168,22.8320,43.7080
65496,22.6211,43.6338
65824,29.4756,43.6934
66156,26.8945,43.3008
66488,27.2559,43.5693
66824,26.7354,43.4824
67160,26.9580,43.2529
67496,26.9863,44.5342
67836,27.0820,43.7676
68176,27.6934,44.2070
68520,27.1172,45.0137
68864,26.8418,43.5391
69212,26.4521,43.5557
69560,27.1807,44.2021
69908,27.3740,44.9111
70260,26.8164,44.5039
70612,27.2783,140.8643
70968,71.4766,58.3008
71324,27.8594,43.4600
71684,26.7432,44.9971
72044,26.3447,44.4521
72408,26.6172,44.5977
72772,27.0078,45.3945
73136,27.4512,45.8115
73504,26.6406,45.1064
73872,27.4844,50.8154
74244,27.1191,44.1748
74616,26.8955,43.7539
74992,27.3730,44.5000
75368,27.2393,44.2217
75748,27.3945,45.4346
76128,26.6113,44.0527
76512,27.6533,45.6172
76896,27.1572,44.4043
77284,26.6328,44.0000
77672,27.1602,44.0850
78064,26.8496,45.9619
78456,27.4092,44.6709
78852,26.7979,44.9150
79248,26.7744,44.6348
79648,27.2129,44.9023
80048,27.2881,45.2793
80452,26.7627,44.5703
80856,27.6152,45.2861
81264,26.7402,45.2979
81672,25.7607,43.0088
82084,27.2393,44.9531
82496,31.9482,45.3271
82912,26.3291,43.8701
83328,26.2998,44.4258
83748,26.6123,44.5391
84168,27.4639,44.9258
84592,26.1084,44.1680
85016,26.8438,45.3428
85444,26.5664,49.2109
85872,26.6572,44.9814
86304,26.7051,44.8350
86736,27.7637,53.2588
87172,27.0098,46.7949
87608,28.1650,45.5947
88048,27.9365,44.9912
88492,27.7695,45.2832
88936,28.3164,45.7852
89384,27.9219,45.7295
89832,26.8555,44.8203
90284,27.3975,44.7754
90736,28.3613,46.4980
91192,28.2070,45.6543
91648,33.6338,49.6045
92108,26.5742,43.0068
92572,27.6299,45.1123
93036,28.3857,47.2012
93504,27.9404,44.9102
93972,27.8271,45.6162
94444,27.8398,46.1963
94920,27.7119,45.8809
95396,27.8828,45.6865
95876,27.3018,44.8057
96356,27.1914,50.3262
96840,27.2871,46.4219
97328,27.7285,45.4561
97816,27.1885,45.2354
98308,27.5010,45.2002
98800,28.2334,46.4951
99296,27.4268,46.5859
99796,27.3711,47.5039
100296,27.2139,46.5039
100800,27.0215,46.2793
101304,27.4063,46.1221
101812,33.0146,46.5615
102324,26.8467,46.5039
102836,27.2373,47.4688
103352,26.8096,46.4316
103872,27.5986,47.4063
104392,25.8037,44.5313
104916,27.5869,46.9219
105444,26.6885,46.3066
105972,28.7588,46.4258
106504,28.6191,46.3896
107040,27.5293,45.5908
107576,28.6982,47.3545
108116,27.3574,45.0850
108660,27.2842,45.2695
109204,27.9668,46.0381
109752,28.4932,54.8770
110304,29.0215,48.5566
110856,28.1279,46.3721
111412,28.1387,46.6279
111972,28.2129,47.6025
112532,27.4961,46.6309
113096,27.6113,46.9795
113664,27.5439,46.8682
114236,27.8682,47.5059
114808,27.6338,47.9922
115384,27.7070,46.7256
115964,27.6475,47.3594
116544,28.4668,48.1719
117128,26.5225,45.3936
117716,27.3779,47.1855
118308,27.9873,47.4443
118900,27.0928,46.9414
119496,29.5010,46.5195
120096,29.1582,48.5723
120700,30.5098,47.7803
121304,28.4160,47.0010
121912,33.1621,48.0225
122524,28.1338,46.5488
123140,27.5771,45.9170
123756,28.1484,47.2324
124376,28.4766,47.0498
125000,28.5420,48.0303
125628,27.8691,47.9287
126260,27.0605,47.5869
126892,27.2021,46.5977
127528,27.8291,48.9355
128168,31.2959,47.6719
128812,27.9033,47.8154
129460,27.5137,48.4551
130108,27.4326,47.8223
130760,26.8369,47.0205
131416,33.7207,48.0400
132076,33.3291,47.7041
132740,32.4258,47.1563
133404,33.3584,47.7939
134072,32.9473,47.8574
134744,37.7188,48.3193
135420,33.1299,48.0879
136100,33.0820,47.6660
136784,32.5225,48.0664
137468,32.8418,48.7500
138156,31.7959,47.8574
138848,32.7451,49.0703
139544,32.0586,47.3447
140244,31.7480,47.4277
140948,31.1836,52.0000
141656,32.0840,48.4277
142368,31.8721,49.0156
143080,32.4502,49.1182
143796,31.1553,49.1680
144516,31.7109,49.7305
145240,31.3926,59.0010
145968,32.3018,49.1768
146700,31.4648,48.5068
147436,30.5654,47.6709
148176,30.9639,48.4678
148920,31.5303,48.5205
149668,32.6660,49.7891
150420,30.9424,48.0166
151176,31.7793,51.7227
151932,31.9395,166.4824
152692,32.4971,52.0098
153456,31.9785,50.7021
154224,32.9072,51.6973
154996,32.5811,51.1875
155772,32.7236,51.4355
156552,32.1191,51.1807
157336,32.4102,51.4570
158124,30.3301,48.5400
158916,31.8369,50.3984
159712,31.8398,50.7910
160512,31.7646,50.7227
161316,33.0752,51.3076
162124,32.0771,51.2129
162936,31.7178,50.8242
163752,31.7617,51.2021
164572,32.4434,51.3643
165396,31.4092,49.9326
166224,32.7949,53.3398
167056,32.9482,51.1611
167892,32.0020,50.0977
168732,32.5020,49.5049
169576,31.8906,50.5410
170424,32.2900,48.9238
171280,32.1455,50.0293
172140,32.0273,50.7129
173004,32.1699,50.4365
173872,31.4385,50.4697
174744,34.0605,52.6406
175620,31.9297,51.6201
176500,32.6602,51.0811
177384,49.9297,61.1348
178272,32.1279,52.2676
179164,33.6064,51.9961
180060,33.4639,52.8057
180964,32.5273,51.7939
181872,62.6553,52.4678
182784,33.3994,52.5049
183700,32.9033,51.6299
184620,33.4658,51.9639
185544,32.8760,51.8496
186472,32.6396,51.5498
187408,33.7998,52.4854
188348,32.7363,52.0625
189292,33.3047,53.2334
190240,32.5547,50.8311
191192,31.9199,69.1592
192148,32.5957,51.2939
193112,32.7383,154.1006
194080,33.6152,52.8232
195052,32.3418,51.1182
196028,32.8369,51.7734
197012,32.7529,51.7168
198000,32.1953,51.0957
198992,32.7402,51.5566
199988,33.2227,53.3750
200988,33.8125,53.8125
201996,33.4834,52.8711
203008,34.0000,53.7998
204024,33.4365,54.1455
205048,33.4043,53.0898
206076,32.5732,52.1104
207108,32.0859,51.6982
208144,32.5977,52.4541
209188,32.4131,50.9932
210236,32.3184,52.1650
211288,32.5420,52.4189
212348,31.9199,51.3604
213412,31.4004,50.3965
214480,32.3174,51.3838
215556,31.1113,49.6768
216636,31.2783,50.6846
217720,32.1182,60.4023
218812,32.2705,52.0879
219908,32.7920,53.0156
221008,32.3984,52.9570
222116,33.1895,53.0000
223228,32.9873,52.4023
224348,33.4092,53.5801
225472,33.7246,54.1807
226600,33.0781,53.3936
227736,33.5811,52.6816
228876,33.0684,53.1514
230024,32.2422,52.9131
231176,32.2139,52.6162
232332,32.8477,53.3652
233496,31.9004,56.8428
234664,32.4355,54.6553
235840,32.9023,54.0684
237020,32.3955,53.2061
238208,32.1182,51.6309
239400,32.4717,52.4590
240600,33.3789,53.7480
241804,32.5098,52.8008
243016,31.9189,52.2061
244232,32.8984,53.3115
245456,33.1787,54.2236
246684,35.0469,54.4082
247920,33.3760,53.1846
249160,33.7764,52.6973
250408,33.4697,51.8594
251664,33.0439,51.3018
252924,32.9893,53.0381
254192,34.9863,55.5449
255464,32.8203,53.8516
256744,33.9492,54.8467
258028,32.9873,54.5469
259320,33.2773,54.3965
260620,37.5557,51.9307
261924,33.8145,54.3506
263236,35.9414,54.3945
264556,34.3320,51.9639
265880,35.2197,53.2090
267212,35.5430,54.2285
268552,35.2061,53.8584
269896,35.9238,53.6270
271248,35.4248,53.9102
272608,36.1797,54.8496
273972,35.4561,55.7305
275344,36.3027,54.5771
276724,36.7588,54.2324
278108,37.0762,53.8320
279500,37.5244,55.2012
280900,36.6436,55.2402
282308,36.2178,53.5391
283720,35.7383,53.3193
285140,74.7090,53.6660
286568,36.1836,54.1328
288004,37.1836,55.2480
289448,35.9287,54.7061
290896,36.9668,54.3516
292352,35.5361,53.8467
293816,35.1924,52.9639
295288,35.8867,54.5732
296768,98.8369,55.2930
298252,36.4502,53.9277
299744,36.0029,53.5410
301244,35.5869,53.9004
302752,34.3623,52.8145
304268,35.1699,53.8389
305792,36.0996,55.4561
307324,35.1436,67.3838
308864,36.0049,55.8555
310412,36.3496,55.1787
311968,35.7568,54.8291
313528,34.7422,52.8584
315096,35.4131,53.6172
316672,35.2881,55.0781
318256,37.2490,55.7910
319848,36.3838,55.9199
321448,36.5811,55.6758
323056,35.4492,53.7119
324672,36.1074,55.5156
326296,36.0664,55.8301
327928,36.1143,55.0146
329568,36.6309,55.6416
331216,37.2236,55.6045
332876,35.8643,55.1016
334544,34.6865,52.4414
336220,35.3018,55.0986
337904,36.8457,55.8848
339596,36.1484,55.4736
341296,35.7988,55.6582
343004,37.6504,57.5732
344720,36.7656,56.6865
346444,35.6514,54.3213
348180,35.5732,55.4727
349924,36.2715,55.7578
351676,35.5195,55.7314
353436,36.5146,60.8281
355204,35.3984,55.2500
356984,35.9404,55.6289
358772,35.3428,55.3721
360568,36.5938,56.7461
362372,36.2188,56.4678
364184,35.5703,54.7842
366008,34.2617,53.6279
367840,35.3193,54.5742
369680,35.8398,56.2070
371532,35.4404,55.9453
373392,36.1895,55.9131
375260,36.2266,56.0674
377140,36.7900,54.7246
379028,34.2920,53.3857
380924,36.3799,55.6318
382832,36.4443,55.4668
384748,35.5449,54.2793
386672,35.4766,54.6436
388608,37.3125,56.5674
390552,35.9707,56.2861
392508,36.3701,55.2471
394472,36.2539,55.4268
396448,35.9160,55.0850
398432,35.8213,55.1650
400428,36.0801,56.7803
402432,36.5381,55.9814
404448,35.9814,56.0605
406472,36.7334,56.5879
408508,36.6934,56.7529
410552,35.9521,56.0254
412608,36.1611,55.8936
414672,36.2178,57.0068
416748,36.5645,57.2910
418832,35.8643,56.0723
420928,35.6885,54.8008
423036,35.9082,55.5723
425152,35.4092,55.9219
427280,36.2617,56.2363
429420,35.9648,57.4551
431568,35.3799,56.4883
433728,36.6455,57.0723
435900,36.6016,56.7510
438080,36.0303,57.1387
440272,34.7490,55.8203
442476,36.6240,58.1357
444692,35.8438,56.9111
446916,35.4883,56.6416
449152,36.1963,55.4512
451400,37.3955,57.7998
453660,35.9854,56.0215
455932,37.4746,57.0713
458212,36.7695,58.1885
460504,37.4854,57.9883
462808,37.8525,58.3330
465124,37.3115,58.3984
467452,37.5313,58.6035
469792,37.0449,57.6475
472144,37.2383,57.1904
474508,38.1621,58.0146
476884,37.3018,57.1338
479272,38.4697,59.6875
481672,35.9248,57.8184
484084,36.4316,58.4658
486508,36.8799,58.8975
488944,36.2773,57.3545
491392,36.0791,57.1348
493852,37.1875,59.2129
496324,37.1494,60.0693
498808,36.7881,57.8848
501304,37.1270,58.4111
503812,36.7881,57.6846
506332,37.2275,56.8018
508864,37.0156,58.1855
511412,37.5518,58.8926
513972,36.6553,58.3691
516544,36.5498,57.5459
519128,36.7607,57.9395
521724,37.9404,59.9990
524336,53.1533,66.1885
526960,69.7852,58.3340
529596,39.2637,58.2285
532244,39.1240,63.1465
534908,40.7451,58.5518
537584,38.7139,56.9697
540272,39.6865,58.0635
542976,38.9316,58.6201
545692,40.6602,60.7617
548424,40.5781,57.5830
551168,41.1768,59.4775
553924,39.7617,58.9297
556696,61.0986,62.1377
559480,42.5850,59.7578
562280,38.9951,58.6445
565092,48.6533,57.6064
567920,39.2354,57.4775
570760,38.9102,57.9775
573616,38.4990,56.3193
576488,39.5381,57.1191
579372,38.8730,58.1064
582272,38.3613,55.8096
585184,44.3105,56.9873
588112,39.6172,57.2227
591056,41.2490,57.6162
594012,39.4961,58.1123
596984,39.9990,59.7305
599972,39.5693,58.2314
602972,40.3789,60.9072
605988,44.0039,58.1572
609020,39.5322,58.8291
612068,38.6611,57.9092
615132,38.9551,58.4375
618208,40.0400,58.4121
621300,41.1543,60.3652
624408,40.5049,58.8955
627532,47.5537,68.2969
630672,39.3486,56.9326
633828,39.3564,58.0703
637000,39.8477,57.5400
640188,39.9238,57.8887
643392,39.1953,57.5811
646612,39.4883,58.0830
649848,46.3770,60.3135
653100,40.3330,58.7373
656368,39.2959,57.7705
659652,40.4053,59.2910
662952,41.4189,59.3086
666268,39.7900,58.8545
669600,40.1445,58.0254
672948,42.4951,60.0166
676316,40.3105,58.8809
679700,47.3135,59.2617
683100,39.7490,57.5088
686516,40.0537,57.3574
689952,40.2627,58.2061
693404,38.5625,62.8281
696872,39.8467,59.8682
700360,41.1904,60.1055
703864,40.7842,59.2158
707384,39.1748,57.0664
710924,39.2939,56.9131
714480,39.4131,59.0273
718056,46.7686,59.6611
721648,40.2568,58.7412
725260,38.8525,57.7227
728888,40.4209,59.4902
732536,39.9531,58.9658
736200,39.4014,58.5352
739884,38.7383,67.6475
743584,46.2607,60.4980
747304,41.9717,61.5908
751044,40.1133,58.9189
754800,40.4775,59.0469
758576,39.6650,58.2646
762372,40.5547,59.9268
766184,41.0049,60.4658
770016,49.7148,61.7305
773868,39.2861,58.1074
777740,39.7910,60.1582
781632,39.9785,59.7305
785544,40.3379,59.5811
789472,39.3291,61.1582
793420,40.0596,58.4600
797388,40.7266,59.9922
801376,39.4346,59.5674
805384,39.0527,58.4121
809412,43.6396,58.6035
813460,39.9189,60.0986
817528,39.5586,61.4541
821616,41.8545,66.5039
825728,39.8105,59.8037
829860,40.5059,61.5469
834012,39.9619,60.5654
838184,40.9346,62.0205
842376,41.1445,60.9463
846588,40.5088,60.1201
850824,39.8232,70.5996
855080,40.0576,59.3779
859356,40.3291,60.5039
863656,41.2314,60.5801
867976,40.2305,60.8105
872316,40.8438,61.5361
876680,40.1494,59.6328
881064,40.0332,60.0918
885472,41.7568,61.2705
889900,43.6025,62.6035
894352,42.8291,59.7900
898824,45.0400,62.7910
903320,42.0537,60.3096
907840,43.0576,111.2822
912380,46.1475,62.6807
916944,40.6396,61.6924
921532,40.0459,60.5986
926140,39.0107,59.5400
930772,39.5986,59.7314
935428,40.4893,62.6865
940108,39.9404,60.7607
944812,39.5283,62.3789
949540,40.1025,61.5586
954288,39.7334,60.4072
959060,46.7158,62.1006
963856,39.1162,60.9502
968676,38.4678,59.2998
973520,39.8613,61.3535
978388,39.9248,60.6221
983280,42.5996,62.9092
988200,41.1895,61.7813
993144,39.8203,59.9111
998112,40.7051,62.0762
1003104,40.2158,60.1084
1008120,53.0068,61.5156
1013164,41.3623,62.7324
1018232,38.9766,60.0967
1023324,40.8506,61.1660
1028444,40.9229,66.1865
1033588,38.8721,59.8652
1038756,42.4346,62.4297
1043952,44.7412,63.5313
1049172,48.3438,64.0137
1054420,48.1758,64.6602
1059696,46.9619,63.4834
1064996,47.2031,64.0664
1070324,48.8145,63.9443
1075676,45.0107,60.7764
1081056,46.9766,64.1123
1086464,45.3506,62.5029
1091900,47.1357,66.2061
1097360,48.7451,64.3057
1102848,44.8770,62.7324
1108364,43.1113,60.9883
1113908,43.6797,61.7090
1119480,44.9912,63.3164
1125080,45.1768,64.1602
1130708,47.0303,65.3594
1136364,45.0703,63.3652
1142048,45.7803,64.1250
1147760,45.8135,64.8379
1153500,45.5889,64.5840
1159268,45.0938,63.6680
1165068,46.6875,65.9395
1170896,44.8125,63.6553
1176752,44.1162,63.8633
1182636,44.9199,63.4434
1188552,43.7920,62.2295
1194496,44.8350,63.9512
1200472,43.7314,63.9688
1206476,45.3027,64.5469
1212512,56.3564,65.8857
1218576,44.5537,64.6055
1224672,45.3525,63.8037
1230796,47.0176,67.3506
1236952,45.3125,64.6602
1243140,44.6367,65.8125
1249356,43.9766,63.9375
1255604,45.0107,63.9775
1261884,45.4336,63.5537
1268196,45.9551,63.5215
1274540,46.8076,64.9746
1280916,45.4785,65.4375
1287324,46.0205,65.6367
1293764,47.4629,66.4111
1300236,45.2441,65.1445
1306740,45.5361,65.4414
1313276,46.2041,65.6221
1319844,45.4727,63.6641
1326444,45.1904,65.0918
1333080,45.5322,66.1445
1339748,47.2813,67.8018
1346448,46.4971,65.6445
1353184,46.0889,65.9717
1359952,45.5176,64.1162
1366752,46.2051,65.0488
1373588,47.0215,92.3379
1380456,49.6016,65.9863
1387360,47.1367,66.5420
1394300,47.0781,66.3291
1401272,46.9619,67.9668
1408280,45.9727,65.5117
1415324,45.7188,66.3633
1422404,46.0820,66.2959
1429520,44.8711,64.1367
1436668,45.7656,65.8262
1443852,45.3496,65.7744
1451072,45.2617,83.6719
1458328,48.0498,65.0322
1465620,47.0811,64.6895
1472952,48.3682,72.2979
1480320,49.0986,66.0684
1487724,47.4053,67.9648
1495164,47.2129,68.0635
1502640,45.9365,65.8213
1510156,46.9316,66.1445
1517708,44.6309,65.4824
1525300,46.6455,66.7227
1532928,45.4971,66.6836
1540596,46.2988,66.2178
1548300,52.7070,65.2725
1556044,46.0977,66.2861
1563828,45.2617,65.3145
1571648,45.8252,65.9082
1579508,45.3975,65.5547
1587408,45.3682,85.3672
1595348,45.4639,65.0166
1603328,51.6758,64.8535
1611348,47.5166,92.1748
1619408,49.6855,66.7715
1627508,47.2080,66.7412
1635648,45.3125,64.6465
1643828,46.8682,67.2842
1652048,46.8574,76.8076
1660312,46.8926,68.5635
1668616,45.9346,66.3936
1676960,45.2627,72.5020
1685348,46.0625,67.2920
1693776,44.9961,73.4082
1702248,45.3633,67.1338
1710760,45.9971,69.1221
1719316,46.5605,66.2109
1727916,47.4531,67.9863
1736556,45.5762,73.2217
1745240,46.6250,68.0918
1753968,45.5713,75.4258
1762740,46.7861,67.0557
1771556,45.9551,66.4844
1780416,47.2822,75.1992
1789320,47.1787,70.3174
1798268,45.0615,66.6738
1807260,46.5625,67.6260
1816300,47.3516,69.4180
1825384,46.2305,79.3857
1834512,45.8965,68.3770
1843688,46.4600,68.8027
1852908,46.0957,67.5410
1862176,46.4912,69.0693
1871488,44.7930,68.4844
1880848,45.3301,67.9004
1890256,45.9932,68.3936
1899708,45.3652,68.5098
1909208,45.0947,67.4932
1918756,57.6328,67.7109
1928352,46.6904,69.9717
1937996,46.4199,69.8154
1947688,46.7891,71.0605
1957428,45.3301,66.8711
1967216,47.1279,69.1074
1977056,44.6191,66.4668
1986944,46.9336,70.6582
1996880,45.9502,69.9150
2006868,46.5889,75.0518
2016904,56.9678,72.2793
2026992,46.6094,68.8682
2037128,46.8545,70.0029
2047316,47.0342,71.8633
2057556,52.3682,70.8887
2067844,47.6689,69.9375
2078184,47.3506,71.6074
2088576,47.8506,69.9834
2099020,52.3301,314.6260
2109516,53.4941,71.6631
2120064,52.4961,71.8047
2130668,51.8604,80.1318
2141324,51.5615,77.8271
2152032,50.3145,70.9141
2162796,52.0664,72.1318
2173612,51.4844,70.7432
2184484,52.9824,72.7383
2195408,53.3350,73.3428
2206388,52.5654,71.6416
2217420,52.9092,72.8066
2228508,51.9756,71.5020
2239652,52.9346,72.9561
2250852,51.6260,71.0498
2262108,52.0244,71.0537
2273420,66.3701,72.0039
2284788,50.6904,71.7490
2296212,51.0156,71.6533
2307696,52.2490,71.5010
2319236,60.1113,72.9805
2330836,53.0098,73.0850
2342492,49.8516,72.0303
2354208,52.8535,71.7871
2365980,52.6104,74.1504
2377812,50.7607,70.0615
2389704,61.5537,73.7021
2401656,69.9033,73.2207
2413668,51.2373,71.9883
2425740,52.4277,71.9258
2437872,52.4365,72.6641
2450064,53.3877,78.2373
2462316,51.4473,73.2764
2474628,52.8633,72.4922
2487004,53.9053,75.8369
2499440,52.7432,72.6826
2511940,60.8271,73.7305
2524500,54.6396,73.9326
2537124,52.3232,72.9707
2549812,53.7637,73.6240
2562564,53.8721,72.0049
2575380,51.4160,71.2334
2588260,52.9873,72.0381
2601204,51.5400,71.6230
2614212,51.4824,74.2480
2627284,49.5996,72.3652
2640424,49.0410,70.3506
2653628,53.7070,111.1875
2666900,49.3135,71.4473
2680236,51.6475,73.7871
2693640,51.0928,73.6104
2707112,49.7266,77.0020
2720648,51.5791,73.3525
2734252,51.5605,74.3291
2747924,50.1240,72.4561
2761664,57.9609,71.6855
2775476,50.3818,71.5771
2789356,50.9453,72.2549
2803304,50.7080,73.6064
2817324,53.1533,75.8672
2831412,54.5273,75.1406
2845572,51.3174,88.0605
2859800,51.5928,72.9902
2874100,50.3916,72.5029
2888472,52.9668,75.2949
2902916,51.2637,74.4395
2917432,50.6348,74.5791
2932020,49.7383,71.9580
2946684,50.9326,73.5703
2961420,63.5430,77.2832
2976228,52.9326,75.3027
2991112,51.0469,74.8408
3006068,52.9277,75.1836
3021100,52.2627,73.8789
3036208,53.8838,74.5557
3051392,52.1836,73.9150
3066652,59.8320,74.4990
3081988,52.1182,73.2881
3097400,51.4307,72.6318
3112888,52.8203,96.3340
3128456,52.6963,76.4463
3144100,52.9658,77.6953
3159824,50.9092,74.8721
3175624,60.6104,75.3584
3191504,52.7998,75.7256
3207464,51.8535,74.8506
3223504,52.6855,87.3174
3239624,51.0371,75.1748
3255824,50.2256,75.8252
3272104,51.2988,75.2119
3288468,56.5166,74.8623
3304912,50.9434,73.9873
3321440,52.4414,76.5830
3338048,52.9531,77.8936
3354740,52.8721,76.2734
3371516,51.4063,75.5498
3388376,50.9492,81.2461
3405320,50.5898,73.7227
3422348,52.6074,76.0947
3439460,49.7998,74.0498
3456660,53.3008,76.5908
3473944,53.3555,87.5967
3491316,53.5732,78.0449
3508776,52.8906,80.7217
3526320,51.9873,76.0225
3543952,54.8369,74.0752
3561672,50.5195,76.3633
3579484,50.8291,75.8379
3597384,62.2031,80.3867
3615372,54.1396,79.0684
3633452,54.3496,80.3184
3651620,84.7197,81.9648
3669880,57.5791,83.2041
3688232,53.8779,78.3418
3706676,66.7607,77.6221
3725212,54.2842,79.4561
3743840,55.1250,81.9619
3762560,62.8389,79.6377
3781376,53.2715,78.6826
3800284,51.8916,77.6846
3819288,54.6689,84.6348
3838388,53.8340,80.8486
3857580,53.6787,81.4238
3876868,53.9502,81.0264
3896256,53.5137,80.3594
3915740,53.7920,80.2422
3935320,51.8125,90.9092
3955000,52.7764,79.2979
3974776,54.3281,82.3018
3994652,54.4512,81.6025
4014628,54.9053,79.5381
4034704,55.0977,81.0322
4054880,56.8018,85.1885
4075156,55.0762,81.5674
4095532,54.5703,81.2451
4116012,56.6875,83.8564
4136596,54.8545,82.5703
4157280,55.8896,80.6631
4178068,65.8750,81.9854
4198960,64.8467,83.0898
4219956,62.3145,83.2773
4241056,60.5225,82.0156
4262264,60.2773,80.6729
4283576,60.4600,81.7139
4304996,60.7900,80.7734
4326524,61.1992,87.2900
4348160,62.0186,95.3105
4369904,62.0029,82.4932
4391756,60.5732,82.1133
4413716,59.5479,85.6016
4435788,60.6797,81.2666
4457968,59.2236,81.4346
4480260,67.2148,81.7432
4502664,61.1455,82.3975
4525180,60.2100,82.9248
4547808,60.1621,80.9785
4570548,61.5625,84.5684
4593404,59.4512,129.8281
4616372,68.9395,84.4346
4639456,63.7178,82.2275
4662656,62.9746,82.7422
4685972,62.9873,100.2900
4709404,62.1143,83.3955
4732952,62.6377,80.6895
4756620,70.5273,82.7451
4780404,59.4902,81.5098
4804308,59.7588,82.4326
4828332,61.2217,82.4932
4852476,60.3662,82.3252
4876740,60.3418,83.2822
4901124,66.3096,84.5840
4925632,61.0615,82.0068
4950264,76.5996,82.4609
4975016,61.1885,83.6777
4999892,60.5156,95.4580
5024892,60.2314,84.9043
5050020,59.1914,81.8613
5075272,68.0156,83.8086
5100652,60.7432,83.5781
5126156,61.3027,89.6006
5151788,61.4980,85.4990
5177548,60.2773,82.0244
5203436,59.8877,83.2549
5229456,59.5938,82.5088
5255604,58.7822,81.3096
5281884,60.4063,83.1846
5308296,63.4756,84.6436
5334840,71.1104,83.5869
5361516,65.3975,82.9805
5388324,64.0469,92.4199
5415268,71.2773,82.5908
5442348,63.4912,81.0410
5469560,64.8975,84.6201
5496908,63.5176,94.5645
5524396,63.7324,82.1504
5552020,61.0039,81.3623
5579784,307.1152,92.5723
5607684,117.2490,135.0264
5635724,73.5215,704.5498
5663904,60.9375,88.9219
5692224,64.6738,88.9053
5720688,62.5674,86.8984
5749292,65.9883,85.3086
5778040,62.4111,88.2871
5806932,62.7637,90.1729
5835968,64.7783,88.6895
5865148,63.2090,86.6865
5894476,64.6855,86.9336
5923952,61.9219,88.1104
5953572,63.0977,96.8164
5983340,62.7871,88.6523
6013260,62.6396,89.7471
6043328,61.3398,87.3740
6073548,63.4570,91.0664
6103916,62.2344,87.4678
6134436,62.5381,88.4414
6165112,63.5986,87.8604
6195940,62.9043,88.5693
6226920,61.2568,90.1211
6258056,61.7549,87.0762
6289348,63.4688,90.7061
6320796,61.3164,88.0381
6352400,61.8906,88.0078
6384164,62.2461,87.6777
6416088,62.8242,99.0713
6448172,64.3203,92.4189
6480416,63.1406,90.6895
6512820,64.4541,89.1445
6545388,60.3379,86.7412
6578116,123.4990,92.0381
6611008,60.2256,86.8408
6644064,60.6094,87.4180
6677288,61.5078,88.2715
6710676,73.4727,91.3672
6744232,62.6299,89.4209
6777956,61.2178,87.9697
6811848,60.6406,87.6592
6845908,60.4893,84.7402
6880140,61.2734,87.0420
6914544,58.9863,84.8301
6949120,61.1035,88.0420
6983868,61.3633,94.8496
7018788,62.7539,85.4463
7053884,64.3340,87.9121
7089156,61.0576,85.3086
7124604,63.0146,88.2578
7160228,63.1826,123.4570
7196032,61.6963,85.9355
7232016,60.7119,93.5898
7268180,60.8057,87.8682
7304524,59.7930,95.4932
7341048,58.8701,82.7051
7377756,59.2773,92.4707
7414648,58.5566,84.5156
7451724,60.6426,93.0527
7488984,58.5107,86.3291
7526432,59.4082,86.1406
7564068,57.7432,83.9883
7601892,58.9727,85.9824
7639904,59.6475,87.2949
7678104,59.4111,84.3486
7716496,63.3633,84.9414
7755080,62.0117,102.1465
7793856,60.3154,86.9639
7832828,61.1318,95.5059
7871996,61.2676,86.6221
7911356,60.9648,87.2520
7950916,61.8428,88.4736
7990672,71.0430,88.0391
8030628,61.2246,88.3555
8070784,60.2393,86.6133
8111140,101.5469,99.8262
8151696,61.5078,93.1016
8192456,59.9082,86.7363
8233420,59.3936,87.4248
8274588,61.6777,87.6055
8315964,58.6172,85.8086
8357544,60.1357,88.4932
8399332,67.1074,89.3594
8441332,66.2354,86.2832
8483540,78.3271,85.9277
8525960,66.4609,88.3086
8568592,68.0010,88.3271
8611436,66.3789,111.0527
8654496,66.7441,88.0303
8697772,66.8789,86.7842
8741264,66.6152,94.2529
8784972,66.7246,85.8750
8828900,68.7021,91.5098
8873048,66.5117,98.5264
8917416,66.0098,82.8184
8962004,62.4521,84.8389
9006816,64.2334,85.7842
9051852,81.3242,87.0244
9097112,63.4229,85.2354
9142600,66.1758,88.5615
9188316,63.6982,86.0527
9234260,64.1914,87.4746
9280432,61.6191,86.6191
9326836,64.3701,86.6523
9373472,69.3320,88.4590
9420340,63.2568,90.2236
9467444,63.6982,87.1563
9514784,71.8154,92.4492
9562360,62.0342,84.2676
9610172,65.0088,88.6123
9658224,63.6982,87.6807
9706516,65.5137,88.1133
9755052,77.4492,90.3447
9803828,67.2744,98.5859
9852848,65.0264,86.8057
9902116,65.9639,99.8096
9951628,69.2891,92.4570
10001388,69.8438,91.5078
10051396,69.2295,92.0010
10101656,69.9111,92.3535
10152168,71.7197,93.4004
10202932,71.3682,93.1797
10253948,70.9102,94.6836
10305220,81.7178,91.6406
10356748,70.0801,92.6211
10408532,68.5771,90.2393
10460576,67.2891,87.9521
10512880,86.1035,90.7266
10565448,68.1396,93.3340
10618276,66.3564,91.7100
10671368,67.4580,92.1846
10724728,67.6982,91.4893
10778352,65.8115,89.6348
10832244,70.5762,95.3008
10886408,69.3457,93.8291
10940844,67.4014,93.5352
10995552,66.5361,90.8711
11050532,66.6621,100.8252
11105788,67.9082,90.2227
11161320,66.4893,92.0176
11217128,67.8018,91.2568
11273216,67.6777,90.7832
11329584,64.3438,87.2881
11386232,66.2305,90.4492
11443164,66.3418,91.0801
11500380,64.6924,95.6533
11557884,65.8008,89.9922
11615676,66.5830,90.4375
11673756,64.0703,87.6035
11732128,64.7363,90.2402
11790792,66.3398,89.6455
11849748,64.4209,102.7061
11909000,70.4785,87.4375
11968548,66.4746,91.5781
12028392,65.6680,98.8955
12088536,65.9189,89.4063
12148980,111.2227,111.5049
12209728,72.8174,87.9336
12270780,65.0791,88.7051
12332136,64.2607,87.5840
12393800,64.1758,95.7637
12455772,63.1484,87.9707
12518052,64.6768,88.8770
12580644,64.8848,91.6377
12643548,66.7793,96.9482
12706768,66.6924,89.9502
12770304,64.5479,86.5303
12834156,65.6211,86.4209
12898328,64.9346,97.3115
12962820,63.2842,94.3945
13027636,66.2363,91.5186
13092776,70.0762,106.9297
13158240,65.7930,89.1777
13224032,63.8408,87.5752
13290156,64.5400,89.9346
13356608,72.4658,93.2227
13423392,65.6113,90.8994
13490512,73.8125,90.0000
13557968,68.3301,88.9834
13625760,66.1807,89.3076
13693892,65.8877,103.3408
13762364,63.5107,89.1650
13831176,62.8799,88.2725
13900332,72.8682,91.8457
13969836,65.4395,91.0283
14039688,66.5547,155.9980
14109888,63.5059,88.8867
14180440,63.9053,88.1025
14251344,67.7344,91.2959
14322604,66.1875,92.5098
14394220,64.3398,93.4287
14466192,63.3164,101.1016
14538524,63.4453,91.1406
14611220,62.0098,89.3623
14684280,64.8457,91.4697
14757704,62.8125,89.0078
14831496,66.0625,90.3662
14905656,63.5850,89.0566
14980188,64.3691,90.8203
15055092,67.8994,91.3389
15130368,65.5615,93.3594
15206020,68.6875,94.3477
15282052,68.8076,96.3057
15358464,71.4170,94.2041
15435260,65.8613,90.0439
15512440,69.5029,97.3330
15590004,67.3652,90.7910
15667956,64.4521,88.9063
15746296,64.6836,92.6074
15825028,71.8828,89.7783
15904156,63.1582,91.0938
15983680,66.3916,93.0889
16063600,67.2373,93.4023
16143920,65.3994,102.7295
16224640,73.3965,98.8262
16305764,71.0068,94.5518
16387296,67.9795,96.2412
16469236,70.4600,102.5674
16551584,65.6621,91.5635
16634344,65.7852,94.2363
16717516,68.2275,95.5439
16801104,81.0381,95.8818
16885112,75.0215,94.4746
16969540,76.0605,97.3887
17054388,78.7061,100.7490
17139660,77.9453,97.5107
17225360,74.0645,96.9258
17311488,78.3545,96.2656
17398048,75.8516,213.1074
17485040,79.2080,99.8066
17572468,91.4639,103.4170
17660332,88.4746,108.3828
17748636,83.5703,99.1875
17837380,76.9824,144.9004
17926568,78.2354,97.2295
18016204,77.4082,98.7295
18106288,75.1582,95.9443
18196820,78.0313,96.7988
18287808,144.1543,126.5947
18379248,88.6650,101.8574
18471148,79.5674,131.1094
18563504,87.0371,100.5264
18656324,75.2031,94.1318
18749608,74.5957,96.6328
18843360,74.0596,97.6348
18937580,81.1621,94.3662
19032268,71.3623,95.0000
19127432,71.8945,125.0645
19223072,71.9385,92.2578
19319188,74.8770,98.4648
19415784,75.6016,96.2920
19512864,74.3662,98.7871
19610432,71.3506,93.3125
19708488,73.4863,97.0029
19807032,75.2744,101.7861
19906068,108.0479,98.3428
20005600,73.0361,128.3428
20105628,78.1377,99.6016
20206160,77.4180,98.6885
20307192,92.1709,100.3057
20408728,73.5508,95.6055
20510772,74.7871,97.6055
20613328,74.1748,110.3691
20716396,72.2637,97.5703
20819980,73.0215,95.6729
20924080,77.7676,109.7842
21028704,75.3809,97.8105
21133848,74.5332,99.1260
21239520,94.2998,102.0635
21345720,75.3701,97.3174
21452452,136.1748,101.0156
21559716,75.0059,95.6084
21667516,78.7637,118.4746
21775856,104.2852,125.0410
21884736,106.3223,110.8750
21994160,107.9971,123.5488
22104132,112.4268,154.9102
22214656,113.4346,172.7129
22325732,123.7793,114.4082
22437364,124.2246,105.4424
22549552,80.1133,102.7197
22662300,86.0049,106.4668
22775612,83.7012,104.4795
22889492,89.3896,107.9727
23003940,89.5811,106.4434
23118960,88.6777,106.4922
23234556,88.1074,103.6055
23350732,96.6611,115.8574
23467488,88.9326,169.8027
23584828,90.4941,108.4590
23702756,89.2754,113.9541
23821272,90.4912,106.6357
23940380,93.2109,109.6240
24060084,92.1631,108.4453
24180388,111.3584,122.4072
24301292,98.2578,127.0645
24422800,95.9795,113.2998
24544916,169.2568,119.2285
24667644,102.4424,122.9961
24790984,103.9063,119.6816
24914940,101.5479,122.4805
25039516,99.9453,121.6104
25164716,200.4727,125.5840
25290540,102.0830,121.7539
25416996,101.7002,119.4014
25544084,103.9502,122.7656
25671808,106.0459,131.8994
25800168,113.7852,134.3154
25929172,109.0410,124.6309
26058820,112.3320,129.2031
26189116,124.7090,138.5967
26320064,111.5508,133.6475
26451668,117.8262,134.8955
26583928,114.1025,129.5283
26716848,116.5098,133.9551
26850436,147.4287,150.6201
26984692,162.7246,182.1846
27119616,163.1563,195.1133
27255216,207.4541,172.2773
27391496,259.5166,229.6465
27528456,184.9521,191.3057
27666100,134.2783,147.9365
27804432,129.3594,139.7500
27943456,119.0498,138.7266
28083176,134.9844,145.3506
28223592,120.7813,131.4844
28364712,118.1611,147.9941
28506536,141.6787,142.7285
28649072,126.7227,136.7637
28792320,119.2324,137.5820
28936284,114.9912,133.5293
29080968,117.2852,148.2813
29226376,121.1299,148.9258
29372508,122.3818,174.1006
29519372,124.8740,135.8477
29666972,133.3291,140.3115
29815308,128.3145,143.2852
29964388,144.3789,167.6182
30114212,170.4385,143.3184
30264784,128.8047,145.5469
30416108,125.1025,155.5293
30568192,146.3086,141.6797
30721036,132.5557,149.4053
30874644,125.8027,142.9678
31029020,130.5771,145.4121
31184168,136.4180,146.1260
31340092,148.0596,149.5146
31496796,133.2588,146.0078
31654280,137.3340,146.7656
31812552,132.7598,157.3750
31971616,192.1650,170.9854
32131476,137.9023,154.9863
32292136,142.4561,156.0264
32453600,132.3750,174.6436
32615868,136.9580,167.6865
32778948,138.6592,160.7139
32942844,145.8252,153.3457
33107560,139.9912,165.4854
33273100,144.3799,156.6777
33439468,130.2100,149.9629
33606668,144.3750,159.3369
33774704,153.1270,163.7588
33943580,149.0078,154.3086
34113300,152.7578,166.5674
34283868,158.1689,169.8223
34455288,160.1299,161.0938
34627568,174.0283,167.5049
34800708,160.3877,167.1348
34974712,154.8906,163.1475
35149588,155.5859,170.6260
35325336,161.7852,164.2412
35501964,157.7793,237.8418
35679476,171.0205,163.0879
35857876,223.9189,157.7168
36037168,156.9170,161.2656
36217356,179.1260,203.9043
36398444,166.1074,171.6475
36580440,155.2207,235.0518
36763344,194.2607,174.7549
36947164,159.8623,155.8828
37131900,166.2588,160.4775
37317560,165.1563,162.4482
37504148,160.2646,157.1758
37691672,150.6299,276.1035
37880132,152.2617,158.2451
38069536,178.9355,166.7461
38259884,159.1377,157.0938
38451184,159.8135,226.1377
38643440,163.7080,172.7070
38836660,156.9443,166.8008
39030844,156.9521,169.3467
39226000,163.3193,223.5723
39422132,171.8779,175.9512
39619244,170.9531,171.5381
39817344,159.3008,172.0381
40016432,162.5361,161.7139
40216516,164.8330,173.9033
40417600,158.4600,166.8926
40619688,167.6289,171.5293
40822788,168.8428,180.6289
41026904,181.7803,178.8975
41232040,169.2061,165.9492
41438204,174.3262,164.1250
41645396,154.0469,169.3203
41853624,159.3418,170.9463
42062896,158.8965,166.3672
42273212,162.1123,177.3779
42484580,169.8623,170.3477
42697004,197.2217,165.8232
42910492,163.8389,171.5596
43125048,184.9023,168.3779
43340676,172.6748,193.9131
43557380,207.1982,177.1172
43775168,179.4805,176.9443
43994044,170.0908,188.0801
44214016,167.4648,180.0625
44435088,184.1074,257.9883
44657264,169.4805,178.8174
44880552,174.0234,182.0928
45104956,172.8193,173.8037
45330484,175.9111,173.0469
45557140,183.0020,182.1504
45784928,174.0635,177.3369
46013856,172.6836,176.7715
46243928,173.3652,222.2295
46475148,197.3281,243.5566
46707524,179.9102,198.3730
46941064,187.8174,183.9736
47175772,178.4658,175.8213
47411652,170.9854,187.6846
47648712,184.8184,182.9824
47886956,183.2178,199.6455
48126392,261.4512,200.6904
48367024,190.3252,187.2539
48608860,189.2900,189.3311
48851908,175.8438,183.2998
49096168,185.0615,239.4580
49341652,172.1240,178.9922
49588364,167.2461,190.9736
49836308,187.6982,183.7939
50085492,182.3340,192.8682
50335920,192.7949,229.5225
50587600,178.4424,194.6250
50840540,178.9883,191.5898
51094744,179.8916,195.8740
51350220,185.1182,193.2627
51606972,184.0908,199.9092
51865008,215.4336,192.5273
52124336,199.1973,196.4346
52384960,194.8799,207.6211
52646888,197.5342,199.3047
52910124,198.0771,191.1055
53174676,227.0234,190.9590
53440552,203.1484,194.4092
53707756,193.3477,198.8359
53976296,185.1680,187.5635
54246180,205.5967,201.8740
54517412,185.9482,190.1631
54790000,201.7959,211.7246
55063952,223.6123,212.5498
55339272,189.4785,196.2998
55615972,194.7949,194.0234
55894052,191.1777,226.9248
56173524,204.2197,200.3799
56454392,193.7695,197.0859
56736664,199.8486,207.3125
57020348,194.7832,234.4365
57305452,200.6240,203.1143
57591980,260.5156,192.8047
57879940,192.5518,199.2969
58169340,201.0166,203.7041
58460188,194.4521,201.9219
58752492,216.2402,235.4023
59046256,223.9297,279.4404
59341488,206.3369,211.1953
59638196,203.8223,233.9111
59936388,195.4102,202.8643
60236072,207.8018,231.2080
60537256,211.1426,218.8213
60839944,203.9004,211.2842
61144144,205.9072,221.1797
61449868,200.8320,208.7744
61757120,237.5732,226.0703
62065908,229.8906,223.7373
62376240,206.3311,221.1162
62688124,197.0420,209.7178
63001568,202.0518,211.8838
63316576,350.3750,218.1738
63633160,229.7686,222.3896
63951328,231.3535,224.9521
64271088,209.6279,202.1768
64592444,200.5234,206.8340
64915408,202.4121,276.8008
65239988,221.2627,228.5225
65566188,281.5723,354.4238
65894020,226.4131,231.2686
66223492,215.5186,231.9014
66554612,218.5898,221.4502
66887388,197.4053,230.0439
