4,1.0371,1.2207
8,1.7734,5.0781
12,2.2402,6.9385
16,13.4063,9.1055
20,2.7627,36.7549
24,2.7285,10.8311
28,2.7588,10.9580
32,2.7598,11.4736
36,3.4365,11.8652
40,3.2236,12.2920
44,3.2207,13.3789
48,3.2178,49.1904
52,3.2373,14.1094
56,3.2188,15.3291
60,3.2227,15.4395
64,3.2158,16.2725
68,3.7041,16.2705
72,3.6992,17.1465
76,3.7344,36.3555
80,3.7227,94.0068
84,3.8418,17.9121
88,3.7813,18.4521
92,3.7842,19.6699
96,3.7314,18.8584
100,3.6816,19.3262
104,3.6963,19.4473
108,3.6973,19.6738
112,3.7109,20.4209
116,3.7383,20.8535
120,3.7041,28.5098
124,3.7969,33.7002
128,3.6904,20.6650
132,4.2725,20.3662
136,4.2109,20.8398
140,4.2109,20.3691
144,4.2324,20.3643
148,4.2275,20.2979
152,4.2012,20.7734
156,4.2725,20.6592
160,4.2158,20.8818
164,4.2139,20.6436
168,4.2275,20.4893
172,4.2422,21.0713
176,4.2266,21.1113
180,4.2373,21.2148
184,4.2236,21.4893
188,4.2314,21.3740
192,4.2334,21.7695
196,4.2393,27.8008
200,4.2393,21.8809
204,4.2051,22.3115
208,4.2402,23.2764
212,4.2314,22.8018
216,4.2119,23.0947
220,4.3018,21.9971
224,4.2500,21.5029
228,4.2354,22.0469
232,4.1963,21.9521
236,4.2275,21.7637
240,4.2520,22.0908
244,4.2314,22.0811
248,4.2275,22.3652
252,4.2217,22.1563
256,4.2500,23.6631
260,4.8350,23.2988
264,4.8291,23.0254
268,4.8232,23.3682
272,4.8125,23.5000
276,4.7979,23.2793
280,4.8350,25.8711
284,4.9453,26.8545
288,4.9111,24.8428
292,4.9170,25.0254
296,4.8047,23.1865
300,4.8271,23.3857
304,4.8096,23.3916
308,4.8105,23.0664
312,4.8154,22.9629
316,4.8027,22.8574
320,4.8203,22.8516
324,4.8154,49.2891
328,4.8076,24.5371
332,4.8154,24.5234
336,4.8164,24.2578
340,4.8174,24.5586
344,4.8008,24.8789
348,4.8125,24.4404
352,4.7988,24.5898
356,4.8418,24.7646
360,4.8125,24.7471
364,4.8154,25.0742
368,4.8262,24.9814
372,4.8154,25.1338
376,4.8047,25.2012
380,4.8115,24.4131
384,4.8066,25.0439
388,4.8184,24.9834
392,4.8145,25.5869
396,4.8047,25.3193
400,4.8320,26.0605
404,4.8066,25.7451
408,4.8311,26.0391
412,4.8203,26.1797
416,4.7979,26.0469
420,4.8125,25.8896
424,4.8135,25.9893
428,4.8242,25.9004
432,4.8330,26.6768
436,4.8096,26.3535
440,4.8145,27.0156
444,4.8037,27.2148
448,4.8203,26.8945
452,4.8057,86.4893
456,4.8359,26.2305
460,4.8340,27.0664
464,4.8145,27.2236
468,4.8184,27.7178
472,4.8086,27.2656
476,4.8213,27.4043
480,4.8037,28.0313
484,4.8311,27.1094
488,4.7979,27.8096
492,4.8223,27.8594
496,4.8242,27.5078
500,4.8115,27.5547
504,4.8115,27.8145
508,4.8027,27.8193
512,4.8242,28.4170
516,7.9590,28.0215
520,7.7715,28.0039
524,7.7500,28.1924
528,7.7734,27.9756
532,8.7285,27.1084
536,8.4287,26.5674
540,8.2939,26.2402
544,7.6865,26.8623
548,7.6436,26.2754
552,8.6143,25.5264
556,7.7256,25.7520
560,7.6348,26.2148
564,7.5664,26.1025
568,7.5146,25.8848
572,7.6699,26.7969
576,7.3994,25.9043
580,7.5742,26.4170
584,7.6338,25.8984
588,7.7520,26.1055
592,7.5449,26.7461
596,7.5479,26.1709
600,7.5654,26.4004
604,7.5156,26.8672
608,7.6016,26.2354
612,7.5381,26.3047
616,7.5469,26.5400
620,7.6143,26.3975
624,7.8301,27.3037
628,7.8740,28.0264
632,7.5303,26.8691
636,7.6709,26.8340
640,7.6855,27.0713
644,7.9883,26.9688
648,7.8896,27.2129
652,7.7939,26.4746
656,7.7734,26.7354
660,7.9277,27.0186
664,7.9082,27.3848
668,7.8027,27.0645
672,7.7412,27.0088
676,7.5840,26.9746
680,7.4082,26.7529
684,7.5752,28.2520
688,7.5371,27.5381
692,7.5566,27.1064
696,7.6455,27.4316
700,7.6104,27.6396
704,7.6670,27.6055
708,7.5898,27.8213
712,7.6563,27.5176
716,7.5381,27.1279
720,7.6992,28.1563
724,7.7725,27.7910
728,7.5146,27.4199
732,7.5508,27.5488
736,7.5869,32.7354
740,7.6016,27.5400
744,7.5850,28.3408
748,7.8203,28.1592
752,7.6758,27.5713
756,7.5518,28.2236
760,7.8018,28.9355
764,7.7295,66.7754
768,7.6875,27.9541
772,7.7764,29.1074
776,7.7773,28.8037
780,7.6836,28.3057
784,7.6621,28.7861
788,7.4961,28.5605
792,7.6543,28.3555
796,7.5449,29.1396
800,7.5869,28.4287
804,7.5684,29.0352
812,7.7783,30.3340
820,7.6699,29.2861
828,7.8252,28.2715
836,7.5049,28.0381
844,7.4385,28.8105
852,7.4561,29.1533
860,7.9268,28.7578
868,8.0283,29.0576
876,7.8301,28.1152
884,8.1719,28.4043
892,7.6533,29.6719
900,8.0664,29.2275
908,7.6934,29.2725
916,7.6016,28.7832
924,7.6934,29.1729
932,7.6035,30.1885
940,7.4775,29.4531
948,7.6133,29.8867
956,7.4160,29.0322
964,7.7070,29.0781
972,7.6797,29.8066
980,7.7988,29.4189
988,7.5469,72.2725
996,7.8076,30.3613
1004,7.7979,29.4531
1012,7.5459,29.3643
1020,7.6748,30.2012
1028,12.4893,31.0117
1036,11.9600,30.7334
1044,11.5361,30.8555
1052,11.5957,31.1797
1060,11.8193,31.4727
1068,11.4873,30.6973
1076,11.4551,30.1846
1084,11.4902,30.7744
1092,11.6836,31.0723
1100,11.2754,31.2100
1108,11.2334,31.3643
1116,11.4355,30.6748
1124,11.6348,31.2949
1132,11.0117,31.6240
1140,11.0811,30.6719
1148,10.9150,30.2891
1156,10.7119,30.3330
1164,11.0020,30.5459
1172,10.9766,30.3379
1180,10.8564,30.5557
1188,10.6641,30.0156
1196,10.6074,30.3145
1204,10.5430,30.2275
1212,10.5840,30.0781
1220,10.9355,31.3633
1228,10.8018,30.6182
1236,10.8018,30.0420
1244,10.9434,29.9775
1252,10.5889,29.3584
1260,10.7930,30.2041
1268,10.8496,30.1895
1276,10.7979,30.5684
1284,10.7754,30.5352
1292,10.9082,30.9473
1300,10.9932,30.2061
1308,11.0693,30.3916
1316,10.7871,29.9736
1324,10.6650,30.4170
1332,10.7891,30.3965
1340,11.0430,30.7646
1348,11.1445,30.8125
1356,10.7754,30.5781
1364,11.1416,30.6748
1372,10.8232,31.2715
1380,11.0527,73.8730
1388,10.7881,30.5732
1396,10.7734,30.2695
1404,10.5137,30.9463
1412,10.5830,32.5400
1420,10.9912,32.3281
1428,10.8096,30.9629
1436,10.6123,31.9443
1444,10.7188,30.7598
1452,10.9766,31.6143
1460,11.0576,31.8809
1468,10.9551,31.8740
1476,10.8867,31.9297
1484,11.0459,31.2627
1492,10.9023,31.3613
1500,11.1455,31.6689
1508,10.8984,31.3789
1516,10.6162,31.0645
1524,10.6689,31.3555
1532,10.9297,31.8428
1540,10.8564,31.6846
1548,10.8467,31.1953
1556,10.7451,31.6094
1564,10.8271,31.4795
1572,10.8262,31.6377
1580,11.0957,32.4443
1588,10.9609,32.3721
1596,10.9463,31.6104
1604,10.8428,32.1152
1616,10.9561,31.3965
1628,12.0313,31.3418
1640,10.8584,31.9248
1652,10.9932,31.6729
1664,10.7256,31.9707
1676,10.7871,32.7139
1688,10.8936,32.3867
1700,10.6953,31.7344
1712,10.8418,32.9785
1724,11.9014,32.6650
1736,10.7227,32.6104
1748,10.7715,32.4590
1760,10.9307,32.7988
1772,10.9219,32.4854
1784,11.0684,31.7598
1796,10.8936,32.7412
1808,10.7734,32.2432
1820,10.8896,32.8604
1832,10.7920,33.2305
1844,11.3945,33.3691
1856,10.9678,32.7383
1868,10.9570,33.0166
1880,10.9141,32.1455
1892,11.0322,33.5830
1904,11.1035,33.3594
1916,11.1709,33.1670
1928,10.8555,33.3242
1940,10.9707,33.5986
1952,10.7549,33.1885
1964,10.8936,32.4326
1976,10.7822,32.7227
1988,10.6045,33.2686
2000,11.2070,32.7930
2012,10.6914,33.0635
2024,10.7773,33.0879
2036,10.8213,33.2070
2048,10.8809,34.2529
2060,14.7578,33.7021
2072,14.4531,33.2051
2084,14.2832,34.2822
2096,14.2842,33.2158
2108,14.1455,33.6582
2120,14.6328,33.8770
2132,14.5830,33.8848
2144,14.4023,33.6230
2156,14.1201,33.8789
2168,14.2021,33.7246
2180,14.6670,33.8047
2192,14.2041,34.2666
2204,14.5195,33.5869
2216,14.2393,34.1523
2228,14.3525,34.8262
2240,14.4268,34.7305
2252,14.3730,33.9160
2264,14.2920,34.4355
2276,14.0615,34.3027
2288,14.2646,34.6064
2300,14.4434,34.1152
2312,14.1563,34.8184
2324,14.2686,34.6475
2336,14.2969,34.4521
2348,14.1855,34.7080
2360,16.1973,34.2500
2372,14.3848,76.5371
2384,14.1172,34.2988
2396,14.2129,34.3506
2408,14.3418,34.1074
2424,13.9053,33.5381
2440,14.2900,33.7930
2456,14.1113,34.3555
2472,14.3438,34.4795
2488,14.1494,34.4082
2504,14.4648,34.4365
2520,14.0938,42.3594
2536,14.1396,34.4453
2552,14.0957,35.2598
2568,14.2402,34.7295
2584,13.6387,34.5635
2600,13.7861,34.1191
2616,13.8887,35.5439
2632,14.0654,34.7930
2648,13.9346,34.2715
2664,13.7188,34.0840
2680,13.9580,34.7803
2696,14.0156,33.8086
2712,13.9727,34.8740
2728,13.8809,34.3359
2744,13.9258,34.9521
2760,14.0283,34.5498
2776,13.8643,35.2627
2792,13.9453,34.5020
2808,13.4814,38.3252
2824,14.1572,35.4365
2840,14.0850,35.3555
2856,13.7168,34.8975
2872,14.0098,35.4395
2888,13.8350,35.1211
2904,14.1016,35.0518
2920,14.2207,35.4346
2936,14.3086,34.9883
2952,14.0508,35.5332
2968,13.4697,34.5488
2984,13.6660,35.2363
3000,13.6240,35.5645
3016,13.9541,35.5186
3032,13.7109,35.7754
3048,55.5273,35.2861
3064,14.0791,35.9531
3080,14.0244,35.5352
3096,14.0918,35.7500
3112,13.9941,36.3760
3128,13.9248,35.1299
3144,14.2334,35.8203
3160,13.9297,36.2813
3176,13.8682,36.5537
3192,14.3281,36.2236
3208,13.7949,36.1768
3228,13.9609,36.2920
3248,13.8037,35.8818
3268,14.0811,36.2139
3288,14.3877,36.9121
3308,13.8926,36.0156
3328,13.9355,36.1914
3348,13.7305,36.0977
3368,13.7373,35.7227
3388,14.1787,36.1045
3408,14.3291,36.0488
3428,14.1963,36.3418
3448,13.7295,36.5420
3468,13.9316,35.6279
3488,13.6836,36.8740
3508,14.1748,36.4600
3528,13.9063,36.5859
3548,14.1113,35.8916
3568,13.8584,39.3672
3588,13.9014,36.7012
3608,14.0654,36.9414
3628,13.9336,36.8867
3648,13.9531,35.9600
3668,13.9248,36.4268
3688,13.9600,36.6963
3708,13.8701,37.0303
3728,13.6973,36.0039
3748,13.9219,37.2354
3768,14.0332,37.1816
3788,14.0078,60.7852
3808,14.2930,36.9150
3828,13.9775,37.3506
3848,14.7012,37.0840
3868,14.1885,37.9082
3888,14.1650,36.4111
3908,13.7041,36.8350
3928,14.4199,36.8115
3948,14.0830,37.4570
3968,13.9473,36.8936
3988,14.3975,37.0557
4008,14.3633,37.7051
4032,13.9541,36.9746
4056,14.0088,37.1787
4080,14.0771,37.6377
4104,21.5840,37.8623
4128,21.2070,38.0879
4152,20.9971,37.9932
4176,20.6787,37.8330
4200,20.9912,37.7617
4224,20.8184,36.8867
4248,21.0537,37.6836
4272,21.0547,37.7217
4296,21.0996,37.2783
4320,20.8984,37.6006
4344,20.9717,37.4668
4368,20.5654,38.0889
4392,20.7705,37.2588
4416,21.1787,37.6152
4440,21.1445,37.9990
4464,21.0908,38.5615
4488,20.9111,37.3350
4512,17.4990,38.7461
4536,17.3887,42.9004
4560,16.8516,37.7588
4584,16.8281,37.6563
4608,17.1426,37.9160
4632,16.9355,37.4473
4656,16.7393,38.0898
4680,17.1641,38.3936
4704,17.0107,84.1797
4728,16.7793,37.5752
4752,16.7559,37.1709
4776,16.6289,37.8750
4800,17.2227,37.2441
4824,16.8887,38.3359
4852,16.7129,37.6348
4880,17.4053,38.7598
4908,16.8906,38.0459
4936,16.9082,37.7852
4964,16.7236,38.3105
4992,17.2520,38.2939
5020,16.7432,38.0283
5048,16.8857,37.9639
5076,16.7803,38.2451
5104,16.8223,38.1953
5132,17.3906,38.0479
5160,16.9131,37.6680
5188,16.8340,38.6172
5216,17.2529,38.6172
5244,17.0137,37.7119
5272,16.5723,38.6670
5300,17.1006,38.3799
5328,16.8164,37.7568
5356,17.2598,38.4502
5384,17.0225,38.4434
5412,18.9199,38.0771
5440,17.1836,38.3750
5468,17.2480,38.3457
5496,16.9170,37.8564
5524,17.1875,39.6826
5552,16.9258,38.4404
5580,17.1572,38.6299
5608,16.6787,38.7471
5640,16.6709,37.8096
5672,17.4063,38.7451
5704,17.0303,37.7656
5736,16.9287,38.3721
5768,16.6729,38.7676
5800,16.8066,37.8350
5832,16.9336,38.3711
5864,16.6953,39.2529
5896,16.7373,38.2988
5928,16.9092,38.1875
5960,16.9814,38.1299
5992,16.7959,38.6602
6024,16.4668,39.2471
6056,16.9277,38.5488
6088,16.7266,38.4766
6120,17.1406,38.7070
6152,17.1289,39.1494
6184,17.2305,39.3115
6216,16.7598,38.9961
6248,16.7715,39.1357
6280,16.9580,39.3555
6312,16.8340,38.5654
6344,16.7119,39.0771
6376,16.8223,39.3857
6408,16.7598,38.4688
6444,16.7676,38.6172
6480,16.8516,39.2646
6516,17.2607,39.7500
6552,16.8672,39.9512
6588,16.8389,39.5859
6624,16.5586,38.8174
6660,17.1328,39.3389
6696,16.9971,39.5234
6732,16.8369,38.9541
6768,16.8730,39.7314
6804,16.8359,39.8145
6840,16.9492,39.6367
6876,16.7881,40.2217
6912,16.5996,39.5840
6948,16.3906,39.3018
6984,16.7197,39.7256
7020,17.0605,40.4395
7056,16.6602,39.9316
7092,16.8545,39.0146
7128,16.9043,39.4600
7164,16.8369,40.0117
7200,16.5234,39.7998
7236,16.9746,40.4082
7276,16.9072,39.9785
7316,16.9199,40.8154
7356,17.1748,40.4951
7396,17.4189,40.1221
7436,17.0234,40.1768
7476,17.4023,40.3037
7516,16.8154,47.1621
7556,16.6162,39.6768
7596,17.0879,40.3994
7636,16.8916,40.5000
7676,16.9150,40.5957
7716,16.9092,40.0361
7756,17.0166,40.6543
7796,16.7100,40.4531
7836,16.5703,40.5234
7876,16.6758,40.1768
7916,16.9746,40.1826
7956,16.8740,40.5801
7996,17.3691,40.9590
8036,17.2578,41.2969
8080,16.5264,40.6758
8124,17.2178,40.8779
8168,17.1328,41.6045
8212,22.7510,41.3232
8256,20.6045,41.0273
8300,20.2813,40.5869
8344,19.8496,40.9814
8388,20.2109,41.2227
8432,19.4346,40.4590
8476,19.8105,40.6836
8520,19.6602,40.7822
8564,19.9707,40.7197
8608,19.7715,40.6299
8652,25.7383,41.4961
8696,19.6924,40.7656
8740,19.9541,40.2686
8784,19.9248,41.1758
8828,19.8770,40.4971
8876,20.1406,41.3750
8924,20.0596,40.6670
8972,19.7803,41.0078
9020,19.3604,40.7070
9068,20.5449,41.1904
9116,20.3008,41.1260
9164,20.3438,41.4141
9212,20.1162,41.2344
9260,19.6406,40.7744
9308,19.8164,41.6963
9356,20.0859,40.9189
9404,20.1201,41.5400
9452,19.8105,41.1367
9500,19.9971,41.2734
9548,19.7363,39.8975
9596,19.8662,40.8369
9644,20.1504,41.4258
9696,19.6514,40.9639
9748,19.4883,40.9434
9800,20.3164,41.0664
9852,20.0986,41.1973
9904,19.9277,41.5771
9956,19.8652,40.9824
10008,19.7441,41.3018
10060,20.3623,40.7080
10112,19.5264,41.9082
10164,19.6680,41.4795
10216,19.7852,41.5615
10268,20.0820,40.9443
10320,19.9365,41.2500
10372,20.1777,41.2842
10424,19.7617,41.0117
10480,19.6250,41.7021
10536,20.1348,41.5518
10592,19.6992,41.4092
10648,20.4844,41.6113
10704,19.9502,42.4131
10760,19.9844,41.8428
10816,19.4199,42.0537
10872,20.0664,41.4141
10928,20.0234,41.9189
10984,20.0244,41.1416
11040,19.7393,41.6611
11096,20.0977,41.4336
11152,19.9502,41.3574
11208,19.6680,42.1113
11268,20.0488,42.1904
11328,19.9717,41.7090
11388,20.4277,41.9678
11448,19.8652,41.8916
11508,19.2764,40.2119
11568,19.8750,41.9971
11628,19.5313,40.8428
11688,19.8379,41.9561
11748,19.4678,41.5400
11808,20.2178,42.1533
11868,20.1279,42.3223
11928,20.0615,42.5186
11988,20.0303,41.9951
12048,19.8447,40.9365
12112,20.3877,42.5938
12176,20.2871,42.3369
12240,20.0020,42.8203
12304,20.2793,42.3750
12368,20.1133,42.4336
12432,20.2676,42.5625
12496,20.0479,42.1289
12560,19.7725,42.3496
12624,19.9844,42.3340
12688,20.2148,43.1572
12752,19.9873,42.7305
12816,20.1221,43.2588
12884,20.1191,43.3057
12952,19.9844,41.9395
13020,20.0547,42.9648
13088,20.1006,42.0186
13156,20.0908,42.7471
13224,19.8291,43.2480
13292,20.0557,42.1885
13360,20.1719,42.7500
13428,20.0195,42.6475
13496,20.2559,43.4902
13564,19.9990,43.2344
13632,20.0684,42.2490
13704,19.8916,42.9736
13776,20.1123,42.8584
13848,20.1943,42.9922
13920,20.2129,43.1650
13992,20.0293,43.6748
14064,19.6514,47.3359
14136,20.1084,42.8457
14208,19.8896,42.9053
14280,20.0254,43.8779
14352,19.9424,42.8115
14424,19.8467,43.4922
14500,19.9004,43.2520
14576,22.2646,43.5010
14652,19.9902,43.2705
14728,20.1621,43.5176
14804,19.6836,42.9561
14880,20.1689,43.3613
14956,19.8564,42.9541
15032,19.9473,43.5645
15108,20.4473,43.9277
15184,20.3662,43.0732
15260,20.1211,43.4570
15340,19.9980,43.2568
15420,19.8770,43.0479
15500,20.0117,44.2529
15580,19.9658,43.2236
15660,19.7881,43.8916
15740,20.2139,44.3018
15820,19.8936,43.4941
15900,19.7646,43.6367
15980,20.2920,43.1045
16060,20.0459,43.1289
16144,19.8857,43.4785
16228,19.7607,43.1406
16312,19.8496,42.9492
16396,27.1846,44.0723
16480,22.9512,43.9814
16564,23.0479,43.0420
16648,22.6465,44.2461
16732,23.4697,44.3906
16816,22.9746,44.4043
16904,22.6162,43.7480
16992,22.8525,43.4531
17080,23.0381,42.9854
17168,22.8184,43.6475
17256,23.0742,43.7256
17344,22.7695,43.2686
17432,23.1055,44.0967
17520,22.5332,43.4951
17608,22.9365,44.2021
17700,22.8096,43.8818
17792,22.7129,43.6182
17884,22.7266,44.0928
17976,23.0098,44.0645
18068,22.9482,45.2256
18160,23.5547,44.7275
18252,23.2373,43.9463
18344,22.7773,44.1416
18436,22.9951,43.8467
18532,22.9424,43.7168
18628,22.4551,43.3125
18724,23.0117,44.6318
18820,22.1465,43.5850
18916,22.7451,44.1299
19012,23.1279,44.7666
19108,22.9053,44.4141
19204,22.5586,43.8350
19304,23.1963,44.4502
19404,23.0869,52.0605
19504,22.8926,44.4873
19604,22.0674,43.0576
19704,22.9453,44.5742
19804,23.0576,45.1592
19904,22.5918,44.8125
20004,22.7988,43.9121
20108,22.5938,43.9961
20212,23.1260,44.5684
20316,22.6982,44.5313
20420,22.6221,43.9717
20524,23.1621,44.2363
20628,22.5947,45.2969
20732,23.7305,45.2598
20836,23.4746,45.0381
20944,23.2275,45.4111
21052,23.4834,44.7070
21160,23.5391,45.5732
21268,23.3154,45.1104
21376,23.0283,43.8633
21484,23.0547,45.2139
21592,23.0654,44.5449
21700,23.4316,45.1914
21812,22.8818,44.9883
21924,22.5693,43.3691
22036,23.2324,45.2529
22148,23.6094,45.3818
22260,23.7578,45.6963
22372,23.3594,45.0146
22484,22.6309,44.3955
22600,23.2852,44.8486
22716,23.2168,45.3262
22832,23.2930,45.3418
22948,22.9307,45.5791
23064,22.5986,44.5752
23180,22.9863,45.4717
23296,22.9590,44.8848
23416,22.6875,45.4424
23536,22.8945,45.6084
23656,23.0586,51.1787
23776,22.7207,45.0166
23896,23.1758,45.6416
24016,23.0664,45.8564
24140,23.0742,45.7227
24264,22.2090,44.7900
24388,22.8389,45.7227
24512,22.9570,45.0967
24636,23.2705,45.4766
24760,22.6426,45.4365
24884,22.5107,44.7646
25012,22.9209,44.9092
25140,22.9375,45.5469
25268,23.1553,45.4678
25396,23.2842,47.0078
25524,22.8213,45.8027
25652,22.8818,46.0010
25784,23.0605,45.8662
25916,22.6699,45.4805
26048,23.2383,46.3750
26180,22.8447,45.6504
26312,23.1309,50.9697
26444,23.1182,47.1416
26580,22.9873,49.1396
26716,22.6182,46.2295
26852,23.1826,47.3828
26988,42.8291,47.0732
27124,22.8809,46.2061
27260,22.6758,46.0244
27400,23.2490,45.4326
27540,22.8711,46.2480
27680,23.0049,46.6543
27820,22.5498,45.5303
27960,22.9102,46.5557
28100,22.5908,46.0742
28244,23.4512,46.3076
28388,23.5957,47.4004
28532,23.2676,45.8799
28676,23.0215,46.0830
28820,23.4893,45.9326
28968,23.0654,46.4561
29116,22.9209,46.5664
29264,22.7051,46.1211
29412,23.0332,46.1436
29560,22.7178,45.1719
29708,22.8057,46.5332
29860,22.9443,46.5742
30012,22.7676,46.3457
30164,22.6318,45.8047
30316,22.6563,46.1846
30468,22.9297,46.8926
30624,22.9814,46.5898
30780,95.2158,46.3447
30936,22.9990,46.0947
31092,22.6797,46.1377
31248,23.0547,45.9531
31408,23.4951,47.1426
31568,23.5293,46.9980
31728,23.2939,46.8428
31888,23.1445,47.4570
32048,22.6963,47.5781
32212,23.0986,47.1240
32376,23.1982,46.7471
32540,22.7285,46.7178
32704,22.8193,46.8594
32868,31.8457,47.1533
33036,35.0439,47.4814
33204,31.3105,47.2578
33372,30.5762,47.1113
33540,30.3975,47.2109
33708,28.2959,47.1045
33880,26.2793,46.7959
34052,25.8682,46.8535
34224,25.9951,47.4443
34396,25.9873,47.5488
34568,26.0947,46.8184
34744,26.1631,47.6924
34920,25.8672,46.9629
35096,25.8867,47.6396
35272,25.9932,47.5410
35452,25.9551,47.8809
35632,26.2695,46.2793
35812,25.4482,46.3877
35992,25.8154,46.6807
36172,26.2676,47.8994
36356,26.9512,47.7939
36540,26.4727,47.3184
36724,26.6641,47.6855
36908,26.4873,47.6426
37096,26.1465,47.0137
37284,26.3105,46.9639
37472,26.7412,47.3857
37660,26.5801,47.6484
37852,26.5801,47.1895
38044,26.0469,47.2412
38236,25.9736,46.5977
38428,26.5195,47.5088
38624,26.8008,48.2861
38820,25.9717,47.7471
39016,26.6064,48.5361
39212,26.1670,48.5166
39412,25.8564,47.3496
39612,25.9580,46.9502
39812,26.2217,48.3584
40012,25.7813,47.7188
40216,25.8818,47.8008
40420,26.0869,48.0977
40624,25.9580,47.6777
40828,25.7520,52.5703
41036,26.3438,48.7490
41244,25.8350,48.0527
41452,26.1768,48.2002
41660,25.9141,47.5156
41872,25.5654,47.5947
42084,25.4258,47.8320
42296,26.2451,48.0107
42508,26.7158,48.1426
42724,26.1035,47.8936
42940,25.6816,47.1934
43156,25.6289,47.7676
43372,26.0801,47.8867
43592,26.0078,48.5264
43812,25.0527,47.5850
44032,26.1260,48.3066
44256,26.0166,48.4512
44480,26.0527,48.9102
44704,25.8574,48.5391
44928,25.6006,47.3730
45156,25.9160,48.5693
45384,25.7500,47.5645
45612,26.1143,48.1133
45844,26.5010,49.1338
46076,25.7920,51.4072
46308,25.9326,48.5723
46540,25.7734,48.6357
46776,25.7705,48.9453
47012,27.3838,48.4922
47248,25.4326,47.2061
47488,26.3027,49.2695
47728,25.3955,47.5732
47968,25.6992,48.6699
48208,25.7959,48.9395
48452,26.3379,48.2920
48696,25.6914,48.4727
48940,26.0059,48.7637
49188,25.8652,48.6699
49436,25.6699,49.2549
49684,26.1885,48.7549
49936,26.2285,49.9063
50188,26.2178,49.8965
50440,25.4658,55.2529
50696,26.2822,49.4336
50952,27.1494,49.3086
51208,26.9814,50.0391
51468,26.7314,49.2256
51728,26.9746,49.6299
51988,26.0830,48.6240
52248,26.4727,49.0674
52512,27.1963,49.4590
52776,26.6162,49.9385
53040,26.6855,49.9814
53308,26.7422,49.6621
53576,26.7881,49.4619
53844,26.5791,49.3750
54116,26.4482,49.1523
54388,26.6084,49.6211
54660,26.3984,49.1436
54936,26.8223,49.9697
55212,26.5430,49.3916
55492,26.2998,49.1367
55772,26.4297,50.1318
56052,27.0000,50.2402
56336,25.8955,49.6289
56620,26.4580,50.6064
56904,26.2256,57.5098
57192,26.5010,50.5586
57480,25.8154,49.5215
57768,26.5186,50.9014
58060,25.6973,49.3643
58352,25.5469,49.5557
58644,25.6592,50.1475
58940,25.4336,49.1172
59236,26.1611,50.4307
59536,26.4287,50.3926
59836,26.0615,49.9219
60136,25.6094,49.6211
60440,25.6240,50.5469
60744,26.6543,49.9121
61048,26.5029,50.1846
61356,26.1563,49.9355
61664,26.3047,50.9277
61976,25.9170,51.1846
62288,25.8340,49.7676
62600,26.4316,51.5117
62916,26.1875,51.5186
63232,26.1064,50.8975
63552,25.9434,50.7832
63872,26.0137,49.7197
64192,26.8564,51.5684
64516,25.7461,50.6660
64840,26.3496,50.8574
65168,25.4658,50.1797
65496,26.0273,50.3955
65824,34.6992,50.1982
66156,34.0186,50.4629
66488,33.9600,51.9570
66824,32.0840,51.4424
67160,31.4355,50.9395
67496,31.4834,50.4707
67836,30.9209,50.5557
68176,30.9766,51.6299
68520,30.9971,50.5039
68864,30.6982,51.1172
69212,30.7598,50.5449
69560,31.4727,52.1338
69908,31.5605,52.0830
70260,31.3662,50.7061
70612,30.5273,51.7227
70968,31.0527,51.7383
71324,31.9746,52.0127
71684,31.4688,50.9893
72044,31.6904,51.2246
72408,32.5107,51.1436
72772,31.8672,51.7861
73136,31.6709,50.4326
73504,31.0410,50.5479
73872,31.1475,50.3301
74244,31.3613,51.7998
74616,31.7598,52.2490
74992,31.5361,56.9531
75368,32.1572,51.8662
75748,31.4805,51.4170
76128,30.8730,51.3145
76512,31.8193,54.5010
76896,31.5859,50.9404
77284,31.8398,52.5703
77672,31.9336,52.5215
78064,31.5674,52.5527
78456,30.9922,51.1797
78852,31.0957,51.3477
79248,31.9082,116.7822
79648,33.6172,52.8633
80048,32.5371,53.7549
80452,31.9785,52.4189
80856,32.5518,53.2822
81264,31.5264,52.1807
81672,31.0381,51.8213
82084,32.2998,53.3984
82496,31.4766,51.7627
82912,30.8848,53.3799
83328,31.3662,51.7256
83748,30.6660,52.0371
84168,30.5703,52.3447
84592,31.1016,52.6484
85016,30.9355,51.9482
85444,30.8838,52.1943
85872,31.0703,52.0244
86304,30.8906,51.6523
86736,30.8643,58.9512
87172,31.3740,53.2617
87608,30.9385,51.7881
88048,31.0107,53.8027
88492,31.4131,53.3086
88936,31.3838,53.0791
89384,30.9619,53.2061
89832,31.2363,52.9355
90284,37.3232,54.1025
90736,31.6387,53.5029
91192,48.7490,52.5947
91648,30.7813,51.4092
92108,31.1875,52.3223
92572,31.2490,53.0059
93036,31.7090,53.2520
93504,31.1201,52.9561
93972,30.8506,52.5176
94444,31.5986,52.3652
94920,31.8965,53.0889
95396,32.2373,54.1309
95876,31.1250,52.8203
96356,31.1270,53.7969
96840,31.9502,53.1973
97328,31.2881,53.8535
97816,31.4414,53.1904
98308,31.4971,54.2402
98800,31.6553,53.1172
99296,31.0322,54.2422
99796,31.6758,54.4482
100296,31.2646,53.7305
100800,31.2832,52.9033
101304,30.7666,53.5498
101812,31.3340,53.8350
102324,32.2002,55.3652
102836,32.9053,54.5762
103352,32.2002,54.1719
103872,32.2051,54.1230
104392,32.0996,54.4229
104916,33.4902,54.5430
105444,32.3359,54.8564
105972,32.4453,54.4541
106504,32.4336,54.5156
107040,32.0342,53.1953
107576,31.8926,54.1094
108116,30.4580,53.5186
108660,30.6719,53.2305
109204,31.0039,54.7363
109752,30.5996,53.9473
110304,31.8135,55.2441
110856,29.8721,53.8408
111412,30.8555,55.3438
111972,30.8652,54.7803
112532,30.2139,53.2559
113096,31.2305,54.9473
113664,31.1855,54.5586
114236,30.7939,55.5752
114808,31.3818,54.0273
115384,31.2773,54.6455
115964,32.3936,53.9629
116544,33.8506,56.1758
117128,32.9160,54.5713
117716,31.7246,54.8398
118308,32.4883,54.9199
118900,32.3193,56.2939
119496,33.8525,55.8242
120096,32.3770,54.6387
120700,32.5352,55.6484
121304,32.6104,84.5322
121912,33.0752,55.1123
122524,33.1270,55.3818
123140,33.1641,54.8486
123756,32.7275,54.6250
124376,36.9395,55.9521
125000,33.1582,55.1914
125628,32.6826,54.9883
126260,32.7021,55.0391
126892,33.0020,55.5205
127528,32.8379,55.3145
128168,33.3457,54.8574
128812,32.8184,55.5479
129460,31.8613,54.9941
130108,32.1514,55.5488
130760,32.3359,55.5195
131416,37.9404,55.4375
132076,37.6514,55.1299
132740,38.2373,56.0508
133404,37.2783,55.3291
134072,37.0723,55.4111
134744,35.4717,55.1592
135420,35.7598,56.0889
136100,35.8223,55.6855
136784,36.4229,55.4209
137468,36.7598,56.7305
138156,35.4736,54.7617
138848,35.6797,55.3936
139544,36.2051,56.7012
140244,36.4014,56.0264
140948,36.2676,56.1504
141656,36.4160,56.3350
142368,35.8604,55.9170
143080,35.5693,55.0928
143796,35.4053,55.7676
144516,35.6035,56.0225
145240,35.4990,55.3105
145968,35.8721,56.7686
146700,35.5342,56.0732
147436,36.0283,55.9004
148176,36.4453,56.7959
148920,36.0420,55.9961
149668,37.4248,57.2773
150420,36.6777,56.8145
151176,37.5361,56.6924
151932,36.9170,55.2344
152692,36.9492,58.0566
153456,43.4824,55.8193
154224,36.8506,56.6309
154996,37.4736,56.9082
155772,37.9619,56.6250
156552,37.2207,75.7402
157336,39.5635,59.3428
158124,37.4805,56.5469
158916,37.3994,56.4873
159712,37.3750,56.3516
160512,37.3369,56.1650
161316,37.5615,58.1855
162124,36.2529,56.6797
162936,37.2285,57.5156
163752,36.0664,57.2207
164572,36.1455,57.2480
165396,35.7764,57.2783
166224,35.1768,56.3252
167056,35.7891,57.6123
167892,36.5781,57.1260
168732,35.9775,56.8975
169576,36.2686,58.2646
170424,41.1250,57.7412
171280,36.2051,57.0742
172140,35.3496,55.9961
173004,36.2363,57.7344
173872,35.2617,56.8613
174744,38.0244,59.4561
175620,36.5049,57.5459
176500,35.7764,56.6416
177384,36.8740,63.0889
178272,36.4795,57.7080
179164,36.3301,56.8486
180060,35.7100,56.5000
180964,35.8926,57.2529
181872,37.2012,58.1602
182784,36.0391,57.2813
183700,36.6416,58.3770
184620,36.3955,57.6611
185544,40.4082,58.0283
186472,36.5547,57.2090
187408,36.5186,62.3945
188348,36.3789,58.8164
189292,35.4268,57.7217
190240,35.9238,57.4980
191192,35.7529,57.8887
192148,35.8740,57.8936
193112,35.8691,58.1338
194080,36.3203,59.3096
195052,36.2979,58.6807
196028,36.1826,57.9824
197012,36.0928,57.9756
198000,37.5059,57.3486
198992,37.0840,58.2295
199988,37.0039,59.3799
200988,36.5938,57.1465
201996,36.8682,57.9463
203008,38.1387,58.7031
204024,36.7686,57.7617
205048,36.7109,65.1934
206076,36.9287,58.4600
207108,37.2520,58.6143
208144,37.2900,59.5771
209188,36.8525,57.9551
210236,37.3594,59.2324
211288,37.5703,59.4014
212348,37.1807,59.1191
213412,37.0361,59.4209
214480,36.7266,58.6777
215556,36.2695,58.6582
216636,36.3975,59.4639
217720,36.2402,58.3242
218812,44.4766,58.2881
219908,36.7871,58.8418
221008,36.5449,59.2842
222116,76.9102,60.9258
223228,36.9365,60.1328
224348,36.4658,58.4482
225472,36.7031,59.2305
226600,36.0527,58.8770
227736,35.9424,59.0811
228876,36.8418,59.8037
230024,36.8223,133.1709
231176,36.5859,58.0938
232332,37.1465,58.8037
233496,37.1484,58.2881
234664,36.8594,59.4072
235840,35.2666,56.2275
237020,36.3877,57.2773
238208,36.6172,58.1875
239400,36.2344,59.3047
240600,35.9512,56.9639
241804,36.0186,57.8623
243016,36.0576,58.0576
244232,36.7324,55.9678
245456,38.4424,56.5234
246684,38.7568,58.9971
247920,37.7197,57.2686
249160,37.5898,57.8496
250408,41.6777,58.2852
251664,35.9912,58.8291
252924,36.1270,58.7852
254192,36.4775,59.7891
255464,35.8877,59.3555
256744,35.2490,57.3643
258028,37.9902,60.8730
259320,37.2012,60.8848
260620,36.4570,59.4678
261924,38.0322,61.2236
263236,41.0723,59.9570
264556,40.5391,60.1660
265880,40.9502,58.9258
267212,41.6602,61.4307
268552,40.8281,59.2236
269896,41.0508,60.2412
271248,40.1934,59.7314
272608,40.6416,60.3057
273972,40.2510,60.0313
275344,42.6738,59.6494
276724,40.4795,60.2441
278108,39.8320,60.0576
279500,40.1621,60.4131
280900,40.2070,60.2246
282308,41.0088,61.0645
283720,40.2393,59.3857
285140,40.0527,60.0098
286568,39.7666,60.0703
288004,40.5967,61.8672
289448,40.3555,61.5654
290896,40.8545,60.7764
292352,39.9346,60.5313
293816,43.1240,60.9141
295288,80.7070,74.0322
296768,41.7754,64.8271
298252,50.5146,74.0430
299744,52.5068,64.8301
301244,91.7461,63.4102
302752,41.0859,61.6328
304268,42.5293,63.8594
305792,41.5830,62.9795
307324,40.8516,62.4609
308864,41.1807,62.5420
310412,40.9834,61.5684
311968,41.6289,62.1436
313528,41.3486,62.5703
315096,42.0693,63.5459
316672,41.3184,77.8076
318256,40.5977,62.5674
319848,42.0361,62.9395
321448,41.2803,62.4668
323056,40.8467,63.9941
324672,40.5752,62.4854
326296,41.0586,62.1104
327928,41.2100,62.9111
329568,41.3467,62.7529
331216,41.0703,64.4746
332876,40.8135,62.7871
334544,40.9189,62.4941
336220,41.4717,63.1992
337904,41.7100,63.2422
339596,45.0156,62.3584
341296,40.7979,61.0098
343004,41.1055,62.2334
344720,41.7891,63.3135
346444,42.0225,63.4814
348180,40.9893,62.4512
349924,42.6016,63.7002
351676,41.3711,63.2061
353436,40.7793,62.8828
355204,41.3652,63.6602
356984,42.0771,63.6123
358772,40.8428,62.3428
360568,41.3086,63.4063
362372,39.7334,62.7021
364184,41.9063,64.1270
366008,41.7041,63.5430
367840,40.9111,63.5010
369680,40.9844,63.9814
371532,41.7930,63.5156
373392,41.9121,64.6563
375260,41.3271,63.4756
377140,40.8018,62.8311
379028,41.2393,64.3613
380924,41.1875,63.4990
382832,40.2373,63.2334
384748,40.3760,63.1328
386672,41.5918,64.2334
388608,41.6357,64.1270
390552,41.6035,64.3369
392508,41.0762,95.0908
394472,43.2764,64.4277
396448,42.9912,64.0010
398432,42.5986,62.3369
400428,42.4375,63.6611
402432,42.1807,64.6357
404448,42.6748,63.7246
406472,41.9971,64.9609
408508,40.6504,63.9170
410552,41.2617,65.0029
412608,41.0215,72.0000
414672,40.5889,64.5566
416748,40.8271,64.1338
418832,41.7295,64.9336
420928,40.7539,64.1436
423036,40.8262,64.4199
425152,40.7822,64.4375
427280,41.3379,64.5439
429420,41.0244,64.1191
431568,41.0391,64.5879
433728,41.2500,65.3818
435900,41.4707,65.0527
438080,40.3926,63.4561
440272,40.1904,65.6318
442476,40.4873,64.0732
444692,40.8135,65.7227
446916,40.4473,64.2725
449152,41.3486,64.8643
451400,41.6182,65.6035
453660,41.4639,63.8350
455932,42.2637,64.3535
458212,42.3447,69.9961
460504,41.3955,65.1709
462808,42.8877,66.4395
465124,42.6758,64.5801
467452,42.3711,65.8301
469792,42.0410,67.0449
472144,42.7314,65.3164
474508,42.5811,66.1387
476884,40.3672,65.6426
479272,41.9941,66.1289
481672,42.0195,64.7979
484084,42.3428,66.0654
486508,42.2178,65.2949
488944,42.5625,66.8945
491392,42.0430,65.2188
493852,41.3594,65.0498
496324,41.9131,65.7070
498808,41.3242,65.7949
501304,41.9668,66.8799
503812,41.9316,66.1504
506332,42.2881,65.6523
508864,42.0283,66.4951
511412,42.0664,75.5840
513972,40.5967,65.5322
516544,42.4521,66.2988
519128,40.9922,64.5762
521724,42.4063,66.5518
524336,52.9922,72.2725
526960,45.7051,65.0586
529596,46.0576,66.7861
532244,46.4980,66.7813
534908,46.1357,67.7500
537584,46.5068,65.6563
540272,46.7119,66.7910
542976,46.7002,67.4033
545692,46.2754,67.1826
548424,46.2383,66.9189
551168,46.1074,70.7402
553924,45.9141,65.7725
556696,46.7002,66.6084
559480,45.8975,67.9600
562280,46.2285,66.9785
565092,46.3770,67.9336
567920,46.7676,67.8857
570760,46.6299,67.3662
573616,45.4561,66.6338
576488,46.3027,67.7441
579372,45.7773,66.6055
582272,46.9795,67.3926
585184,46.2012,67.8770
588112,46.1504,66.9238
591056,46.0527,66.5742
594012,47.1787,68.6143
596984,47.2510,67.7354
599972,46.5127,69.5146
602972,46.4785,68.3184
605988,46.4102,73.2070
609020,45.7480,68.1221
612068,45.4072,67.1504
615132,46.0889,68.1729
618208,45.9727,67.3516
621300,46.0996,67.5908
624408,45.5947,68.4561
627532,45.9980,68.1553
630672,46.0518,68.0791
633828,45.3594,67.9023
637000,46.8145,70.1973
640188,45.4648,67.6045
643392,46.0225,69.2354
646612,45.9482,69.1729
649848,45.7480,67.6445
653100,46.4346,69.0391
656368,45.5664,68.8301
659652,48.4551,69.0205
662952,47.4121,67.8486
666268,47.6836,68.1934
669600,46.4014,67.8643
672948,47.0566,69.9834
676316,46.2959,70.2627
679700,47.1670,69.7969
683100,45.7275,68.6670
686516,45.7080,69.1660
689952,46.5098,70.0195
693404,46.0566,70.0098
696872,46.4277,69.4082
700360,47.0303,70.0947
703864,45.9961,69.1719
707384,46.0527,68.4141
710924,47.0068,68.3799
714480,45.9590,67.2402
718056,46.6201,68.6152
721648,46.9102,69.3887
725260,46.9854,69.3594
728888,46.7168,69.3496
732536,48.0098,70.1758
736200,46.3301,68.2861
739884,46.3828,69.1133
743584,47.9502,69.3672
747304,47.5215,67.8516
751044,47.8037,69.3389
754800,48.0527,68.2822
758576,47.3848,69.1631
762372,49.2246,70.9111
766184,47.6563,71.0430
770016,47.2578,70.3750
773868,46.4189,70.6445
777740,46.7793,70.2549
781632,47.6689,70.8330
785544,46.7852,71.1934
789472,52.8604,70.3301
793420,46.8057,70.8945
797388,47.4551,71.3574
801376,45.9121,68.4834
805384,47.2373,71.4355
809412,45.5547,70.1172
813460,47.3105,71.1621
817528,46.5977,70.2549
821616,47.2725,71.2285
825728,46.2480,70.6367
829860,45.8428,69.9561
834012,46.9277,70.5771
838184,46.6592,71.2998
842376,46.8018,71.6826
846588,45.8428,70.4658
850824,46.0107,70.5449
855080,46.1533,70.3271
859356,46.1895,69.2686
863656,47.2852,70.7939
867976,46.2441,71.2432
872316,45.3877,71.6709
876680,48.6836,72.1475
881064,49.0977,72.6455
885472,47.3994,70.6621
889900,47.9434,71.6572
894352,48.4189,80.9775
898824,49.7148,73.4482
903320,49.1572,72.0449
907840,48.1875,72.8203
912380,47.9512,71.3672
916944,47.9756,72.8125
921532,48.1436,71.8184
926140,48.6680,71.8027
930772,47.8027,71.9375
935428,47.3857,70.3340
940108,47.1260,70.5771
944812,48.5342,71.9824
949540,47.3516,70.5107
954288,47.5703,89.3975
959060,50.5381,72.0166
963856,49.5576,73.0352
968676,49.5449,72.3965
973520,49.9482,72.2666
978388,49.2637,71.4375
983280,48.4063,70.8594
988200,49.0732,73.1816
993144,48.1299,72.6621
998112,48.1084,72.9121
1003104,46.7734,72.3965
1008120,47.7471,121.1172
1013164,52.8633,72.5088
1018232,46.8262,71.7480
1023324,47.6006,72.2461
1028444,48.4365,72.9395
1033588,47.8857,72.9697
1038756,54.8223,73.1982
1043952,49.3594,72.9160
1049172,55.0039,75.7295
1054420,53.1455,74.2871
1059696,53.3301,74.3867
1064996,51.6387,83.9600
1070324,54.7344,72.4688
1075676,51.9678,73.0830
1081056,50.6572,72.3184
1086464,50.6338,80.5088
1091900,50.8555,72.1094
1097360,50.5645,74.2012
1102848,51.2705,74.2246
1108364,52.7930,73.1924
1113908,53.0293,73.2363
1119480,61.2324,71.9424
1125080,53.6250,74.3779
1130708,53.7393,74.7783
1136364,52.8271,73.3018
1142048,53.0518,73.8604
1147760,51.8633,81.3350
1153500,54.1445,74.9424
1159268,51.5918,73.7813
1165068,54.8838,75.9600
1170896,52.2012,72.1533
1176752,52.7461,85.6113
1182636,53.6514,76.2012
1188552,52.4668,74.3320
1194496,52.9814,74.8652
1200472,51.8213,74.0137
1206476,52.5400,75.1592
1212512,50.5029,73.9727
1218576,51.2178,73.9609
1224672,52.1309,87.2510
1230796,52.5283,75.8799
1236952,51.8066,74.9873
1243140,52.2041,75.9141
1249356,53.2441,76.1465
1255604,51.4473,89.1074
1261884,52.6191,75.2754
1268196,51.6807,73.8848
1274540,52.1592,76.0029
1280916,51.9082,76.1240
1287324,51.2686,82.5752
1293764,52.1494,75.5039
1300236,52.9141,76.0771
1306740,52.4268,75.7139
1313276,51.5068,75.6240
1319844,53.2891,85.0215
1326444,52.3916,77.3281
1333080,52.9668,76.2393
1339748,52.6426,75.4902
1346448,53.5361,77.3369
1353184,54.7305,94.3027
1359952,54.1396,75.7412
1366752,53.9609,75.9316
1373588,52.3701,75.8359
1380456,52.6455,75.8535
1387360,63.0205,77.3301
1394300,53.6348,77.1455
1401272,55.0791,78.6992
1408280,52.9736,76.3955
1415324,53.6660,77.7344
1422404,52.8115,77.2852
1429520,54.8145,76.7939
1436668,54.3027,76.7656
1443852,54.5781,76.5078
1451072,54.3018,109.7324
1458328,54.2129,77.5195
1465620,54.5117,77.5586
1472952,54.9277,77.9736
1480320,68.0742,79.7344
1487724,53.7041,77.1270
1495164,53.9990,76.4541
1502640,54.3438,78.8232
1510156,53.1055,77.1104
1517708,53.7881,77.5693
1525300,56.2627,79.5098
1532928,53.1270,76.3984
1540596,53.8301,77.4395
1548300,54.5986,86.2256
1556044,54.0391,79.9443
1563828,53.4580,76.6582
1571648,54.2051,79.0684
1579508,53.8096,77.2646
1587408,60.8496,78.6240
1595348,54.0234,78.1768
1603328,63.0459,81.1445
1611348,64.2627,80.6875
1619408,53.6152,79.3271
1627508,53.3047,78.5039
1635648,54.8799,81.3916
1643828,53.6445,88.1006
1652048,54.1758,80.8154
1660312,56.2324,81.1533
1668616,55.1797,79.4805
1676960,56.7988,81.6133
1685348,55.1328,79.9248
1693776,55.9893,80.8398
1702248,53.8857,81.0898
1710760,54.5400,80.3203
1719316,62.4639,81.5127
1727916,55.4463,81.3301
1736556,54.1934,86.2988
1745240,54.9951,80.2725
1753968,56.4424,92.3848
1762740,55.3975,80.1006
1771556,54.6504,119.5752
1780416,53.5039,79.2773
1789320,53.2080,77.7402
1798268,54.4268,83.5449
1807260,52.7295,78.4639
1816300,56.7354,78.6875
1825384,51.5293,78.5498
1834512,54.1523,81.8486
1843688,52.3311,79.8506
1852908,51.3965,82.0488
1862176,52.6592,78.4199
1871488,53.8955,80.4395
1880848,51.9346,78.5693
1890256,52.8779,80.2119
1899708,56.7891,79.2871
1909208,53.3389,78.4141
1918756,54.2119,80.1885
1928352,53.5869,78.9717
1937996,57.1572,80.2461
1947688,53.8799,80.3262
1957428,52.8926,78.5557
1967216,52.9951,80.6934
1977056,52.7861,86.3623
1986944,54.8096,80.2607
1996880,52.7568,85.8174
2006868,53.3672,79.6055
2016904,53.1719,80.1182
2026992,62.0576,80.0352
2037128,52.2188,80.8057
2047316,54.7354,79.8506
2057556,52.9209,79.1973
2067844,58.2480,80.0938
2078184,54.0527,80.4717
2088576,54.7354,81.1758
2099020,62.8496,83.0156
2109516,63.7051,79.8896
2120064,59.0918,80.1299
2130668,60.0957,81.6758
2141324,58.9648,80.6172
2152032,63.4268,81.7236
2162796,58.9863,80.5645
2173612,57.7969,80.4473
2184484,58.8945,80.8350
2195408,61.9961,80.7588
2206388,59.8740,96.2275
2217420,59.6797,81.2207
2228508,62.1924,81.9404
2239652,63.2051,83.9814
2250852,61.0508,84.3027
2262108,60.1289,84.2031
2273420,60.7256,83.8301
2284788,61.0244,84.4385
2296212,58.9756,81.9824
2307696,60.0391,85.6387
2319236,60.0010,84.0215
2330836,58.7715,82.3350
2342492,57.6699,81.7568
2354208,58.2979,82.0391
2365980,58.8682,85.8145
2377812,60.7129,85.5674
2389704,59.2695,84.2617
2401656,77.2148,96.6807
2413668,57.1836,82.3525
2425740,57.1240,81.7363
2437872,61.0889,90.4287
2450064,62.3779,85.3223
2462316,63.8789,86.0254
2474628,64.1250,85.8105
2487004,63.6953,85.0176
2499440,62.1699,84.4707
2511940,62.7617,85.2422
2524500,59.8193,87.5439
2537124,60.4902,87.1982
2549812,60.3057,85.9092
2562564,60.1064,87.3564
2575380,60.2871,85.7832
2588260,58.7734,83.7627
2601204,61.0576,87.6035
2614212,58.9619,85.0234
2627284,60.4434,86.7119
2640424,59.3613,86.0215
2653628,59.9336,85.5479
2666900,59.7178,87.5020
2680236,60.5078,86.4072
2693640,60.3740,85.5566
2707112,59.8486,87.4395
2720648,61.2588,87.9570
2734252,59.9854,87.0654
2747924,60.6494,88.1025
2761664,59.9775,86.1631
2775476,60.9951,87.7881
2789356,61.1338,89.1670
2803304,60.3145,87.6826
2817324,60.3447,88.3887
2831412,60.1758,89.0117
2845572,61.5225,88.5811
2859800,61.5264,90.0625
2874100,60.4014,87.7393
2888472,59.9492,87.6396
2902916,59.5420,84.6699
2917432,59.5566,87.4287
2932020,59.4209,88.9717
2946684,58.5410,85.9551
2961420,59.3750,87.2949
2976228,60.4961,86.6465
2991112,60.8223,87.6230
3006068,60.1387,85.6689
3021100,60.3545,85.7236
3036208,59.1592,86.4805
3051392,59.8340,88.1279
3066652,58.3535,86.8848
3081988,59.1494,88.3496
3097400,59.2363,86.4424
3112888,60.1113,86.8037
3128456,57.9404,85.5391
3144100,69.6445,87.9756
3159824,57.1396,84.5459
3175624,56.1143,84.8799
3191504,70.4473,85.8535
3207464,57.8076,85.5166
3223504,58.3389,87.1133
3239624,57.7148,85.8018
3255824,58.3027,85.8896
3272104,58.1230,99.4150
3288468,58.1836,85.5791
3304912,57.2598,84.4023
3321440,59.5332,85.8486
3338048,57.9570,85.3135
3354740,56.9775,86.1357
3371516,56.8770,84.3682
3388376,58.4463,84.1377
3405320,57.8105,89.1260
3422348,58.8291,86.9355
3439460,65.1807,85.6133
3456660,59.5205,85.9814
3473944,58.7432,87.0313
3491316,63.4648,85.9355
3508776,57.2646,86.0322
3526320,58.1357,87.7236
3543952,57.0342,95.0137
3561672,62.1875,88.2051
3579484,61.9707,88.2842
3597384,81.7275,93.9258
3615372,64.7939,91.4424
3633452,64.0713,90.7305
3651620,59.7930,90.7529
3669880,64.0313,95.2881
3688232,61.1084,91.9053
3706676,62.0820,93.0420
3725212,62.4902,93.2305
3743840,62.1768,91.8457
3762560,62.0605,92.8359
3781376,60.9229,90.7656
3800284,62.2656,94.2070
3819288,61.7080,91.0703
3838388,62.3486,91.6494
3857580,63.4121,93.1387
3876868,62.9111,91.6611
3896256,63.0098,93.4561
3915740,62.4531,92.8096
3935320,62.1895,100.1436
3955000,62.5205,94.9521
3974776,63.7568,93.7041
3994652,64.2754,95.3008
4014628,62.6777,92.3809
4034704,62.9609,92.7383
4054880,62.5596,93.5625
4075156,60.7334,90.7988
4095532,63.3213,93.7051
4116012,64.8291,94.4580
4136596,64.3438,93.1572
4157280,63.5195,93.1621
4178068,65.0654,94.2734
4198960,76.0771,97.5303
4219956,70.9834,144.8398
4241056,70.3262,93.7578
4262264,70.1396,92.1123
4283576,71.4258,94.6885
4304996,69.9746,93.2246
4326524,71.2520,94.4902
4348160,72.0752,95.0664
4369904,72.2666,95.5420
4391756,72.5225,104.7480
4413716,66.8672,98.3242
4435788,69.3496,93.3613
4457968,69.7070,92.3535
4480260,71.6914,94.2959
4502664,69.3311,94.1309
4525180,70.5234,94.1963
4547808,68.6230,92.8320
4570548,66.6719,92.3398
4593404,70.4941,96.5635
4616372,68.8770,110.3359
4639456,68.8818,92.7139
4662656,69.9072,94.4102
4685972,68.1807,93.1543
4709404,65.7080,91.7119
4732952,68.6250,93.9453
4756620,67.1377,101.1025
4780404,68.3848,93.7266
4804308,73.8193,94.8369
4828332,115.1523,97.9463
4852476,66.5234,93.1611
4876740,66.5029,162.9590
4901124,69.0244,95.4521
4925632,70.4180,96.4229
4950264,67.9336,95.3018
4975016,70.4805,95.7041
4999892,68.9697,94.1621
5024892,68.1436,93.9033
5050020,68.0986,122.7422
5075272,69.4277,116.5781
5100652,71.3330,97.8408
5126156,69.8945,97.9883
5151788,69.1309,96.4844
5177548,69.2861,106.5176
5203436,69.6357,148.9092
5229456,69.4746,105.3213
5255604,69.7959,96.1162
5281884,70.5459,96.6035
5308296,70.7119,98.1836
5334840,68.0898,96.5498
5361516,78.5156,97.8701
5388324,71.8145,97.2744
5415268,78.2383,97.2637
5442348,66.7314,94.2930
5469560,66.5527,93.5068
5496908,66.5762,93.8721
5524396,74.6758,124.0762
5552020,68.6953,94.8193
5579784,70.3174,94.8887
5607684,68.9219,94.6240
5635724,71.7031,104.5400
5663904,67.4131,99.0469
5692224,67.7363,94.3916
5720688,67.2715,94.4355
5749292,99.3369,94.9219
5778040,66.8311,96.4424
5806932,66.4834,94.7695
5835968,67.4639,95.9736
5865148,66.2334,95.2129
5894476,67.7148,95.7402
5923952,66.4004,100.3125
5953572,66.5293,95.2510
5983340,65.6855,142.2373
6013260,67.0313,98.6387
6043328,68.0205,101.4434
6073548,67.9912,94.9063
6103916,68.4297,93.5771
6134436,71.2393,96.1602
6165112,66.3535,95.0254
6195940,74.3125,95.7295
6226920,67.1953,101.8926
6258056,73.4189,95.4219
6289348,72.7559,100.4795
6320796,78.7139,95.4834
6352400,72.3486,95.8291
6384164,72.8574,94.5898
6416088,73.3359,95.3154
6448172,67.8115,95.2520
6480416,67.6816,101.6318
6512820,67.4395,95.5547
6545388,66.9346,96.2412
6578116,68.9648,93.6016
6611008,75.0527,95.6230
6644064,69.4033,96.7881
6677288,68.3896,97.9043
6710676,72.4111,102.3887
6744232,68.5615,96.6670
6777956,67.2832,118.8789
6811848,72.7842,100.4072
6845908,72.1094,99.1035
6880140,75.1445,99.5693
6914544,73.3408,100.6680
6949120,73.2666,102.6816
6983868,80.6924,110.5596
7018788,71.2129,101.3799
7053884,70.3174,100.1445
7089156,69.7383,100.2012
7124604,68.8223,99.6943
7160228,70.1826,100.0762
7196032,68.1133,100.4434
7232016,69.1270,106.3408
7268180,68.9150,101.4131
7304524,70.4541,102.2676
7341048,69.1299,102.4111
7377756,68.2051,98.7422
7414648,68.6758,100.7529
7451724,69.2969,100.5146
7488984,69.6611,102.5000
7526432,70.2246,102.3379
7564068,71.0313,103.2588
7601892,82.0078,102.8330
7639904,70.9580,103.4375
7678104,71.0459,102.4854
7716496,71.4727,103.2939
7755080,70.6611,103.2158
7793856,69.1865,102.2773
7832828,73.8945,101.3037
7871996,70.1699,103.8262
7911356,71.2266,105.3613
7950916,72.8379,131.6250
7990672,71.0029,103.7197
8030628,67.9414,100.4600
8070784,68.8633,99.7080
8111140,111.1758,157.6260
8151696,67.3018,99.7002
8192456,66.8389,97.4111
8233420,66.3945,98.5107
8274588,68.9287,99.4092
8315964,68.3408,101.0947
8357544,66.0107,99.6230
8399332,75.3584,99.7598
8441332,76.6279,100.8486
8483540,74.4600,100.0869
8525960,73.4746,98.9912
8568592,74.6699,99.8457
8611436,75.2617,99.6934
8654496,75.8350,100.9150
8697772,75.5449,100.6904
8741264,75.4883,100.5400
8784972,75.1035,100.7773
8828900,75.9990,101.8770
8873048,74.7930,99.3574
8917416,156.7217,101.4502
8962004,74.9238,102.4248
9006816,73.9326,99.4541
9051852,76.1650,112.4551
9097112,75.1797,101.2295
9142600,74.7842,100.7676
9188316,75.4023,101.8936
9234260,74.7227,103.5059
9280432,85.2119,102.5146
9326836,75.5586,100.8105
9373472,72.1318,99.0713
9420340,74.2217,101.2949
9467444,73.9385,100.6289
9514784,73.5557,99.5840
9562360,74.3203,99.5566
9610172,74.3643,99.6650
9658224,74.0742,99.8076
9706516,76.0342,103.2881
9755052,75.0420,101.7139
9803828,75.3613,105.2148
9852848,76.2080,102.9697
9902116,74.3184,100.7529
9951628,72.4795,99.9629
10001388,74.9336,101.9766
10051396,88.5557,108.2305
10101656,78.6982,107.4639
10152168,77.3438,140.2920
10202932,104.7871,108.4658
10253948,78.0039,110.6602
10305220,75.6689,105.6133
10356748,74.3828,103.2725
10408532,75.9160,105.1299
10460576,75.8389,105.8975
10512880,75.3652,102.4795
10565448,75.9990,105.6230
10618276,80.5957,104.2441
10671368,78.6094,106.5596
10724728,77.8672,106.1592
10778352,77.9795,113.2354
10832244,80.4717,107.6094
10886408,77.0850,105.9209
10940844,79.0957,107.4834
10995552,77.3896,106.7197
11050532,78.6924,107.8047
11105788,78.9658,106.0908
11161320,78.4854,139.9268
11217128,78.5693,108.5664
11273216,76.8057,101.9473
11329584,75.1416,100.5957
11386232,82.7227,100.6846
11443164,74.9307,99.6523
11500380,75.6328,100.6855
11557884,75.6816,100.4482
11615676,85.0977,108.9355
11673756,80.9961,104.6182
11732128,80.2402,103.5801
11790792,81.5742,105.3955
11849748,79.5605,105.3311
11909000,80.1162,104.8877
11968548,78.2598,107.1064
12028392,75.0557,111.8027
12088536,75.8779,104.7949
12148980,124.1143,121.7373
12209728,74.8770,104.4463
12270780,73.9648,105.5547
12332136,115.0635,104.1689
12393800,74.1191,104.8721
12455772,73.9990,103.7754
12518052,73.1416,103.4053
12580644,74.7803,104.0508
12643548,72.8945,102.9023
12706768,75.9912,106.3516
12770304,73.3281,104.1035
12834156,73.8174,104.4150
12898328,75.5713,104.0137
12962820,76.5244,106.7549
13027636,88.7813,104.3643
13092776,76.5830,105.3711
13158240,74.1514,105.0176
13224032,76.9170,107.6055
13290156,74.8770,104.4746
13356608,74.8350,105.9824
13423392,75.2188,103.9980
13490512,75.2148,105.1299
13557968,79.3623,103.3926
13625760,75.1221,106.3770
13693892,74.1641,103.8770
13762364,73.6006,104.0195
13831176,75.5674,104.5127
13900332,75.4990,104.8535
13969836,76.8574,106.9844
14039688,75.6934,104.7988
14109888,75.0664,102.7920
14180440,75.5430,105.7041
14251344,77.4199,106.5693
14322604,74.3350,104.5400
14394220,74.7510,102.0811
14466192,72.6758,104.2246
14538524,73.2881,112.4775
14611220,71.5029,102.6221
14684280,71.4502,103.0605
14757704,72.1143,104.3066
14831496,82.2627,104.2441
14905656,73.1084,112.3613
14980188,74.1504,103.7695
15055092,77.1621,114.2295
15130368,73.4697,103.2051
15206020,75.7051,105.5850
15282052,75.1885,104.0742
15358464,75.9014,106.3906
15435260,112.9805,107.4102
15512440,75.1768,106.1768
15590004,76.3789,108.3555
15667956,73.7734,107.1758
15746296,74.4385,105.8057
15825028,96.5684,105.0518
15904156,87.0352,109.5449
15983680,115.1182,109.7959
16063600,219.6260,109.7324
16143920,77.5791,110.1133
16224640,75.9170,113.9580
16305764,76.7949,115.4492
16387296,76.2861,122.2266
16469236,76.6738,126.3594
16551584,78.2900,124.1299
16634344,87.8496,115.8838
16717516,74.4229,115.7920
16801104,82.9336,112.9365
16885112,86.5811,112.8652
16969540,100.3438,110.0303
17054388,87.9785,108.5107
17139660,146.1875,107.6406
17225360,84.2520,109.0264
17311488,84.7891,106.9131
17398048,91.7051,113.5859
17485040,87.5342,109.9346
17572468,89.4404,112.2393
17660332,94.0693,117.5898
17748636,88.6143,111.8311
17837380,87.8154,109.8291
17926568,88.4482,112.4014
18016204,87.5938,113.6299
18106288,88.1240,111.8232
18196820,90.2617,113.5430
18287808,159.5771,150.7168
18379248,106.3975,123.2412
18471148,99.8594,117.5850
18563504,99.6152,115.8408
18656324,98.8193,116.3350
18749608,94.4951,116.0303
18843360,92.9648,115.0771
18937580,96.2744,114.8740
19032268,97.3164,119.2461
19127432,102.9326,122.5420
19223072,103.5225,118.6152
19319188,105.2920,125.7080
19415784,102.6729,119.3496
19512864,102.7744,119.9893
19610432,103.1113,117.3887
19708488,121.7402,121.4365
19807032,103.1895,120.1064
19906068,104.9873,125.5420
20005600,101.6104,122.6865
20105628,106.6982,120.1221
20206160,104.4023,124.0537
20307192,107.9736,135.9043
20408728,105.3467,123.0576
20510772,101.6934,121.0059
20613328,100.5273,120.6406
20716396,115.3369,123.1660
20819980,103.1104,119.4600
20924080,105.4727,126.7217
21028704,103.5840,128.3691
21133848,106.9922,122.5811
21239520,104.6748,124.1006
21345720,102.9199,121.3350
21452452,103.8369,134.0146
21559716,112.4414,125.1113
21667516,109.3301,125.1719
21775856,100.8037,135.4180
21884736,99.0820,122.7002
21994160,114.2441,131.2061
22104132,131.5518,123.0762
22214656,102.3584,126.8008
22325732,107.7012,137.9824
22437364,106.6396,126.6611
22549552,110.5459,133.5879
22662300,110.9521,140.2461
22775612,103.5498,129.7842
22889492,111.2676,131.0645
23003940,106.9180,133.2813
23118960,111.1016,129.5225
23234556,115.7461,125.3379
23350732,113.0420,135.0166
23467488,115.1445,146.0078
23584828,112.9580,130.4326
23702756,115.3857,145.9297
23821272,116.9590,139.0625
23940380,119.3701,135.7939
24060084,130.9590,140.7881
24180388,143.6143,148.9736
24301292,123.6865,140.2891
24422800,132.0146,152.1982
24544916,119.1426,137.9082
24667644,124.0186,142.1016
24790984,126.4609,137.5635
24914940,119.2080,159.5166
25039516,121.4229,150.6338
25164716,126.1729,151.2783
25290540,126.8760,151.6328
25416996,132.3711,151.5723
25544084,151.6074,139.4697
25671808,130.1973,143.9990
25800168,119.0938,152.6914
25929172,155.7793,148.7695
26058820,132.4541,148.4258
26189116,137.6797,159.9580
26320064,127.1416,147.2852
26451668,132.7412,152.1641
26583928,146.0488,145.2969
26716848,125.8428,149.4814
26850436,124.1709,146.5361
26984692,125.5850,150.7168
27119616,136.9463,158.8408
27255216,141.8213,144.7461
27391496,219.3389,162.2773
27528456,131.4619,146.4766
27666100,134.3838,154.0391
27804432,129.4629,147.2930
27943456,127.2041,152.4912
28083176,128.4873,155.5400
28223592,130.1123,152.9277
28364712,130.2227,153.1816
28506536,128.7432,152.4521
28649072,129.7402,180.3965
28792320,141.3682,151.5723
28936284,131.0029,154.2500
29080968,125.7920,179.6318
29226376,124.8535,191.0430
29372508,181.9629,200.3740
29519372,162.9287,207.3994
29666972,163.1855,161.7090
29815308,163.5986,177.5518
29964388,174.2324,160.1436
30114212,138.4111,174.0488
30264784,140.6436,179.0625
30416108,158.4092,167.7588
30568192,145.1797,163.9023
30721036,142.8379,163.6787
30874644,148.7246,172.5801
31029020,147.8262,164.3916
31184168,149.3428,226.6777
31340092,229.9414,243.5410
31496796,164.4912,173.1182
31654280,171.2568,270.0479
31812552,159.4385,228.4902
31971616,148.2412,177.4561
32131476,143.2373,169.3613
32292136,149.2129,166.2246
32453600,144.9004,173.1699
32615868,151.4873,172.5791
32778948,144.1904,183.8164
32942844,170.8242,181.1572
33107560,154.9629,180.4453
33273100,161.1875,179.5205
33439468,152.3750,172.4111
33606668,185.8838,213.3672
33774704,204.4756,182.7803
33943580,176.3525,178.0381
34113300,166.8809,175.9629
34283868,168.2969,175.7129
34455288,190.9893,171.5625
34627568,165.8750,223.8291
34800708,176.2578,181.6338
34974712,179.8154,177.0859
35149588,172.8506,176.9492
35325336,170.6338,179.0752
35501964,170.4238,177.3623
35679476,180.8174,175.1729
35857876,167.0879,173.0273
36037168,175.3037,198.7529
36217356,189.6641,180.3047
36398444,173.4922,186.5908
36580440,173.4834,202.9463
36763344,176.4600,188.6260
36947164,187.6641,176.5752
37131900,258.9189,180.5820
37317560,182.2939,185.9531
37504148,212.1162,186.0674
37691672,176.0664,187.9551
37880132,178.9521,180.9023
38069536,169.8525,179.8740
38259884,279.2559,253.5771
38451184,252.9619,292.8389
38643440,285.3916,218.1719
38836660,253.0322,209.8037
39030844,202.7471,190.5635
39226000,284.4648,186.4766
39422132,193.1611,185.9756
39619244,184.3682,207.5010
39817344,182.8652,197.0811
40016432,183.2041,193.7930
40216516,187.3496,195.2637
40417600,185.7715,186.2559
40619688,180.1250,187.8789
40822788,197.4385,190.3643
41026904,198.6621,194.3662
41232040,178.3252,189.9795
41438204,181.6475,243.9600
41645396,174.7881,189.9277
41853624,172.4600,200.8408
42062896,177.4688,190.6748
42273212,186.9619,202.8438
42484580,186.2959,207.2559
42697004,183.6211,194.4170
42910492,189.8135,193.3799
43125048,196.0479,194.4482
43340676,186.0303,180.4717
43557380,194.3887,191.4102
43775168,200.7813,198.5254
43994044,189.9932,197.0938
44214016,185.2354,194.6367
44435088,195.5840,198.6338
44657264,182.4824,195.5879
44880552,190.0928,192.2393
45104956,240.9854,187.9736
45330484,208.1670,198.0654
45557140,185.5830,191.1279
45784928,182.9238,194.1338
46013856,183.7910,206.8779
46243928,184.7998,198.2598
46475148,183.4297,200.4189
46707524,187.3506,211.5234
46941064,185.6914,230.6230
47175772,213.0273,207.8379
47411652,183.0381,203.6963
47648712,196.6953,217.6982
47886956,203.7168,196.9219
48126392,197.7695,212.9160
48367024,200.8252,213.0508
48608860,196.8594,216.9463
48851908,184.6553,200.1982
49096168,186.9775,250.2539
49341652,193.0732,210.2725
49588364,192.3906,202.6064
49836308,196.3906,203.8545
50085492,188.1367,219.1465
50335920,191.9863,221.0234
50587600,203.0186,202.4170
50840540,209.1914,206.6865
51094744,221.5020,213.7822
51350220,204.7656,209.2285
51606972,197.7158,207.5576
51865008,197.6055,206.1055
52124336,208.5352,219.8271
52384960,201.1992,214.6650
52646888,211.5010,218.8486
52910124,200.4248,220.7637
53174676,281.2246,212.7695
53440552,222.7451,213.5430
53707756,203.7539,216.6152
53976296,214.6201,221.0137
54246180,230.7988,223.9590
54517412,208.5957,227.4590
54790000,207.4912,212.6807
55063952,237.6416,244.5215
55339272,296.7051,218.1807
55615972,216.4199,221.1045
55894052,205.5781,225.4082
56173524,217.7793,227.4980
56454392,264.3408,226.1211
56736664,221.4268,243.0996
57020348,287.3594,216.2979
57305452,213.3887,219.7139
57591980,212.6904,222.1777
57879940,218.1016,220.2041
58169340,209.4980,228.0527
58460188,206.6738,228.2354
58752492,216.0537,226.1973
59046256,221.4365,277.4033
59341488,212.5762,248.5703
59638196,202.4580,222.6299
59936388,234.2832,251.8545
60236072,227.7217,233.9561
60537256,234.0215,241.4463
60839944,214.9434,238.6689
61144144,232.5127,296.3086
61449868,312.4463,241.7197
61757120,230.5537,252.1787
62065908,244.8486,273.7979
62376240,248.2422,248.8369
62688124,224.4385,239.1338
63001568,225.6504,240.2334
63316576,251.8418,244.9961
63633160,219.6299,265.4375
63951328,262.1309,279.7432
64271088,220.4580,303.1563
64592444,246.8721,237.3135
64915408,227.9775,264.0869
65239988,238.3877,255.6816
65566188,238.4717,271.1221
65894020,219.7842,234.5820
66223492,218.9883,238.2363
66554612,239.4316,263.0059
66887388,221.6406,242.5752
