4,1.0762,1.3252
8,1.7852,7.3818
12,2.2705,8.2363
16,2.2324,8.8857
20,2.8184,8.7461
24,2.8262,10.0684
28,2.7285,10.3604
32,2.7617,10.3340
36,3.2822,10.6514
40,3.2832,11.8018
44,3.2813,11.7949
48,3.2910,12.2441
52,3.2939,13.1240
56,3.2842,13.6250
60,3.2861,14.4365
64,3.2832,15.3896
68,3.8174,15.5684
72,3.7754,15.2764
76,3.7793,66.9375
80,3.7715,16.4199
84,3.8252,16.7305
88,3.8115,16.6699
92,3.7754,17.1006
96,3.7773,17.8047
100,3.7930,18.1484
104,3.8105,17.7910
108,3.7930,18.6875
112,3.7861,18.9326
116,3.8428,19.3750
120,3.8340,19.7070
124,3.7871,20.3623
128,3.7852,24.8975
132,4.3174,21.1084
136,4.2959,21.0449
140,4.3076,20.9365
144,4.3008,20.6045
148,4.2842,20.5664
152,4.2979,21.2520
156,4.3086,20.7705
160,4.3359,20.5850
164,4.3262,20.5010
168,4.3203,20.9219
172,4.3271,21.2637
176,4.3311,21.0313
180,4.3232,21.3467
184,4.3213,109.3516
188,4.3262,27.6035
192,4.3311,22.2031
196,4.3223,22.2285
200,4.2998,22.6055
204,4.3057,22.5859
208,4.3896,23.4873
212,4.2256,22.5313
216,4.2461,22.5166
220,4.2090,21.7402
224,4.2334,20.1250
228,4.2139,20.1084
232,4.2197,19.9814
236,4.2979,20.1826
240,4.2832,20.0869
244,4.3154,20.2080
248,4.3057,20.0889
252,4.3125,20.6680
256,4.2969,22.2197
260,4.9248,21.6943
264,4.9297,21.6465
268,4.9229,21.9277
272,4.9238,22.0020
276,4.9092,21.8027
280,4.9336,21.4678
284,4.9248,22.3027
288,4.9131,28.0117
292,4.9121,21.7256
296,4.9004,22.3438
300,4.9141,21.9883
304,4.9209,22.4131
308,4.9121,22.2666
312,4.9180,23.0859
316,4.9346,22.1211
320,4.9277,23.1748
324,4.8994,23.1475
328,4.9268,22.9043
332,4.9258,22.6113
336,4.9063,23.5293
340,4.9268,22.5674
344,4.9131,22.3838
348,4.9033,23.3809
352,4.9229,23.2520
356,4.9199,23.0840
360,4.9277,23.4600
364,4.9199,23.3174
368,4.9189,23.4404
372,4.9326,23.5918
376,4.9336,79.1982
380,4.9307,23.8408
384,4.9277,23.1553
388,4.9180,23.4082
392,4.9141,23.5830
396,4.9316,24.4531
400,4.9141,23.5859
404,4.9199,24.4443
408,4.9385,23.8154
412,4.9316,24.2246
416,4.9180,25.0127
420,4.9238,23.5156
424,4.9131,23.8281
428,4.8174,22.6260
432,4.8213,22.3594
436,4.7988,22.8438
440,4.8213,22.6016
444,4.8301,21.8232
448,4.8008,22.7148
452,4.8242,22.5879
456,4.8311,22.6855
460,4.8027,22.6836
464,4.8213,22.5410
468,4.8145,22.5000
472,4.8281,29.8262
476,4.9502,23.5137
480,4.9385,23.7314
484,4.8223,22.8398
488,4.8301,22.9219
492,4.8262,23.2070
496,4.8086,23.4063
500,4.8184,23.8086
504,4.8213,23.5859
508,4.8242,23.6963
512,4.8057,25.2539
516,7.7334,25.3877
520,7.4365,25.2871
524,7.4785,24.5713
528,7.3975,24.4629
532,7.4229,24.8760
536,7.4063,24.6416
540,7.1572,24.8604
544,7.3613,25.5723
548,7.4824,24.6855
552,7.2773,24.6191
556,7.5859,25.0811
560,7.4863,25.8662
564,7.4766,25.7764
568,7.3398,25.0176
572,7.4609,25.0527
576,7.3770,26.1875
580,7.5820,25.7256
584,7.4980,25.3398
588,7.2168,24.3018
592,7.4512,25.2383
596,7.5771,26.3447
600,7.5869,25.5566
604,7.3740,25.3682
608,18.8662,25.8936
612,7.5693,25.5508
616,7.4492,25.3779
620,7.4463,69.0400
624,7.5215,25.4814
628,7.5566,25.3447
632,7.5479,25.2598
636,7.4082,25.7383
640,7.4219,25.6953
644,7.4375,25.3965
648,7.4453,25.8467
652,7.5137,25.7910
656,7.3105,26.0391
660,7.3965,25.7559
664,7.4941,26.5049
668,7.4941,26.1445
672,7.4355,25.5059
676,7.3574,25.3906
680,7.4561,26.5596
684,7.3242,25.4023
688,12.4697,26.2979
692,7.6758,25.8242
696,7.3965,25.8379
700,7.3115,26.0693
704,7.3359,25.8994
708,7.4307,26.6025
712,7.3330,26.8311
716,7.4219,25.9814
720,7.7539,25.8213
724,7.4229,26.5410
728,7.2559,26.3564
732,7.2861,26.3896
736,7.3252,26.6875
740,7.6240,27.0137
744,7.5938,26.6973
748,7.5684,27.0449
752,7.5615,26.5225
756,7.4180,26.0771
760,7.3916,27.0342
764,7.5342,25.8203
768,7.4102,25.5908
772,7.6826,24.9688
776,7.5488,25.4121
780,7.6221,25.1758
784,7.4717,24.8262
788,7.4951,24.6982
792,7.3555,24.5576
796,7.5107,24.4434
800,7.5244,25.6006
804,7.3740,24.8418
812,7.4004,25.2822
820,7.5518,24.7676
828,7.5098,25.5791
836,7.5605,25.3750
844,7.5127,25.7900
852,7.5176,25.3115
860,7.2217,24.5430
868,7.5811,25.3623
876,7.3828,25.9932
884,7.4375,24.8213
892,7.4111,26.1758
900,13.7734,26.6611
908,7.9102,27.1309
916,8.2930,25.6748
924,7.4395,25.8809
932,7.3428,26.1426
940,7.4570,26.6689
948,7.4297,26.5771
956,7.4277,25.9121
964,7.5410,26.9629
972,7.2070,26.8516
980,7.5752,26.9238
988,7.5020,26.1172
996,12.3262,27.9307
1004,23.4971,27.3555
1012,7.4883,26.8574
1020,7.5566,26.4990
1028,12.4648,28.5742
1036,11.5469,27.7793
1044,11.8076,28.1172
1052,12.3223,33.2334
1060,10.3564,26.9746
1068,10.3799,27.2178
1076,10.1221,27.4922
1084,10.0391,26.1631
1092,10.2266,26.2744
1100,10.2236,27.9268
1108,9.8760,26.2891
1116,10.2920,26.4824
1124,10.2207,26.7119
1132,10.3125,27.5498
1140,9.9619,26.5879
1148,10.0811,26.6289
1156,10.0879,26.2490
1164,10.3740,27.2432
1172,10.4658,27.2988
1180,10.0957,26.2832
1188,10.1016,26.9082
1196,10.3867,26.7959
1204,10.3164,32.4932
1212,10.6748,27.6729
1220,10.5020,27.2314
1228,9.9043,30.7900
1236,11.4111,27.3076
1244,10.0771,27.7041
1252,10.1045,28.0000
1260,10.3184,27.2646
1268,10.0791,26.6162
1276,10.2285,27.6357
1284,11.3545,27.5400
1292,10.0234,27.6660
1300,10.3848,27.5049
1308,10.4170,28.1016
1316,10.1064,69.6621
1324,10.5615,27.3643
1332,10.2158,27.3271
1340,10.2090,27.8711
1348,10.3359,32.9873
1356,10.4980,28.1660
1364,10.6553,28.0215
1372,11.1953,27.5889
1380,10.1582,27.2197
1388,10.3135,27.3994
1396,10.4814,27.9160
1404,10.0615,27.2236
1412,9.9346,27.6367
1420,10.1777,27.2900
1428,10.3721,27.8027
1436,10.0527,27.1201
1444,10.1299,26.4512
1452,10.1494,27.3369
1460,9.9775,27.4746
1468,9.9717,27.6270
1476,10.4814,27.0273
1484,10.1221,27.1953
1492,10.2891,29.1846
1500,10.1992,156.3213
1508,10.5332,30.6260
1516,10.3477,28.1240
1524,10.1396,28.1836
1532,10.2021,27.5488
1540,9.9492,28.6221
1548,10.4316,28.7988
1556,10.1992,28.6113
1564,10.3682,28.5000
1572,10.2158,28.9561
1580,10.1719,28.2051
1588,10.4248,29.6416
1596,9.7109,28.4561
1604,10.1982,27.7939
1616,10.1123,28.4785
1628,10.4541,27.8936
1640,10.3809,28.3613
1652,10.2539,28.9580
1664,10.2656,29.1191
1676,10.9805,28.3662
1688,10.1641,28.8340
1700,10.1650,29.5068
1712,10.2451,28.6650
1724,10.1289,29.2773
1736,9.8887,28.7158
1748,10.1367,28.6807
1760,10.5967,29.0273
1772,10.3838,29.4355
1784,10.0742,29.3623
1796,10.5898,29.0322
1808,10.2207,28.8496
1820,10.2275,29.8311
1832,10.0947,28.2578
1844,10.1719,29.0029
1856,10.1621,28.9570
1868,10.1836,29.5938
1880,10.5615,28.7578
1892,10.6367,29.2051
1904,9.8467,29.4189
1916,10.2959,29.6611
1928,10.6318,30.7041
1940,10.2666,28.7773
1952,10.3975,29.8037
1964,10.4512,29.1895
1976,10.1777,29.5898
1988,10.3350,29.7334
2000,9.9307,28.9531
2012,10.4648,29.8066
2024,10.7803,29.3027
2036,10.5723,30.6543
2048,10.7568,30.5078
2060,13.3135,30.9209
2072,13.3564,30.7910
2084,12.9414,30.3965
2096,13.0605,30.8809
2108,13.1924,30.6035
2120,13.0479,31.0859
2132,13.0039,31.0537
2144,13.3008,30.8164
2156,12.9492,35.7520
2168,13.4053,31.5596
2180,12.8965,31.0410
2192,12.8174,30.3594
2204,13.0684,30.7012
2216,12.9541,31.2129
2228,13.1328,30.8789
2240,12.6563,30.5840
2252,12.7051,30.7344
2264,12.9307,30.8291
2276,13.0781,31.4043
2288,13.1348,31.1787
2300,13.6064,32.2070
2312,13.2637,31.0771
2324,12.9307,31.0361
2336,13.3848,30.9561
2348,13.3408,30.4434
2360,12.9736,30.5479
2372,13.4805,30.9648
2384,13.0791,30.5293
2396,12.7637,31.2725
2408,13.4854,32.7207
2424,12.9727,30.6748
2440,13.3887,30.9004
2456,12.8145,30.5234
2472,13.1201,31.2236
2488,13.2305,31.6064
2504,13.1045,31.1895
2520,13.2891,31.0850
2536,13.2949,31.2422
2552,13.1221,30.9482
2568,12.9854,31.5381
2584,13.1650,30.8545
2600,12.8945,31.2588
2616,12.8662,30.6348
2632,12.6943,31.0742
2648,13.0020,31.7578
2664,12.5791,30.2471
2680,13.1465,30.8926
2696,13.1494,31.7676
2712,12.9453,31.8213
2728,12.8691,30.5801
2744,12.8477,31.1055
2760,13.1738,31.6006
2776,12.7314,30.4541
2792,12.9609,31.1133
2808,13.0840,31.8184
2824,13.1475,32.1172
2840,12.8408,31.2910
2856,12.8877,31.1953
2872,13.1836,31.5430
2888,12.6191,31.4902
2904,12.8516,31.0479
2920,12.9229,32.1289
2936,13.3037,38.7822
2952,13.5762,33.1523
2968,12.8154,32.9229
2984,13.3223,32.7939
3000,13.2568,32.1250
3016,13.4570,32.4033
3032,13.1201,31.7412
3048,12.9160,32.0078
3064,12.9180,31.4668
3080,13.0850,32.3008
3096,13.0547,31.5400
3112,13.2725,32.0283
3128,12.9570,32.0498
3144,13.2129,31.5557
3160,13.1504,32.1816
3176,12.9160,31.2480
3192,13.0195,33.8672
3208,13.1416,32.2861
3228,13.4014,32.2354
3248,13.1465,32.7598
3268,12.9072,32.4434
3288,12.8477,31.9697
3308,13.0010,32.5186
3328,13.3877,33.5332
3348,12.8975,31.8643
3368,13.0459,31.9785
3388,13.0352,31.9180
3408,12.4561,32.0352
3428,13.0674,32.4658
3448,13.1377,32.4258
3468,12.9189,32.3701
3488,12.5967,32.8330
3508,12.8828,32.7354
3528,13.0098,32.1055
3548,13.1426,33.0576
3568,12.9189,32.8359
3588,12.8223,33.3262
3608,17.9873,32.9414
3628,12.9639,33.1377
3648,12.9316,33.3857
3668,13.3760,33.6895
3688,12.9600,32.4473
3708,13.0342,32.8623
3728,13.2148,33.0928
3748,13.0381,33.1943
3768,13.1318,34.1357
3788,13.1973,33.5234
3808,12.9365,32.9385
3828,13.4023,33.4502
3848,12.9531,33.8398
3868,12.6680,32.3096
3888,13.0088,34.0225
3908,13.5313,34.2793
3928,12.8760,34.0313
3948,12.8848,32.4922
3968,14.5947,32.9717
3988,12.6475,32.8408
4008,13.0059,33.9736
4032,12.9492,33.2520
4056,13.0820,33.0439
4080,12.7646,33.6563
4104,20.6953,34.4043
4128,20.4238,33.9893
4152,20.1543,33.5811
4176,20.8174,34.7061
4200,20.8369,35.2441
4224,20.1377,34.1348
4248,20.4648,35.0605
4272,19.9063,33.7041
4296,20.8008,34.4375
4320,20.1416,34.6934
4344,20.6016,34.6738
4368,19.8232,34.1299
4392,16.0713,34.8965
4416,15.6611,35.0137
4440,15.8037,34.6777
4464,15.6748,34.4600
4488,15.7480,34.9219
4512,15.4219,33.9453
4536,16.0352,35.5771
4560,15.7490,34.3018
4584,15.7969,34.7197
4608,15.4404,33.9746
4632,15.5322,34.1338
4656,15.5742,34.1904
4680,15.7881,33.7764
4704,15.4629,33.3457
4728,15.8477,35.3691
4752,15.8760,33.9775
4776,15.5918,33.9219
4800,15.2998,34.7646
4824,15.6006,34.4980
4852,15.3076,34.2783
4880,15.5049,33.6035
4908,15.1494,33.6680
4936,16.9463,34.6924
4964,16.2949,35.6768
4992,15.8672,35.2871
5020,15.6289,33.8770
5048,15.5781,33.8516
5076,15.7051,35.4277
5104,15.5195,34.4590
5132,15.4033,34.1006
5160,15.2949,34.0098
5188,15.9043,36.0264
5216,15.6367,34.8574
5244,15.4395,34.4736
5272,15.5205,34.4160
5300,15.6270,35.0957
5328,15.9541,36.0430
5356,15.5107,34.2773
5384,15.4873,34.5762
5412,15.4990,34.9346
5440,15.8936,36.2842
5468,15.9668,35.5459
5496,15.5020,35.4209
5524,15.9092,35.7920
5552,15.7012,35.3877
5580,15.5420,35.1182
5608,15.6797,35.0615
5640,15.7207,35.8164
5672,15.9551,36.4590
5704,15.7441,35.4502
5736,15.8555,36.0918
5768,15.8418,35.4707
5800,15.8301,36.3779
5832,15.8096,35.6846
5864,15.7939,35.7402
5896,16.1279,35.1133
5928,15.2061,34.3008
5960,15.5059,35.4512
5992,15.5410,34.7822
6024,15.5518,34.3066
6056,15.4619,34.8652
6088,15.6787,35.1377
6120,15.3477,34.8691
6152,15.6572,34.8447
6184,15.4844,34.8535
6216,15.8066,70.9102
6248,16.0020,35.7773
6280,16.2979,36.0059
6312,15.8438,36.4531
6344,16.0049,43.9033
6376,17.0684,36.7295
6408,17.3574,55.7568
6444,17.2705,37.4707
6480,15.8682,35.9961
6516,16.0527,35.9395
6552,15.7949,35.9512
6588,15.4355,36.0273
6624,15.3691,34.3740
6660,15.4590,36.0596
6696,16.0635,71.1572
6732,15.3857,35.3115
6768,15.5879,42.9404
6804,16.8398,37.8369
6840,16.9961,37.7246
6876,16.0908,37.3145
6912,15.8965,35.9307
6948,15.7822,36.3008
6984,15.9424,36.9414
7020,15.9316,36.6934
7056,16.3770,37.7402
7092,16.2510,37.0625
7128,16.1250,37.2139
7164,15.8506,36.8711
7200,15.7490,37.2793
7236,16.0664,36.3916
7276,16.4717,36.6689
7316,16.2324,37.5234
7356,15.7129,37.1875
7396,16.3828,37.4248
7436,15.8369,36.8955
7476,15.4756,35.9785
7516,15.6797,36.5459
7556,16.1982,36.8252
7596,16.0742,36.6592
7636,15.7334,36.5889
7676,15.8770,36.3066
7716,15.8711,37.3799
7756,16.1719,37.4678
7796,16.2607,38.3438
7836,15.8135,36.7539
7876,15.7412,37.5527
7916,15.4404,36.0889
7956,15.8691,37.4922
7996,16.1660,38.3125
8036,16.5459,38.1279
8080,15.8828,38.0713
8124,15.9717,64.9678
8168,16.1436,37.6523
8212,20.3994,37.4404
8256,19.5928,36.4541
8300,20.5068,38.1611
8344,20.4424,67.4355
8388,18.9980,37.4727
8432,19.3594,39.2129
8476,18.2500,43.3516
8520,18.2402,37.2305
8564,18.3105,36.1426
8608,18.3799,37.1406
8652,18.1611,36.9951
8696,18.5684,37.3506
8740,18.0020,36.5605
8784,18.4404,37.5410
8828,18.2607,36.8682
8876,17.8672,37.5703
8924,19.1006,39.0791
8972,19.1533,38.7178
9020,18.7246,38.8740
9068,18.5820,37.2578
9116,19.2129,38.3867
9164,18.9102,38.2207
9212,18.7129,38.4922
9260,18.8350,38.2881
9308,18.7871,38.1396
9356,18.5781,38.4805
9404,18.9941,38.6904
9452,18.4287,37.8154
9500,19.5498,38.7813
9548,18.7549,37.7344
9596,19.2275,39.0244
9644,18.6826,38.5342
9696,18.2686,37.1201
9748,18.8389,38.1729
9800,19.0498,38.2295
9852,18.8574,37.9941
9904,18.6357,38.6123
9956,18.8779,38.1621
10008,19.2979,38.4805
10060,19.0107,38.8789
10112,18.4717,38.1748
10164,18.7061,38.1660
10216,18.5303,37.3711
10268,18.9619,37.6240
10320,18.8633,38.2500
10372,18.8838,38.5605
10424,19.0254,38.4863
10480,18.3457,37.9629
10536,18.6865,38.0352
10592,18.6494,39.2314
10648,18.5439,38.1357
10704,18.7109,39.5645
10760,19.1992,38.0625
10816,18.2520,38.3574
10872,18.2861,37.3389
10928,19.1865,38.6445
10984,19.0410,39.6475
11040,18.0049,38.0010
11096,18.4395,38.0527
11152,18.5039,37.8213
11208,18.3682,38.0391
11268,18.1367,37.0313
11328,18.6797,37.1426
11388,18.3525,37.9443
11448,18.8398,38.9463
11508,18.4160,37.0332
11568,18.1650,36.7383
11628,17.9580,37.8975
11688,18.1777,37.2822
11748,18.4541,37.8662
11808,18.5557,44.8223
11868,18.5771,38.4063
11928,18.8945,38.2354
11988,18.8672,39.2295
12048,18.7051,39.4512
12112,18.5635,38.1484
12176,18.4355,38.1572
12240,17.9941,37.6807
12304,18.6182,39.2266
12368,18.7705,37.7793
12432,18.9111,39.2217
12496,18.7061,39.0840
12560,18.7227,38.8535
12624,18.5391,38.8369
12688,18.6162,39.1689
12752,19.5391,39.7900
12816,18.6943,39.8486
12884,18.9912,38.4619
12952,19.2139,40.2070
13020,18.6563,39.3311
13088,18.9697,39.4111
13156,18.4922,39.0693
13224,18.8838,39.1660
13292,18.7441,39.5830
13360,18.8262,39.1650
13428,18.4902,39.5625
13496,18.7568,82.2520
13564,18.6162,39.2930
13632,19.7061,38.7979
13704,18.2168,38.3125
13776,18.3838,38.7236
13848,18.4707,39.3389
13920,18.5010,38.9443
13992,18.1309,39.3311
14064,18.4814,37.7988
14136,18.6162,39.5645
14208,18.9229,40.6758
14280,18.5742,39.5742
14352,18.9375,39.8359
14424,18.9277,41.1396
14500,19.1523,40.5869
14576,18.8584,40.4492
14652,18.5000,39.5146
14728,18.6143,39.3096
14804,18.6670,39.8838
14880,18.5801,40.2988
14956,19.0244,40.0098
15032,19.0303,40.7725
15108,18.6523,39.9072
15184,19.2646,40.7891
15260,18.9023,40.1602
15340,18.6328,39.5400
15420,18.5996,40.6592
15500,18.5098,39.3652
15580,18.9932,40.0361
15660,19.0039,41.2002
15740,19.2803,40.7471
15820,19.2500,41.0742
15900,18.6855,40.1084
15980,20.3291,40.3047
16060,18.6162,40.7324
16144,18.5020,40.4004
16228,27.4209,40.7998
16312,18.9082,40.2920
16396,26.4502,41.0938
16480,21.8994,39.7363
16564,21.4424,40.8633
16648,21.6572,40.0391
16732,21.3213,40.2158
16816,21.2764,39.6104
16904,21.8789,40.7168
16992,21.0488,40.3271
17080,21.8584,40.9248
17168,21.1318,39.6172
17256,21.5537,41.3135
17344,21.5576,40.5596
17432,21.2061,39.7588
17520,21.7207,40.6738
17608,21.5674,40.7109
17700,21.1211,40.1855
17792,21.6787,40.6748
17884,21.5820,40.8428
17976,21.2979,39.9531
18068,20.9922,40.6445
18160,21.6582,72.9385
18252,24.7793,55.8086
18344,37.5088,42.3789
18436,22.2061,42.1357
18532,21.9785,40.3281
18628,21.4980,39.7510
18724,21.0186,39.7402
18820,21.2412,40.2959
18916,20.6289,39.5303
19012,21.8086,41.0635
19108,21.4365,40.5410
19204,21.1514,40.0283
19304,20.9678,39.6260
19404,21.3193,40.3330
19504,21.7324,41.4629
19604,20.8555,39.7217
19704,21.2520,40.2041
19804,21.4512,40.2783
19904,21.6045,41.4023
20004,20.7090,39.3574
20108,21.4082,40.5625
20212,20.9277,40.5283
20316,20.6162,39.2734
20420,21.3848,40.6475
20524,20.6689,40.1426
20628,20.9268,39.9951
20732,21.3633,40.0342
20836,21.2363,40.7725
20944,21.6865,40.7275
21052,20.6074,39.9404
21160,21.4150,40.5488
21268,21.5918,40.5156
21376,21.1035,40.2305
21484,21.3613,41.1074
21592,21.1055,40.4111
21700,21.0537,41.2715
21812,20.9307,45.2910
21924,20.8896,39.2070
22036,21.1045,39.7861
22148,20.6074,39.0791
22260,21.6113,40.8115
22372,21.0586,39.9180
22484,21.1465,41.4893
22600,21.4707,41.8467
22716,20.8271,40.5840
22832,20.5957,40.1416
22948,20.8770,39.2793
23064,20.8447,40.2344
23180,20.5684,39.4238
23296,20.5869,39.4102
23416,21.0322,40.1787
23536,20.9414,40.4033
23656,20.5215,40.0957
23776,21.1816,41.0518
23896,21.4316,40.6680
24016,21.0381,41.1074
24140,20.6416,40.4258
24264,20.7275,40.4492
24388,21.6689,40.9893
24512,20.5771,39.9209
24636,20.6973,40.2891
24760,21.0508,40.6768
24884,21.3623,41.3682
25012,20.9912,40.7539
25140,20.7217,40.2402
25268,20.5332,40.3281
25396,21.1309,39.8711
25524,20.5625,44.9043
25652,21.2168,42.1396
25784,20.8184,40.5918
25916,20.7266,41.0615
26048,20.6582,41.2207
26180,21.1563,42.1348
26312,20.8076,47.4980
26444,22.5645,41.6602
26580,22.4453,41.9102
26716,22.4639,42.3906
26852,20.6533,41.2705
26988,20.7334,40.8496
27124,20.7969,41.5049
27260,20.9697,40.7500
27400,21.0771,41.5537
27540,20.7979,41.9541
27680,20.8232,41.9043
27820,20.9717,41.7715
27960,20.4346,47.6904
28100,20.5625,42.1865
28244,21.0244,42.2803
28388,21.0908,41.6621
28532,20.6963,42.2285
28676,21.1855,41.7363
28820,21.3555,42.6934
28968,21.0186,42.5693
29116,21.7500,43.2480
29264,20.7568,41.2783
29412,21.0195,41.9707
29560,20.9346,41.7109
29708,21.1689,42.6064
29860,20.5898,41.3623
30012,20.6436,42.2139
30164,20.6426,41.5186
30316,21.1592,41.4434
30468,21.0195,41.8857
30624,20.9619,42.4404
30780,20.8252,41.2783
30936,21.0605,42.0840
31092,20.8906,41.9512
31248,20.9160,41.4111
31408,21.3877,42.7217
31568,20.5908,41.6279
31728,21.3291,40.7549
31888,20.5664,41.0654
32048,21.7393,42.5732
32212,20.7129,41.7256
32376,20.4766,40.7314
32540,20.5684,41.7227
32704,21.3311,52.8135
32868,27.5967,42.7334
33036,26.9424,42.7148
33204,27.2275,43.6719
33372,26.9922,42.4277
33540,27.1973,42.9492
33708,27.6689,42.4277
33880,24.8906,43.1396
34052,23.9150,42.6582
34224,23.1680,46.0508
34396,23.5752,42.7783
34568,23.4385,42.9629
34744,28.5811,43.3701
34920,23.8213,42.5645
35096,23.1855,42.4775
35272,23.2744,42.0264
35452,23.2754,42.3779
35632,22.9297,41.3174
35812,23.3115,42.6758
35992,23.6006,42.0508
36172,23.4209,42.0889
36356,24.3164,43.4717
36540,23.1807,42.4951
36724,23.4326,50.0811
36908,24.3818,41.6230
37096,24.7568,43.2139
37284,23.6992,41.9775
37472,24.1406,42.0283
37660,24.0996,42.7305
37852,22.6426,40.7158
38044,23.9648,42.2695
38236,24.0137,42.9785
38428,23.9316,41.9873
38624,23.8164,42.4570
38820,23.7930,42.9541
39016,24.2285,50.2090
39212,24.4541,43.3955
39412,24.0342,42.6465
39612,24.0498,42.8086
39812,23.9746,43.1455
40012,24.2061,42.8018
40216,24.1543,42.8555
40420,25.2129,43.2529
40624,24.5469,42.7305
40828,24.2764,42.9688
41036,24.4063,43.2920
41244,24.5791,44.7861
41452,24.2646,43.0029
41660,24.1816,43.4619
41872,23.7559,41.3447
42084,24.1143,42.4863
42296,23.9531,42.6924
42508,24.1865,42.7002
42724,24.3828,43.3906
42940,23.8252,42.5439
43156,23.5537,43.0801
43372,24.0488,43.7744
43592,24.0508,42.3867
43812,23.7549,48.4990
44032,24.1738,43.8721
44256,25.1123,43.0205
44480,24.2695,42.9727
44704,24.6143,43.3848
44928,24.5967,42.6953
45156,23.8848,42.8223
45384,24.0859,42.4209
45612,24.5244,43.9688
45844,24.3467,44.0391
46076,24.0156,43.9883
46308,23.5713,42.9082
46540,23.2334,42.5059
46776,30.2236,42.3418
47012,24.3223,44.3027
47248,24.7803,44.1162
47488,24.4326,43.4883
47728,24.5176,44.2607
47968,25.0205,44.8174
48208,23.7285,43.4639
48452,24.3857,44.3691
48696,24.0293,43.0098
48940,23.7646,42.3271
49188,29.1895,44.6494
49436,23.8975,42.8623
49684,23.9004,43.7520
49936,24.2266,43.4814
50188,24.6807,44.4258
50440,24.8076,44.8828
50696,24.0957,44.0039
50952,23.8525,43.5938
51208,24.5547,43.9766
51468,23.5830,43.9600
51728,23.2998,42.2227
51988,24.6064,51.2344
52248,24.2617,44.5088
52512,23.9365,44.8467
52776,24.0215,44.3984
53040,22.8721,43.0605
53308,24.1934,45.0586
53576,23.1982,43.4854
53844,23.6084,43.5605
54116,24.0352,44.1729
54388,23.9893,44.2334
54660,23.8311,44.3691
54936,24.0938,50.7666
55212,23.6182,44.4990
55492,24.1611,45.6338
55772,23.7236,43.9541
56052,23.9590,44.4287
56336,23.5195,43.7490
56620,23.9375,44.5264
56904,24.1504,45.0684
57192,24.1143,43.6621
57480,23.5820,44.0996
57768,23.5195,44.7461
58060,24.2188,44.8262
58352,30.9336,45.7832
58644,24.2695,46.1494
58940,23.3281,44.3623
59236,23.5947,44.1787
59536,23.2793,44.3672
59836,24.1387,45.0840
60136,23.9268,45.9355
60440,24.2979,44.8193
60744,23.5742,44.1299
61048,23.9375,44.5049
61356,23.7793,45.3467
61664,24.3311,46.1045
61976,23.8223,44.5732
62288,23.5527,44.9990
62600,25.8271,45.9912
62916,23.9697,44.2148
63232,24.4746,44.1240
63552,24.5107,45.8047
63872,24.4756,44.7402
64192,24.1182,49.6777
64516,24.8428,45.9717
64840,24.7168,46.9053
65168,24.6484,46.4639
65496,23.9346,44.6689
65824,31.0713,45.3389
66156,28.8604,47.0137
66488,27.6846,45.9385
66824,27.8154,56.2168
67160,27.5986,45.3975
67496,28.0859,46.0918
67836,27.5420,45.2510
68176,27.3623,46.1885
68520,27.2695,45.4619
68864,27.6230,46.3604
69212,27.7529,46.0361
69560,28.0088,47.5918
69908,28.3125,47.4297
70260,27.9248,47.2803
70612,27.4971,46.0098
70968,27.7109,45.2236
71324,28.0850,46.4688
71684,28.3096,46.6836
72044,28.3506,46.7861
72408,27.8984,45.8135
72772,28.4414,46.6260
73136,27.8721,45.5537
73504,28.1973,46.4746
73872,27.4629,44.9639
74244,28.0586,46.7520
74616,27.6748,46.1172
74992,28.0098,46.0186
75368,27.7471,46.6279
75748,28.7090,47.4619
76128,28.1533,46.4482
76512,27.1709,45.6309
76896,28.3721,46.5049
77284,27.9238,47.3008
77672,27.2275,44.5654
78064,27.5410,52.6934
78456,27.7754,46.9795
78852,28.3613,46.8174
79248,27.7373,46.2744
79648,28.8037,47.3516
80048,30.2549,45.4482
80452,26.6807,45.2451
80856,28.2090,47.0742
81264,27.1172,45.6611
81672,28.0752,46.8525
82084,28.4023,46.5107
82496,35.4404,47.5518
82912,28.1025,46.5439
83328,28.1475,47.1250
83748,28.3457,46.2705
84168,27.5127,47.1211
84592,36.2637,48.2100
85016,27.7471,47.5459
85444,28.3428,46.7949
85872,27.9736,50.1768
86304,28.5205,49.2949
86736,27.9805,47.3691
87172,27.0791,46.2285
87608,27.1348,45.8701
88048,28.0664,48.2822
88492,28.3789,47.8223
88936,27.8662,47.0293
89384,27.9209,46.8477
89832,28.2695,47.6182
90284,27.7129,47.6582
90736,28.1709,47.1055
91192,27.4541,46.5947
91648,27.9941,47.5557
92108,28.1289,47.4922
92572,27.7881,47.3711
93036,28.4893,48.4150
93504,28.3330,53.9326
93972,28.5107,47.5547
94444,29.0566,48.9072
94920,27.5469,47.2607
95396,28.8174,48.8604
95876,28.6816,48.7803
96356,28.4043,47.5117
96840,28.1768,47.6426
97328,28.3037,48.1709
97816,27.7354,46.5117
98308,28.1963,55.7178
98800,27.9668,47.5684
99296,27.8311,47.5898
99796,28.5850,47.8340
100296,28.4775,46.8818
100800,28.9951,49.2354
101304,28.5566,47.1270
101812,29.8623,48.2930
102324,28.4434,47.7090
102836,28.2383,48.6650
103352,27.9932,71.0303
103872,28.4473,49.0361
104392,28.3232,49.5654
104916,28.9922,48.8516
105444,27.5264,48.2900
105972,28.8369,49.5576
106504,27.2549,47.3516
107040,28.0947,48.5771
107576,27.8867,48.6133
108116,28.5361,48.6436
108660,28.0068,54.6748
109204,28.6152,48.5381
109752,27.7842,48.5498
110304,28.6035,49.2363
110856,27.1758,48.1289
111412,28.8633,49.3867
111972,29.0244,49.5400
112532,28.2803,48.1689
113096,27.7627,47.9766
113664,28.6768,48.9697
114236,28.6709,56.9902
114808,27.8623,49.0635
115384,27.9443,48.4697
115964,27.6650,48.6768
116544,29.6475,49.9531
117128,28.3877,48.8799
117716,28.6123,48.7119
118308,28.5918,49.0703
118900,28.2510,49.1582
119496,27.2441,48.4473
120096,27.5801,54.6670
120700,28.6221,51.2461
121304,28.0127,48.6973
121912,28.2871,49.4268
122524,28.3916,50.3203
123140,28.2197,49.7236
123756,27.5781,49.2852
124376,27.5527,49.1318
125000,27.6152,49.0537
125628,27.9863,48.8447
126260,27.7197,56.1201
126892,28.2051,48.7910
127528,28.1250,49.1865
128168,27.8193,49.4561
128812,27.7705,49.3359
129460,27.3477,48.7773
130108,28.3789,49.2402
130760,27.8535,50.0635
131416,35.4727,51.5234
132076,33.1885,51.9844
132740,39.6455,50.8643
133404,33.4277,49.2617
134072,34.2148,50.5313
134744,33.6865,49.5137
135420,31.6943,50.5459
136100,33.6006,51.6162
136784,32.5215,50.4561
137468,31.9824,49.4287
138156,32.1660,49.2471
138848,32.2598,55.2920
139544,31.2002,48.7031
140244,31.7900,49.4033
140948,32.4277,50.8848
141656,31.4365,49.1670
142368,31.0820,50.1270
143080,33.4258,51.5469
143796,32.4912,50.4014
144516,33.0059,50.5342
145240,32.5352,54.5537
145968,32.4688,49.5518
146700,33.0752,50.9404
147436,32.6953,55.4746
148176,33.4844,50.5371
148920,32.5508,50.1348
149668,31.9180,49.5195
150420,33.0039,51.3359
151176,32.7852,51.7930
151932,31.9980,49.3828
152692,33.5547,50.6465
153456,33.3184,50.0957
154224,32.0918,49.7725
154996,33.4717,51.1035
155772,33.0439,49.6865
156552,33.2295,50.1797
157336,33.7988,52.2041
158124,33.3652,51.0781
158916,32.7832,50.6104
159712,39.2480,48.9873
160512,32.7021,50.5537
161316,34.2158,50.4160
162124,32.9072,51.2705
162936,34.3613,50.8691
163752,32.8613,50.9219
164572,32.4492,49.7354
165396,33.3105,51.1768
166224,33.3223,53.4854
167056,37.6572,50.9746
167892,32.4414,51.1572
168732,31.8057,50.6133
169576,32.5137,52.3145
170424,32.0234,50.7656
171280,32.3428,50.5703
172140,32.5537,51.2344
173004,32.5400,51.9531
173872,31.8740,52.1475
174744,40.1465,55.4023
175620,32.0352,51.7871
176500,33.6719,53.6357
177384,32.4854,51.1611
178272,32.8945,51.5820
179164,32.5518,51.6758
180060,32.2148,50.7695
180964,32.5342,52.2715
181872,32.5020,51.7354
182784,32.3652,53.1943
183700,32.1797,52.0479
184620,32.5049,51.7178
185544,32.4883,50.9775
186472,32.3057,57.4902
187408,32.3594,55.2461
188348,32.6787,52.3057
189292,33.1514,53.0420
190240,32.8809,52.6367
191192,33.6475,52.8838
192148,33.5186,52.9219
193112,33.2207,52.2822
194080,32.7930,51.3359
195052,31.9678,58.6719
196028,32.8330,52.0537
197012,31.9111,51.2129
198000,32.9238,52.3623
198992,32.5566,51.3643
199988,31.8164,51.7109
200988,32.1719,50.7490
201996,31.5645,51.0068
203008,31.1494,50.5273
204024,32.0801,50.4160
205048,31.6895,51.2305
206076,31.7979,50.9883
207108,32.9541,53.3877
208144,32.2695,54.4814
209188,32.4814,51.8193
210236,32.1113,51.2217
211288,32.6680,53.2266
212348,32.8906,52.9170
213412,41.1982,53.2734
214480,32.3125,52.7520
215556,32.1602,53.0361
216636,31.6436,51.9033
217720,32.4023,53.4697
218812,32.3711,52.1992
219908,31.8799,52.5205
221008,33.5898,53.7080
222116,33.0684,53.5625
223228,38.3213,52.7646
224348,32.2275,51.7275
225472,32.4082,52.4971
226600,32.7559,53.3994
227736,32.0078,52.4229
228876,33.4258,53.0400
230024,32.4951,53.2246
231176,32.6943,53.6387
232332,31.2656,51.8213
233496,32.5986,53.5020
234664,32.1230,52.6709
235840,30.9512,50.8965
237020,32.6943,60.3809
238208,32.4092,53.7666
239400,32.8984,53.9160
240600,32.5840,53.7637
241804,33.2168,54.3447
243016,33.2920,61.4248
244232,33.1494,53.8965
245456,33.2480,53.6621
246684,33.0088,53.5225
247920,31.8643,51.8105
249160,32.1465,52.3789
250408,32.9014,52.6885
251664,33.5059,53.5488
252924,34.0020,53.8555
254192,33.8506,53.0156
255464,33.4512,53.0547
256744,33.8945,53.4102
258028,33.7881,54.6016
259320,34.3916,55.0527
260620,33.1035,52.5010
261924,34.3945,54.1289
263236,38.5840,55.0283
264556,37.6143,58.2061
265880,38.1914,54.8613
267212,36.2090,52.3701
268552,37.4189,53.7803
269896,36.9971,54.8164
271248,36.6748,54.5010
272608,36.8008,53.9883
273972,36.1543,54.1533
275344,36.0234,52.8604
276724,40.5830,53.3799
278108,35.9814,53.4922
279500,37.2061,55.2656
280900,36.3877,53.0459
282308,35.4961,52.3613
283720,35.4531,52.5889
285140,35.4307,53.1396
286568,36.4326,54.6084
288004,36.2695,59.3818
289448,36.5664,54.5293
290896,36.6494,53.9443
292352,36.7686,55.1602
293816,39.6729,53.7441
295288,35.7969,54.2979
296768,35.6963,54.6221
298252,36.4893,56.2324
299744,37.7109,63.4189
301244,36.9004,55.3047
302752,36.0654,54.1963
304268,35.8613,54.9014
305792,36.2295,55.5215
307324,35.5195,53.8438
308864,36.7021,55.3154
310412,35.7607,54.6455
311968,35.1650,54.9658
313528,34.3936,53.1016
315096,35.0088,54.3066
316672,36.2744,55.1572
318256,39.7031,55.0107
319848,36.0859,56.2822
321448,37.1289,56.7646
323056,35.9658,55.7100
324672,35.7939,60.3936
326296,35.8359,55.2236
327928,35.6211,54.4326
329568,35.3633,53.9834
331216,36.5762,55.4375
332876,36.1006,55.6934
334544,35.8682,56.5342
336220,37.1104,54.6699
337904,37.3672,55.9502
339596,37.6426,56.1143
341296,36.1260,54.8281
343004,35.9092,53.9092
344720,36.4678,55.6885
346444,36.6221,55.7871
348180,35.9775,54.5625
349924,36.3389,55.8867
351676,37.4033,55.1914
353436,43.6719,56.0137
355204,34.7002,53.3301
356984,36.2598,55.8994
358772,35.8711,55.1582
360568,38.6143,53.0781
362372,35.4150,55.1836
364184,37.8066,56.0625
366008,36.0264,55.8525
367840,44.7188,54.8779
369680,36.2393,56.1309
371532,34.7715,54.5186
373392,35.7969,55.5498
375260,35.5918,65.5928
377140,36.9434,55.6953
379028,36.8965,55.9980
380924,36.4258,56.2334
382832,36.4004,56.0020
384748,37.4424,55.9414
386672,36.2969,55.6406
388608,36.8408,55.2002
390552,36.6865,58.9395
392508,36.7705,55.2764
394472,36.5420,56.4229
396448,35.6338,55.7217
398432,35.6494,55.9424
400428,36.1641,56.0654
402432,36.3281,55.7236
404448,36.6709,55.1787
406472,50.5762,55.7520
408508,36.7305,56.2100
410552,36.4844,56.9521
412608,36.5107,56.2617
414672,36.8789,56.9717
416748,35.9463,55.3408
418832,36.4658,56.3623
420928,36.5596,56.6650
423036,42.4307,57.9658
425152,36.0059,55.4033
427280,37.1230,56.3945
429420,36.0566,55.4492
431568,37.1055,58.1084
433728,36.0684,56.7822
435900,37.1416,58.5039
438080,35.4980,54.5449
440272,42.1748,57.6523
442476,36.3037,57.0049
444692,36.5225,56.9297
446916,36.6807,57.6934
449152,37.5352,59.1904
451400,36.0732,56.6387
453660,35.6963,57.6563
455932,37.3857,58.6768
458212,35.4443,55.0449
460504,36.5459,56.2129
462808,37.1963,58.4600
465124,36.1699,56.8594
467452,35.9043,56.9678
469792,35.9258,57.3740
472144,37.0078,58.8262
474508,39.3799,63.3584
476884,36.7686,58.5430
479272,37.9844,57.3389
481672,38.3887,58.6006
484084,37.2412,56.6211
486508,37.8154,58.3584
488944,37.9043,58.8369
491392,37.4268,57.1436
493852,42.5303,58.8379
496324,36.8682,56.5596
498808,38.4385,58.4287
501304,36.9229,56.8037
503812,37.4893,57.7227
506332,37.0859,57.6025
508864,37.1445,58.9717
511412,37.5420,57.7754
513972,38.0811,59.3027
516544,37.2617,58.4629
519128,36.9531,58.0371
521724,37.8389,58.6475
524336,46.5664,63.6533
526960,41.2813,59.7549
529596,41.1514,69.1855
532244,40.9971,59.4053
534908,41.1357,58.2383
537584,41.2168,58.7852
540272,40.9111,59.0361
542976,40.6611,56.9619
545692,39.6211,58.9043
548424,40.7861,58.1553
551168,48.1875,59.1846
553924,40.2969,57.3057
556696,40.8623,58.7324
559480,40.5010,58.0215
562280,42.1250,61.0186
565092,40.6484,58.8125
567920,41.6367,59.4873
570760,45.8184,58.7197
573616,40.0215,59.8125
576488,40.5234,60.0479
579372,40.8789,61.3779
582272,40.9863,59.5352
585184,40.0371,58.8457
588112,40.4160,59.6719
591056,39.5215,64.5352
594012,39.4893,57.6934
596984,39.9355,58.8701
599972,40.0713,58.3271
602972,41.2939,60.4785
605988,40.8242,60.1592
609020,39.9238,59.1953
612068,39.4023,63.9805
615132,40.1738,58.9648
618208,41.2969,60.0146
621300,40.3652,58.9873
624408,40.7178,60.0313
627532,41.4336,61.5381
630672,40.7295,60.5889
633828,45.2090,65.0127
637000,39.9219,58.1563
640188,40.6826,59.9951
643392,39.2764,58.2393
646612,39.4746,58.5557
649848,39.7822,59.1855
653100,40.8174,60.3145
656368,39.7666,67.8154
659652,39.8408,58.9434
662952,39.3652,58.6201
666268,40.3516,59.5811
669600,41.0332,60.7607
672948,40.4385,58.8389
676316,39.6787,58.6084
679700,40.6523,80.2676
683100,40.0820,68.5869
686516,40.0635,59.2188
689952,42.2500,60.5225
693404,42.5576,61.5840
696872,43.2207,62.0908
700360,42.0508,59.8447
703864,41.0010,170.7178
707384,45.8086,62.6348
710924,46.2090,62.3154
714480,45.1689,62.7686
718056,45.0332,63.1104
721648,44.0010,62.1172
725260,44.1465,61.2695
728888,44.2402,62.1572
732536,43.5732,62.8926
736200,41.7754,61.7920
739884,42.5400,62.0801
743584,41.1738,60.9805
747304,41.4229,68.1533
751044,41.4434,61.2148
754800,41.2676,61.4941
758576,41.3535,61.1885
762372,42.3750,62.7900
766184,42.3242,62.7949
770016,41.7686,63.3730
773868,41.4346,63.9678
777740,42.1660,63.5508
781632,41.5977,63.4424
785544,40.9785,62.8535
789472,39.9092,60.1035
793420,41.7266,62.2354
797388,39.9053,62.3584
801376,41.2295,62.3037
805384,42.1436,64.3662
809412,42.7549,62.4658
813460,42.1328,61.5918
817528,42.6191,62.1904
821616,43.0254,63.6729
825728,42.6035,63.3506
829860,41.8906,62.6367
834012,43.1748,63.8584
838184,42.7539,62.8037
842376,43.4648,65.9063
846588,41.3320,64.3770
850824,41.7803,63.4873
855080,41.9248,64.7959
859356,40.0947,61.7754
863656,41.6113,62.1826
867976,41.7910,64.3623
872316,40.7178,63.3936
876680,40.4902,64.4033
881064,42.1631,64.8086
885472,41.6885,64.3506
889900,41.4727,63.4541
894352,41.0820,63.8496
898824,41.8994,63.6133
903320,41.0166,62.9316
907840,39.9590,62.2881
912380,42.8262,65.3291
916944,41.8242,64.4834
921532,42.0117,63.4424
926140,41.8252,63.9365
930772,41.5635,62.5137
935428,41.5273,63.7012
940108,43.2070,70.6465
944812,40.7617,61.6523
949540,41.7578,62.9844
954288,43.3359,66.1543
959060,40.9727,62.3828
963856,41.1025,62.3154
968676,43.1230,65.1533
973520,41.0342,62.5078
978388,43.1631,65.6104
983280,43.0762,66.4785
988200,44.5537,77.8525
993144,44.2813,65.0029
998112,42.8047,62.8164
1003104,45.3535,64.4912
1008120,43.9092,64.7598
1013164,44.6592,65.9258
1018232,43.3486,64.3232
1023324,43.3604,64.7627
1028444,42.4512,63.2441
1033588,42.1016,63.0254
1038756,43.6816,64.9941
1043952,43.7295,67.2764
1049172,50.6855,70.0225
1054420,46.7832,65.6826
1059696,46.6289,64.5352
1064996,46.2158,65.5381
1070324,47.4248,65.1572
1075676,76.5459,65.8584
1081056,46.6787,65.3867
1086464,46.1172,65.7236
1091900,47.7412,66.8555
1097360,46.5146,66.1387
1102848,45.4736,63.7139
1108364,45.7510,64.2295
1113908,45.8877,65.3174
1119480,47.5488,66.5996
1125080,46.8135,66.2188
1130708,46.2383,66.1807
1136364,46.4766,104.2197
1142048,50.6846,64.9170
1147760,48.0479,65.8750
1153500,46.7344,65.3838
1159268,46.1904,63.8877
1165068,48.4766,64.3818
1170896,55.5537,64.5371
1176752,47.2402,66.1074
1182636,46.9922,65.6377
1188552,46.6680,66.2959
1194496,48.2637,67.5850
1200472,47.0986,66.0518
1206476,45.4424,64.6191
1212512,46.5127,66.2236
1218576,47.5146,65.7939
1224672,47.6563,65.2607
1230796,46.8008,65.8145
1236952,47.1797,74.5674
1243140,47.3730,67.8750
1249356,45.9512,66.1348
1255604,48.6670,71.6875
1261884,45.3486,66.3281
1268196,46.0293,66.5732
1274540,45.4658,64.9814
1280916,45.8057,66.0547
1287324,45.7227,66.7803
1293764,45.8955,67.8193
1300236,45.5908,66.2842
1306740,45.3789,74.9775
1313276,45.6895,66.5029
1319844,44.7520,64.5986
1326444,45.3652,65.8975
1333080,45.9902,67.0361
1339748,45.9570,66.6113
1346448,45.6035,66.8633
1353184,46.2842,68.4287
1359952,45.6260,77.0596
1366752,45.7676,66.7871
1373588,45.7813,67.4580
1380456,47.5605,69.4160
1387360,46.4326,67.4053
1394300,47.7354,70.2568
1401272,55.4961,68.3076
1408280,47.5449,67.1338
1415324,48.3428,68.5674
1422404,47.7012,67.7295
1429520,51.9512,67.5078
1436668,47.2256,68.0850
1443852,47.3525,68.3857
1451072,47.6191,68.4990
1458328,48.3223,69.8877
1465620,45.8037,68.0488
1472952,44.7393,73.2881
1480320,47.6143,67.6699
1487724,46.9785,68.2549
1495164,46.5703,68.2822
1502640,47.7041,68.8975
1510156,46.1191,77.6504
1517708,46.7217,68.7246
1525300,48.4521,70.5195
1532928,47.0791,70.0732
1540596,48.1221,67.9033
1548300,47.3926,74.9531
1556044,48.8291,68.6445
1563828,47.0352,67.4600
1571648,47.8154,68.2754
1579508,47.6719,69.7891
1587408,47.7188,75.4121
1595348,48.9805,71.1719
1603328,58.8633,69.4346
1611348,48.1787,81.8164
1619408,47.0176,68.3516
1627508,47.3594,68.3691
1635648,47.4229,70.7979
1643828,49.6475,70.8174
1652048,48.3652,81.7217
1660312,46.6465,68.4092
1668616,47.5879,70.1250
1676960,49.0488,70.6514
1685348,46.8486,69.3740
1693776,47.5010,127.3799
1702248,49.3604,72.7813
1710760,48.7090,72.3701
1719316,51.4932,72.6543
1727916,51.2842,78.7070
1736556,51.5654,70.9082
1745240,51.7080,71.3711
1753968,52.0039,71.2949
1762740,50.3672,69.9434
1771556,57.6602,70.5615
1780416,52.6973,72.6211
1789320,50.1787,73.1348
1798268,48.9932,72.2354
1807260,47.1133,78.5479
1816300,49.0635,73.4424
1825384,47.4893,70.0898
1834512,49.2324,74.6934
1843688,47.7256,70.8994
1852908,55.5381,71.6025
1862176,48.3633,72.5615
1871488,48.0156,71.5752
1880848,49.9053,74.7813
1890256,49.3984,83.3506
1899708,49.2363,72.1563
1909208,49.2695,73.9717
1918756,49.1563,72.7959
1928352,49.2852,74.0830
1937996,48.7578,72.8545
1947688,51.6953,82.1943
1957428,50.3242,74.7148
1967216,49.0840,72.2344
1977056,49.6924,74.2129
1986944,49.7939,73.3535
1996880,51.1592,75.2627
2006868,48.8486,73.1963
2016904,51.7080,81.4551
2026992,50.9268,74.3057
2037128,50.7998,85.9854
2047316,50.8623,74.8779
2057556,51.2471,76.4463
2067844,50.8779,75.7598
2078184,48.6377,72.7422
2088576,51.4502,75.1709
2099020,57.0469,77.2002
2109516,55.0811,76.3516
2120064,57.0703,76.4365
2130668,54.1113,76.0322
2141324,56.4365,76.9375
2152032,53.8105,74.7432
2162796,56.4883,77.1602
2173612,56.2480,77.8232
2184484,55.3105,75.4883
2195408,55.5996,76.6055
2206388,55.4180,74.7510
2217420,54.4971,75.8037
2228508,55.7793,79.1914
2239652,54.0625,75.8555
2250852,55.3701,88.3721
2262108,54.6426,76.6426
2273420,55.6621,78.0107
2284788,55.7285,77.7129
2296212,54.6367,88.8984
2307696,54.2256,77.0371
2319236,54.7588,97.4717
2330836,67.2451,77.3682
2342492,55.5010,76.6641
2354208,54.8848,77.5967
2365980,55.8457,77.0088
2377812,56.1895,77.0137
2389704,55.0801,77.7246
2401656,72.3213,79.8184
2413668,54.3604,75.9473
2425740,53.3955,74.8086
2437872,60.4219,74.6133
2450064,54.1748,76.6592
2462316,54.5029,77.3369
2474628,55.6729,77.7695
2487004,53.6777,74.4980
2499440,53.0234,76.5508
2511940,54.6182,77.9004
2524500,53.2793,87.0342
2537124,53.7305,75.2637
2549812,53.0381,76.1436
2562564,54.5010,76.4404
2575380,54.0195,76.2119
2588260,54.6367,77.7432
2601204,53.9365,78.0547
2614212,55.6270,76.4609
2627284,61.3057,77.0557
2640424,53.0742,73.8496
2653628,56.3525,79.6445
2666900,54.0986,84.4521
2680236,53.9199,77.0264
2693640,53.4775,76.3477
2707112,53.7324,83.0225
2720648,56.1338,79.1924
2734252,54.9502,77.8945
2747924,53.5586,76.6396
2761664,55.7227,77.9688
2775476,55.1191,80.3184
2789356,56.3281,79.8232
2803304,55.5098,79.4092
2817324,54.2520,79.7666
2831412,53.7715,77.9854
2845572,62.4180,76.9951
2859800,55.7637,79.3428
2874100,53.3906,76.1455
2888472,54.3350,106.5332
2902916,52.9365,76.1035
2917432,57.7168,84.2998
2932020,55.4375,79.4238
2946684,60.5488,76.4121
2961420,54.6133,80.4453
2976228,54.7422,78.5801
2991112,53.7393,87.8457
3006068,54.2021,76.8408
3021100,53.5869,77.1533
3036208,53.5850,76.8828
3051392,56.4941,81.1777
3066652,54.6084,80.1523
3081988,54.2588,78.8896
3097400,53.2588,78.3418
3112888,53.0732,77.7480
3128456,53.7383,77.8896
3144100,65.4863,80.6357
3159824,54.3223,78.4551
3175624,55.9658,80.0664
3191504,56.9697,81.0410
3207464,56.6357,80.8105
3223504,54.8369,78.9980
3239624,54.6367,89.0000
3255824,55.8135,80.2363
3272104,55.8555,79.8242
3288468,55.0127,78.8047
3304912,54.3955,80.5869
3321440,55.6172,82.5625
3338048,54.2871,80.2969
3354740,62.7627,82.5322
3371516,59.5371,80.8223
3388376,53.0977,77.9873
3405320,54.0869,79.1895
3422348,55.5039,80.6455
3439460,55.1201,80.1475
3456660,54.2363,91.2998
3473944,53.2852,79.5205
3491316,54.1924,78.5781
3508776,55.8037,88.6426
3526320,55.3994,82.5566
3543952,54.3789,82.4053
3561672,54.4268,90.9688
3579484,56.9199,83.0771
3597384,64.9307,90.1582
3615372,57.5068,94.4600
3633452,56.9121,81.9414
3651620,56.4170,83.3174
3669880,58.5527,118.8564
3688232,57.0527,83.9443
3706676,58.3320,84.9219
3725212,57.6436,83.9814
3743840,57.2734,83.8223
3762560,56.9102,85.0996
3781376,58.1855,85.5205
3800284,56.9854,83.1875
3819288,56.8594,84.0605
3838388,58.9775,85.4932
3857580,57.8867,84.9268
3876868,59.0479,87.0049
3896256,57.0898,84.8145
3915740,57.7217,84.8613
3935320,56.9053,85.3643
3955000,58.4023,86.1455
3974776,56.8311,93.1123
3994652,59.2119,88.2266
4014628,57.1670,83.7207
4034704,56.5361,92.4512
4054880,57.3154,86.1680
4075156,57.3926,83.8301
4095532,56.7539,83.9063
4116012,58.3682,86.2393
4136596,58.3193,94.4639
4157280,56.1357,84.6699
4178068,60.5000,90.4668
4198960,65.3066,88.5313
4219956,65.4648,88.1396
4241056,63.8662,86.6475
4262264,71.2334,86.6465
4283576,64.6709,87.8975
4304996,61.4297,84.7109
4326524,62.8916,85.5938
4348160,65.0928,88.1299
4369904,64.1719,93.2012
4391756,63.7539,86.2852
4413716,64.3496,86.3477
4435788,62.6641,85.9668
4457968,64.1563,85.5752
4480260,65.8574,88.7852
4502664,63.9482,86.7520
4525180,63.3975,85.0762
4547808,63.7900,108.5254
4570548,68.3643,87.5488
4593404,64.2188,92.7051
4616372,73.1182,84.7344
4639456,63.3262,86.4766
4662656,63.6182,98.4414
4685972,62.8691,85.0977
4709404,65.4541,89.0674
4732952,64.3281,85.9883
4756620,64.1904,119.2949
4780404,63.3730,85.2461
4804308,62.1270,83.4561
4828332,73.0488,85.7559
4852476,62.7666,86.4141
4876740,63.4541,97.2256
4901124,62.7803,85.6768
4925632,61.9033,88.2813
4950264,69.0010,84.9736
4975016,62.8809,85.8271
4999892,62.0781,94.3779
5024892,62.8184,87.7061
5050020,63.3291,86.2373
5075272,70.1777,84.0146
5100652,63.6924,86.5176
5126156,63.9629,97.5391
5151788,75.3936,86.9629
5177548,62.5703,91.5889
5203436,72.9170,86.9893
5229456,62.3398,88.1230
5255604,62.7402,96.2637
5281884,61.2080,86.8174
5308296,63.3994,90.1641
5334840,60.9766,85.9355
5361516,61.9629,86.9160
5388324,62.0752,86.4873
5415268,67.7852,86.6533
5442348,64.2813,87.0566
5469560,62.4160,86.1445
5496908,61.8242,86.2656
5524396,62.2813,85.9561
5552020,62.3447,93.4678
5579784,60.4863,83.2207
5607684,63.0430,84.7949
5635724,69.0127,86.5430
5663904,62.0977,86.4629
5692224,60.7930,85.8477
5720688,61.6582,85.5381
5749292,60.2256,84.5273
5778040,62.3008,90.3770
5806932,64.5840,96.0029
5835968,63.6104,87.4424
5865148,63.6523,88.9697
5894476,63.1064,88.2520
5923952,63.9111,88.5117
5953572,62.8145,90.1777
5983340,62.6016,95.7969
6013260,64.0674,92.8848
6043328,60.8301,87.0176
6073548,61.1299,86.5430
6103916,62.6563,90.9561
6134436,62.3184,88.5029
6165112,63.6416,97.1250
6195940,62.0000,89.7705
6226920,62.1045,88.1367
6258056,62.4717,90.5713
6289348,63.0449,89.0039
6320796,65.3008,91.4043
6352400,63.8555,90.3125
6384164,63.2900,88.6953
6416088,63.3115,89.6797
6448172,64.0889,88.6992
6480416,66.4395,93.0557
6512820,72.2266,91.0371
6545388,63.2402,88.3086
6578116,64.3271,89.9248
6611008,63.3096,87.9482
6644064,64.0518,88.9180
6677288,63.5244,89.7041
6710676,67.5449,93.5947
6744232,64.6787,90.4648
6777956,65.0693,140.2988
6811848,62.2559,88.4678
6845908,62.7461,88.3887
6880140,61.5645,85.7461
6914544,63.2988,88.4082
6949120,62.9551,89.8799
6983868,60.7744,87.8311
7018788,62.1914,87.9014
7053884,62.2607,89.7080
7089156,61.2422,98.2100
7124604,62.2988,89.7969
7160228,67.7129,95.8379
7196032,69.0098,88.9072
7232016,68.6455,97.7344
7268180,66.6260,84.8682
7304524,67.4346,96.2100
7341048,66.1152,86.4072
7377756,65.6211,97.0176
7414648,68.0352,89.8232
7451724,61.2979,96.3047
7488984,60.2617,87.3037
7526432,60.4600,116.7734
7564068,59.7119,88.1162
7601892,62.9766,89.0762
7639904,60.7480,89.1865
7678104,61.6113,86.9121
7716496,62.5205,90.6904
7755080,63.7168,90.2998
7793856,64.0137,91.7422
7832828,62.3467,89.8584
7871996,62.2090,89.9863
7911356,62.8145,101.7412
7950916,64.2363,91.5957
7990672,64.3066,90.8486
8030628,65.3398,92.8828
8070784,65.1943,93.6973
8111140,97.5967,108.3027
8151696,61.0693,87.4902
8192456,72.5498,91.9082
8233420,63.9971,94.5869
8274588,62.3545,109.8320
8315964,61.5273,90.0010
8357544,63.7764,92.5449
8399332,70.4834,93.4629
8441332,68.9268,97.0508
8483540,69.1396,91.3379
8525960,71.6396,132.8623
8568592,69.1660,93.2881
8611436,69.1455,93.0420
8654496,68.5771,91.4473
8697772,81.4404,94.3994
8741264,69.2490,93.0088
8784972,67.8066,92.1982
8828900,69.9131,94.0439
8873048,68.9629,92.5557
8917416,74.4170,90.8330
8962004,67.8750,92.1758
9006816,71.3340,94.7490
9051852,70.2119,96.3467
9097112,71.3350,104.8154
9142600,70.5830,94.5674
9188316,71.8154,96.9941
9234260,73.1777,98.4541
9280432,70.4531,95.3643
9326836,70.5654,95.1631
9373472,70.9805,97.8164
9420340,68.7881,94.0879
9467444,68.3545,93.5039
9514784,67.3574,91.0703
9562360,70.0615,92.3086
9610172,70.0010,94.3633
9658224,68.7002,95.0186
9706516,72.0459,95.7158
9755052,70.6367,96.1475
9803828,71.4072,98.4043
9852848,79.7842,98.8486
9902116,70.3320,94.7266
9951628,68.9434,93.4570
10001388,74.6143,93.9893
10051396,70.0615,93.1738
10101656,71.7119,116.4492
10152168,77.1650,95.0205
10202932,72.7314,104.0986
10253948,67.7686,89.9512
10305220,69.5781,95.5313
10356748,70.1113,91.8799
10408532,66.4404,91.8252
10460576,65.8350,91.3232
10512880,67.7568,92.4258
10565448,66.0381,89.2168
10618276,67.7480,97.9326
10671368,68.9561,91.4570
10724728,66.6816,93.5332
10778352,67.5654,94.1953
10832244,71.5645,93.7607
10886408,70.2100,95.4629
10940844,70.0566,103.5283
10995552,70.1689,92.4805
11050532,67.9248,92.5938
11105788,70.2158,94.4473
11161320,78.7881,95.2422
11217128,68.4824,91.6211
11273216,69.8164,91.8262
11329584,76.6514,93.4346
11386232,65.5039,92.4355
11443164,69.4990,93.3223
11500380,67.1855,92.0547
11557884,65.2061,88.7617
11615676,65.1680,90.0898
11673756,68.5371,100.0293
11732128,66.2588,90.4014
11790792,68.5479,94.6338
11849748,69.9600,97.2529
11909000,67.7158,93.1631
11968548,68.7783,92.5576
12028392,68.2910,94.4023
12088536,69.9775,94.3652
12148980,113.6787,111.4170
12209728,67.8926,94.1396
12270780,65.7471,91.4014
12332136,67.0693,94.3623
12393800,68.1006,95.4521
12455772,68.0664,92.2188
12518052,64.3379,89.7344
12580644,69.2734,94.8271
12643548,66.1270,94.1045
12706768,68.7402,94.0645
12770304,66.7598,92.4346
12834156,67.2148,92.0146
12898328,68.7666,94.6709
12962820,71.0342,95.8242
13027636,67.5615,92.8535
13092776,68.1592,93.5654
13158240,67.0186,93.8789
13224032,66.7852,92.8496
13290156,69.6172,95.7617
13356608,67.7324,93.1260
13423392,68.2051,93.4170
13490512,66.7197,92.3359
13557968,72.2861,94.4902
13625760,66.2451,94.6211
13693892,68.0752,101.4521
13762364,75.1309,96.7900
13831176,74.2930,95.1318
13900332,70.7686,94.0840
13969836,70.7070,93.0938
14039688,73.3506,96.5596
14109888,68.5732,94.8389
14180440,66.3613,92.5049
14251344,106.9834,94.2422
14322604,65.8320,92.3975
14394220,67.9863,94.5576
14466192,68.5957,95.6270
14538524,67.3037,93.5781
14611220,66.3936,92.9189
14684280,67.1475,94.5342
14757704,66.3506,93.1875
14831496,66.6787,95.7803
14905656,68.2402,94.2871
14980188,64.2148,91.6035
15055092,72.8281,97.8672
15130368,70.2637,99.3789
15206020,70.4180,98.9063
15282052,69.0859,97.1553
15358464,69.3057,96.4580
15435260,71.6436,99.8047
15512440,69.4727,99.4570
15590004,72.0518,101.2383
15667956,68.4141,95.7197
15746296,69.8008,97.3506
15825028,69.2041,99.4004
15904156,70.0527,99.6426
15983680,73.8955,101.9170
16063600,74.3027,103.5127
16143920,67.3203,94.3066
16224640,67.5439,95.6367
16305764,68.9463,96.1807
16387296,70.2314,102.3477
16469236,79.1826,100.0264
16551584,75.8545,99.8389
16634344,75.0449,97.6445
16717516,74.7344,191.8984
16801104,81.8359,98.1494
16885112,79.2236,98.1514
16969540,79.7705,96.9932
17054388,78.1387,95.1445
17139660,73.1660,98.7637
17225360,76.6865,99.8516
17311488,77.7461,98.3682
17398048,77.5039,98.0117
17485040,77.3789,97.9189
17572468,79.7744,101.5762
17660332,81.8145,102.6240
17748636,80.9883,99.9629
17837380,77.9502,99.4980
17926568,76.7354,97.2627
18016204,75.1855,97.9229
18106288,79.8584,100.3662
18196820,89.3877,99.0830
18287808,158.0234,127.4912
18379248,93.6807,94.9805
18471148,80.9805,96.6250
18563504,81.1387,103.8428
18656324,88.8340,94.4258
18749608,75.3359,109.4541
18843360,87.0654,100.0889
18937580,83.5313,99.0840
19032268,83.2539,179.0801
19127432,78.2510,98.5840
19223072,80.1230,100.0186
19319188,79.3223,102.4375
19415784,87.5723,95.6787
19512864,78.7002,99.8516
19610432,76.2002,97.9795
19708488,77.5811,110.0303
19807032,75.6924,97.8428
19906068,84.1543,99.1563
20005600,75.6982,105.8916
20105628,80.2783,98.6543
20206160,87.3057,99.4668
20307192,78.6514,97.5020
20408728,76.1992,108.7998
20510772,75.8857,100.4648
20613328,89.3086,113.8936
20716396,95.8936,131.2139
20819980,150.2471,97.7031
20924080,78.0137,98.8945
21028704,76.6113,102.1934
21133848,115.8848,103.4492
21239520,80.8984,105.0186
21345720,84.2725,121.0508
21452452,76.5859,101.6230
21559716,143.6621,113.5557
21667516,81.6602,102.0518
21775856,80.7539,104.9492
21884736,79.7803,103.0068
21994160,109.1719,108.8223
22104132,83.2734,100.6025
22214656,85.8721,103.6006
22325732,86.4668,106.3643
22437364,87.8945,102.8877
22549552,85.3535,113.4287
22662300,90.1064,112.2393
22775612,88.1533,104.7588
22889492,83.1719,117.9951
23003940,84.7178,104.0996
23118960,88.5869,103.5898
23234556,100.3105,105.7188
23350732,104.8105,105.5801
23467488,87.9482,122.0293
23584828,90.8740,111.9688
23702756,89.3672,107.7334
23821272,98.6631,183.0225
23940380,138.8535,141.5381
24060084,123.0537,140.7451
24180388,143.7480,147.9902
24301292,150.5693,147.3535
24422800,118.9082,122.5498
24544916,124.1904,131.4795
24667644,116.6211,145.3184
24790984,110.2920,133.5303
24914940,102.3018,124.4365
25039516,101.5674,123.2354
25164716,108.0986,128.9600
25290540,112.7637,122.7627
25416996,102.7090,125.5820
25544084,109.4297,123.8887
25671808,115.9707,127.2832
25800168,110.7852,202.6807
25929172,112.2891,127.2266
26058820,161.2188,129.7744
26189116,122.6670,138.3662
26320064,114.6074,134.6934
26451668,203.5742,149.5176
26583928,112.5313,128.0693
26716848,107.7617,123.9590
26850436,124.8818,149.0547
26984692,115.6650,131.9678
27119616,109.9697,126.3418
27255216,115.1953,129.4766
27391496,210.1572,153.0029
27528456,126.1387,135.6387
27666100,119.4053,134.4941
27804432,111.0371,126.9639
27943456,141.6475,132.9717
28083176,118.7178,136.7783
28223592,112.4160,135.1084
28364712,112.8730,132.7686
28506536,116.0361,170.2471
28649072,227.3408,147.7227
28792320,114.6865,135.6074
28936284,122.6191,170.2227
29080968,146.3330,151.4570
29226376,137.9932,138.3896
29372508,115.0156,136.9229
29519372,117.6914,145.1074
29666972,121.8447,144.2656
29815308,117.0586,136.9287
29964388,120.2568,158.0234
30114212,138.3496,156.9795
30264784,123.4883,143.1543
30416108,123.6113,144.5293
30568192,127.5439,146.5205
30721036,135.2285,144.9346
30874644,135.7422,143.8652
31029020,137.8379,147.7354
31184168,128.2080,144.5322
31340092,180.7939,141.3535
31496796,139.5313,148.7959
31654280,140.8818,163.8652
31812552,143.1631,157.0254
31971616,141.2109,151.7861
32131476,154.5986,151.6631
32292136,131.1250,164.7510
32453600,153.5088,157.3945
32615868,145.9912,154.2803
32778948,156.6797,156.1475
32942844,137.2666,168.3086
33107560,133.1836,151.8848
33273100,134.6191,162.3438
33439468,128.9893,170.8174
33606668,144.5791,155.3232
33774704,147.0010,159.1924
33943580,144.6289,159.4736
34113300,159.8926,159.2051
34283868,152.3408,158.2490
34455288,157.2021,201.0889
34627568,148.6592,163.8232
34800708,150.2383,165.4385
34974712,158.6992,157.4424
35149588,175.1943,195.3555
35325336,154.0840,171.6006
35501964,156.0127,159.8018
35679476,214.3887,160.6006
35857876,152.6006,173.6553
36037168,179.0156,171.5098
36217356,172.6699,161.1250
36398444,177.9688,182.8789
36580440,160.9170,158.3574
36763344,165.0234,171.0146
36947164,162.2207,153.3086
37131900,155.4541,162.2256
37317560,163.4082,160.5615
37504148,212.1338,185.5039
37691672,166.6279,164.9092
37880132,158.5527,166.3496
38069536,154.9248,175.8379
38259884,162.5479,175.7109
38451184,167.9980,169.6104
38643440,201.7178,179.6377
38836660,162.7930,172.8945
39030844,172.9912,177.9033
39226000,165.9443,170.3926
39422132,164.1191,171.3486
39619244,170.3271,165.9502
39817344,163.4336,168.7305
40016432,240.5664,175.6299
40216516,163.8965,175.1152
40417600,169.0234,240.4609
40619688,173.5029,167.4697
40822788,174.9336,178.5283
41026904,189.9922,177.6250
41232040,182.3604,176.3330
41438204,173.6436,166.1719
41645396,174.3887,184.1104
41853624,187.2422,203.7842
42062896,159.5762,180.8584
42273212,185.0059,177.5020
42484580,175.7832,166.7393
42697004,167.2441,188.3291
42910492,181.8975,170.9541
43125048,169.1631,199.8281
43340676,173.7607,171.0869
43557380,174.0078,175.5293
43775168,169.3936,173.6377
43994044,170.7627,173.4063
44214016,170.2744,173.8350
44435088,167.9092,199.6943
44657264,173.9219,184.1689
44880552,177.4248,186.6973
45104956,173.5303,185.6348
45330484,169.5215,181.2500
45557140,178.0723,171.8457
45784928,164.3281,226.3643
46013856,171.8291,170.7285
46243928,177.8896,169.8076
46475148,177.1670,181.3135
46707524,178.2295,227.9443
46941064,178.6973,181.1162
47175772,198.2500,185.7344
47411652,173.4141,182.8467
47648712,179.3379,188.2520
47886956,173.5088,203.9297
48126392,181.0977,184.1348
48367024,189.1660,193.1904
48608860,177.7266,190.0771
48851908,186.6006,209.1592
49096168,184.1211,189.0801
49341652,253.0977,209.2627
49588364,211.4854,188.9150
49836308,193.7959,238.5518
50085492,184.4932,189.5693
50335920,200.3545,192.9844
50587600,191.8643,186.6074
50840540,190.5713,192.8008
51094744,193.4111,195.7666
51350220,182.8350,194.6416
51606972,182.8740,212.4150
51865008,184.5693,214.6689
52124336,206.8545,202.6963
52384960,239.7334,204.2832
52646888,192.2539,206.7529
52910124,233.7227,200.5811
53174676,193.1328,199.5264
53440552,206.6758,187.8604
53707756,194.6104,198.5781
53976296,210.3848,211.9482
54246180,186.9141,189.7734
54517412,204.3438,320.2930
54790000,194.0791,198.6328
55063952,202.1465,209.8613
55339272,197.2578,197.7842
55615972,188.7725,199.6680
55894052,251.3770,208.7139
56173524,228.1289,199.5938
56454392,200.0879,203.0908
56736664,208.8389,216.4092
57020348,200.7178,203.9072
57305452,199.9463,209.9561
57591980,227.2686,262.4814
57879940,215.2803,433.6504
58169340,218.9043,222.5586
58460188,208.5840,219.1475
58752492,193.7637,215.9385
59046256,207.8545,216.4326
59341488,202.3213,213.2510
59638196,197.8096,223.3770
59936388,236.6191,212.7705
60236072,210.4648,200.7314
60537256,206.7021,248.9316
60839944,224.5000,249.6113
61144144,219.0508,232.1924
61449868,219.9170,218.1621
61757120,204.3340,212.5137
62065908,212.4590,227.4971
62376240,225.3936,224.2656
62688124,220.5127,515.8633
63001568,216.0752,219.3242
63316576,219.5166,231.3184
63633160,217.1992,221.0762
63951328,228.2480,228.8477
64271088,213.0869,216.2061
64592444,241.9795,250.0791
64915408,218.4609,236.5596
65239988,225.0693,264.5117
65566188,227.6934,259.2480
65894020,213.9004,249.2490
66223492,215.2031,227.3047
66554612,213.5332,237.0439
66887388,256.4648,275.6904
