4,1.0537,1.2861
8,1.7744,6.5762
12,2.2324,7.1211
16,2.2412,9.7109
20,2.8203,9.6123
24,2.8164,10.4473
28,2.8428,10.8418
32,2.7061,11.5586
36,3.2920,11.1621
40,3.2988,11.6016
44,3.2949,11.9043
48,3.2920,12.3936
52,3.2891,13.4395
56,3.2861,13.9932
60,3.2900,14.1465
64,3.2891,15.2598
68,3.7891,12.6953
72,3.7852,11.1436
76,3.7783,10.4873
80,3.7949,10.9326
84,3.7686,11.2197
88,3.7803,11.3818
92,3.7734,11.7979
96,3.7744,10.5664
100,3.7744,11.3633
104,3.7852,11.7295
108,3.7930,11.5420
112,3.7881,11.9658
116,3.7842,12.2803
120,3.7832,12.8574
124,3.8115,12.6670
128,3.7773,16.0986
132,4.3496,15.5234
136,4.3291,15.1230
140,4.3252,15.1191
144,4.3096,14.5469
148,4.3291,14.6318
152,4.3213,14.9131
156,4.3027,15.3115
160,4.2861,14.5811
164,4.2939,15.0928
168,4.2969,14.9922
172,4.3252,15.4785
176,4.3291,15.4697
180,4.2793,15.1592
184,4.3008,15.3701
188,4.2959,15.3418
192,4.3271,15.6709
196,4.3350,16.3701
200,4.3203,15.6660
204,4.3262,15.8604
208,4.2949,15.4424
212,4.2871,16.5889
216,4.3203,16.8467
220,4.3223,17.0840
224,4.2998,17.1357
228,4.3369,16.5459
232,4.3320,16.8291
236,4.3018,17.2109
240,4.3369,17.1006
244,4.2852,17.3828
248,4.3008,16.4346
252,4.3320,17.7480
256,4.2998,18.5205
260,4.9395,18.9512
264,4.9004,18.2627
268,4.9004,18.2939
272,4.9082,19.0205
276,4.9248,18.3975
280,4.9229,18.0439
284,4.9209,17.7158
288,4.9043,18.3203
292,4.9121,18.4004
296,4.9150,18.2832
300,4.9082,18.2207
304,4.9141,18.6670
308,4.9189,18.6563
312,4.9189,18.3877
316,4.9229,18.0898
320,4.9336,18.7227
324,4.9131,18.3857
328,4.9053,17.6318
332,4.9248,15.7090
336,4.9014,15.7109
340,4.9180,15.6348
344,4.9277,14.7627
348,4.9170,14.6328
352,4.9180,15.0586
356,4.9131,15.3242
360,4.9199,15.6221
364,4.9072,15.4893
368,4.9131,16.2061
372,4.9229,15.6328
376,4.9209,15.9053
380,4.9209,14.9619
384,4.9141,14.9463
388,4.9092,16.0469
392,4.9160,15.2910
396,4.9131,15.3223
400,4.9092,15.4111
404,4.9189,15.9453
408,4.9219,16.3506
412,4.9238,15.6357
416,4.9355,16.1748
420,4.9238,15.3564
424,4.9355,15.2764
428,4.9297,16.1104
432,4.9307,16.4092
436,4.9043,16.6416
440,27.5967,16.6416
444,4.9248,17.1357
448,4.9170,16.6670
452,4.9336,17.0078
456,4.9238,16.6035
460,4.9160,16.7021
464,4.9424,16.3438
468,50.5391,17.1924
472,4.9287,16.9648
476,4.9189,17.1104
480,4.9248,17.0313
484,4.9219,16.3408
488,4.9297,16.9600
492,4.9355,17.4854
496,4.9307,16.9453
500,4.9141,17.7393
504,4.9238,17.6172
508,4.9180,26.7119
512,4.9678,20.4658
516,7.3496,19.9912
520,6.8896,19.6963
524,6.8721,19.9307
528,6.9111,20.3848
532,6.7705,19.6416
536,6.8193,19.8682
540,6.9492,19.6514
544,6.9551,20.5654
548,6.7949,20.1768
552,6.6660,19.5127
556,6.6689,18.6113
560,6.5879,19.5781
564,7.0078,19.7070
568,6.8545,20.4727
572,6.7588,20.0654
576,6.7998,19.3506
580,6.8809,20.0244
584,6.8740,18.0146
588,6.7246,17.1729
592,6.7305,18.0176
596,6.8574,18.1201
600,6.9043,18.0723
604,6.7539,17.8711
608,6.7090,17.2656
612,6.7676,17.8457
616,6.8154,17.1953
620,6.9189,17.7412
624,7.0068,18.0342
628,6.7949,17.0449
632,6.5840,16.6738
636,6.7217,17.0010
640,6.8096,17.5469
644,6.8340,17.4873
648,6.8203,17.0996
652,6.8262,17.6641
656,6.8135,17.2471
660,6.7744,17.5830
664,6.8027,17.0293
668,6.6885,16.6611
672,6.9375,18.1270
676,6.6885,17.4053
680,6.8818,16.7695
684,6.8594,17.7637
688,6.7227,17.9102
692,6.8076,17.5186
696,6.9756,18.3027
700,6.7959,18.0449
704,7.0234,18.0469
708,6.6943,17.5986
712,6.8555,17.7451
716,6.7188,17.3242
720,6.7734,17.9346
724,6.6182,17.5225
728,6.9414,17.7383
732,6.6963,18.2109
736,6.7227,17.8281
740,6.8672,17.6201
744,6.7393,17.8818
748,6.6523,17.9893
752,6.7236,17.8809
756,6.8916,18.2705
760,6.9229,17.8223
764,6.8242,17.7217
768,6.7832,18.7920
772,6.8877,18.6816
776,6.7383,18.1523
780,6.7646,19.0781
784,6.6758,19.2031
788,6.9102,19.3408
792,6.9131,18.7734
796,6.8320,18.6582
800,6.6221,17.6758
804,6.8672,17.9648
812,6.8438,18.4551
820,6.8555,18.3213
828,6.8320,19.4658
836,6.9180,19.4688
844,6.6299,18.4766
852,6.8096,18.3477
860,6.7383,18.1211
868,7.1143,18.6113
876,6.7314,18.9600
884,6.9043,18.5293
892,6.9063,18.8867
900,6.8555,18.5098
908,6.9844,20.2295
916,7.0684,19.6143
924,6.7910,18.9570
932,6.7441,19.1045
940,6.9326,20.1338
948,6.8076,19.4453
956,6.7930,18.8145
964,6.8193,19.3682
972,6.7637,19.7031
980,7.3320,19.5381
988,6.7393,19.3945
996,6.7344,19.4189
1004,6.7402,18.4316
1012,6.9199,19.6748
1020,6.9072,19.7041
1028,10.3877,22.3018
1036,9.7207,20.6494
1044,9.2891,20.4014
1052,8.8965,19.8750
1060,9.1592,19.4443
1068,8.9990,21.0498
1076,8.9502,19.3398
1084,8.8867,19.5879
1092,8.8867,23.9482
1100,9.0742,20.1943
1108,8.7998,20.2939
1116,8.8799,20.4863
1124,8.8418,19.9365
1132,9.1309,19.9346
1140,8.7939,20.3252
1148,8.8047,19.3887
1156,8.9326,19.9658
1164,8.7803,18.7969
1172,8.3896,18.1992
1180,8.9971,19.8525
1188,8.8701,20.0508
1196,8.5693,19.3223
1204,9.2051,20.1455
1212,9.0215,19.4053
1220,8.7588,19.7441
1228,9.0713,20.6621
1236,8.7842,19.8760
1244,8.6650,19.6924
1252,8.6494,20.0713
1260,8.9521,20.9658
1268,8.9893,20.6631
1276,8.8447,20.1279
1284,9.0771,20.3467
1292,8.7666,19.8135
1300,9.3945,20.1240
1308,8.8008,19.9561
1316,8.8330,20.0264
1324,8.9150,20.4473
1332,8.8506,20.3301
1340,8.8438,19.5068
1348,8.9365,20.3232
1356,9.1475,20.3799
1364,8.7969,19.0518
1372,8.8232,19.5605
1380,8.8496,19.6875
1388,8.6670,19.8418
1396,8.7354,19.7822
1404,8.9512,20.3105
1412,8.9678,20.4785
1420,8.9414,20.7881
1428,9.4736,20.4463
1436,8.6455,19.2295
1444,8.4971,19.5410
1452,8.8057,19.9307
1460,8.7744,20.3955
1468,9.2471,19.8213
1476,8.5996,19.7637
1484,8.7822,20.1543
1492,9.0117,20.3105
1500,8.6338,19.9043
1508,8.8877,20.5234
1516,8.6572,20.4814
1524,8.8662,20.2344
1532,9.1904,19.5938
1540,8.8516,20.2549
1548,8.7461,22.2988
1556,9.2012,20.9258
1564,8.8584,20.4814
1572,9.5850,20.3164
1580,9.8828,20.7588
1588,10.4590,21.8408
1596,10.0986,21.4248
1604,9.3984,20.5332
1616,8.9297,20.5918
1628,8.8730,21.2236
1640,8.6416,21.0234
1652,8.8525,21.2197
1664,8.8086,20.6572
1676,8.6992,21.0488
1688,8.9395,20.8486
1700,8.9297,21.3604
1712,8.8115,20.7139
1724,8.7598,21.7344
1736,8.7695,20.5713
1748,8.9863,21.0459
1760,8.7324,21.2578
1772,8.5547,20.0742
1784,8.7363,21.5840
1796,8.8740,21.3418
1808,8.6787,20.7998
1820,8.6855,21.7139
1832,9.6250,21.0313
1844,8.7500,21.5908
1856,8.8008,21.1211
1868,8.6563,21.5303
1880,8.9268,21.5498
1892,8.7256,20.6426
1904,8.6621,20.9150
1916,8.8691,21.9707
1928,8.4570,20.3760
1940,8.8525,22.6455
1952,8.7959,21.9941
1964,9.1777,23.3145
1976,8.4668,20.5859
1988,9.0371,21.6094
2000,8.8574,20.9600
2012,8.6709,21.4141
2024,8.8232,22.0059
2036,8.7158,25.3662
2048,9.1699,24.6484
2060,11.4688,23.7910
2072,11.0557,24.0986
2084,10.8477,22.9746
2096,11.4834,23.7588
2108,11.4453,23.6416
2120,10.9199,23.5186
2132,11.4238,24.3740
2144,11.2441,23.8662
2156,11.4863,24.0771
2168,11.8154,24.8340
2180,11.2129,23.5508
2192,11.5020,24.5254
2204,11.2637,23.6543
2216,10.9180,23.2930
2228,11.3340,23.6953
2240,11.2129,22.8984
2252,10.9014,23.2744
2264,11.0801,23.7266
2276,11.0596,23.9844
2288,11.3584,23.8389
2300,11.2539,22.3789
2312,11.3076,23.5078
2324,11.4082,25.1416
2336,11.3242,24.1318
2348,11.1934,23.4824
2360,11.2617,23.8057
2372,10.9590,23.2744
2384,11.3994,23.8545
2396,10.9307,23.3213
2408,11.1484,23.1553
2424,11.0059,23.3984
2440,11.0840,23.2871
2456,11.1025,23.4043
2472,11.7871,24.7480
2488,11.0947,23.8730
2504,10.8389,23.7148
2520,11.3652,23.8467
2536,11.1543,23.6592
2552,11.0029,23.2295
2568,11.3027,24.8076
2584,11.1211,24.1455
2600,10.9639,23.2412
2616,10.9072,24.0996
2632,11.0752,23.4531
2648,10.8525,22.6494
2664,10.9854,22.6621
2680,11.1455,23.8398
2696,11.0400,24.4688
2712,10.9160,23.2793
2728,11.1055,23.0088
2744,11.2295,24.2373
2760,10.8467,23.1211
2776,10.7217,23.3730
2792,10.8291,22.9492
2808,10.9385,22.9775
2824,11.0635,23.8232
2840,11.0195,23.6787
2856,10.9473,24.4346
2872,10.9414,23.2217
2888,10.9600,24.3496
2904,11.1904,24.4404
2920,10.9561,24.2930
2936,11.1807,23.3721
2952,11.0664,23.7246
2968,11.2598,23.6943
2984,11.1387,24.1484
3000,11.2461,24.1484
3016,10.6895,24.2451
3032,11.1299,24.9785
3048,10.9727,24.2100
3064,10.8955,23.5957
3080,10.9658,24.4590
3096,11.0703,23.9756
3112,11.3848,24.8320
3128,10.9619,23.9277
3144,10.6836,23.1211
3160,12.0156,23.6963
3176,10.8672,23.6650
3192,10.9248,24.1377
3208,11.3643,25.2197
3228,10.7148,22.7705
3248,10.6836,23.9004
3268,11.0967,23.6240
3288,10.9404,24.3984
3308,10.9150,23.9697
3328,10.8750,24.2744
3348,11.2529,29.8789
3368,11.4883,25.3369
3388,11.3350,25.2988
3408,11.2988,25.3154
3428,11.0215,24.5020
3448,10.8975,24.2471
3468,11.2861,25.1445
3488,11.4609,25.5107
3508,11.0537,24.9248
3528,11.0459,23.7021
3548,10.9531,24.3770
3568,10.8887,24.8945
3588,10.9482,24.7139
3608,10.8525,44.8975
3628,11.4736,25.0186
3648,10.9219,24.8926
3668,11.2539,25.7969
3688,11.1934,25.6758
3708,11.3096,25.8721
3728,10.7627,24.3467
3748,10.7861,24.1914
3768,10.8193,24.3730
3788,11.2900,25.2793
3808,10.7998,24.3555
3828,10.8184,24.2002
3848,10.9736,24.8838
3868,10.9590,24.6680
3888,10.5605,24.4521
3908,11.1377,25.2617
3928,11.0801,25.0605
3948,10.9316,25.0332
3968,11.1982,24.8623
3988,11.1162,25.0781
4008,10.8584,25.5723
4032,10.9502,25.2607
4056,10.6943,24.7207
4080,10.9873,25.6973
4104,16.0898,27.5176
4128,15.4209,26.9795
4152,15.3594,26.7510
4176,15.3350,26.3164
4200,15.3447,32.6543
4224,15.6025,26.9580
4248,15.0986,26.8174
4272,15.4639,27.0068
4296,14.7734,26.2178
4320,14.6641,25.7236
4344,15.2920,26.2910
4368,15.0938,26.5566
4392,14.8096,26.3701
4416,15.1318,26.7813
4440,15.1992,26.7285
4464,14.8848,26.5283
4488,13.2910,28.3174
4512,13.3984,27.5176
4536,13.1299,26.7314
4560,13.0742,27.4072
4584,12.9805,26.2500
4608,12.9248,27.3662
4632,12.9385,26.0938
4656,12.9492,26.9736
4680,12.6885,26.3506
4704,13.1035,26.7842
4728,12.7939,26.8115
4752,12.5557,25.5205
4776,12.8574,27.2471
4800,13.0879,26.7842
4824,12.5156,26.0283
4852,12.4619,25.0293
4880,13.0127,26.6279
4908,12.5439,25.3428
4936,12.9023,26.5527
4964,12.6504,26.0313
4992,13.1680,26.8936
5020,12.8643,26.8496
5048,12.5596,25.6338
5076,12.7822,26.9482
5104,12.8721,26.5889
5132,12.5234,26.0234
5160,13.4043,27.2705
5188,12.6836,26.5732
5216,13.2305,26.9277
5244,19.5078,27.2783
5272,13.0400,26.0859
5300,13.1045,27.8535
5328,12.7900,26.3438
5356,13.1143,27.4814
5384,12.9541,27.0449
5412,12.7627,27.0830
5440,13.0713,27.0811
5468,12.5654,26.2285
5496,12.9590,26.6563
5524,12.9453,26.7295
5552,12.7031,26.4902
5580,12.8398,26.6504
5608,12.9873,27.2764
5640,12.0859,24.4883
5672,12.4531,25.8516
5704,12.5488,25.9512
5736,12.6475,26.3672
5768,12.2607,25.2646
5800,12.7891,26.7813
5832,12.5420,26.2725
5864,12.2910,25.5020
5896,12.6504,25.6475
5928,12.4268,26.0264
5960,12.9355,26.3857
5992,12.5947,28.2715
6024,12.8076,25.9971
6056,13.0723,26.6758
6088,12.8086,26.6230
6120,12.2295,25.0879
6152,12.9297,27.3428
6184,12.4678,25.6729
6216,12.9619,26.6182
6248,12.7559,26.6494
6280,12.5205,25.9707
6312,12.6035,25.9932
6344,12.7773,27.2803
6376,12.1982,25.7197
6408,12.6074,25.9580
6444,12.6006,26.5146
6480,12.6865,26.5645
6516,12.7002,26.2832
6552,12.8320,26.9912
6588,12.4443,26.6748
6624,12.6875,26.9092
6660,13.0371,27.4912
6696,12.7148,27.0801
6732,12.3867,26.3496
6768,12.5664,27.5205
6804,12.5498,27.1504
6840,13.4131,28.6787
6876,12.6660,27.2324
6912,12.6201,25.8359
6948,12.6426,27.4980
6984,12.7920,27.1553
7020,12.5127,26.1338
7056,12.7412,27.9883
7092,12.9434,27.7930
7128,12.6846,27.1855
7164,12.8066,27.6152
7200,12.0449,25.9414
7236,12.4355,26.1436
7276,12.7109,26.7988
7316,12.9053,27.3477
7356,12.6982,27.1865
7396,12.2188,25.4521
7436,12.2373,25.8877
7476,12.2285,26.0752
7516,12.5791,27.7920
7556,12.4307,27.4072
7596,12.3076,26.4717
7636,12.7949,27.4307
7676,13.4063,28.8955
7716,12.5508,26.8564
7756,16.6270,27.4639
7796,12.8486,28.3438
7836,12.8057,27.4961
7876,12.4414,27.2129
7916,12.4414,26.5840
7956,12.8232,27.1299
7996,12.4482,26.4209
8036,12.5322,26.7842
8080,13.0762,28.5146
8124,13.1016,28.5020
8168,12.6729,27.2666
8212,15.1074,28.1631
8256,15.2725,27.8604
8300,15.3770,27.9746
8344,15.2129,28.1943
8388,15.5029,28.5947
8432,15.3252,28.5107
8476,16.0322,29.0654
8520,15.1895,27.7803
8564,15.7305,28.9844
8608,15.3271,27.6348
8652,15.2656,27.7158
8696,15.5576,27.8076
8740,15.7109,29.0166
8784,15.6729,28.4629
8828,15.6172,28.4941
8876,15.0918,27.4023
8924,15.7119,29.5850
8972,15.1709,28.7510
9020,15.0898,27.7148
9068,14.2998,26.8418
9116,14.4512,27.1055
9164,15.6133,27.1523
9212,14.1973,26.2090
9260,14.5801,27.1123
9308,14.5322,27.2402
9356,14.4961,27.3086
9404,14.1865,26.6465
9452,14.1006,26.1973
9500,14.7314,27.5820
9548,14.2969,27.1855
9596,14.6641,27.4941
9644,14.1523,26.6963
9696,14.3555,27.8115
9748,14.3926,27.5420
9800,14.5029,27.9463
9852,13.8555,26.6953
9904,15.8740,28.9434
9956,14.6563,27.3115
10008,14.5137,27.6309
10060,13.9824,26.4307
10112,14.5625,27.1563
10164,14.3730,27.0479
10216,14.7305,28.0938
10268,14.9053,28.8291
10320,14.6865,27.7998
10372,14.7607,26.6553
10424,14.5918,28.2930
10480,13.9717,27.2090
10536,13.8564,26.7627
10592,14.3418,26.7275
10648,14.2217,26.5859
10704,14.7822,27.1240
10760,15.1855,29.2783
10816,14.3662,26.9102
10872,14.5176,28.3574
10928,14.4697,27.3096
10984,14.6172,28.1230
11040,14.6299,27.4932
11096,14.4307,27.2734
11152,14.9482,32.6572
11208,13.8018,26.4268
11268,14.4023,27.3848
11328,14.4102,26.6514
11388,14.9629,28.7246
11448,14.4902,28.0000
11508,14.3047,26.8740
11568,14.5537,27.5625
11628,13.6260,24.7861
11688,14.3818,27.7471
11748,14.4941,27.9678
11808,14.4033,27.7900
11868,14.6338,27.8281
11928,14.1611,26.8584
11988,14.4795,27.6641
12048,14.1621,26.0781
12112,14.8340,27.9541
12176,16.1875,31.1816
12240,14.7344,27.8750
12304,14.6094,28.1514
12368,14.3555,27.4951
12432,14.7451,28.9365
12496,14.7236,28.4854
12560,14.8652,28.3662
12624,14.8389,27.9590
12688,14.1758,27.5283
12752,14.3867,27.4990
12816,14.5166,28.8037
12884,14.0098,27.3428
12952,14.4043,27.9629
13020,14.5801,27.6816
13088,14.1563,27.2197
13156,14.1865,28.1104
13224,15.0781,27.9326
13292,14.5684,28.6240
13360,14.6475,28.4570
13428,14.6113,27.7695
13496,14.1885,27.9082
13564,14.3320,27.7002
13632,14.1250,27.5908
13704,14.5928,28.6523
13776,14.4883,44.9346
13848,14.7197,29.1709
13920,14.2295,27.9639
13992,14.9355,29.0479
14064,14.6260,28.1719
14136,14.6270,28.3535
14208,15.1045,28.7373
14280,14.0254,26.9043
14352,14.8975,29.1592
14424,14.3066,27.2773
14500,14.7734,28.1367
14576,14.2939,28.2520
14652,14.7178,27.3643
14728,14.2188,28.3389
14804,14.1592,26.4287
14880,14.9629,28.7197
14956,14.7852,29.6631
15032,15.1260,28.3975
15108,14.8525,29.6494
15184,14.6396,28.9512
15260,14.4502,28.2910
15340,14.3799,28.8369
15420,14.5479,28.4414
15500,14.7500,29.0078
15580,13.9697,27.6582
15660,14.0879,28.0117
15740,14.5957,28.1357
15820,14.1650,32.6621
15900,14.7383,29.1250
15980,14.4502,29.0400
16060,14.6484,28.4316
16144,14.7363,28.8057
16228,14.4570,28.1904
16312,14.3623,28.3438
16396,19.8525,31.4492
16480,20.0576,31.2480
16564,19.2080,30.1230
16648,19.4805,30.7305
16732,19.1484,30.7432
16816,18.8838,30.2178
16904,19.6572,30.4268
16992,19.8369,31.1416
17080,19.4844,31.1807
17168,19.6289,31.4395
17256,19.4072,30.3789
17344,19.3047,30.4336
17432,19.4678,30.6367
17520,17.6865,32.3115
17608,16.3906,29.4023
17700,16.4541,28.9434
17792,16.6533,29.3994
17884,16.5615,29.5859
17976,16.1201,29.1484
18068,16.6406,29.9824
18160,16.3564,41.2227
18252,16.7451,29.8105
18344,16.3105,29.1748
18436,15.9531,28.1729
18532,16.4434,28.9287
18628,16.3633,29.8389
18724,16.3721,29.5234
18820,16.0537,28.4287
18916,16.0986,28.7129
19012,16.5850,29.2930
19108,15.8926,28.5293
19204,16.3584,29.6328
19304,16.3545,29.2490
19404,16.0400,29.8320
19504,16.4541,30.2764
19604,15.7881,27.6895
19704,16.6250,30.1719
19804,16.3145,29.2998
19904,16.2715,29.2500
20004,16.9463,30.6387
20108,16.5732,29.7510
20212,15.6875,27.2617
20316,16.2852,28.7051
20420,16.7549,30.6143
20524,16.7725,30.0889
20628,16.5020,28.7891
20732,16.4043,28.6787
20836,16.4268,29.7119
20944,16.4570,29.1025
21052,16.2100,29.2607
21160,16.7471,29.8896
21268,16.3223,29.5273
21376,16.6807,29.2646
21484,16.0576,28.9707
21592,16.5146,28.6074
21700,16.4268,29.6172
21812,16.1406,28.6104
21924,16.3975,30.0059
22036,22.2979,29.4814
22148,16.3359,29.1152
22260,16.6885,29.1934
22372,16.4170,30.0400
22484,16.7695,29.9639
22600,16.5518,30.0625
22716,16.1514,29.2900
22832,17.0078,29.2217
22948,16.6152,29.5059
23064,16.4551,30.1387
23180,16.6260,30.5830
23296,16.7529,30.1680
23416,16.4990,29.5879
23536,16.5010,29.5947
23656,16.6533,29.0049
23776,16.5068,29.9697
23896,16.7080,30.4482
24016,16.2373,29.4189
24140,16.7822,30.3789
24264,16.3525,29.8447
24388,16.3936,29.5850
24512,16.3457,30.2324
24636,16.2793,30.2588
24760,16.1768,29.3525
24884,16.5176,30.4043
25012,16.4229,29.3057
25140,16.3984,30.1523
25268,16.4736,29.9072
25396,16.3027,30.0332
25524,16.3838,29.7529
25652,16.4922,29.8311
25784,16.5898,31.5342
25916,17.9951,30.4453
26048,16.5029,28.8994
26180,16.8145,29.6914
26312,16.9893,29.9629
26444,16.8076,30.3389
26580,17.1533,31.0674
26716,16.7109,29.8301
26852,16.4336,29.2529
26988,16.6553,30.0557
27124,17.0879,31.3770
27260,16.2227,29.4160
27400,16.7744,29.1768
27540,16.5361,29.7920
27680,16.4082,29.8662
27820,16.6396,29.6631
27960,16.5859,29.8496
28100,18.2041,30.8711
28244,16.1523,28.9482
28388,16.4180,29.8457
28532,16.2256,29.8398
28676,16.0039,30.1133
28820,16.2246,29.8223
28968,16.5957,30.4131
29116,17.2266,31.3867
29264,17.1045,29.5234
29412,16.2412,29.5020
29560,16.7910,30.5166
29708,17.6221,31.3877
29860,16.0098,30.1807
30012,16.9092,31.2227
30164,16.1328,29.3223
30316,16.5488,31.0791
30468,15.9756,29.6348
30624,16.6973,31.0068
30780,15.8779,29.2578
30936,17.1094,32.2520
31092,21.3525,31.6426
31248,16.4375,30.3984
31408,16.0781,29.7793
31568,16.4883,29.6523
31728,16.8447,30.3008
31888,15.9189,30.0703
32048,17.4180,32.3906
32212,16.7529,31.3408
32376,17.1289,31.0166
32540,16.5225,30.8076
32704,16.6436,30.0908
32868,20.0684,31.4434
33036,19.5957,31.1074
33204,20.1582,31.9639
33372,21.0000,32.6943
33540,19.3770,30.5957
33708,19.3232,30.6475
33880,19.9600,32.0117
34052,20.3809,32.7500
34224,20.1064,32.0361
34396,19.9141,31.7100
34568,19.7705,31.9023
34744,19.6475,32.1523
34920,19.7031,32.5313
35096,18.6963,31.5117
35272,18.2139,30.7490
35452,18.2969,30.3730
35632,19.0029,32.0449
35812,18.2285,30.3818
35992,18.1865,30.1650
36172,18.5342,31.7539
36356,18.5254,31.3857
36540,18.3926,31.0332
36724,18.2607,31.6240
36908,18.1660,30.3926
37096,18.3340,31.7080
37284,17.9551,30.3721
37472,17.4990,29.6025
37660,17.6592,30.0195
37852,18.0879,30.9443
38044,18.5820,31.8730
38236,18.6104,31.5508
38428,18.1543,31.1826
38624,18.2617,31.1855
38820,18.0684,31.0732
39016,18.6211,31.3867
39212,17.5625,29.7852
39412,17.4443,28.9385
39612,18.1006,30.7734
39812,18.6025,32.3213
40012,18.7275,31.7861
40216,18.4336,31.7158
40420,17.9707,30.9121
40624,18.1680,31.0449
40828,18.1172,30.5654
41036,17.8867,30.5166
41244,17.2832,29.6211
41452,18.5557,31.4658
41660,17.9766,29.9141
41872,18.6182,31.9268
42084,19.5918,32.1318
42296,18.8262,31.4258
42508,18.6455,31.9443
42724,17.8809,29.9395
42940,18.9072,37.6270
43156,19.1436,32.1396
43372,18.1836,31.5986
43592,18.4570,32.2285
43812,18.3047,31.6455
44032,18.6699,32.2598
44256,17.8691,30.4941
44480,18.5488,32.1113
44704,18.2822,62.1201
44928,18.1211,31.3506
45156,18.2930,32.3594
45384,18.0693,31.7021
45612,18.8203,32.7178
45844,17.5498,29.8672
46076,17.8574,31.2373
46308,17.9268,30.4414
46540,17.8545,30.2744
46776,18.4248,31.9199
47012,18.2744,32.4375
47248,18.1152,31.5859
47488,18.3721,31.3906
47728,17.8789,30.7842
47968,17.7275,38.0215
48208,18.4053,32.0684
48452,18.2168,32.3691
48696,18.4736,32.8672
48940,18.4248,32.2314
49188,18.4570,32.0967
49436,18.3564,32.8330
49684,18.0098,31.2627
49936,18.0918,32.1963
50188,18.3340,32.3096
50440,17.9883,31.9336
50696,17.9023,31.2275
50952,18.8105,32.7383
51208,18.5664,32.8721
51468,18.4658,32.8320
51728,18.3389,32.0684
51988,18.2373,32.4141
52248,18.1475,31.2500
52512,18.2451,31.4746
52776,18.7021,32.5674
53040,18.4229,31.5342
53308,18.8877,32.9082
53576,18.0303,40.1191
53844,17.9346,32.0752
54116,18.3457,33.0459
54388,17.8447,31.3506
54660,17.9902,32.7402
54936,18.4404,32.1045
55212,18.1641,31.8408
55492,17.9951,32.2041
55772,17.7910,31.7051
56052,18.0371,30.9053
56336,18.1211,32.2695
56620,18.0869,32.1396
56904,18.3262,33.2051
57192,19.4111,32.6836
57480,17.9453,39.0029
57768,17.7725,31.5859
58060,18.7744,33.6855
58352,18.2197,31.4707
58644,18.2715,32.9912
58940,18.5078,34.2969
59236,18.4121,33.2910
59536,18.1465,31.9268
59836,17.8457,31.5381
60136,17.9092,32.0020
60440,18.8994,33.9395
60744,17.6348,32.1338
61048,17.5947,31.3926
61356,17.9609,32.3486
61664,18.5361,34.9277
61976,19.4600,34.2100
62288,19.2578,34.4541
62600,18.8994,33.2637
62916,18.4922,32.4932
63232,18.7412,32.7148
63552,19.2568,33.2158
63872,19.2959,34.0498
64192,18.4521,32.4219
64516,18.4121,32.6426
64840,18.6240,32.7363
65168,18.2432,32.8164
65496,18.8076,33.1758
65824,24.6709,35.2236
66156,23.1836,39.0537
66488,22.4668,34.7813
66824,20.8809,33.3271
67160,21.6025,34.1631
67496,20.8486,32.4883
67836,21.0947,32.9365
68176,20.4756,31.9844
68520,20.7607,32.5332
68864,21.2441,33.3740
69212,21.0010,33.0801
69560,21.8994,34.9268
69908,22.3369,34.5342
70260,19.9834,30.9063
70612,21.5342,39.7324
70968,20.4287,31.8955
71324,24.8721,33.7197
71684,20.8486,34.2090
72044,21.1240,32.6553
72408,22.2803,34.8184
72772,19.9795,31.3457
73136,20.4570,32.0762
73504,22.1348,34.5449
73872,22.0361,34.9941
74244,21.2686,33.5752
74616,21.8740,35.0313
74992,20.9453,31.9082
75368,20.7803,39.8232
75748,21.9326,34.6514
76128,21.8164,33.1592
76512,21.8496,33.8477
76896,20.6992,33.2188
77284,21.1270,33.7031
77672,22.0078,34.9346
78064,21.2275,32.8994
78456,21.4854,33.7451
78852,21.8086,34.8477
79248,21.5488,34.6230
79648,21.4883,33.6328
80048,21.8916,34.4697
80452,21.1201,39.9473
80856,21.5400,33.9355
81264,22.1250,35.1113
81672,21.5381,34.1758
82084,20.9580,33.4365
82496,21.4053,34.4375
82912,21.0049,33.5420
83328,21.1318,33.6406
83748,21.6309,35.8174
84168,21.5176,33.5479
84592,21.4814,34.6738
85016,20.8896,33.6875
85444,20.2041,31.3027
85872,21.1768,34.3867
86304,21.6982,34.5137
86736,21.5977,34.2119
87172,22.1123,35.1143
87608,20.4912,33.3848
88048,21.6191,34.5381
88492,21.5742,34.5684
88936,21.1777,33.8975
89384,20.6963,33.2578
89832,21.4902,33.8896
90284,21.6152,35.1123
90736,21.8984,35.6484
91192,22.1035,35.5313
91648,21.5684,40.9092
92108,22.2549,34.9551
92572,21.9541,34.8135
93036,20.9521,33.1553
93504,21.6338,34.6787
93972,22.1768,35.4678
94444,22.0938,34.5820
94920,22.6064,35.2178
95396,21.6230,33.9551
95876,21.7510,34.2266
96356,21.9150,34.9756
96840,21.9844,34.3145
97328,21.6426,33.9277
97816,21.1533,38.5625
98308,21.7715,34.3682
98800,22.3252,34.9248
99296,21.8398,34.1650
99796,21.9395,34.4229
100296,22.5410,36.2744
100800,21.7695,34.2920
101304,22.0967,34.9180
101812,21.3906,33.6484
102324,21.6943,34.7432
102836,22.0430,35.5039
103352,21.0527,35.0264
103872,21.3691,34.8643
104392,21.1729,39.8525
104916,22.4150,36.3350
105444,21.6201,35.0195
105972,21.4453,34.5576
106504,21.4131,35.3818
107040,21.3760,34.6494
107576,22.0361,36.6963
108116,22.0313,35.3262
108660,21.6768,35.3340
109204,21.4434,35.1143
109752,20.7568,34.5752
110304,20.7822,34.1445
110856,21.6846,35.3955
111412,21.9600,48.7930
111972,20.7598,34.1748
112532,21.5371,35.5195
113096,22.0527,45.6699
113664,20.9990,35.0820
114236,21.3594,34.9277
114808,20.7061,34.8652
115384,21.4854,35.6289
115964,21.3506,35.5625
116544,21.7842,35.9502
117128,20.9199,34.5645
117716,21.0391,35.0762
118308,21.8350,37.0576
118900,24.5957,37.7041
119496,22.3281,37.5371
120096,20.9434,34.3496
120700,20.7578,33.8613
121304,20.2100,33.3643
121912,20.9131,35.6689
122524,20.7695,34.3643
123140,21.2852,34.8711
123756,20.5488,34.3467
124376,21.2168,35.5303
125000,20.8691,35.2188
125628,21.0879,38.5596
126260,20.9512,35.9023
126892,20.8057,34.0615
127528,20.8955,35.9189
128168,20.8125,34.9004
128812,21.1016,35.4717
129460,20.9307,35.3848
130108,20.6436,34.3438
130760,20.4775,35.4033
131416,26.8740,37.7314
132076,26.3672,37.5781
132740,24.9883,36.3184
133404,25.4551,37.3232
134072,24.6055,37.9023
134744,23.8389,35.7471
135420,23.9980,35.9033
136100,23.0156,34.4512
136784,23.4971,34.7588
137468,23.1563,34.6533
138156,23.6064,35.7363
138848,23.1914,34.1406
139544,22.7959,34.6152
140244,23.2002,35.0879
140948,23.7910,35.2764
141656,22.8740,33.1035
142368,24.1865,37.0625
143080,23.3906,35.3965
143796,23.4336,35.4063
144516,24.5273,37.6934
145240,24.2734,36.7568
145968,25.1543,37.5781
146700,23.5088,35.0830
147436,24.1191,35.9932
148176,24.3984,36.0225
148920,24.0107,35.2461
149668,24.3320,35.9678
150420,23.7402,35.9326
151176,24.4160,37.5576
151932,23.9561,36.4736
152692,24.1787,37.0020
153456,23.6660,36.1055
154224,24.1250,36.3789
154996,23.5967,34.9609
155772,23.3721,34.8213
156552,24.2549,36.8926
157336,24.3096,36.7979
158124,24.3955,36.7959
158916,24.0107,36.7324
159712,23.2471,35.7080
160512,24.6191,37.1641
161316,24.0605,35.8818
162124,23.9775,35.8643
162936,24.0498,36.0117
163752,23.8242,35.6621
164572,23.1807,35.3037
165396,21.8379,33.5586
166224,24.2891,36.4766
167056,22.7354,35.3975
167892,24.2051,36.9590
168732,24.2949,35.3125
169576,24.2334,35.3623
170424,24.6025,35.7705
171280,24.9971,36.7021
172140,23.4023,34.9746
173004,23.8701,35.3828
173872,24.0234,35.2910
174744,26.0488,43.4375
175620,24.1094,37.1465
176500,24.9980,36.8184
177384,24.1729,36.6338
178272,23.9834,35.6738
179164,25.2061,39.2822
180060,23.6777,37.1436
180964,23.8027,34.7773
181872,23.7979,36.6162
182784,23.9834,37.6396
183700,23.8066,36.7412
184620,24.4365,37.5840
185544,23.0283,34.8545
186472,23.2549,35.3496
187408,24.7803,38.1689
188348,23.8252,35.5684
189292,22.2314,33.3213
190240,23.2354,35.0801
191192,24.1885,37.5176
192148,24.1924,37.2578
193112,23.7090,36.6807
194080,24.6143,37.1064
195052,23.4531,35.5605
196028,23.9775,37.2178
197012,25.4072,39.2998
198000,23.7451,36.4863
198992,23.3320,35.2363
199988,23.4814,35.9844
200988,24.3965,36.4658
201996,24.2627,36.6553
203008,23.7852,36.8057
204024,23.2793,36.0596
205048,25.8564,39.3809
206076,23.8164,37.0527
207108,24.4023,37.5352
208144,23.9629,38.0146
209188,24.0010,37.1094
210236,24.8525,38.1260
211288,25.8770,39.6680
212348,25.1465,39.0947
213412,25.2285,39.6025
214480,24.8691,39.1699
215556,24.0723,37.2119
216636,25.2441,37.9512
217720,24.3447,39.0449
218812,23.5391,36.8994
219908,23.5498,37.7090
221008,24.3711,37.4521
222116,24.0830,37.3076
223228,23.8926,37.7070
224348,24.4502,38.2539
225472,30.0957,39.2969
226600,24.4014,37.9639
227736,23.8379,37.7666
228876,23.9648,37.5400
230024,24.3320,38.0293
231176,24.4287,37.4590
232332,25.0713,38.3809
233496,23.7393,36.9648
234664,25.6973,38.9717
235840,24.8496,38.9600
237020,23.9746,37.6924
238208,24.1465,38.4502
239400,23.8740,37.8721
240600,23.9326,37.3877
241804,23.9277,37.5703
243016,24.5791,40.0303
244232,24.7725,38.9336
245456,24.5322,37.9912
246684,25.1143,38.9932
247920,24.6484,38.0840
249160,25.3203,39.4766
250408,24.0469,37.5781
251664,24.7139,37.8828
252924,25.4873,40.1230
254192,24.6367,38.5771
255464,23.4375,36.8643
256744,24.8838,38.6836
258028,23.3271,37.2236
259320,23.7051,37.6641
260620,25.0654,39.2607
261924,24.6533,38.8086
263236,27.7695,39.3457
264556,27.0547,37.7510
265880,27.6318,39.2305
267212,27.2197,37.9092
268552,27.5850,38.8428
269896,27.6611,40.3613
271248,27.3203,39.3164
272608,27.5830,38.7021
273972,28.5000,40.9893
275344,26.9404,38.5918
276724,27.7637,39.6045
278108,28.0898,40.1309
279500,27.5615,38.7500
280900,28.3721,40.3428
282308,26.9453,37.5674
283720,27.1270,38.8584
285140,27.2275,38.3633
286568,27.3301,38.6016
288004,27.3730,39.5850
289448,27.6758,39.8584
290896,28.9541,41.0449
292352,25.4951,36.9229
293816,26.7002,45.3027
295288,26.4336,38.2920
296768,26.3564,37.2959
298252,27.7578,40.0283
299744,28.6953,41.2920
301244,28.2637,39.7705
302752,26.7783,37.9346
304268,26.3457,39.0303
305792,35.5654,40.6660
307324,27.1885,39.0293
308864,26.2451,37.7520
310412,28.3252,40.6465
311968,26.6660,38.0898
313528,27.4521,39.8037
315096,27.2891,42.0371
316672,28.0303,42.3994
318256,27.0244,40.0049
319848,26.6055,40.0879
321448,26.0146,38.3867
323056,26.4258,38.7061
324672,25.5752,37.5537
326296,26.0049,38.9346
327928,27.2686,41.3271
329568,26.7695,39.2754
331216,26.6201,39.4121
332876,26.1748,40.1885
334544,26.6777,39.8359
336220,27.0586,40.7783
337904,26.1846,40.1328
339596,26.5029,39.2441
341296,26.1201,39.5293
343004,27.2676,41.4277
344720,26.7969,40.7764
346444,26.6875,40.8154
348180,26.5547,40.8838
349924,26.2637,38.9502
351676,27.8330,40.6230
353436,26.0156,39.0684
355204,27.5078,41.1836
356984,25.6406,37.6025
358772,27.5264,39.8828
360568,26.7744,40.0449
362372,26.1055,38.9639
364184,26.0586,39.2764
366008,26.3027,38.9551
367840,26.7539,39.3330
369680,27.1602,39.6797
371532,27.3623,40.7900
373392,26.8223,39.7891
375260,26.3438,40.1426
377140,26.1240,39.2773
379028,26.5156,40.5127
380924,27.8877,39.7793
382832,27.4951,40.4844
384748,26.7627,40.3457
386672,27.6387,41.8789
388608,27.1504,40.0889
390552,26.0859,39.7783
392508,27.2119,40.4033
394472,26.5596,39.8574
396448,27.4688,42.6104
398432,26.2471,38.6016
400428,26.6963,40.3330
402432,26.0430,38.8857
404448,26.6855,45.9932
406472,27.1563,40.9375
408508,27.9053,42.0352
410552,26.2979,40.3711
412608,28.5391,41.7217
414672,27.8252,41.5234
416748,27.4326,40.5674
418832,27.9385,41.4482
420928,28.3271,41.9219
423036,27.0449,40.5664
425152,27.5791,40.6191
427280,27.5078,39.9063
429420,27.4580,40.1738
431568,26.6250,39.2803
433728,25.9551,38.2285
435900,26.8057,39.8232
438080,27.2705,41.4316
440272,27.3379,40.8594
442476,27.6475,41.2705
444692,26.9707,41.2061
446916,27.5762,41.3936
449152,27.4229,39.9053
451400,27.1436,40.5947
453660,26.3457,39.3799
455932,27.9590,41.1299
458212,27.7939,41.7236
460504,27.0059,40.7432
462808,27.3057,40.3857
465124,28.1650,43.0918
467452,27.7813,41.2891
469792,28.2373,41.2813
472144,26.5898,40.1563
474508,27.6885,41.1162
476884,26.5869,41.0586
479272,27.3301,41.7100
481672,25.8867,38.8350
484084,26.4443,39.7998
486508,27.0605,40.8076
488944,26.4463,40.2520
491392,27.3955,41.1367
493852,26.7266,41.2793
496324,26.6328,40.8018
498808,26.6650,40.4541
501304,26.9033,41.0586
503812,27.7939,42.6514
506332,27.9365,42.1641
508864,28.3740,44.1113
511412,26.2588,40.9453
513972,26.9551,41.0059
516544,27.6318,42.1172
519128,27.7871,42.8584
521724,29.0098,44.1465
524336,35.2451,46.1035
526960,31.4941,43.5615
529596,36.1211,43.7930
532244,31.2549,43.6924
534908,29.2139,42.0859
537584,27.7930,39.1631
540272,30.1367,43.2334
542976,29.5693,42.9248
545692,28.6572,40.2422
548424,29.8076,41.9922
551168,30.1982,42.0205
553924,30.3379,42.3936
556696,29.7314,40.9902
559480,29.8477,41.7520
562280,30.8271,43.1611
565092,29.9648,41.7715
567920,30.1396,42.5625
570760,29.5654,42.2324
573616,30.1611,42.6816
576488,29.7852,42.0078
579372,29.6357,42.2324
582272,29.0156,40.7607
585184,29.4434,42.4463
588112,29.9600,41.9561
591056,29.7275,42.3184
594012,30.1240,42.0654
596984,30.8203,43.6172
599972,30.5049,42.5469
602972,29.5977,41.8350
605988,31.5469,44.8008
609020,30.3750,42.0820
612068,33.0908,43.2627
615132,56.4316,47.9268
618208,30.0371,43.1641
621300,29.4043,42.6621
624408,29.5430,42.7061
627532,27.9229,40.3447
630672,29.4961,43.0039
633828,28.9619,41.3467
637000,29.3545,50.6338
640188,29.9434,43.6221
643392,29.4922,43.8086
646612,30.3545,43.3291
649848,29.9463,43.1318
653100,30.0811,43.3721
656368,29.9922,43.7148
659652,30.0010,43.6572
662952,29.7744,43.0869
666268,30.1563,43.3252
669600,29.1738,43.1240
672948,31.0215,44.9902
676316,30.4336,44.3760
679700,29.6133,41.7324
683100,30.4648,44.7725
686516,29.6133,43.2861
689952,30.5918,44.9424
693404,30.1650,43.7031
696872,30.4629,43.5283
700360,30.2061,43.0635
703864,29.1533,44.5449
707384,29.6699,44.1514
710924,30.0557,43.3682
714480,29.8564,43.0313
718056,30.0654,43.1084
721648,30.2549,43.3770
725260,30.7725,44.7686
728888,29.6631,43.2207
732536,30.2441,44.5439
736200,30.5225,44.9951
739884,29.7988,43.8711
743584,29.8838,42.8994
747304,30.2842,43.6846
751044,30.1943,43.9980
754800,30.1602,43.5713
758576,30.5723,44.2314
762372,29.7725,44.0537
766184,30.3525,45.4580
770016,30.3584,43.0684
773868,31.6973,45.5000
777740,29.9746,44.0137
781632,30.9707,44.1650
785544,31.5234,45.1113
789472,29.5430,43.0801
793420,29.9707,44.5615
797388,31.8779,45.4258
801376,31.2764,45.4365
805384,29.3623,42.5146
809412,31.4824,45.2363
813460,29.7529,42.2842
817528,29.5117,42.3555
821616,30.9600,44.7861
825728,30.9668,44.3711
829860,30.4297,43.8936
834012,30.6582,44.3896
838184,30.2734,46.3838
842376,31.3535,47.1924
846588,29.8174,43.8711
850824,29.6201,44.3340
855080,30.5068,44.7256
859356,29.8965,44.1416
863656,29.7080,42.3105
867976,29.7168,43.4316
872316,31.9229,47.0850
876680,29.1797,43.0508
881064,30.0215,43.4092
885472,29.0732,43.0273
889900,29.3721,43.9609
894352,30.8369,44.8154
898824,30.7646,45.5869
903320,30.4395,43.7178
907840,29.8848,44.0879
912380,30.8828,44.5947
916944,30.5811,46.0479
921532,30.3027,45.1348
926140,29.6270,48.2344
930772,30.0596,44.1533
935428,31.1465,46.8330
940108,29.6631,43.6318
944812,29.8584,44.8594
949540,29.8545,44.6533
954288,30.4697,46.2666
959060,31.0869,44.7783
963856,30.3574,43.6709
968676,31.9316,51.6309
973520,31.4141,45.7705
978388,31.1172,45.4248
983280,31.6455,46.3125
988200,32.2627,47.2832
993144,31.2021,46.3086
998112,31.2061,45.3916
1003104,31.2080,45.3311
1008120,30.9189,45.0654
1013164,32.6006,47.2041
1018232,31.2646,45.6592
1023324,31.2832,45.9619
1028444,31.1133,45.1035
1033588,31.8271,46.0234
1038756,31.7334,48.5381
1043952,31.0361,46.2803
1049172,34.9375,47.5010
1054420,36.0322,49.4346
1059696,33.2344,44.9141
1064996,34.5723,47.7217
1070324,37.6816,46.5869
1075676,32.7715,44.7910
1081056,33.5205,45.6553
1086464,32.6729,43.9971
1091900,32.7344,44.7266
1097360,33.7676,75.4424
1102848,33.1631,45.4639
1108364,34.8447,47.4805
1113908,34.8340,47.1865
1119480,34.2305,46.4355
1125080,35.1230,47.7148
1130708,34.5400,48.4004
1136364,34.9238,48.3291
1142048,34.7852,47.5156
1147760,33.6973,46.0381
1153500,35.1855,47.3066
1159268,33.2900,45.7539
1165068,35.7148,48.8555
1170896,32.9922,44.8916
1176752,33.0342,45.3604
1182636,34.6816,47.9141
1188552,34.2266,47.6367
1194496,33.7939,46.5879
1200472,33.8838,46.5703
1206476,33.0244,46.0273
1212512,35.1484,47.9248
1218576,34.3428,46.3018
1224672,35.7275,49.1025
1230796,35.2012,48.9336
1236952,34.0752,47.4277
1243140,33.0742,45.5039
1249356,34.7549,47.4971
1255604,33.7549,46.1035
1261884,36.4014,49.4775
1268196,33.9229,47.2217
1274540,34.1260,48.6699
1280916,35.0703,48.2588
1287324,33.6963,46.4932
1293764,32.8643,44.7676
1300236,34.1035,47.6221
1306740,35.3486,48.7744
1313276,33.7178,46.0830
1319844,35.1221,47.7080
1326444,35.1191,63.0850
1333080,35.7949,49.0898
1339748,34.3809,47.5039
1346448,33.3203,47.1758
1353184,34.4600,48.2363
1359952,34.2188,48.1016
1366752,33.2803,45.7422
1373588,33.5078,46.8535
1380456,34.5674,48.4561
1387360,35.1465,49.2295
1394300,35.1875,49.2930
1401272,35.6035,50.2822
1408280,33.7715,48.0566
1415324,33.8770,47.8857
1422404,35.4385,49.9170
1429520,34.0508,48.1709
1436668,34.4258,47.1953
1443852,34.2197,48.5801
1451072,33.0205,47.3379
1458328,34.3438,48.8496
1465620,35.6494,49.4082
1472952,34.6123,49.7061
1480320,35.6729,49.7383
1487724,35.9160,50.3506
1495164,34.5273,49.1445
1502640,34.2695,47.8223
1510156,34.6885,49.1309
1517708,34.7969,48.5225
1525300,37.5703,52.0918
1532928,33.9434,46.3984
1540596,34.5596,48.7783
1548300,34.5869,48.2070
1556044,35.1045,49.3760
1563828,35.3760,49.8818
1571648,34.8936,49.0010
1579508,35.9727,49.8291
1587408,35.5176,49.0986
1595348,36.7256,51.7539
1603328,43.8301,48.1953
1611348,34.4951,47.5869
1619408,35.4160,49.1309
1627508,34.1387,49.5830
1635648,35.0742,50.5283
1643828,33.7744,47.0693
1652048,35.3486,50.6660
1660312,37.1348,49.5010
1668616,35.4131,49.9609
1676960,35.0928,48.6309
1685348,35.5996,51.1338
1693776,36.5254,51.3643
1702248,32.9004,46.1855
1710760,36.2178,51.0449
1719316,34.5625,48.5996
1727916,35.0059,49.1816
1736556,36.7373,52.0283
1745240,35.2607,50.0000
1753968,36.9658,51.9775
1762740,35.0527,48.2100
1771556,35.2988,50.7012
1780416,37.7090,51.9063
1789320,36.4307,50.8750
1798268,40.3486,51.3359
1807260,36.2490,51.4072
1816300,37.2627,54.0313
1825384,37.1602,51.3936
1834512,36.3574,50.7910
1843688,35.3789,49.9082
1852908,36.2295,51.2910
1862176,36.2617,50.3506
1871488,35.8418,50.4697
1880848,59.4570,57.9766
1890256,38.4639,55.6592
1899708,37.6943,64.4326
1909208,36.4795,50.8008
1918756,35.2559,51.4434
1928352,35.9043,51.2080
1937996,35.8848,52.1504
1947688,35.9365,53.4131
1957428,36.6709,52.6689
1967216,36.7197,53.2773
1977056,37.1553,53.6025
1986944,35.9619,51.9854
1996880,36.2266,52.0137
2006868,36.8330,53.3379
2016904,37.1611,54.3799
2026992,37.5244,53.8770
2037128,35.8740,53.7305
2047316,36.7080,51.8984
2057556,47.2881,54.0088
2067844,35.1279,50.8203
2078184,35.6631,52.3926
2088576,38.3086,55.5938
2099020,39.7852,54.8779
2109516,48.3506,53.9307
2120064,38.9824,53.6045
2130668,40.7363,56.4238
2141324,38.4971,53.3154
2152032,39.8965,54.8154
2162796,40.0557,54.6572
2173612,38.4092,54.6045
2184484,40.3594,54.5381
2195408,40.6953,55.0400
2206388,38.3643,59.6172
2217420,39.7393,53.8145
2228508,39.0303,53.3516
2239652,40.5352,54.9258
2250852,39.5205,53.1455
2262108,40.8027,65.8555
2273420,39.8750,54.9570
2284788,41.1758,56.0264
2296212,41.5361,55.2373
2307696,40.4678,61.1611
2319236,40.4531,54.7842
2330836,41.2705,56.2266
2342492,38.8857,53.0967
2354208,40.1172,55.6035
2365980,40.6572,56.2930
2377812,39.2627,53.6201
2389704,40.4531,55.0186
2401656,55.1895,54.7109
2413668,38.8262,53.6738
2425740,38.4775,53.7598
2437872,37.7715,51.4453
2450064,38.8418,53.0479
2462316,39.9609,56.0254
2474628,40.5664,55.9102
2487004,38.5059,53.7402
2499440,39.0820,54.9570
2511940,39.5996,55.3223
2524500,39.7402,54.1250
2537124,39.4404,54.9736
2549812,38.8125,53.9697
2562564,38.8936,51.7334
2575380,42.0537,56.8857
2588260,37.5127,50.9141
2601204,39.8604,56.4492
2614212,46.4551,54.4287
2627284,40.4893,57.5254
2640424,37.7002,52.6123
2653628,39.0244,54.4004
2666900,37.9873,119.1494
2680236,37.3281,52.5859
2693640,37.8711,51.1494
2707112,38.7051,54.2813
2720648,37.5596,54.2734
2734252,38.2852,54.4941
2747924,39.8750,54.7803
2761664,38.4268,54.9248
2775476,38.4219,52.5244
2789356,40.2383,55.6055
2803304,37.9990,52.0723
2817324,43.7432,55.1064
2831412,39.0332,52.9043
2845572,43.6182,54.1504
2859800,40.1504,54.9688
2874100,40.6885,56.1025
2888472,38.5938,55.0176
2902916,38.7734,69.3213
2917432,39.7090,54.9941
2932020,42.3721,54.7861
2946684,40.1055,55.4160
2961420,38.4902,52.8828
2976228,38.6572,54.7920
2991112,37.9629,55.9873
3006068,41.3750,57.6689
3021100,39.4912,58.7686
3036208,39.2275,56.1875
3051392,38.9375,53.4932
3066652,39.6523,56.3076
3081988,38.4463,57.9590
3097400,40.0332,55.7412
3112888,38.2676,53.9971
3128456,39.8809,55.2568
3144100,39.7061,59.9492
3159824,39.6445,56.4404
3175624,39.5176,55.5283
3191504,39.3057,55.1807
3207464,41.9072,54.4238
3223504,40.2939,56.1533
3239624,38.5420,54.6123
3255824,40.7334,55.9346
3272104,39.8643,55.8408
3288468,41.3350,58.7734
3304912,40.4893,57.2188
3321440,40.3486,56.2813
3338048,39.7422,56.5576
3354740,39.3867,55.1885
3371516,39.5254,55.6885
3388376,42.0117,58.8809
3405320,40.3838,56.2598
3422348,39.6279,57.3857
3439460,38.2432,54.0879
3456660,39.5928,55.9453
3473944,40.8164,57.9814
3491316,39.5781,54.8535
3508776,41.7236,59.1006
3526320,40.2627,57.3379
3543952,39.1650,55.1494
3561672,40.2334,57.1309
3579484,43.5459,64.5098
3597384,52.8760,60.8721
3615372,42.6777,60.5459
3633452,214.4551,68.2129
3651620,41.1201,60.2021
3669880,52.2197,59.6572
3688232,206.9561,61.0186
3706676,43.7236,60.6514
3725212,45.3447,59.8252
3743840,45.0107,65.3848
3762560,50.1816,61.2764
3781376,52.5947,62.3721
3800284,42.2822,59.8975
3819288,44.0801,63.2197
3838388,42.6621,129.5283
3857580,41.1836,58.9463
3876868,41.8271,60.2676
3896256,42.1123,59.3320
3915740,42.4424,59.4072
3935320,41.5205,60.1250
3955000,42.4141,61.5439
3974776,41.3184,59.8438
3994652,43.9619,61.9414
4014628,41.2422,59.1563
4034704,42.8428,59.4072
4054880,42.2920,58.6348
4075156,43.2695,64.0840
4095532,43.3691,61.1660
4116012,44.3008,60.9775
4136596,52.1016,60.9375
4157280,44.6094,62.0889
4178068,48.8428,61.4063
4198960,50.7373,116.3730
4219956,45.5664,60.1426
4241056,44.6260,58.1279
4262264,47.2041,62.4365
4283576,47.3662,61.9238
4304996,46.1602,61.3867
4326524,45.5967,59.7598
4348160,46.4902,61.2363
4369904,48.4707,63.8672
4391756,47.6104,62.5391
4413716,47.5840,62.3389
4435788,48.4541,62.6660
4457968,47.7832,62.9092
4480260,46.0479,59.2959
4502664,49.0137,63.3877
4525180,46.1602,69.5908
4547808,47.5986,64.3203
4570548,46.0742,60.9102
4593404,43.9756,77.0088
4616372,46.2217,59.6436
4639456,47.5107,62.8672
4662656,46.8975,61.9863
4685972,47.8818,62.5322
4709404,46.9326,61.5752
4732952,47.0244,61.5498
4756620,45.6035,62.5801
4780404,63.0518,61.7480
4804308,47.9561,64.3145
4828332,47.0107,62.7021
4852476,48.1094,63.1631
4876740,46.1650,61.8291
4901124,46.2275,70.2627
4925632,48.2100,65.9248
4950264,46.8760,62.4346
4975016,46.9385,63.4355
4999892,47.6514,62.8633
5024892,45.6875,60.8252
5050020,46.4814,60.7061
5075272,45.3887,60.4775
5100652,46.4932,63.6377
5126156,47.9316,63.4883
5151788,47.8184,63.6611
5177548,47.2969,64.5723
5203436,48.5146,66.9971
5229456,46.6113,63.0303
5255604,47.2402,64.9131
5281884,47.9736,64.3154
5308296,44.4512,59.9082
5334840,46.8799,63.6963
5361516,46.7637,63.5674
5388324,48.9600,64.6631
5415268,63.7959,64.3867
5442348,45.3164,60.9121
5469560,47.8008,65.4619
5496908,47.0908,62.1084
5524396,44.1660,59.9854
5552020,46.9551,63.0859
5579784,48.0039,63.2871
5607684,47.5078,64.5313
5635724,46.4854,62.7734
5663904,45.4141,60.6328
5692224,46.3232,60.3594
5720688,46.9697,63.4492
5749292,43.8945,58.8984
5778040,45.7754,61.0000
5806932,46.8184,61.9609
5835968,46.8809,65.0889
5865148,45.8760,62.9941
5894476,47.0381,61.8809
5923952,46.3281,62.1973
5953572,44.5264,60.5195
5983340,47.5684,64.0176
6013260,44.5273,61.1475
6043328,47.3301,64.3428
6073548,46.4258,63.6875
6103916,54.9668,65.2334
6134436,45.7861,61.6582
6165112,46.4297,63.0898
6195940,46.0498,62.2178
6226920,46.4268,63.6426
6258056,53.4404,63.3838
6289348,48.2588,67.3535
6320796,47.1211,64.5625
6352400,47.0928,63.8262
6384164,46.4648,62.1758
6416088,46.8711,63.6250
6448172,46.2783,61.8594
6480416,46.7158,63.6621
6512820,47.7354,64.8457
6545388,46.4668,65.6230
6578116,44.0986,59.8184
6611008,46.1719,62.4424
6644064,50.2373,67.2021
6677288,47.6611,64.5381
6710676,49.2979,65.8057
6744232,46.5332,62.8613
6777956,46.4697,63.7979
6811848,48.5645,65.4287
6845908,46.4316,65.1445
6880140,45.7930,64.7461
6914544,46.4131,65.0264
6949120,47.1084,64.0547
6983868,46.6484,69.0576
7018788,47.2852,77.1396
7053884,47.6631,65.1582
7089156,46.1611,63.4883
7124604,47.5410,64.7725
7160228,47.9180,66.2041
7196032,44.2607,60.8662
7232016,44.9863,60.5947
7268180,45.8027,63.9736
7304524,47.7432,65.2764
7341048,47.4180,75.7793
7377756,46.6318,65.1748
7414648,46.2402,63.2344
7451724,48.2891,66.0615
7488984,59.5703,66.1719
7526432,48.6318,67.5068
7564068,46.3125,62.6006
7601892,49.2969,67.6934
7639904,46.2188,65.1924
7678104,47.9727,67.3096
7716496,47.3291,66.0762
7755080,49.0068,67.2529
7793856,48.0947,76.5020
7832828,46.4834,63.4434
7871996,47.5469,72.3418
7911356,47.6904,64.4277
7950916,46.6230,63.3789
7990672,50.3887,67.5996
8030628,45.5391,59.9990
8070784,48.1553,64.3096
8111140,83.7920,75.0830
8151696,47.8525,68.8975
8192456,48.3779,64.8477
8233420,46.4775,78.6318
8274588,49.0635,64.5332
8315964,46.6074,62.2461
8357544,47.1602,64.2217
8399332,55.9863,66.0205
8441332,53.8340,68.0498
8483540,54.5938,63.0020
8525960,50.2852,64.5791
8568592,49.9072,64.3369
8611436,51.6943,65.3008
8654496,51.9170,65.4639
8697772,52.4248,69.2734
8741264,51.7939,65.1797
8784972,49.2783,105.7939
8828900,52.8047,67.3652
8873048,51.3594,65.8154
8917416,53.3037,66.7646
8962004,50.8838,64.6328
9006816,53.4727,68.4814
9051852,50.3027,64.6299
9097112,50.5254,63.2041
9142600,52.1553,67.1318
9188316,52.0713,69.2041
9234260,52.0967,67.0801
9280432,51.0254,64.6240
9326836,52.1699,66.8760
9373472,49.5420,64.2715
9420340,49.1777,63.8750
9467444,48.5986,65.0186
9514784,51.7041,67.9727
9562360,51.6299,67.2803
9610172,50.9736,65.5557
9658224,51.2217,66.8350
9706516,51.6689,67.9824
9755052,51.6807,67.6650
9803828,51.8184,67.9707
9852848,51.5479,66.0020
9902116,49.8994,66.8145
9951628,51.3604,96.9717
10001388,60.3984,71.8721
10051396,50.8086,66.2363
10101656,50.4102,67.1748
10152168,50.6426,66.1904
10202932,49.2695,65.4141
10253948,50.7568,67.0098
10305220,50.8242,66.8379
10356748,50.1611,67.1855
10408532,51.2529,68.1377
10460576,49.4727,65.3506
10512880,154.6221,75.5225
10565448,52.5117,100.7715
10618276,53.7900,71.2861
10671368,54.1357,67.4277
10724728,51.9189,68.8867
10778352,52.5654,76.0137
10832244,54.7520,70.9707
10886408,52.4668,67.6855
10940844,50.7012,78.3535
10995552,49.6465,64.5742
11050532,52.7480,69.5010
11105788,52.2188,67.8037
11161320,53.1973,69.1699
11217128,53.6338,78.2666
11273216,49.4766,64.5713
11329584,52.8135,68.6055
11386232,53.9707,71.3779
11443164,53.1123,70.0859
11500380,49.8486,65.7773
11557884,52.2988,68.6260
11615676,51.0488,67.5186
11673756,53.0195,69.1318
11732128,53.5127,75.4541
11790792,74.4424,69.1250
11849748,54.6670,69.3506
11909000,54.1719,71.4355
11968548,55.0146,72.2998
12028392,53.5771,73.0518
12088536,53.9756,69.6943
12148980,92.5801,79.9561
12209728,51.8203,69.2910
12270780,50.5166,68.6338
12332136,56.9326,68.1299
12393800,50.6563,68.1484
12455772,50.1055,74.7900
12518052,49.1328,68.2480
12580644,53.6689,68.8467
12643548,51.5752,69.8721
12706768,53.6045,71.9834
12770304,49.4834,66.0957
12834156,50.1650,66.9600
12898328,51.9463,70.1240
12962820,52.9697,67.8174
13027636,50.4512,67.7578
13092776,50.4307,68.4229
13158240,52.3574,70.5127
13224032,51.5771,67.9492
13290156,53.7051,70.8105
13356608,53.0420,70.6064
13423392,51.0576,66.9170
13490512,51.4756,67.7236
13557968,49.1885,66.1162
13625760,51.6055,71.4492
13693892,50.6025,68.4111
13762364,51.3271,69.1445
13831176,51.8809,70.9004
13900332,52.6406,71.6074
13969836,52.5322,69.9355
14039688,51.4463,68.8242
14109888,51.4307,69.4131
14180440,53.0010,71.2119
14251344,50.7773,69.6074
14322604,52.4385,83.1738
14394220,51.0371,68.6816
14466192,50.4170,69.8086
14538524,49.7109,67.2041
14611220,50.8389,70.5635
14684280,50.8916,69.4561
14757704,50.5166,69.6309
14831496,51.4521,70.0010
14905656,51.7041,71.0127
14980188,51.7920,69.6396
15055092,61.3184,74.9189
15130368,52.1689,70.7432
15206020,52.3320,72.0908
15282052,53.2891,69.9268
15358464,55.1064,70.9238
15435260,55.8213,72.4443
15512440,53.1514,68.9111
15590004,54.6094,72.1934
15667956,57.9873,73.2432
15746296,56.6299,83.8516
15825028,53.5010,69.2539
15904156,57.6074,75.1934
15983680,56.4170,72.9688
16063600,56.4199,74.7236
16143920,58.8154,70.2236
16224640,58.7217,73.2617
16305764,57.4629,77.3379
16387296,58.9297,75.1211
16469236,56.9092,73.4404
16551584,60.1143,78.7979
16634344,56.0352,73.7666
16717516,56.5469,75.0508
16801104,61.4355,74.8242
16885112,63.8818,77.2715
16969540,62.6406,80.0557
17054388,66.4736,77.7559
17139660,63.6455,76.9609
17225360,64.9443,78.3604
17311488,62.5859,74.3838
17398048,68.3496,77.5283
17485040,63.7822,80.6709
17572468,63.9551,77.5830
17660332,71.1240,82.9014
17748636,67.5713,77.2646
17837380,83.1943,79.2529
17926568,72.0723,81.5967
18016204,69.1426,79.8369
18106288,66.0479,71.0635
18196820,68.1514,76.7129
18287808,116.6973,98.6387
18379248,63.8564,71.6592
18471148,62.9893,73.3369
18563504,62.2949,85.8916
18656324,58.3105,72.0830
18749608,58.2236,68.8291
18843360,59.9268,73.8281
18937580,56.4209,70.4697
19032268,59.9922,73.7822
19127432,58.2441,74.7666
19223072,54.9395,70.6924
19319188,57.1338,70.7158
19415784,56.0820,71.3340
19512864,56.8984,87.9092
19610432,57.7275,74.0146
19708488,57.2773,71.0547
19807032,55.7842,73.5400
19906068,62.8535,76.1641
20005600,58.9980,73.7910
20105628,121.5469,75.2832
20206160,56.8486,74.0967
20307192,59.7480,75.5996
20408728,56.9414,84.4160
20510772,56.6191,72.5166
20613328,59.7686,75.1826
20716396,57.2061,73.1865
20819980,72.4678,75.5850
20924080,58.1377,75.8252
21028704,59.7119,90.2881
21133848,60.8574,76.6670
21239520,58.2480,73.1123
21345720,61.0127,78.1875
21452452,59.0811,75.9043
21559716,60.2979,73.4277
21667516,61.5391,74.5605
21775856,60.4580,74.7969
21884736,59.3906,73.8350
21994160,66.7871,77.5850
22104132,60.4180,74.9619
22214656,67.3340,78.6660
22325732,64.1953,76.1758
22437364,60.0762,75.3203
22549552,61.7676,75.2363
22662300,62.4512,75.2871
22775612,60.4355,74.2109
22889492,61.7734,76.3818
23003940,62.1885,77.5156
23118960,61.1143,74.0410
23234556,60.7207,73.8438
23350732,62.8096,75.8984
23467488,61.5459,76.5068
23584828,62.0557,76.3379
23702756,63.9580,80.0859
23821272,62.7451,121.9658
23940380,62.0908,76.2734
24060084,63.7764,80.0811
24180388,67.1143,81.5889
24301292,61.4160,76.3301
24422800,64.1348,77.3809
24544916,61.0928,76.7549
24667644,61.2402,77.9131
24790984,63.5771,77.9795
24914940,67.3164,93.2617
25039516,64.5967,92.9131
25164716,70.2031,82.1621
25290540,67.6865,82.2998
25416996,75.2920,91.7920
25544084,82.8984,84.3379
25671808,70.9443,82.8174
25800168,69.7129,81.1611
25929172,70.6895,78.8760
26058820,70.1719,79.1318
26189116,75.9355,84.2861
26320064,77.1152,85.9668
26451668,90.0625,87.1855
26583928,71.1230,81.2266
26716848,72.1260,81.5322
26850436,73.6025,85.5723
26984692,74.6250,84.0518
27119616,76.6787,87.5176
27255216,70.0557,76.3564
27391496,466.9785,118.4385
27528456,106.6846,90.3076
27666100,85.9072,95.2334
27804432,86.9668,97.7910
27943456,86.8750,92.7607
28083176,86.7070,96.4551
28223592,83.7148,98.7578
28364712,92.8945,114.3535
28506536,90.0166,100.1895
28649072,89.1143,100.3672
28792320,85.8945,103.8652
28936284,90.5781,99.8203
29080968,94.5313,104.6846
29226376,92.4033,106.6523
29372508,89.0283,100.0439
29519372,87.7695,105.8945
29666972,94.1123,98.0732
29815308,91.7295,118.5488
29964388,93.5215,106.4199
30114212,96.9697,105.8955
30264784,93.6055,106.5781
30416108,96.3145,109.5391
30568192,118.6748,118.1924
30721036,104.5938,105.3301
30874644,94.2744,106.0020
31029020,98.3252,113.6641
31184168,95.0732,107.7627
31340092,95.3926,102.2910
31496796,108.8311,120.0254
31654280,108.4268,159.5566
31812552,97.0703,107.1650
31971616,98.9326,108.2568
32131476,108.1865,113.6592
32292136,103.5078,117.2598
32453600,104.4336,142.8916
32615868,128.9883,117.3613
32778948,109.5840,119.8682
32942844,101.5947,113.5234
33107560,101.1035,113.1719
33273100,102.6563,116.7109
33439468,102.7773,119.2451
33606668,125.9766,119.1426
33774704,114.0771,115.7930
33943580,105.2275,111.1904
34113300,109.7773,118.3945
34283868,113.5322,121.5020
34455288,122.6943,111.6152
34627568,124.1680,118.9883
34800708,119.9863,133.6035
34974712,123.6592,122.7500
35149588,124.2998,141.4502
35325336,157.0430,159.6328
35501964,133.7822,125.0947
35679476,119.3613,139.9971
35857876,125.7881,126.4414
36037168,142.7793,123.4854
36217356,121.4482,127.0664
36398444,120.2275,125.9199
36580440,122.5098,126.1191
36763344,124.1162,127.6543
36947164,126.2021,127.2676
37131900,117.2568,126.4043
37317560,119.1426,131.6504
37504148,157.5986,129.0625
37691672,129.4834,127.5117
37880132,126.7754,125.7373
38069536,127.1240,135.3691
38259884,128.2393,129.9688
38451184,119.5654,123.3984
38643440,124.7168,126.1875
38836660,124.2129,134.2402
39030844,132.0791,132.8457
39226000,177.0820,180.1865
39422132,141.8047,140.0020
39619244,134.1426,141.0566
39817344,309.6123,141.2334
40016432,129.1455,133.8906
40216516,132.5234,141.3467
40417600,133.2539,138.2559
40619688,140.6377,137.3926
40822788,138.3564,126.2988
41026904,170.9590,148.1553
41232040,125.4580,134.5225
41438204,128.0244,135.5273
41645396,126.5625,131.4590
41853624,124.1221,128.9688
42062896,127.4209,133.0781
42273212,125.8750,122.9824
42484580,168.6709,136.2988
42697004,126.1582,136.7344
42910492,121.2412,125.5586
43125048,124.0195,142.4619
43340676,136.7012,129.8408
43557380,129.6484,127.2139
43775168,133.2109,136.9492
43994044,126.7676,131.5273
44214016,131.6191,131.7725
44435088,129.1250,130.0723
44657264,124.2539,129.2441
44880552,139.5605,132.7930
45104956,135.0449,132.1182
45330484,127.1582,133.2490
45557140,128.2646,125.9834
45784928,127.5410,137.4316
46013856,130.7275,139.2666
46243928,129.1934,134.5068
46475148,132.5596,138.7686
46707524,137.8857,138.8857
46941064,126.7539,134.4551
47175772,136.1992,136.3320
47411652,133.1768,140.7959
47648712,135.0439,140.7520
47886956,134.1191,139.8330
48126392,144.6611,141.2441
48367024,141.3506,143.2695
48608860,151.3926,136.0625
48851908,138.4961,144.8584
49096168,126.6748,135.5039
49341652,143.0967,145.7305
49588364,131.8750,145.8760
49836308,144.4717,143.2969
50085492,137.0869,142.1514
50335920,139.4277,152.3477
50587600,136.4365,144.4658
50840540,150.8359,146.2012
51094744,207.4082,150.7480
51350220,139.8955,143.2881
51606972,160.4980,164.6611
51865008,139.6123,140.0127
52124336,149.1260,153.7939
52384960,144.4854,173.3291
52646888,155.5605,162.9619
52910124,198.6426,137.6484
53174676,164.8906,161.0215
53440552,154.3730,183.8965
53707756,198.1484,154.0830
53976296,151.1455,157.6885
54246180,160.6914,155.0518
54517412,151.8525,181.2021
54790000,157.8311,165.0713
55063952,170.4463,164.3965
55339272,161.8408,146.8506
55615972,154.9678,162.6787
55894052,156.2432,153.0479
56173524,149.0127,149.6191
56454392,408.1924,211.8154
56736664,170.8682,158.0693
57020348,152.7500,162.0117
57305452,155.3750,153.0420
57591980,154.2393,154.5684
57879940,162.3252,161.2295
58169340,151.9590,162.0742
58460188,196.3359,155.7539
58752492,151.6865,164.7354
59046256,155.4258,158.3955
59341488,153.1230,163.6738
59638196,153.3496,157.2520
59936388,168.2363,161.1377
60236072,164.5137,163.4336
60537256,166.1084,168.0146
60839944,173.4189,157.9063
61144144,165.1465,227.1553
61449868,156.8438,170.1445
61757120,160.3701,167.4160
62065908,174.0479,165.8701
62376240,161.5068,156.5732
62688124,165.1973,177.8428
63001568,169.5957,166.7959
63316576,170.0488,164.9033
63633160,170.0166,168.0664
63951328,170.5654,169.3076
64271088,171.1191,167.8730
64592444,161.9658,168.6992
64915408,168.1445,171.8281
65239988,175.5791,198.8281
65566188,161.6201,161.6914
65894020,170.4258,174.1768
66223492,170.2744,168.0801
66554612,165.3076,171.2861
66887388,155.4453,168.3701
