4,1.0449,1.3154
8,1.7822,5.1953
12,2.2373,5.6504
16,2.2217,8.0869
20,12.0537,6.9961
24,2.6787,19.1660
28,2.7725,7.1152
32,2.7715,7.1650
36,3.2119,7.1406
40,3.2188,7.3789
44,3.2148,8.2129
48,3.2090,8.2314
52,3.2314,8.1982
56,3.2178,8.7041
60,3.2197,8.4658
64,3.2119,10.0557
68,3.7090,9.0586
72,3.7051,9.3301
76,3.7031,9.9756
80,3.7373,9.5957
84,3.7061,10.4619
88,3.6982,10.3877
92,3.6895,10.5303
96,3.7002,10.6426
100,3.6982,10.2383
104,3.7158,10.3896
108,3.7021,10.7500
112,3.7012,11.1748
116,3.7002,11.4551
120,3.6934,11.4756
124,3.7344,11.6953
128,3.6924,14.3604
132,4.2051,14.0176
136,4.2188,13.8418
140,4.1973,14.3457
144,4.2021,13.4600
148,4.1963,14.0703
152,4.2041,13.9609
156,4.2178,13.9023
160,4.1982,14.0938
164,4.2070,14.3066
168,4.2256,14.0137
172,4.2275,13.9209
176,4.1973,13.7227
180,4.2021,14.0049
184,4.2021,14.0078
188,4.2363,14.0234
192,4.1982,14.0352
196,4.2158,14.8086
200,4.2070,14.7373
204,4.2109,14.6797
208,4.2041,13.5645
212,4.2139,12.4932
216,4.1992,11.8594
220,4.1992,13.1162
224,51.8232,14.7607
228,4.9141,14.3311
232,4.2217,12.6201
236,4.1992,12.9775
240,4.2441,12.1846
244,4.2393,12.7314
248,4.2148,13.4590
252,4.1992,12.6309
256,4.1992,15.0713
260,4.8242,13.7813
264,4.8164,13.9707
268,4.8115,13.7939
272,4.8193,13.7129
276,4.8232,14.7891
280,4.8125,13.8604
284,4.8115,13.8975
288,4.8066,14.3613
292,4.8184,14.1045
296,4.8398,14.4668
300,4.8213,14.0771
304,4.8262,13.2988
308,4.8291,14.2598
312,4.8232,12.7090
316,4.8242,12.6279
320,4.8203,13.0264
324,4.8281,12.6875
328,4.8154,13.3711
332,4.8252,12.8896
336,4.8447,13.2656
340,4.8320,13.3184
344,4.8291,12.9482
348,4.8252,12.5020
352,4.8311,13.1611
356,4.8408,12.6455
360,4.8154,13.6768
364,4.8281,12.4199
368,4.8398,12.6074
372,4.8213,12.8906
376,4.8242,14.0215
380,4.8145,13.3203
384,4.8350,12.6768
388,4.8135,12.7148
392,4.8291,13.6641
396,4.8281,13.9814
400,4.8232,12.6240
404,4.8184,13.3213
408,4.8203,13.8604
412,4.8223,13.2637
416,4.8193,12.6514
420,4.8291,13.8721
424,4.8408,13.7656
428,4.8311,13.9551
432,4.8252,14.4287
436,4.8184,14.5205
440,4.8271,13.5615
444,4.8203,13.8467
448,4.8408,13.8750
452,4.8311,13.8691
456,4.8115,14.7461
460,4.8271,13.8799
464,4.8262,15.0215
468,4.8037,15.1035
472,4.8105,69.6484
476,4.8164,14.7520
480,4.8018,14.2520
484,4.8164,14.2715
488,4.8281,13.8350
492,4.8086,15.3584
496,4.8145,15.1631
500,4.8184,15.0684
504,4.8145,15.0859
508,4.8105,14.6924
512,4.8193,17.4395
516,7.1357,18.1455
520,6.5439,16.9150
524,6.6279,18.1553
528,6.5537,17.7246
532,6.6436,17.1475
536,6.5928,16.3564
540,6.4990,17.2529
544,6.5332,17.3037
548,6.4609,17.4668
552,6.6904,17.1768
556,6.3994,17.6816
560,6.3398,16.6855
564,6.4131,16.2471
568,6.4521,15.6670
572,6.3965,15.0879
576,6.3789,15.2139
580,6.3926,15.4463
584,6.4268,14.5410
588,6.3584,14.8770
592,6.2969,14.1045
596,6.3955,15.1572
600,6.2539,15.3350
604,6.4551,15.9541
608,6.4258,14.6318
612,6.3467,14.5459
616,6.4258,14.9971
620,6.3457,15.2510
624,6.3008,15.0273
628,6.3926,15.1357
632,6.4658,15.4229
636,6.4385,15.5078
640,6.2822,14.1572
644,6.3164,15.2959
648,6.2881,14.9922
652,6.6182,16.1182
656,6.5625,15.9834
660,6.3555,15.1367
664,6.3213,15.0840
668,6.2744,15.0732
672,6.4541,15.9561
676,6.5986,15.0068
680,6.5264,15.6318
684,6.2393,14.0918
688,6.3184,15.2461
692,6.2637,15.0518
696,6.3838,15.8770
700,6.4492,14.4795
704,6.2734,14.6426
708,6.3379,15.4043
712,6.3604,15.3809
716,6.3398,15.2070
720,6.3945,15.7959
724,6.3350,15.9883
728,6.4336,15.1992
732,6.5205,16.0811
736,6.1699,14.8809
740,6.6230,16.0371
744,6.3086,15.6328
748,6.3281,15.2207
752,6.2793,14.4316
756,6.4473,15.8564
760,6.2295,15.5117
764,6.3574,15.5508
768,6.3779,15.9580
772,6.3564,15.8096
776,28.9570,15.7471
780,6.3760,15.8623
784,6.4775,15.4473
788,6.6396,15.6709
792,6.3945,15.4775
796,6.4023,15.5947
800,6.3984,15.6738
804,6.3486,15.5869
812,6.4844,16.0664
820,6.5127,15.7969
828,6.3789,15.6807
836,6.3584,16.3076
844,6.3750,16.5039
852,6.4297,16.3545
860,6.5107,15.6807
868,6.3555,15.3311
876,6.2988,15.4004
884,6.4424,16.0576
892,6.4082,15.8535
900,6.4121,15.3574
908,6.5449,16.1787
916,6.3379,16.6123
924,6.9336,16.4072
932,6.2988,16.7793
940,6.2461,15.8525
948,6.3145,15.7236
956,6.3379,16.7295
964,6.8154,16.1631
972,6.3721,16.5771
980,6.8945,15.7813
988,6.4141,16.3926
996,6.4756,16.6104
1004,6.8145,17.5654
1012,6.5195,16.5820
1020,6.3926,16.7705
1028,8.2021,17.2285
1036,8.1416,17.4434
1044,8.1270,17.1787
1052,8.1719,17.2168
1060,7.8945,16.6748
1068,8.0762,17.1045
1076,8.0596,17.2979
1084,7.8379,16.6250
1092,7.8369,17.1416
1100,7.8350,16.2793
1108,8.1025,17.2207
1116,8.0127,16.5625
1124,8.7539,17.4229
1132,8.2031,17.5283
1140,8.2197,16.9678
1148,8.1104,16.9746
1156,7.8896,16.6660
1164,7.9766,17.5654
1172,8.0039,16.7979
1180,8.1250,17.1777
1188,7.9443,16.9766
1196,7.9619,16.7637
1204,8.0049,16.6758
1212,7.8887,16.5576
1220,8.0898,17.4551
1228,8.1191,16.7988
1236,7.9873,16.8086
1244,8.0791,17.9268
1252,7.8467,16.4082
1260,7.9756,17.0244
1268,8.6533,16.8193
1276,7.7520,16.4297
1284,8.1172,17.7061
1292,8.1514,17.7285
1300,7.8516,16.5957
1308,8.1494,17.5791
1316,7.8594,16.8721
1324,7.8604,16.7861
1332,8.6309,18.1514
1340,8.2744,17.8975
1348,7.9023,17.1836
1356,7.8291,16.0684
1364,8.2021,17.5879
1372,8.0605,17.5840
1380,8.1328,17.7334
1388,8.1816,17.7832
1396,8.2676,17.1367
1404,7.7422,16.6523
1412,8.0195,17.4541
1420,8.0303,17.0537
1428,7.8027,16.5430
1436,7.9502,16.8730
1444,8.0273,16.8535
1452,8.1807,17.0010
1460,8.0879,16.7617
1468,8.1318,17.5654
1476,8.0039,16.8965
1484,7.9951,16.6719
1492,8.0791,17.1709
1500,7.9004,17.2979
1508,8.0088,17.0498
1516,8.1318,17.5850
1524,7.9736,17.0869
1532,8.0420,17.1631
1540,8.0605,17.7949
1548,7.9854,17.8037
1556,8.0049,16.2490
1564,7.8877,16.8418
1572,8.1230,17.0195
1580,8.0439,17.7031
1588,7.8252,16.6504
1596,7.8164,16.8193
1604,8.0342,17.0859
1616,7.9170,16.0801
1628,7.9277,17.7549
1640,7.7236,16.8418
1652,8.0068,17.8467
1664,8.1074,17.1250
1676,7.9434,17.1826
1688,7.8691,17.3076
1700,8.4795,17.6230
1712,8.8418,18.5742
1724,8.0771,18.4170
1736,8.2490,17.9424
1748,8.0049,17.1973
1760,8.4688,17.0840
1772,8.3896,18.4111
1784,8.3428,19.1826
1796,8.3438,17.8770
1808,8.2686,17.5908
1820,7.9141,17.3711
1832,8.0137,18.1328
1844,8.1797,18.9961
1856,8.1426,18.3682
1868,7.9502,17.3828
1880,8.1533,18.1143
1892,8.0732,18.2783
1904,8.1436,18.3652
1916,8.0508,18.5020
1928,8.1650,17.6396
1940,8.1602,18.9746
1952,8.0322,17.8066
1964,8.7539,18.3721
1976,7.9355,17.9697
1988,8.8203,18.1611
2000,8.1963,18.8281
2012,8.0762,17.5684
2024,8.3760,18.8350
2036,7.9063,18.0361
2048,8.0576,21.5957
2060,10.4072,20.8779
2072,9.6328,19.1377
2084,9.9678,19.6807
2096,10.0186,21.1064
2108,9.9072,19.6621
2120,9.9463,20.4814
2132,10.0791,20.4209
2144,9.9023,20.1592
2156,10.3564,21.7305
2168,10.4365,21.1211
2180,10.5527,21.6221
2192,9.9629,19.5918
2204,10.1143,20.8379
2216,9.9238,19.2451
2228,9.9336,19.8125
2240,10.0879,20.9316
2252,9.9629,20.1396
2264,10.3320,20.5322
2276,10.1211,20.3301
2288,9.7158,19.8311
2300,9.8184,19.6348
2312,10.1592,21.0488
2324,10.2178,21.2109
2336,9.6289,19.0498
2348,9.8916,19.3555
2360,9.9873,19.7871
2372,10.2031,21.0723
2384,10.1611,20.3447
2396,10.0166,20.2754
2408,9.7773,20.3320
2424,9.7715,25.8955
2440,10.3398,21.4688
2456,10.6699,20.7061
2472,11.1445,21.2285
2488,9.5303,18.6094
2504,9.8477,19.5117
2520,9.8818,19.9980
2536,10.0381,19.9463
2552,32.8330,20.7881
2568,9.9229,19.6621
2584,10.1875,20.2803
2600,10.3838,21.0049
2616,9.9639,20.4980
2632,10.5137,21.2637
2648,10.4766,23.0752
2664,10.7393,19.8633
2680,9.9707,19.4902
2696,9.8418,20.3574
2712,9.5879,19.4014
2728,9.9375,20.7295
2744,9.8320,19.4111
2760,10.1865,20.8945
2776,9.8955,20.1074
2792,10.4922,21.3047
2808,9.7803,20.1514
2824,9.8818,20.4619
2840,9.9619,20.1680
2856,9.9365,19.8906
2872,10.2920,20.2266
2888,10.3340,21.5361
2904,10.3340,20.7256
2920,9.5244,19.7178
2936,9.9395,20.1152
2952,9.8457,19.9688
2968,9.8057,19.9277
2984,9.8203,20.0186
3000,9.6318,18.6787
3016,10.0781,20.6133
3032,9.9648,20.7021
3048,9.5166,19.1660
3064,9.8643,21.3506
3080,10.5781,22.0459
3096,9.7246,20.2910
3112,9.7256,20.4717
3128,9.5596,19.4355
3144,9.6387,20.1885
3160,9.9033,21.2578
3176,9.9209,19.9600
3192,10.0879,20.9980
3208,9.8252,19.8594
3228,9.9824,20.6875
3248,10.1904,21.7695
3268,18.0156,21.1260
3288,10.1934,20.5068
3308,10.0273,20.9482
3328,10.0146,20.7500
3348,9.8730,20.8789
3368,9.8467,26.9414
3388,9.6973,19.8447
3408,10.2012,22.5684
3428,9.9746,21.2861
3448,9.8301,20.3623
3468,9.7432,20.1582
3488,10.1211,21.7803
3508,10.0293,21.6387
3528,10.1377,21.5703
3548,10.0596,21.5771
3568,9.8311,20.2070
3588,9.9463,20.1689
3608,10.0107,21.1807
3628,9.7295,20.4063
3648,9.9482,21.0723
3668,9.9297,20.6611
3688,10.0244,19.9971
3708,9.7568,20.2129
3728,10.0645,22.2422
3748,10.1230,20.7637
3768,9.8701,27.3223
3788,16.0098,21.1387
3808,10.1279,28.0195
3828,10.9688,23.4707
3848,10.5742,22.0029
3868,10.2324,22.0234
3888,9.9063,20.5332
3908,9.9824,21.5996
3928,10.0205,21.4492
3948,10.2266,23.2529
3968,10.0645,20.8838
3988,10.2188,21.2979
4008,9.8633,20.8516
4032,10.0107,21.3604
4056,10.1543,21.4902
4080,9.9990,21.9961
4104,13.0645,24.6201
4128,12.0938,23.4648
4152,12.2432,23.9170
4176,12.4707,24.7324
4200,12.0830,23.2197
4224,11.9688,23.3828
4248,11.6035,23.4814
4272,11.4932,22.3584
4296,11.9473,22.5586
4320,11.8408,23.5898
4344,12.0693,22.9238
4368,11.6660,22.2168
4392,12.0889,23.8203
4416,11.9219,22.7666
4440,12.0264,23.0635
4464,12.0547,23.2607
4488,12.1123,58.0557
4512,11.8018,78.9619
4536,11.9990,22.9336
4560,12.0410,22.8984
4584,12.0762,23.0127
4608,11.9336,23.3008
4632,11.7959,22.6357
4656,12.1055,23.3936
4680,12.2080,24.5020
4704,12.2246,23.2412
4728,11.6846,22.5498
4752,11.9844,23.0615
4776,11.5986,22.4385
4800,12.4707,23.7461
4824,11.8291,22.5381
4852,12.1318,23.1357
4880,11.9854,22.6680
4908,12.0957,22.8271
4936,11.6826,22.0742
4964,12.0166,22.7246
4992,11.8037,23.3623
5020,11.7100,22.4590
5048,12.1328,23.9678
5076,11.7959,21.9150
5104,11.8779,22.7109
5132,11.9902,23.2188
5160,12.2256,23.6680
5188,12.3936,24.7314
5216,12.5703,23.6465
5244,11.9482,23.2256
5272,11.9531,23.4746
5300,12.4082,23.2969
5328,12.2822,23.7197
5356,12.0703,22.9961
5384,11.6953,22.0703
5412,11.9297,23.4160
5440,11.4775,21.7568
5468,11.5918,22.3242
5496,12.3877,23.9570
5524,11.8154,23.1602
5552,11.6924,22.2686
5580,12.0654,23.1211
5608,11.9717,24.0723
5640,11.6113,22.9336
5672,11.6299,22.8809
5704,11.7129,23.1152
5736,11.4033,22.5391
5768,11.6152,22.2471
5800,11.2881,21.9756
5832,11.9893,23.7988
5864,11.8262,23.2256
5896,11.3701,22.0566
5928,11.8535,24.1621
5960,11.8711,23.5117
5992,12.0684,22.8623
6024,11.2891,22.6143
6056,11.3379,22.6680
6088,11.7441,22.9814
6120,11.6709,23.3096
6152,11.4697,22.2109
6184,11.2891,22.4580
6216,11.5439,23.2285
6248,11.2988,21.9307
6280,11.6221,27.2109
6312,11.4336,21.9834
6344,11.5742,22.2480
6376,11.3057,22.5283
6408,11.4580,22.8213
6444,12.0576,24.0068
6480,11.7295,23.6553
6516,11.4111,22.4375
6552,11.3086,22.0537
6588,11.7100,23.2930
6624,11.4209,23.0820
6660,11.5303,22.6484
6696,11.5322,22.4502
6732,11.7109,23.6406
6768,11.4063,22.6914
6804,11.8096,22.6650
6840,11.4395,23.6797
6876,11.6348,23.7832
6912,11.8379,23.2764
6948,11.1807,22.6367
6984,11.1982,21.9688
7020,11.3662,22.8574
7056,11.8574,23.3975
7092,11.2197,22.0684
7128,11.3672,22.5137
7164,11.4580,23.3018
7200,11.4756,22.6953
7236,11.6494,23.3057
7276,11.7422,23.4150
7316,11.5195,23.5371
7356,11.5801,23.3242
7396,11.4551,22.9424
7436,11.7275,24.5762
7476,11.2148,22.9912
7516,11.5234,23.6533
7556,11.6074,24.1680
7596,11.3926,23.3936
7636,11.4561,22.8936
7676,11.5986,23.5264
7716,11.2207,22.7119
7756,11.6660,24.7383
7796,11.8457,24.9297
7836,11.1807,22.8320
7876,11.3721,23.9834
7916,11.6221,24.4990
7956,11.4844,23.8730
7996,11.3369,23.7373
8036,11.5713,24.1641
8080,11.6670,23.7637
8124,11.7617,24.7578
8168,11.2617,22.8916
8212,14.3623,25.2002
8256,14.6250,26.1455
8300,15.0615,26.1904
8344,14.5527,25.2422
8388,14.3438,24.8047
8432,13.9805,23.7344
8476,13.9004,23.4492
8520,14.5869,25.0176
8564,14.7627,25.5547
8608,14.6133,25.1270
8652,13.3711,23.1895
8696,14.2754,24.0137
8740,13.4297,22.7744
8784,14.1289,24.7471
8828,14.3174,25.1299
8876,13.5225,23.1230
8924,14.3301,25.0947
8972,14.5596,25.3262
9020,14.7813,25.8730
9068,14.2041,24.3604
9116,13.7461,24.1377
9164,13.7441,25.4746
9212,13.1191,23.4766
9260,13.6650,25.0752
9308,13.1045,23.6064
9356,13.2363,23.7275
9404,12.8262,23.1748
9452,13.1152,23.4629
9500,13.6416,25.1270
9548,13.6055,24.6377
9596,13.1885,23.1338
9644,13.2305,24.1563
9696,12.7246,22.9639
9748,12.8691,23.2197
9800,12.9277,23.2139
9852,12.8584,23.6016
9904,13.1582,23.4004
9956,13.4932,24.8604
10008,13.7852,25.2412
10060,12.9189,23.5752
10112,13.1631,24.2988
10164,13.2432,23.7129
10216,13.1104,23.6797
10268,12.7852,23.4121
10320,13.0918,24.6299
10372,13.4033,24.1025
10424,13.0020,24.0693
10480,13.1367,23.8848
10536,13.7090,24.4180
10592,13.3477,25.8584
10648,12.9551,23.5830
10704,12.7480,23.9160
10760,13.1309,24.1191
10816,12.9541,23.5488
10872,13.0801,23.2773
10928,12.8516,22.9961
10984,13.0449,23.4395
11040,13.1689,24.7480
11096,12.9004,23.3643
11152,13.2900,23.9121
11208,13.1074,24.0635
11268,12.6992,23.6279
11328,13.1387,24.2832
11388,13.0635,24.2227
11448,12.7422,22.7256
11508,13.1250,23.0850
11568,13.1318,24.5781
11628,13.2285,24.2705
11688,12.9102,22.7363
11748,13.6318,25.2344
11808,12.7285,23.1836
11868,13.1084,24.5850
11928,12.9121,23.9893
11988,13.2002,23.8867
12048,13.0654,24.2764
12112,14.1895,23.4922
12176,13.3730,25.3223
12240,12.7549,24.0596
12304,13.2813,24.5117
12368,12.8574,24.3115
12432,13.1504,24.7705
12496,13.3799,24.8838
12560,12.6719,23.8965
12624,12.8281,23.1592
12688,12.5693,23.7100
12752,13.4814,24.6514
12816,13.9775,26.2051
12884,13.0840,24.0195
12952,13.4795,26.4424
13020,13.3223,23.9805
13088,13.8672,25.3965
13156,13.1328,24.9248
13224,12.8691,23.8672
13292,13.7520,25.0781
13360,13.1348,24.2568
13428,12.8408,23.4355
13496,12.9521,24.1338
13564,13.5742,25.1621
13632,13.3672,25.3047
13704,13.1309,24.8389
13776,12.9004,24.4492
13848,21.2480,24.9668
13920,12.7549,23.1836
13992,12.7354,23.7705
14064,13.2354,25.0840
14136,12.9795,24.9072
14208,13.0273,24.3096
14280,12.7412,24.1201
14352,13.1035,24.3096
14424,12.9893,24.5225
14500,12.9580,24.8555
14576,13.2324,25.0264
14652,13.1689,24.3057
14728,13.6299,25.1016
14804,13.0088,23.8877
14880,12.9219,24.1855
14956,13.1660,25.7510
15032,13.4111,26.2080
15108,13.5967,26.2256
15184,13.1943,24.5078
15260,13.1250,25.1904
15340,13.1426,24.4453
15420,13.5488,25.7441
15500,13.3018,24.5908
15580,13.0830,24.0576
15660,13.1641,24.4512
15740,12.4434,23.4541
15820,12.9834,59.3398
15900,13.3555,25.6357
15980,13.1934,24.6846
16060,12.9648,24.9414
16144,13.2354,25.4697
16228,12.8379,24.5127
16312,13.0010,24.5479
16396,18.2813,26.9170
16480,18.3711,26.6699
16564,17.9326,26.6934
16648,18.3125,27.0752
16732,18.4053,27.0039
16816,17.5830,25.6807
16904,15.3555,25.9150
16992,15.1006,31.7344
17080,15.1201,25.3018
17168,15.3135,26.3486
17256,14.5967,23.8691
17344,15.2422,25.2119
17432,14.7197,24.5107
17520,14.5547,24.6133
17608,14.2510,23.7197
17700,14.6445,24.1963
17792,14.3408,24.2344
17884,14.4688,24.2588
17976,14.4424,24.0137
18068,15.5566,26.3271
18160,14.4355,24.4268
18252,15.0898,25.9307
18344,15.0459,25.4932
18436,15.5566,26.4141
18532,14.3779,24.0273
18628,14.7773,25.4355
18724,14.6904,24.4004
18820,15.1123,25.5889
18916,14.5273,24.3984
19012,14.8037,25.3604
19108,14.4189,24.6377
19204,14.5391,24.4414
19304,14.7646,25.1494
19404,14.7422,24.6650
19504,15.1377,25.3730
19604,14.8965,25.5273
19704,14.4531,24.9150
19804,15.0166,26.5293
19904,15.2129,30.3438
20004,15.0908,25.7568
20108,14.6738,24.6846
20212,14.7354,25.2461
20316,14.7646,25.5879
20420,15.2275,26.0625
20524,14.8018,25.9170
20628,14.5527,24.8594
20732,16.3604,29.7051
20836,15.7227,28.5342
20944,15.2900,26.5371
21052,15.4990,26.6553
21160,14.9121,26.3672
21268,14.7900,25.4688
21376,15.4336,26.3359
21484,14.8682,25.2744
21592,14.9131,25.6787
21700,14.6045,24.8232
21812,15.0283,26.3359
21924,14.8076,26.3184
22036,14.9063,32.8740
22148,15.1094,25.3301
22260,14.3184,24.0117
22372,14.9346,25.6572
22484,14.2773,24.0645
22600,14.7891,25.7734
22716,14.9092,25.8281
22832,15.0068,26.6406
22948,14.6064,26.2295
23064,14.4961,25.2021
23180,14.8271,25.4092
23296,14.7324,25.3525
23416,14.4971,24.5645
23536,14.7695,26.2324
23656,14.5576,25.9443
23776,14.9990,26.5811
23896,15.0156,27.0420
24016,14.2891,24.3945
24140,23.2197,26.7588
24264,15.1387,26.7158
24388,15.1406,26.4961
24512,14.5615,25.0332
24636,15.0498,26.0332
24760,14.2500,24.8369
24884,14.7930,25.8037
25012,14.4668,25.6318
25140,14.5313,26.0693
25268,14.8623,35.1582
25396,15.0830,27.4014
25524,15.3076,26.5176
25652,15.0986,26.3867
25784,15.1641,26.4434
25916,14.7451,25.1865
26048,14.9951,25.6563
26180,14.7373,25.5029
26312,14.7607,25.3770
26444,14.8740,25.0615
26580,15.1006,25.5039
26716,61.3945,26.6641
26852,14.4238,25.0117
26988,14.6621,25.6455
27124,14.8789,26.1191
27260,15.1182,26.7402
27400,14.7832,25.7490
27540,14.5518,24.8916
27680,15.0820,25.9434
27820,14.7559,25.9111
27960,15.1660,26.6426
28100,14.5205,24.6982
28244,14.8623,26.4463
28388,14.8857,25.7637
28532,15.0635,27.0918
28676,15.2559,26.1162
28820,14.6367,25.3760
28968,15.1348,25.8096
29116,15.0186,25.4395
29264,14.3350,24.3965
29412,15.3672,26.3193
29560,14.6533,25.2285
29708,15.6123,27.7930
29860,15.2119,26.8018
30012,15.2559,27.3652
30164,15.0664,26.6357
30316,14.7168,25.7324
30468,14.9805,26.0898
30624,14.5449,25.8135
30780,14.8545,26.0996
30936,14.8916,26.2783
31092,14.9551,32.0205
31248,15.0625,26.9756
31408,15.1826,26.7363
31568,14.5430,25.3545
31728,14.8047,26.4727
31888,15.0469,26.2285
32048,14.7852,26.3818
32212,14.9580,27.2803
32376,14.6992,26.0879
32540,14.3389,25.6387
32704,14.9316,26.8438
32868,19.4629,29.1602
33036,18.7871,28.0273
33204,18.4541,27.8506
33372,18.2920,27.0801
33540,18.4893,28.2393
33708,18.3271,74.5078
33880,19.2344,29.1865
34052,18.4834,27.5801
34224,18.0566,26.7793
34396,18.1709,26.8145
34568,18.3428,27.6934
34744,18.6953,28.5244
34920,18.7725,28.1689
35096,18.8125,28.0381
35272,18.7764,27.7061
35452,17.1260,26.9521
35632,16.8975,26.7236
35812,16.7764,27.1777
35992,17.0771,27.3955
36172,16.8594,26.8672
36356,16.4922,26.6465
36540,17.2129,26.8242
36724,16.1484,25.2900
36908,16.8584,27.1494
37096,17.1318,27.5225
37284,17.1992,27.1895
37472,16.6426,26.1152
37660,17.3311,27.8857
37852,16.4668,26.3271
38044,17.0254,36.3203
38236,16.4189,25.7881
38428,17.2383,27.6592
38624,15.7471,24.3965
38820,17.3867,28.0449
39016,17.4336,28.5137
39212,16.6836,26.5400
39412,16.9033,27.4307
39612,16.4658,26.4238
39812,16.5762,26.9463
40012,15.6885,24.7080
40216,16.4512,26.5850
40420,16.5361,26.7979
40624,16.2432,25.8477
40828,17.1455,27.4678
41036,17.0195,27.0215
41244,16.5479,25.5195
41452,21.1797,26.2949
41660,16.8799,27.4209
41872,16.6387,27.4160
42084,16.7383,28.2363
42296,16.3174,26.4951
42508,16.3418,26.6094
42724,16.8633,27.3027
42940,17.1445,28.2490
43156,16.9814,28.4570
43372,16.3350,27.7959
43592,16.1699,26.9678
43812,16.9102,26.8730
44032,16.5283,26.4688
44256,16.0430,26.4619
44480,16.2549,26.3057
44704,16.4238,32.4551
44928,16.4883,28.1064
45156,16.9541,27.5254
45384,16.5127,27.7441
45612,16.5703,27.5303
45844,16.4766,27.7070
46076,16.6543,27.4229
46308,16.3643,27.5781
46540,16.3506,27.8311
46776,15.9707,26.1924
47012,16.5723,27.3584
47248,16.0566,26.6074
47488,15.8213,26.1621
47728,16.0547,26.3350
47968,16.1660,27.1777
48208,16.5898,28.0957
48452,16.6426,27.3701
48696,16.9307,28.4775
48940,16.3506,26.4619
49188,16.4668,27.6289
49436,16.3213,26.9336
49684,15.9219,26.5977
49936,15.9229,27.0654
50188,15.4893,25.6377
50440,16.3643,27.1631
50696,17.1543,29.4023
50952,16.5146,27.6641
51208,16.3408,40.6230
51468,16.3867,28.2744
51728,16.2764,30.9932
51988,16.2246,27.4141
52248,16.4521,26.9961
52512,15.9268,26.5322
52776,61.9854,28.6943
53040,16.4092,27.5615
53308,16.8994,28.8193
53576,15.8955,26.8604
53844,16.8779,27.4395
54116,16.2451,27.2852
54388,16.3164,28.1309
54660,16.4150,27.5830
54936,20.3496,27.5898
55212,16.6826,28.0479
55492,16.4795,27.6631
55772,16.5557,27.7949
56052,16.7588,28.6445
56336,16.8369,28.5938
56620,16.6104,27.2764
56904,16.6426,28.4473
57192,16.3691,27.3594
57480,15.8887,26.5996
57768,16.9658,28.8145
58060,15.8330,26.8008
58352,16.4727,29.0186
58644,16.1367,27.4688
58940,15.8838,26.7236
59236,16.9385,28.8184
59536,16.5615,27.7832
59836,16.1553,27.8193
60136,16.3203,28.0254
60440,16.8633,29.5234
60744,15.6650,27.2793
61048,16.7793,28.8398
61356,16.8652,29.0625
61664,15.8125,26.9199
61976,16.0693,27.6299
62288,16.6025,28.6494
62600,16.5742,28.8008
62916,16.8213,29.1201
63232,16.7998,28.7988
63552,16.4854,28.1582
63872,16.3252,28.2266
64192,16.3223,27.7773
64516,16.5811,29.0820
64840,16.6982,29.2178
65168,15.7852,27.1162
65496,16.6650,28.7188
65824,20.3672,30.7920
66156,20.3428,30.7969
66488,24.7002,30.6006
66824,20.0527,29.8428
67160,19.5557,29.1719
67496,19.7275,30.1221
67836,19.3750,28.8057
68176,20.0771,30.4795
68520,19.9746,29.8516
68864,19.2832,29.6523
69212,19.7207,29.7021
69560,18.5801,27.9512
69908,19.8516,30.4014
70260,18.4746,28.5938
70612,18.8857,29.3418
70968,18.7334,28.8594
71324,19.1074,28.7441
71684,18.8916,29.1152
72044,18.8760,28.8887
72408,18.3945,27.9600
72772,19.0615,29.2402
73136,19.3125,29.8096
73504,19.0186,29.2207
73872,18.9629,29.3379
74244,18.8672,29.6240
74616,18.1758,27.6045
74992,18.5967,28.4375
75368,19.3672,29.7246
75748,18.1611,27.1367
76128,19.4307,29.7266
76512,19.9561,31.0771
76896,19.6787,35.0986
77284,18.1152,28.4180
77672,18.7861,28.1904
78064,18.8066,29.0967
78456,18.2813,28.1367
78852,18.5361,28.0889
79248,18.6182,28.1191
79648,17.8135,27.8594
80048,18.5693,29.0459
80452,19.1611,29.0400
80856,19.1045,29.1787
81264,18.4541,28.4258
81672,18.7803,28.6260
82084,19.1123,28.5918
82496,20.0713,30.2100
82912,24.5000,29.0537
83328,19.2324,29.7607
83748,19.0459,29.4619
84168,18.8350,28.8066
84592,18.4160,29.2598
85016,18.3857,28.0293
85444,19.3711,29.7764
85872,18.9189,29.2109
86304,18.4258,28.1797
86736,18.6279,28.3594
87172,18.5283,28.2607
87608,18.9375,29.7764
88048,18.9570,29.0195
88492,18.7930,29.4834
88936,18.5498,29.2295
89384,17.8965,27.3223
89832,18.5811,28.7617
90284,18.8809,38.4248
90736,19.0156,30.1172
91192,19.6533,31.2266
91648,20.1045,32.6846
92108,18.1846,27.1855
92572,19.1572,29.2539
93036,18.7002,28.4316
93504,19.4199,30.0566
93972,18.5938,28.5400
94444,18.6318,28.8350
94920,18.9932,30.2461
95396,18.9111,29.4063
95876,25.4297,29.2969
96356,19.4961,30.2783
96840,19.7402,31.0391
97328,19.2969,29.8340
97816,18.1689,28.6582
98308,19.1992,29.6797
98800,18.0840,28.0586
99296,19.3330,30.1768
99796,19.8672,30.7725
100296,18.8350,31.5684
100800,19.1777,30.2129
101304,18.4180,28.6328
101812,18.9170,29.2373
102324,19.1250,30.4492
102836,18.8711,36.5811
103352,20.2666,31.0898
103872,19.5107,29.6416
104392,19.1230,30.6465
104916,19.3789,30.2246
105444,20.0518,31.5840
105972,18.7354,29.9072
106504,19.3467,30.3291
107040,19.1514,30.3311
107576,19.0068,29.6572
108116,18.9316,30.2246
108660,18.8389,30.3252
109204,19.3340,31.0215
109752,18.7998,30.1650
110304,18.7734,29.3350
110856,25.4600,30.5654
111412,19.6660,30.9063
111972,19.0254,30.3691
112532,18.7246,30.3262
113096,18.2012,27.8516
113664,18.6807,29.2432
114236,18.5459,29.6777
114808,18.7900,30.0127
115384,19.9902,35.7188
115964,18.2959,29.5547
116544,20.0449,31.2373
117128,18.4912,29.0098
117716,19.4258,31.4668
118308,18.8809,29.8750
118900,19.4678,36.3477
119496,19.8340,31.6699
120096,19.5205,31.8877
120700,19.5156,31.9609
121304,19.7021,31.8896
121912,18.7969,30.4971
122524,18.5723,29.5938
123140,19.3965,30.6768
123756,18.7588,29.8301
124376,19.1846,31.5352
125000,19.1367,31.6152
125628,19.4189,31.1738
126260,19.9189,31.3994
126892,18.8369,30.7900
127528,18.8096,35.5723
128168,19.7197,31.7852
128812,18.9688,29.9131
129460,18.2178,29.0449
130108,18.8320,30.1885
130760,19.2637,30.8574
131416,23.7734,33.8418
132076,22.9678,33.2813
132740,23.9199,33.0215
133404,24.2100,33.5557
134072,24.5283,33.3398
134744,24.1572,33.6025
135420,22.9434,32.5977
136100,22.5605,31.9443
136784,22.0088,31.6299
137468,20.6035,30.7939
138156,20.9775,30.7490
138848,21.2725,31.0166
139544,21.7334,31.5313
140244,22.6006,32.0557
140948,21.1436,30.9111
141656,21.0508,30.8799
142368,21.4814,31.8281
143080,21.4082,31.7939
143796,21.9248,32.5088
144516,21.5293,31.3662
145240,22.0830,38.7344
145968,21.3555,31.6982
146700,21.1953,31.4160
147436,21.2256,31.4277
148176,20.9238,31.3096
148920,22.2656,33.2773
149668,21.4180,31.2207
150420,21.3213,35.3828
151176,21.3857,31.8711
151932,22.2441,33.5801
152692,21.3105,31.5303
153456,21.2314,31.3604
154224,20.8652,30.1475
154996,20.9990,31.1904
155772,21.5488,31.9072
156552,21.7363,32.4229
157336,21.0674,30.7197
158124,21.4941,31.8301
158916,22.3154,33.0693
159712,21.8994,32.5576
160512,46.9580,32.6455
161316,22.4609,32.6191
162124,21.4209,31.7227
162936,21.4297,31.8643
163752,20.9424,30.8887
164572,21.4170,32.1387
165396,20.2324,30.2217
166224,21.8105,32.7412
167056,21.2549,32.5225
167892,21.8828,31.9385
168732,21.6436,30.8955
169576,21.1328,30.6172
170424,21.4268,31.6563
171280,21.0586,30.6709
172140,21.7998,33.3096
173004,22.1875,31.0459
173872,21.8057,32.7148
174744,23.3125,34.0322
175620,20.9141,30.5449
176500,21.9766,31.8477
177384,20.7588,31.4932
178272,22.1777,33.4932
179164,21.2490,31.3145
180060,21.5967,32.1104
180964,21.9795,32.9316
181872,21.8398,38.1855
182784,20.9219,32.3262
183700,21.3291,32.4287
184620,20.7559,30.8135
185544,20.9004,31.8662
186472,21.1338,31.9648
187408,20.8545,31.5225
188348,20.8477,31.1348
189292,20.7568,30.9346
190240,21.2383,31.6240
191192,21.1445,32.4609
192148,20.1611,30.3105
193112,21.4932,31.7217
194080,21.2402,37.3672
195052,21.5498,32.5010
196028,21.2305,32.1367
197012,21.5811,33.1377
198000,21.8291,33.7764
198992,22.0068,32.5293
199988,21.4902,32.0840
200988,21.9209,34.0459
201996,21.5342,33.1406
203008,20.8965,30.8105
204024,20.0098,30.7783
205048,21.6602,33.5420
206076,21.5293,31.9258
207108,33.4326,32.3848
208144,21.5273,33.2754
209188,21.1045,32.9395
210236,21.0215,32.1104
211288,21.4209,32.0703
212348,21.4775,43.9199
213412,21.6904,33.1045
214480,21.3809,32.7881
215556,22.0791,33.6152
216636,22.1729,32.3818
217720,21.9033,33.6377
218812,20.9365,37.5127
219908,21.5957,33.5557
221008,34.4854,32.4307
222116,21.3721,33.5205
223228,20.9209,32.1748
224348,21.1123,32.2139
225472,21.4492,33.4795
226600,21.1270,30.9346
227736,22.5762,32.5459
228876,22.0781,32.5938
230024,22.7441,33.0967
231176,21.4414,32.1299
232332,21.6992,33.9941
233496,20.7070,31.6240
234664,21.8096,33.2188
235840,20.2979,31.3975
237020,21.2344,32.9199
238208,21.6631,33.0605
239400,21.2715,32.5449
240600,20.3223,30.6719
241804,21.5410,33.7646
243016,21.2363,32.8047
244232,22.3604,34.5596
245456,22.3086,33.9443
246684,23.1836,40.7852
247920,21.0859,32.6445
249160,21.3311,32.7441
250408,21.5107,33.0039
251664,22.6641,34.6484
252924,21.8047,34.2598
254192,21.9854,32.5391
255464,21.0176,32.5732
256744,20.8008,31.9102
258028,22.2949,34.4854
259320,22.0459,34.5059
260620,20.7432,31.7139
261924,20.6309,37.3838
263236,26.4033,36.4023
264556,25.4922,34.1523
265880,25.3965,33.2373
267212,25.1172,33.7627
268552,23.7705,34.2881
269896,22.6572,32.5703
271248,23.2227,34.1084
272608,24.1699,35.9209
273972,23.3398,33.6982
275344,22.8877,33.0889
276724,23.0449,32.4297
278108,22.7715,32.9082
279500,24.4004,34.9658
280900,23.0098,33.3105
282308,22.6797,32.6631
283720,22.8633,33.5488
285140,22.5205,32.3779
286568,29.6563,34.1201
288004,23.2393,33.8896
289448,23.5254,35.1670
290896,22.9219,32.5635
292352,25.1797,36.1172
293816,24.1572,33.8818
295288,23.9688,33.9893
296768,24.2402,34.8828
298252,23.3164,33.6992
299744,24.1016,34.1523
301244,23.8682,34.0625
302752,25.3223,35.7803
304268,23.0537,33.2002
305792,23.9854,34.3506
307324,24.2471,34.7734
308864,22.8291,32.8438
310412,23.7471,34.1631
311968,23.5000,34.0615
313528,23.9268,34.7822
315096,23.9385,34.1270
316672,23.8438,34.1318
318256,22.2354,32.1914
319848,23.5898,33.5762
321448,23.6074,33.6406
323056,24.5908,36.0586
324672,23.4922,33.1680
326296,24.6338,35.4316
327928,24.0195,34.0898
329568,23.3438,33.2168
331216,23.9551,35.2871
332876,23.6035,34.0576
334544,70.9209,33.5947
336220,22.9824,32.8779
337904,23.1855,33.5645
339596,23.2471,33.9824
341296,23.2168,33.5244
343004,23.5371,33.7705
344720,22.6904,32.7402
346444,24.2402,35.3633
348180,23.2754,34.2764
349924,22.2393,31.3369
351676,23.8535,34.5049
353436,23.5645,64.2197
355204,25.5176,38.3555
356984,24.0039,34.0010
358772,23.6924,33.4385
360568,23.7754,34.2686
362372,23.1914,33.3301
364184,24.1641,34.9951
366008,22.9385,32.7764
367840,22.8252,32.9072
369680,22.9766,32.5313
371532,23.1416,32.8750
373392,22.8057,32.5049
375260,23.6543,34.0771
377140,23.1406,33.0371
379028,24.0508,34.8203
380924,24.0986,35.1514
382832,22.9238,32.4824
384748,24.0547,35.1797
386672,23.3525,33.9932
388608,23.2383,33.2432
390552,23.5801,45.2500
392508,23.0840,33.5234
394472,24.3896,33.3057
396448,23.0107,33.7061
398432,22.8340,32.4658
400428,23.3594,33.5947
402432,23.2715,33.3721
404448,23.7520,34.6895
406472,23.4131,42.6611
408508,24.4346,34.8066
410552,23.7744,34.8359
412608,23.5293,33.6514
414672,22.2725,31.4668
416748,23.5137,34.6699
418832,23.4141,33.1279
420928,23.6504,34.4082
423036,24.5166,35.2881
425152,23.8457,35.2959
427280,24.3203,35.4033
429420,23.6006,33.1563
431568,24.0430,35.5459
433728,24.1729,35.3105
435900,24.0303,35.2998
438080,25.4736,35.2861
440272,24.1963,34.9473
442476,24.3916,36.6289
444692,24.5811,36.9043
446916,24.0586,35.6436
449152,25.4814,37.7480
451400,23.1748,34.1982
453660,22.7090,33.1230
455932,23.5342,33.9551
458212,23.2891,34.5449
460504,22.8408,33.7510
462808,23.0264,34.5244
465124,24.5107,35.8701
467452,22.7803,33.2383
469792,23.3799,33.8809
472144,25.6660,36.1709
474508,23.6592,34.2559
476884,22.8164,33.5479
479272,23.6123,35.4385
481672,24.0020,35.3320
484084,22.9150,33.8008
486508,23.8594,35.1523
488944,23.5996,34.6699
491392,23.2559,34.6719
493852,23.6279,35.1533
496324,24.0840,35.9258
498808,23.0479,33.9756
501304,23.4658,34.0098
503812,23.8301,34.8516
506332,23.8223,35.0840
508864,22.3574,32.6719
511412,23.9336,35.9932
513972,23.2412,34.0225
516544,23.7959,35.4326
519128,23.2344,33.7109
521724,23.9785,36.5332
524336,28.8555,39.5820
526960,24.9678,35.5596
529596,26.0186,38.0742
532244,25.4912,36.6641
534908,25.6553,37.9189
537584,25.8965,37.8584
540272,25.1748,36.4902
542976,26.2002,38.2246
545692,25.0430,36.5859
548424,27.2578,39.8740
551168,26.5049,38.8965
553924,26.7246,38.5869
556696,26.3613,38.2803
559480,25.8066,36.4512
562280,26.3350,37.1084
565092,27.3301,38.1465
567920,27.0732,38.3184
570760,25.7607,35.2188
573616,25.7686,36.0088
576488,26.0566,36.4189
579372,26.4854,36.6025
582272,26.5889,37.4658
585184,27.2930,37.7471
588112,26.1143,36.7109
591056,26.5195,36.4609
594012,26.9072,38.4004
596984,31.3818,35.3682
599972,27.8828,36.2666
602972,27.8721,38.0488
605988,24.8809,35.6748
609020,27.8379,39.5078
612068,24.7529,34.2598
615132,25.8672,35.5889
618208,24.7822,34.9238
621300,25.8633,36.9678
624408,24.6553,34.5674
627532,25.6084,36.2510
630672,25.1084,35.9424
633828,25.2627,35.7100
637000,25.2393,36.0957
640188,25.6533,36.6660
643392,25.3945,36.4072
646612,24.8242,36.2773
649848,24.8350,35.8701
653100,25.0576,35.3174
656368,30.4688,37.0029
659652,25.7344,37.1445
662952,25.6592,37.0068
666268,27.0273,38.4795
669600,25.9092,36.0977
672948,27.4902,38.4590
676316,26.5195,37.1758
679700,27.1357,37.9658
683100,25.8174,36.1504
686516,25.9131,36.3428
689952,25.1875,35.6768
693404,26.2949,36.7510
696872,24.8193,35.0596
700360,25.2314,36.5117
703864,26.6885,37.3242
707384,25.3896,35.3799
710924,26.0400,36.2295
714480,26.1436,37.1719
718056,25.6260,36.0635
721648,25.7188,35.3945
725260,25.7285,35.8887
728888,26.0381,36.4990
732536,26.2930,38.5117
736200,27.1055,38.4580
739884,26.8350,38.9600
743584,26.3525,36.8604
747304,25.6445,36.0586
751044,26.5381,37.7646
754800,27.5137,38.8340
758576,27.0166,37.8955
762372,26.1016,36.4170
766184,26.3799,36.6680
770016,26.3301,37.6143
773868,26.4912,37.5459
777740,27.2354,40.9131
781632,25.0479,36.2715
785544,26.5449,38.5146
789472,27.9756,39.2764
793420,25.8379,36.0703
797388,25.1748,46.7520
801376,27.0313,38.2637
805384,26.4785,37.4102
809412,27.1904,38.7383
813460,26.2363,38.1045
817528,27.1152,38.0684
821616,26.7051,62.0889
825728,26.6709,37.1211
829860,27.4824,38.3691
834012,26.0977,36.6768
838184,27.3623,37.9102
842376,28.3564,39.4707
846588,26.7842,38.2803
850824,25.7383,37.0088
855080,26.5576,37.3008
859356,27.6660,38.5342
863656,25.3818,36.5537
867976,26.4404,38.1465
872316,26.7275,38.4063
876680,26.9111,39.0381
881064,25.1846,35.8682
885472,26.3203,37.4326
889900,26.4863,39.1895
894352,28.9355,38.8174
898824,30.5215,39.9014
903320,29.4932,39.2051
907840,30.5469,40.4443
912380,27.7021,37.0469
916944,28.6172,37.7939
921532,26.8350,35.7881
926140,28.2129,38.0322
930772,28.3682,38.8584
935428,28.3369,38.4893
940108,29.5947,39.6279
944812,29.5225,38.6094
949540,27.8398,37.1416
954288,28.8730,38.8066
959060,28.9893,40.0088
963856,28.7646,38.8076
968676,28.3643,38.4307
973520,27.9258,37.8701
978388,29.1357,39.5273
983280,27.8887,37.6055
988200,27.4648,36.6758
993144,29.0361,39.7588
998112,27.8477,38.5029
1003104,27.9805,36.5811
1008120,28.7842,39.5176
1013164,28.7100,39.0176
1018232,29.4316,40.0059
1023324,29.5586,39.4365
1028444,35.9268,67.1943
1033588,28.9561,38.8828
1038756,28.6719,38.6201
1043952,28.1279,38.7881
1049172,36.1602,43.1484
1054420,33.8018,42.1484
1059696,33.4648,41.8447
1064996,32.3076,39.2842
1070324,38.5850,42.3574
1075676,30.8779,41.2910
1081056,29.1182,38.2168
1086464,29.8369,39.0791
1091900,31.0781,40.4219
1097360,30.5391,39.9453
1102848,29.5127,38.3896
1108364,30.5244,40.4893
1113908,30.2930,39.6426
1119480,30.9111,40.5898
1125080,29.8623,40.9463
1130708,30.3477,39.9727
1136364,30.4990,40.1748
1142048,29.9619,39.2275
1147760,30.8838,41.0166
1153500,30.7793,40.7598
1159268,29.2207,37.6113
1165068,32.3574,42.5166
1170896,30.2617,40.3369
1176752,30.0313,40.6895
1182636,33.0645,43.6729
1188552,29.6143,42.3457
1194496,30.7910,42.3936
1200472,29.6865,40.0098
1206476,29.6787,40.4736
1212512,29.8818,40.8740
1218576,29.2793,39.6865
1224672,30.3281,40.3027
1230796,29.9785,40.5254
1236952,29.3662,40.6465
1243140,29.5352,40.9189
1249356,29.3516,40.9014
1255604,31.5293,43.8594
1261884,29.5400,40.9785
1268196,29.3643,39.2598
1274540,29.5020,41.0742
1280916,29.0508,41.0195
1287324,29.4609,39.8096
1293764,29.2891,41.0537
1300236,30.6660,42.0967
1306740,29.1318,39.6094
1313276,29.1504,39.5684
1319844,28.6934,46.1885
1326444,29.8008,39.7344
1333080,28.9395,39.6025
1339748,30.3330,41.2725
1346448,30.5996,41.0313
1353184,28.6006,39.1455
1359952,30.9932,42.0264
1366752,29.5918,39.6357
1373588,31.1748,42.2363
1380456,29.6660,40.4297
1387360,29.3945,40.9805
1394300,29.1904,40.1299
1401272,31.5146,42.8896
1408280,30.4932,40.6787
1415324,29.9346,41.3809
1422404,29.4004,40.0996
1429520,29.8008,40.2188
1436668,29.0703,39.1611
1443852,30.7256,42.2617
1451072,29.5264,40.6348
1458328,32.8135,44.6338
1465620,29.8994,40.7813
1472952,30.4932,40.7236
1480320,32.4287,43.9629
1487724,30.5850,42.5117
1495164,29.7236,40.4385
1502640,29.0732,40.0352
1510156,56.5928,42.0361
1517708,29.9580,40.6582
1525300,33.2549,45.0020
1532928,32.1064,43.0469
1540596,31.8848,42.8984
1548300,30.6338,41.3877
1556044,33.2969,45.1514
1563828,31.9531,42.5469
1571648,31.7305,44.1084
1579508,29.3262,39.4053
1587408,31.7695,43.2266
1595348,30.1025,52.6631
1603328,38.1553,43.5674
1611348,31.8115,44.2344
1619408,31.2148,43.3652
1627508,30.9795,43.6582
1635648,31.2334,44.1455
1643828,30.0723,41.6260
1652048,31.2139,42.8350
1660312,32.1299,45.4102
1668616,31.3750,43.2813
1676960,32.2490,44.5488
1685348,32.2432,44.3916
1693776,31.8340,45.1377
1702248,32.9717,45.8662
1710760,32.6035,44.7588
1719316,32.5391,45.2324
1727916,33.7988,45.4678
1736556,29.5342,41.2773
1745240,31.6172,44.6934
1753968,30.5908,52.7168
1762740,32.0039,46.2129
1771556,30.3994,43.8066
1780416,30.0225,43.9004
1789320,30.9102,45.0928
1798268,32.7598,48.4307
1807260,41.5713,50.2520
1816300,30.5791,43.4434
1825384,31.0059,42.9697
1834512,30.8115,43.1240
1843688,32.0605,45.4248
1852908,31.7734,44.1826
1862176,32.8242,51.6641
1871488,32.4795,45.1025
1880848,32.1729,45.3145
1890256,31.0322,44.0928
1899708,32.5049,44.5781
1909208,30.9111,43.1992
1918756,32.2852,45.4961
1928352,32.4238,44.7910
1937996,31.8262,43.7227
1947688,32.2578,45.3232
1957428,31.7705,44.6094
1967216,30.0752,49.3125
1977056,32.8799,46.7910
1986944,32.3066,46.4492
1996880,30.0244,41.4609
2006868,30.6367,47.4990
2016904,32.3418,44.9736
2026992,45.5908,49.0898
2037128,31.9316,43.5293
2047316,32.0947,44.1436
2057556,31.8555,55.5088
2067844,36.9063,46.0605
2078184,32.1611,57.2705
2088576,32.2617,44.7539
2099020,35.7666,46.9326
2109516,36.5957,48.0840
2120064,36.1709,46.9063
2130668,35.5430,56.7773
2141324,40.4893,47.7266
2152032,34.4482,44.7646
2162796,34.1797,43.5605
2173612,35.3330,45.7197
2184484,36.6641,46.8486
2195408,34.5498,44.3438
2206388,35.5088,51.6348
2217420,36.5234,54.4092
2228508,34.6855,44.5967
2239652,35.8721,45.9414
2250852,36.5469,46.7666
2262108,36.1963,46.6768
2273420,35.7129,76.6641
2284788,35.7754,47.4346
2296212,35.3330,46.2959
2307696,35.5439,46.2256
2319236,35.5957,48.4326
2330836,35.2930,54.8721
2342492,34.8809,46.8535
2354208,34.3281,46.3301
2365980,32.8408,43.4688
2377812,31.6855,42.1289
2389704,34.3193,57.4824
2401656,51.7744,53.7266
2413668,34.1523,47.0762
2425740,36.1172,45.2471
2437872,32.8965,45.5244
2450064,34.6826,47.7373
2462316,34.1680,46.6729
2474628,33.5508,45.6729
2487004,34.4678,43.4424
2499440,33.6113,47.0381
2511940,33.6357,45.1445
2524500,33.8389,46.7861
2537124,32.3477,43.9209
2549812,55.0205,50.5615
2562564,35.7168,48.7422
2575380,33.4873,46.1602
2588260,34.3789,47.0996
2601204,34.4297,49.4619
2614212,34.9268,49.2842
2627284,33.5322,46.1152
2640424,34.2441,46.2588
2653628,34.1250,46.8545
2666900,33.9424,45.7402
2680236,34.1689,46.6924
2693640,34.0908,46.0342
2707112,34.9854,47.9111
2720648,34.3232,47.1914
2734252,33.5928,45.2158
2747924,35.2168,47.7246
2761664,35.8867,47.8975
2775476,36.1387,49.1182
2789356,35.8848,49.0391
2803304,35.1768,48.3623
2817324,35.4590,55.2686
2831412,37.2393,50.3311
2845572,35.1885,49.0557
2859800,35.3213,48.3213
2874100,35.1309,48.3799
2888472,35.2334,49.4785
2902916,34.2246,46.5098
2917432,35.3027,48.2891
2932020,35.2441,49.1104
2946684,35.3193,47.5977
2961420,35.0410,49.0215
2976228,35.1162,47.2070
2991112,34.9941,47.5127
3006068,34.9824,48.5039
3021100,36.0781,49.7129
3036208,35.9609,49.0215
3051392,34.4229,47.0400
3066652,35.1064,48.0400
3081988,36.6172,49.8994
3097400,36.2471,49.4795
3112888,40.6357,46.5400
3128456,35.8018,48.7939
3144100,35.6865,48.1396
3159824,35.4424,48.7285
3175624,34.9004,49.9150
3191504,36.5195,50.6563
3207464,35.8193,48.2471
3223504,35.6162,48.3301
3239624,34.7695,47.9863
3255824,35.0967,48.7168
3272104,36.8057,52.0605
3288468,36.6807,50.8506
3304912,35.5439,48.8545
3321440,33.6113,46.6641
3338048,37.6123,52.3066
3354740,33.7246,56.6455
3371516,36.6650,50.9189
3388376,35.7441,49.2197
3405320,34.2754,47.7686
3422348,34.9072,49.3301
3439460,36.7344,50.2832
3456660,33.3887,45.9033
3473944,34.7979,49.4824
3491316,34.2734,46.0908
3508776,35.9785,48.8750
3526320,35.4736,48.9473
3543952,35.4082,49.2490
3561672,35.8623,50.3594
3579484,35.2148,48.8467
3597384,45.3584,52.6396
3615372,37.9961,52.3428
3633452,37.0020,50.5244
3651620,36.1445,49.6924
3669880,38.3789,51.4082
3688232,35.0146,47.7803
3706676,37.6553,52.0059
3725212,37.8096,51.2734
3743840,36.9805,51.1123
3762560,38.8389,53.6270
3781376,37.1826,51.9238
3800284,36.8496,52.2285
3819288,36.8750,52.0498
3838388,41.8311,50.2959
3857580,38.0986,52.0986
3876868,37.1064,51.6396
3896256,38.4375,53.9531
3915740,37.7305,52.1025
3935320,36.1230,50.3076
3955000,38.0889,51.6113
3974776,38.5527,54.1133
3994652,38.3564,53.1768
4014628,37.0137,51.6787
4034704,38.9268,54.4199
4054880,36.7021,50.1152
4075156,38.9248,55.0605
4095532,36.0557,48.6113
4116012,38.9473,53.3389
4136596,39.4063,55.3066
4157280,38.8799,53.9180
4178068,36.6484,50.9004
4198960,43.2891,54.4482
4219956,39.2412,50.2197
4241056,41.0527,53.2959
4262264,40.8701,52.0615
4283576,39.8555,52.0791
4304996,42.5391,54.0703
4326524,39.2822,52.0459
4348160,41.9551,62.7646
4369904,45.5820,56.7598
4391756,44.9492,51.8574
4413716,40.5332,51.0176
4435788,40.3574,52.8223
4457968,39.7852,52.1582
4480260,42.2129,55.3545
4502664,40.2432,52.4648
4525180,40.9609,57.0781
4547808,39.2871,51.9775
4570548,41.8262,54.5225
4593404,40.6611,53.6768
4616372,40.6953,53.7959
4639456,41.1924,53.4365
4662656,42.0127,55.9980
4685972,40.5596,54.4971
4709404,39.7715,51.7969
4732952,39.5361,51.6748
4756620,39.4375,51.2266
4780404,41.4629,54.6836
4804308,40.3965,53.5039
4828332,42.3096,55.7422
4852476,42.4463,55.8398
4876740,40.0049,52.9746
4901124,40.7803,53.8750
4925632,41.2441,53.9170
4950264,41.2979,54.6885
4975016,41.5625,53.8018
4999892,42.9805,57.4004
5024892,43.5195,57.1348
5050020,40.3672,54.2139
5075272,41.1660,55.2256
5100652,40.9199,54.1699
5126156,40.0313,53.1172
5151788,43.3457,56.9346
5177548,42.1348,54.6387
5203436,40.2607,53.2930
5229456,41.0859,55.6328
5255604,40.8984,54.8018
5281884,41.4043,55.4414
5308296,40.5449,53.0264
5334840,40.8262,53.6680
5361516,40.9902,53.9805
5388324,39.4736,51.6191
5415268,45.9922,53.0576
5442348,42.5146,56.2813
5469560,40.2266,53.0254
5496908,39.6934,53.0732
5524396,38.9473,50.9121
5552020,40.2402,53.2637
5579784,41.8457,54.5684
5607684,40.3682,52.4756
5635724,40.4736,52.6162
5663904,40.4570,53.2900
5692224,40.0908,53.1807
5720688,40.8369,53.7275
5749292,39.9375,54.1982
5778040,40.6934,53.5723
5806932,41.0342,54.8594
5835968,41.1836,53.7490
5865148,40.9307,53.7432
5894476,41.6445,53.2822
5923952,40.4941,52.3115
5953572,41.4902,55.9619
5983340,40.7959,53.4004
6013260,40.6221,52.7988
6043328,43.4580,56.9463
6073548,42.5273,55.8662
6103916,42.5117,57.1582
6134436,40.5137,51.8887
6165112,42.1543,55.9893
6195940,41.1514,55.2021
6226920,39.4346,52.3457
6258056,41.8301,56.4004
6289348,42.3994,56.4150
6320796,40.4561,53.3193
6352400,41.8145,56.2842
6384164,42.2676,84.7734
6416088,40.2793,54.5029
6448172,41.2988,64.8857
6480416,41.4189,56.1826
6512820,41.0723,54.0811
6545388,41.0908,54.4004
6578116,43.0693,56.7686
6611008,40.9873,53.5547
6644064,39.8828,52.2549
6677288,41.5908,55.5283
6710676,43.6709,57.1582
6744232,42.3828,58.0107
6777956,40.6875,55.6797
6811848,48.0342,53.0850
6845908,39.4512,52.3857
6880140,40.3770,53.6592
6914544,41.8945,55.7939
6949120,41.9756,55.1992
6983868,42.4561,55.6279
7018788,39.9258,52.3730
7053884,73.5078,57.7676
7089156,41.2529,55.7646
7124604,40.9131,61.0049
7160228,41.2275,55.1240
7196032,41.2539,64.1113
7232016,42.1885,57.0303
7268180,41.0469,55.6143
7304524,39.8467,54.5801
7341048,41.9385,58.2197
7377756,41.2627,55.4736
7414648,42.7275,57.9961
7451724,41.1738,58.1309
7488984,41.6729,66.0166
7526432,40.7832,53.9219
7564068,42.5137,58.1367
7601892,41.6729,55.9766
7639904,47.7959,57.2617
7678104,40.0918,53.6211
7716496,41.1992,57.9072
7755080,49.9805,69.1729
7793856,40.2559,54.6309
7832828,41.6973,57.3965
7871996,42.6289,57.3623
7911356,39.4893,53.6289
7950916,43.1543,58.0586
7990672,41.9727,55.8359
8030628,41.5273,56.8545
8070784,43.6250,66.9893
8111140,67.6084,63.6660
8151696,41.3506,56.3369
8192456,41.0605,55.3525
8233420,42.1563,54.6904
8274588,45.5068,53.8027
8315964,40.6191,55.1523
8357544,43.7666,54.4004
8399332,47.4775,58.0195
8441332,52.2090,58.6748
8483540,45.8457,54.7676
8525960,51.1699,59.1162
8568592,45.1768,54.6689
8611436,50.0859,57.0010
8654496,45.1416,57.3916
8697772,50.6025,57.8525
8741264,46.0078,55.3301
8784972,46.2695,60.4482
8828900,43.1826,56.9258
8873048,44.1289,57.5078
8917416,42.0586,53.9678
8962004,44.2930,56.9775
9006816,45.7959,58.4102
9051852,45.2656,58.7041
9097112,43.0996,54.5586
9142600,44.5479,57.4707
9188316,44.1943,57.7959
9234260,44.0830,56.9971
9280432,44.0830,56.2588
9326836,41.1680,51.9561
9373472,42.1816,54.8125
9420340,41.7373,54.3340
9467444,43.9922,56.7988
9514784,42.9688,54.7109
9562360,43.9004,57.5361
9610172,42.6836,54.8535
9658224,46.1045,59.1279
9706516,43.4795,55.0439
9755052,43.2383,55.8633
9803828,45.1348,56.5596
9852848,41.7139,53.5674
9902116,44.6182,57.4834
9951628,44.4639,57.5303
10001388,44.6992,58.2666
10051396,44.2441,61.8369
10101656,43.1006,55.8633
10152168,43.6660,55.8926
10202932,43.1855,57.3545
10253948,43.9102,56.7637
10305220,42.5938,57.6006
10356748,42.6104,54.9307
10408532,45.9873,59.4961
10460576,43.2295,57.1211
10512880,44.6592,59.2822
10565448,45.3525,57.4922
10618276,45.9453,60.2422
10671368,44.4248,58.0898
10724728,44.0967,56.8389
10778352,44.4727,57.0605
10832244,44.2197,56.6563
10886408,44.5176,57.7148
10940844,42.0117,54.4170
10995552,45.2490,58.3301
11050532,53.8994,59.5527
11105788,46.4971,58.8779
11161320,45.9521,60.3389
11217128,43.9287,57.3457
11273216,44.8965,58.5146
11329584,44.2510,57.7217
11386232,45.1455,59.2383
11443164,46.3467,60.4492
11500380,45.6533,58.8340
11557884,43.6797,57.1387
11615676,43.6104,58.4355
11673756,45.9629,59.6533
11732128,43.8037,56.8506
11790792,45.4082,60.0566
11849748,45.9297,60.0928
11909000,44.9502,57.3457
11968548,44.6973,57.8691
12028392,45.0234,59.1895
12088536,44.5996,56.8750
12148980,79.2979,81.6523
12209728,52.3008,60.2236
12270780,56.0381,60.8291
12332136,44.6641,58.8008
12393800,44.4600,58.9063
12455772,45.5635,59.9590
12518052,47.8721,57.2119
12580644,55.0527,59.9912
12643548,44.9199,61.1719
12706768,54.7363,75.1650
12770304,44.9385,59.8682
12834156,45.4199,59.8447
12898328,43.7383,57.3125
12962820,48.0117,64.1846
13027636,49.1377,59.6240
13092776,48.7217,85.3652
13158240,46.4961,60.5146
13224032,43.9082,59.0176
13290156,46.5303,56.6074
13356608,42.7158,54.9258
13423392,45.0762,59.3428
13490512,43.4326,57.4902
13557968,54.0508,57.5986
13625760,43.8672,59.0508
13693892,44.5352,59.1064
13762364,44.4795,58.0781
13831176,45.1777,59.2070
13900332,44.5811,58.4375
13969836,44.2871,58.8320
14039688,44.5654,59.2852
14109888,53.2061,60.1172
14180440,45.6133,61.0342
14251344,45.9482,60.7637
14322604,43.6826,57.2158
14394220,44.2383,59.1982
14466192,47.1211,62.4482
14538524,45.7051,67.8672
14611220,44.2646,57.8955
14684280,45.9268,61.5977
14757704,44.5947,59.9131
14831496,43.2617,58.1143
14905656,47.6230,63.7314
14980188,44.2588,57.1738
15055092,46.7930,59.7373
15130368,44.5010,58.7002
15206020,47.4199,63.5400
15282052,44.4277,58.9805
15358464,41.8564,54.8203
15435260,44.4004,65.6768
15512440,46.9072,61.6807
15590004,44.6260,59.2334
15667956,59.9004,61.2363
15746296,44.6250,58.4014
15825028,44.8311,60.8828
15904156,42.8896,55.2480
15983680,43.2979,56.1738
16063600,46.7168,62.3926
16143920,46.5488,69.0625
16224640,45.8779,61.7979
16305764,44.9932,60.5293
16387296,46.9336,61.4287
16469236,46.7607,62.5332
16551584,46.6797,61.4600
16634344,46.0938,62.1914
16717516,46.8623,61.4150
16801104,51.4541,62.6592
16885112,51.8027,63.9893
16969540,50.4980,73.0479
17054388,48.6592,60.5225
17139660,51.3428,63.1309
17225360,48.7412,59.5098
17311488,49.4453,61.1006
17398048,49.9092,62.0605
17485040,52.5557,65.3633
17572468,49.4336,61.1084
17660332,55.2402,65.7080
17748636,51.4121,64.2646
17837380,50.1748,60.2500
17926568,49.4297,127.4424
18016204,47.7637,63.9883
18106288,48.6846,60.4600
18196820,49.5303,70.3848
18287808,100.7539,86.6465
18379248,64.1504,81.7119
18471148,61.5957,67.0059
18563504,64.2939,67.8926
18656324,62.7441,70.4521
18749608,59.5117,65.8262
18843360,65.8340,70.0527
18937580,70.6064,90.4150
19032268,67.7363,76.2852
19127432,64.1836,72.0879
19223072,63.2822,69.2871
19319188,67.4307,75.8359
19415784,63.4961,83.7988
19512864,69.1006,78.8145
19610432,72.4375,77.2051
19708488,65.7207,82.3281
19807032,68.4551,84.3467
19906068,71.3613,76.5762
20005600,73.7188,81.4746
20105628,178.1563,78.7451
20206160,68.3057,72.0342
20307192,70.7842,80.2979
20408728,65.4922,74.0459
20510772,67.3145,76.5088
20613328,65.6279,77.6055
20716396,65.8506,76.4102
20819980,68.4346,79.4082
20924080,68.8555,77.3984
21028704,67.4512,78.2305
21133848,65.5635,76.8145
21239520,68.8711,76.6279
21345720,68.2969,76.2012
21452452,69.5820,75.4639
21559716,64.9658,74.7207
21667516,63.4131,78.4834
21775856,78.5771,78.6055
21884736,71.7568,79.5107
21994160,81.6660,79.4922
22104132,71.2529,73.7949
22214656,69.3955,83.9043
22325732,91.7900,89.0703
22437364,85.3643,86.6006
22549552,219.6982,77.1484
22662300,72.3438,78.6582
22775612,77.8398,82.0615
22889492,66.9248,78.9648
23003940,70.0879,81.6602
23118960,76.7852,77.0361
23234556,70.9609,81.6025
23350732,86.3184,100.8838
23467488,72.6279,84.9229
23584828,70.9150,78.6025
23702756,75.8281,80.7334
23821272,77.0391,80.8066
23940380,75.3291,82.3584
24060084,79.3955,88.6914
24180388,82.9727,89.0479
24301292,77.5908,87.1357
24422800,75.4775,87.6563
24544916,79.9824,91.9326
24667644,77.4248,88.8857
24790984,75.6016,81.8984
24914940,83.3525,83.8936
25039516,77.3018,82.8135
25164716,79.7842,86.7412
25290540,82.4258,90.8945
25416996,82.0977,96.7607
25544084,80.5693,102.0371
25671808,88.0205,96.0000
25800168,81.2549,88.1348
25929172,82.8555,93.1211
26058820,83.8213,86.9326
26189116,95.6152,101.1973
26320064,86.5713,91.8584
26451668,83.3516,88.1436
26583928,88.3164,93.3975
26716848,85.0469,94.2500
26850436,80.5342,86.5195
26984692,83.7041,89.9307
27119616,81.4082,91.2988
27255216,81.7568,93.0615
27391496,134.5342,118.1953
27528456,86.4375,84.6416
27666100,78.8350,79.7695
27804432,75.5449,82.9473
27943456,79.0244,84.9414
28083176,104.0410,98.2490
28223592,75.0361,83.3906
28364712,80.5117,89.1084
28506536,72.4541,82.4639
28649072,82.5889,85.6611
28792320,79.0859,84.1289
28936284,80.3828,90.4131
29080968,80.4316,86.3760
29226376,78.7539,85.8271
29372508,75.9863,83.2725
29519372,79.6250,92.5107
29666972,84.2813,93.6094
29815308,83.7148,110.0596
29964388,82.4570,93.3506
30114212,87.2090,93.2910
30264784,83.8789,92.0918
30416108,88.7266,93.0127
30568192,99.7988,93.1250
30721036,85.8809,98.1836
30874644,92.4092,96.5215
31029020,85.2178,105.5762
31184168,88.3193,89.9688
31340092,89.2246,101.4854
31496796,89.4961,97.3486
31654280,85.1924,97.3848
31812552,90.6240,90.4961
31971616,89.8301,94.6367
32131476,81.5645,90.2803
32292136,92.6865,103.2246
32453600,91.1455,93.6689
32615868,95.1953,103.3262
32778948,86.2598,118.4336
32942844,91.1914,95.3047
33107560,91.5518,97.0039
33273100,91.5947,97.9375
33439468,105.6680,100.1846
33606668,101.0889,104.1270
33774704,96.6094,103.3105
33943580,96.2500,101.1836
34113300,90.3926,98.2627
34283868,102.6758,114.6318
34455288,101.9648,110.9365
34627568,101.8047,105.0889
34800708,98.6777,106.6816
34974712,101.3877,107.1016
35149588,107.3838,107.3643
35325336,100.3760,104.1416
35501964,105.1133,102.4277
35679476,107.3926,106.2197
35857876,101.5518,105.5410
36037168,100.6211,108.5547
36217356,106.6777,102.9014
36398444,112.1729,119.5566
36580440,109.8818,103.1699
36763344,102.5557,102.1289
36947164,105.7422,102.3994
37131900,111.6709,113.5215
37317560,116.9365,115.4814
37504148,101.2178,105.7129
37691672,116.3740,107.8955
37880132,101.8838,98.9365
38069536,126.7627,104.7080
38259884,105.8867,114.9619
38451184,129.0439,100.6406
38643440,109.0693,108.4316
38836660,114.4238,106.9902
39030844,132.1533,135.7412
39226000,112.9346,110.4844
39422132,111.1182,109.9307
39619244,112.8018,136.3428
39817344,113.7900,112.5986
40016432,112.2207,112.0859
40216516,108.4727,111.1826
40417600,107.8291,167.0879
40619688,114.1641,109.3018
40822788,114.6914,110.2139
41026904,123.4063,119.7871
41232040,113.5098,113.6279
41438204,112.4736,122.8252
41645396,105.2305,115.9238
41853624,103.4795,103.9932
42062896,109.5723,116.4775
42273212,117.7119,112.6064
42484580,112.7285,113.2441
42697004,110.6895,105.1758
42910492,120.9639,123.6729
43125048,111.6426,106.8604
43340676,109.8896,112.9482
43557380,108.5020,118.6260
43775168,128.4346,116.7842
43994044,113.9404,124.5830
44214016,111.2920,113.3555
44435088,118.2324,118.5352
44657264,110.6025,112.2949
44880552,117.7969,120.7109
45104956,135.7168,115.2588
45330484,122.2246,110.5684
45557140,114.9766,114.8633
45784928,115.5488,120.6865
46013856,116.8906,118.0898
46243928,117.3613,120.0723
46475148,117.6367,113.7178
46707524,112.2813,111.8965
46941064,141.9814,122.1357
47175772,125.3057,119.1211
47411652,141.8037,128.3838
47648712,124.6230,155.1680
47886956,124.8701,125.8535
48126392,127.9307,122.0635
48367024,120.2266,127.1348
48608860,125.7764,128.1895
48851908,117.5283,118.4766
49096168,120.4658,118.5068
49341652,125.2461,120.4473
49588364,124.3193,115.9404
49836308,122.6240,131.1797
50085492,119.9033,124.6279
50335920,118.2822,135.8115
50587600,161.2295,145.3379
50840540,220.3076,140.0908
51094744,127.0469,135.9307
51350220,124.0859,136.1719
51606972,146.2578,128.9482
51865008,143.1377,127.3242
52124336,128.2188,146.2529
52384960,134.8779,136.6504
52646888,141.3125,142.1514
52910124,131.2676,130.2334
53174676,118.3809,123.0225
53440552,125.5869,150.4063
53707756,176.1270,144.1055
53976296,160.6416,135.5127
54246180,130.2979,131.4590
54517412,133.3584,217.0596
54790000,134.1826,126.1719
55063952,138.4219,136.4619
55339272,135.4834,143.5762
55615972,132.3398,131.4375
55894052,140.2627,201.0957
56173524,136.6670,134.8584
56454392,129.9902,134.9180
56736664,135.0498,127.7158
57020348,140.6855,133.5547
57305452,136.9893,131.9658
57591980,121.7764,174.2012
57879940,158.0811,147.8613
58169340,137.6455,144.7881
58460188,138.7539,143.9043
58752492,134.8555,146.4873
59046256,129.9414,137.2861
59341488,142.7500,141.7754
59638196,125.6826,139.0850
59936388,137.1201,147.3252
60236072,131.2363,132.7461
60537256,144.0566,142.9639
60839944,136.7539,137.1865
61144144,143.9326,146.2148
61449868,136.1084,129.9092
61757120,131.4346,133.2100
62065908,145.6973,138.4326
62376240,136.0947,141.2588
62688124,138.7295,152.9873
63001568,146.3721,196.0391
63316576,161.0547,160.9121
63633160,140.3887,142.4199
63951328,154.1689,143.2158
64271088,140.4365,149.2715
64592444,152.4238,147.3047
64915408,142.3193,144.6816
65239988,152.0391,148.2578
65566188,145.7598,139.0459
65894020,142.7256,143.5498
66223492,144.2979,143.1563
66554612,145.5801,157.6699
66887388,131.6445,139.8633
