4,1.0586,1.3213
8,1.7510,4.8604
12,2.2295,6.9990
16,2.2334,7.8682
20,2.8242,11.9180
24,3.1758,10.6094
28,2.8320,11.0654
32,2.7480,11.1816
36,3.2852,11.6709
40,3.2793,12.4268
44,3.2871,14.2275
48,3.2197,13.3223
52,3.2158,14.3320
56,3.2207,14.9404
60,3.2139,15.3369
64,3.2803,16.3252
68,3.7900,16.4961
72,3.7773,16.8750
76,3.7451,15.6719
80,3.7100,15.2217
84,3.7002,15.5928
88,3.7861,16.2148
92,3.7891,16.4785
96,3.7842,16.8027
100,3.8184,16.6367
104,3.7754,17.9111
108,3.7773,33.1631
112,3.8135,19.3506
116,3.7754,60.9043
120,3.7891,18.8428
124,3.7842,18.7227
128,3.8057,19.3486
132,4.3008,19.3154
136,4.2939,19.6738
140,4.2988,19.0752
144,4.3047,19.2461
148,4.2842,19.3555
152,4.3066,19.0615
156,4.3311,19.5586
160,4.3115,19.8252
164,4.3320,19.6055
168,4.3027,19.9346
172,4.3301,19.9814
176,4.3213,20.5791
180,4.2959,20.4023
184,4.2910,20.4453
188,4.2988,25.5205
192,4.3271,20.8496
196,4.3223,21.1982
200,4.3135,21.5557
204,4.3340,21.4834
208,4.3086,21.5195
212,4.2852,21.9033
216,4.2959,22.2803
220,4.3076,22.3984
224,4.3037,22.3428
228,4.3115,22.8799
232,4.3242,22.8291
236,4.3037,23.4121
240,4.2959,22.7227
244,4.2852,23.2637
248,4.3076,24.2803
252,4.3018,23.4443
256,4.2900,24.7686
260,4.9316,24.6504
264,4.9072,24.7324
268,4.9111,24.8125
272,4.9258,24.7754
276,4.9102,24.5195
280,4.9238,24.4404
284,4.9375,25.0596
288,4.9082,24.2695
292,4.9922,25.7598
296,4.8047,24.4385
300,4.8076,23.7188
304,4.8174,24.2910
308,4.8125,24.7109
312,4.8047,24.5996
316,4.8252,24.0518
320,4.8096,24.7148
324,4.8320,24.5576
328,4.8086,24.3174
332,4.7939,24.4287
336,4.8252,24.4551
340,4.8125,24.2930
344,4.7969,24.0039
348,4.8311,24.5264
352,4.8184,24.3633
356,4.8018,24.5039
360,4.8076,24.4346
364,4.8262,24.3828
368,4.8096,24.5879
372,4.8213,24.5078
376,4.8008,25.5352
380,4.8164,24.7451
384,4.8174,24.8682
388,4.8018,25.1797
392,4.8193,25.4307
396,4.8301,24.7559
400,4.8223,23.8730
404,4.8340,24.0791
408,4.8125,24.3613
412,4.9102,24.7090
416,4.9326,25.0488
420,4.9248,24.9531
424,4.9248,23.9541
428,4.9170,25.4668
432,4.9033,25.0244
436,4.9141,25.1523
440,4.9258,25.0596
444,4.9121,25.7314
448,4.9209,26.2041
452,4.9121,24.9941
456,4.9316,25.3750
460,4.9131,24.9541
464,4.9043,25.0557
468,4.9307,25.4775
472,4.9014,25.8320
476,4.9229,25.7285
480,4.9160,25.6201
484,4.9082,26.2090
488,4.9141,26.2783
492,4.9043,26.5010
496,4.9375,26.0527
500,4.8994,26.6133
504,4.9307,26.1621
508,4.9180,26.2842
512,4.9277,27.2881
516,7.8535,27.4961
520,7.8467,27.5273
524,7.8174,27.3906
528,7.6973,27.5195
532,7.8643,27.7256
536,7.7744,27.7715
540,8.0811,27.7910
544,7.5234,28.3105
548,7.8887,28.6240
552,7.7168,27.8018
556,7.9033,27.7227
560,8.0273,27.9629
564,7.8516,28.2158
568,7.7920,28.4014
572,17.9932,28.2305
576,7.6338,28.2959
580,7.8164,28.0000
584,7.7217,28.8936
588,8.5859,27.5156
592,7.5391,27.4082
596,7.5068,27.7930
600,7.5439,27.6445
604,7.5752,27.6201
608,7.5635,27.4531
612,7.6768,95.6270
616,9.2705,33.8398
620,9.2305,30.3545
624,7.6904,27.8174
628,7.7109,27.7227
632,7.8398,26.7334
636,7.7813,27.3408
640,7.6631,86.5557
644,8.0322,27.1064
648,7.7021,26.7793
652,7.7695,26.6777
656,7.8047,27.2822
660,7.6953,27.5322
664,7.6699,27.1221
668,7.6846,27.0156
672,7.6309,26.9316
676,7.7129,26.7402
680,7.7305,27.6563
684,7.6680,26.8809
688,7.7441,27.3330
692,7.6826,27.4326
696,7.6719,26.9658
700,7.8691,28.0010
704,7.6533,27.6396
708,7.8184,27.8701
712,7.8506,27.6748
716,7.8223,27.0967
720,7.8447,27.3916
724,7.6250,27.1660
728,7.6689,27.3301
732,7.7305,27.7441
736,7.5967,27.4043
740,7.8262,28.1631
744,7.6807,27.8672
748,7.8008,28.1045
752,7.8662,27.9541
756,7.9004,28.0127
760,7.6123,27.1025
764,7.8633,27.6660
768,7.8457,27.9736
772,7.6270,28.5283
776,7.6289,28.0127
780,7.7432,27.8467
784,7.8379,28.7109
788,7.8242,27.9092
792,7.7852,28.2783
796,7.8438,28.7129
800,7.8408,28.0957
804,7.6094,28.4941
812,7.5889,28.7656
820,7.6611,28.6387
828,7.8428,29.4629
836,7.8154,28.5918
844,7.7412,29.0459
852,7.7236,29.4541
860,7.6875,29.3672
868,7.6660,29.5068
876,7.8770,29.1055
884,7.8086,29.3418
892,7.6367,29.6416
900,7.7217,29.1270
908,7.6250,30.1318
916,48.5820,29.8330
924,7.9727,29.8643
932,7.8848,29.2217
940,7.7275,29.7803
948,7.7568,30.2002
956,7.6992,29.8711
964,7.8574,30.4941
972,7.6309,30.2061
980,7.7725,30.0732
988,7.7666,29.8398
996,7.8037,29.4922
1004,7.7354,29.3857
1012,7.5391,30.5918
1020,7.5332,30.0850
1028,12.5352,31.5781
1036,11.6914,31.1924
1044,11.8789,32.5811
1052,11.7402,31.1338
1060,11.5986,35.5771
1068,11.8311,32.2480
1076,11.7725,32.1787
1084,11.7578,32.2705
1092,11.4990,31.2969
1100,11.4570,31.0557
1108,11.2344,30.3936
1116,11.1182,30.2930
1124,11.1982,30.4492
1132,10.9775,42.2998
1140,11.3379,30.9727
1148,10.8457,29.6846
1156,10.7949,30.6729
1164,11.1416,30.6025
1172,10.6953,29.5361
1180,11.0479,30.4541
1188,10.9170,30.4658
1196,10.8379,30.7617
1204,11.3301,30.1846
1212,10.7324,30.7891
1220,10.9209,30.3447
1228,11.0146,30.5674
1236,10.9131,30.2656
1244,10.8564,30.5176
1252,17.0977,43.9834
1260,12.9297,30.7939
1268,10.9365,29.5938
1276,10.6895,29.9053
1284,10.8076,29.7588
1292,10.8301,30.4238
1300,10.4512,30.1895
1308,11.0840,30.1484
1316,10.8359,30.1885
1324,10.9883,29.5703
1332,10.5498,29.5303
1340,10.7422,29.0918
1348,10.6299,29.5078
1356,10.7100,30.0547
1364,11.8145,30.4004
1372,10.6318,30.5059
1380,10.9814,30.2344
1388,11.1582,31.4365
1396,10.9658,31.9736
1404,10.7539,30.4521
1412,10.9951,30.4727
1420,10.7393,30.1934
1428,10.6064,30.0273
1436,10.6924,30.6895
1444,10.9111,30.8398
1452,10.4639,30.4365
1460,10.7178,30.3789
1468,10.6064,30.2080
1476,10.8086,31.1133
1484,10.7344,30.2412
1492,10.7617,31.3789
1500,10.4082,30.7129
1508,10.5967,31.0391
1516,10.6221,30.1172
1524,10.8096,31.2441
1532,10.7256,30.2588
1540,10.8242,30.4004
1548,10.6738,32.1133
1556,11.1064,31.3262
1564,10.7607,30.6758
1572,10.7275,31.5059
1580,10.5996,31.0195
1588,10.7920,31.3838
1596,10.7012,31.4697
1604,10.5195,32.1738
1616,10.9873,31.2100
1628,10.9414,31.7949
1640,10.9033,31.8076
1652,10.7119,31.5010
1664,10.6689,31.1670
1676,10.9092,32.0469
1688,10.5059,31.6445
1700,10.6279,31.6523
1712,10.8770,31.7119
1724,10.9658,32.3369
1736,10.3926,31.8037
1748,10.6904,33.1133
1760,10.9111,32.2813
1772,10.7090,33.0713
1784,10.9111,31.7949
1796,10.8057,31.7080
1808,10.6543,31.9531
1820,10.8633,30.8369
1832,11.1738,32.4199
1844,10.8164,32.0186
1856,10.9121,32.1621
1868,10.7656,32.8447
1880,11.0420,32.5420
1892,10.6104,32.0957
1904,10.5430,32.1699
1916,10.5195,59.4063
1928,10.6328,32.6406
1940,10.7314,33.2451
1952,11.0127,32.8730
1964,10.7734,32.6270
1976,11.1611,32.9443
1988,10.7598,32.8994
2000,15.5625,32.9170
2012,10.9287,34.6826
2024,10.7041,33.2480
2036,10.7432,32.9014
2048,10.6680,33.6260
2060,13.8242,33.5625
2072,13.9297,32.7568
2084,14.0703,33.7969
2096,13.9766,33.7725
2108,13.6973,33.3193
2120,13.3418,33.3418
2132,13.9092,33.1563
2144,13.7324,33.4600
2156,14.1436,33.2285
2168,13.8818,33.2373
2180,13.6533,32.8008
2192,13.7637,34.0459
2204,13.7061,34.0957
2216,14.1055,33.9854
2228,15.0439,33.8477
2240,13.8516,33.1426
2252,13.5264,33.4600
2264,13.8662,33.9688
2276,14.1162,33.2197
2288,13.7578,33.5195
2300,14.3916,34.3252
2312,14.0078,35.3652
2324,13.6465,33.9297
2336,13.7305,33.1260
2348,13.7021,38.2998
2360,13.6592,33.1426
2372,14.0713,34.3779
2384,13.5605,33.2363
2396,14.1279,34.2529
2408,13.8857,33.7363
2424,13.7666,34.5742
2440,13.9121,34.1025
2456,13.8594,34.2930
2472,13.6533,33.6826
2488,13.5117,33.3730
2504,13.9277,34.2441
2520,13.6357,33.7197
2536,13.6836,33.9932
2552,13.3955,33.3467
2568,13.9980,34.0615
2584,13.8730,33.9170
2600,13.7959,34.4219
2616,13.7305,34.5967
2632,14.0059,34.4707
2648,14.0518,34.0371
2664,14.0791,34.5313
2680,14.1055,36.0850
2696,13.7041,33.7939
2712,14.0479,34.5029
2728,13.7373,34.2676
2744,13.6123,33.8516
2760,13.3271,33.8701
2776,13.6758,33.8809
2792,14.1328,34.7207
2808,14.0576,34.4775
2824,13.8174,34.3516
2840,13.8096,34.5684
2856,13.4258,34.7773
2872,13.6318,34.2373
2888,13.6045,34.4775
2904,13.8018,34.7666
2920,13.4014,34.9258
2936,13.7324,34.3516
2952,13.6299,34.7959
2968,14.0215,35.7139
2984,14.2959,36.3174
3000,13.9141,34.9502
3016,13.6182,34.1230
3032,13.5703,34.1484
3048,13.5615,34.5840
3064,13.6211,34.9609
3080,13.6543,35.2334
3096,22.4990,36.2383
3112,14.2773,36.2500
3128,13.8271,35.5508
3144,13.8877,34.6963
3160,14.3750,36.5527
3176,14.1895,36.3564
3192,14.0938,36.3359
3208,14.1973,35.5547
3228,14.0449,35.9004
3248,13.9990,36.2305
3268,14.0264,35.7119
3288,13.7402,35.6689
3308,13.9639,36.3574
3328,13.8389,35.8877
3348,14.2402,36.9619
3368,14.2754,36.6914
3388,14.1963,35.8516
3408,14.0439,37.4092
3428,13.9072,36.5967
3448,13.8301,35.7070
3468,14.0049,36.4922
3488,14.1865,36.6846
3508,14.0742,37.1094
3528,14.1123,36.9883
3548,13.8965,43.5322
3568,14.2266,36.6963
3588,14.2451,37.2969
3608,14.3828,36.5039
3628,14.0273,35.7529
3648,13.9854,36.5957
3668,13.9355,37.0977
3688,13.8027,36.8594
3708,14.0762,37.1035
3728,14.2090,37.0049
3748,14.0752,36.9160
3768,14.8477,36.8184
3788,13.6113,35.8779
3808,13.9053,35.9668
3828,13.7393,36.1436
3848,14.2383,36.9111
3868,14.0029,36.0820
3888,13.9736,36.3877
3908,13.6035,36.1338
3928,14.0020,36.4707
3948,13.9141,36.3408
3968,14.1445,36.9121
3988,13.4873,35.5547
4008,13.8174,36.8779
4032,14.0498,36.9609
4056,13.6152,36.7949
4080,13.9307,36.8037
4104,20.7910,37.6309
4128,19.6885,37.2949
4152,19.9648,36.2197
4176,19.9785,36.7178
4200,20.7559,37.6201
4224,19.9590,36.6152
4248,19.8906,37.0879
4272,16.9629,37.7861
4296,16.6963,37.1934
4320,16.4883,36.9492
4344,16.3262,36.8203
4368,16.6904,37.6973
4392,16.9727,37.5205
4416,16.7275,36.6387
4440,17.0693,36.8887
4464,16.9277,37.1455
4488,16.3174,36.3418
4512,16.6572,37.0518
4536,16.5127,37.8184
4560,16.7949,36.7559
4584,16.6084,37.3750
4608,16.7676,36.4365
4632,16.4912,37.2988
4656,16.9736,37.9727
4680,17.1289,37.9766
4704,31.6240,39.0225
4728,17.1738,38.8652
4752,17.5137,38.6250
4776,17.2158,38.7646
4800,17.4385,38.9775
4824,17.1465,38.2227
4852,16.7598,38.1777
4880,17.2256,38.2217
4908,16.8652,37.3291
4936,16.8906,37.7373
4964,17.1270,43.5273
4992,17.5967,37.9492
5020,17.3154,38.9033
5048,16.9697,38.2080
5076,17.0908,38.5137
5104,17.0518,38.5205
5132,17.2080,38.8887
5160,16.9492,38.7109
5188,16.7813,37.4756
5216,17.1543,38.6826
5244,17.1592,38.1328
5272,17.1602,37.6641
5300,16.8750,38.7529
5328,17.3203,38.1973
5356,17.0908,38.5059
5384,16.9824,38.3955
5412,17.0918,38.6396
5440,17.1670,38.0879
5468,17.0674,38.7803
5496,16.5225,38.3623
5524,16.8398,38.3867
5552,16.7197,37.5137
5580,16.6152,37.7617
5608,16.5869,37.5029
5640,16.5449,37.4912
5672,16.9766,39.1689
5704,16.6855,38.0469
5736,16.8447,38.0469
5768,16.6318,38.3330
5800,16.3076,37.8320
5832,16.8350,38.3691
5864,16.7041,38.1123
5896,16.7842,38.4951
5928,16.7373,37.4414
5960,16.2012,37.8408
5992,16.8311,38.5479
6024,16.6953,38.7236
6056,16.6357,38.0264
6088,16.8779,38.4492
6120,16.7490,38.3701
6152,16.6211,38.6572
6184,16.8271,38.3926
6216,16.7627,38.2070
6248,16.6514,38.1631
6280,16.9961,38.0977
6312,16.5938,38.1953
6344,17.0078,38.7783
6376,16.5615,38.7129
6408,17.0537,38.5410
6444,16.5654,38.2705
6480,16.4404,38.4170
6516,16.4961,38.3906
6552,16.3330,38.9248
6588,16.8701,38.2021
6624,16.4355,37.4697
6660,16.5088,38.5186
6696,16.9414,38.7295
6732,16.8516,39.0762
6768,16.7900,39.3271
6804,16.3447,39.1172
6840,21.2891,40.2324
6876,17.1758,39.6992
6912,16.7207,39.9756
6948,17.0938,39.7979
6984,17.1387,40.4932
7020,17.1162,39.8906
7056,17.1504,40.0186
7092,17.1143,40.5625
7128,16.7930,39.3457
7164,17.1123,41.3428
7200,17.1484,40.4912
7236,16.7354,39.9316
7276,16.9463,40.1865
7316,17.0195,40.6934
7356,16.9385,40.0859
7396,16.9932,39.2529
7436,17.0176,40.7988
7476,16.9629,40.4404
7516,17.3252,40.9189
7556,17.1982,41.9512
7596,17.3428,40.9111
7636,16.9473,40.6816
7676,16.6123,39.9561
7716,17.4365,41.3184
7756,17.1572,40.6611
7796,17.1875,41.2090
7836,17.3203,41.1064
7876,16.9492,40.6357
7916,17.2813,40.7725
7956,16.5137,39.6445
7996,16.2588,39.5293
8036,16.7666,39.3789
8080,16.7227,39.8320
8124,16.4336,38.9668
8168,16.7178,40.2139
8212,22.1357,41.6738
8256,20.0645,40.8252
8300,19.7676,40.8809
8344,19.8008,39.9561
8388,19.8281,41.0830
8432,19.4980,40.3965
8476,19.8086,40.6875
8520,19.8457,40.2549
8564,19.6113,39.9492
8608,19.8105,40.6758
8652,19.7363,40.1289
8696,19.5117,39.7217
8740,19.4365,39.9824
8784,19.8008,41.3320
8828,20.5225,41.7520
8876,19.2783,40.5576
8924,20.3291,40.5342
8972,19.5371,39.8643
9020,19.3174,40.1758
9068,19.5449,40.1377
9116,19.5879,40.3174
9164,19.9619,40.9170
9212,19.8213,41.5488
9260,19.4912,40.5693
9308,19.7354,40.0693
9356,19.9883,40.7061
9404,20.1260,41.2383
9452,19.5928,40.3408
9500,20.0098,40.8164
9548,19.3877,40.3604
9596,19.9385,46.4814
9644,20.5625,42.1133
9696,20.1367,40.7412
9748,19.5547,41.0234
9800,19.7529,39.8633
9852,19.5166,39.9775
9904,19.7344,41.5654
9956,19.7344,40.8125
10008,19.5576,40.2334
10060,19.5088,40.7139
10112,20.2871,40.6865
10164,20.5488,41.3516
10216,20.3555,41.0742
10268,19.9102,40.6201
10320,19.7676,40.6172
10372,19.7432,41.2471
10424,19.4854,40.6025
10480,19.4375,40.5742
10536,20.2334,40.5527
10592,19.6738,40.6953
10648,19.6289,40.6768
10704,19.9443,40.6768
10760,19.7842,40.2598
10816,19.8662,40.9180
10872,19.8340,41.0371
10928,19.9482,41.3184
10984,20.2051,41.4482
11040,19.8340,41.4854
11096,19.9912,41.2744
11152,19.9121,41.5830
11208,19.6660,40.7578
11268,19.8086,40.7900
11328,19.9766,40.9521
11388,19.8799,40.8516
11448,19.4951,40.3779
11508,19.3867,41.4854
11568,19.8418,41.5488
11628,19.5547,41.2988
11688,20.1162,41.2715
11748,19.7676,40.8389
11808,19.4375,41.4639
11868,19.3311,39.8027
11928,19.4238,40.7910
11988,19.5654,41.0566
12048,19.8135,41.9150
12112,19.4824,41.2344
12176,19.7393,49.0176
12240,19.7754,41.2627
12304,20.1719,41.7119
12368,19.2900,41.6992
12432,19.3486,41.1025
12496,19.8389,41.7012
12560,19.8594,41.6582
12624,20.1875,42.0117
12688,19.7998,42.4971
12752,19.7109,42.0557
12816,20.1230,41.4805
12884,19.8936,42.5039
12952,19.5586,41.8379
13020,19.6963,42.4268
13088,19.8027,42.1045
13156,21.1641,42.4160
13224,19.9883,42.7266
13292,20.0010,42.6025
13360,19.6953,42.7324
13428,19.6816,42.1123
13496,20.5732,44.7441
13564,19.7148,41.8174
13632,19.2861,42.4600
13704,20.0186,42.7324
13776,19.8311,41.8955
13848,19.8574,41.9043
13920,19.7725,42.1416
13992,19.7334,43.3779
14064,19.8672,41.8955
14136,19.7373,42.3350
14208,19.7383,42.4707
14280,19.6113,42.5254
14352,20.0146,42.3525
14424,20.0596,42.4209
14500,19.9160,42.9121
14576,19.5205,42.2754
14652,19.6680,42.4531
14728,19.9082,43.2656
14804,19.8496,41.8828
14880,19.5762,42.5215
14956,19.5000,42.3555
15032,19.9092,43.1650
15108,19.8330,41.7734
15184,19.5244,43.3213
15260,19.9219,43.6816
15340,19.6973,43.3301
15420,20.0400,43.4414
15500,19.7861,42.6875
15580,20.0918,43.6582
15660,19.8076,43.3691
15740,19.8496,42.3633
15820,19.7920,49.6621
15900,21.2949,43.2412
15980,19.8350,43.0391
16060,19.8457,43.1221
16144,19.8555,42.9541
16228,19.7578,47.6211
16312,19.9883,42.9404
16396,27.7969,43.5322
16480,25.0400,43.5303
16564,23.2285,42.4404
16648,22.5420,42.6250
16732,22.3164,43.3105
16816,22.4355,42.7822
16904,24.2373,42.5928
16992,22.5977,43.6963
17080,21.9473,42.6484
17168,22.4912,42.5898
17256,22.3643,43.4365
17344,23.2119,43.9102
17432,23.0195,43.8564
17520,22.3252,42.4980
17608,22.3174,42.7393
17700,22.6699,43.2148
17792,22.6016,43.0820
17884,23.0381,64.8047
17976,22.5371,43.2793
18068,22.5264,43.7959
18160,22.0811,42.7676
18252,22.6758,43.2148
18344,24.8301,43.0840
18436,22.5654,43.1279
18532,22.2998,43.0576
18628,22.9600,43.3643
18724,22.6914,44.6182
18820,23.1299,44.6621
18916,22.7607,43.4912
19012,22.4688,42.9199
19108,23.5146,43.3232
19204,22.5801,43.3408
19304,22.4609,43.2627
19404,22.8916,44.1270
19504,22.6699,42.7891
19604,22.5068,43.1807
19704,22.5713,44.0674
19804,22.6680,43.9063
19904,22.2900,43.0635
20004,22.4443,43.5313
20108,22.9600,44.6152
20212,22.6709,43.7891
20316,22.2803,42.9014
20420,22.8232,44.2910
20524,22.9707,44.2412
20628,23.1445,44.4863
20732,22.4385,43.7236
20836,22.7422,43.7314
20944,22.4248,43.9512
21052,22.4697,44.3525
21160,22.6270,44.1934
21268,22.2246,44.2979
21376,22.3330,44.2500
21484,22.0137,44.1133
21592,22.7227,44.7939
21700,22.8740,44.0762
21812,22.5127,44.3926
21924,22.7207,44.6553
22036,22.5137,44.2227
22148,22.3262,43.8545
22260,22.4902,44.6934
22372,22.5098,44.0996
22484,22.3525,43.8037
22600,23.1240,45.5430
22716,22.4141,46.3086
22832,23.0166,44.3125
22948,22.9873,44.3779
23064,22.8535,44.8711
23180,22.8115,44.3477
23296,22.5361,43.7432
23416,22.8281,45.4609
23536,22.4434,44.3311
23656,23.2734,44.8037
23776,22.7695,45.4590
23896,22.7988,43.3066
24016,22.3662,44.9365
24140,22.9590,44.6094
24264,22.9707,45.0742
24388,22.7578,44.4766
24512,22.7578,44.3311
24636,22.8662,43.9795
24760,22.8594,45.4922
24884,24.8574,61.8877
25012,23.2910,44.9131
25140,22.8760,44.4873
25268,24.2832,44.3223
25396,22.8271,44.8643
25524,22.5332,44.0342
25652,23.0537,45.6133
25784,22.5547,45.6055
25916,22.5049,43.6436
26048,22.8799,44.9971
26180,23.1514,45.1377
26312,22.3896,45.0098
26444,23.0264,45.4502
26580,22.3574,45.1719
26716,23.3770,45.3018
26852,22.3506,45.3555
26988,22.4570,44.5117
27124,22.8447,45.8320
27260,22.7109,44.3760
27400,22.9424,45.4678
27540,23.3369,50.1123
27680,22.5674,45.8350
27820,22.2910,45.1436
27960,23.0195,46.6680
28100,22.8281,46.1758
28244,24.2256,44.6953
28388,22.9443,45.8320
28532,22.8652,46.0508
28676,23.1543,45.9111
28820,23.1553,45.4063
28968,22.6260,45.0713
29116,22.8428,45.4404
29264,22.6865,45.6689
29412,22.8291,46.2979
29560,23.3994,48.1240
29708,23.7871,44.9043
29860,22.8125,46.5527
30012,22.3896,45.3154
30164,22.1191,45.2744
30316,22.5186,45.4619
30468,23.1523,45.8984
30624,23.0156,46.6318
30780,23.4326,46.0215
30936,22.8984,46.0879
31092,23.1992,46.1025
31248,22.6602,45.5586
31408,22.9209,47.2793
31568,22.6963,46.0508
31728,23.3320,46.0596
31888,23.3037,46.4463
32048,22.7051,45.5498
32212,22.1152,45.0732
32376,23.0479,44.9717
32540,22.5654,45.5430
32704,22.7920,46.3408
32868,29.6035,45.4268
33036,29.7695,47.1826
33204,30.3652,47.1699
33372,29.3945,46.4775
33540,26.9736,47.0449
33708,25.8369,46.2578
33880,25.0293,45.4707
34052,25.8818,47.0420
34224,25.8633,47.4229
34396,25.1611,45.5869
34568,25.4883,45.9736
34744,25.2461,45.9346
34920,25.6074,46.4502
35096,25.7695,47.8037
35272,26.0244,48.0488
35452,25.3379,46.0498
35632,25.4941,46.3281
35812,25.5820,47.1191
35992,25.3037,46.6826
36172,25.1309,46.6875
36356,25.1309,46.2305
36540,25.5010,47.0234
36724,25.5352,46.9648
36908,27.5645,46.5820
37096,27.1621,47.7627
37284,27.5176,45.5508
37472,26.1885,45.5449
37660,26.8027,46.9570
37852,27.0684,47.0752
38044,26.6289,46.6973
38236,26.4268,47.3916
38428,26.2490,47.0186
38624,26.3857,46.5371
38820,26.6982,47.1553
39016,26.4922,46.1895
39212,25.9746,47.0400
39412,26.3428,46.0479
39612,26.7852,47.0127
39812,26.2021,46.1201
40012,26.3652,46.1172
40216,26.8467,53.5166
40420,26.4961,46.4160
40624,26.3643,47.1592
40828,26.5205,47.4424
41036,26.3242,47.7900
41244,26.1855,46.2744
41452,26.9619,47.3340
41660,26.7988,47.6299
41872,26.6660,47.9570
42084,26.7803,46.6201
42296,25.8965,46.8428
42508,26.6816,47.3848
42724,26.3398,47.1279
42940,26.6436,48.0254
43156,27.0020,47.6758
43372,26.1553,46.4570
43592,26.7979,78.6982
43812,26.0732,47.5908
44032,26.9287,49.9512
44256,26.6992,48.4063
44480,26.3750,47.4160
44704,25.6953,47.3027
44928,26.4883,47.4609
45156,25.7637,46.9746
45384,26.3945,51.6777
45612,26.3721,48.3242
45844,25.6143,47.0107
46076,27.3379,50.0254
46308,26.6406,48.1240
46540,26.6670,48.0029
46776,25.6875,47.2715
47012,26.1133,48.1709
47248,25.9482,47.4385
47488,26.1885,48.1025
47728,27.0879,48.6338
47968,27.3398,48.8086
48208,26.6426,47.8770
48452,26.5352,47.1260
48696,26.5508,48.5840
48940,26.4004,47.9883
49188,26.3096,47.5713
49436,25.9990,47.7959
49684,26.9424,48.5488
49936,25.8945,47.6611
50188,26.1865,48.1895
50440,26.4336,48.0479
50696,26.8125,48.2568
50952,26.3105,48.4629
51208,26.3750,48.6348
51468,26.4023,48.1133
51728,26.1660,49.0098
51988,26.4873,48.3564
52248,26.2109,49.6152
52512,26.2715,49.0850
52776,26.2842,48.7363
53040,26.4482,48.8438
53308,26.4385,49.5273
53576,26.5488,48.3467
53844,26.0508,48.5693
54116,26.9375,49.6641
54388,25.8076,47.6074
54660,26.5215,49.2646
54936,26.0781,48.2949
55212,27.0234,49.8682
55492,26.5625,48.8184
55772,25.9551,48.9463
56052,26.4092,49.0449
56336,26.3701,48.3213
56620,29.1357,49.4658
56904,26.3252,49.9932
57192,25.9033,49.0566
57480,26.2285,49.2480
57768,26.0859,53.7334
58060,25.7637,48.3193
58352,26.4277,49.7842
58644,26.2139,48.9355
58940,26.3535,49.1230
59236,26.6113,50.3896
59536,26.7822,50.1064
59836,26.9229,200.6660
60136,40.6563,50.0615
60440,26.8633,58.6650
60744,26.3662,56.7773
61048,26.2900,62.2510
61356,26.4639,50.3613
61664,26.8965,50.8125
61976,26.2979,50.5410
62288,27.3838,49.6875
62600,26.0127,49.2871
62916,25.5771,49.1592
63232,25.3135,48.8604
63552,25.9609,49.8242
63872,26.2686,49.1191
64192,27.0234,52.7285
64516,26.0361,49.2842
64840,25.6748,49.1611
65168,26.1406,49.5625
65496,26.1240,49.8545
65824,34.5664,51.1680
66156,33.4121,49.9707
66488,33.4111,50.6484
66824,31.6143,50.7607
67160,30.6748,50.9893
67496,30.3184,50.5586
67836,30.5791,49.9873
68176,30.0352,49.8877
68520,29.5957,49.8223
68864,30.1074,49.8760
69212,30.2744,49.7139
69560,30.3965,50.7891
69908,30.9434,51.6807
70260,30.6787,50.0811
70612,30.4063,50.8965
70968,29.9980,49.7119
71324,30.4434,50.5146
71684,29.8320,50.2031
72044,30.4346,50.7666
72408,31.0313,50.8643
72772,31.7852,51.8945
73136,30.4961,51.3447
73504,30.9668,52.7402
73872,29.6055,50.6104
74244,30.0654,51.0049
74616,29.9941,50.5049
74992,30.6201,51.0908
75368,30.1611,51.3740
75748,30.3535,50.7324
76128,30.3232,51.3848
76512,30.1426,51.1660
76896,29.6445,50.1436
77284,29.6748,50.5127
77672,30.1719,50.7324
78064,30.7373,53.4717
78456,29.9072,50.9932
78852,30.7100,52.0166
79248,30.1943,52.0215
79648,29.8369,51.0703
80048,30.2373,50.7148
80452,29.8486,50.3955
80856,30.0107,51.4316
81264,30.5801,52.2891
81672,30.3809,51.8135
82084,31.0020,52.2773
82496,31.4619,51.2764
82912,29.9297,50.0977
83328,30.8213,52.0938
83748,31.2881,52.6807
84168,30.6953,52.4092
84592,30.2803,51.1680
85016,31.0986,52.3262
85444,29.6426,51.5449
85872,30.6953,51.5645
86304,31.4326,51.5439
86736,30.1465,50.7871
87172,30.5439,51.0508
87608,30.7734,51.6797
88048,31.0137,51.1289
88492,31.2803,51.8213
88936,31.1729,52.7266
89384,30.7051,52.0430
89832,31.0313,58.4043
90284,32.6426,51.6240
90736,31.4619,52.1074
91192,31.2109,51.9355
91648,34.5107,53.5020
92108,32.4932,52.4697
92572,31.1279,53.5752
93036,30.4902,53.2744
93504,31.0576,52.4932
93972,30.4004,52.2197
94444,30.8750,52.6738
94920,30.3662,53.0850
95396,30.9121,53.4375
95876,29.8633,51.6885
96356,30.0928,51.6914
96840,29.7441,51.8408
97328,30.2227,52.3838
97816,29.8828,52.8252
98308,29.8564,52.6631
98800,30.3945,51.9727
99296,29.7012,52.0527
99796,31.1074,54.2607
100296,30.8760,53.7510
100800,30.5557,53.2402
101304,30.5879,53.0781
101812,30.5088,52.9150
102324,30.8506,53.9326
102836,30.5566,53.1064
103352,30.4287,53.4297
103872,31.0273,54.5996
104392,30.5625,54.4209
104916,32.0391,54.7871
105444,30.3281,52.7725
105972,30.1172,53.2568
106504,30.3193,53.1133
107040,30.6484,53.7090
107576,31.1152,54.0732
108116,30.3369,53.2813
108660,30.4043,54.2598
109204,30.9980,53.9375
109752,31.1807,53.5195
110304,31.0645,59.0752
110856,31.4834,54.0068
111412,31.7432,53.5938
111972,31.0107,53.4932
112532,30.7354,53.8135
113096,30.8828,53.2764
113664,30.3613,53.1260
114236,30.4141,52.4922
114808,31.3086,53.6445
115384,30.5586,53.5596
115964,31.0137,53.9131
116544,32.1250,54.7158
117128,30.5488,52.8135
117716,31.0039,54.6416
118308,31.5859,53.4209
118900,32.1016,55.0459
119496,31.3652,54.1660
120096,31.6260,54.0068
120700,30.6553,53.0742
121304,30.7070,53.7783
121912,31.3525,54.3154
122524,31.1758,53.8867
123140,31.8125,54.1523
123756,32.0859,54.4502
124376,31.4961,54.4229
125000,102.9170,56.4287
125628,32.9277,56.0488
126260,32.4287,54.1846
126892,32.4600,55.1035
127528,32.1152,53.8594
128168,38.7529,54.5518
128812,32.1514,54.2861
129460,33.3291,54.8652
130108,32.0938,54.4248
130760,32.3457,54.4365
131416,37.8184,55.2236
132076,34.7715,54.2998
132740,35.0020,54.5576
133404,36.5176,56.9980
134072,35.2217,55.0010
134744,34.9316,58.6318
135420,35.0840,53.0645
136100,35.5479,54.1885
136784,35.2783,54.9326
137468,35.5313,55.0557
138156,35.6982,56.4355
138848,34.6436,54.0059
139544,35.4131,54.7412
140244,35.8994,55.8320
140948,35.3164,55.3477
141656,35.2021,54.5547
142368,36.4355,55.5381
143080,35.5156,55.8467
143796,35.9824,55.4072
144516,40.0225,57.6826
145240,37.2637,57.0283
145968,35.9902,55.5547
146700,36.4561,56.3770
147436,37.4629,57.2139
148176,37.0039,56.2383
148920,36.6152,56.9961
149668,37.0479,56.7031
150420,36.2773,57.1035
151176,35.7363,55.6279
151932,36.1670,56.8955
152692,34.8896,54.3428
153456,36.0674,56.0039
154224,35.9805,56.2207
154996,36.0137,56.5762
155772,35.8682,56.9307
156552,36.4463,58.1045
157336,36.7979,57.8057
158124,37.0850,57.1045
158916,35.6475,55.7227
159712,35.2002,55.9629
160512,35.1396,54.9375
161316,37.9238,59.7637
162124,38.5547,55.2520
162936,34.9180,56.1621
163752,34.7451,55.5195
164572,35.9580,56.4707
165396,34.9580,56.1709
166224,34.9570,56.4834
167056,34.9414,55.8799
167892,35.2363,56.5430
168732,36.2920,56.5469
169576,35.7510,55.2588
170424,36.0625,55.9531
171280,36.2646,56.3535
172140,36.1543,56.5234
173004,36.0908,57.0596
173872,35.8916,56.0957
174744,38.8975,82.8652
175620,35.3184,55.1328
176500,35.2822,56.5283
177384,36.0254,56.7354
178272,36.5029,56.4590
179164,37.2910,57.2256
180060,37.1621,58.0664
180964,36.3291,56.4258
181872,36.3750,57.3447
182784,37.6670,58.8965
183700,37.0137,57.5928
184620,36.7646,56.8828
185544,36.1943,58.7803
186472,35.4932,57.6699
187408,35.7803,57.3809
188348,35.7002,57.3721
189292,36.5488,58.6318
190240,35.4004,58.1309
191192,36.1504,57.6445
192148,35.9619,58.0352
193112,35.5137,56.8828
194080,36.5771,66.8447
195052,37.2080,58.8330
196028,36.4434,58.4229
197012,36.8975,58.0479
198000,36.9766,58.0225
198992,36.1133,57.6650
199988,35.2188,56.3213
200988,35.0850,56.9551
201996,35.9326,57.1992
203008,36.0586,56.3486
204024,35.4805,56.2910
205048,36.1201,59.1094
206076,35.4834,58.7041
207108,37.2070,57.4639
208144,35.2549,57.6641
209188,35.7969,56.6309
210236,35.5713,56.8721
211288,36.2490,58.4238
212348,36.1709,58.3447
213412,35.1533,57.3809
214480,35.8096,58.2852
215556,35.2539,57.6201
216636,34.3018,57.1660
217720,37.0381,60.7998
218812,36.4297,57.4863
219908,36.8428,59.1465
221008,36.2529,57.8145
222116,36.2715,57.7324
223228,35.9844,58.4834
224348,37.2910,57.6602
225472,35.9219,58.0918
226600,36.1055,59.2813
227736,35.1836,57.1133
228876,36.0586,57.3467
230024,35.0996,57.4121
231176,35.8857,57.5371
232332,36.2188,58.1035
233496,35.1709,58.0342
234664,35.4268,57.8877
235840,36.2559,59.0635
237020,36.1455,59.0635
238208,35.1563,58.2617
239400,35.8555,59.6328
240600,35.4531,57.8760
241804,35.6201,109.8867
243016,36.0732,59.0664
244232,35.5293,58.6201
245456,34.7910,57.7236
246684,36.6895,60.9033
247920,42.4170,59.3760
249160,37.0039,58.9580
250408,35.2334,56.9854
251664,37.3154,61.1680
252924,36.1396,58.2275
254192,35.8389,59.2246
255464,35.7256,58.4395
256744,35.7246,58.3486
258028,35.8604,57.7227
259320,34.8145,57.1426
260620,35.9824,58.6563
261924,36.1914,58.1699
263236,39.0439,57.6123
264556,39.6006,63.3105
265880,39.6328,58.7695
267212,39.2510,58.9873
268552,39.8271,58.0762
269896,38.9600,58.8428
271248,38.4570,57.8193
272608,40.3691,60.3721
273972,41.9043,58.5947
275344,40.6924,59.5410
276724,40.1768,58.5244
278108,39.8604,58.3564
279500,40.6504,60.1064
280900,40.4941,59.7998
282308,40.4961,58.9121
283720,40.8857,60.6338
285140,40.2939,59.4824
286568,40.0107,59.2119
288004,39.7168,59.5391
289448,39.5830,58.6943
290896,40.2744,59.4707
292352,39.5557,60.5723
293816,40.6865,59.4727
295288,39.8701,59.3525
296768,39.7705,59.3887
298252,40.5186,60.9004
299744,41.3643,60.7832
301244,39.9854,60.1572
302752,40.5469,59.8809
304268,39.8975,59.2061
305792,42.9229,62.3018
307324,39.7979,60.0947
308864,39.9180,61.3398
310412,41.5068,60.8584
311968,39.1191,60.3350
313528,39.5342,61.0732
315096,38.8350,59.9697
316672,38.5225,59.5098
318256,39.4922,60.9043
319848,39.3633,96.1523
321448,50.3203,61.3994
323056,41.0645,61.4365
324672,39.5488,61.0107
326296,39.1074,60.2588
327928,38.9512,60.4014
329568,39.2568,59.5088
331216,40.2490,61.2607
332876,39.6592,60.0137
334544,40.9678,61.0938
336220,39.1182,59.3018
337904,39.2363,61.0645
339596,40.3330,61.8105
341296,40.5127,60.9805
343004,39.2910,60.7715
344720,39.1553,59.4746
346444,39.5742,60.6045
348180,39.8916,60.9980
349924,39.9541,61.2998
351676,39.5947,61.5127
353436,40.3301,61.5166
355204,60.9004,64.6504
356984,40.4131,60.2275
358772,41.8164,62.0811
360568,40.3516,60.2637
362372,40.3994,59.8838
364184,40.2793,61.0889
366008,40.1504,60.9219
367840,41.4600,60.7324
369680,40.2832,60.5986
371532,39.7891,60.8359
373392,40.2500,60.2451
375260,40.5479,61.0703
377140,39.8945,59.5273
379028,40.7334,62.1025
380924,40.6631,61.2656
382832,39.5752,61.2520
384748,40.7842,61.5684
386672,39.8047,60.5156
388608,41.3770,62.4053
390552,38.8105,61.0400
392508,38.7627,61.8271
394472,40.9736,63.4375
396448,39.0430,60.3535
398432,41.2402,65.0137
400428,38.7715,61.9971
402432,39.5605,63.1465
404448,38.3701,61.3389
406472,40.1895,62.0654
408508,37.9492,60.9922
410552,44.7715,62.9805
412608,40.0205,62.7559
414672,40.5186,63.0625
416748,40.4004,61.5215
418832,40.5732,62.9961
420928,40.0078,62.6348
423036,40.2949,63.0986
425152,39.2314,61.0469
427280,41.6543,63.2373
429420,41.0186,61.6660
431568,40.0625,62.1055
433728,117.1885,86.0664
435900,40.2334,61.3730
438080,40.3789,61.9111
440272,40.5752,63.1797
442476,39.8652,60.9189
444692,40.3730,62.9824
446916,40.2490,63.3594
449152,39.1797,62.2012
451400,39.6924,62.6904
453660,40.6445,63.7979
455932,40.0010,62.4092
458212,39.8438,62.2324
460504,39.3545,62.4180
462808,40.5244,64.7939
465124,42.2559,63.1680
467452,44.2344,63.1387
469792,39.6533,63.3730
472144,39.2910,63.4316
474508,43.6982,62.9580
476884,39.3291,62.1172
479272,39.6387,62.8018
481672,40.2256,65.5410
484084,39.3701,63.2764
486508,39.2529,62.2695
488944,40.1240,63.3750
491392,40.1729,64.3369
493852,40.2910,64.6914
496324,40.4111,64.0029
498808,40.6230,65.5078
501304,40.3633,65.0117
503812,40.0977,63.4346
506332,43.0020,64.2715
508864,41.4248,63.6416
511412,41.4912,64.0596
513972,41.4102,62.3916
516544,41.3096,63.1494
519128,41.5752,64.3535
521724,42.6572,64.9141
524336,52.2988,68.7119
526960,45.4336,68.8740
529596,44.8428,64.3096
532244,45.5029,63.1084
534908,45.0225,63.8213
537584,44.7930,63.4629
540272,45.0068,64.4141
542976,45.8115,64.9785
545692,44.1924,63.7471
548424,44.9160,64.8975
551168,43.6855,64.0664
553924,42.4805,63.3945
556696,42.3711,64.1035
559480,43.2773,64.5361
562280,43.3721,64.2148
565092,43.0977,65.0000
567920,43.6631,65.6104
570760,44.1377,64.7246
573616,45.3818,64.3662
576488,44.0283,66.0703
579372,50.1123,65.8818
582272,43.8838,64.9375
585184,45.2002,65.4990
588112,44.3389,65.0186
591056,45.1309,65.4453
594012,48.6211,65.4648
596984,44.2031,65.5205
599972,44.7539,65.9404
602972,43.8887,64.4482
605988,44.3916,65.1221
609020,44.4736,64.9775
612068,44.6475,65.1367
615132,43.8691,65.0703
618208,44.5615,65.9463
621300,44.7705,65.4131
624408,44.8359,66.5508
627532,44.4365,65.3154
630672,44.1631,64.3555
633828,44.4512,65.1074
637000,44.8906,65.1230
640188,45.5879,65.9326
643392,44.4707,68.7666
646612,45.6445,66.2617
649848,44.4951,66.0039
653100,44.9785,66.1553
656368,45.5195,66.1768
659652,44.0596,64.0527
662952,45.0947,65.3438
666268,54.5430,67.8730
669600,45.9170,67.9404
672948,45.7852,65.9648
676316,45.3643,66.0303
679700,47.6543,67.0361
683100,45.5068,65.6992
686516,45.9258,66.4639
689952,45.2529,66.7568
693404,44.8311,65.9863
696872,44.6885,65.8965
700360,45.6953,66.7188
703864,45.2031,66.6719
707384,45.5498,66.3330
710924,44.8936,65.0566
714480,44.4287,66.6523
718056,43.8770,65.3613
721648,131.5391,68.8535
725260,46.7275,70.5771
728888,45.7676,67.5186
732536,52.3252,66.4863
736200,44.0107,66.3682
739884,45.3467,68.2236
743584,47.8018,65.8330
747304,44.4844,67.5107
751044,45.2471,67.5850
754800,44.3623,67.5068
758576,43.7529,66.6084
762372,44.1768,67.9287
766184,46.7383,68.0488
770016,45.3711,68.5215
773868,46.2227,68.4883
777740,46.3799,67.6230
781632,45.6699,66.7822
785544,46.8037,68.6045
789472,44.4014,66.5615
793420,44.4707,67.5264
797388,44.5527,67.3408
801376,44.4287,65.6797
805384,45.1045,66.8516
809412,43.8633,67.0879
813460,44.4014,66.8447
817528,45.2031,68.7881
821616,45.2139,69.4746
825728,44.0791,67.5010
829860,44.4658,68.4258
834012,46.5957,74.2422
838184,48.4932,69.5361
842376,46.9863,68.6172
846588,47.5479,71.4219
850824,47.3203,68.6113
855080,47.2998,67.8633
859356,45.4658,66.2734
863656,47.0117,69.2773
867976,45.5400,68.6143
872316,46.8955,68.7695
876680,45.1943,72.4111
881064,46.1064,67.8652
885472,44.7305,67.1064
889900,45.3633,68.1670
894352,45.0039,71.4287
898824,47.0869,70.9727
903320,45.8291,68.9688
907840,45.8428,68.6475
912380,44.9512,66.8359
916944,45.2158,67.8896
921532,44.1416,68.9336
926140,46.5859,71.4521
930772,46.9160,71.5088
935428,44.2832,74.6172
940108,46.5469,71.7695
944812,48.7832,72.7314
949540,47.5547,70.1543
954288,47.0479,71.2139
959060,47.5586,71.5684
963856,47.3613,70.3887
968676,47.9805,70.7275
973520,48.2119,72.2969
978388,47.2529,70.2520
983280,46.8037,73.7188
988200,48.3486,68.6064
993144,46.8848,70.2070
998112,46.3447,70.0605
1003104,45.0986,67.7686
1008120,45.0352,68.0898
1013164,46.6836,69.1035
1018232,44.7832,68.9873
1023324,48.4570,71.7031
1028444,46.6611,70.8486
1033588,45.3340,69.4453
1038756,45.9395,69.6699
1043952,46.9551,78.1338
1049172,53.6309,75.5771
1054420,53.5566,70.4219
1059696,50.5195,71.4170
1064996,49.3945,71.9248
1070324,53.4512,70.1836
1075676,50.4678,70.2168
1081056,50.5342,71.2529
1086464,50.0352,69.7188
1091900,48.4326,68.2920
1097360,50.3623,70.5771
1102848,49.1602,71.0557
1108364,50.8691,71.7412
1113908,49.4131,70.9131
1119480,50.5518,71.1396
1125080,48.6191,69.3203
1130708,49.4678,69.7490
1136364,50.4072,72.6826
1142048,50.0225,71.7959
1147760,50.0635,73.5508
1153500,73.5361,72.7666
1159268,50.3340,72.6855
1165068,52.4834,74.1289
1170896,51.8711,72.3125
1176752,50.0879,72.0039
1182636,53.1602,72.8779
1188552,50.7676,72.7139
1194496,50.5225,73.1152
1200472,51.5381,74.1514
1206476,51.4297,73.5088
1212512,52.1680,73.6357
1218576,52.8857,71.6025
1224672,49.9473,70.4043
1230796,53.0020,77.9209
1236952,51.4697,73.9795
1243140,51.1602,72.7803
1249356,50.6367,74.1406
1255604,51.0732,73.1465
1261884,51.2617,73.8291
1268196,52.0664,74.6670
1274540,53.3418,74.2998
1280916,52.6436,74.0957
1287324,52.6211,80.7695
1293764,52.5566,74.1211
1300236,52.0576,74.4102
1306740,49.2266,71.6162
1313276,50.9512,73.3525
1319844,51.0020,73.9219
1326444,52.7148,74.1045
1333080,52.9014,76.6055
1339748,52.4590,74.6221
1346448,52.8760,76.4023
1353184,50.5439,73.9570
1359952,53.2217,75.6533
1366752,53.4453,75.8682
1373588,53.1621,74.9326
1380456,52.8037,74.7090
1387360,52.6123,75.1611
1394300,52.8682,74.8906
1401272,52.4395,74.2266
1408280,52.0840,73.4561
1415324,51.4229,73.4014
1422404,55.4043,78.6699
1429520,51.7510,72.7979
1436668,51.6279,80.9775
1443852,51.7686,73.4775
1451072,51.1660,75.0146
1458328,53.5029,75.9561
1465620,51.1113,74.5742
1472952,55.9648,75.0420
1480320,52.2354,74.3857
1487724,50.9834,73.8477
1495164,51.6279,75.0342
1502640,54.9307,75.1201
1510156,51.9102,75.6211
1517708,52.4463,75.2197
1525300,55.4561,82.7578
1532928,55.7578,78.5703
1540596,55.9648,77.3428
1548300,54.9844,78.3008
1556044,54.5693,76.8359
1563828,54.1816,77.2725
1571648,54.5273,77.9990
1579508,53.8574,76.8936
1587408,53.8203,77.2178
1595348,62.5635,78.5361
1603328,61.2539,78.6680
1611348,54.3691,77.5723
1619408,53.4541,78.3770
1627508,54.0283,76.5869
1635648,53.8906,77.8711
1643828,55.9551,79.3857
1652048,54.6689,77.2256
1660312,58.1846,77.8574
1668616,51.9268,78.1943
1676960,53.7129,78.7627
1685348,51.3320,76.3916
1693776,52.0537,77.8213
1702248,51.0645,75.5127
1710760,51.8105,77.0098
1719316,50.9717,79.7539
1727916,53.1963,77.4658
1736556,52.9561,78.3838
1745240,54.3857,78.7305
1753968,52.8145,77.2227
1762740,53.5020,78.5859
1771556,53.0605,77.5039
1780416,52.2979,78.6396
1789320,52.0068,77.0713
1798268,52.9980,78.3105
1807260,52.4463,78.8877
1816300,56.4375,81.3770
1825384,51.5107,77.4834
1834512,54.4121,78.9492
1843688,52.7422,78.6318
1852908,53.6211,106.8555
1862176,53.0322,80.1494
1871488,57.3926,78.9121
1880848,52.5762,86.8271
1890256,53.6074,78.8271
1899708,53.0752,79.0332
1909208,52.8936,78.5693
1918756,52.8516,77.9307
1928352,52.0059,77.4756
1937996,53.5176,78.2549
1947688,53.1865,78.8799
1957428,52.7510,79.6787
1967216,52.1689,79.3945
1977056,52.4756,82.7705
1986944,53.5361,79.9639
1996880,52.3896,80.3789
2006868,51.7246,77.9951
2016904,53.3057,81.1768
2026992,58.8633,80.9385
2037128,52.1494,79.1680
2047316,52.8750,80.5342
2057556,53.7803,79.7998
2067844,54.3652,81.4922
2078184,53.6875,80.5996
2088576,55.9600,82.7070
2099020,63.2822,85.1924
2109516,59.8477,82.7910
2120064,58.3770,80.4434
2130668,59.3789,82.1504
2141324,59.2266,85.5762
2152032,59.2275,81.6377
2162796,59.5205,81.4219
2173612,58.3984,81.1885
2184484,59.2520,82.2090
2195408,58.9443,82.1025
2206388,58.6631,82.0889
2217420,58.3037,82.6914
2228508,58.0557,80.3145
2239652,60.6689,84.7725
2250852,59.5098,82.0752
2262108,59.6982,88.6240
2273420,60.7295,83.5420
2284788,59.2676,79.9590
2296212,60.2227,86.1953
2307696,63.7256,87.9658
2319236,59.6348,81.9492
2330836,60.1387,84.1914
2342492,60.0879,82.8076
2354208,58.7207,81.5479
2365980,59.8721,81.9971
2377812,58.6484,82.6748
2389704,59.9180,85.4922
2401656,77.1650,84.8467
2413668,56.6592,84.2041
2425740,60.6689,81.4600
2437872,56.8906,89.7764
2450064,57.6680,81.5596
2462316,58.5869,85.7656
2474628,58.2705,83.0840
2487004,57.3008,80.7275
2499440,57.2227,81.4980
2511940,57.9834,82.8711
2524500,57.7607,82.2500
2537124,57.5244,81.9033
2549812,58.1768,81.7383
2562564,57.5879,84.1357
2575380,59.2754,84.0195
2588260,56.9326,81.4961
2601204,57.0059,82.0781
2614212,57.0273,81.7168
2627284,57.7266,81.1348
2640424,58.1836,92.8633
2653628,56.6768,80.4521
2666900,58.1006,81.9131
2680236,58.8652,83.1631
2693640,58.0547,83.5078
2707112,56.7783,81.8232
2720648,58.6162,83.7051
2734252,58.4072,81.9004
2747924,58.1230,82.9551
2761664,57.4229,83.5439
2775476,57.8213,84.5166
2789356,58.5498,83.6582
2803304,58.1904,89.0713
2817324,59.2012,85.7314
2831412,57.1768,82.8252
2845572,56.8643,82.8994
2859800,62.4238,84.3379
2874100,56.8867,82.6152
2888472,56.7715,83.9180
2902916,56.8291,83.0361
2917432,56.7637,81.5439
2932020,56.8242,82.7695
2946684,57.4932,83.8779
2961420,57.1885,83.6592
2976228,97.8193,88.3447
2991112,57.3438,84.6885
3006068,58.9639,86.5146
3021100,58.7080,90.9131
3036208,56.5381,83.6143
3051392,62.8770,84.3369
3066652,57.3115,87.3516
3081988,58.6221,84.8994
3097400,58.6455,84.5430
3112888,57.8789,83.8320
3128456,56.3584,82.7734
3144100,58.1289,84.5586
3159824,57.6680,85.0820
3175624,57.5225,85.4072
3191504,58.2871,85.2969
3207464,58.9551,87.3584
3223504,58.7236,85.0928
3239624,58.1650,83.7490
3255824,62.0361,85.0264
3272104,58.4395,84.6973
3288468,58.3135,85.5732
3304912,58.0459,86.6602
3321440,66.7861,89.0664
3338048,57.6143,85.6621
3354740,58.4443,85.8486
3371516,57.2842,85.4531
3388376,56.8545,85.3359
3405320,57.8809,85.0732
3422348,58.9434,86.0654
3439460,57.4512,85.3721
3456660,57.7656,84.4512
3473944,58.5381,93.1807
3491316,58.9609,86.5664
3508776,58.8682,87.3242
3526320,59.4502,92.2627
3543952,58.6152,86.4756
3561672,61.9844,85.5410
3579484,58.5537,84.8467
3597384,69.8984,94.2725
3615372,60.8398,89.6758
3633452,61.6396,90.0684
3651620,60.9531,89.4707
3669880,64.6211,91.8887
3688232,60.7686,88.7061
3706676,61.9053,90.4863
3725212,62.1270,95.5566
3743840,61.5166,89.8105
3762560,60.9355,90.1865
3781376,61.4795,92.2021
3800284,62.0332,90.9980
3819288,60.0645,91.9590
3838388,62.5684,124.4775
3857580,60.5020,89.2295
3876868,60.8555,89.2939
3896256,61.7969,89.8359
3915740,61.2207,89.8516
3935320,60.8428,90.4277
3955000,60.9609,90.6104
3974776,60.3545,92.2158
3994652,63.3311,93.7295
4014628,62.6348,91.7500
4034704,66.6436,92.7559
4054880,62.7178,93.1406
4075156,62.1729,92.2607
4095532,62.9072,96.1768
4116012,60.5439,90.0576
4136596,62.0771,91.6563
4157280,61.7539,92.1699
4178068,61.2686,90.2314
4198960,71.3672,96.5664
4219956,70.4346,90.7627
4241056,68.8145,92.2461
4262264,68.8066,97.4199
4283576,68.2900,102.4229
4304996,68.7764,93.8750
4326524,69.5967,94.2373
4348160,70.4404,93.0254
4369904,68.4258,92.7373
4391756,69.7930,92.5117
4413716,69.3623,93.8320
4435788,67.2705,92.1768
4457968,70.3379,94.5195
4480260,70.7188,95.9502
4502664,77.1787,94.7783
4525180,69.6504,98.1006
4547808,70.4248,94.3428
4570548,71.3984,94.6260
4593404,69.6826,91.7021
4616372,69.8135,94.3994
4639456,66.9961,133.1475
4662656,74.5781,94.9668
4685972,67.5967,92.5010
4709404,68.5713,92.0049
4732952,70.9092,93.0127
4756620,72.4961,95.2266
4780404,69.2695,94.2158
4804308,68.4590,144.0830
4828332,70.0762,93.7119
4852476,68.2393,95.1250
4876740,69.5391,94.2793
4901124,70.6699,97.2930
4925632,70.1416,102.4580
4950264,68.1367,94.1162
4975016,66.5811,94.9531
4999892,70.5898,96.0684
5024892,69.9678,95.1084
5050020,68.8418,95.2861
5075272,73.1436,94.5303
5100652,68.3652,94.7979
5126156,69.3145,94.0146
5151788,68.5918,95.6777
5177548,67.9570,95.4893
5203436,67.5059,93.5742
5229456,68.6670,96.0303
5255604,74.9521,94.8457
5281884,70.4863,97.5586
5308296,67.4258,96.5967
5334840,69.8428,96.9912
5361516,70.6846,98.1924
5388324,79.8994,96.7129
5415268,77.6006,95.8145
5442348,67.3057,95.8291
5469560,67.5332,94.3701
5496908,66.7539,94.7881
5524396,66.8096,92.7988
5552020,73.6934,100.3955
5579784,73.3086,98.2061
5607684,84.1582,96.5332
5635724,68.1611,96.9863
5663904,68.6904,93.1025
5692224,67.9189,96.9639
5720688,66.2871,120.9893
5749292,66.7275,93.1123
5778040,68.4053,95.9619
5806932,68.0225,94.9639
5835968,66.7949,94.7930
5865148,75.2031,97.1309
5894476,71.3691,97.7236
5923952,70.9102,104.1201
5953572,71.2832,96.7178
5983340,72.3828,98.9170
6013260,70.7969,95.5615
6043328,78.4961,97.8652
6073548,73.0625,99.3320
6103916,66.3975,96.7725
6134436,69.7734,99.1133
6165112,69.0996,99.6553
6195940,67.2471,96.5840
6226920,66.8096,95.6797
6258056,66.0947,97.2402
6289348,67.6143,97.7236
6320796,67.2988,97.9668
6352400,67.3721,98.5811
6384164,67.4922,98.0820
6416088,66.8447,97.5420
6448172,68.7568,99.0693
6480416,69.0898,99.7188
6512820,68.0020,98.9844
6545388,67.7852,106.0537
6578116,69.9072,98.4297
6611008,73.0020,100.3457
6644064,70.6729,101.4727
6677288,70.4473,100.5342
6710676,75.2080,104.6152
6744232,69.3740,99.4238
6777956,69.8447,100.9209
6811848,69.9414,98.5088
6845908,67.3770,97.1875
6880140,67.2578,97.5000
6914544,70.4180,99.1631
6949120,70.4229,98.9580
6983868,68.9141,98.1357
7018788,70.3193,99.5391
7053884,68.2461,97.8623
7089156,69.0518,98.3164
7124604,68.6641,99.4756
7160228,82.7803,98.4150
7196032,69.7227,97.7568
7232016,70.6611,97.5547
7268180,69.7100,96.7412
7304524,69.6250,101.4932
7341048,69.2822,99.8857
7377756,69.3105,99.4521
7414648,75.1572,98.8203
7451724,67.9883,99.2510
7488984,68.6455,96.9756
7526432,69.1016,99.6445
7564068,69.0947,99.2832
7601892,70.2949,116.3145
7639904,81.6768,102.2754
7678104,136.8926,104.6426
7716496,79.6982,114.9473
7755080,70.3125,101.3770
7793856,68.5791,99.0928
7832828,68.9658,101.3799
7871996,68.2871,98.5820
7911356,68.3193,99.8154
7950916,70.3408,103.0088
7990672,71.5186,101.7949
8030628,71.0322,101.9248
8070784,70.3652,100.7363
8111140,107.3525,103.8936
8151696,68.7861,100.5029
8192456,68.9385,101.1787
8233420,69.0332,100.4580
8274588,69.1846,101.2266
8315964,66.9131,99.2861
8357544,67.6650,99.3008
8399332,75.8086,101.4258
8441332,76.9912,103.1074
8483540,78.2695,101.8623
8525960,77.7080,100.2158
8568592,76.4365,100.3809
8611436,84.1055,102.6318
8654496,77.0410,117.1396
8697772,75.7969,99.9922
8741264,77.3604,101.9443
8784972,74.5283,97.2607
8828900,75.2822,98.7129
8873048,75.6768,98.4854
8917416,75.9746,98.8857
8962004,77.4209,99.2520
9006816,75.2305,101.8857
9051852,75.5957,97.9941
9097112,76.1934,100.6543
9142600,74.3184,100.7041
9188316,71.5742,97.7344
9234260,73.7568,99.4893
9280432,77.5010,101.1387
9326836,72.6240,98.7686
9373472,73.6670,98.8477
9420340,72.1143,99.3418
9467444,72.6875,100.4883
9514784,72.4980,99.8584
9562360,72.8789,99.9170
9610172,76.4658,99.5156
9658224,82.2461,99.7529
9706516,75.0156,110.3516
9755052,77.5967,103.3086
9803828,81.6348,100.6064
9852848,75.3779,98.2607
9902116,75.8057,99.1670
9951628,74.4258,99.5742
10001388,76.4502,99.3984
10051396,72.9902,100.3203
10101656,75.5146,100.7822
10152168,74.7451,101.7451
10202932,74.1787,99.6016
10253948,73.3652,99.5654
10305220,73.7207,101.2344
10356748,73.5811,100.2295
10408532,72.5186,104.6182
10460576,71.8711,99.0303
10512880,70.9404,99.7832
10565448,71.3887,98.2529
10618276,73.4990,100.5186
10671368,74.8232,102.7783
10724728,74.8193,102.8867
10778352,77.6006,105.4121
10832244,79.2070,104.2422
10886408,77.4336,103.1611
10940844,73.8555,102.5371
10995552,75.6885,104.2910
11050532,76.5049,105.0244
11105788,76.0371,105.4795
11161320,77.1641,104.4854
11217128,76.9336,104.4131
11273216,78.2646,102.3398
11329584,77.5566,103.0938
11386232,76.1006,100.9082
11443164,76.7803,102.8115
11500380,76.0273,105.9736
11557884,78.3301,101.7344
11615676,72.6074,100.6396
11673756,75.2334,104.3301
11732128,77.2744,101.9893
11790792,76.0566,113.8926
11849748,76.4941,103.9404
11909000,81.0879,103.0098
11968548,76.5840,104.3477
12028392,76.6563,105.8652
12088536,76.9229,103.6250
12148980,143.0830,125.0352
12209728,74.0361,101.1982
12270780,71.3047,99.5068
12332136,75.1445,113.9707
12393800,75.0645,103.0410
12455772,73.0381,107.6953
12518052,72.2881,101.2842
12580644,74.9063,100.8135
12643548,72.5977,100.9766
12706768,73.7041,103.0859
12770304,74.3271,127.1650
12834156,75.2979,104.4521
12898328,75.4434,104.3359
12962820,77.2344,104.2598
13027636,74.0361,103.4707
13092776,73.9414,108.3555
13158240,74.2100,105.0859
13224032,78.9160,101.7813
13290156,74.7432,103.1074
13356608,73.9258,105.5645
13423392,74.4639,103.6563
13490512,72.2119,102.6309
13557968,73.7969,101.4316
13625760,129.4590,103.3145
13693892,74.6055,103.4180
13762364,72.7324,101.3818
13831176,73.7900,102.6924
13900332,75.2705,105.4355
13969836,73.0137,108.1904
14039688,76.1240,103.5293
14109888,74.4170,103.3770
14180440,75.1240,103.9551
14251344,76.0078,104.7080
14322604,74.2256,102.3965
14394220,81.7627,114.4688
14466192,78.9893,104.7842
14538524,74.7715,104.7109
14611220,72.5488,107.0703
14684280,73.5000,108.1719
14757704,73.9512,107.5215
14831496,73.7490,102.9570
14905656,74.3799,103.5020
14980188,75.9590,105.7813
15055092,77.5635,109.5186
15130368,75.8389,107.2041
15206020,75.0322,107.0313
15282052,74.2139,110.0234
15358464,74.4541,107.6738
15435260,76.0674,105.5596
15512440,73.8135,107.9551
15590004,77.5049,103.3447
15667956,74.1865,169.1299
15746296,86.3779,119.8242
15825028,73.0771,104.1455
15904156,75.6240,105.2217
15983680,76.3672,106.6318
16063600,77.2373,108.4775
16143920,74.2344,107.1836
16224640,84.1475,107.1621
16305764,76.7500,119.1074
16387296,78.6797,108.8164
16469236,77.0146,111.5098
16551584,75.5293,108.6689
16634344,74.5156,109.2441
16717516,76.8232,109.2285
16801104,86.9375,110.0234
16885112,83.4775,105.9531
16969540,84.5127,114.9941
17054388,113.3633,112.5156
17139660,89.8906,116.4795
17225360,89.9297,109.5244
17311488,87.9961,108.6641
17398048,86.0859,111.0088
17485040,88.1162,124.9775
17572468,87.6230,113.6455
17660332,98.0020,115.9814
17748636,92.8535,109.8066
17837380,88.0283,110.2490
17926568,89.6221,114.4561
18016204,89.8467,113.1025
18106288,89.0088,113.6396
18196820,87.6963,114.8467
18287808,157.2188,137.2021
18379248,88.6699,109.8633
18471148,110.6201,110.8564
18563504,107.1084,109.7041
18656324,83.2725,108.5586
18749608,80.1094,108.5469
18843360,88.0498,109.1230
18937580,81.0752,107.5654
19032268,83.0283,109.5244
19127432,80.1172,107.4189
19223072,90.9248,108.0430
19319188,95.7842,114.1621
19415784,86.1807,110.4248
19512864,83.7578,109.8486
19610432,84.7139,110.0801
19708488,83.7949,109.2227
19807032,84.0977,108.1221
19906068,91.8057,109.9619
20005600,88.9922,106.1602
20105628,84.4375,121.2109
20206160,85.5273,154.0957
20307192,90.2402,115.2705
20408728,85.3350,110.5898
20510772,85.0928,108.3643
20613328,96.4893,124.6592
20716396,86.4590,127.2881
20819980,87.1289,108.9316
20924080,88.8652,111.4346
21028704,84.5469,112.2012
21133848,84.8125,111.9102
21239520,85.2119,114.5684
21345720,100.4785,111.0645
21452452,84.0830,109.4316
21559716,109.2109,112.9150
21667516,89.4268,110.9072
21775856,90.8418,114.0195
21884736,90.8877,121.2559
21994160,102.0693,118.6172
22104132,102.1182,113.3662
22214656,94.9697,113.1074
22325732,92.3477,117.4639
22437364,93.3076,115.7070
22549552,95.1367,114.9824
22662300,92.6943,117.6846
22775612,97.3652,114.8164
22889492,94.3994,114.9141
23003940,95.0879,130.2471
23118960,98.6787,121.6133
23234556,98.0225,119.5732
23350732,97.8223,117.0371
23467488,97.8818,122.7705
23584828,107.5635,120.1074
23702756,104.5830,126.3154
23821272,104.6602,124.2139
23940380,106.0898,125.3857
24060084,100.4990,126.4473
24180388,108.0156,126.9082
24301292,109.6338,124.1182
24422800,103.5020,125.1191
24544916,124.8135,123.9990
24667644,102.6680,122.1514
24790984,104.3984,124.6152
24914940,101.9580,133.6455
25039516,102.6436,131.4570
25164716,103.5576,129.8232
25290540,104.7334,124.4043
25416996,119.5898,122.5205
25544084,106.8906,194.3936
25671808,111.5527,124.3682
25800168,107.8486,128.2480
25929172,113.7246,138.7344
26058820,114.2510,149.5107
26189116,116.1025,135.0723
26320064,103.4385,125.9971
26451668,106.4063,144.4199
26583928,110.2881,136.7803
26716848,113.3779,132.6006
26850436,114.5596,134.5508
26984692,113.0771,146.9111
27119616,108.6855,131.6641
27255216,121.0264,136.1172
27391496,221.9121,164.3135
27528456,122.8525,145.3418
27666100,127.9756,157.8428
27804432,128.0840,152.2666
27943456,126.7129,148.1924
28083176,132.6055,158.5947
28223592,131.4990,145.2490
28364712,151.7793,154.7656
28506536,144.6631,155.6387
28649072,133.8809,265.1699
28792320,142.1816,165.5244
28936284,130.5928,158.2393
29080968,131.4883,186.8809
29226376,132.6064,154.9834
29372508,124.7334,152.3916
29519372,133.6797,181.9072
29666972,151.2217,162.6182
29815308,176.5371,180.8643
29964388,188.4072,216.5303
30114212,191.9365,177.0840
30264784,142.5381,333.5352
30416108,163.3906,173.5732
30568192,170.5381,178.0049
30721036,148.5469,168.0176
30874644,147.4561,173.7354
31029020,150.8633,167.2227
31184168,179.7539,168.0557
31340092,149.0098,169.0078
31496796,144.4619,167.0166
31654280,145.6660,171.4209
31812552,147.3330,164.8057
31971616,148.4131,169.2656
32131476,151.0352,167.2959
32292136,179.7783,176.5107
32453600,150.9883,176.4063
32615868,150.4512,173.4424
32778948,145.2832,173.2725
32942844,150.4277,170.6680
33107560,171.4971,177.8672
33273100,157.0117,166.5049
33439468,164.6270,176.2041
33606668,173.4355,170.5820
33774704,164.6553,171.9805
33943580,193.6201,211.6885
34113300,194.1943,203.8984
34283868,200.4521,186.0674
34455288,178.2031,180.6592
34627568,174.9414,189.0693
34800708,198.6934,183.4102
34974712,186.9424,179.1025
35149588,177.7100,177.1191
35325336,183.7764,213.7754
35501964,176.8750,177.5166
35679476,169.8467,176.2871
35857876,181.9375,184.8779
36037168,174.4590,181.9531
36217356,179.5850,175.3643
36398444,179.7344,180.8047
36580440,194.7324,183.0508
36763344,169.4297,197.0098
36947164,185.4648,188.8164
37131900,182.3242,180.6201
37317560,174.3896,186.4521
37504148,180.3652,210.6191
37691672,169.8252,184.1494
37880132,176.5117,181.8525
38069536,203.3965,179.9863
38259884,174.5127,179.5996
38451184,183.6240,188.9570
38643440,186.0479,191.4229
38836660,193.3223,186.3057
39030844,240.3486,183.8135
39226000,188.0137,190.2275
39422132,181.7422,182.7813
39619244,179.8701,184.4912
39817344,181.4590,187.1104
40016432,206.0420,193.1201
40216516,195.4912,186.2783
40417600,183.5342,194.1553
40619688,187.8818,199.9834
40822788,179.7871,206.5430
41026904,209.1279,190.6777
41232040,194.6426,206.7813
41438204,175.9131,185.1445
41645396,173.0703,187.1855
41853624,267.6807,188.5332
42062896,186.6768,192.5908
42273212,202.5947,198.4063
42484580,178.6162,181.0078
42697004,169.7471,183.6016
42910492,172.5381,189.5107
43125048,175.3184,188.8574
43340676,187.8896,185.8057
43557380,182.9023,185.7490
43775168,171.5771,195.3447
43994044,188.1689,193.2686
44214016,195.1563,199.0244
44435088,251.0703,197.3896
44657264,184.9219,211.3213
44880552,186.8076,201.8486
45104956,217.0498,187.0225
45330484,189.4492,263.6006
45557140,181.5488,187.3477
45784928,196.8613,198.2559
46013856,266.3281,199.9492
46243928,189.0391,198.0859
46475148,201.7461,190.4434
46707524,182.8438,183.9600
46941064,185.1182,216.4893
47175772,196.1787,199.7402
47411652,185.8584,207.0879
47648712,190.1123,203.2129
47886956,196.0068,200.5459
48126392,195.4180,208.3486
48367024,202.3105,200.8809
48608860,194.7334,202.9854
48851908,205.6611,216.5576
49096168,224.6152,207.9668
49341652,195.4805,221.3359
49588364,200.3916,213.4707
49836308,200.8174,214.5977
50085492,192.6221,211.5342
50335920,206.3643,209.9219
50587600,197.3193,284.8750
50840540,182.6699,202.6064
51094744,222.3486,215.0459
51350220,203.7451,205.6406
51606972,186.2344,209.4043
51865008,199.7275,212.8477
52124336,199.0732,217.7959
52384960,238.5205,226.1211
52646888,204.9961,215.7119
52910124,530.1592,224.8105
53174676,201.9678,219.6133
53440552,300.6738,216.5146
53707756,198.2305,215.6123
53976296,204.5459,215.1182
54246180,215.7930,213.4092
54517412,202.7275,220.7490
54790000,214.0098,214.4639
55063952,221.6533,236.0107
55339272,197.6904,215.4385
55615972,211.8818,212.1895
55894052,203.0000,219.4639
56173524,223.3770,220.1162
56454392,210.5693,218.4570
56736664,215.6631,224.2539
57020348,232.6338,222.0693
57305452,230.1934,242.6133
57591980,219.2158,223.2832
57879940,217.6006,223.8672
58169340,208.7148,226.3740
58460188,204.4346,226.6230
58752492,206.6426,232.7979
59046256,212.2305,230.8496
59341488,208.8330,251.7637
59638196,234.8193,271.6289
59936388,230.0420,227.2979
60236072,217.8438,217.3291
60537256,225.5313,236.3857
60839944,234.7168,244.4395
61144144,223.6025,240.6299
61449868,218.9375,232.4229
61757120,221.5215,249.6357
62065908,261.4082,269.7979
62376240,223.5801,237.3623
62688124,218.2754,234.5020
63001568,216.8408,235.7568
63316576,226.6719,249.0020
63633160,219.7217,230.3779
63951328,219.4414,249.6016
64271088,225.1143,231.5771
64592444,242.9590,235.6348
64915408,227.3750,254.0381
65239988,252.6660,248.8008
65566188,222.5146,245.5361
65894020,217.6064,252.2344
66223492,216.2314,239.9766
66554612,221.4727,231.4434
66887388,209.1523,280.6924
