4,1.0537,1.2793
8,1.7656,3.3887
12,2.2383,3.8525
16,2.2363,6.0205
20,2.7891,5.1104
24,2.7490,5.9258
28,2.8340,12.8867
32,2.7705,7.3369
36,3.2344,7.6689
40,3.2158,6.5205
44,3.2070,6.6719
48,3.2041,7.5332
52,3.2197,7.4883
56,3.2100,7.2188
60,3.2178,7.6660
64,3.2148,7.5576
68,3.6973,6.4824
72,3.7334,6.6309
76,3.7139,6.4805
80,3.7373,6.7207
84,3.7021,6.5898
88,3.7061,6.5693
92,3.7129,6.9375
96,3.6855,7.2881
100,3.7021,6.9248
104,3.7295,7.0361
108,3.6953,6.8906
112,3.7363,6.7500
116,3.7383,7.3311
120,3.6953,7.6143
124,3.7061,7.0146
128,3.7090,9.0684
132,4.2041,9.1113
136,4.2256,8.5322
140,4.2510,9.1553
144,4.2295,9.3184
148,4.2480,8.6123
152,4.2334,8.9912
156,4.2393,9.4131
160,4.2363,8.2021
164,4.2178,8.5576
168,4.2432,9.4824
172,4.2012,7.9531
176,4.2393,9.0742
180,4.2402,8.7031
184,4.2129,8.4131
188,4.2090,9.2988
192,4.2109,8.6484
196,4.2178,8.8232
200,4.2100,8.8086
204,4.2051,9.1582
208,4.2168,9.7773
212,4.2012,9.7139
216,4.2129,9.1318
220,4.2139,9.4238
224,4.2080,9.2529
228,4.1934,10.2881
232,4.2129,10.0889
236,4.2324,9.3115
240,4.2158,9.4424
244,4.2070,10.4248
248,4.2021,10.3027
252,4.2041,9.6299
256,4.2109,12.4766
260,4.8350,12.0654
264,4.8203,11.6064
268,4.8682,11.5986
272,4.8135,11.4160
276,4.8174,11.4023
280,4.8164,11.5195
284,4.8232,11.7246
288,4.8223,11.2139
292,4.8105,11.2314
296,4.8105,10.6807
300,4.8066,8.6309
304,4.8037,9.0400
308,4.8242,9.5156
312,4.8301,8.5479
316,4.8203,9.6982
320,4.8145,8.3125
324,4.8135,8.4023
328,4.8252,8.9609
332,4.8145,8.5098
336,4.8184,8.3174
340,4.8105,8.2588
344,4.8193,8.2783
348,4.8301,8.2734
352,4.8086,8.5732
356,4.8086,8.3125
360,4.8047,8.7236
364,4.8037,8.6777
368,4.8340,8.6025
372,4.8096,8.7461
376,4.8105,8.6367
380,4.8086,13.2979
384,4.8066,9.2363
388,4.8213,8.0703
392,4.8232,8.0596
396,4.8105,8.5430
400,4.8096,8.2188
404,4.8105,8.6680
408,4.8232,8.6748
412,4.8271,8.8389
416,4.8213,9.1074
420,4.7949,8.6865
424,4.8242,9.5381
428,4.8184,8.7783
432,4.8213,9.0967
436,4.7998,8.5146
440,4.7969,9.2334
444,4.8379,8.8896
448,4.8193,9.0859
452,4.8252,8.6016
456,4.8086,8.8213
460,4.8223,8.9043
464,4.8281,8.5625
468,4.8174,8.8291
472,4.8262,9.1240
476,4.8145,9.1797
480,4.8076,9.0850
484,4.8242,9.4248
488,4.8320,9.3770
492,4.8271,9.0215
496,4.8096,9.2119
500,4.8145,9.3438
504,4.8154,9.5820
508,4.8281,9.3691
512,4.8301,12.7402
516,6.3262,12.1621
520,6.0400,11.9463
524,6.0879,12.5449
528,5.9355,11.9229
532,5.8877,11.2861
536,5.8066,10.6172
540,5.8203,10.6309
544,5.7031,9.3506
548,5.8154,9.6982
552,5.6816,8.9111
556,5.8232,10.3496
560,5.9258,10.8271
564,5.7891,9.5264
568,5.8447,9.4746
572,5.7432,9.7764
576,5.7910,10.1475
580,5.8896,10.2754
584,5.7998,9.5283
588,5.7207,9.2119
592,5.8672,10.3389
596,5.7627,9.2900
600,5.7646,9.4141
604,5.7568,9.3369
608,5.8398,9.0625
612,5.9063,10.2988
616,5.8779,9.4619
620,5.7402,9.1797
624,5.8447,10.2148
628,5.7529,9.5410
632,5.8584,10.0723
636,5.8457,9.9580
640,5.8018,9.9033
644,5.8945,10.3809
648,5.7822,9.2080
652,5.9482,10.7285
656,5.6895,9.2393
660,5.7314,9.5908
664,5.7041,9.3027
668,5.8125,9.9746
672,5.8232,9.5469
676,5.7988,9.9365
680,5.7207,9.2822
684,5.8711,9.4922
688,5.7646,9.9258
692,5.8340,9.7852
696,5.7188,9.3242
700,5.7461,9.4824
704,5.7637,9.5332
708,5.7813,9.8467
712,5.7969,9.2539
716,5.8291,10.1533
720,5.8486,9.1689
724,5.8379,10.4170
728,5.8145,10.1162
732,5.8701,10.4092
736,5.8789,11.0107
740,5.9492,10.9648
744,5.8281,10.3213
748,5.8330,10.2988
752,5.7881,9.4805
756,5.8418,10.4424
760,5.7793,9.8789
764,5.8955,10.2773
768,5.7402,9.9121
772,5.7119,9.5244
776,5.7500,9.9219
780,5.8105,10.2393
784,5.8291,10.4473
788,5.7451,9.7871
792,5.7773,9.4756
796,5.7285,9.9590
800,5.8018,9.6807
804,5.9590,10.2705
812,5.8398,9.7930
820,5.8447,10.1943
828,5.7988,10.3076
836,5.7617,9.5938
844,5.8975,10.3506
852,5.6826,9.5068
860,5.8652,10.2754
868,5.7461,9.9473
876,5.7676,10.6670
884,5.7646,10.1982
892,5.7666,10.1484
900,5.7910,10.3145
908,5.7529,10.7090
916,5.7705,10.4609
924,5.8008,10.5771
932,5.7803,10.2227
940,5.8574,10.4658
948,5.7734,10.3496
956,5.7666,10.7510
964,5.8301,10.6133
972,5.8428,10.2734
980,5.8135,10.8330
988,5.8711,11.0898
996,5.8242,10.9043
1004,5.8125,10.5967
1012,5.8496,11.4131
1020,5.8262,10.3770
1028,7.5762,14.0664
1036,7.0420,12.5879
1044,7.3047,14.1182
1052,7.1797,13.7207
1060,7.1885,12.7900
1068,6.8818,11.4131
1076,6.8682,11.6797
1084,6.8574,11.1582
1092,6.9219,10.8418
1100,7.0703,11.6230
1108,6.7773,10.9814
1116,6.7480,10.5898
1124,7.0605,11.4795
1132,7.0020,11.3438
1140,7.1094,11.6650
1148,6.7646,11.1133
1156,6.8809,11.3193
1164,6.7637,11.2549
1172,6.8027,10.5039
1180,6.9854,11.3281
1188,6.7627,10.6436
1196,7.0127,11.4482
1204,6.9805,11.2949
1212,6.9521,11.6904
1220,6.9775,10.6309
1228,7.0498,11.5762
1236,7.0234,11.7070
1244,6.8682,10.7002
1252,6.9434,11.4131
1260,6.8193,11.0762
1268,6.9453,11.2500
1276,6.9873,10.9307
1284,7.0020,11.8193
1292,6.8281,11.4336
1300,7.0264,11.1006
1308,6.8770,11.2207
1316,6.9268,11.4248
1324,6.7744,10.8389
1332,6.7217,10.3428
1340,7.0498,11.4014
1348,6.8184,11.3594
1356,7.0313,11.2441
1364,7.1924,10.7734
1372,7.3252,11.5732
1380,7.1846,11.4551
1388,7.2559,11.4346
1396,6.8965,11.5371
1404,6.7734,10.6309
1412,6.9365,11.9092
1420,6.8281,11.3379
1428,6.7588,11.0771
1436,6.7178,10.9092
1444,6.8027,10.5898
1452,6.9160,11.3711
1460,7.0801,11.3115
1468,7.1279,11.1621
1476,6.7969,11.3516
1484,6.8496,10.8379
1492,6.9736,11.6553
1500,6.8555,10.8281
1508,7.5518,11.8027
1516,6.9209,10.3984
1524,7.4385,11.3311
1532,6.9883,11.0527
1540,6.9160,11.7158
1548,6.8984,11.1201
1556,7.1777,12.5811
1564,7.0361,10.6387
1572,6.8291,11.0684
1580,7.2588,11.2383
1588,6.7412,10.3467
1596,6.8936,11.0273
1604,6.9092,11.3584
1616,6.9170,11.7070
1628,6.9521,12.2100
1640,6.6094,10.3926
1652,6.9141,12.0771
1664,6.8330,11.5068
1676,6.9336,12.0059
1688,6.8936,11.8301
1700,6.8965,11.2686
1712,6.8828,11.5420
1724,6.7588,11.3066
1736,6.7773,11.5693
1748,6.8242,11.5586
1760,6.8291,11.4971
1772,6.7764,10.8066
1784,6.7139,18.4287
1796,7.1953,11.7607
1808,7.2070,11.4229
1820,7.1484,11.8223
1832,7.2090,11.6494
1844,7.0137,11.5303
1856,7.0059,11.6650
1868,6.8936,11.1133
1880,6.8125,11.4658
1892,6.8242,11.2334
1904,6.9385,11.8564
1916,6.7969,11.1963
1928,6.8779,11.3330
1940,6.9111,11.7979
1952,7.0703,12.0410
1964,6.9482,11.8584
1976,6.9414,11.2969
1988,6.9248,11.1943
2000,7.0225,11.9697
2012,6.9785,12.1084
2024,7.1191,11.6914
2036,6.7637,11.2295
2048,7.0684,14.7627
2060,8.3691,13.8604
2072,8.0313,12.7100
2084,8.3623,13.4922
2096,7.8193,12.8984
2108,8.0547,13.4336
2120,8.3203,14.2344
2132,8.0156,13.2256
2144,8.1377,13.6572
2156,8.1348,13.3926
2168,8.1299,13.4385
2180,8.5430,14.1758
2192,8.3086,13.5967
2204,7.9102,13.4736
2216,7.9248,13.0615
2228,7.9639,12.9932
2240,8.0391,14.0146
2252,8.1133,14.0713
2264,8.2119,13.7656
2276,8.0332,13.2383
2288,8.0127,13.2344
2300,7.9775,13.4648
2312,8.0283,13.3340
2324,7.9785,13.2480
2336,8.1543,14.4092
2348,8.2295,13.2324
2360,8.1299,13.6582
2372,7.9346,12.4678
2384,8.0381,13.4609
2396,8.3594,13.8223
2408,7.9844,13.0586
2424,8.3516,13.6953
2440,8.1719,13.1865
2456,8.2773,14.5215
2472,8.0918,13.3975
2488,7.9365,12.2988
2504,8.1172,13.2871
2520,8.4912,14.2256
2536,7.9238,12.7764
2552,8.0986,13.3789
2568,42.9023,13.8926
2584,8.0664,13.2227
2600,8.2959,14.2070
2616,8.1777,13.4795
2632,8.2979,13.4238
2648,7.7246,12.4209
2664,7.9102,12.5908
2680,7.9512,13.3203
2696,7.9551,12.8555
2712,7.9463,12.6436
2728,8.0684,13.0635
2744,7.8809,13.0576
2760,8.0732,13.5879
2776,8.2656,13.8223
2792,8.0342,13.1934
2808,8.2461,13.9072
2824,7.8672,12.2305
2840,7.9326,13.1211
2856,7.9512,12.6641
2872,8.1729,13.7959
2888,8.1162,13.5947
2904,8.2441,13.3359
2920,8.2871,13.1201
2936,7.9951,13.0420
2952,8.3965,13.4219
2968,8.1074,12.9014
2984,8.1582,12.9766
3000,8.0313,12.6016
3016,8.0215,13.3877
3032,8.0225,21.0566
3048,8.3311,13.6387
3064,8.1123,13.3652
3080,7.8994,12.9590
3096,8.0977,13.6953
3112,8.1553,14.0176
3128,8.4893,14.7842
3144,8.0566,13.8096
3160,8.0059,13.7373
3176,7.8408,13.3789
3192,8.2080,13.4814
3208,7.9766,12.9248
3228,8.4131,14.4004
3248,8.3477,13.6426
3268,7.9619,12.9219
3288,8.1250,13.3232
3308,8.0635,13.9678
3328,7.8643,13.0391
3348,8.4180,14.2773
3368,8.0225,13.7813
3388,8.2305,13.5146
3408,8.1445,13.0947
3428,8.1602,14.1797
3448,8.0068,13.6318
3468,8.2910,14.9531
3488,8.0420,13.3701
3508,7.8594,12.8936
3528,8.2080,13.7168
3548,8.0010,13.7246
3568,7.9590,12.9941
3588,8.1318,14.3506
3608,8.1406,14.1660
3628,8.2832,14.0430
3648,8.1094,13.9717
3668,8.3291,14.3096
3688,8.3320,14.6973
3708,8.0723,13.6885
3728,8.0303,13.4971
3748,8.0059,13.9570
3768,8.2979,14.6602
3788,8.1689,14.2539
3808,8.2627,14.6133
3828,8.1738,14.3867
3848,8.3115,14.1641
3868,7.7744,12.5762
3888,8.0674,14.0615
3908,8.2441,14.2852
3928,8.0264,14.7646
3948,8.0645,13.9834
3968,8.1328,13.4297
3988,8.1045,14.0879
4008,8.2217,14.5742
4032,8.1855,13.5742
4056,7.9150,13.1631
4080,8.0947,13.9063
4104,9.6934,16.7549
4128,9.5498,16.4219
4152,9.1934,15.8457
4176,9.2266,15.5293
4200,9.6348,15.3389
4224,8.9307,14.5537
4248,9.0166,14.6914
4272,9.2227,15.2471
4296,9.5703,16.7412
4320,9.1738,14.4473
4344,9.4268,16.2275
4368,9.3721,15.5811
4392,9.2549,15.5332
4416,9.3457,15.4453
4440,9.1943,15.0801
4464,9.0127,14.6162
4488,9.1328,14.6104
4512,9.3467,15.5146
4536,9.4600,15.5713
4560,9.0713,14.7256
4584,9.2490,14.8965
4608,9.3896,15.7861
4632,9.2969,15.4199
4656,9.1992,14.9668
4680,9.2529,15.0986
4704,9.7100,16.4004
4728,9.2061,15.2979
4752,9.5371,16.2158
4776,9.1855,14.9033
4800,9.4082,15.6436
4824,9.2979,15.6260
4852,9.3701,15.5410
4880,9.1143,14.7959
4908,8.8789,14.5234
4936,9.4951,16.6719
4964,9.0361,14.1592
4992,9.4736,15.2461
5020,9.1260,15.0469
5048,9.2275,15.9600
5076,9.3887,15.6084
5104,8.8584,14.0674
5132,9.1260,14.5645
5160,9.2695,14.8350
5188,9.4473,15.8848
5216,9.3701,15.8672
5244,9.2051,14.7139
5272,9.3555,15.2529
5300,9.2432,15.1787
5328,9.4180,14.8916
5356,9.1035,14.2568
5384,9.0254,14.3320
5412,8.8984,14.2578
5440,9.0967,14.5391
5468,9.3242,15.0820
5496,9.1582,13.8252
5524,9.2979,15.5205
5552,9.2148,15.0557
5580,9.0723,14.9287
5608,9.3242,15.4727
5640,9.2793,15.2783
5672,8.9863,14.2949
5704,9.3545,15.3057
5736,9.3330,15.8545
5768,9.2500,14.8711
5800,9.4268,15.3135
5832,9.0850,14.9404
5864,9.1934,15.3760
5896,9.2988,15.0762
5928,9.3721,15.5557
5960,9.2871,15.5811
5992,9.0088,28.1299
6024,9.4072,15.2188
6056,9.2188,15.5156
6088,9.3496,15.9209
6120,13.3174,15.6826
6152,9.6475,16.7832
6184,9.2813,15.3877
6216,9.4150,14.8330
6248,9.3945,15.2256
6280,9.4805,15.7480
6312,9.0850,14.6113
6344,9.3105,16.1055
6376,9.3711,15.4766
6408,9.4922,15.4756
6444,9.3232,14.6973
6480,9.3154,15.7178
6516,9.5889,16.7080
6552,9.2129,15.2500
6588,9.1143,14.0410
6624,9.3457,15.0537
6660,9.1738,14.8359
6696,9.6689,16.2207
6732,9.4219,15.3145
6768,9.5752,15.6787
6804,9.4600,15.4365
6840,9.1543,14.0967
6876,9.1377,14.4844
6912,9.3955,15.3379
6948,9.3760,14.7617
6984,9.1748,14.7207
7020,9.0684,14.4561
7056,9.3633,15.4590
7092,9.2354,15.1904
7128,9.2754,14.4014
7164,9.0742,14.1963
7200,9.2861,15.1406
7236,9.2832,15.1953
7276,9.2881,15.1465
7316,9.6826,15.6816
7356,9.2734,15.2949
7396,9.3291,15.4873
7436,9.3994,15.3799
7476,9.8076,16.4551
7516,9.3652,14.9961
7556,9.3311,15.6494
7596,9.2451,14.9932
7636,9.2285,15.1240
7676,8.9668,14.0469
7716,9.3271,15.1309
7756,9.4678,15.7813
7796,9.2930,15.3096
7836,8.9160,14.2959
7876,9.1445,14.6221
7916,9.0986,14.3301
7956,9.4980,15.9404
7996,9.1152,14.7930
8036,9.0596,14.4531
8080,9.2334,15.4131
8124,9.1318,14.4082
8168,9.2070,14.4307
8212,11.0264,16.6221
8256,10.9229,17.2207
8300,11.0977,17.6543
8344,10.8633,17.1348
8388,16.2217,16.6201
8432,11.1299,17.6641
8476,11.1006,17.6592
8520,11.2012,17.8955
8564,10.4297,16.2578
8608,11.1689,18.4375
8652,10.8145,16.8555
8696,11.0459,17.1660
8740,11.4346,18.7129
8784,10.6934,17.3105
8828,10.6094,16.4063
8876,10.8730,16.8799
8924,11.0518,18.0928
8972,10.7549,17.0557
9020,10.4463,16.0303
9068,11.0322,17.5986
9116,10.7764,61.4473
9164,10.8027,16.2832
9212,10.8057,16.5059
9260,11.1543,17.1689
9308,10.9219,17.0410
9356,10.9980,17.4678
9404,10.9609,16.8232
9452,16.2324,18.1885
9500,11.1602,17.0283
9548,10.7637,16.7949
9596,11.0156,17.0605
9644,10.8662,17.2861
9696,11.1953,17.9053
9748,10.6621,17.1494
9800,10.9775,18.0146
9852,10.5977,16.1426
9904,10.7061,16.9658
9956,10.5449,16.7881
10008,10.3311,16.4209
10060,10.1133,14.9922
10112,10.2773,16.0557
10164,10.3340,15.8789
10216,10.4023,16.1797
10268,10.6533,16.9795
10320,10.1035,14.9512
10372,10.2471,15.8242
10424,10.0371,14.9180
10480,10.5156,16.7598
10536,10.3408,16.0918
10592,10.6064,15.3936
10648,10.4707,16.5908
10704,10.2607,15.3770
10760,10.8115,17.1807
10816,10.1836,15.4570
10872,10.2920,16.1963
10928,10.3164,15.8037
10984,10.4834,16.4180
11040,10.3291,15.6289
11096,10.2656,15.7783
11152,10.3066,15.6504
11208,10.2578,15.3555
11268,9.7041,14.3857
11328,10.3135,16.3359
11388,10.5713,15.6768
11448,10.5352,15.5791
11508,10.3809,15.2969
11568,10.5205,16.6406
11628,10.2393,15.9434
11688,10.2559,16.3496
11748,10.3047,15.9023
11808,10.5752,16.2900
11868,10.8896,16.4473
11928,10.6943,16.2158
11988,10.4922,15.8828
12048,9.9785,14.9043
12112,10.1289,15.0313
12176,10.6719,17.1240
12240,82.9336,16.5010
12304,10.4453,16.6406
12368,10.5889,16.8115
12432,18.6025,15.5166
12496,10.3730,15.5322
12560,10.3232,15.4600
12624,10.5107,16.6992
12688,10.5498,17.0723
12752,10.5410,17.1172
12816,10.2725,59.2070
12884,10.4902,16.5400
12952,10.0967,15.3662
13020,10.1768,15.5801
13088,10.3457,16.4355
13156,10.5654,17.0000
13224,10.3633,16.0693
13292,10.3770,16.2080
13360,10.3408,16.3701
13428,10.6504,17.1230
13496,9.9229,15.5264
13564,9.8066,15.2129
13632,10.4854,17.1406
13704,10.4707,16.4053
13776,10.3564,17.1221
13848,10.3877,16.6826
13920,10.3506,16.9092
13992,10.5586,16.6895
14064,10.4854,16.4219
14136,10.4189,16.1670
14208,10.8369,17.3232
14280,10.6689,16.6768
14352,10.6543,16.4805
14424,11.0859,18.4277
14500,10.5078,15.6641
14576,16.5400,16.5068
14652,10.1895,15.2539
14728,10.0498,15.3760
14804,10.3184,16.1885
14880,10.3311,15.9658
14956,10.5186,17.0039
15032,10.5254,16.4326
15108,10.3516,15.9951
15184,10.2881,15.8252
15260,10.4277,16.8672
15340,10.1768,15.0752
15420,10.6650,16.6934
15500,10.5176,16.5313
15580,10.6230,16.8701
15660,10.6240,17.0049
15740,10.5596,16.0518
15820,10.3555,16.1377
15900,9.9365,15.2275
15980,10.9082,17.4775
16060,11.0186,17.4736
16144,10.6094,16.7598
16228,10.4541,16.0479
16312,10.7432,16.7109
16396,13.6377,20.1426
16480,12.7148,17.7852
16564,12.4404,17.7744
16648,12.9033,18.2188
16732,11.5811,16.7725
16816,11.4150,16.8145
16904,11.3223,16.2178
16992,11.1885,15.6426
17080,11.4961,16.5674
17168,11.6309,16.9199
17256,11.5547,16.5498
17344,11.5000,16.8076
17432,10.9688,15.5186
17520,11.4248,16.1309
17608,11.5625,16.8604
17700,11.0508,15.6582
17792,11.5996,17.2412
17884,11.2471,16.1807
17976,11.5439,16.8984
18068,11.6816,64.1865
18160,11.0361,15.7471
18252,11.7471,17.3066
18344,11.3418,16.6924
18436,11.2598,16.3477
18532,11.0625,21.1211
18628,11.5332,15.9678
18724,11.5703,16.5430
18820,11.6816,17.0430
18916,11.6289,16.5840
19012,11.5977,16.5400
19108,11.2314,15.9258
19204,11.5898,17.0459
19304,10.8008,15.3096
19404,11.2373,16.6504
19504,11.5391,16.7217
19604,11.3779,16.5576
19704,11.3975,16.0527
19804,11.5264,16.1719
19904,12.0010,17.2109
20004,11.5146,16.5186
20108,11.1543,15.8398
20212,11.2607,16.0566
20316,11.6348,16.3730
20420,11.4971,15.9473
20524,11.3799,15.9258
20628,11.3447,15.8975
20732,11.8721,17.4873
20836,11.6514,17.2471
20944,11.5479,52.7500
21052,11.5273,23.1504
21160,11.7598,17.7070
21268,11.8848,17.1201
21376,11.5166,16.9492
21484,11.2861,16.2617
21592,11.5078,16.9385
21700,11.2871,15.9063
21812,11.4980,16.7500
21924,11.3848,16.4150
22036,11.2217,16.1348
22148,11.1465,15.4834
22260,11.4902,17.2998
22372,11.1748,16.7188
22484,11.3506,16.4404
22600,11.5205,16.8701
22716,11.6006,17.0811
22832,11.2881,16.1230
22948,11.7070,17.7432
23064,11.1455,15.5947
23180,11.0928,16.4717
23296,11.4102,16.3525
23416,11.0859,15.6924
23536,11.6924,22.7314
23656,11.6816,16.7305
23776,11.9609,17.5537
23896,12.3184,18.0039
24016,11.2148,15.7852
24140,11.3271,16.4951
24264,11.6943,17.7266
24388,11.5625,16.5957
24512,11.3711,16.2793
24636,11.0928,15.5928
24760,11.5752,16.9502
24884,10.9189,15.7568
25012,11.1572,15.7393
25140,11.1797,16.3613
25268,11.4277,16.6211
25396,10.9746,15.8027
25524,11.4082,16.9150
25652,11.2393,16.0166
25784,11.4365,16.9639
25916,11.2090,16.5879
26048,11.4902,16.7314
26180,11.4609,16.6660
26312,11.4414,16.0967
26444,11.4414,16.7861
26580,11.4395,22.3047
26716,11.6074,16.5762
26852,11.2813,17.0596
26988,11.6270,17.6807
27124,11.2432,16.7207
27260,11.5117,17.4326
27400,11.2949,16.6836
27540,11.4111,16.9590
27680,10.8213,15.6758
27820,11.6338,17.7764
27960,11.2471,16.6123
28100,11.7549,17.5459
28244,11.2148,16.6289
28388,11.2393,16.9785
28532,11.1338,16.1406
28676,11.4492,17.2090
28820,11.3311,16.5938
28968,10.9980,15.6533
29116,11.4814,17.6816
29264,11.5898,17.4980
29412,11.3252,16.7793
29560,11.5205,17.2432
29708,11.4150,16.8379
29860,11.3740,17.2646
30012,16.1152,16.4658
30164,11.5205,17.1689
30316,11.0605,15.6807
30468,11.6045,17.1631
30624,11.0488,15.8486
30780,11.1719,16.0293
30936,11.4160,16.9385
31092,10.9170,15.6025
31248,11.2881,16.5039
31408,11.4248,16.3779
31568,11.2627,16.3496
31728,11.5938,17.2383
31888,11.2900,17.0615
32048,11.4883,17.1045
32212,11.0420,16.2539
32376,11.7939,18.6084
32540,11.5244,17.5508
32704,11.3545,17.2969
32868,12.7432,18.0625
33036,12.4063,17.1025
33204,12.7168,17.4482
33372,12.7354,17.4590
33540,12.6162,17.2490
33708,12.1230,23.3574
33880,12.9053,17.8232
34052,12.5537,17.3232
34224,12.1943,16.6221
34396,12.8203,17.7568
34568,12.6533,17.9102
34744,13.3467,18.9229
34920,12.3936,17.1689
35096,12.2383,16.9541
35272,12.8760,17.6934
35452,12.7607,17.5176
35632,12.9492,17.9238
35812,12.6123,17.0928
35992,12.9600,17.6309
36172,12.2783,17.2109
36356,12.7021,17.6172
36540,12.5918,17.2334
36724,12.4238,17.2090
36908,12.7363,18.0000
37096,12.1348,16.3115
37284,12.1074,16.9922
37472,12.6279,17.0859
37660,12.2656,16.8506
37852,13.0869,18.3340
38044,12.6328,17.3594
38236,12.4141,16.8701
38428,12.5654,17.6309
38624,12.8164,17.7627
38820,12.3730,16.9141
39016,12.3721,16.7109
39212,12.8926,18.1133
39412,12.3994,16.6357
39612,12.9629,17.9258
39812,13.0059,18.1426
40012,12.9795,18.3828
40216,12.6475,17.1738
40420,12.9473,18.2158
40624,12.8389,18.0420
40828,12.8027,18.4561
41036,12.4785,17.0547
41244,13.0977,17.1523
41452,12.5693,17.3281
41660,12.3008,16.8193
41872,12.3115,16.9238
42084,12.5918,17.3086
42296,13.2256,26.5098
42508,13.0303,18.8984
42724,12.5283,17.5254
42940,12.5400,17.4492
43156,12.1143,16.6885
43372,13.1611,19.0957
43592,12.0889,16.8066
43812,12.0479,16.4307
44032,12.4648,17.2676
44256,12.7090,17.9639
44480,12.4727,17.0527
44704,12.3379,16.8379
44928,12.9072,18.4033
45156,12.5928,17.2217
45384,12.6514,17.4404
45612,12.5625,17.2051
45844,12.4131,17.8252
46076,12.2559,17.1895
46308,12.5713,17.2783
46540,12.9092,19.0088
46776,12.8740,17.8467
47012,13.0029,17.6689
47248,12.7441,24.0928
47488,13.0547,17.8047
47728,12.7236,17.5400
47968,12.9502,17.6035
48208,12.9590,18.3936
48452,12.7188,17.7549
48696,13.1260,18.7686
48940,12.9922,18.2031
49188,12.2891,16.7334
49436,12.4414,17.5547
49684,12.7207,17.9678
49936,11.9434,16.3203
50188,12.4717,17.0820
50440,12.6426,18.2900
50696,12.5313,17.4307
50952,12.9980,18.5078
51208,12.3164,17.5586
51468,12.4727,17.2900
51728,12.5117,17.9131
51988,12.2705,17.3740
52248,12.5615,17.2910
52512,12.2041,17.0234
52776,12.6602,18.0146
53040,12.8633,19.0068
53308,12.3125,16.8193
53576,12.6113,18.2100
53844,12.7510,18.5771
54116,12.5645,18.2383
54388,12.6973,18.3789
54660,11.8018,16.2842
54936,12.6357,18.3271
55212,12.6592,18.1328
55492,12.9707,18.5674
55772,12.7949,18.1143
56052,12.5107,17.8311
56336,12.3828,17.7559
56620,12.4893,18.0723
56904,12.7813,18.9160
57192,12.6611,17.7988
57480,12.9961,19.0605
57768,13.1855,19.3457
58060,12.5459,18.0313
58352,12.5752,17.7842
58644,12.6123,17.7861
58940,13.1377,24.5586
59236,12.6123,18.3877
59536,12.6611,18.7285
59836,12.2529,17.5273
60136,12.6191,18.2324
60440,12.5986,18.3906
60744,12.8994,18.2373
61048,13.1240,19.3740
61356,13.0732,18.8320
61664,13.4463,20.3750
61976,12.6963,17.9834
62288,13.0996,18.9922
62600,12.8711,18.8613
62916,12.9854,18.7725
63232,12.7422,18.9014
63552,17.2754,19.6045
63872,12.7646,18.5977
64192,12.8350,19.0508
64516,12.6602,17.9248
64840,12.5586,18.2510
65168,12.8721,18.9346
65496,12.9385,24.8545
65824,15.0352,20.6660
66156,14.4941,19.5547
66488,14.7998,23.9434
66824,13.8516,19.2578
67160,14.6758,19.9580
67496,14.1045,19.0830
67836,14.7041,20.4063
68176,13.5859,17.9492
68520,14.1680,19.5283
68864,15.3125,21.0723
69212,14.4600,20.0859
69560,14.2959,19.6738
69908,14.9219,20.1504
70260,14.3828,19.6475
70612,13.7598,18.4258
70968,14.1025,18.8965
71324,14.2266,18.9824
71684,14.7275,20.8887
72044,14.0459,19.3594
72408,52.2139,19.7354
72772,14.5996,20.8311
73136,14.5645,19.8291
73504,14.3574,19.7314
73872,13.5635,18.2129
74244,14.4971,19.7676
74616,13.7822,18.8662
74992,14.5020,20.2324
75368,14.2305,19.8623
75748,14.0127,18.9170
76128,13.9375,19.2412
76512,14.1582,19.4434
76896,13.9414,18.8975
77284,13.9521,19.0586
77672,13.7041,18.2139
78064,13.5557,18.1543
78456,13.8223,18.7021
78852,13.6094,18.3838
79248,14.2607,19.1504
79648,13.4883,18.3760
80048,13.9746,19.3623
80452,14.1230,19.4922
80856,14.1816,18.9648
81264,14.0010,19.0371
81672,13.9375,18.6973
82084,13.4756,17.9854
82496,14.8857,20.7021
82912,13.9453,18.7676
83328,14.3311,19.9600
83748,14.2178,27.1172
84168,13.8799,18.8721
84592,14.1777,19.8008
85016,13.3428,17.5811
85444,14.1592,19.6318
85872,14.1211,19.1699
86304,13.8535,18.8799
86736,13.7734,18.3994
87172,13.2646,17.5830
87608,13.8848,18.4482
88048,13.9033,18.9092
88492,14.1357,19.5156
88936,14.2705,19.9160
89384,13.8867,19.0723
89832,13.2910,18.1211
90284,13.7529,19.0576
90736,13.4316,18.8369
91192,14.5391,20.4287
91648,13.8877,18.5166
92108,13.7988,19.3457
92572,14.2832,25.2617
93036,14.0469,19.4092
93504,13.7813,18.6514
93972,14.0977,20.2646
94444,14.5674,20.5596
94920,13.7637,18.9043
95396,13.6475,19.1885
95876,13.8320,19.6553
96356,14.2607,19.8760
96840,14.5752,20.6934
97328,14.1523,20.0967
97816,14.0117,19.1641
98308,14.6348,19.8379
98800,13.6875,18.1152
99296,14.2432,19.0898
99796,14.0801,19.9102
100296,13.8545,19.4004
100800,13.7539,19.0264
101304,14.7109,21.3213
101812,13.6465,18.9150
102324,14.0020,51.5342
102836,13.7607,18.9033
103352,14.5557,20.5830
103872,14.0088,18.8701
104392,14.4082,20.6504
104916,13.9199,18.7344
105444,13.7832,19.3867
105972,14.0537,19.1680
106504,14.4082,20.4385
107040,13.9414,19.1748
107576,14.1992,20.1904
108116,13.9316,19.2021
108660,14.1855,20.0205
109204,13.8926,19.3174
109752,13.7773,18.8350
110304,14.0957,19.6279
110856,14.4521,20.3594
111412,14.0898,19.5439
111972,13.5000,19.0576
112532,14.7129,33.3535
113096,13.9961,19.7227
113664,13.7559,18.8604
114236,13.8916,19.3584
114808,14.0664,19.4111
115384,14.1836,19.8115
115964,14.3086,20.3809
116544,14.1709,19.4600
117128,14.0254,19.7764
117716,14.3916,20.0293
118308,13.8877,19.1279
118900,13.8711,19.2236
119496,13.7725,19.6172
120096,13.6709,18.6875
120700,13.9893,19.0205
121304,13.6123,18.7090
121912,14.3740,20.2061
122524,13.6064,18.8057
123140,13.1777,18.0459
123756,14.1709,20.2119
124376,18.9502,19.9941
125000,13.6709,19.0400
125628,14.0156,20.7471
126260,14.3125,20.5635
126892,13.8428,19.3975
127528,13.6797,18.8398
128168,14.0762,19.8984
128812,14.6055,20.9023
129460,13.8330,19.7656
130108,13.5811,18.9365
130760,13.8799,19.5635
131416,16.9443,22.7686
132076,16.1875,21.2979
132740,17.1924,20.8789
133404,15.8555,20.9854
134072,15.6582,21.5947
134744,15.6924,20.4053
135420,15.1602,19.6699
136100,15.1865,19.9395
136784,20.0215,20.0947
137468,15.4063,20.5508
138156,15.3340,19.9775
138848,15.0625,20.0352
139544,15.7559,21.5811
140244,15.6416,20.1953
140948,14.7813,19.3643
141656,15.8115,21.6270
142368,16.1475,21.4844
143080,14.9980,18.6279
143796,15.7803,20.1191
144516,15.9365,20.9785
145240,15.3535,19.8008
145968,14.2725,17.0791
146700,16.2852,21.9346
147436,16.1553,21.3320
148176,15.8857,20.6943
148920,15.3379,26.6143
149668,16.2041,20.3193
150420,15.8057,20.8516
151176,15.5381,19.9609
151932,15.3652,20.6172
152692,15.8555,22.4932
153456,15.9189,21.5537
154224,14.7041,18.9775
154996,15.8262,21.0723
155772,15.4629,20.5742
156552,14.9971,20.6074
157336,14.9951,19.6240
158124,15.3867,20.0566
158916,15.2490,20.2949
159712,15.2998,19.5156
160512,15.7139,20.7617
161316,15.7480,20.0391
162124,15.4717,20.7568
162936,15.4727,27.0957
163752,15.4668,20.9180
164572,15.8223,21.1025
165396,15.0410,20.4219
166224,16.0303,21.9277
167056,15.4990,20.6807
167892,15.2529,20.8398
168732,15.0498,20.0430
169576,14.7285,19.7568
170424,18.7217,21.5352
171280,15.6553,21.5107
172140,15.2500,19.8145
173004,15.6484,21.3818
173872,15.4600,20.7490
174744,15.3633,20.2129
175620,15.3125,19.5654
176500,15.3320,20.0352
177384,16.1504,21.5059
178272,14.9883,20.2236
179164,15.5996,20.6934
180060,15.7910,20.8994
180964,15.4717,20.1943
181872,15.6563,21.3555
182784,15.2422,19.9160
183700,15.8223,20.1846
184620,16.2988,21.2852
185544,15.5596,21.0908
186472,16.0342,20.8770
187408,15.7646,20.2852
188348,15.4883,20.4131
189292,15.4482,20.0918
190240,15.7695,21.3965
191192,15.4502,20.8447
192148,16.6592,23.5410
193112,15.1709,19.7676
194080,15.0059,19.9277
195052,15.4580,20.6855
196028,14.7930,20.2910
197012,15.3389,20.3916
198000,15.6572,20.5879
198992,14.9502,20.1807
199988,15.1279,20.5625
200988,16.2051,21.5518
201996,14.7930,19.6777
203008,15.9639,21.6660
204024,16.2012,22.0322
205048,16.2002,22.4072
206076,15.4199,21.0469
207108,15.9766,21.3428
208144,15.9111,21.7041
209188,15.5234,20.9629
210236,15.8125,21.4688
211288,16.4658,23.2246
212348,15.7930,21.2412
213412,16.2969,22.6504
214480,15.3262,21.0049
215556,16.2617,22.2031
216636,15.4844,21.3213
217720,15.3535,20.8066
218812,15.5605,20.9961
219908,15.2266,20.8867
221008,15.8691,21.8389
222116,15.5762,21.7959
223228,15.4082,20.9443
224348,20.8564,21.2061
225472,15.4824,21.2920
226600,14.9912,20.8682
227736,14.8545,19.5615
228876,15.1338,20.7568
230024,15.5342,21.5508
231176,15.3350,19.9551
232332,15.5518,21.2119
233496,15.6729,21.6602
234664,15.7822,22.1543
235840,15.8809,21.7334
237020,15.8096,22.1084
238208,15.9102,21.6211
239400,15.0918,20.9531
240600,15.0781,19.3760
241804,15.2158,20.4541
243016,15.6182,23.1230
244232,15.6494,21.0156
245456,15.9082,21.8379
246684,16.1836,22.0557
247920,15.8906,22.0781
249160,15.1289,19.9775
250408,14.5137,19.7607
251664,16.0557,21.6504
252924,15.2422,21.1543
254192,16.0908,22.7842
255464,15.5752,21.5342
256744,15.2207,21.4375
258028,15.6504,21.1240
259320,15.7266,21.7256
260620,15.8340,21.6621
261924,16.5244,21.9355
263236,17.1523,23.0244
264556,22.3789,21.8135
265880,16.7451,21.1045
267212,17.7236,22.3281
268552,18.0107,23.3779
269896,17.7129,23.0586
271248,18.0225,23.3428
272608,17.5713,22.4336
273972,17.9014,23.8770
275344,16.6387,22.2930
276724,16.9814,22.8613
278108,18.1143,24.3984
279500,17.3438,22.4336
280900,16.4541,21.5088
282308,16.8379,22.6377
283720,17.1455,22.4541
285140,16.3271,110.9072
286568,40.2832,70.4014
288004,16.9844,22.8594
289448,16.2256,21.7432
290896,17.3613,23.4307
292352,15.7695,21.0225
293816,16.3086,20.9551
295288,16.3770,21.1436
296768,16.7939,22.1494
298252,16.1592,21.7432
299744,17.1143,22.1104
301244,16.1152,20.6436
302752,15.5166,20.1396
304268,16.5342,21.8926
305792,17.0391,22.8662
307324,16.5654,21.5840
308864,16.0439,20.5762
310412,17.1836,21.8076
311968,16.3555,20.9512
313528,16.2754,20.9434
315096,16.8584,21.6133
316672,17.0371,21.7148
318256,17.3896,21.9404
319848,17.0342,21.9258
321448,15.5898,20.0322
323056,15.8799,20.3486
324672,16.6270,21.6211
326296,17.2275,23.1299
327928,16.3809,21.1621
329568,16.7451,21.9131
331216,20.7842,20.3516
332876,16.6016,22.0586
334544,17.7363,23.3320
336220,16.9717,21.9834
337904,16.2158,20.4658
339596,16.9707,22.4219
341296,16.1250,20.9727
343004,16.0752,20.7881
344720,16.6377,22.2354
346444,16.6094,21.8760
348180,16.4951,20.9736
349924,15.9268,20.7773
351676,15.5928,20.2246
353436,16.5732,22.6885
355204,16.8105,22.4385
356984,17.1094,22.7598
358772,17.6621,21.7627
360568,16.2314,20.8682
362372,16.3916,21.2188
364184,16.2520,21.5244
366008,16.5410,21.5215
367840,16.5859,22.2148
369680,17.6084,23.8135
371532,17.1357,22.1807
373392,16.4717,21.8604
375260,16.4912,22.1621
377140,16.2422,21.4912
379028,19.7803,21.8740
380924,16.7852,21.9326
382832,16.3545,21.2246
384748,15.3154,19.9805
386672,16.6709,59.3857
388608,16.8975,21.6240
390552,16.6475,21.7715
392508,15.8154,19.9639
394472,16.4502,21.8838
396448,17.2100,22.6318
398432,16.4609,22.0576
400428,16.9600,22.2813
402432,16.7627,21.8867
404448,15.8340,20.6709
406472,16.1211,21.3936
408508,16.6729,21.3848
410552,16.9805,22.0684
412608,16.4375,21.3369
414672,15.8311,20.6650
416748,16.7236,23.2549
418832,16.3984,21.3652
420928,17.1445,22.7627
423036,16.2109,21.4453
425152,16.6777,23.4668
427280,16.4189,21.9570
429420,17.7695,24.5625
431568,16.9824,22.1377
433728,16.4697,22.6133
435900,17.7549,24.1162
438080,17.3965,23.6152
440272,17.2881,23.0625
442476,16.7695,23.0996
444692,16.2109,21.2002
446916,16.7227,23.0400
449152,16.3799,22.0508
451400,16.6543,21.9326
453660,17.1484,22.9756
455932,17.1211,23.1973
458212,17.6572,22.7920
460504,16.9434,23.0547
462808,16.7451,22.8369
465124,16.9063,22.7695
467452,15.8682,20.5117
469792,16.2813,21.9814
472144,17.3145,22.7393
474508,18.2402,22.9307
476884,16.8184,22.4082
479272,16.7480,21.9551
481672,16.6230,21.9229
484084,16.8721,22.5146
486508,17.5293,22.6631
488944,16.5352,22.4736
491392,17.2891,22.7012
493852,16.6309,21.8516
496324,16.8682,22.0439
498808,16.4561,22.5830
501304,17.3086,23.6006
503812,17.5518,21.2451
506332,16.5176,22.3721
508864,16.8809,22.4600
511412,16.7275,22.5889
513972,16.6777,22.1299
516544,22.5928,21.9951
519128,16.6367,22.0439
521724,16.2021,21.4844
524336,18.6387,24.9980
526960,17.7285,23.1475
529596,16.9424,21.4590
532244,18.5410,23.8164
534908,17.2676,22.0967
537584,18.5479,24.5010
540272,18.8242,22.5674
542976,18.4043,22.7090
545692,18.4170,23.5752
548424,18.1758,23.4336
551168,18.7959,24.5371
553924,18.6133,23.6777
556696,18.2930,23.0566
559480,17.8486,22.3428
562280,18.0742,22.8857
565092,17.5029,22.6758
567920,17.2158,21.3652
570760,18.3164,24.8438
573616,17.7002,23.3105
576488,19.6377,23.6934
579372,26.8262,25.4902
582272,18.4863,23.8643
585184,17.1533,21.5928
588112,17.0977,21.3701
591056,19.1211,24.6865
594012,17.6377,22.4414
596984,17.9766,22.2988
599972,18.5225,23.4648
602972,17.0527,21.9111
605988,17.2822,21.9492
609020,18.2441,23.4336
612068,18.6367,24.4014
615132,19.0869,24.4443
618208,17.7773,23.0879
621300,17.4883,22.4932
624408,17.7910,23.0156
627532,17.8906,23.1045
630672,18.3125,24.0400
633828,18.2285,23.6289
637000,18.0781,22.5098
640188,18.1133,23.3086
643392,17.1494,21.3896
646612,17.1709,21.7754
649848,18.3672,24.0908
653100,18.9658,23.7852
656368,18.2197,23.5107
659652,18.0645,22.7559
662952,17.7393,24.0576
666268,18.5527,23.9863
669600,18.8154,23.7764
672948,19.1035,24.2793
676316,17.8379,23.4629
679700,18.7266,23.9463
683100,18.2227,23.6289
686516,17.5645,21.6357
689952,17.7139,22.9111
693404,18.6553,24.2852
696872,17.3418,21.9609
700360,18.6328,24.1621
703864,18.1748,23.6563
707384,18.2256,23.3203
710924,18.3154,22.7373
714480,18.4238,24.0508
718056,18.0801,23.8535
721648,18.6641,24.0869
725260,18.2354,24.0361
728888,17.4570,22.2793
732536,17.5117,22.2490
736200,18.6084,24.8379
739884,19.3252,24.1963
743584,18.7813,24.2852
747304,27.4209,24.9834
751044,17.7998,22.1045
754800,18.9502,25.4355
758576,17.7188,23.0420
762372,17.8232,22.7070
766184,18.4482,25.3408
770016,18.4512,24.1953
773868,18.9932,24.6631
777740,18.1660,23.0713
781632,19.2432,25.3271
785544,18.0625,23.8311
789472,18.1738,23.0020
793420,18.7295,24.8154
797388,17.7588,23.5723
801376,17.8271,22.8965
805384,18.2988,24.3730
809412,17.7988,23.1709
813460,17.2090,22.8623
817528,18.6123,24.2559
821616,17.6348,22.4609
825728,19.2695,25.9570
829860,18.7324,25.3262
834012,19.2910,35.4385
838184,19.0996,24.2393
842376,19.7266,26.1494
846588,18.9834,24.8330
850824,18.8486,24.8604
855080,18.2344,23.4990
859356,19.0264,25.2559
863656,18.4443,23.8477
867976,17.9365,23.4844
872316,18.7285,24.3867
876680,18.0547,23.8379
881064,19.0205,24.7051
885472,18.7510,23.9258
889900,19.3516,25.5430
894352,18.4209,24.3516
898824,18.5537,24.0459
903320,18.3721,25.1836
907840,19.9287,27.0225
912380,19.0820,25.3086
916944,18.0918,23.3789
921532,18.4316,23.9736
926140,18.6865,24.3408
930772,18.3086,30.2891
935428,18.2588,23.0234
940108,18.1768,23.0322
944812,18.1270,22.6611
949540,17.5645,22.3359
954288,18.9424,24.5996
959060,18.2051,24.1055
963856,17.5596,22.6768
968676,18.3184,23.4287
973520,18.3379,23.4961
978388,18.8877,24.6436
983280,17.9102,23.1719
988200,18.9443,97.1387
993144,19.8125,26.9854
998112,20.4736,25.6162
1003104,18.4971,24.2021
1008120,18.5605,24.6855
1013164,18.5811,24.6182
1018232,18.6367,24.0967
1023324,17.6133,22.8242
1028444,19.1602,25.0518
1033588,19.0078,25.9453
1038756,19.1318,25.1680
1043952,20.0713,26.2666
1049172,20.6436,27.5713
1054420,23.0898,26.1133
1059696,19.4775,24.7051
1064996,18.7119,23.1826
1070324,23.5479,26.2080
1075676,19.8076,33.8320
1081056,19.7656,25.3418
1086464,20.6953,26.2285
1091900,20.3594,25.3643
1097360,19.6719,23.9678
1102848,20.0928,24.4688
1108364,19.3076,23.2891
1113908,19.2900,24.2939
1119480,20.2773,25.5654
1125080,19.7881,24.3857
1130708,20.6406,26.0498
1136364,27.3311,24.8623
1142048,19.1445,23.8467
1147760,20.0352,26.0859
1153500,20.3740,25.1826
1159268,20.8154,26.8496
1165068,20.4668,24.6475
1170896,20.7695,26.0645
1176752,20.5049,26.6094
1182636,20.7793,26.4434
1188552,20.4521,26.0693
1194496,31.6104,27.3320
1200472,20.4385,26.2090
1206476,19.4512,24.6445
1212512,19.1709,24.5469
1218576,20.9531,26.2168
1224672,20.3877,25.0527
1230796,20.9678,26.3008
1236952,19.3447,23.9512
1243140,19.8623,25.4453
1249356,21.5557,27.6152
1255604,20.1455,25.4688
1261884,20.8467,26.9473
1268196,21.6904,29.1162
1274540,21.2412,27.3203
1280916,21.3525,37.0811
1287324,23.0527,25.6582
1293764,20.9648,26.1455
1300236,21.0195,26.1738
1306740,21.1270,26.1113
1313276,20.7637,25.6064
1319844,20.1729,24.5859
1326444,20.4951,25.6572
1333080,21.3955,26.8711
1339748,22.3740,28.2646
1346448,20.3682,25.7979
1353184,21.2080,27.1670
1359952,21.1885,26.8711
1366752,22.0801,27.1035
1373588,21.0625,25.8271
1380456,20.8721,26.1484
1387360,20.6826,26.0098
1394300,21.1484,26.4082
1401272,21.0762,31.3711
1408280,21.5645,27.4160
1415324,20.9854,26.5820
1422404,24.5264,27.0391
1429520,21.8545,27.1484
1436668,21.4727,53.9824
1443852,21.8271,29.1768
1451072,21.0605,27.0068
1458328,21.2002,26.6660
1465620,22.1045,27.8906
1472952,22.3232,28.0674
1480320,22.1670,28.3281
1487724,21.3867,26.9502
1495164,20.0381,26.3281
1502640,22.0713,28.2842
1510156,20.9629,26.3193
1517708,20.8203,25.6113
1525300,22.3096,28.2480
1532928,21.8779,27.3291
1540596,21.1982,27.6660
1548300,21.1328,25.3789
1556044,21.3174,26.4814
1563828,21.2998,26.8018
1571648,21.3564,27.7842
1579508,21.2305,26.9551
1587408,21.8398,27.6670
1595348,21.7266,27.9590
1603328,27.3418,28.3047
1611348,21.5986,27.7832
1619408,22.6611,29.9238
1627508,20.4678,25.6680
1635648,21.2578,27.5049
1643828,21.1602,27.1650
1652048,19.9375,25.5313
1660312,22.0742,27.9443
1668616,21.3809,28.3623
1676960,21.9961,27.7588
1685348,20.9014,26.8965
1693776,20.8066,26.5811
1702248,20.8164,26.1992
1710760,21.7979,27.1631
1719316,20.9199,27.2627
1727916,20.4287,26.3174
1736556,21.5098,27.3506
1745240,20.8125,25.6611
1753968,19.8096,24.9385
1762740,21.5977,28.6689
1771556,20.4805,25.6191
1780416,20.1387,25.1094
1789320,21.7158,26.8770
1798268,21.2217,27.8506
1807260,20.8525,26.9307
1816300,20.6396,26.1064
1825384,23.4043,28.5400
1834512,20.6719,25.9844
1843688,19.6074,25.0791
1852908,21.2324,27.5732
1862176,20.2148,25.5381
1871488,21.3047,27.6719
1880848,21.8936,27.8467
1890256,22.7334,29.2090
1899708,22.0557,26.5674
1909208,21.4902,26.6416
1918756,21.9453,27.6709
1928352,28.5254,29.5205
1937996,22.3516,29.4805
1947688,22.6592,29.3027
1957428,22.0615,27.2285
1967216,20.7666,26.6670
1977056,20.6025,26.1348
1986944,22.1621,30.3770
1996880,26.0840,29.3838
2006868,23.0762,29.5244
2016904,21.4443,27.3213
2026992,22.0088,27.6074
2037128,23.1143,29.4658
2047316,20.8203,26.8984
2057556,22.2871,27.4063
2067844,21.9180,28.0420
2078184,22.1211,27.5078
2088576,23.0967,29.7617
2099020,24.8379,32.1582
2109516,23.5752,30.2559
2120064,23.2832,30.7881
2130668,24.1543,31.4355
2141324,23.5527,32.7500
2152032,22.7539,28.6318
2162796,23.8877,29.8037
2173612,24.6143,30.3076
2184484,22.5645,27.5225
2195408,23.6172,29.2988
2206388,22.5176,28.2734
2217420,24.3428,30.2744
2228508,23.6729,29.3994
2239652,24.2998,29.5381
2250852,22.6299,28.7549
2262108,24.3389,29.6182
2273420,23.2090,28.6729
2284788,26.0254,28.1602
2296212,24.3125,29.9590
2307696,25.4287,28.3809
2319236,23.9443,28.7949
2330836,26.6875,32.0156
2342492,24.7471,29.6943
2354208,26.2207,30.7646
2365980,24.3252,30.5645
2377812,24.3018,29.8730
2389704,24.9863,31.2637
2401656,36.9355,30.8682
2413668,23.6143,29.4756
2425740,22.3516,28.2178
2437872,24.7305,31.9102
2450064,22.8975,28.5088
2462316,22.2148,29.0869
2474628,23.4277,29.1260
2487004,24.1445,30.6035
2499440,24.8525,31.1387
2511940,24.5957,29.9248
2524500,23.9160,29.7900
2537124,24.1309,30.1602
2549812,23.6768,29.7510
2562564,23.9775,30.4014
2575380,24.6621,31.4844
2588260,24.5820,30.8262
2601204,24.5791,31.8721
2614212,24.0449,29.8916
2627284,24.6377,31.6416
2640424,23.9092,30.9795
2653628,24.3643,30.4814
2666900,24.0225,30.3643
2680236,24.5889,31.9004
2693640,30.8672,36.5459
2707112,24.9639,32.1572
2720648,25.0303,32.4971
2734252,25.5713,31.9805
2747924,24.1367,30.0811
2761664,24.4717,30.8438
2775476,22.0928,28.7334
2789356,22.8652,28.2754
2803304,22.7734,29.5635
2817324,25.2695,32.0469
2831412,25.0342,33.2041
2845572,24.3184,31.2031
2859800,23.3486,28.2900
2874100,24.0830,30.2227
2888472,25.6162,32.0361
2902916,23.5840,29.6270
2917432,24.8135,31.1641
2932020,24.4951,30.8262
2946684,23.8164,30.5166
2961420,24.5361,30.7734
2976228,23.6328,30.0088
2991112,23.9111,30.4902
3006068,24.3740,30.1221
3021100,24.6992,31.0938
3036208,25.2412,31.8809
3051392,23.3887,29.9727
3066652,24.5254,32.3018
3081988,24.9521,33.1719
3097400,24.6201,31.7568
3112888,24.3652,30.7852
3128456,23.6973,30.6807
3144100,25.0400,32.2129
3159824,25.4492,33.3486
3175624,24.1602,30.5586
3191504,26.8594,35.7334
3207464,24.8613,32.1016
3223504,26.0273,34.0703
3239624,24.2920,31.5781
3255824,24.9707,31.4326
3272104,29.5107,34.3271
3288468,24.1826,31.8838
3304912,23.8018,31.0342
3321440,24.1152,31.8037
3338048,25.2285,32.0557
3354740,25.3037,32.3535
3371516,25.0283,32.7402
3388376,26.0010,33.4590
3405320,24.2188,64.6025
3422348,25.6533,32.9795
3439460,34.2539,32.9883
3456660,25.6270,32.4268
3473944,24.9043,31.0137
3491316,25.2646,32.2588
3508776,25.7412,32.6836
3526320,23.6982,28.1396
3543952,24.6816,29.9941
3561672,26.0713,32.4248
3579484,25.5791,32.9619
3597384,32.1504,31.6406
3615372,25.4395,32.6172
3633452,24.5303,30.6758
3651620,26.1182,32.5508
3669880,26.9746,34.0811
3688232,24.8828,32.1299
3706676,27.0303,35.0322
3725212,26.4580,33.5205
3743840,25.1650,31.6807
3762560,25.6299,32.7715
3781376,25.6279,33.9277
3800284,26.0420,32.7295
3819288,25.8037,33.0127
3838388,27.6582,35.6953
3857580,27.5537,36.0264
3876868,26.8525,33.9131
3896256,27.8672,35.7324
3915740,25.6719,33.0986
3935320,27.3682,35.1514
3955000,25.7793,33.0166
3974776,25.9053,33.2598
3994652,26.6328,33.0869
4014628,24.5068,30.1719
4034704,25.3604,32.3789
4054880,27.3789,35.3242
4075156,27.5107,34.5234
4095532,26.5771,33.6572
4116012,26.2344,33.1680
4136596,26.0596,32.8643
4157280,26.5664,40.1826
4178068,26.3564,32.4854
4198960,28.3008,33.3740
4219956,29.8643,35.7822
4241056,29.6992,35.7949
4262264,28.9600,33.6855
4283576,28.8125,33.1357
4304996,29.9824,35.4688
4326524,29.4189,37.1182
4348160,27.1611,33.1455
4369904,31.4854,38.7246
4391756,28.9531,35.7061
4413716,27.1309,33.8271
4435788,28.5244,35.3037
4457968,28.6055,34.4053
4480260,27.1572,32.1787
4502664,27.0859,39.0928
4525180,29.5264,35.8027
4547808,29.4883,35.8711
4570548,28.8818,35.3477
4593404,27.8555,34.2021
4616372,29.5449,36.1943
4639456,27.4170,33.4063
4662656,28.1924,34.5264
4685972,27.2578,33.0703
4709404,28.5107,35.9258
4732952,25.6855,30.9912
4756620,29.7402,37.2129
4780404,28.5703,34.3838
4804308,28.5137,35.4824
4828332,27.6855,34.7813
4852476,30.1689,36.6543
4876740,30.8594,36.0205
4901124,28.6357,34.3760
4925632,28.6895,36.3398
4950264,27.8828,32.8867
4975016,28.6377,35.8486
4999892,28.4121,34.2324
5024892,28.0430,34.2910
5050020,29.2500,34.7529
5075272,27.1143,33.1689
5100652,28.5098,36.0664
5126156,29.5840,37.2402
5151788,30.2402,37.8799
5177548,29.9150,37.2949
5203436,28.5264,34.0996
5229456,39.3154,34.6133
5255604,26.1592,32.0059
5281884,29.5186,34.9951
5308296,28.6895,36.2520
5334840,28.2305,34.8887
5361516,29.4023,36.4023
5388324,29.5547,36.8486
5415268,35.9287,40.5322
5442348,27.8594,34.3311
5469560,29.3301,36.3086
5496908,29.0947,35.3936
5524396,29.7568,36.6934
5552020,30.1387,36.8086
5579784,29.9199,35.9902
5607684,29.2119,36.9346
5635724,30.4932,36.8838
5663904,29.4717,36.0840
5692224,27.2920,36.4521
5720688,28.4404,34.3740
5749292,28.7441,34.5859
5778040,28.1201,39.2334
5806932,27.5225,33.9453
5835968,31.1992,35.3213
5865148,29.9600,37.0898
5894476,29.8652,34.9521
5923952,28.6855,34.0391
5953572,28.3750,35.3867
5983340,28.1016,34.3408
6013260,28.9395,35.8545
6043328,28.3242,35.4453
6073548,29.0342,35.4902
6103916,26.8379,32.0889
6134436,27.9561,35.9775
6165112,28.1875,34.6758
6195940,27.8760,34.8457
6226920,27.8916,35.3682
6258056,28.7090,36.2783
6289348,29.1475,35.8486
6320796,28.2988,34.2334
6352400,27.6465,33.8740
6384164,30.8154,37.2881
6416088,29.5020,36.1143
6448172,29.3740,35.8604
6480416,27.8018,33.6797
6512820,29.6797,36.1738
6545388,27.5830,33.6611
6578116,28.3213,35.8281
6611008,29.1416,35.8379
6644064,27.7363,33.9404
6677288,30.9336,37.7402
6710676,28.6904,34.7871
6744232,30.1387,35.5107
6777956,28.6006,35.4102
6811848,30.0752,37.8535
6845908,28.9121,36.0254
6880140,30.7783,38.6367
6914544,34.8428,36.2520
6949120,30.2412,38.2715
6983868,28.2646,33.2793
7018788,29.0742,36.3945
7053884,28.7549,34.3320
7089156,27.3916,33.8643
7124604,56.0713,36.6611
7160228,29.1543,36.0342
7196032,29.4531,35.9307
7232016,28.8516,35.7529
7268180,29.2314,37.1885
7304524,29.8604,38.0566
7341048,30.7227,36.8818
7377756,29.0186,35.7764
7414648,28.1270,35.3818
7451724,28.1816,34.1260
7488984,30.3340,37.6885
7526432,28.7070,37.1934
7564068,28.8379,35.9434
7601892,28.7549,37.2803
7639904,30.2656,37.3086
7678104,30.2334,37.8320
7716496,27.2764,34.8652
7755080,28.3135,35.2910
7793856,30.0801,37.2383
7832828,29.5732,36.7383
7871996,29.1123,36.8301
7911356,28.1172,34.5479
7950916,27.5791,33.5615
7990672,29.3408,36.3408
8030628,28.6943,35.6279
8070784,30.3389,37.7246
8111140,50.8418,43.1426
8151696,28.4229,35.2676
8192456,28.6992,35.2637
8233420,27.0830,33.4238
8274588,32.3193,36.9951
8315964,29.0146,36.6719
8357544,29.2217,37.2197
8399332,32.6387,40.4561
8441332,31.3740,37.2363
8483540,31.5352,38.1055
8525960,32.3506,40.0859
8568592,32.7568,40.6221
8611436,31.5703,37.9346
8654496,30.3262,36.7461
8697772,32.6943,38.7754
8741264,29.0078,35.9316
8784972,31.4014,38.4814
8828900,30.4170,35.5723
8873048,31.8896,38.6855
8917416,30.9229,38.5908
8962004,29.7988,36.3906
9006816,31.1992,37.2695
9051852,30.9199,38.1748
9097112,32.4219,39.0078
9142600,30.9209,37.3457
9188316,29.8994,35.7627
9234260,33.5322,40.2197
9280432,30.9014,37.6279
9326836,31.1816,38.4248
9373472,28.8398,44.6875
9420340,30.1953,36.0410
9467444,30.7842,37.1260
9514784,29.8730,37.5830
9562360,30.2363,38.0615
9610172,31.6494,39.3281
9658224,30.9043,36.5898
9706516,29.9531,36.0381
9755052,33.1201,44.6240
9803828,29.9912,37.6230
9852848,39.2666,38.4365
9902116,31.2520,38.7207
9951628,30.4912,36.2998
10001388,30.8594,38.2549
10051396,31.5869,37.3867
10101656,34.4209,41.3145
10152168,30.2031,38.7422
10202932,32.0527,39.0967
10253948,31.7051,40.6602
10305220,30.6885,39.1914
10356748,31.5195,38.7158
10408532,30.7383,38.0771
10460576,32.4053,40.7207
10512880,31.2148,38.7070
10565448,29.6133,37.3945
10618276,31.6543,37.4209
10671368,30.7168,37.1729
10724728,30.5234,38.1055
10778352,29.2500,35.8408
10832244,30.5674,36.4287
10886408,31.2725,38.7949
10940844,32.2139,39.3115
10995552,30.1816,36.2080
11050532,33.5283,40.4414
11105788,30.1006,37.2852
11161320,29.6436,36.2305
11217128,32.0928,38.9170
11273216,32.0391,37.5352
11329584,31.2139,39.2539
11386232,32.1855,38.4893
11443164,32.6025,40.0254
11500380,32.6484,39.5332
11557884,30.5840,37.1582
11615676,31.0889,38.1133
11673756,31.9141,38.7139
11732128,31.2783,37.4453
11790792,31.3389,39.2773
11849748,32.6758,40.3975
11909000,32.0791,44.8555
11968548,32.8711,41.3516
12028392,33.3779,40.0156
12088536,31.0088,37.5195
12148980,56.7734,47.1953
12209728,32.7373,38.9258
12270780,32.5850,38.6875
12332136,29.2588,37.0244
12393800,30.7646,38.7725
12455772,31.1631,39.7236
12518052,31.7822,38.0742
12580644,45.3164,44.0811
12643548,31.3828,38.4326
12706768,31.9541,39.4766
12770304,31.6582,38.0547
12834156,30.8184,37.7031
12898328,30.6953,37.5400
12962820,33.3740,40.4160
13027636,30.1387,36.4404
13092776,32.7959,40.5967
13158240,31.0889,38.9814
13224032,35.0244,43.7715
13290156,27.8525,33.3262
13356608,32.0313,39.6729
13423392,32.4834,40.5439
13490512,31.7998,40.9805
13557968,33.3799,41.8477
13625760,31.9795,41.0195
13693892,31.1143,39.6934
13762364,32.2334,39.0234
13831176,32.7891,43.0518
13900332,30.2822,38.6904
13969836,30.2051,37.3672
14039688,30.9795,37.9980
14109888,32.8184,39.4414
14180440,33.0762,40.0303
14251344,57.4541,36.4434
14322604,33.0107,37.8770
14394220,32.2139,39.3896
14466192,30.7520,38.4688
14538524,32.1084,39.8779
14611220,31.5762,39.0664
14684280,33.4414,42.1543
14757704,31.3623,38.8916
14831496,32.8770,39.8154
14905656,32.0791,72.3174
14980188,31.7363,39.7109
15055092,33.5459,41.7256
15130368,39.1787,42.2549
15206020,31.8867,38.9014
15282052,32.5186,40.4609
15358464,31.4092,39.1191
15435260,30.7832,38.7178
15512440,33.7373,41.3438
15590004,31.5205,39.1436
15667956,31.5264,38.0205
15746296,32.5313,41.1865
15825028,31.1406,37.8193
15904156,32.6484,41.2129
15983680,33.3398,40.2441
16063600,31.4121,38.0371
16143920,32.4619,41.0898
16224640,32.5654,40.8604
16305764,31.6406,39.8545
16387296,32.7568,41.9033
16469236,31.9297,41.0391
16551584,31.9131,39.9473
16634344,30.3115,38.6846
16717516,32.0820,40.5791
16801104,36.8643,43.1035
16885112,34.2920,41.5518
16969540,33.1025,39.3623
17054388,36.2451,41.7705
17139660,35.5186,42.5645
17225360,34.4805,48.7646
17311488,36.3135,42.7686
17398048,35.2178,40.2852
17485040,33.2559,40.9727
17572468,33.2754,41.4736
17660332,33.7969,42.2939
17748636,64.6729,39.6650
17837380,34.2773,39.9014
17926568,35.7021,44.0107
18016204,34.6709,43.0498
18106288,34.7822,42.0801
18196820,34.5615,42.3623
18287808,74.4531,58.1924
18379248,44.5518,76.7285
18471148,43.3379,44.8203
18563504,38.2285,43.1943
18656324,40.0205,45.0898
18749608,35.1113,43.5029
18843360,34.9287,39.6162
18937580,38.1875,41.8975
19032268,38.7158,42.6738
19127432,37.3848,44.4521
19223072,39.1445,44.7549
19319188,40.4277,49.0498
19415784,35.2354,42.3262
19512864,38.2588,43.0439
19610432,37.1240,39.8760
19708488,37.6699,44.4404
19807032,34.9766,41.3965
19906068,43.2725,98.1719
20005600,40.1113,46.2725
20105628,37.4541,45.4785
20206160,39.1387,43.9824
20307192,38.4824,42.6387
20408728,38.6670,43.4883
20510772,38.7393,44.7451
20613328,57.5254,47.8926
20716396,41.9873,47.1992
20819980,51.7393,43.5059
20924080,39.6055,45.8271
21028704,40.5674,45.9375
21133848,40.3857,48.0869
21239520,42.0947,45.7217
21345720,43.1611,48.2139
21452452,44.3018,48.1299
21559716,43.4736,48.2979
21667516,39.6787,44.5801
21775856,44.7217,47.5088
21884736,45.0420,50.1377
21994160,46.0967,48.8359
22104132,46.4482,81.7520
22214656,43.4287,46.3193
22325732,42.8447,45.0410
22437364,45.1631,46.5254
22549552,70.4092,47.4072
22662300,42.0947,49.8350
22775612,41.1328,47.9590
22889492,44.1895,49.9648
23003940,41.3564,47.7158
23118960,44.6748,48.9482
23234556,39.9219,46.5459
23350732,44.9170,48.5410
23467488,40.0049,46.1914
23584828,44.2803,50.3662
23702756,46.1348,52.1719
23821272,43.4697,46.9697
23940380,43.0186,47.4170
24060084,42.2490,44.8066
24180388,47.7852,48.4912
24301292,45.3203,48.5313
24422800,43.8906,47.3750
24544916,58.1123,47.8643
24667644,45.0967,50.1709
24790984,48.5049,52.6689
24914940,41.4092,44.9834
25039516,45.8496,49.3750
25164716,42.2588,48.7080
25290540,45.8408,52.5391
25416996,49.1592,52.3184
25544084,41.7754,46.6865
25671808,45.5342,50.2129
25800168,46.5771,50.3691
25929172,47.2314,50.3066
26058820,46.9570,58.6484
26189116,48.9824,49.3877
26320064,43.8027,48.4316
26451668,44.9883,51.3701
26583928,45.3955,47.0830
26716848,43.7559,46.1035
26850436,41.3525,47.0498
26984692,48.3184,51.1465
27119616,41.2275,45.5527
27255216,48.9248,48.3477
27391496,106.7432,66.2393
27528456,53.0381,54.2969
27666100,52.7197,51.9199
27804432,54.2266,58.0693
27943456,56.0840,57.6387
28083176,51.9443,56.7734
28223592,53.2539,57.3525
28364712,56.0684,56.1777
28506536,55.4795,56.0166
28649072,52.5303,51.9912
28792320,54.1670,57.8789
28936284,51.1211,58.5508
29080968,53.9697,54.0117
29226376,56.3564,58.5303
29372508,53.5791,59.8047
29519372,54.1025,69.7959
29666972,64.9395,62.0684
29815308,63.6621,61.4619
29964388,54.9707,53.8994
30114212,60.5293,57.8193
30264784,81.2070,69.4893
30416108,59.6318,64.1738
30568192,64.3994,59.7549
30721036,73.5508,65.2471
30874644,61.1797,59.3184
31029020,61.5986,60.3613
31184168,60.0137,64.7344
31340092,54.1035,57.4609
31496796,67.4111,66.8213
31654280,87.7930,75.0547
31812552,80.5303,92.4258
31971616,84.4434,73.3086
32131476,75.8984,81.9326
32292136,74.6396,64.2168
32453600,82.6602,69.6152
32615868,65.7510,65.3828
32778948,61.6768,65.0557
32942844,61.2002,70.8896
33107560,59.6836,79.3418
33273100,87.3057,74.9180
33439468,69.8555,141.9346
33606668,70.8252,64.1836
33774704,63.6113,62.0967
33943580,68.0938,70.7334
34113300,80.1475,72.0781
34283868,71.3379,70.1182
34455288,74.5322,62.6523
34627568,65.7832,64.7891
34800708,71.3945,74.8916
34974712,68.6709,62.1357
35149588,71.8818,68.2715
35325336,90.1309,66.9756
35501964,71.6328,75.1494
35679476,69.9561,69.0117
35857876,73.3613,92.9336
36037168,73.7324,74.4072
36217356,92.0527,74.2031
36398444,75.5537,78.2109
36580440,68.7969,73.5459
36763344,72.7998,70.4600
36947164,69.1143,70.0498
37131900,65.4561,63.4814
37317560,73.6523,72.6182
37504148,70.3369,67.4824
37691672,89.8271,69.8252
37880132,73.3926,72.7969
38069536,73.3555,77.0381
38259884,71.2061,70.3955
38451184,78.4023,73.6729
38643440,80.5576,76.4238
38836660,74.2139,95.8955
39030844,73.3076,71.2520
39226000,72.2236,73.2686
39422132,73.5410,91.0537
39619244,80.2295,72.8193
39817344,76.0859,70.9492
40016432,87.2178,78.0049
40216516,78.8301,78.5244
40417600,76.4336,72.0234
40619688,78.2744,68.7686
40822788,78.7578,77.4863
41026904,77.9160,74.4336
41232040,77.6533,74.8779
41438204,74.1816,82.7012
41645396,75.4199,74.1982
41853624,72.1563,69.2461
42062896,77.2080,78.5059
42273212,78.3633,72.7012
42484580,76.5127,73.5098
42697004,75.4424,71.1621
42910492,77.5439,79.2666
43125048,76.2451,73.0928
43340676,87.5850,73.5303
43557380,75.7910,75.4395
43775168,74.4131,76.2969
43994044,70.6748,73.3213
44214016,77.8379,68.0273
44435088,78.0215,76.6123
44657264,89.4395,79.3486
44880552,82.0635,80.1943
45104956,89.0645,81.2178
45330484,72.7383,75.1133
45557140,78.3125,96.8359
45784928,80.7607,81.4912
46013856,75.3076,75.3096
46243928,87.1582,79.5391
46475148,77.7471,89.8311
46707524,82.7070,80.2031
46941064,80.8535,79.9980
47175772,84.6475,84.6992
47411652,78.4961,73.2705
47648712,77.6357,74.7197
47886956,83.2461,83.3721
48126392,85.5967,86.1426
48367024,83.5244,84.7207
48608860,83.7715,86.3574
48851908,83.1357,76.5430
49096168,82.5049,88.1865
49341652,86.6455,83.1602
49588364,83.2598,88.7607
49836308,76.2715,74.4717
50085492,84.3438,91.8916
50335920,84.6299,163.5498
50587600,82.4033,80.9619
50840540,79.4053,81.6943
51094744,79.5977,81.3105
51350220,88.2754,85.7783
51606972,92.2744,86.2734
51865008,83.5771,81.4902
52124336,106.1211,86.5498
52384960,84.2305,81.3770
52646888,101.6846,87.3438
52910124,84.6045,82.3770
53174676,83.6689,84.0898
53440552,89.7734,84.9395
53707756,90.4258,87.3115
53976296,93.2813,89.0068
54246180,79.3633,78.8389
54517412,90.0361,81.7061
54790000,92.1270,94.8506
55063952,93.7549,91.6836
55339272,79.8730,83.5068
55615972,91.1563,91.1699
55894052,85.8730,92.1113
56173524,86.5938,84.7900
56454392,85.6553,89.6377
56736664,90.5713,82.4238
57020348,102.7686,102.2432
57305452,85.6172,86.1777
57591980,84.9561,86.3682
57879940,86.4658,89.2764
58169340,89.9658,96.3730
58460188,111.0088,88.3838
58752492,90.5664,118.5322
59046256,92.9326,96.4346
59341488,91.6309,93.6904
59638196,85.3887,84.0264
59936388,89.1768,90.2178
60236072,88.2324,88.9238
60537256,85.6611,93.9902
60839944,96.4746,95.7637
61144144,97.0479,98.3984
61449868,206.9629,93.7412
61757120,99.0225,94.8662
62065908,96.2334,107.3301
62376240,95.5195,97.2178
62688124,111.8184,104.0293
63001568,97.6523,105.6396
63316576,97.8613,102.3389
63633160,95.2314,108.2334
63951328,101.1934,103.9922
64271088,86.6299,95.3359
64592444,125.6953,111.8613
64915408,100.4385,97.8330
65239988,102.7607,126.7441
65566188,99.3184,100.4531
65894020,86.3037,93.2344
66223492,97.6152,107.2461
66554612,95.9902,93.9668
66887388,92.3311,102.4150
