4,1.0439,1.2656
8,1.7246,4.5967
12,2.2344,5.7158
16,2.2266,6.9170
20,2.8428,7.2002
24,2.8184,9.1475
28,2.7012,8.7393
32,2.7979,9.4443
36,3.2188,8.6641
40,3.2256,9.3066
44,3.2148,9.9033
48,3.2090,10.3115
52,3.2148,10.1973
56,3.2139,10.6260
60,3.2178,10.7920
64,3.2148,11.6650
68,3.7109,11.8477
72,3.7041,11.6543
76,3.7412,12.0742
80,3.6963,11.9707
84,3.7021,12.1475
88,3.6963,12.6826
92,3.6895,12.2100
96,3.6914,13.0811
100,3.6855,13.3115
104,3.6914,13.0615
108,3.6953,13.6348
112,3.7246,13.7637
116,3.6943,14.4971
120,3.7188,14.5654
124,3.6973,14.9023
128,3.6924,17.2168
132,4.2471,17.0664
136,4.2354,17.3623
140,4.2432,16.7354
144,4.2100,16.7021
148,4.2090,16.7920
152,4.2422,17.1621
156,4.2021,17.6689
160,4.2090,16.5781
164,4.1992,16.7549
168,4.2109,15.8193
172,4.2158,14.9570
176,4.2246,14.4834
180,4.2275,13.9004
184,4.2041,14.7070
188,4.2129,14.6475
192,4.2227,14.5869
196,4.2236,14.4971
200,4.2109,14.6074
204,4.2510,15.3252
208,4.2090,15.6563
212,4.2090,15.3242
216,4.2119,16.0000
220,4.2070,15.8027
224,4.2031,15.5215
228,4.2031,16.4141
232,4.2031,16.3945
236,4.2109,16.4063
240,4.2480,15.3828
244,4.2383,16.2939
248,4.2119,17.0459
252,4.2158,16.8184
256,4.2178,18.4453
260,4.8154,17.9014
264,4.8008,18.0752
268,4.8203,17.9482
272,4.8096,18.4199
276,4.8105,17.8779
280,4.8115,18.1475
284,4.8096,17.6846
288,4.7871,17.8350
292,4.8096,17.8496
296,4.8281,18.4287
300,4.8164,18.5225
304,4.8203,18.1514
308,4.8008,17.8018
312,4.7871,18.6641
316,4.8164,17.6621
320,4.8252,17.7305
324,4.8008,17.7705
328,4.8086,18.8584
332,4.7988,17.3359
336,4.8018,18.5791
340,4.8066,18.7891
344,4.8193,18.7783
348,4.8066,18.2021
352,4.8047,18.6143
356,4.8115,307.4150
360,4.8037,18.5859
364,4.7988,17.4541
368,4.8135,16.6904
372,4.8203,17.3535
376,4.8145,16.1006
380,4.7979,16.8799
384,4.8203,16.5410
388,4.8125,16.8438
392,4.8135,22.5479
396,4.7998,17.3545
400,4.8115,17.7373
404,4.8096,16.8174
408,4.8252,55.1768
412,4.8457,17.6152
416,4.8389,17.8135
420,4.8369,17.6016
424,4.7861,17.9688
428,4.8008,18.3428
432,4.8037,17.8516
436,4.8135,18.5254
440,4.8232,17.8457
444,4.8076,17.4375
448,4.8037,17.6865
452,4.8037,18.2686
456,4.8271,18.3711
460,4.8164,18.0137
464,4.8115,18.1787
468,4.8242,17.4717
472,4.8135,19.0791
476,4.8135,18.8418
480,4.8320,18.9492
484,4.8086,18.9326
488,4.8008,18.4150
492,4.7979,18.6035
496,4.8203,18.9619
500,4.8242,18.5459
504,4.8018,19.3047
508,4.8105,19.5713
512,4.8018,21.1270
516,7.0615,20.8164
520,7.0820,21.2627
524,7.1914,20.9775
528,6.9834,21.7031
532,6.8711,20.1260
536,6.6211,19.8057
540,6.8652,20.6035
544,6.9805,20.8232
548,6.9248,20.5918
552,6.8467,20.9238
556,6.9473,20.1768
560,6.8857,20.4268
564,6.9326,21.0732
568,6.9287,20.3154
572,6.7773,20.3115
576,7.0820,20.9219
580,6.8877,21.3330
584,6.8037,20.3301
588,6.7930,20.8896
592,6.7627,20.3203
596,6.9834,21.3174
600,7.0410,21.9648
604,6.7412,20.3281
608,6.7012,20.4277
612,6.7871,20.9844
616,6.8262,21.4551
620,7.0322,21.3174
624,6.8916,21.1318
628,6.9004,20.9277
632,6.9600,21.4004
636,7.0322,21.4316
640,6.8330,21.3496
644,6.9971,21.4531
648,7.0234,21.6641
652,6.8857,19.9268
656,6.8936,19.0918
660,6.8682,20.0645
664,6.8623,19.7637
668,7.0078,20.3604
672,6.9756,19.3613
676,7.0029,19.4639
680,6.8525,18.6924
684,6.7617,18.9521
688,6.9395,18.9111
692,6.7227,19.0635
696,6.7510,19.0039
700,6.9053,19.4990
704,6.9219,19.4531
708,6.8066,18.6523
712,6.9316,18.7061
716,6.9473,19.0820
720,6.8242,19.2607
724,6.7520,18.8633
728,6.8760,19.3730
732,7.0576,18.9580
736,7.0352,19.7236
740,7.0996,20.6650
744,6.8154,19.4219
748,6.7676,19.7070
752,6.9063,20.1299
756,6.8350,19.9053
760,7.4521,19.3076
764,6.8369,19.8008
768,6.7236,18.7549
772,6.7686,19.4121
776,6.9033,19.5000
780,6.7617,19.7393
784,6.9160,19.5654
788,6.8291,20.4648
792,6.8115,19.7734
796,6.9346,19.3008
800,6.7959,20.2480
804,6.8535,20.0273
812,6.9453,20.2676
820,6.9023,21.1572
828,7.0869,20.6191
836,6.8496,20.5986
844,7.1240,21.3730
852,7.0732,20.8643
860,6.7939,20.1602
868,6.9863,20.9004
876,6.9443,21.6406
884,6.8652,20.9170
892,6.9404,20.7344
900,6.7363,20.6582
908,6.7705,20.5498
916,6.9248,20.8604
924,7.0332,20.8232
932,6.6729,19.8203
940,7.0029,20.8848
948,6.9102,21.2686
956,6.8672,21.0205
964,7.1914,21.7598
972,6.8682,20.9668
980,6.8652,21.9746
988,7.2041,20.7617
996,6.9209,22.0762
1004,6.8213,20.7236
1012,7.1445,21.2939
1020,6.9717,52.1025
1028,11.6826,23.8662
1036,10.9717,22.9756
1044,11.2461,23.7412
1052,9.9004,23.3516
1060,10.0361,23.6055
1068,10.2188,24.3652
1076,9.5654,22.8447
1084,10.1787,28.4941
1092,9.6914,22.8604
1100,9.5596,22.2334
1108,10.0039,23.0410
1116,9.1465,21.2852
1124,9.1865,21.9883
1132,9.1807,21.5049
1140,8.9971,21.2734
1148,9.2734,22.1982
1156,8.9395,21.3184
1164,9.4639,22.4482
1172,9.0186,21.7061
1180,9.0137,22.4570
1188,9.2402,22.0264
1196,8.9736,21.7422
1204,9.1309,21.8018
1212,9.0068,20.8867
1220,9.1553,22.6357
1228,9.0693,21.4805
1236,9.0146,21.8438
1244,8.9883,21.8691
1252,9.0869,21.2490
1260,8.7773,20.6523
1268,9.3086,22.6445
1276,9.3027,22.1621
1284,9.1768,21.5703
1292,9.1387,21.1680
1300,9.1064,22.1025
1308,8.7012,21.2090
1316,8.9326,21.5186
1324,8.9219,21.8906
1332,8.9590,21.5957
1340,9.3340,22.0205
1348,8.9707,21.5137
1356,8.8623,21.9580
1364,9.0088,21.7607
1372,8.9326,22.2500
1380,8.9463,21.2510
1388,8.8057,22.2197
1396,9.3525,22.3916
1404,9.0645,21.5791
1412,9.0400,22.3564
1420,9.4063,22.0615
1428,8.9658,22.1875
1436,9.0850,21.9990
1444,8.9961,21.7324
1452,9.0225,21.7822
1460,9.0938,23.5098
1468,9.2969,22.3428
1476,9.1328,22.6074
1484,8.8027,21.5664
1492,9.2344,22.6074
1500,9.2705,22.4268
1508,9.2061,22.8867
1516,8.9824,22.2656
1524,8.9775,21.6611
1532,9.0898,22.3086
1540,9.2100,22.8047
1548,8.9824,22.0264
1556,8.8574,21.7207
1564,9.0791,22.0742
1572,8.9033,22.4570
1580,8.6777,21.4863
1588,9.0361,22.9209
1596,8.8486,21.1133
1604,9.1006,22.9492
1616,8.9678,22.8330
1628,8.9980,22.3936
1640,9.0674,22.7314
1652,8.9375,22.6016
1664,8.9434,22.0117
1676,8.7881,22.0488
1688,9.1006,23.2168
1700,9.3184,23.2158
1712,9.0313,22.1348
1724,9.4824,23.3525
1736,10.1738,23.2607
1748,9.1152,23.2461
1760,9.4385,23.0322
1772,9.1592,22.2314
1784,9.1367,22.9941
1796,9.5088,23.8389
1808,9.2402,23.4209
1820,9.0244,23.1387
1832,9.0840,22.5547
1844,8.8711,22.7920
1856,8.9453,22.1084
1868,8.8955,22.7822
1880,8.8896,22.5684
1892,9.3955,23.6484
1904,9.2256,22.9902
1916,9.2705,23.3193
1928,9.5049,22.9160
1940,9.0938,23.2471
1952,9.1328,23.5195
1964,9.0029,23.0225
1976,9.3604,23.4619
1988,9.2393,22.7344
2000,9.2119,23.2158
2012,9.6406,23.8867
2024,9.1846,24.2627
2036,9.2832,22.9219
2048,9.1943,25.4561
2060,12.5674,24.8193
2072,12.6885,26.2461
2084,12.2354,24.6475
2096,12.1953,24.9385
2108,11.4355,25.5645
2120,11.5537,25.2676
2132,11.3740,25.3096
2144,11.4697,24.1045
2156,11.5449,26.1455
2168,11.7637,25.7090
2180,11.4434,25.3398
2192,11.3994,25.2422
2204,11.4590,25.5615
2216,11.7480,24.7861
2228,11.1592,24.9980
2240,11.3428,25.1074
2252,11.5215,25.4678
2264,11.0693,34.5381
2276,11.1396,24.3223
2288,11.6631,26.0518
2300,11.2949,24.6543
2312,11.6055,26.0605
2324,11.5244,25.6592
2336,11.4922,26.0527
2348,10.8906,24.1357
2360,11.9209,25.8467
2372,11.7002,25.2012
2384,11.2900,25.2441
2396,11.3242,25.7256
2408,11.2451,24.8369
2424,11.2949,24.2100
2440,11.0840,24.0010
2456,11.2275,25.1182
2472,11.5752,26.0107
2488,11.2969,24.7471
2504,11.5820,25.8848
2520,11.2305,25.7549
2536,11.2275,24.2891
2552,11.2246,32.0488
2568,11.4697,25.0361
2584,11.4512,25.1738
2600,11.6387,24.8301
2616,11.6182,25.5264
2632,11.3877,24.8564
2648,11.4434,25.6826
2664,11.3271,25.8184
2680,11.3164,25.2959
2696,11.0820,25.2695
2712,11.4189,25.1563
2728,11.2910,25.6279
2744,11.1396,24.4404
2760,11.2002,25.3145
2776,11.1777,25.6777
2792,11.3975,26.0752
2808,11.1201,25.0127
2824,11.4824,25.8936
2840,11.4629,26.2686
2856,11.6104,27.4072
2872,11.7754,25.7734
2888,11.4131,25.9453
2904,11.2568,25.0420
2920,11.1914,25.7178
2936,11.5244,26.1670
2952,11.5439,26.0332
2968,11.3965,25.0645
2984,11.2578,25.4053
3000,11.0791,25.3477
3016,11.2197,25.6006
3032,11.2412,25.9033
3048,11.0947,25.8438
3064,11.6064,26.4697
3080,11.6621,26.4502
3096,11.2402,26.4912
3112,11.6465,26.6104
3128,11.4473,25.5820
3144,11.6260,26.2383
3160,11.5410,26.4307
3176,11.7471,26.8525
3192,11.3535,25.3301
3208,11.5742,25.9580
3228,11.0254,25.7891
3248,11.3838,26.9688
3268,11.6250,26.5859
3288,11.4551,26.6055
3308,11.6973,26.7949
3328,11.3145,26.9072
3348,11.5244,27.2363
3368,11.4688,27.2852
3388,11.3662,26.8193
3408,11.3076,25.6631
3428,11.4541,29.5537
3448,11.9072,52.0332
3468,11.2500,26.2949
3488,11.7441,26.5322
3508,11.4004,26.7559
3528,11.2803,26.5469
3548,11.5283,26.7168
3568,11.1553,26.3672
3588,11.4502,26.4551
3608,11.3311,26.5488
3628,11.5791,26.8564
3648,11.4463,26.9189
3668,11.5713,26.8535
3688,11.1992,26.4004
3708,11.3066,26.7100
3728,11.8867,27.9863
3748,11.3223,26.7754
3768,11.4834,26.8975
3788,11.6719,31.1396
3808,11.7598,26.5723
3828,11.6006,26.7031
3848,11.4961,27.0479
3868,11.4639,26.4336
3888,11.1748,26.6895
3908,11.4717,26.7197
3928,11.3105,26.5166
3948,11.5615,26.8672
3968,11.4014,26.2842
3988,11.3135,26.8984
4008,11.4873,26.8770
4032,11.0918,25.6240
4056,11.6338,27.9971
4080,11.4082,28.1064
4104,17.1670,29.1992
4128,17.0918,29.0049
4152,16.9756,29.5723
4176,16.6152,29.0342
4200,16.6230,29.1074
4224,16.4990,28.7559
4248,16.2637,28.0576
4272,16.6738,28.6406
4296,15.9092,27.5986
4320,13.3721,28.1455
4344,13.5313,28.4268
4368,13.6729,28.5879
4392,13.3447,28.1387
4416,13.4355,27.8447
4440,12.9941,27.4551
4464,13.5996,28.0264
4488,13.2949,27.9512
4512,13.7061,28.8545
4536,13.5967,28.4043
4560,13.2490,28.1699
4584,13.3896,28.3096
4608,13.4668,28.2607
4632,13.1445,27.5156
4656,14.1465,28.9258
4680,13.1719,27.8750
4704,13.4336,28.5010
4728,13.3535,28.2715
4752,13.8721,28.4795
4776,13.4375,28.7393
4800,13.4111,28.0146
4824,13.5313,28.1465
4852,13.4678,28.5244
4880,13.3730,27.9883
4908,13.4199,27.9912
4936,13.5576,27.3262
4964,13.3525,27.9150
4992,13.3096,27.7197
5020,13.8584,29.2559
5048,13.7549,28.6201
5076,13.1885,27.6240
5104,13.1563,27.5400
5132,13.3398,28.5234
5160,13.5859,28.1875
5188,13.5176,28.4336
5216,13.6387,29.3330
5244,13.7607,28.5469
5272,13.3330,28.4727
5300,13.5293,28.5859
5328,13.5029,28.6973
5356,13.7715,28.5586
5384,13.3428,27.7275
5412,13.5029,28.4707
5440,13.7744,28.9258
5468,13.4082,29.0703
5496,13.4395,27.5479
5524,13.5723,29.0098
5552,24.2422,31.0107
5580,13.5068,28.9131
5608,13.4824,28.8623
5640,13.3896,28.2246
5672,13.1689,28.7900
5704,13.1387,28.8291
5736,13.2383,28.2051
5768,13.2139,29.0137
5800,13.0596,29.1318
5832,13.3125,28.9463
5864,13.2842,28.9189
5896,13.3486,28.9111
5928,13.0342,27.9043
5960,17.3369,28.8301
5992,13.4854,29.6035
6024,13.0576,35.7402
6056,13.2783,28.5615
6088,13.1455,28.4717
6120,13.4785,29.3838
6152,13.1924,28.7266
6184,13.6455,29.7842
6216,13.2676,29.4609
6248,13.2061,28.4014
6280,12.8252,28.9160
6312,20.2813,29.8096
6344,13.9756,29.5176
6376,13.0117,28.3740
6408,13.0791,28.5498
6444,12.6104,27.5654
6480,13.2373,28.6797
6516,13.3203,28.5762
6552,13.3594,28.8145
6588,13.1123,27.7344
6624,12.8877,27.5400
6660,12.9180,27.9385
6696,13.3154,28.2002
6732,12.9414,28.1592
6768,12.6523,27.4980
6804,13.2324,28.3760
6840,13.6123,29.5313
6876,13.0566,28.1924
6912,13.0967,33.9121
6948,14.6816,29.4238
6984,13.2607,28.3379
7020,13.4482,29.7500
7056,12.9229,27.9668
7092,13.3887,29.1523
7128,13.3828,29.0986
7164,13.5732,29.7559
7200,13.7305,29.7568
7236,13.6113,29.5029
7276,13.0166,28.6309
7316,13.3037,28.0938
7356,13.1309,28.8955
7396,13.2490,28.8477
7436,12.9141,28.2480
7476,13.2373,29.3135
7516,13.3662,85.8350
7556,13.7764,29.4209
7596,14.1318,28.2734
7636,13.1709,28.3965
7676,13.4521,29.2754
7716,13.1221,28.5303
7756,13.3379,30.3799
7796,13.3057,29.4531
7836,13.6543,30.4824
7876,13.4033,28.4141
7916,13.3037,29.9287
7956,13.2295,29.6260
7996,13.1484,28.6777
8036,12.9609,28.5488
8080,13.2305,29.3330
8124,13.1328,28.6260
8168,13.4063,28.9199
8212,16.2822,37.2158
8256,16.5361,30.9443
8300,15.6807,30.1152
8344,15.6260,29.0381
8388,15.4688,29.5244
8432,15.2314,29.0146
8476,15.5684,29.0283
8520,15.6533,47.4971
8564,16.0127,30.2744
8608,16.6240,29.8994
8652,15.4990,29.7744
8696,15.1035,28.5010
8740,15.9375,30.7793
8784,15.5264,29.6172
8828,15.4834,29.2188
8876,15.2168,28.3389
8924,52.0469,30.1924
8972,15.8613,30.0889
9020,16.2910,31.1270
9068,15.9131,30.8418
9116,15.6279,30.4668
9164,15.4932,29.6211
9212,16.5264,29.2949
9260,15.1455,28.9219
9308,15.1719,29.4697
9356,15.0869,29.2871
9404,14.8613,28.4980
9452,15.2275,28.8730
9500,15.4199,30.4316
9548,15.5254,30.0674
9596,15.0723,29.0420
9644,15.3867,35.4502
9696,15.3857,30.3379
9748,15.4658,29.0576
9800,15.5986,30.1924
9852,14.8652,28.3281
9904,14.6797,28.0996
9956,15.2266,28.9189
10008,15.9180,30.4512
10060,15.3398,29.8965
10112,15.0498,29.0254
10164,15.4170,29.7070
10216,14.5303,32.3398
10268,15.1162,29.3408
10320,15.2900,29.5020
10372,15.6445,30.2578
10424,15.0830,29.6035
10480,15.0625,34.6777
10536,15.0840,29.2246
10592,14.9951,29.1201
10648,15.7559,31.1289
10704,15.2734,29.8359
10760,15.0244,29.4473
10816,15.1455,29.2588
10872,14.9346,28.8135
10928,15.5996,30.8770
10984,15.5723,30.1768
11040,15.5918,30.6084
11096,14.9492,29.4307
11152,15.1094,29.5625
11208,15.5850,30.3252
11268,14.9688,28.9814
11328,14.6621,28.5000
11388,15.5850,30.4150
11448,15.5176,30.0439
11508,16.6924,30.1641
11568,15.4775,30.4570
11628,15.3135,30.6738
11688,15.0029,29.5088
11748,15.0518,29.4619
11808,14.9717,29.5566
11868,15.3037,30.5938
11928,15.7422,29.5850
11988,15.3398,30.3301
12048,15.1855,30.4102
12112,15.0420,30.2061
12176,14.9717,30.5801
12240,15.8418,30.4424
12304,15.2002,28.6689
12368,15.7539,30.6309
12432,15.3154,29.6299
12496,15.5537,30.3281
12560,15.1650,29.3867
12624,15.6387,30.3613
12688,15.0322,30.1699
12752,14.9912,29.5869
12816,14.9414,28.5527
12884,14.7783,29.4229
12952,15.0850,29.3760
13020,15.4766,31.3242
13088,15.0674,30.8330
13156,15.5332,31.4385
13224,15.5146,31.1416
13292,15.2510,30.5205
13360,15.5869,30.2480
13428,15.0830,37.0918
13496,15.6572,31.2021
13564,16.0332,28.9756
13632,15.3066,30.5918
13704,14.9434,29.6797
13776,15.4717,30.5410
13848,15.4502,30.5898
13920,15.2939,30.7207
13992,15.5986,31.2412
14064,15.5811,30.7100
14136,15.3154,30.2734
14208,15.3291,31.3154
14280,15.3320,31.1943
14352,14.8984,29.9111
14424,15.6484,31.3867
14500,15.4766,31.0039
14576,15.3848,35.9873
14652,15.1387,29.9883
14728,15.6406,31.6826
14804,15.4561,30.9922
14880,15.5166,31.8975
14956,15.5049,31.0293
15032,15.8008,32.0752
15108,15.5049,31.2295
15184,15.7520,32.5938
15260,15.2314,30.2861
15340,15.4854,31.4521
15420,15.3164,30.3291
15500,15.1240,31.1201
15580,15.1797,31.0625
15660,15.3330,31.1328
15740,14.7031,29.8281
15820,15.1240,31.2656
15900,15.1729,29.1572
15980,14.9492,30.7080
16060,15.5908,31.4756
16144,15.4209,31.9795
16228,14.8799,30.7383
16312,15.3008,30.2930
16396,21.8975,31.8740
16480,18.0215,32.2041
16564,17.5098,31.4658
16648,16.9707,31.1914
16732,17.7314,31.6689
16816,17.7510,32.2129
16904,17.1201,30.6074
16992,17.8818,31.9395
17080,17.0811,30.4688
17168,17.5410,31.2412
17256,17.5039,31.1650
17344,17.2588,31.5186
17432,17.0264,30.0049
17520,17.5801,31.2832
17608,17.8389,31.6123
17700,17.9580,32.0283
17792,17.7432,31.9883
17884,17.6074,31.1123
17976,17.9746,32.5586
18068,17.1943,31.1162
18160,18.1152,31.6260
18252,17.8682,31.9043
18344,18.0117,31.9141
18436,16.9697,30.4658
18532,17.4092,31.2021
18628,17.7988,31.8662
18724,17.4473,31.6836
18820,17.2900,31.3311
18916,17.4873,32.1504
19012,17.3418,31.6328
19108,22.3926,32.5664
19204,17.6855,33.1602
19304,17.0244,30.8994
19404,17.3867,31.2129
19504,17.0059,31.2217
19604,17.2910,32.3164
19704,17.0537,31.2881
19804,17.5518,32.5244
19904,17.9404,44.6816
20004,19.1846,47.7422
20108,17.4971,32.1348
20212,17.2998,31.1787
20316,17.0771,31.0674
20420,16.8525,30.9795
20524,18.0283,33.2939
20628,17.1104,31.1445
20732,17.5654,31.8438
20836,17.8955,33.1260
20944,17.1797,30.8330
21052,17.5166,31.8994
21160,17.2744,31.8711
21268,17.4336,32.3945
21376,17.2813,31.5234
21484,17.6172,32.8916
21592,17.2363,31.6348
21700,17.1416,31.1543
21812,17.7021,32.0068
21924,17.0850,31.3936
22036,17.3076,32.8340
22148,17.3311,31.9971
22260,17.1270,31.6299
22372,17.2207,31.7432
22484,17.4639,32.5293
22600,16.9512,31.0840
22716,17.5127,33.3916
22832,17.4658,32.7002
22948,17.2939,32.4570
23064,17.3262,32.2266
23180,18.1094,34.5986
23296,17.1758,31.5684
23416,17.2031,31.5967
23536,16.9150,31.4551
23656,16.8672,31.7676
23776,17.3643,31.6260
23896,18.2939,32.9336
24016,17.6240,32.3145
24140,17.1602,32.5078
24264,17.4902,32.1211
24388,17.0527,32.0596
24512,17.5537,32.4453
24636,17.4971,31.9248
24760,17.6221,32.5742
24884,16.9463,31.1133
25012,17.7061,33.1992
25140,17.2959,32.1309
25268,17.6182,33.1865
25396,17.2617,32.8115
25524,17.5078,32.4941
25652,17.0996,31.8652
25784,17.6436,33.1377
25916,17.5127,31.7295
26048,17.0400,31.8555
26180,17.0703,32.7334
26312,17.7080,33.5850
26444,17.6104,33.4385
26580,17.0332,31.4102
26716,17.1475,31.6855
26852,17.7295,34.8340
26988,17.6602,33.2285
27124,17.6523,32.8379
27260,17.4727,33.3232
27400,17.8408,33.3838
27540,17.2725,32.3096
27680,17.1260,32.2920
27820,17.1914,31.8438
27960,17.1973,31.9609
28100,17.1387,32.5078
28244,17.8975,34.0010
28388,16.9883,33.2520
28532,17.2695,31.8672
28676,17.3135,32.5635
28820,17.1670,33.6885
28968,17.6885,34.4307
29116,18.3447,32.3408
29264,17.5430,33.7910
29412,17.5254,32.9150
29560,16.9375,33.1807
29708,17.3721,33.3770
29860,17.0283,32.3018
30012,17.4580,33.2988
30164,18.0986,34.9443
30316,17.1602,32.7256
30468,17.6221,33.2451
30624,16.7412,32.0840
30780,17.2061,32.3105
30936,16.7373,33.2373
31092,17.0273,32.9346
31248,17.2939,209.6592
31408,19.1445,33.6953
31568,16.9658,32.6250
31728,17.0352,31.8809
31888,17.5479,33.3477
32048,17.8330,33.4678
32212,17.5869,33.6094
32376,17.6230,33.6758
32540,17.4551,33.1963
32704,17.5088,34.7236
32868,23.8369,34.1221
33036,22.9590,33.9551
33204,21.9922,32.9854
33372,22.2461,33.7148
33540,23.5986,35.1465
33708,23.4805,34.8604
33880,22.9873,35.8496
34052,23.6270,35.4492
34224,22.7852,34.4541
34396,23.1729,35.1777
34568,22.3369,33.3525
34744,23.3496,34.8613
34920,22.1035,32.6660
35096,23.0645,34.6367
35272,22.9404,33.7930
35452,22.8320,34.9521
35632,22.6934,33.3457
35812,20.4326,33.6377
35992,19.8857,35.6836
36172,19.7871,35.1504
36356,18.8857,33.4961
36540,19.4121,33.8027
36724,19.3623,33.7588
36908,19.6797,34.4268
37096,18.8789,32.3809
37284,19.9141,34.8799
37472,19.2568,33.7100
37660,19.3916,33.4980
37852,19.0264,33.2891
38044,19.5869,34.7783
38236,18.7959,32.5615
38428,18.7930,33.2529
38624,31.0605,59.3916
38820,18.9189,32.6689
39016,19.1328,33.8955
39212,19.1016,34.0352
39412,19.3398,33.6543
39612,18.8281,32.8867
39812,19.4697,33.7744
40012,19.0713,33.6377
40216,19.5010,34.2559
40420,18.7598,33.7471
40624,20.0293,35.8701
40828,19.9238,36.1523
41036,19.1553,33.4775
41244,19.0010,33.7080
41452,19.0078,33.6895
41660,19.4854,36.0234
41872,19.5225,34.7939
42084,19.3281,34.0283
42296,19.6270,34.3389
42508,19.6016,34.7764
42724,19.5107,35.0254
42940,19.6055,34.6025
43156,19.1699,34.2832
43372,19.0898,34.9336
43592,19.5439,34.1904
43812,19.7461,35.1660
44032,19.7998,35.3037
44256,20.1338,35.5547
44480,19.5313,34.7832
44704,19.2559,34.6484
44928,20.5908,35.8965
45156,19.2852,33.5479
45384,19.7344,34.9102
45612,19.8701,34.6807
45844,19.9365,35.1729
46076,19.6787,34.5742
46308,19.4863,33.8359
46540,19.3711,33.5068
46776,19.8994,35.6006
47012,19.6650,35.4570
47248,19.8037,35.3096
47488,20.0459,34.7158
47728,19.5791,34.8564
47968,19.3740,34.7061
48208,20.6133,35.8789
48452,19.3076,34.1299
48696,20.0752,36.2588
48940,19.7988,35.6904
49188,19.6289,34.3750
49436,19.7002,34.5322
49684,19.6406,34.6670
49936,19.9434,35.0098
50188,20.0029,36.0420
50440,18.9727,33.7598
50696,19.1797,34.8623
50952,20.0029,35.8838
51208,20.3594,36.6230
51468,19.9258,36.2568
51728,19.7734,35.9746
51988,19.3447,33.8857
52248,19.9268,35.2764
52512,20.1523,36.0420
52776,20.3389,36.2305
53040,19.6582,35.0322
53308,19.7852,34.9580
53576,19.6748,35.0996
53844,19.6953,45.3486
54116,20.0127,36.2266
54388,19.8613,35.6113
54660,19.5928,35.3311
54936,19.7852,35.6338
55212,20.2246,36.3232
55492,19.9502,36.2148
55772,19.5498,35.0928
56052,19.7764,36.5996
56336,20.5127,34.1631
56620,20.9590,35.8652
56904,20.6777,34.8438
57192,21.3711,36.5898
57480,21.8906,37.6318
57768,20.5850,35.4258
58060,20.8857,36.4971
58352,20.4336,35.9121
58644,19.6807,34.6064
58940,20.9893,36.3516
59236,20.1738,35.3379
59536,20.8936,36.6260
59836,19.8584,35.1885
60136,19.7314,34.1455
60440,21.0615,37.1357
60744,20.8105,36.5654
61048,20.4355,35.4414
61356,20.9307,37.1084
61664,20.5986,36.4219
61976,19.8936,35.1436
62288,20.5947,36.5166
62600,20.1611,36.0986
62916,20.7793,37.1494
63232,19.8467,34.5830
63552,20.6377,36.2305
63872,20.4971,35.9756
64192,19.7686,34.9600
64516,20.2383,35.7930
64840,20.9590,37.2773
65168,20.1689,36.7715
65496,20.9912,36.2295
65824,26.8828,37.6289
66156,24.3955,37.3574
66488,23.5332,36.9561
66824,23.3389,37.1377
67160,23.5957,37.4600
67496,22.9150,36.1523
67836,22.8076,36.3096
68176,22.9863,36.5439
68520,23.0449,36.4697
68864,22.9209,36.2490
69212,23.0586,36.0361
69560,23.6133,36.6006
69908,22.9922,35.0410
70260,23.6563,37.7344
70612,23.2275,36.5879
70968,23.8770,37.5166
71324,23.4736,37.4180
71684,22.1982,36.0967
72044,23.6797,36.7197
72408,23.2783,36.9063
72772,22.7588,35.6689
73136,23.0352,36.1162
73504,23.3154,37.8232
73872,23.3643,37.5420
74244,24.0127,37.6484
74616,23.5332,38.8652
74992,22.6992,36.7891
75368,23.3516,37.4092
75748,22.3730,34.9561
76128,23.2930,38.1621
76512,23.8965,38.3828
76896,23.6563,36.9766
77284,23.2051,36.7676
77672,23.1377,36.8184
78064,23.0430,36.3838
78456,22.9922,37.8691
78852,23.0352,37.1260
79248,22.5771,36.1270
79648,22.5049,35.3027
80048,22.7705,35.6885
80452,23.0791,36.5801
80856,22.9834,37.1953
81264,22.8535,36.5303
81672,22.9971,37.5703
82084,23.4053,37.7969
82496,23.4424,38.3154
82912,24.0693,36.9434
83328,24.1846,37.9424
83748,22.8789,36.3262
84168,23.3584,37.4287
84592,23.2188,74.4424
85016,25.7568,39.3516
85444,23.6172,38.4189
85872,24.3145,39.5928
86304,23.6357,38.0400
86736,24.0137,38.2451
87172,23.6748,39.0107
87608,23.7402,39.5205
88048,23.3135,38.3779
88492,23.3516,38.7373
88936,22.8779,36.3926
89384,23.6777,38.4814
89832,23.5479,38.3125
90284,23.6436,38.7080
90736,23.1094,37.4072
91192,24.3438,40.6592
91648,23.7031,39.2090
92108,23.2998,37.8916
92572,22.9941,38.1416
93036,22.5586,36.6650
93504,22.7900,37.6914
93972,22.8789,38.2207
94444,22.7881,37.8164
94920,22.7451,43.9834
95396,24.8428,39.8350
95876,23.5723,38.2646
96356,24.1113,39.2461
96840,24.1914,38.6523
97328,23.0898,42.1074
97816,24.1250,37.1650
98308,23.3115,83.9180
98800,23.4746,38.0000
99296,23.0313,37.7715
99796,23.7500,38.3096
100296,23.7871,39.1572
100800,50.2549,38.6426
101304,22.9482,38.7803
101812,23.4023,38.1514
102324,22.8457,37.9297
102836,22.5420,38.0186
103352,23.1934,38.1875
103872,22.9707,39.0313
104392,23.6230,38.3232
104916,23.8613,37.7178
105444,22.8594,38.6133
105972,23.6328,39.3311
106504,23.6504,39.6641
107040,22.8164,38.5293
107576,23.5381,39.5791
108116,23.2930,39.7080
108660,23.2100,38.6299
109204,22.4746,38.6191
109752,23.9521,46.1201
110304,22.5234,37.4014
110856,23.5352,39.9443
111412,23.3516,38.3076
111972,23.8320,37.9287
112532,23.3281,38.0352
113096,23.6309,39.4883
113664,22.9492,38.5469
114236,22.9980,38.5547
114808,23.1396,38.6094
115384,23.2939,40.0088
115964,67.6123,39.9805
116544,32.4082,41.5225
117128,23.8564,39.8477
117716,22.7910,37.8555
118308,23.7139,40.2109
118900,22.9854,38.5166
119496,22.6309,38.2012
120096,22.6689,37.8818
120700,23.0527,38.8096
121304,23.4756,39.6533
121912,23.5791,40.4912
122524,23.5625,39.3340
123140,22.8330,38.6279
123756,22.7334,37.9951
124376,23.0518,39.0068
125000,22.9219,37.9814
125628,23.3330,39.4307
126260,23.5498,38.8750
126892,22.8613,38.7197
127528,23.6777,40.1680
128168,23.9453,40.5332
128812,22.7969,39.0156
129460,22.8828,38.5898
130108,23.2871,39.8770
130760,23.3965,46.4775
131416,27.7090,44.9102
132076,26.0322,37.4639
132740,29.1357,41.9590
133404,26.7842,39.0830
134072,27.4971,43.8350
134744,27.1592,40.3955
135420,26.5381,78.8711
136100,27.7373,40.7646
136784,27.0664,40.1123
137468,25.5342,37.7637
138156,27.8604,40.6729
138848,26.7061,40.8340
139544,25.8242,38.5967
140244,26.1221,39.6279
140948,26.1914,49.5791
141656,26.9014,48.9551
142368,26.6836,40.6563
143080,27.2881,40.9893
143796,26.1143,38.7793
144516,26.1973,40.4541
145240,26.9238,41.8115
145968,27.1592,41.2354
146700,27.1631,41.3584
147436,25.9922,39.6152
148176,25.8955,39.8311
148920,27.7021,41.7383
149668,26.4580,46.5361
150420,25.5664,37.6748
151176,26.2314,39.2988
151932,27.0117,40.6943
152692,27.0898,40.9121
153456,26.2920,39.5986
154224,26.9248,41.2021
154996,26.1572,39.6875
155772,26.7334,40.1270
156552,26.4131,40.6963
157336,73.0527,45.1660
158124,26.1602,40.3984
158916,26.0645,40.3867
159712,26.5039,41.1914
160512,26.8545,40.4023
161316,27.3984,41.3574
162124,26.8789,40.9189
162936,26.6494,40.8193
163752,26.8877,41.2549
164572,27.2051,42.4189
165396,26.6338,41.4082
166224,25.9541,45.7998
167056,27.6660,42.1221
167892,27.0625,41.5029
168732,27.0693,40.6729
169576,26.6572,40.3350
170424,26.2988,40.0879
171280,27.0332,40.8330
172140,26.2725,40.4609
173004,25.8242,40.6143
173872,26.8252,41.2646
174744,29.0518,42.5488
175620,26.6729,41.1318
176500,26.4043,41.1865
177384,27.1387,41.2373
178272,28.1348,43.3945
179164,28.0459,41.5498
180060,25.8369,41.4141
180964,25.2354,39.5000
181872,25.5947,40.3789
182784,26.7051,42.4121
183700,25.8887,41.3838
184620,25.7539,40.6416
185544,26.3457,42.2354
186472,25.6514,41.0547
187408,26.2822,42.0020
188348,25.8350,41.4980
189292,26.1260,40.6963
190240,25.9160,41.1563
191192,26.2031,42.1289
192148,26.5527,41.9531
193112,26.0000,41.4971
194080,26.7881,43.5479
195052,27.4785,48.4521
196028,26.4434,40.6680
197012,27.2119,42.2627
198000,26.9873,40.7686
198992,27.4814,42.1045
199988,27.0547,40.8643
200988,27.7139,41.6426
201996,27.2148,42.1416
203008,26.7920,40.8145
204024,27.8828,43.5654
205048,27.0713,40.3340
206076,56.5908,42.9180
207108,26.6914,41.0449
208144,27.4238,42.3965
209188,26.5244,40.8750
210236,26.8506,42.0605
211288,27.4824,43.5713
212348,26.6738,42.0098
213412,25.6221,40.0098
214480,28.1025,43.6182
215556,26.5654,41.9248
216636,27.5625,43.4482
217720,26.7227,41.9531
218812,27.3828,42.6377
219908,27.1406,42.1953
221008,26.7549,41.9834
222116,26.6660,41.7627
223228,26.5977,41.4238
224348,26.6504,42.9951
225472,26.5049,41.9033
226600,27.1523,46.3994
227736,26.7441,67.0977
228876,26.5947,40.7715
230024,25.8438,41.5625
231176,26.4102,42.0088
232332,27.3711,42.5840
233496,26.8867,43.0098
234664,27.9395,43.6943
235840,26.8457,41.8359
237020,26.0576,41.1289
238208,26.5664,43.2305
239400,26.3701,50.6914
240600,26.4229,41.5215
241804,27.1270,43.2979
243016,27.1191,43.8135
244232,27.6924,43.3652
245456,27.5938,43.8174
246684,28.0264,44.9385
247920,26.8105,42.6436
249160,26.3975,41.7168
250408,26.9727,43.3115
251664,28.2520,49.8994
252924,26.6943,42.4834
254192,26.9785,42.7344
255464,27.6494,43.1074
256744,27.6514,43.6006
258028,26.4482,41.9512
259320,26.6006,43.4805
260620,26.3457,41.7588
261924,27.4541,43.4834
263236,31.9180,45.0029
264556,30.8242,44.3818
265880,30.1377,44.1973
267212,29.9385,44.0615
268552,30.9775,44.4189
269896,30.7725,44.4023
271248,29.4697,42.7979
272608,30.3652,43.7354
273972,29.4463,43.3174
275344,30.9902,45.4092
276724,28.6533,41.9404
278108,29.3125,48.4902
279500,30.1328,43.4961
280900,29.1465,42.9492
282308,29.5322,43.7871
283720,28.8984,43.1514
285140,28.9375,42.7627
286568,30.4404,45.3779
288004,30.0459,44.6865
289448,29.3252,43.4170
290896,30.7012,44.9541
292352,29.2090,42.8564
293816,31.1279,45.9346
295288,29.2988,43.3105
296768,30.4219,45.1816
298252,30.7188,45.8076
299744,30.5313,45.3496
301244,29.5869,44.4014
302752,28.4727,43.1318
304268,30.3330,45.1094
305792,29.4258,43.6182
307324,28.4092,42.6816
308864,28.9336,43.0420
310412,28.9248,44.3555
311968,29.3633,44.6240
313528,29.3965,44.8936
315096,42.7646,45.6318
316672,29.1143,43.5752
318256,30.2412,121.8828
319848,29.6201,44.3838
321448,29.1387,43.8076
323056,30.1123,44.8369
324672,29.3486,43.7637
326296,29.9971,45.2598
327928,34.4600,43.4805
329568,29.4570,43.6162
331216,29.5488,44.3486
332876,29.1758,43.7461
334544,28.5166,42.1494
336220,29.0811,45.5850
337904,29.4189,44.3047
339596,29.6230,44.5195
341296,28.7529,43.2764
343004,28.8887,43.8545
344720,35.5576,44.0586
346444,29.2129,43.6738
348180,28.4033,42.8262
349924,29.5986,44.3721
351676,29.3252,44.1729
353436,29.4238,44.4170
355204,29.2754,44.3408
356984,30.1514,45.5098
358772,29.6738,44.2793
360568,29.6211,44.6416
362372,29.0215,45.0859
364184,29.4170,44.1123
366008,27.6777,42.6719
367840,28.4307,42.7725
369680,28.4160,42.5000
371532,28.7998,43.4463
373392,41.1230,44.8896
375260,28.2178,42.8770
377140,29.1611,43.1270
379028,28.0713,50.7031
380924,29.1963,42.9043
382832,29.3574,43.7803
384748,30.1309,43.9541
386672,29.6113,44.3477
388608,30.1807,45.2969
390552,30.2930,46.0332
392508,29.9297,44.2402
394472,30.3154,45.5625
396448,29.2168,44.1826
398432,31.2871,47.5557
400428,30.4219,45.7217
402432,37.8076,44.6914
404448,30.0898,45.2109
406472,29.7549,46.0713
408508,29.6875,44.4355
410552,28.4561,43.2285
412608,30.1777,45.7666
414672,29.3633,44.8242
416748,28.7363,44.3984
418832,30.7168,46.0273
420928,29.8535,45.8545
423036,29.4775,45.4053
425152,28.6475,43.4932
427280,30.1455,46.7080
429420,29.5557,45.1924
431568,30.0957,45.3672
433728,28.7178,43.1553
435900,29.9111,114.4131
438080,31.9971,46.1680
440272,28.6953,43.4805
442476,27.9434,42.5947
444692,29.6328,45.8730
446916,29.8154,45.9639
449152,28.4629,43.5254
451400,29.7090,44.8330
453660,29.1152,45.2412
455932,30.8760,47.0664
458212,28.7559,43.4932
460504,31.1377,47.2451
462808,29.3994,44.8193
465124,29.9775,45.5771
467452,30.9463,46.9482
469792,30.3857,47.1641
472144,30.2891,47.0352
474508,29.5107,44.5488
476884,35.5967,42.6035
479272,28.7607,45.3320
481672,29.3545,46.0273
484084,30.1123,46.9414
486508,29.8369,46.4297
488944,29.4502,45.0635
491392,30.3145,47.0166
493852,29.9746,46.5508
496324,28.7676,46.4551
498808,35.6777,47.4541
501304,29.4775,45.4980
503812,30.2139,47.2178
506332,29.4775,49.9824
508864,30.1104,46.3838
511412,29.0684,45.3037
513972,28.4658,44.1729
516544,29.7813,46.5781
519128,29.8379,46.2871
521724,35.2197,47.3779
524336,37.6152,52.1621
526960,33.2637,47.2510
529596,33.6992,47.8398
532244,31.8359,45.0400
534908,32.7686,47.3301
537584,32.9248,48.3301
540272,33.2695,48.3057
542976,32.2441,52.3408
545692,32.7539,46.4375
548424,32.7363,46.3379
551168,32.6064,46.4287
553924,31.5557,45.5020
556696,32.8750,47.2920
559480,32.8877,47.8379
562280,32.9111,47.2061
565092,33.0400,46.4268
567920,38.4531,46.3271
570760,33.3105,48.2246
573616,31.5322,44.9492
576488,32.9395,50.9648
579372,32.6113,46.6904
582272,33.9990,48.6045
585184,33.1748,48.1982
588112,32.7197,47.0127
591056,33.1094,85.7002
594012,35.8789,46.6123
596984,32.5723,46.9570
599972,33.9004,49.5186
602972,33.3115,48.6865
605988,41.6318,45.3350
609020,34.8252,47.8516
612068,31.5928,45.6680
615132,31.8379,46.2969
618208,35.3760,45.9775
621300,33.0156,48.0879
624408,32.4307,47.1309
627532,35.6367,46.3027
630672,34.1533,49.1689
633828,33.7119,48.6582
637000,31.3516,45.8662
640188,31.6641,45.4258
643392,32.9639,48.9336
646612,31.8145,48.5547
649848,31.5078,45.9854
653100,32.5703,47.5508
656368,31.0273,46.3008
659652,34.7510,46.5996
662952,31.4785,45.4873
666268,31.9092,46.7852
669600,32.5273,47.4932
672948,32.0488,47.1768
676316,31.5576,46.0137
679700,30.7686,45.3789
683100,31.4209,48.5361
686516,33.6563,51.3193
689952,32.7314,46.5527
693404,33.6699,48.4648
696872,32.3643,46.8438
700360,32.4160,46.6875
703864,30.7598,47.1260
707384,32.6689,47.2266
710924,32.1582,46.1152
714480,32.5059,47.5029
718056,32.1689,46.2451
721648,31.5371,46.2178
725260,32.9756,48.7070
728888,32.5527,47.4414
732536,32.2363,47.1016
736200,32.8896,48.5361
739884,32.4277,47.3662
743584,31.1387,47.2529
747304,34.1025,46.9756
751044,31.3242,46.8467
754800,32.4453,47.0176
758576,32.1270,47.4209
762372,33.0703,48.5410
766184,32.2988,48.2646
770016,32.5703,47.3398
773868,32.8857,47.6299
777740,32.5576,47.8174
781632,31.6270,45.7998
785544,32.9668,48.3496
789472,31.5664,46.3037
793420,32.4609,47.6582
797388,33.0244,47.4795
801376,32.0732,47.5430
805384,56.4512,46.5410
809412,33.1299,47.1787
813460,31.6748,45.4697
817528,31.6064,46.8438
821616,33.1299,49.6406
825728,32.7070,48.5898
829860,33.1875,49.5947
834012,33.8008,50.0645
838184,32.8887,48.5840
842376,33.7158,50.8350
846588,33.2637,49.4189
850824,34.9971,48.0850
855080,32.5352,49.2148
859356,31.7930,47.7969
863656,33.0391,49.4404
867976,32.8408,46.9648
872316,39.3076,47.1279
876680,35.4619,79.3281
881064,35.4658,50.0889
885472,33.1230,47.7246
889900,32.6240,46.9248
894352,32.4814,47.4023
898824,36.0322,51.6895
903320,33.8076,49.1396
907840,34.1729,52.2461
912380,35.4512,51.4902
916944,34.0850,49.5938
921532,34.8105,51.0547
926140,33.2441,48.6240
930772,33.8506,49.3330
935428,33.7188,49.1699
940108,33.9189,50.3096
944812,35.1621,51.8145
949540,35.5850,50.7148
954288,33.7764,49.9443
959060,34.1934,49.8994
963856,35.9063,51.6367
968676,34.7568,49.3008
973520,35.3223,50.2402
978388,34.7920,49.4863
983280,35.0713,51.5488
988200,34.7363,49.0195
993144,33.7148,49.5459
998112,35.0225,50.3867
1003104,35.4912,50.5117
1008120,33.3643,49.6533
1013164,42.0908,50.1338
1018232,33.3936,50.7373
1023324,34.5898,51.2529
1028444,33.3486,50.3877
1033588,33.6641,49.6797
1038756,32.6553,48.1904
1043952,35.0352,52.1309
1049172,39.6152,55.1904
1054420,36.0732,50.5967
1059696,36.8701,51.7520
1064996,36.9678,51.0664
1070324,39.4297,51.1689
1075676,36.3467,51.7217
1081056,35.8398,51.2285
1086464,37.6328,52.5342
1091900,37.2764,52.2744
1097360,37.3379,63.6279
1102848,36.0859,51.8955
1108364,37.3359,53.4688
1113908,36.9561,51.5977
1119480,38.2627,53.8223
1125080,35.1914,49.9121
1130708,35.8594,51.0605
1136364,36.1211,51.4033
1142048,35.9580,52.3916
1147760,36.6807,50.7529
1153500,38.1572,53.2803
1159268,36.4346,51.4492
1165068,38.9697,54.5391
1170896,38.5918,55.2383
1176752,36.3711,52.0098
1182636,36.4521,50.9531
1188552,37.5654,52.6055
1194496,37.1523,51.8154
1200472,36.8662,51.6348
1206476,38.3018,53.9854
1212512,38.4023,53.2422
1218576,36.7324,50.1602
1224672,36.3555,50.2451
1230796,38.3701,53.4863
1236952,43.6504,52.6426
1243140,35.6299,49.3457
1249356,37.2461,51.0908
1255604,36.9795,52.4043
1261884,36.7129,51.0049
1268196,37.4424,52.7959
1274540,36.9072,51.9277
1280916,37.1406,52.5352
1287324,36.8203,52.2998
1293764,36.3984,52.2725
1300236,37.4805,53.4209
1306740,36.2236,52.1426
1313276,38.6426,54.2168
1319844,38.1650,54.1768
1326444,38.3682,55.3887
1333080,37.2578,53.6191
1339748,37.6777,52.5537
1346448,38.2881,51.6631
1353184,36.9307,52.3799
1359952,37.3760,52.7998
1366752,38.0742,53.3408
1373588,38.5078,54.1387
1380456,37.7627,53.0625
1387360,37.1641,53.1660
1394300,38.4590,54.6260
1401272,37.6699,53.5303
1408280,37.5742,53.9395
1415324,38.8916,54.2568
1422404,37.4082,53.5469
1429520,37.8096,90.0010
1436668,39.2168,54.4346
1443852,38.9268,58.9160
1451072,37.5391,52.8545
1458328,38.7412,54.0791
1465620,39.6826,54.8213
1472952,39.3350,54.7236
1480320,39.5303,55.3545
1487724,38.8428,54.0850
1495164,37.7393,53.5605
1502640,37.2217,52.1123
1510156,37.8467,54.0918
1517708,39.1045,55.2070
1525300,40.7783,57.2715
1532928,37.5596,54.0195
1540596,38.4824,54.4443
1548300,38.1543,55.8770
1556044,37.2480,53.4922
1563828,38.4785,55.4053
1571648,38.1924,55.0215
1579508,38.3359,55.1016
1587408,38.0518,54.7461
1595348,37.3398,53.7480
1603328,46.3203,55.1387
1611348,36.4072,53.1045
1619408,38.3350,54.9980
1627508,37.7842,54.7920
1635648,40.2002,58.0098
1643828,38.5088,54.3809
1652048,39.3721,56.5586
1660312,39.7510,56.5176
1668616,38.7158,55.3779
1676960,39.5166,58.0303
1685348,39.1895,56.6973
1693776,37.8779,54.4766
1702248,38.5215,56.3789
1710760,37.9443,55.1982
1719316,38.1592,56.8398
1727916,38.7275,54.9844
1736556,40.0146,55.5488
1745240,39.4805,54.2910
1753968,40.5400,56.6484
1762740,39.5068,54.4502
1771556,39.6182,57.2871
1780416,41.6533,57.2441
1789320,40.3779,56.8418
1798268,40.6826,56.9863
1807260,40.6982,57.5156
1816300,40.2246,56.6084
1825384,40.0059,56.5410
1834512,38.4365,54.6270
1843688,38.9551,55.2168
1852908,40.9443,58.8545
1862176,38.4502,54.3818
1871488,40.6572,57.1738
1880848,39.7900,57.8525
1890256,41.2148,57.9619
1899708,39.6104,55.6885
1909208,39.0820,56.9082
1918756,39.2129,56.3486
1928352,39.3887,57.1201
1937996,39.6982,55.9922
1947688,39.9619,57.5508
1957428,40.3672,57.3594
1967216,40.8457,58.8086
1977056,40.3701,58.5107
1986944,41.1455,58.0400
1996880,41.8096,58.8145
2006868,41.9766,58.5381
2016904,39.5830,56.1250
2026992,40.5225,57.8467
2037128,40.7168,58.1826
2047316,41.0322,57.6436
2057556,41.3564,59.6094
2067844,40.2969,57.7344
2078184,40.1895,59.4834
2088576,41.4541,60.0518
2099020,44.9844,67.9053
2109516,43.2988,58.9971
2120064,43.8721,58.8066
2130668,47.3877,59.8203
2141324,42.8320,57.7754
2152032,44.4092,60.4766
2162796,44.4541,61.0205
2173612,44.1846,60.1797
2184484,43.8369,59.3916
2195408,43.2266,58.8799
2206388,44.2148,59.7920
2217420,44.3945,60.8262
2228508,44.4453,60.7988
2239652,44.8691,61.5215
2250852,44.6123,62.1816
2262108,43.9092,61.9453
2273420,44.2842,60.8301
2284788,44.1113,62.0420
2296212,46.0410,63.5508
2307696,43.7393,60.3125
2319236,43.0752,59.2695
2330836,43.4336,59.1299
2342492,46.1436,64.2588
2354208,44.1426,60.9346
2365980,44.4014,61.5313
2377812,44.0342,61.0205
2389704,43.1016,59.2930
2401656,62.5391,62.7969
2413668,44.1816,60.0010
2425740,42.3965,59.2578
2437872,42.6719,60.1787
2450064,42.8203,59.3877
2462316,42.9814,59.7930
2474628,42.1064,58.5322
2487004,42.7021,61.0156
2499440,43.3564,61.4873
2511940,42.3145,59.4668
2524500,42.6514,59.2178
2537124,43.7021,61.3340
2549812,41.4248,58.6582
2562564,42.7100,60.7227
2575380,43.7461,61.0107
2588260,42.1953,61.2363
2601204,40.9824,58.3018
2614212,40.3584,57.9512
2627284,42.2949,60.6045
2640424,41.8438,59.3311
2653628,43.8184,62.6484
2666900,42.9033,61.6943
2680236,43.6514,62.1201
2693640,43.3828,61.1201
2707112,44.3672,62.8242
2720648,43.7354,62.1250
2734252,42.6621,60.6504
2747924,43.1367,61.0635
2761664,42.6504,61.8252
2775476,43.3213,62.1563
2789356,43.8037,62.9414
2803304,44.2432,64.4473
2817324,42.3789,59.5371
2831412,45.4053,64.7607
2845572,41.6377,58.7764
2859800,43.6260,62.6816
2874100,43.3408,61.5332
2888472,42.7480,61.9980
2902916,41.3223,60.2500
2917432,43.2598,67.9922
2932020,47.5459,65.0742
2946684,46.6543,64.7793
2961420,47.0029,64.5938
2976228,45.8984,129.5391
2991112,42.3623,61.6914
3006068,44.7402,62.7471
3021100,44.6348,63.2920
3036208,43.6240,61.4482
3051392,42.1025,59.3574
3066652,43.8584,68.5742
3081988,54.2725,63.3955
3097400,42.4082,61.9766
3112888,43.6533,64.0420
3128456,43.7051,62.2188
3144100,44.7900,63.8574
3159824,44.1533,77.4004
3175624,43.3174,63.3008
3191504,44.3887,64.1416
3207464,43.6768,62.6533
3223504,43.7100,61.9268
3239624,44.2256,62.5771
3255824,43.1318,62.1035
3272104,43.9463,76.9912
3288468,44.0010,64.6572
3304912,43.4844,63.1914
3321440,43.3730,62.9600
3338048,44.6348,64.0186
3354740,43.1768,63.5664
3371516,44.4541,62.5127
3388376,43.3174,62.6641
3405320,43.3457,63.2979
3422348,43.8477,63.8008
3439460,44.3320,64.8691
3456660,44.8145,113.8867
3473944,44.7422,63.5371
3491316,44.6230,62.8447
3508776,45.4385,70.4189
3526320,43.7568,63.1777
3543952,43.9238,63.3818
3561672,43.5566,62.5732
3579484,50.5205,62.2861
3597384,54.6475,66.8955
3615372,44.6758,62.8154
3633452,48.6318,68.7109
3651620,46.6895,66.2813
3669880,47.1436,65.2080
3688232,46.3125,76.5713
3706676,46.7666,67.1074
3725212,44.6816,64.7480
3743840,45.9990,66.6680
3762560,46.5791,65.8457
3781376,46.0967,66.5859
3800284,46.0732,66.1367
3819288,47.5723,68.0938
3838388,47.6631,106.6563
3857580,55.7949,64.6885
3876868,47.6797,65.0400
3896256,47.2881,67.4199
3915740,46.1055,66.5635
3935320,46.6064,66.7178
3955000,45.1025,115.4092
3974776,45.9873,64.6777
3994652,48.4678,67.9053
4014628,45.2012,63.9092
4034704,55.4951,65.3789
4054880,45.9883,65.5859
4075156,46.6201,66.1885
4095532,46.8896,65.8047
4116012,46.5264,66.5469
4136596,46.3232,66.3711
4157280,46.7188,67.0654
4178068,47.6738,67.1689
4198960,54.9141,71.7637
4219956,51.8545,67.8564
4241056,52.4365,68.7627
4262264,52.2920,67.6152
4283576,51.0254,68.3193
4304996,50.0664,71.1689
4326524,50.5342,67.4326
4348160,51.5732,70.5156
4369904,50.4092,67.3096
4391756,51.9912,69.0713
4413716,51.5957,68.9375
4435788,51.5684,67.5225
4457968,54.2168,66.2646
4480260,51.1924,65.1777
4502664,51.4980,65.8691
4525180,56.8027,68.6416
4547808,50.1855,69.3838
4570548,48.0244,63.3867
4593404,51.5313,66.2197
4616372,51.4512,73.9668
4639456,51.0869,66.6328
4662656,54.5371,68.2656
4685972,49.6748,66.9297
4709404,50.8125,67.3301
4732952,49.3623,63.8916
4756620,49.2188,66.0586
4780404,51.5713,73.1455
4804308,49.4570,67.3398
4828332,49.8857,66.3438
4852476,51.3232,71.0186
4876740,49.7480,67.9990
4901124,50.8076,69.0352
4925632,51.3145,72.5762
4950264,49.6123,67.8174
4975016,51.0313,69.0342
4999892,49.7646,66.9219
5024892,49.1045,67.6328
5050020,52.6289,70.4912
5075272,52.8105,70.4814
5100652,50.1406,68.0322
5126156,50.1309,72.2734
5151788,50.2461,69.5088
5177548,49.3232,67.5313
5203436,50.5703,69.3730
5229456,48.3799,67.3389
5255604,50.6797,70.7500
5281884,51.0850,68.5498
5308296,57.3809,70.2979
5334840,52.1211,71.0293
5361516,51.0869,70.4707
5388324,52.4736,71.3818
5415268,57.1875,69.1035
5442348,50.6563,68.1758
5469560,47.3457,64.9014
5496908,52.8926,73.2012
5524396,47.0527,64.4648
5552020,49.6377,69.4785
5579784,51.4883,70.7871
5607684,51.1348,69.0820
5635724,52.2314,71.3291
5663904,50.2959,68.2070
5692224,51.3008,70.2314
5720688,49.8789,68.5010
5749292,50.0723,68.4766
5778040,50.4707,70.2393
5806932,49.8506,67.8320
5835968,50.6367,68.4521
5865148,51.1104,69.5518
5894476,50.5439,70.4795
5923952,50.8154,68.2939
5953572,66.0977,73.5107
5983340,53.9307,73.4189
6013260,50.3594,69.8486
6043328,60.4141,71.9580
6073548,51.4238,71.6787
6103916,52.5322,73.0273
6134436,50.4844,70.2363
6165112,49.9111,70.7139
6195940,51.5400,67.5713
6226920,47.9570,67.7969
6258056,50.4414,70.0762
6289348,50.7559,72.9453
6320796,228.3008,76.9453
6352400,52.6924,71.4502
6384164,51.6494,70.9072
6416088,50.2803,69.5166
6448172,50.8975,69.2402
6480416,50.5342,70.8604
6512820,52.3818,73.4209
6545388,51.3008,71.2588
6578116,51.5430,72.3730
6611008,51.7793,72.0547
6644064,52.6621,131.0020
6677288,49.9551,71.0732
6710676,53.3994,73.4658
6744232,51.3252,71.8506
6777956,49.8320,70.5156
6811848,51.9521,72.1162
6845908,51.3369,70.9219
6880140,54.5645,71.8662
6914544,53.4824,75.3174
6949120,56.4531,70.6865
6983868,51.5586,76.1406
7018788,51.5244,71.8682
7053884,50.7285,69.4170
7089156,50.9707,69.9727
7124604,51.1172,76.9404
7160228,48.6074,65.9268
7196032,51.6094,69.2236
7232016,54.5371,68.9395
7268180,48.6797,67.1865
7304524,53.7441,70.4463
7341048,50.0039,71.2275
7377756,50.4639,70.2822
7414648,51.1602,84.7988
7451724,49.2363,67.2334
7488984,49.2881,67.6973
7526432,49.5264,73.5205
7564068,50.4121,70.5225
7601892,50.9180,74.8066
7639904,48.8691,70.5088
7678104,49.3711,69.0313
7716496,50.7646,74.4902
7755080,51.2939,71.5117
7793856,49.7695,71.2520
7832828,48.1533,67.4063
7871996,56.7197,71.4473
7911356,52.5049,73.3076
7950916,51.7451,73.2158
7990672,51.2959,72.8623
8030628,65.0234,72.4668
8070784,53.1973,71.9785
8111140,91.9854,77.7920
8151696,53.9580,76.6143
8192456,52.1416,71.2002
8233420,52.8525,71.4717
8274588,60.5996,72.1846
8315964,53.3086,73.9150
8357544,50.8320,71.0527
8399332,60.1094,73.7979
8441332,57.9365,72.4648
8483540,58.5938,88.9521
8525960,54.6553,72.1758
8568592,57.4570,74.0137
8611436,56.4277,74.6895
8654496,52.9248,70.5029
8697772,53.4648,70.1357
8741264,55.2285,71.8525
8784972,57.1426,74.7520
8828900,53.5684,69.6465
8873048,54.9941,83.9316
8917416,55.5215,74.1055
8962004,56.6934,72.5898
9006816,57.5205,74.5352
9051852,54.3145,71.2363
9097112,55.1865,72.6064
9142600,53.2959,70.6563
9188316,55.6035,73.3926
9234260,55.4199,72.2275
9280432,54.1025,72.0928
9326836,55.0879,72.7725
9373472,54.3115,104.8008
9420340,53.0947,71.3281
9467444,53.2881,70.8691
9514784,54.5010,72.0654
9562360,56.0010,74.6816
9610172,53.5430,70.7861
9658224,54.5781,72.2725
9706516,54.6797,72.8467
9755052,58.0078,75.1885
9803828,56.5557,72.1260
9852848,56.2207,73.2549
9902116,56.4766,73.8623
9951628,56.8564,74.0908
10001388,56.9766,73.3027
10051396,57.6865,75.4082
10101656,55.4180,72.9238
10152168,58.4375,75.5674
10202932,56.5205,73.8037
10253948,54.7285,79.1123
10305220,55.9434,74.3291
10356748,64.5449,72.3682
10408532,53.9990,70.2480
10460576,53.8408,70.5703
10512880,54.0938,75.9297
10565448,54.6396,72.9570
10618276,53.7422,72.5762
10671368,56.0273,80.3828
10724728,57.9170,81.3916
10778352,55.3906,79.8145
10832244,56.2061,74.4951
10886408,54.6299,74.2383
10940844,55.2256,74.6377
10995552,57.5068,75.9326
11050532,54.6592,72.2275
11105788,56.7949,75.7314
11161320,56.4609,73.8740
11217128,54.9600,72.9258
11273216,56.0410,73.3154
11329584,54.5625,75.0254
11386232,55.5723,76.2061
11443164,55.7949,75.1611
11500380,55.1484,73.6436
11557884,53.5801,71.1387
11615676,56.9912,74.6904
11673756,55.2813,72.7861
11732128,56.7666,75.7012
11790792,56.8750,76.2510
11849748,55.4551,74.4805
11909000,57.6768,82.3574
11968548,57.1992,76.9482
12028392,56.2285,75.1299
12088536,56.3438,74.1797
12148980,95.8281,95.0068
12209728,57.3662,76.6348
12270780,53.9688,72.9668
12332136,55.4219,76.8037
12393800,54.6758,75.2305
12455772,53.0313,72.5645
12518052,52.2695,69.9121
12580644,55.4814,77.1660
12643548,53.5234,73.6387
12706768,55.0703,121.4629
12770304,55.1563,74.5381
12834156,53.3369,71.9287
12898328,53.0508,73.0596
12962820,58.0225,76.9854
13027636,55.8662,77.1807
13092776,55.1777,74.7275
13158240,150.1875,75.1523
13224032,57.3682,76.2432
13290156,57.9150,77.6260
13356608,54.5479,71.4863
13423392,57.1270,75.9961
13490512,55.3770,74.8428
13557968,54.9658,73.7764
13625760,54.5889,72.7559
13693892,57.7373,76.2109
13762364,55.6660,75.6680
13831176,55.4072,75.0068
13900332,56.3877,76.7773
13969836,56.0225,75.8467
14039688,57.3252,79.0186
14109888,56.0557,75.2471
14180440,55.0293,75.4521
14251344,55.5840,74.6191
14322604,55.3945,75.7998
14394220,53.8672,73.4756
14466192,55.1436,78.4736
14538524,54.4922,86.4053
14611220,54.4189,74.2920
14684280,52.9180,75.3125
14757704,55.1914,77.2041
14831496,52.7910,72.9727
14905656,55.8701,76.8525
14980188,55.3330,75.0732
15055092,55.8145,74.4512
15130368,55.3877,75.4746
15206020,55.1816,77.1016
15282052,55.6699,77.8086
15358464,56.9072,81.0586
15435260,56.9727,77.0830
15512440,54.9590,75.9033
15590004,54.6777,74.2305
15667956,57.1670,77.4600
15746296,55.3496,75.3506
15825028,54.6123,76.1621
15904156,58.0635,80.8213
15983680,55.8789,77.3262
16063600,55.2520,76.7383
16143920,54.9502,76.5078
16224640,54.6738,77.0918
16305764,54.2002,75.4551
16387296,57.4717,78.9678
16469236,56.4707,79.7100
16551584,57.4453,78.8867
16634344,56.9443,77.8936
16717516,54.5186,78.0391
16801104,61.8418,78.6221
16885112,59.6689,78.9805
16969540,63.3467,81.1465
17054388,60.6865,78.1982
17139660,62.3848,79.6719
17225360,60.0117,82.5459
17311488,65.6201,83.2197
17398048,63.5684,79.1797
17485040,64.1963,83.7510
17572468,59.8516,75.8281
17660332,65.8486,81.2559
17748636,61.2480,78.2061
17837380,62.6475,79.4307
17926568,59.0283,75.4893
18016204,63.5801,78.4199
18106288,61.7568,78.8975
18196820,63.7188,78.9854
18287808,131.2676,102.5791
18379248,66.1797,78.3496
18471148,71.8975,82.8965
18563504,62.8066,81.8623
18656324,63.5234,82.7070
18749608,63.2666,78.1709
18843360,62.6768,78.0693
18937580,59.4287,75.2705
19032268,66.7764,83.0508
19127432,63.6758,141.4424
19223072,65.6240,80.9453
19319188,63.3145,79.4893
19415784,65.0752,77.8418
19512864,65.7148,78.5566
19610432,62.8486,81.6953
19708488,73.9834,80.1416
19807032,60.0820,80.5635
19906068,71.4688,91.1006
20005600,64.9619,85.5967
20105628,67.1855,87.8301
20206160,66.0674,80.2324
20307192,66.3896,80.6514
20408728,63.1982,78.4707
20510772,69.2520,78.0859
20613328,69.6113,81.1328
20716396,66.5088,80.5410
20819980,67.2852,82.6885
20924080,65.4688,79.1660
21028704,69.1064,84.8359
21133848,71.3896,86.5879
21239520,70.8789,88.9014
21345720,79.7598,84.4023
21452452,71.1982,85.8730
21559716,68.6895,106.1514
21667516,71.9131,87.2588
21775856,71.7031,84.5479
21884736,81.5762,82.9150
21994160,75.4385,88.6475
22104132,73.0020,86.0996
22214656,72.0947,84.4180
22325732,72.9766,88.1289
22437364,74.3828,89.9951
22549552,93.6504,86.6475
22662300,71.9951,95.4424
22775612,72.4307,86.8125
22889492,84.5098,82.5205
23003940,74.1602,155.1426
23118960,70.9443,84.2510
23234556,75.9912,87.6719
23350732,86.9834,90.7178
23467488,77.9082,96.2158
23584828,72.5254,89.1729
23702756,75.5850,90.1006
23821272,74.0371,89.6055
23940380,75.7100,89.1826
24060084,74.2998,87.0273
24180388,79.2266,95.2803
24301292,81.9824,93.5996
24422800,71.9180,90.7236
24544916,78.1738,93.4336
24667644,75.6201,88.2354
24790984,77.7578,87.6670
24914940,73.3662,94.2754
25039516,80.5977,83.6016
25164716,83.9639,95.4717
25290540,73.8975,93.3213
25416996,76.7451,91.9395
25544084,82.0586,94.6611
25671808,82.2344,95.2725
25800168,82.0723,98.1064
25929172,79.8623,92.1523
26058820,80.9014,99.7695
26189116,84.3770,104.6230
26320064,87.5010,95.0654
26451668,83.6689,100.4287
26583928,88.0693,100.9453
26716848,81.7383,99.3262
26850436,83.3857,95.5381
26984692,83.2852,96.3896
27119616,86.6143,95.9209
27255216,81.1328,97.3965
27391496,161.3164,125.1914
27528456,103.3418,115.7344
27666100,97.5234,112.0283
27804432,102.8320,116.9248
27943456,102.1895,109.2637
28083176,102.6602,112.4844
28223592,100.4023,108.1807
28364712,102.4727,126.9619
28506536,120.0723,111.3838
28649072,101.4805,118.2578
28792320,105.5107,122.8447
28936284,103.3281,119.0918
29080968,105.2217,123.2969
29226376,99.8877,115.0127
29372508,101.3848,137.2891
29519372,130.8652,126.1201
29666972,105.8271,120.6484
29815308,101.1689,114.6094
29964388,130.8965,109.6523
30114212,146.3848,118.3340
30264784,109.5801,113.7734
30416108,104.2852,119.3535
30568192,109.7363,115.2803
30721036,106.0215,116.2461
30874644,104.5303,117.7676
31029020,107.1904,117.7822
31184168,103.2168,116.8379
31340092,107.7314,117.9531
31496796,105.0645,111.5313
31654280,105.6973,118.7959
31812552,109.8447,122.4189
31971616,106.0127,121.7627
32131476,105.0889,118.5342
32292136,112.1309,119.4033
32453600,113.6279,117.9834
32615868,114.2979,123.5215
32778948,116.7773,124.3525
32942844,110.7461,116.9736
33107560,113.5264,127.6436
33273100,109.2168,115.1016
33439468,111.7949,120.1465
33606668,117.7559,125.2764
33774704,129.9209,131.5713
33943580,119.4375,147.1143
34113300,124.6289,130.0332
34283868,124.9883,121.9854
34455288,127.8779,127.8115
34627568,127.8838,129.9648
34800708,174.2480,146.4131
34974712,134.9199,125.9961
35149588,136.2842,138.6230
35325336,137.9688,141.8633
35501964,134.6768,151.0420
35679476,138.1514,133.6768
35857876,128.1250,129.4414
36037168,137.0313,153.7803
36217356,141.2236,143.3389
36398444,137.8984,138.0703
36580440,126.1973,147.9834
36763344,132.3232,131.5742
36947164,135.8906,225.8564
37131900,195.9629,163.8877
37317560,142.6436,134.0303
37504148,148.9922,136.1738
37691672,139.0088,143.4375
37880132,124.5820,134.5605
38069536,136.9883,135.0625
38259884,271.8350,148.9590
38451184,149.8184,138.7070
38643440,141.3896,164.5283
38836660,144.4619,149.5156
39030844,135.0723,144.7773
39226000,138.6992,154.7363
39422132,182.1924,157.3408
39619244,170.6152,256.5244
39817344,150.2119,153.0430
40016432,146.0254,146.4453
40216516,145.5537,143.0566
40417600,138.5020,151.2383
40619688,158.3936,151.6426
40822788,164.2334,173.1729
41026904,152.3154,190.7969
41232040,143.7305,143.1260
41438204,202.9678,140.8555
41645396,131.4541,132.9600
41853624,140.1592,142.7715
42062896,135.4053,139.9619
42273212,142.5273,133.0430
42484580,167.1895,177.2793
42697004,166.4717,141.7178
42910492,132.9160,138.0469
43125048,154.1514,137.3877
43340676,137.3643,138.2188
43557380,134.0908,137.2881
43775168,138.9814,140.5127
43994044,135.1230,140.2344
44214016,143.8574,171.7813
44435088,141.7012,144.4258
44657264,138.1523,145.8486
44880552,142.5771,145.7734
45104956,149.3486,149.3779
45330484,143.1396,161.1816
45557140,139.5410,146.1484
45784928,134.7695,142.6074
46013856,144.2627,144.8721
46243928,150.5986,159.8828
46475148,160.2861,149.6953
46707524,153.1875,171.1357
46941064,182.2061,150.2754
47175772,152.0674,152.9482
47411652,168.8682,150.6104
47648712,263.0723,200.8125
47886956,167.3311,172.0879
48126392,155.9639,157.0605
48367024,153.9170,158.1123
48608860,148.7109,150.2588
48851908,151.9824,157.3916
49096168,151.1719,153.3740
49341652,146.9404,145.0098
49588364,146.1514,151.6875
49836308,147.7539,152.8740
50085492,153.6563,173.1709
50335920,152.8096,163.4180
50587600,159.9854,152.9561
50840540,153.7178,157.8184
51094744,146.8701,155.5098
51350220,153.7480,163.7607
51606972,150.7549,152.4023
51865008,147.8701,161.4980
52124336,163.2764,183.8828
52384960,156.4072,165.9873
52646888,164.8027,158.6621
52910124,158.9609,171.3037
53174676,157.9629,162.2949
53440552,168.1670,158.4043
53707756,162.4346,294.9473
53976296,169.2930,174.0020
54246180,167.8789,166.1660
54517412,170.4170,171.5156
54790000,166.6719,164.2139
55063952,174.5977,165.8535
55339272,164.2012,163.7988
55615972,162.8750,164.1006
55894052,155.8301,158.8721
56173524,162.8096,165.7793
56454392,174.6367,176.9766
56736664,171.8379,172.7207
57020348,170.1807,192.4385
57305452,173.1885,186.9502
57591980,164.5088,217.3271
57879940,168.1621,176.4385
58169340,163.0732,161.7393
58460188,168.0693,171.8174
58752492,157.8994,168.4980
59046256,158.0156,166.7832
59341488,186.0654,182.5098
59638196,172.4814,170.1895
59936388,167.5645,176.4072
60236072,192.9463,187.1895
60537256,178.4609,178.4492
60839944,186.2666,176.1973
61144144,185.7783,173.3867
61449868,169.3096,179.8457
61757120,176.6816,204.8818
62065908,196.2158,181.6758
62376240,197.8877,196.3877
62688124,178.3994,177.7939
63001568,172.7930,181.9863
63316576,183.3330,172.8916
63633160,183.7441,171.6357
63951328,180.8447,291.2764
64271088,180.3506,180.6777
64592444,182.1152,185.7510
64915408,179.3018,181.3613
65239988,190.9199,186.3975
65566188,180.9756,189.4707
65894020,185.1123,185.1768
66223492,179.4971,192.8330
66554612,196.5820,326.5176
66887388,200.1689,191.3730
