4,1.0605,1.2598
8,1.7637,7.4121
12,2.2402,8.2354
16,2.2285,7.4951
20,2.8438,9.2129
24,2.8203,10.2217
28,2.8145,10.7783
32,2.8135,10.6074
36,3.2793,11.4941
40,3.2910,12.2344
44,3.2803,12.7617
48,3.2754,13.2002
52,3.2803,14.0596
56,3.2744,14.1602
60,3.2773,14.6250
64,3.2764,15.7813
68,3.7813,15.8447
72,3.8057,17.0332
76,3.7666,16.6309
80,3.8145,17.1582
84,3.9014,17.6533
88,3.7842,17.4014
92,3.7832,17.3047
96,3.7852,18.3594
100,3.7793,18.4961
104,3.7744,18.9482
108,3.7676,19.0977
112,3.7773,19.6289
116,3.7881,20.2949
120,3.7891,20.2490
124,3.7822,20.4961
128,3.7725,21.0195
132,4.4287,21.2471
136,4.3027,21.8027
140,4.3379,21.4697
144,4.2930,22.0762
148,4.2969,22.0186
152,4.3066,21.3369
156,4.3252,21.7920
160,4.3262,21.8564
164,4.3330,21.8496
168,4.3438,22.1182
172,4.3135,21.5332
176,4.3086,22.4043
180,4.3301,21.8506
184,4.3291,30.8838
188,4.3408,22.9023
192,4.3115,22.9766
196,4.2979,23.3428
200,4.2900,23.7305
204,4.3008,23.7119
208,4.3008,24.2461
212,4.2998,24.5928
216,4.3008,24.5049
220,4.2988,24.7949
224,4.2803,24.7686
228,4.3037,24.7324
232,4.2939,25.0557
236,4.3311,25.4404
240,4.3027,25.2246
244,4.2910,23.7998
248,4.3037,22.4375
252,4.2998,22.0439
256,4.2852,23.1045
260,4.9258,23.0557
264,4.9453,23.3594
268,4.9150,22.9434
272,4.9014,23.1279
276,4.8984,22.4883
280,4.9229,28.1123
284,4.9189,22.6143
288,4.9238,23.1367
292,4.9102,22.2354
296,4.8984,22.7842
300,4.9111,22.7432
304,4.8916,22.5635
308,4.9121,23.4063
312,4.9150,23.3516
316,4.9082,23.2441
320,4.9102,23.1387
324,4.9248,23.3975
328,4.9297,23.4365
332,4.9180,23.3486
336,4.9219,23.3760
340,4.9111,23.7510
344,4.9102,23.7207
348,4.9229,23.3076
352,4.9063,23.7188
356,4.9229,23.7744
360,4.9404,24.1943
364,4.8975,23.9854
368,4.9180,23.8174
372,4.9102,23.9951
376,10.1455,24.4561
380,4.9248,24.1855
384,4.9092,24.5244
388,4.9102,24.0342
392,4.9365,25.0029
396,4.9102,24.3750
400,4.9150,24.6484
404,4.9072,24.4434
408,4.9199,24.8779
412,4.9238,25.0186
416,4.9189,25.2363
420,4.9170,26.4043
424,4.9209,25.2920
428,4.9063,25.1455
432,4.9268,25.7871
436,4.9141,25.4883
440,4.9365,25.8340
444,4.9131,25.7910
448,4.9141,26.2432
452,4.9150,26.1943
456,4.9014,27.0850
460,4.9248,26.0654
464,4.9023,48.9150
468,4.9561,25.8398
472,4.9316,26.0596
476,4.9063,26.4355
480,4.9238,26.6182
484,4.9199,26.0303
488,4.9121,51.1631
492,4.9551,27.8154
496,4.9316,26.7930
500,4.9063,26.8750
504,4.9121,27.4004
508,4.9014,27.1406
512,4.9043,27.8896
516,8.0527,27.5322
520,7.6904,27.4766
524,7.8154,28.4297
528,7.6758,27.8369
532,7.7354,28.0547
536,7.7715,28.3330
540,7.8154,27.7500
544,7.7021,28.6162
548,7.7783,28.2559
552,7.6973,28.0176
556,7.7646,28.3496
560,7.8018,28.0479
564,7.7393,28.1689
568,7.6846,27.3691
572,7.7480,28.4404
576,7.8174,28.0820
580,7.6670,27.8232
584,7.6455,28.0508
588,7.7471,28.5684
592,7.7363,28.3535
596,7.8340,27.8037
600,7.7500,28.0742
604,7.6201,28.0400
608,7.6465,26.7402
612,7.8594,26.3408
616,7.5830,26.2197
620,7.6289,26.4316
624,7.6260,25.5234
628,8.0488,26.0557
632,7.7803,26.2500
636,7.7363,26.0039
640,7.5898,26.2363
644,7.7090,26.2480
648,7.7217,26.6133
652,7.8164,25.9033
656,7.7891,26.3691
660,7.6104,25.5830
664,7.8066,26.1348
668,7.7900,26.3691
672,7.7021,26.1016
676,7.5596,26.4150
680,7.8936,26.0801
684,7.7637,26.3389
688,7.6953,26.5225
692,7.6660,26.6387
696,7.6123,26.1729
700,7.7109,27.0635
704,7.6963,26.5908
708,7.7295,33.5811
712,8.1436,26.8877
716,7.9316,27.1699
720,7.9619,26.3945
724,7.8164,27.3750
728,17.3076,26.8447
732,7.9473,26.6689
736,7.9785,27.3701
740,7.8428,27.4268
744,7.6016,27.0166
748,7.8730,27.4707
752,7.6680,27.3486
756,7.5977,27.7832
760,7.7998,27.1406
764,7.7119,27.4268
768,7.8320,26.4141
772,7.7617,27.3086
776,7.8535,27.9873
780,7.7627,27.4688
784,7.6484,28.1738
788,7.6240,33.1797
792,8.5957,28.5352
796,7.8965,27.6396
800,7.8594,26.6387
804,7.6367,27.9619
812,7.7480,27.7461
820,7.7148,27.8721
828,7.6064,27.6670
836,7.6426,28.2480
844,8.7275,28.1162
852,7.6875,28.3535
860,7.6309,27.9922
868,7.7012,28.5029
876,7.6982,28.6123
884,7.7383,29.3184
892,7.5029,28.7051
900,7.5566,28.2275
908,7.7979,29.3535
916,7.5830,29.4004
924,7.8076,28.7900
932,50.6855,30.1641
940,7.8672,29.4922
948,8.0313,29.3838
956,7.9609,29.2529
964,7.8057,29.1816
972,7.7773,29.7246
980,7.7246,29.1592
988,7.7686,29.3096
996,7.8379,29.4189
1004,7.7549,28.8604
1012,7.7559,29.6045
1020,7.7334,28.9551
1028,13.2842,30.6328
1036,10.9922,30.6357
1044,10.7109,29.3457
1052,11.1904,28.8047
1060,10.9336,29.2305
1068,11.1309,29.7549
1076,16.0488,29.4365
1084,10.8926,28.8906
1092,10.6641,29.3135
1100,10.7500,29.6836
1108,10.7344,29.4375
1116,10.5273,29.6592
1124,11.1260,29.0039
1132,10.9629,29.2891
1140,10.5625,29.5117
1148,10.8750,29.1914
1156,10.5195,29.1318
1164,10.4648,29.0977
1172,10.6963,29.5664
1180,10.9434,29.9258
1188,11.0713,29.9014
1196,10.7373,29.0527
1204,10.3730,28.8955
1212,10.7451,29.4404
1220,17.5566,29.8662
1228,11.0791,29.9854
1236,11.0225,29.3896
1244,10.9678,29.4697
1252,11.0000,30.0381
1260,11.8682,28.9033
1268,11.0342,29.5410
1276,10.9512,30.0947
1284,10.9736,30.1826
1292,10.6816,29.7363
1300,11.1406,29.3867
1308,10.7539,29.0938
1316,10.5293,29.9023
1324,10.7705,30.0547
1332,11.0234,29.4189
1340,10.8018,29.4375
1348,10.7188,29.8457
1356,10.6914,29.8564
1364,17.6465,29.5723
1372,10.8008,29.9707
1380,10.7051,30.0527
1388,10.7949,30.3965
1396,10.6846,30.7695
1404,10.6475,30.2002
1412,11.3252,30.5684
1420,10.6846,31.4316
1428,10.8887,30.8271
1436,10.6563,29.5146
1444,10.9863,30.2314
1452,10.7275,30.1982
1460,10.8096,30.3457
1468,11.1689,31.2480
1476,11.2871,30.8213
1484,11.0439,30.4736
1492,10.8076,30.4424
1500,10.6885,35.9756
1508,11.1416,31.9033
1516,10.6709,30.6143
1524,10.8955,31.2109
1532,10.9756,30.8115
1540,10.6123,31.3135
1548,11.0645,30.1426
1556,11.0332,35.4326
1564,11.0537,30.9111
1572,10.9814,30.4980
1580,10.7910,30.7734
1588,10.9287,31.4814
1596,10.6875,30.6963
1604,10.8623,31.4619
1616,10.7822,30.0029
1628,10.8418,31.2432
1640,10.7920,31.0986
1652,10.9580,31.9141
1664,16.1045,31.1719
1676,11.3174,31.7510
1688,10.7090,31.7959
1700,11.0518,31.0205
1712,11.1680,31.6719
1724,11.1133,31.7861
1736,10.7793,31.6602
1748,11.0156,31.6152
1760,10.7471,31.9619
1772,10.8252,31.4990
1784,10.7607,31.9668
1796,10.8291,32.2871
1808,10.9561,30.8809
1820,10.8525,31.9131
1832,10.4961,31.5449
1844,10.9043,31.7061
1856,10.9102,31.8711
1868,10.9873,37.6455
1880,11.1914,31.9805
1892,11.1074,31.3643
1904,10.8545,32.5654
1916,10.8086,32.1084
1928,10.8525,32.0117
1940,10.7676,31.2559
1952,10.7012,31.3633
1964,10.8936,32.1025
1976,10.5439,31.3750
1988,10.8535,31.8623
2000,10.7129,32.5508
2012,10.7871,32.1172
2024,11.3193,32.6621
2036,10.9570,32.6406
2048,10.8984,32.8301
2060,17.1279,33.0469
2072,16.4502,32.7861
2084,16.4385,33.5410
2096,14.2715,33.7861
2108,13.9844,33.4121
2120,13.6768,33.1025
2132,15.2412,33.0488
2144,13.7119,33.7656
2156,13.9951,33.6396
2168,22.0254,33.0410
2180,13.6152,33.9814
2192,13.9717,32.8789
2204,14.0059,33.2285
2216,13.7139,33.2705
2228,14.0146,33.2900
2240,13.5313,32.3662
2252,13.7539,32.9014
2264,13.8311,33.6357
2276,14.0459,32.9697
2288,13.9189,33.6348
2300,13.3857,32.7061
2312,13.5273,32.8809
2324,14.1787,34.2070
2336,13.5713,33.2256
2348,14.0869,33.2090
2360,19.2383,33.7705
2372,13.8877,33.5957
2384,13.8203,33.7910
2396,13.9307,33.7031
2408,13.5361,33.5908
2424,13.7725,33.3242
2440,13.7881,33.8535
2456,13.5117,32.8105
2472,14.1563,34.4072
2488,13.6670,34.0381
2504,13.5928,34.8252
2520,14.1592,34.3018
2536,13.7930,33.0127
2552,13.7480,33.4609
2568,13.6279,33.2637
2584,13.8965,32.8799
2600,13.8779,34.0430
2616,14.3691,34.0020
2632,13.6104,34.2656
2648,14.0586,34.0469
2664,14.4365,35.0928
2680,14.0176,34.3096
2696,13.7979,34.9004
2712,13.7715,34.8135
2728,13.6758,34.7090
2744,13.8555,34.2705
2760,13.8477,34.4766
2776,13.9355,34.6563
2792,14.0381,34.5352
2808,14.1504,34.5215
2824,13.8633,34.0234
2840,13.6748,51.5234
2856,13.9863,34.2939
2872,13.7959,33.7305
2888,13.9824,34.3701
2904,14.2432,34.9229
2920,13.7783,34.7002
2936,13.7627,34.4688
2952,13.7998,34.3721
2968,13.9141,34.9141
2984,13.6680,34.6543
3000,13.5498,34.7432
3016,13.9639,35.5371
3032,13.8066,35.4990
3048,13.7949,34.7139
3064,13.8555,34.9297
3080,14.0664,42.0430
3096,13.9258,34.3926
3112,13.7539,34.0352
3128,13.8613,34.7666
3144,13.9277,34.5771
3160,13.7920,35.1504
3176,13.9902,35.2969
3192,13.5400,34.8740
3208,13.8994,35.0615
3228,14.0127,34.9697
3248,14.0723,35.4805
3268,13.6084,35.7891
3288,13.8223,36.1406
3308,13.7676,34.9316
3328,13.6895,34.9434
3348,14.0488,35.6875
3368,14.3086,35.7139
3388,14.0811,36.2070
3408,13.7959,34.8906
3428,13.6748,35.8252
3448,13.8750,35.5215
3468,13.9551,36.1768
3488,13.9434,35.6855
3508,13.9287,35.5137
3528,13.8486,36.2852
3548,13.9238,36.1670
3568,13.3867,35.3613
3588,13.7969,36.4883
3608,13.7197,36.1582
3628,14.0195,36.4111
3648,13.6582,35.7324
3668,18.9961,35.9492
3688,14.0811,36.0391
3708,14.1182,36.5498
3728,13.7393,36.0664
3748,13.6816,35.3037
3768,14.0576,35.9170
3788,13.5840,36.1143
3808,13.8311,36.2324
3828,13.8682,35.6240
3848,14.1260,36.8193
3868,13.8203,36.1553
3888,13.9697,36.3447
3908,13.8447,35.4072
3928,13.7129,35.6445
3948,13.4922,35.4941
3968,13.3838,41.9590
3988,13.7832,35.8516
4008,13.9053,36.1719
4032,13.5566,36.1436
4056,13.5215,36.4160
4080,13.7402,36.5615
4104,17.1641,36.4180
4128,16.4746,35.5947
4152,16.6357,35.8975
4176,17.0918,36.6973
4200,16.6113,36.9580
4224,16.8730,35.9863
4248,16.8311,37.4697
4272,17.4238,36.7061
4296,16.5898,35.3799
4320,16.9326,37.0215
4344,17.3770,37.5449
4368,17.2432,36.7246
4392,17.0830,37.1230
4416,17.1211,37.1484
4440,17.2129,37.1582
4464,16.8350,45.6963
4488,16.8584,36.2920
4512,16.8574,37.0400
4536,17.3398,37.7109
4560,17.0400,36.7148
4584,17.0391,36.3066
4608,17.0439,36.6494
4632,17.0361,37.9990
4656,16.4688,36.3984
4680,16.4541,37.2686
4704,16.5498,37.4395
4728,16.8105,37.5479
4752,16.7207,37.4053
4776,16.9443,37.5654
4800,16.7832,42.9639
4824,17.1865,37.4053
4852,16.9609,37.8789
4880,16.6133,37.4990
4908,16.9307,37.3682
4936,16.8223,37.6484
4964,17.2354,38.4131
4992,16.7588,37.7373
5020,17.7588,37.5859
5048,17.0078,36.8936
5076,16.5430,37.2266
5104,16.7832,37.4736
5132,16.1865,36.8818
5160,16.6016,37.5449
5188,16.9609,42.2861
5216,17.3027,37.8340
5244,17.1094,37.7305
5272,16.7373,37.6602
5300,16.8057,38.1055
5328,16.4434,37.4502
5356,16.5859,38.0176
5384,17.2002,36.8359
5412,16.4473,36.5830
5440,16.2861,36.8877
5468,16.4736,36.6201
5496,16.3447,37.2012
5524,16.5684,37.5322
5552,16.7861,37.1338
5580,16.4648,42.1123
5608,16.8477,37.6094
5640,16.6396,37.5684
5672,16.2949,36.8223
5704,16.6045,37.3584
5736,16.8711,37.7559
5768,16.2051,36.6006
5800,16.5039,37.2217
5832,16.4482,37.2852
5864,16.1045,36.8936
5896,16.6914,38.4512
5928,16.4297,37.2588
5960,17.1025,38.2773
5992,16.6162,37.8105
6024,16.1602,44.1973
6056,17.5527,39.2578
6088,17.5547,39.2686
6120,16.6748,38.4648
6152,16.8750,38.0625
6184,16.7676,38.1914
6216,16.6025,37.3037
6248,16.7139,38.7617
6280,16.9551,39.2031
6312,16.6943,37.9111
6344,16.8584,38.0068
6376,16.7979,38.5449
6408,16.6836,38.3926
6444,17.0254,39.2158
6480,16.4697,46.0957
6516,16.9854,38.4219
6552,16.9658,39.1943
6588,17.0146,38.3096
6624,17.0996,38.9990
6660,16.6797,39.1367
6696,16.9951,40.2354
6732,17.2441,39.5273
6768,16.5713,38.5107
6804,16.7637,39.8418
6840,16.9609,38.4922
6876,16.6426,38.8682
6912,16.2129,37.5088
6948,16.7090,39.3867
6984,16.9375,46.1729
7020,17.0742,39.5244
7056,16.9570,39.3369
7092,16.1865,38.2012
7128,17.1084,39.5244
7164,16.6611,38.7393
7200,16.6406,38.6816
7236,17.0088,39.2920
7276,16.5723,39.5830
7316,16.6475,39.8936
7356,16.9736,39.5322
7396,16.2197,39.6494
7436,16.6777,38.4063
7476,17.2383,39.9688
7516,17.1182,40.0645
7556,16.7227,39.3398
7596,16.7480,39.4531
7636,16.9004,39.8721
7676,16.6777,39.6641
7716,16.4004,38.2197
7756,17.0244,40.0771
7796,16.6582,39.7500
7836,16.5098,39.6162
7876,16.7568,40.6729
7916,16.9238,39.8398
7956,16.8008,39.9268
7996,16.7402,40.4346
8036,17.3467,48.2275
8080,16.9873,39.9453
8124,17.0508,39.9678
8168,16.5605,39.8115
8212,21.3584,40.3740
8256,21.0381,40.6455
8300,19.7998,39.5869
8344,20.2588,39.8682
8388,20.7051,40.1348
8432,20.4980,40.1709
8476,20.4502,39.4561
8520,20.8877,40.0127
8564,20.5801,40.3896
8608,21.0068,47.2305
8652,20.5879,41.9111
8696,19.8252,38.8682
8740,20.1211,39.7871
8784,33.0146,40.6719
8828,21.4951,39.4424
8876,20.2783,39.1162
8924,20.2510,39.7168
8972,20.1211,39.4307
9020,20.4668,39.9150
9068,19.9795,39.8965
9116,20.0547,39.8711
9164,19.9785,39.8672
9212,19.9277,39.1797
9260,20.1650,39.8428
9308,20.1377,39.5723
9356,20.3594,39.7578
9404,20.1396,39.5615
9452,19.9541,39.8916
9500,20.0283,83.7207
9548,19.8877,42.3018
9596,19.8320,42.3350
9644,19.7031,43.0986
9696,18.6455,38.8574
9748,18.8447,44.5811
9800,19.2754,39.6924
9852,19.1641,40.0918
9904,19.2354,40.3584
9956,19.2012,40.1211
10008,18.9854,40.9248
10060,18.8682,39.7432
10112,19.6025,40.6465
10164,19.3115,40.3447
10216,19.6035,40.9355
10268,19.2705,40.0664
10320,19.5693,40.9658
10372,18.8564,40.0254
10424,19.4131,40.2324
10480,18.8701,40.5586
10536,19.0713,40.7959
10592,18.9893,40.4756
10648,19.5293,41.0215
10704,20.0957,41.4170
10760,18.7969,38.8506
10816,18.6162,39.0117
10872,19.2266,40.6523
10928,18.9160,39.3857
10984,18.8037,38.8271
11040,19.3652,39.2568
11096,18.7441,39.0264
11152,19.0078,38.8818
11208,18.9785,38.8428
11268,18.7373,39.1729
11328,18.7344,38.9551
11388,18.9521,39.0938
11448,18.7305,39.1191
11508,19.3203,39.7764
11568,19.1670,39.3848
11628,18.9756,39.9580
11688,20.7695,40.3516
11748,18.9453,39.8887
11808,19.1875,40.1455
11868,18.7813,39.1162
11928,18.9463,40.1934
11988,18.7783,40.3594
12048,18.7930,39.5479
12112,18.7900,39.6553
12176,19.0039,39.4365
12240,19.0322,40.1787
12304,18.7939,39.7588
12368,19.1260,39.7471
12432,19.0156,39.6992
12496,18.4180,71.3652
12560,18.8877,41.8037
12624,19.5938,41.0967
12688,19.2344,40.7354
12752,19.2295,40.6758
12816,19.7314,41.4873
12884,19.6660,41.7275
12952,19.4678,40.8613
13020,18.7227,40.4424
13088,19.3623,40.4473
13156,19.1572,40.6494
13224,19.4756,41.2412
13292,19.8701,41.4443
13360,19.6631,42.3711
13428,19.5762,41.9795
13496,19.5508,41.4863
13564,19.5615,41.2129
13632,19.2158,41.7500
13704,19.2246,41.5830
13776,19.0059,41.6318
13848,19.4375,41.3809
13920,19.3975,42.0645
13992,19.5645,41.6514
14064,19.3076,41.6201
14136,19.5947,41.5361
14208,18.9980,40.1533
14280,19.0908,40.8613
14352,19.5391,42.7559
14424,18.6240,39.9434
14500,18.8975,40.5771
14576,18.6992,40.7383
14652,19.1523,40.3193
14728,19.2422,40.5420
14804,19.0117,49.5801
14880,19.9463,43.2451
14956,19.1475,40.8418
15032,28.4805,41.9355
15108,20.0938,42.2461
15184,20.3369,41.2578
15260,19.0850,42.0186
15340,18.6729,40.2734
15420,18.8965,40.7129
15500,19.1523,41.3672
15580,19.1182,40.9082
15660,18.9268,41.2188
15740,18.9746,40.5313
15820,19.0957,41.2959
15900,18.6367,39.8193
15980,18.6992,40.8955
16060,18.9131,41.4121
16144,19.3555,41.4033
16228,19.1191,42.7266
16312,18.8057,41.3779
16396,26.4492,42.0889
16480,21.9971,41.1201
16564,21.9551,40.8369
16648,21.7188,40.7275
16732,22.0342,40.6934
16816,21.4580,41.0840
16904,21.8125,40.8447
16992,21.2666,56.7861
17080,23.0195,40.8633
17168,21.7441,41.7598
17256,22.1611,42.8721
17344,23.4854,41.3135
17432,21.8359,41.5840
17520,21.2334,40.9980
17608,21.2051,41.3438
17700,21.6504,41.4492
17792,21.3418,41.2764
17884,21.9746,42.4121
17976,21.8691,41.5635
18068,21.9277,41.4854
18160,22.0791,42.9082
18252,22.4404,42.4551
18344,22.1250,43.6377
18436,21.7295,42.2939
18532,21.8848,42.1758
18628,21.9609,43.0381
18724,21.9619,42.5547
18820,22.7744,42.6328
18916,22.1543,42.3838
19012,23.1289,42.7393
19108,22.1055,43.0596
19204,21.7744,41.7432
19304,21.7871,41.8057
19404,21.9521,41.7188
19504,22.1133,42.6553
19604,21.9443,41.8516
19704,22.8564,43.6064
19804,22.1563,42.5674
19904,22.1670,43.0674
20004,22.5801,42.0400
20108,22.1709,42.1475
20212,21.5664,42.0723
20316,21.9971,41.9482
20420,22.0420,42.2930
20524,21.8096,43.1465
20628,21.6523,42.2969
20732,22.6299,43.0332
20836,22.5674,43.7646
20944,22.2285,43.5010
21052,22.3691,41.7920
21160,22.5107,44.1123
21268,22.2813,43.4521
21376,21.8037,43.1924
21484,22.0918,42.2012
21592,22.1846,42.5879
21700,22.4736,43.5098
21812,22.2217,43.2598
21924,26.7539,42.7959
22036,21.6250,41.6113
22148,22.2656,42.2734
22260,21.7432,42.7891
22372,21.7725,42.3193
22484,22.1709,43.3018
22600,22.1348,42.9541
22716,21.6650,42.8350
22832,22.4912,43.2754
22948,21.7627,43.2959
23064,22.5391,43.4385
23180,22.6904,46.1807
23296,22.1748,42.9678
23416,21.5313,43.2441
23536,21.4131,42.2793
23656,22.1797,43.0469
23776,22.6025,45.6904
23896,24.5029,44.3486
24016,21.6055,42.6592
24140,21.8242,43.3740
24264,22.7432,43.5811
24388,22.4863,43.9619
24512,21.7383,50.4395
24636,24.3652,45.9404
24760,22.0713,43.9180
24884,22.5732,44.1016
25012,21.8838,43.4316
25140,22.3857,43.5977
25268,22.0996,43.4941
25396,21.7578,43.9111
25524,22.1504,44.1924
25652,22.0869,44.0342
25784,22.1357,44.1963
25916,21.6445,43.2861
26048,21.8027,43.5977
26180,22.0391,43.4961
26312,22.0420,52.0967
26444,22.1523,44.3955
26580,22.7080,44.0996
26716,22.3252,43.1807
26852,22.3037,45.1963
26988,22.6133,44.3174
27124,86.4961,46.7607
27260,22.5605,45.7021
27400,22.3027,44.7617
27540,21.6631,43.1855
27680,21.8457,43.8193
27820,22.0869,45.7861
27960,23.4941,43.7930
28100,21.5205,44.1484
28244,22.4775,44.9600
28388,22.5596,45.4531
28532,22.1191,46.2012
28676,21.9434,44.5654
28820,21.7178,44.9404
28968,22.4316,57.7510
29116,22.6943,62.3965
29264,22.6650,54.5020
29412,23.0938,47.7969
29560,22.4707,45.3096
29708,22.4570,46.3965
29860,22.3369,45.2256
30012,22.6025,45.4307
30164,22.8467,46.2422
30316,32.2305,45.9814
30468,22.4980,45.4639
30624,22.7656,45.3398
30780,22.4619,45.9238
30936,22.3838,45.0303
31092,22.0391,44.6230
31248,21.9697,44.9785
31408,22.5557,51.6035
31568,22.5801,44.3047
31728,22.3604,44.3857
31888,22.5576,44.9395
32048,23.2002,44.5811
32212,22.0361,44.6953
32376,22.6133,45.3555
32540,21.7520,44.2432
32704,21.6084,44.2900
32868,29.7754,45.3389
33036,29.5410,45.7100
33204,27.9902,44.6846
33372,25.1484,45.1885
33540,25.1738,44.4795
33708,25.2471,45.1152
33880,25.3008,44.6182
34052,25.0791,44.1836
34224,24.9521,45.5635
34396,24.7813,44.8984
34568,24.6855,44.6895
34744,24.6885,45.4863
34920,24.5898,45.0059
35096,25.1260,45.2061
35272,25.2051,45.7842
35452,25.0840,45.5098
35632,25.4863,45.9971
35812,25.0469,45.0430
35992,24.7158,45.2471
36172,24.6992,45.3174
36356,24.7959,44.8301
36540,25.0479,46.1328
36724,24.7598,45.1045
36908,24.6338,45.1846
37096,24.9404,45.2822
37284,24.6475,45.1553
37472,24.8340,45.2080
37660,24.8369,45.4229
37852,25.3574,45.0010
38044,25.4697,44.8828
38236,25.4912,46.1416
38428,25.9824,45.8867
38624,25.6914,45.5020
38820,24.8291,44.4941
39016,25.5010,46.0693
39212,26.1807,47.2080
39412,25.2627,45.5557
39612,25.1563,44.8828
39812,24.5186,44.4268
40012,24.9580,45.1514
40216,24.6631,45.4756
40420,25.3330,45.6680
40624,25.1328,45.6895
40828,25.8770,46.0850
41036,25.5391,47.1787
41244,25.2676,46.1270
41452,24.8115,46.0254
41660,25.0889,45.6934
41872,25.4824,46.3379
42084,25.6367,46.6348
42296,24.6064,45.7627
42508,24.5010,44.6514
42724,24.9219,45.6172
42940,25.5684,46.8125
43156,24.8604,45.6123
43372,25.0830,46.0908
43592,25.0566,46.8916
43812,24.4854,45.2813
44032,24.8379,45.7578
44256,25.1436,47.8789
44480,25.3145,47.1250
44704,24.8936,46.3818
44928,24.9014,67.2773
45156,29.6338,48.3545
45384,28.1748,47.8828
45612,25.8867,46.0107
45844,24.8174,45.9834
46076,24.5059,52.3408
46308,24.4238,45.4521
46540,24.7539,45.8574
46776,24.3096,45.7119
47012,24.9971,46.0518
47248,24.9209,46.0176
47488,24.1895,45.6367
47728,23.9600,44.7666
47968,24.2275,45.2324
48208,24.1768,44.9346
48452,25.5127,45.6748
48696,25.3691,58.6650
48940,24.8857,45.6064
49188,26.2656,46.3828
49436,25.2354,46.3359
49684,25.3467,46.5156
49936,24.9102,46.1494
50188,24.3643,45.8945
50440,24.3643,46.3340
50696,24.7002,46.0176
50952,24.6982,46.4629
51208,24.9141,47.0156
51468,24.4209,51.1953
51728,24.5244,45.7754
51988,24.5732,46.3789
52248,24.9014,46.7676
52512,24.3867,46.3359
52776,23.9209,45.4697
53040,24.5752,46.9258
53308,23.9063,45.2549
53576,24.2598,45.0752
53844,32.8613,66.7568
54116,25.9922,45.8213
54388,24.9092,52.5693
54660,25.2100,46.7051
54936,24.8936,46.3037
55212,25.0146,47.0264
55492,24.7383,46.9648
55772,25.3096,47.0146
56052,25.4082,47.5352
56336,24.4346,46.4434
56620,24.5752,46.2725
56904,24.6553,47.7598
57192,25.3291,47.3936
57480,24.3799,52.3584
57768,24.5098,46.3516
58060,24.8682,46.6270
58352,24.4854,45.6748
58644,24.6240,48.0166
58940,24.6357,47.0918
59236,24.6797,47.1289
59536,24.4180,46.7217
59836,25.1436,47.4551
60136,24.6885,47.5361
60440,24.5820,47.9434
60744,25.2363,47.6748
61048,24.6563,47.3213
61356,24.8818,47.5420
61664,24.9561,48.3037
61976,24.5332,51.1865
62288,24.1543,47.9063
62600,24.6201,48.4023
62916,24.9688,48.2842
63232,24.8389,47.4492
63552,25.0986,48.9336
63872,24.8809,47.6396
64192,28.5498,51.8936
64516,25.5068,48.8809
64840,25.4629,49.3242
65168,24.8721,47.1992
65496,24.4961,110.6387
65824,31.8848,49.5674
66156,30.9521,49.4150
66488,30.6006,48.6543
66824,49.8848,48.6748
67160,30.9795,49.1221
67496,29.5586,47.9229
67836,30.1025,48.4160
68176,30.6787,49.0684
68520,30.8037,48.3340
68864,30.4541,49.2324
69212,30.5420,49.2295
69560,29.4316,47.9590
69908,30.9121,75.7734
70260,30.4219,49.4775
70612,29.8545,49.2510
70968,30.2852,50.0117
71324,29.7676,49.2324
71684,30.3643,48.4258
72044,30.2344,50.3818
72408,31.0508,49.9287
72772,30.0889,50.1504
73136,29.6367,49.0449
73504,29.8457,49.2139
73872,29.8311,50.4473
74244,29.0996,49.0488
74616,29.4346,49.8242
74992,29.5479,49.6963
75368,29.9492,49.9336
75748,29.3262,49.2275
76128,29.7500,49.1270
76512,29.7393,49.4600
76896,29.8945,51.2158
77284,30.1592,49.8887
77672,30.8398,50.5361
78064,29.7783,49.4600
78456,30.1602,49.9277
78852,30.5488,50.0771
79248,29.4873,49.1533
79648,30.0771,49.6514
80048,30.0537,49.6182
80452,29.4883,49.6445
80856,29.7793,50.2070
81264,29.9639,50.0703
81672,29.3867,59.6279
82084,29.9482,50.7949
82496,29.0762,49.0166
82912,29.3877,50.1074
83328,34.3975,50.7090
83748,30.3438,49.8086
84168,30.3330,49.5205
84592,29.2402,50.1084
85016,30.9355,50.8564
85444,30.0488,50.1611
85872,29.6592,49.1582
86304,30.8008,50.1758
86736,30.0313,48.4053
87172,31.1367,50.8838
87608,30.3984,50.5615
88048,31.0127,51.3506
88492,43.3301,51.4795
88936,29.9307,50.1943
89384,29.8252,49.7568
89832,30.6592,52.2500
90284,30.3945,51.4619
90736,30.1621,50.7822
91192,30.3164,51.4990
91648,30.2617,51.0605
92108,29.2832,49.7891
92572,29.9238,51.4795
93036,31.9561,51.0615
93504,28.9736,50.4297
93972,28.9141,49.6270
94444,29.4531,50.8516
94920,29.8193,50.5684
95396,29.7529,50.8115
95876,29.9170,50.8945
96356,29.0898,51.6611
96840,29.6455,51.4707
97328,30.7930,51.1025
97816,30.3086,50.9980
98308,29.9707,50.1895
98800,30.7588,52.5293
99296,29.5635,50.4688
99796,30.6416,51.8086
100296,30.5840,52.1563
100800,30.1514,52.4805
101304,30.7520,52.2227
101812,30.4131,51.3691
102324,29.9434,50.7930
102836,30.0430,51.6953
103352,29.6377,50.2422
103872,30.1094,51.3203
104392,29.3848,51.5713
104916,30.8906,52.6143
105444,29.7852,51.2275
105972,30.0869,52.4453
106504,30.2441,52.3525
107040,28.9268,50.9150
107576,29.9307,52.6172
108116,30.1553,52.6709
108660,30.7266,53.6953
109204,29.1328,51.3691
109752,29.8447,52.5762
110304,38.4980,52.0303
110856,29.9492,53.1436
111412,29.8564,52.9375
111972,29.4189,52.6631
112532,29.2188,52.6055
113096,29.1016,52.3535
113664,29.7617,52.7119
114236,29.5850,51.9570
114808,29.5430,52.5791
115384,30.9834,51.6270
115964,29.5830,51.5479
116544,31.2832,54.0283
117128,29.7402,52.4072
117716,29.8320,53.4629
118308,29.7275,53.1260
118900,30.6533,52.7197
119496,30.5635,52.2979
120096,30.2168,53.6348
120700,30.4473,53.1260
121304,30.1309,53.5967
121912,29.8506,52.3828
122524,30.2773,52.2813
123140,29.2344,50.8047
123756,30.2490,52.3301
124376,29.6836,52.2744
125000,29.1953,51.7568
125628,30.2139,53.5840
126260,29.4873,51.5742
126892,29.3955,51.5498
127528,30.2900,52.6533
128168,29.9766,51.9531
128812,30.4824,52.6992
129460,30.6162,53.1768
130108,30.1377,52.4121
130760,29.7734,52.5781
131416,36.6768,53.1279
132076,35.2061,53.4697
132740,35.0352,53.2354
133404,35.7471,54.0166
134072,35.0078,122.2529
134744,37.4932,53.8789
135420,34.2559,53.7324
136100,34.9453,54.4287
136784,34.2256,53.4160
137468,34.2227,53.4111
138156,33.1904,52.8262
138848,34.1455,53.1709
139544,34.6914,80.2021
140244,35.0537,52.8662
140948,34.5986,57.5713
141656,36.1904,52.8320
142368,34.4395,52.1904
143080,34.3145,56.7744
143796,34.3545,52.9248
144516,34.8389,53.5732
145240,34.3564,52.8936
145968,34.5752,52.4766
146700,33.5791,52.4395
147436,34.2041,52.0742
148176,33.6592,53.4902
148920,34.1182,52.8545
149668,34.3994,52.9834
150420,33.3457,52.3789
151176,32.9756,52.5781
151932,33.9883,60.8096
152692,34.0156,54.6563
153456,33.3809,52.4395
154224,33.7051,53.8301
154996,34.1416,54.2607
155772,34.2578,54.3701
156552,34.1436,53.8457
157336,35.1875,54.3516
158124,33.1904,52.3633
158916,33.4912,57.0654
159712,34.6260,53.9180
160512,34.9795,53.3389
161316,35.8086,54.9551
162124,34.1221,52.6680
162936,33.9521,52.9023
163752,32.9336,51.7832
164572,33.4395,52.1729
165396,33.6025,52.2842
166224,32.9521,51.8164
167056,34.3301,53.4463
167892,34.0244,52.4580
168732,34.5967,54.5400
169576,33.4434,53.5234
170424,34.3281,53.8379
171280,34.0869,53.1797
172140,34.8701,54.2754
173004,34.3115,54.9473
173872,40.3955,53.5527
174744,34.9941,56.3135
175620,33.4199,54.3350
176500,33.1533,53.3154
177384,33.3623,60.7354
178272,32.7725,53.7393
179164,33.9268,54.3877
180060,34.4922,54.3369
180964,34.4570,53.6211
181872,33.6719,53.9180
182784,34.2383,53.6982
183700,34.4121,53.6191
184620,33.8740,53.9434
185544,35.3096,54.9199
186472,34.9268,54.2061
187408,35.8447,55.2842
188348,34.5928,54.7305
189292,35.3096,58.5811
190240,35.0205,54.7021
191192,34.9678,53.3818
192148,33.4238,54.1768
193112,33.8174,59.8330
194080,33.7432,54.2764
195052,34.9785,55.9160
196028,33.4854,54.2559
197012,33.3516,54.3486
198000,33.8359,54.1592
198992,34.1367,55.5215
199988,33.0674,54.4326
200988,34.5840,53.6260
201996,40.1328,54.8213
203008,34.6826,54.4346
204024,34.7021,63.9033
205048,35.7529,54.2119
206076,34.9004,54.2305
207108,35.0820,55.2285
208144,35.1465,54.3818
209188,34.5059,54.1709
210236,34.4395,60.5498
211288,35.8672,54.7500
212348,35.7998,55.3193
213412,34.6455,55.2705
214480,34.2080,55.0010
215556,33.4512,54.9063
216636,33.9912,58.6650
217720,33.9375,55.9268
218812,34.5859,62.1104
219908,35.3652,55.8115
221008,34.4990,54.5674
222116,34.3232,53.9990
223228,34.4990,55.1982
224348,35.0732,56.2529
225472,34.8271,55.8262
226600,36.2012,54.8789
227736,34.0215,54.7168
228876,39.0674,54.7393
230024,34.2764,55.1455
231176,34.2002,56.6553
232332,34.2764,54.8271
233496,34.9941,56.9336
234664,34.6201,55.6953
235840,34.1641,56.1416
237020,33.9385,54.3701
238208,34.6436,64.4688
239400,34.9053,59.0557
240600,35.2637,57.8193
241804,35.0889,56.8906
243016,35.0879,58.1357
244232,34.4922,57.7100
245456,34.3320,56.8643
246684,35.7666,69.6045
247920,35.2881,58.5781
249160,33.7813,56.5322
250408,34.4453,57.0439
251664,34.4307,57.2012
252924,34.8311,55.8916
254192,35.5137,58.2148
255464,34.4434,57.1143
256744,34.5518,57.1035
258028,35.8086,120.1289
259320,34.1084,57.8037
260620,34.9570,57.3291
261924,35.7793,58.3311
263236,38.4277,57.8438
264556,39.2959,57.7119
265880,39.3633,58.7588
267212,38.8467,57.9893
268552,38.5996,57.9590
269896,39.3486,59.1230
271248,38.8232,57.7402
272608,38.4316,59.0264
273972,36.6299,55.9648
275344,37.6191,57.7090
276724,37.4053,58.3613
278108,37.3496,58.0371
279500,37.2402,57.5283
280900,37.3809,57.5342
282308,38.4023,58.2666
283720,36.0791,55.9170
285140,38.9141,57.8721
286568,39.0391,57.5264
288004,38.3750,56.4482
289448,38.2207,57.1572
290896,39.0879,58.5449
292352,39.3555,58.3711
293816,39.4863,58.8721
295288,38.0508,58.1719
296768,37.3975,57.4023
298252,38.6367,58.5557
299744,38.8506,59.0322
301244,38.3857,59.2578
302752,38.4883,58.4463
304268,37.7930,58.9619
305792,38.1309,58.5781
307324,38.8945,59.7988
308864,37.8867,64.0674
310412,39.2891,59.1963
311968,38.7813,57.8379
313528,38.6836,57.8760
315096,38.8281,58.2373
316672,38.4453,58.5752
318256,38.9932,58.3242
319848,38.4238,57.6006
321448,38.4570,57.8379
323056,39.0684,58.4639
324672,39.0898,59.5713
326296,41.1484,61.1289
327928,39.5908,59.1035
329568,39.2881,57.9375
331216,39.9951,58.4268
332876,39.0996,57.7910
334544,39.0645,57.9805
336220,40.2637,59.5488
337904,39.3330,58.8945
339596,39.4600,59.0439
341296,38.6631,59.3623
343004,38.6240,59.6650
344720,38.9326,60.1377
346444,39.2256,59.8848
348180,38.4512,58.6094
349924,38.2988,59.7354
351676,38.5371,58.7520
353436,38.3955,58.1064
355204,39.7285,60.9814
356984,38.5498,60.4580
358772,37.9873,59.1729
360568,38.4189,58.8213
362372,38.0264,58.9004
364184,38.2100,58.8281
366008,39.0703,61.7480
367840,39.5664,60.2744
369680,37.2354,58.7842
371532,37.6768,60.9863
373392,39.1514,60.5420
375260,37.5576,59.0371
377140,38.7275,60.2646
379028,37.4063,59.6104
380924,39.8711,59.6807
382832,38.4355,59.0234
384748,38.7412,59.8379
386672,39.3428,60.6543
388608,38.8096,60.6533
390552,39.6729,61.1113
392508,44.5596,60.1045
394472,39.4424,61.1572
396448,38.6719,59.1621
398432,38.5840,59.3340
400428,38.6719,60.2285
402432,39.1699,61.0566
404448,39.0361,60.7783
406472,37.7129,59.4043
408508,37.8760,60.1523
410552,40.1904,61.0029
412608,39.5000,60.0215
414672,39.0010,59.6943
416748,39.6387,59.9297
418832,39.9824,60.5742
420928,39.4980,60.4785
423036,39.0293,60.8174
425152,38.5459,58.7930
427280,40.2227,61.9854
429420,39.7910,61.0674
431568,37.9287,59.8916
433728,39.8887,60.4072
435900,40.0029,62.7373
438080,39.1787,61.9961
440272,38.1338,60.3096
442476,38.6162,60.6240
444692,38.5273,61.3789
446916,38.5576,60.0078
449152,38.3438,61.3652
451400,38.7695,61.0488
453660,40.0811,61.9619
455932,39.7871,62.8438
458212,39.1719,61.6172
460504,39.5713,61.7666
462808,39.8252,60.3076
465124,39.8369,61.3975
467452,39.3652,59.3750
469792,42.0840,61.9561
472144,40.5664,61.7031
474508,40.4707,62.6816
476884,39.5732,74.9893
479272,41.2295,63.5527
481672,39.1436,61.7266
484084,40.5527,69.2529
486508,39.9150,62.1348
488944,39.1328,60.6240
491392,40.4043,81.8330
493852,184.6270,61.9102
496324,39.4385,61.7646
498808,61.9883,61.3760
501304,39.6348,61.6240
503812,38.2217,59.0957
506332,37.7275,59.0908
508864,38.0391,61.4502
511412,38.7803,62.2939
513972,38.0449,59.9258
516544,43.4531,61.0596
519128,37.9355,60.3193
521724,38.2051,61.1426
524336,48.4082,65.8271
526960,42.7119,60.9824
529596,42.6611,60.7646
532244,42.4492,61.4326
534908,46.5068,61.3926
537584,42.2773,61.6621
540272,43.7334,63.6895
542976,43.0498,61.8184
545692,42.9941,61.9619
548424,42.7539,61.7930
551168,43.2559,61.6982
553924,47.3066,62.6201
556696,42.7188,62.4883
559480,42.6016,62.9482
562280,41.2783,60.3008
565092,41.9336,62.1836
567920,42.4902,62.2773
570760,41.7803,66.9277
573616,42.0068,62.8555
576488,42.3213,62.3496
579372,42.4014,62.1035
582272,40.9883,60.1592
585184,41.2461,60.3818
588112,41.7822,61.5127
591056,43.4023,72.9590
594012,44.3623,62.6523
596984,42.7207,67.1846
599972,42.7373,62.0625
602972,42.4463,62.4307
605988,42.0742,62.1309
609020,42.2627,62.7266
612068,47.0498,61.7715
615132,40.6953,61.4746
618208,42.1475,62.9248
621300,42.3096,62.9053
624408,41.8721,61.0498
627532,43.1611,63.2031
630672,42.7549,63.3066
633828,49.9971,63.1240
637000,42.4180,63.0459
640188,42.4639,61.9941
643392,42.7490,62.6885
646612,42.6465,62.3213
649848,42.5293,63.1777
653100,42.0410,68.1846
656368,42.5410,62.7568
659652,51.4414,64.8779
662952,44.1963,62.9512
666268,42.9590,62.4668
669600,43.4297,61.7607
672948,43.3457,81.9238
676316,46.1455,62.4336
679700,42.6094,64.0635
683100,43.4805,64.0020
686516,54.1055,72.5273
689952,46.1602,64.8525
693404,45.4521,65.1729
696872,44.3691,63.5537
700360,45.1992,65.4258
703864,45.4824,64.5693
707384,46.3398,65.8486
710924,44.4697,64.8369
714480,44.9453,64.7051
718056,44.8662,64.5889
721648,45.0459,64.1719
725260,44.7549,65.7568
728888,45.1992,64.1758
732536,43.6074,64.4697
736200,44.2959,65.2783
739884,43.9375,65.0918
743584,44.6016,65.8896
747304,44.1328,65.1250
751044,44.1270,64.9609
754800,44.8643,65.8564
758576,44.4443,66.6729
762372,45.4756,66.3125
766184,44.9600,66.6172
770016,43.5889,65.3809
773868,43.0781,65.8662
777740,44.2529,111.8223
781632,43.8174,66.5957
785544,43.4951,66.9658
789472,43.2246,65.6338
793420,42.2783,65.2061
797388,41.7119,64.9102
801376,43.3008,67.1143
805384,43.2148,65.8457
809412,44.4287,66.6680
813460,42.8564,66.1631
817528,42.3691,65.6387
821616,43.0566,67.5283
825728,41.7012,65.5713
829860,45.1758,67.7305
834012,44.1172,67.8223
838184,44.3770,67.5361
842376,44.7568,65.8750
846588,43.9395,65.4561
850824,44.0156,66.3838
855080,44.3164,67.3350
859356,44.7197,68.3252
863656,44.7559,67.4668
867976,44.8418,66.9414
872316,45.2441,81.3750
876680,43.8574,66.6406
881064,44.6055,76.2031
885472,45.0156,67.4336
889900,44.5791,66.1768
894352,45.3555,67.8154
898824,46.6318,67.7305
903320,48.9453,66.8828
907840,45.5527,68.1885
912380,44.2285,68.1631
916944,44.7627,68.2686
921532,43.9639,66.2529
926140,43.1328,66.4756
930772,43.5801,67.4961
935428,44.9287,67.9854
940108,43.7793,67.1416
944812,43.7939,67.6348
949540,44.4629,68.9824
954288,43.7324,67.5645
959060,44.4277,67.6777
963856,44.5117,67.7383
968676,44.6162,67.8232
973520,44.1777,67.0107
978388,44.2275,68.2783
983280,43.7549,68.1455
988200,44.3057,66.2217
993144,44.1904,67.6680
998112,43.8262,66.8564
1003104,45.2295,68.7676
1008120,44.6387,68.8838
1013164,45.0645,68.3154
1018232,44.8838,66.9395
1023324,44.6650,67.9561
1028444,44.3369,67.8271
1033588,45.4766,68.7656
1038756,44.3154,68.1201
1043952,44.7559,68.4805
1049172,52.9990,72.6240
1054420,50.5332,71.2881
1059696,49.6240,76.1709
1064996,49.8721,69.6797
1070324,50.7354,67.5801
1075676,48.4502,68.9980
1081056,49.7158,69.6689
1086464,49.7793,69.2090
1091900,47.0781,68.7959
1097360,48.2773,69.0439
1102848,47.7656,68.2324
1108364,48.1602,68.1377
1113908,50.5000,81.1240
1119480,46.4629,67.3662
1125080,47.4932,68.1797
1130708,48.2793,69.6602
1136364,47.1455,68.6025
1142048,48.0137,69.9512
1147760,48.9365,69.9404
1153500,48.7510,69.9404
1159268,48.4697,69.8779
1165068,50.0684,71.9678
1170896,48.4482,69.1729
1176752,47.5469,68.8516
1182636,48.7480,70.3525
1188552,47.9746,69.1953
1194496,47.5605,97.7695
1200472,50.1621,75.3545
1206476,48.9756,71.0742
1212512,48.4805,69.0186
1218576,50.2520,69.7266
1224672,50.1670,70.3740
1230796,51.3633,71.0908
1236952,50.4639,69.5010
1243140,50.2520,69.1104
1249356,51.2168,70.6299
1255604,50.3506,70.2695
1261884,49.3848,69.5234
1268196,50.5469,69.4004
1274540,50.2891,70.7275
1280916,50.1748,69.3906
1287324,50.5342,71.3545
1293764,49.6641,71.1670
1300236,49.5264,70.7158
1306740,48.7793,69.5195
1313276,49.3047,70.6895
1319844,48.9580,70.3008
1326444,49.9248,70.6943
1333080,49.5908,69.9121
1339748,49.6523,71.5391
1346448,49.4971,70.8184
1353184,50.1660,70.6953
1359952,50.3877,72.9053
1366752,48.6074,69.2324
1373588,49.7227,70.6035
1380456,48.5859,70.8926
1387360,49.9678,73.6006
1394300,48.6621,71.1826
1401272,49.4883,72.0635
1408280,47.9229,70.9414
1415324,49.0127,71.8652
1422404,50.1250,84.4277
1429520,49.7402,72.9678
1436668,48.6201,72.1592
1443852,50.4404,71.3496
1451072,50.3301,72.4082
1458328,49.4014,71.6650
1465620,48.5313,70.8916
1472952,50.8613,72.9199
1480320,51.6338,72.7051
1487724,48.9453,71.6914
1495164,49.7188,71.7832
1502640,50.0527,72.9521
1510156,51.0391,73.7783
1517708,49.3252,72.1309
1525300,53.1230,76.1611
1532928,50.5400,72.3730
1540596,50.6621,73.8896
1548300,49.4775,72.3203
1556044,50.4580,76.5674
1563828,49.6670,72.8018
1571648,52.3633,73.1836
1579508,52.3271,73.3838
1587408,51.9658,72.9580
1595348,52.1543,74.4121
1603328,57.8223,74.4443
1611348,52.6572,74.5771
1619408,58.6729,73.6172
1627508,52.2021,73.4551
1635648,51.6846,76.1064
1643828,51.1260,73.7412
1652048,51.7910,75.5117
1660312,52.5273,75.1758
1668616,50.9883,83.5615
1676960,51.9131,75.5771
1685348,51.4531,74.3057
1693776,51.9160,75.7383
1702248,50.8379,75.4004
1710760,51.9766,76.1055
1719316,51.2725,75.3750
1727916,51.0742,76.1709
1736556,50.9883,75.2041
1745240,51.9854,101.1055
1753968,50.9697,76.3574
1762740,50.3320,75.8369
1771556,51.0791,75.5313
1780416,51.4453,75.6416
1789320,50.9521,75.8311
1798268,51.7246,76.5039
1807260,50.9883,91.8262
1816300,49.5869,73.3623
1825384,47.4023,72.8545
1834512,48.8760,73.3145
1843688,49.9443,83.1572
1852908,49.2793,73.8301
1862176,48.2881,72.5313
1871488,49.5977,73.4893
1880848,50.0420,74.7168
1890256,49.4697,76.3223
1899708,49.1104,73.9297
1909208,54.1895,74.2217
1918756,49.2656,73.5088
1928352,50.8994,81.8457
1937996,51.6689,76.4482
1947688,54.4385,76.0674
1957428,51.8818,76.3643
1967216,50.0107,74.6865
1977056,62.3623,79.5469
1986944,53.1484,78.4033
1996880,50.8379,75.4111
2006868,50.3545,75.2080
2016904,51.4375,83.9326
2026992,51.2568,76.2178
2037128,51.8047,79.0088
2047316,50.9443,76.6064
2057556,50.2646,76.7646
2067844,54.9932,76.6953
2078184,50.6279,77.1689
2088576,52.0918,79.2910
2099020,58.0596,81.3018
2109516,57.5732,77.9355
2120064,55.7510,76.4092
2130668,58.1279,77.2051
2141324,56.1396,76.5791
2152032,56.3369,77.2773
2162796,55.8994,76.5596
2173612,56.5107,77.4424
2184484,58.3613,78.6123
2195408,59.6436,76.5898
2206388,57.8408,79.3682
2217420,56.8232,77.8613
2228508,55.4141,77.4111
2239652,65.4082,80.3535
2250852,56.7754,77.9668
2262108,57.1465,77.5303
2273420,56.7393,80.0000
2284788,64.3154,81.1543
2296212,56.6299,78.7568
2307696,56.1943,77.9414
2319236,55.4150,78.7861
2330836,64.6406,79.9551
2342492,55.3037,77.7217
2354208,59.7070,83.8672
2365980,56.9307,80.6221
2377812,87.0811,80.9883
2389704,59.3428,78.5000
2401656,98.5908,83.3594
2413668,56.1133,76.5215
2425740,56.3916,78.3838
2437872,57.1270,86.1240
2450064,56.1553,76.7607
2462316,56.5410,79.0723
2474628,56.0127,77.3896
2487004,55.8945,87.2881
2499440,56.2539,78.8574
2511940,67.9258,77.8174
2524500,54.5303,78.1191
2537124,53.8193,77.9297
2549812,56.0410,85.2998
2562564,55.9063,78.5508
2575380,56.1377,77.5342
2588260,55.6563,76.5068
2601204,55.8799,84.8428
2614212,55.1914,77.5078
2627284,54.0537,78.2461
2640424,52.6309,76.7100
2653628,54.1660,79.1611
2666900,53.0176,77.8447
2680236,56.3096,78.9297
2693640,56.6260,85.7324
2707112,56.0361,78.5176
2720648,55.5850,79.8711
2734252,56.1123,78.1514
2747924,62.5693,79.8262
2761664,55.2715,78.9287
2775476,56.6963,80.3672
2789356,56.3477,88.0615
2803304,58.8486,86.3662
2817324,54.9492,79.1934
2831412,56.5830,79.8730
2845572,60.7383,79.2725
2859800,56.5381,81.1660
2874100,55.7549,79.3291
2888472,56.2959,80.1074
2902916,54.6064,79.3652
2917432,56.2021,81.5117
2932020,56.4316,79.9766
2946684,55.8057,81.5977
2961420,54.4443,79.2451
2976228,54.3691,79.4482
2991112,64.9336,81.8809
3006068,54.6396,79.5889
3021100,56.1035,78.4121
3036208,57.8027,89.7148
3051392,57.7803,80.9775
3066652,56.4238,78.7578
3081988,56.2676,81.5332
3097400,57.2598,79.8340
3112888,55.1738,80.8262
3128456,54.5146,80.7930
3144100,54.8047,81.9316
3159824,55.8984,81.7529
3175624,55.1787,79.5254
3191504,55.9775,81.5557
3207464,55.2861,80.4385
3223504,55.0605,81.0215
3239624,55.4463,191.4746
3255824,56.5439,82.5615
3272104,57.0527,80.6436
3288468,57.6201,89.7080
3304912,56.3096,87.8682
3321440,56.7861,81.9873
3338048,61.7783,86.1680
3354740,56.7285,82.0625
3371516,57.6191,82.7148
3388376,53.8096,81.6025
3405320,58.8721,82.0361
3422348,57.6396,83.9160
3439460,56.1338,82.0742
3456660,64.6650,83.3252
3473944,55.5449,83.5273
3491316,57.5059,83.8154
3508776,60.2285,85.0635
3526320,56.5059,81.6631
3543952,60.1230,83.9229
3561672,55.5557,82.0488
3579484,56.1416,84.0254
3597384,86.2402,92.5049
3615372,57.9365,84.7139
3633452,57.4297,83.8252
3651620,62.2930,85.5859
3669880,61.8975,88.9941
3688232,56.3994,84.7031
3706676,64.9502,83.9736
3725212,58.6289,85.9404
3743840,57.2344,84.4189
3762560,62.3291,87.7305
3781376,57.5938,86.4766
3800284,58.0557,86.9561
3819288,62.6152,86.4121
3838388,59.5439,87.5234
3857580,57.4580,88.6602
3876868,88.6934,92.1650
3896256,58.6650,87.3281
3915740,58.4922,86.9902
3935320,62.3867,87.0820
3955000,58.6182,89.1309
3974776,59.5459,88.5020
3994652,58.6602,87.8662
4014628,60.7256,89.4102
4034704,58.7197,110.9902
4054880,61.2627,90.2764
4075156,57.7998,87.5371
4095532,61.0674,90.4492
4116012,60.0566,98.4990
4136596,59.5576,90.7813
4157280,58.7842,90.4521
4178068,59.9648,90.0215
4198960,69.0674,92.4414
4219956,68.1084,91.0430
4241056,66.7646,89.8516
4262264,64.6387,88.0313
4283576,66.0273,90.4570
4304996,66.6133,91.9717
4326524,65.8945,89.6973
4348160,65.7275,90.1826
4369904,67.3525,92.5264
4391756,65.6895,89.2539
4413716,65.7910,90.1152
4435788,69.2568,91.8281
4457968,73.4941,92.0234
4480260,70.0283,91.3203
4502664,69.3301,92.6553
4525180,67.7256,89.0674
4547808,70.2207,93.0781
4570548,68.4248,90.4316
4593404,70.8096,94.0166
4616372,67.4395,93.2314
4639456,67.2988,93.2715
4662656,66.5430,91.9609
4685972,66.1689,89.5000
4709404,68.1104,93.4414
4732952,67.7178,92.2793
4756620,63.9609,89.2656
4780404,66.6377,93.2744
4804308,67.0254,90.8711
4828332,67.1172,92.1660
4852476,66.4424,92.6855
4876740,66.9023,93.0078
4901124,66.5664,93.8652
4925632,68.2764,93.8828
4950264,135.9238,137.2637
4975016,70.9980,94.4189
4999892,71.7568,95.1445
5024892,71.9707,95.9746
5050020,70.8262,93.0029
5075272,72.1426,95.5176
5100652,70.4424,95.8994
5126156,67.9648,94.6943
5151788,67.1260,93.7402
5177548,67.1357,93.2578
5203436,67.9648,93.2637
5229456,67.7559,94.3516
5255604,74.4473,94.3018
5281884,66.9570,94.7725
5308296,67.2168,94.0605
5334840,66.7139,94.0195
5361516,66.8203,94.6260
5388324,67.6289,94.2236
5415268,76.0137,95.6777
5442348,67.5322,93.8643
5469560,65.3096,91.6201
5496908,65.1523,91.8682
5524396,66.9902,94.4150
5552020,66.2422,92.6611
5579784,72.2881,96.3574
5607684,72.0459,94.2031
5635724,101.1914,93.9023
5663904,67.3311,94.4287
5692224,67.9736,93.7051
5720688,67.2822,95.5498
5749292,66.8047,93.6514
5778040,66.5625,94.0596
5806932,68.6230,96.1172
5835968,67.3457,92.4717
5865148,65.8965,93.2236
5894476,68.8496,94.8525
5923952,65.7949,95.4551
5953572,66.9932,94.4639
5983340,67.1260,95.4775
6013260,68.9277,96.2949
6043328,67.7734,95.7285
6073548,67.2930,95.8828
6103916,66.5713,96.0225
6134436,69.8652,95.4463
6165112,66.1797,92.9551
6195940,68.7725,98.0518
6226920,67.0400,94.5713
6258056,66.7305,95.8838
6289348,73.6201,97.6943
6320796,68.3477,96.3281
6352400,68.2188,95.9053
6384164,66.8066,100.9580
6416088,68.0488,94.6758
6448172,67.7695,95.9824
6480416,67.3643,96.7324
6512820,67.2568,97.0791
6545388,68.3994,95.0693
6578116,67.1133,97.4004
6611008,68.6523,98.1074
6644064,69.0254,97.7490
6677288,66.7646,96.1602
6710676,72.3027,108.8340
6744232,68.0879,97.5049
6777956,66.6328,96.4395
6811848,64.8066,94.3193
6845908,64.8691,95.1279
6880140,66.1855,96.4873
6914544,66.8271,96.6953
6949120,67.9404,96.6260
6983868,67.6699,97.5576
7018788,67.4336,97.1738
7053884,74.0967,98.1670
7089156,66.2900,105.7275
7124604,64.0010,94.0977
7160228,68.6699,96.5908
7196032,69.4502,96.4375
7232016,69.1592,98.5420
7268180,67.8721,96.5234
7304524,68.6016,97.3633
7341048,67.1719,95.9463
7377756,66.8818,96.8770
7414648,69.2910,96.7930
7451724,68.0508,96.8809
7488984,68.7803,97.4463
7526432,68.8789,97.5078
7564068,68.4287,96.8760
7601892,67.9492,98.8145
7639904,67.0771,98.8564
7678104,70.7637,97.5000
7716496,66.7549,98.5488
7755080,66.9463,98.1289
7793856,66.5986,98.1543
7832828,67.0137,99.2666
7871996,64.3398,94.9150
7911356,67.8232,98.8340
7950916,98.6074,97.5439
7990672,68.1885,97.1025
8030628,71.3223,95.8398
8070784,66.4307,95.2480
8111140,106.7178,106.2402
8151696,68.2979,96.8701
8192456,67.5547,95.5283
8233420,65.8057,94.4482
8274588,64.7441,96.5771
8315964,63.8271,95.5098
8357544,64.4756,95.3232
8399332,71.7520,97.3027
8441332,71.9004,97.3828
8483540,70.8877,94.1348
8525960,71.4424,96.0078
8568592,70.8760,95.2236
8611436,71.8604,95.4766
8654496,70.5713,96.3926
8697772,71.4902,94.7422
8741264,71.8203,96.6279
8784972,74.6348,97.9463
8828900,71.8174,94.8359
8873048,70.8545,96.0137
8917416,70.8418,95.1104
8962004,72.3105,96.6367
9006816,72.6553,96.2207
9051852,69.8604,104.3965
9097112,83.0791,101.4863
9142600,81.5215,102.8994
9188316,81.5518,101.9639
9234260,80.6113,100.8408
9280432,79.9482,100.5898
9326836,76.5537,101.0000
9373472,73.3848,98.2588
9420340,74.6855,101.2559
9467444,74.1260,99.8057
9514784,74.0195,101.7148
9562360,75.2314,100.9248
9610172,75.1943,99.8262
9658224,74.6162,102.5527
9706516,76.7578,102.7402
9755052,76.7686,103.9648
9803828,75.6816,101.6904
9852848,75.7402,102.3916
9902116,76.0938,101.5479
9951628,74.6367,101.1436
10001388,75.1582,102.6875
10051396,74.2676,99.3262
10101656,72.0625,95.0508
10152168,74.7695,96.8281
10202932,75.1309,96.4912
10253948,73.9736,97.5449
10305220,75.8799,99.8115
10356748,71.4023,97.1602
10408532,69.9160,96.8516
10460576,70.8467,98.4023
10512880,71.6484,107.9990
10565448,84.5537,95.7578
10618276,71.2725,97.6875
10671368,72.8516,98.1396
10724728,70.8652,96.1875
10778352,73.4424,98.3594
10832244,75.0752,100.9258
10886408,74.5518,100.6172
10940844,70.4404,97.7852
10995552,72.8984,98.4512
11050532,72.9980,99.0693
11105788,72.6289,98.2803
11161320,73.9561,101.2422
11217128,72.9199,101.1191
11273216,74.7344,110.0771
11329584,73.2744,100.2119
11386232,72.2197,98.7598
11443164,72.3838,99.5332
11500380,71.5313,97.4375
11557884,69.7998,96.8672
11615676,71.8965,97.5869
11673756,73.4980,99.6387
11732128,74.9775,100.7822
11790792,72.1748,98.9121
11849748,71.5488,99.0176
11909000,80.2002,102.1396
11968548,74.2617,102.1162
12028392,71.6357,98.5986
12088536,71.9766,99.6719
12148980,122.0078,113.9648
12209728,70.7773,100.8574
12270780,73.5410,101.5459
12332136,71.2900,100.8457
12393800,72.8525,100.5420
12455772,69.7305,104.1670
12518052,72.4668,100.6768
12580644,72.8945,98.9033
12643548,70.6855,97.9463
12706768,73.4902,101.6738
12770304,70.7393,99.0313
12834156,84.5332,100.4727
12898328,72.5215,101.7969
12962820,73.4814,100.7129
13027636,71.8115,101.1162
13092776,73.0674,102.3945
13158240,70.2793,99.7158
13224032,72.2422,101.5898
13290156,72.3564,101.5117
13356608,73.8701,102.3037
13423392,71.0361,101.1191
13490512,71.9688,109.6836
13557968,71.5244,100.6934
13625760,69.8008,100.0313
13693892,72.3750,100.7285
13762364,82.2705,100.5264
13831176,76.6914,107.7041
13900332,76.2754,106.0283
13969836,77.3975,109.0752
14039688,75.0625,104.7578
14109888,76.6299,106.8711
14180440,74.9541,105.3818
14251344,75.9795,106.2998
14322604,75.3652,107.0449
14394220,75.2432,114.1201
14466192,73.4629,105.4199
14538524,72.4473,104.8867
14611220,73.4199,105.4775
14684280,73.4453,105.6494
14757704,74.4395,106.2842
14831496,74.5020,107.2129
14905656,76.6689,108.6855
14980188,77.3037,107.3076
15055092,76.8359,101.2158
15130368,71.4980,101.4629
15206020,72.5000,115.1270
15282052,73.6299,101.5625
15358464,74.9746,102.9453
15435260,72.0605,101.6191
15512440,75.1348,102.6621
15590004,73.4443,102.7031
15667956,72.8262,103.3389
15746296,72.5107,101.9629
15825028,71.3086,101.0732
15904156,70.0801,101.9395
15983680,72.8613,103.0439
16063600,70.8379,106.6582
16143920,73.2061,105.1162
16224640,71.7041,103.1494
16305764,72.0986,102.5049
16387296,72.5615,107.3125
16469236,71.0605,100.8496
16551584,72.5830,102.7090
16634344,71.8369,103.5469
16717516,73.6113,106.0107
16801104,82.0938,103.7539
16885112,79.8232,103.9258
16969540,87.6982,104.1836
17054388,79.5049,105.3613
17139660,86.1484,102.3008
17225360,83.9854,108.0957
17311488,83.4443,104.5313
17398048,80.5342,102.8926
17485040,82.1963,116.4980
17572468,81.4600,103.1758
17660332,86.2441,110.6211
17748636,84.0537,105.7051
17837380,82.9404,121.3301
17926568,81.8301,103.7617
18016204,82.0615,104.4404
18106288,83.5820,104.4844
18196820,85.7158,107.0293
18287808,166.3906,143.5068
18379248,89.2949,104.1191
18471148,84.2012,104.2891
18563504,85.8447,107.4004
18656324,83.5313,117.2031
18749608,82.6689,120.1982
18843360,82.0352,103.8125
18937580,78.4326,105.4912
19032268,79.1563,103.4277
19127432,81.0264,104.7197
19223072,150.2109,127.2285
19319188,86.2842,135.4922
19415784,84.3730,107.4033
19512864,84.9160,106.7412
19610432,87.9463,106.6289
19708488,93.0889,107.7705
19807032,91.3398,106.6445
19906068,98.3418,110.1904
20005600,92.5000,109.8359
20105628,92.7559,126.5967
20206160,93.4600,111.7041
20307192,90.2715,111.1885
20408728,85.1436,110.2842
20510772,87.3311,129.5459
20613328,87.7861,110.6777
20716396,84.3564,109.0967
20819980,88.6729,111.3203
20924080,89.7930,111.6973
21028704,86.8037,112.7490
21133848,87.4863,112.5410
21239520,89.0186,111.5469
21345720,95.1895,117.4297
21452452,90.4824,113.3096
21559716,93.3623,114.8701
21667516,96.1133,116.7451
21775856,96.2637,118.4863
21884736,96.0693,115.5625
21994160,97.0225,115.2373
22104132,92.5908,113.4805
22214656,99.2900,117.2646
22325732,92.5381,114.0322
22437364,94.7197,115.3936
22549552,92.2813,117.5205
22662300,100.0596,119.6318
22775612,98.3867,114.6533
22889492,137.3994,115.4375
23003940,90.8682,112.5537
23118960,94.2578,114.4033
23234556,92.4199,115.6182
23350732,101.1699,113.7646
23467488,96.2998,117.9785
23584828,96.7246,116.9629
23702756,98.8994,119.6299
23821272,97.2197,124.2959
23940380,98.9717,118.4590
24060084,96.8711,114.9971
24180388,104.9658,121.8467
24301292,96.3457,135.1748
24422800,93.4082,117.6270
24544916,98.6777,115.7451
24667644,97.4434,122.3779
24790984,117.4180,120.6836
24914940,95.5635,117.7012
25039516,95.1924,157.1338
25164716,124.8301,132.3066
25290540,97.6777,123.0186
25416996,100.0449,125.4785
25544084,103.0820,121.8994
25671808,107.5449,126.0957
25800168,108.2881,125.2158
25929172,104.5361,125.4316
26058820,102.7090,125.7959
26189116,109.9414,138.6748
26320064,108.5625,127.9121
26451668,106.0176,128.6533
26583928,107.5332,128.4658
26716848,108.2480,126.8252
26850436,112.0918,123.2012
26984692,109.3545,130.6113
27119616,103.0596,127.6152
27255216,103.8223,124.9072
27391496,248.7109,148.1943
27528456,116.5078,129.6318
27666100,135.9365,145.0010
27804432,120.6455,136.7217
27943456,122.9229,143.5449
28083176,118.2275,133.5586
28223592,123.0205,165.3721
28364712,200.5332,144.3115
28506536,136.2275,149.8369
28649072,124.1348,143.9229
28792320,149.5117,147.3594
28936284,125.0762,148.5791
29080968,123.7725,148.9268
29226376,123.3799,158.4287
29372508,125.5996,155.5400
29519372,122.8340,143.5283
29666972,126.5371,147.8076
29815308,121.4883,148.5684
29964388,129.6406,148.4199
30114212,128.1797,148.7676
30264784,128.3545,160.1553
30416108,137.9092,159.7500
30568192,134.6436,147.3750
30721036,138.0625,169.3848
30874644,136.3125,166.7070
31029020,129.7207,177.0762
31184168,131.2852,217.0518
31340092,147.9785,174.6445
31496796,139.9561,159.7813
31654280,138.3828,188.0283
31812552,145.8330,161.8457
31971616,142.6934,161.7441
32131476,138.0947,155.7998
32292136,153.0947,169.5273
32453600,141.2061,157.3721
32615868,137.8223,165.1807
32778948,138.6377,165.3447
32942844,139.1553,166.6533
33107560,139.2686,165.1699
33273100,153.5469,172.5771
33439468,141.5303,166.9023
33606668,169.0605,164.6689
33774704,167.1523,167.1260
33943580,234.9912,162.8916
34113300,160.0791,173.7920
34283868,166.7188,173.8047
34455288,205.9346,171.4736
34627568,223.8525,172.2412
34800708,169.3438,185.7852
34974712,218.4805,190.4434
35149588,171.4150,169.5732
35325336,157.7080,193.1465
35501964,169.4873,176.3398
35679476,178.1660,173.2715
35857876,174.4795,182.1709
36037168,190.0381,181.0830
36217356,167.3760,263.6592
36398444,180.8340,181.9346
36580440,171.2656,172.9590
36763344,170.7617,167.5654
36947164,195.5010,212.7969
37131900,209.4648,187.0176
37317560,242.0674,179.7324
37504148,167.4971,177.0234
37691672,168.5537,180.7354
37880132,167.2773,174.0977
38069536,162.8984,182.0781
38259884,183.9092,177.3047
38451184,171.3369,180.9297
38643440,168.1982,185.8838
38836660,173.7041,190.9648
39030844,185.3330,180.7617
39226000,191.2656,194.4756
39422132,180.7500,184.6367
39619244,175.6924,182.2559
39817344,185.9639,185.7432
40016432,194.1377,186.7090
40216516,187.1826,180.8291
40417600,184.8164,199.9824
40619688,173.1406,185.7920
40822788,165.7783,186.2910
41026904,198.0449,187.5615
41232040,243.3486,183.5068
41438204,170.8838,184.4326
41645396,194.3311,221.6279
41853624,163.7832,179.8096
42062896,180.9258,177.3340
42273212,180.4678,181.7402
42484580,173.6943,186.4902
42697004,170.3896,177.3086
42910492,171.4375,183.5928
43125048,176.6416,180.1924
43340676,167.3838,197.8252
43557380,243.0840,185.0879
43775168,176.1787,189.2217
43994044,179.8584,188.6016
44214016,179.5127,180.5420
44435088,179.1484,184.8604
44657264,171.2217,196.5947
44880552,172.1621,190.5537
45104956,194.7188,184.2197
45330484,176.5254,201.3877
45557140,181.3555,196.8848
45784928,182.1797,192.7168
46013856,183.0127,185.0361
46243928,189.3916,190.1201
46475148,187.0781,279.9531
46707524,203.0000,193.6553
46941064,191.9072,198.9502
47175772,202.9980,192.8730
47411652,186.3281,201.3359
47648712,178.2754,187.8936
47886956,214.5322,204.1504
48126392,187.3701,197.3262
48367024,189.8770,204.4199
48608860,189.9717,203.5166
48851908,177.8164,197.9775
49096168,196.9912,207.5537
49341652,220.3799,202.7295
49588364,188.6621,224.0547
49836308,201.7402,209.7842
50085492,204.6240,227.8965
50335920,191.8027,210.4629
50587600,185.2676,203.5918
50840540,200.5938,219.4502
51094744,192.8125,208.4141
51350220,305.3584,258.2627
51606972,207.3242,208.7451
51865008,212.8330,231.5537
52124336,226.0791,320.7256
52384960,216.8516,208.1455
52646888,217.2666,215.9902
52910124,218.9414,229.0283
53174676,212.4180,214.8125
53440552,270.3242,198.3008
53707756,194.5684,212.9922
53976296,203.2422,215.5430
54246180,210.0684,214.4639
54517412,203.9570,216.1475
54790000,206.6787,219.6318
55063952,219.5176,227.6299
55339272,197.5020,206.8623
55615972,209.5049,212.3525
55894052,202.8662,246.1670
56173524,210.7842,210.9805
56454392,210.2578,225.9248
56736664,215.4141,222.7314
57020348,212.0186,255.3848
57305452,230.4580,215.4648
57591980,213.0967,228.8809
57879940,211.2852,220.7100
58169340,204.3477,219.0820
58460188,205.4434,241.1992
58752492,296.8018,218.3076
59046256,213.5859,217.5732
59341488,210.0938,219.1475
59638196,205.6973,226.4131
59936388,203.4170,215.7490
60236072,209.8213,221.2910
60537256,236.1875,231.0615
60839944,230.1602,239.4922
61144144,217.1162,222.8008
61449868,218.9648,219.0322
61757120,206.2129,248.7275
62065908,235.5645,246.8477
62376240,224.7529,235.7949
62688124,239.1436,237.5986
63001568,265.5186,226.6572
63316576,217.3057,237.4551
63633160,225.5527,228.3770
63951328,224.2217,242.1748
64271088,226.9629,244.2275
64592444,241.5137,240.4014
64915408,226.9580,235.9883
65239988,239.4785,261.0068
65566188,225.3691,240.3760
65894020,229.9307,238.4014
66223492,208.9316,238.3340
66554612,214.1016,251.7705
66887388,205.0684,237.1387
