4,1.0293,1.2705
8,1.7686,6.3643
12,2.2402,6.8301
16,2.2402,7.6855
20,2.8252,9.6787
24,2.7666,10.7773
28,2.7656,11.2705
32,2.7617,11.7334
36,3.2080,12.1035
40,3.2148,12.8320
44,3.2168,13.3506
48,3.2236,14.5068
52,3.2314,14.8096
56,3.2266,15.8525
60,3.2227,15.7236
64,3.2246,16.4502
68,3.7021,16.9932
72,3.7021,17.2871
76,3.7178,17.3662
80,3.7061,17.8828
84,3.6992,18.1797
88,3.6992,18.0889
92,3.6943,18.8438
96,3.7256,19.2373
100,3.6875,19.6289
104,3.6943,19.6885
108,3.7139,19.8496
112,3.7100,20.7627
116,3.7197,21.1367
120,3.7070,21.9004
124,3.6904,21.6172
128,3.6875,22.0635
132,4.2344,22.2412
136,4.2412,21.7744
140,4.2324,22.0049
144,4.2051,21.8076
148,4.2461,22.1191
152,4.2461,21.9902
156,4.2305,22.4629
160,4.2305,22.2686
164,4.2402,22.4443
168,4.2471,22.8672
172,4.2393,23.2686
176,4.2412,22.7412
180,4.2295,23.1582
184,4.2412,23.1719
188,4.2354,23.6377
192,4.2061,23.7578
196,4.2129,24.2939
200,4.2070,24.5820
204,4.1719,24.5830
208,4.2070,24.6455
212,4.2197,25.2461
216,4.2266,25.0820
220,4.2119,25.5313
224,4.2051,25.5732
228,4.2100,25.6738
232,4.2305,25.9678
236,4.2061,26.4385
240,4.2031,26.1729
244,4.2139,26.9346
248,4.2021,27.0127
252,4.2100,35.6123
256,4.2061,27.5098
260,4.8711,26.8018
264,4.8232,26.8623
268,4.8193,26.5918
272,4.8154,27.2646
276,4.8174,26.8760
280,4.8262,27.3115
284,4.8076,26.8301
288,4.8232,26.5371
292,4.8301,26.8525
296,4.8066,27.0313
300,4.8193,26.6289
304,4.8115,27.4678
308,4.8467,27.0313
312,4.7988,27.0439
316,4.8154,27.4033
320,4.8076,27.2510
324,4.8223,26.8125
328,4.8311,27.0410
332,4.8135,27.1689
336,4.8398,27.7578
340,4.8184,27.3145
344,4.8223,27.0449
348,4.8271,27.1582
352,4.8271,27.2744
356,4.8320,27.6104
360,4.7969,27.8262
364,4.8252,28.2588
368,4.7969,27.6572
372,4.8330,26.6230
376,4.8008,25.6270
380,4.8291,25.4199
384,4.8281,25.0225
388,4.8096,62.2246
392,4.8340,25.3350
396,4.7998,25.4229
400,4.8262,25.9521
404,4.8154,35.8320
408,4.8398,25.9502
412,4.8076,26.1475
416,4.8213,25.9219
420,4.8066,26.1113
424,4.8252,26.1670
428,4.8223,26.5283
432,4.8047,26.1826
436,4.8213,26.3633
440,4.8154,26.4971
444,4.8213,26.9141
448,4.8145,26.6221
452,4.7998,26.8721
456,4.8164,27.4365
460,4.8008,26.5664
464,4.8164,27.8867
468,4.8096,27.0918
472,4.8145,26.9990
476,4.8193,27.4072
480,4.7930,27.5410
484,4.8213,27.9063
488,4.8164,27.6572
492,4.8379,28.1963
496,4.7988,27.8760
500,4.8232,27.8623
504,4.8242,28.3896
508,4.8135,28.5752
512,4.8135,28.7002
516,7.8154,28.7422
520,7.5996,28.4873
524,7.6572,28.7090
528,7.7100,28.9346
532,7.6084,28.4482
536,7.6963,29.3604
540,7.7451,28.5713
544,7.7061,28.5293
548,7.4863,28.9043
552,7.6523,28.7871
556,7.8252,29.1406
560,7.6309,29.3535
564,7.6475,29.3682
568,7.6660,28.8574
572,7.6846,29.4004
576,7.6611,29.0566
580,7.8154,29.2637
584,7.7373,29.1953
588,7.6113,29.2402
592,7.5801,29.6152
596,7.6611,29.7500
600,7.7119,30.0430
604,7.6279,28.8691
608,7.7314,29.2910
612,7.8379,29.3076
616,7.7578,29.5615
620,7.6191,29.6367
624,7.5322,29.4365
628,7.6973,29.1748
632,7.6426,29.7666
636,7.7227,29.3125
640,7.7930,29.2275
644,7.6816,29.2090
648,7.6035,29.6230
652,7.5176,29.9170
656,7.5518,29.9414
660,7.7178,29.7939
664,7.6143,29.5430
668,7.6475,29.3545
672,7.6191,29.9844
676,7.7373,29.8643
680,7.6816,30.0020
684,7.7900,30.0244
688,7.6221,29.7656
692,7.6406,29.9131
696,7.6123,30.3623
700,7.5811,30.3359
704,7.6338,29.8496
708,7.7236,30.2686
712,7.6445,30.2373
716,7.5889,29.8828
720,7.6865,29.8896
724,7.6113,30.0293
728,7.6631,30.0352
732,7.6055,29.8018
736,7.8164,30.4150
740,7.6055,30.3398
744,7.7051,30.5508
748,7.5459,30.3682
752,7.6025,30.2129
756,7.8037,30.2471
760,7.7910,31.0244
764,7.5850,30.5850
768,7.8369,30.3184
772,7.7939,30.6006
776,7.7031,30.6104
780,7.7773,30.7432
784,7.7881,30.7588
788,7.6963,63.0898
792,7.7422,32.9473
796,7.7148,33.2646
800,7.8486,33.2041
804,7.6104,32.6201
812,7.7148,32.2646
820,7.6006,32.6846
828,7.6719,31.7646
836,7.7578,30.1377
844,7.8018,30.0566
852,7.6895,30.0586
860,7.6865,30.2451
868,7.6436,30.5625
876,7.6396,30.1738
884,7.6826,30.0420
892,7.7227,35.6787
900,8.1426,30.5518
908,8.0850,31.1807
916,7.9355,30.8945
924,14.0156,30.3496
932,7.8584,31.1182
940,7.6318,31.4111
948,7.7725,31.2871
956,7.7002,30.8633
964,8.5859,30.6855
972,8.0469,31.6992
980,7.7344,31.2129
988,7.8350,31.3545
996,7.7207,31.5664
1004,7.8564,31.8438
1012,7.5957,31.2432
1020,7.4805,78.5605
1028,13.3213,31.7266
1036,12.4082,32.2031
1044,12.0664,32.0918
1052,11.2188,32.0625
1060,11.1680,39.2627
1068,11.0664,31.5127
1076,12.1289,31.6162
1084,10.9277,31.4541
1092,10.8857,31.0400
1100,10.9844,31.7295
1108,10.9629,31.3809
1116,11.0186,31.8340
1124,10.9355,31.6611
1132,11.0127,31.9424
1140,11.2266,31.9883
1148,11.0049,31.6162
1156,11.2998,31.8857
1164,11.0078,31.9854
1172,11.0078,32.2266
1180,11.1152,32.0244
1188,11.0322,31.7451
1196,11.0244,36.9707
1204,11.2783,32.0713
1212,11.1514,32.4434
1220,11.0801,32.2373
1228,10.9463,32.0742
1236,10.7793,32.5703
1244,11.0322,32.4063
1252,11.2803,32.4902
1260,10.9551,32.5361
1268,10.9219,32.8340
1276,10.8760,32.5488
1284,11.2178,32.1855
1292,10.9170,32.2236
1300,10.8936,31.8936
1308,10.9971,32.8711
1316,11.0850,32.5957
1324,11.0518,32.9111
1332,10.9893,38.6387
1340,11.2803,32.3584
1348,11.0117,32.8906
1356,11.0645,33.0664
1364,10.9727,32.7656
1372,11.0215,32.4229
1380,11.0430,32.4688
1388,10.8955,32.8516
1396,11.0645,73.6953
1404,11.4150,32.5020
1412,12.2783,32.9512
1420,11.1201,33.0781
1428,11.2041,33.0313
1436,10.8711,33.5303
1444,10.9707,33.1172
1452,11.0313,33.1572
1460,11.2939,33.0859
1468,19.3359,33.0049
1476,11.3174,32.9668
1484,11.0820,32.8926
1492,10.9785,33.9697
1500,11.0596,33.1943
1508,10.9854,33.1084
1516,11.0391,33.1465
1524,10.7959,33.4521
1532,10.9404,42.3936
1540,11.6992,33.2471
1548,11.1172,32.9365
1556,11.0020,33.2354
1564,11.1289,32.9756
1572,11.0156,33.2930
1580,11.2197,33.5596
1588,11.0244,34.3369
1596,11.0596,33.7549
1604,11.0244,32.7256
1616,10.9131,34.0850
1628,10.8848,33.3340
1640,11.0127,33.9170
1652,10.9990,33.9111
1664,11.1699,33.7158
1676,11.1729,33.7471
1688,11.0283,34.2627
1700,11.2910,39.7109
1712,11.5986,34.7568
1724,11.7061,34.2813
1736,11.1270,33.8750
1748,11.0605,34.3154
1760,11.0127,34.2480
1772,10.9834,34.7959
1784,11.0674,38.6904
1796,11.5303,34.2793
1808,11.2910,34.9717
1820,11.2666,34.4980
1832,10.7930,35.0879
1844,11.0547,34.6533
1856,11.5547,34.9336
1868,11.1660,34.5840
1880,11.1416,34.5234
1892,16.1191,35.1543
1904,10.9424,34.7197
1916,11.2500,34.6943
1928,11.1240,35.4473
1940,11.3467,35.1270
1952,10.9805,35.2031
1964,10.9980,35.3945
1976,11.1201,35.6182
1988,11.0195,35.6689
2000,11.0566,35.4229
2012,11.0498,34.9727
2024,10.8828,34.7656
2036,11.1299,35.1826
2048,11.1621,35.6689
2060,15.0088,35.3721
2072,15.0244,35.5762
2084,29.1426,35.9268
2096,15.2881,36.7939
2108,14.8926,35.1963
2120,14.8857,36.2520
2132,14.9189,35.2090
2144,14.7920,35.7334
2156,14.8789,35.0947
2168,14.5596,35.3672
2180,14.8057,35.5303
2192,15.0732,34.8418
2204,14.5684,35.0391
2216,14.5635,35.7334
2228,14.6885,35.7227
2240,14.7607,36.1875
2252,14.7793,35.0234
2264,15.0146,35.9980
2276,14.9775,35.7422
2288,14.6992,35.8672
2300,15.0283,35.5518
2312,14.6924,35.6348
2324,14.8242,36.1592
2336,14.8770,36.5254
2348,14.6699,78.9033
2360,14.4043,36.2354
2372,14.2832,36.1963
2384,14.2266,36.1846
2396,14.0811,36.3740
2408,14.5625,35.5215
2424,14.3750,35.8086
2440,19.0371,35.6777
2456,14.6016,36.5244
2472,14.5986,35.4883
2488,14.1855,36.1357
2504,14.0156,36.1748
2520,14.4688,36.0010
2536,14.2822,36.9072
2552,14.3496,35.6836
2568,14.4805,35.7441
2584,14.3613,36.1064
2600,14.1846,36.0273
2616,14.3076,35.9482
2632,14.4414,35.9971
2648,14.2754,36.0029
2664,14.3916,36.9492
2680,14.0459,41.2012
2696,14.5039,36.9033
2712,14.4023,36.8076
2728,14.5518,35.9199
2744,14.3975,36.5254
2760,14.5264,36.5430
2776,14.4336,37.0029
2792,14.0010,36.3447
2808,14.5146,37.1133
2824,14.1133,36.5332
2840,14.1914,36.3760
2856,14.1650,36.5449
2872,14.3291,37.2852
2888,14.3457,36.6514
2904,14.3066,37.2314
2920,14.1328,37.3369
2936,14.6729,37.4160
2952,14.4248,37.0820
2968,14.3145,37.0049
2984,14.0293,76.2910
3000,14.5938,37.3633
3016,14.2813,37.3604
3032,14.4229,37.4355
3048,14.5020,37.1494
3064,14.2168,37.5928
3080,14.4531,37.0273
3096,14.2852,37.2705
3112,14.2002,36.8428
3128,13.8594,37.9531
3144,14.1182,48.8154
3160,14.3428,37.9414
3176,14.3193,37.4932
3192,14.3721,37.5479
3208,14.2988,37.1875
3228,14.3750,37.1035
3248,14.0693,38.5859
3268,14.2139,37.3984
3288,14.3281,37.7314
3308,14.1865,37.9951
3328,14.5928,37.7139
3348,14.2998,37.9150
3368,14.4600,38.3301
3388,14.1553,37.9766
3408,14.3076,37.4609
3428,14.2246,43.3174
3448,14.6631,38.0000
3468,14.7979,38.1553
3488,14.4658,38.0068
3508,14.2275,38.3936
3528,14.3672,38.6748
3548,14.2109,37.6943
3568,14.3936,37.8008
3588,14.0527,38.2539
3608,14.3682,37.9102
3628,14.0273,38.1494
3648,14.3555,38.6680
3668,14.1436,38.4834
3688,14.2891,38.8691
3708,14.4688,38.2549
3728,21.0186,39.1064
3748,56.6426,38.6631
3768,14.4004,39.1895
3788,14.4883,39.0547
3808,14.6572,39.1309
3828,14.8711,38.5566
3848,14.0869,38.9053
3868,14.2344,38.5635
3888,14.1641,38.7100
3908,13.9941,38.5059
3928,14.1777,38.6865
3948,14.2803,38.4668
3968,14.2949,38.4902
3988,14.0781,39.1240
4008,19.3281,38.7490
4032,14.5586,38.5605
4056,14.3223,38.3379
4080,13.9531,39.3320
4104,19.1055,39.2656
4128,17.6006,39.3311
4152,17.4580,39.0039
4176,17.3428,38.6084
4200,17.3936,39.4463
4224,17.3428,39.3174
4248,17.5273,39.5469
4272,17.5293,39.6250
4296,17.4951,39.2168
4320,17.3105,39.4951
4344,17.6025,39.5518
4368,17.2744,39.5664
4392,17.8262,39.8330
4416,17.4219,39.3008
4440,17.5723,38.9414
4464,17.2686,39.1104
4488,17.1592,38.9746
4512,17.5840,39.5146
4536,17.5039,38.9619
4560,17.3027,39.8418
4584,17.3262,39.7441
4608,17.7217,96.2979
4632,17.6230,40.7783
4656,17.4844,39.7988
4680,16.9688,39.2646
4704,17.2100,38.4111
4728,17.0820,38.8799
4752,17.2480,38.9092
4776,16.9033,38.9209
4800,17.2705,39.0410
4824,17.4336,38.4326
4852,17.2930,39.3779
4880,17.2490,39.1436
4908,17.0742,38.9219
4936,17.2725,39.1611
4964,17.2500,38.9170
4992,16.8271,38.5479
5020,17.6953,39.9746
5048,18.1875,39.1377
5076,17.3467,39.6006
5104,16.6523,39.2158
5132,17.1748,39.5566
5160,16.9863,38.6631
5188,25.9463,43.3828
5216,17.4854,40.3457
5244,17.4043,39.1025
5272,17.1436,39.2900
5300,17.2461,38.9502
5328,16.8037,39.1318
5356,16.8555,38.6406
5384,17.3799,38.7373
5412,17.4316,40.7119
5440,17.2637,39.3818
5468,17.0410,39.5303
5496,17.0342,38.9531
5524,17.1807,39.3760
5552,17.0410,39.4033
5580,17.2725,38.5811
5608,17.1553,39.4365
5640,17.1953,39.7275
5672,17.1455,39.8740
5704,17.2549,40.0430
5736,17.0840,40.4346
5768,17.4766,39.9736
5800,17.4609,41.5557
5832,16.7666,39.2451
5864,17.4824,38.9639
5896,17.3311,39.4814
5928,17.4160,38.8877
5960,17.6426,40.2266
5992,17.1846,39.9248
6024,17.5459,39.8125
6056,17.0527,39.5664
6088,17.2939,39.3838
6120,17.0820,40.1914
6152,17.1455,39.9961
6184,16.9512,40.7363
6216,17.3447,40.1230
6248,16.8662,40.4395
6280,17.1748,40.1748
6312,17.1553,40.5498
6344,16.8789,40.3105
6376,16.9805,39.7646
6408,17.1309,40.3174
6444,16.9932,40.0498
6480,17.0547,40.4648
6516,18.2080,40.1611
6552,16.8906,40.3174
6588,17.3262,40.1807
6624,17.5234,40.8311
6660,17.0605,41.2090
6696,17.4297,40.7314
6732,17.2871,40.7783
6768,16.9248,40.6387
6804,17.3037,40.1016
6840,17.0977,40.8027
6876,16.5771,40.4531
6912,17.3135,41.1650
6948,17.2656,40.5840
6984,17.2500,41.8994
7020,17.2656,41.5205
7056,17.5029,41.8135
7092,17.5273,42.1680
7128,17.4063,41.9590
7164,17.4404,42.3105
7200,17.1768,41.2959
7236,17.1104,41.3223
7276,17.1758,41.8438
7316,17.0840,41.1191
7356,17.0781,41.8291
7396,17.0498,40.9443
7436,17.3389,41.5664
7476,17.2314,41.6729
7516,39.4072,50.0420
7556,17.5244,41.8906
7596,17.4072,42.1006
7636,17.1738,41.5566
7676,17.7178,41.9473
7716,17.3398,42.2793
7756,17.8535,46.1426
7796,17.8027,42.7627
7836,17.1924,41.8467
7876,17.6533,42.4326
7916,17.3105,42.2148
7956,17.3857,42.6377
7996,17.4648,42.1357
8036,17.7178,42.7520
8080,17.5957,42.3848
8124,17.3438,42.8799
8168,17.2842,42.2695
8212,26.2139,42.2832
8256,25.6855,42.2813
8300,23.3184,43.1182
8344,21.1123,42.0820
8388,20.6846,42.2598
8432,20.9824,42.2070
8476,20.9316,43.1299
8520,20.5869,43.1973
8564,20.4844,42.8145
8608,20.7539,42.8701
8652,20.4033,42.8486
8696,20.7803,42.6152
8740,20.3232,42.4355
8784,20.6250,42.2441
8828,20.8193,42.8320
8876,20.6943,42.8115
8924,20.7334,42.9014
8972,20.7480,42.5117
9020,20.9316,43.6191
9068,20.8164,42.7031
9116,20.5967,43.3125
9164,20.8027,42.8604
9212,20.8389,43.0996
9260,20.8145,42.8633
9308,20.9844,43.1602
9356,20.5703,43.1074
9404,20.4385,43.0293
9452,20.9844,42.7412
9500,20.7275,43.4561
9548,20.8135,42.5459
9596,20.8975,42.6143
9644,20.4473,42.8604
9696,20.5283,43.5430
9748,20.8516,43.6436
9800,20.8691,42.8896
9852,20.8203,43.6611
9904,20.8975,43.1025
9956,20.4121,42.9980
10008,20.8232,43.6504
10060,20.6279,43.4941
10112,20.7510,43.5371
10164,21.2637,43.5322
10216,20.7012,43.7305
10268,20.9590,43.6768
10320,25.4639,43.0576
10372,20.7021,42.6338
10424,20.4551,43.0918
10480,20.6357,43.7275
10536,21.3330,44.2725
10592,20.5771,43.8438
10648,20.7021,43.4971
10704,21.1123,43.8154
10760,20.7715,43.9980
10816,20.6543,43.6094
10872,20.6670,43.7666
10928,22.4395,43.5420
10984,20.6582,43.5752
11040,20.5869,43.7813
11096,20.6338,51.0537
11152,20.9482,44.7061
11208,20.5449,44.0205
11268,20.6289,43.1270
11328,20.9512,43.8115
11388,20.7588,43.6953
11448,20.8018,44.0107
11508,20.8447,43.8223
11568,20.6748,44.0078
11628,21.1025,43.8945
11688,20.5547,44.0781
11748,20.6982,43.8564
11808,20.9570,44.9014
11868,20.5947,43.7627
11928,20.7900,44.5439
11988,20.8281,44.0449
12048,20.5010,44.3428
12112,20.6611,44.7852
12176,20.5088,44.2402
12240,20.7344,43.5703
12304,20.7861,44.9941
12368,20.7646,44.2197
12432,20.3115,44.0742
12496,20.3408,44.2119
12560,20.8164,44.2539
12624,20.4346,43.8662
12688,20.3291,43.5488
12752,20.3643,44.4189
12816,20.7441,44.7090
12884,20.7188,44.4082
12952,20.7529,44.5996
13020,20.6689,44.3721
13088,20.7617,44.9766
13156,20.5840,45.1338
13224,20.7715,44.2246
13292,20.4541,45.1152
13360,20.9326,45.2529
13428,20.3555,44.7197
13496,20.7725,44.7197
13564,20.5898,45.7344
13632,20.8057,51.4629
13704,20.9326,45.1270
13776,20.8809,45.2539
13848,21.0654,44.7305
13920,20.5693,45.6885
13992,20.6465,45.0498
14064,20.8311,44.9229
14136,20.7627,44.8096
14208,21.4277,45.3213
14280,20.5791,44.8193
14352,20.7188,45.4922
14424,20.5322,44.6621
14500,20.9043,44.5322
14576,20.6416,45.3027
14652,20.7246,45.5498
14728,21.1387,45.2969
14804,20.4844,45.8633
14880,21.2627,45.6230
14956,20.5039,46.1484
15032,20.7490,45.4951
15108,20.8809,45.4287
15184,20.8252,45.2813
15260,20.8447,45.8184
15340,20.4756,46.1885
15420,20.8408,45.0645
15500,20.6523,45.5479
15580,20.4688,45.8447
15660,20.8916,45.4590
15740,20.8428,46.3320
15820,21.2031,45.1475
15900,20.6641,45.8223
15980,20.5771,46.0439
16060,20.6875,46.7422
16144,20.7461,45.9912
16228,20.7031,45.0850
16312,20.3682,45.2725
16396,26.2998,45.7109
16480,26.3828,45.5117
16564,26.7236,45.3467
16648,26.7061,46.2246
16732,26.1895,45.2656
16816,25.8965,46.2461
16904,26.0068,46.4648
16992,26.1924,46.2881
17080,26.1240,46.5215
17168,24.9111,46.6025
17256,23.9521,46.7559
17344,24.2109,46.6230
17432,23.8516,46.2305
17520,24.4258,46.3750
17608,24.3467,46.4219
17700,23.8115,45.5322
17792,23.6016,46.2598
17884,23.8516,46.3604
17976,23.2568,46.6191
18068,66.0459,48.3330
18160,24.0420,45.7246
18252,23.8154,46.4424
18344,23.6523,46.3096
18436,24.2461,46.2656
18532,23.6436,46.7715
18628,23.5908,47.1367
18724,23.9531,46.4043
18820,24.1055,46.7334
18916,23.9541,46.4385
19012,24.0898,46.7158
19108,44.6494,46.5859
19204,23.4883,46.5674
19304,24.1221,46.7051
19404,24.4492,46.4307
19504,24.2324,47.0254
19604,23.8652,46.9180
19704,23.7686,46.6914
19804,24.0205,46.8906
19904,24.2617,46.6846
20004,23.7334,46.5947
20108,24.2686,46.4922
20212,24.4160,46.6807
20316,24.1387,47.1045
20420,23.6152,46.8633
20524,23.8721,47.0381
20628,24.0488,47.0469
20732,28.2109,46.6113
20836,23.7578,46.2334
20944,24.8525,46.8232
21052,24.6289,47.3066
21160,24.3037,46.9111
21268,24.0879,46.6768
21376,24.1709,46.9736
21484,23.7246,46.5430
21592,24.3457,47.0967
21700,24.2891,47.8184
21812,23.9121,47.3145
21924,23.8770,46.9092
22036,23.8984,47.5850
22148,24.2441,47.2734
22260,23.9922,47.6025
22372,23.9326,47.7422
22484,24.0166,47.1074
22600,24.2754,46.9971
22716,23.9307,47.2998
22832,23.3193,46.9141
22948,23.9541,46.8076
23064,24.1016,47.3887
23180,24.1367,47.2051
23296,24.2666,48.1494
23416,24.0039,48.1963
23536,23.7148,47.4990
23656,24.3252,48.1484
23776,23.9053,48.1162
23896,23.4766,47.4160
24016,23.9307,47.6182
24140,23.8320,48.0762
24264,24.1699,47.8379
24388,23.8066,47.7871
24512,24.1748,48.8311
24636,23.8418,47.8320
24760,23.9316,47.6797
24884,23.9980,47.6289
25012,24.0498,47.7354
25140,23.6211,47.2676
25268,23.6543,47.7822
25396,23.7227,48.0439
25524,23.8701,47.4932
25652,24.3125,47.9131
25784,24.3359,48.1807
25916,23.4082,47.9307
26048,24.2920,48.1826
26180,23.8379,48.2100
26312,23.6699,48.0898
26444,23.5830,48.2061
26580,24.0098,47.9971
26716,24.1299,48.2725
26852,23.7627,48.5078
26988,24.1553,48.9385
27124,23.8740,47.8037
27260,23.8770,48.7656
27400,24.3779,48.6748
27540,24.1504,48.9297
27680,23.4688,48.0342
27820,23.9160,48.3125
27960,23.8711,49.1406
28100,23.7100,48.5039
28244,24.0479,48.6738
28388,23.4561,48.3633
28532,24.1182,48.2744
28676,24.1758,48.8115
28820,25.5410,48.3086
28968,23.8623,49.2207
29116,23.8242,48.6182
29264,24.3037,49.0225
29412,24.0996,48.4141
29560,23.7324,48.8955
29708,23.7090,48.5859
29860,23.6865,48.2412
30012,24.3389,48.7178
30164,23.8828,49.2158
30316,23.6035,48.1914
30468,23.5703,48.7285
30624,23.7207,48.8301
30780,23.9199,48.6982
30936,24.1045,48.7549
31092,24.1377,48.8652
31248,23.6963,49.1514
31408,23.5635,49.2451
31568,23.7285,48.8164
31728,23.9346,49.4063
31888,25.5195,48.4727
32048,23.6016,49.5918
32212,23.8291,48.6152
32376,23.8965,49.5361
32540,23.6914,48.7070
32704,23.6855,49.0713
32868,28.0654,49.1006
33036,27.3359,49.1611
33204,26.9180,48.1602
33372,31.3633,48.7510
33540,27.2393,49.6621
33708,27.1748,48.6338
33880,27.5586,50.1123
34052,27.3262,48.9814
34224,27.0381,50.1621
34396,26.9297,49.4414
34568,27.1426,50.2744
34744,27.0830,49.4746
34920,27.1074,49.7109
35096,27.0635,56.8760
35272,27.2969,50.2959
35452,27.3496,49.7432
35632,27.1953,49.9141
35812,27.1738,50.5586
35992,28.1465,50.3066
36172,27.7432,49.9072
36356,27.5127,49.8740
36540,26.7803,49.9883
36724,27.5635,49.9053
36908,27.5908,49.9756
37096,27.6660,50.2246
37284,27.4072,49.6191
37472,27.3086,50.1895
37660,27.6104,49.7363
37852,27.5557,49.6523
38044,26.9395,49.9336
38236,27.5996,50.0117
38428,27.2158,50.3516
38624,27.3467,50.5566
38820,26.7617,49.6523
39016,26.7979,49.7588
39212,26.9072,49.9063
39412,27.6289,50.9355
39612,28.0986,50.4512
39812,27.0645,50.2627
40012,27.2734,50.0918
40216,27.0605,50.3076
40420,26.7627,50.4131
40624,27.5459,50.2236
40828,27.3193,50.4355
41036,27.2090,50.9238
41244,27.4707,50.3398
41452,27.1406,50.3750
41660,27.3594,50.8037
41872,27.7461,50.4141
42084,27.5791,50.4053
42296,27.7432,50.2734
42508,27.2764,50.8389
42724,27.4795,50.5459
42940,26.9746,50.0137
43156,27.0615,51.6553
43372,27.3623,49.9658
43592,167.2490,54.8125
43812,28.4248,93.2861
44032,27.4180,51.4580
44256,28.1338,52.5518
44480,28.3066,50.9141
44704,27.6455,50.3174
44928,27.9951,50.9180
45156,27.7646,55.8477
45384,27.3027,51.4756
45612,27.7930,51.1133
45844,27.4004,50.3428
46076,27.7051,50.7842
46308,27.3398,51.0850
46540,27.9648,50.7529
46776,27.0908,50.8877
47012,27.4004,50.6387
47248,27.9395,50.8662
47488,27.7090,51.0508
47728,27.5586,50.8916
47968,27.5225,50.9053
48208,27.9287,50.8193
48452,27.6689,51.1211
48696,28.1279,51.0986
48940,27.6309,51.7861
49188,27.3477,51.0176
49436,27.5166,51.3721
49684,27.5996,51.7012
49936,27.9004,52.2930
50188,27.2422,50.7100
50440,28.2793,51.9385
50696,27.8848,51.3496
50952,27.5479,50.7822
51208,27.8975,51.5020
51468,27.4502,52.1064
51728,27.6992,51.7549
51988,27.1211,51.6113
52248,27.4043,51.7637
52512,26.7764,51.9873
52776,27.1318,52.4893
53040,26.8604,52.5898
53308,27.1670,52.0488
53576,27.5889,52.3838
53844,27.4316,52.5273
54116,27.1982,51.5430
54388,27.0742,52.8613
54660,27.4424,51.7764
54936,28.9453,52.6895
55212,27.6904,56.1582
55492,27.5693,51.8701
55772,27.6250,52.1250
56052,27.0459,52.4932
56336,27.7949,52.7402
56620,27.3301,52.3203
56904,27.4482,52.2158
57192,26.9951,52.6680
57480,27.5029,52.5391
57768,27.2275,52.5049
58060,26.9922,56.9863
58352,28.0674,53.2695
58644,27.2578,53.0156
58940,27.5371,53.1494
59236,27.6836,53.3369
59536,27.8193,53.4922
59836,27.8828,53.4307
60136,27.1709,52.7588
60440,27.3018,52.9092
60744,27.8965,53.2832
61048,27.4785,53.5957
61356,27.5107,53.0547
61664,26.9492,52.8984
61976,26.6318,52.7920
62288,26.9141,52.2500
62600,27.7012,53.0303
62916,27.1504,53.3232
63232,26.8652,53.2441
63552,27.3643,53.2285
63872,27.0518,53.4150
64192,27.4863,53.9580
64516,27.2441,53.3340
64840,27.0420,53.0234
65168,27.0107,53.0586
65496,27.2354,52.7861
65824,36.4189,53.6523
66156,35.3867,53.7881
66488,35.0547,53.0361
66824,33.3877,53.8213
67160,33.5215,53.4131
67496,33.2188,54.0479
67836,33.5303,54.6055
68176,33.5225,54.1885
68520,32.5801,53.9902
68864,32.7578,53.5869
69212,32.7256,53.5645
69560,32.6514,53.7881
69908,33.7803,54.3945
70260,32.6367,53.8535
70612,32.9463,54.1445
70968,33.0195,54.1641
71324,32.6875,53.8672
71684,33.1221,54.0742
72044,32.8779,54.5967
72408,33.2100,54.6387
72772,33.1318,54.2832
73136,33.4922,54.9521
73504,32.3496,59.4170
73872,32.5176,54.7295
74244,32.2539,54.2539
74616,32.2617,55.3018
74992,32.5430,55.3877
75368,32.1494,53.6270
75748,31.9785,54.7588
76128,32.2129,54.9717
76512,31.9541,55.4482
76896,32.5977,54.7012
77284,31.9082,54.3564
77672,32.5420,54.6445
78064,31.7422,53.9707
78456,31.6855,54.9434
78852,31.6152,54.6855
79248,32.0742,55.2373
79648,32.5879,55.0879
80048,31.8008,54.9775
80452,32.4199,55.2568
80856,32.4727,55.1611
81264,31.3750,55.3164
81672,32.6240,55.0137
82084,32.5869,55.3027
82496,32.8242,55.5059
82912,33.0078,55.1270
83328,32.2168,54.8350
83748,32.4814,55.4453
84168,32.4775,54.6836
84592,32.6475,54.4570
85016,32.4297,55.0332
85444,32.6768,54.7012
85872,32.6816,55.5254
86304,32.3955,55.5889
86736,32.6465,55.8506
87172,32.6250,79.8154
87608,33.1035,55.5020
88048,32.7568,55.1934
88492,32.4785,56.1406
88936,33.2881,55.8359
89384,33.3027,56.1836
89832,33.1230,55.3516
90284,32.6250,56.0986
90736,32.9990,56.0146
91192,33.5186,55.6377
91648,33.5371,55.5107
92108,180.8652,61.2295
92572,33.7275,56.6191
93036,33.5420,57.5176
93504,33.4922,71.4014
93972,37.6104,58.8262
94444,55.1777,58.3672
94920,33.7188,57.3867
95396,35.4092,57.8662
95876,33.4678,58.1807
96356,33.6563,57.6621
96840,33.4375,57.4502
97328,33.9473,72.2969
97816,35.4570,58.9766
98308,33.4590,66.1191
98800,33.1641,56.8633
99296,32.7227,58.4238
99796,33.7793,224.2646
100296,33.0264,56.7930
100800,32.4395,56.5977
101304,32.2031,57.3047
101812,32.1738,57.1201
102324,37.9512,63.5186
102836,32.0518,57.5195
103352,32.7471,56.6895
103872,32.8506,56.4482
104392,32.4688,57.0283
104916,33.5391,58.2813
105444,32.4629,57.4902
105972,32.2256,56.9121
106504,32.0244,57.6182
107040,33.9541,58.2979
107576,33.0146,57.0088
108116,32.7861,57.6377
108660,32.4922,57.0557
109204,32.9297,57.1436
109752,33.5879,57.6436
110304,33.7754,56.9229
110856,32.9189,57.8115
111412,33.1064,62.5479
111972,32.7607,57.0127
112532,32.7148,57.5615
113096,33.4150,57.3809
113664,33.2158,58.4590
114236,33.0029,57.5176
114808,32.7695,57.6787
115384,32.8389,56.8438
115964,33.0459,57.3887
116544,53.4707,58.6650
117128,32.3447,57.8838
117716,32.8066,57.6396
118308,33.1934,58.1299
118900,34.2334,56.9297
119496,32.3809,57.6641
120096,32.6279,57.8770
120700,32.3496,57.3799
121304,32.1621,63.3125
121912,32.6104,58.1729
122524,32.3359,57.8525
123140,32.8223,57.8809
123756,32.4268,58.4111
124376,32.6787,57.7441
125000,32.2412,58.1348
125628,33.1514,58.2871
126260,32.6338,57.7100
126892,32.7119,63.7969
127528,32.7695,58.7979
128168,32.3389,57.7881
128812,32.4717,57.9434
129460,32.8906,58.8018
130108,32.4355,58.5039
130760,32.6230,58.1680
131416,38.8643,58.6484
132076,38.6924,58.8760
132740,42.9258,58.3340
133404,38.2666,58.8301
134072,38.4873,58.5391
134744,38.5117,62.6748
135420,38.4385,59.5283
136100,37.7217,59.2549
136784,37.6445,58.9570
137468,37.7529,58.4854
138156,37.8760,59.4170
138848,37.3203,58.5195
139544,37.6426,58.5420
140244,38.1396,58.9893
140948,37.7217,59.0967
141656,37.6631,58.4980
142368,37.7012,110.2256
143080,39.3320,60.2158
143796,38.2412,58.6543
144516,38.3975,58.4961
145240,38.1240,59.6221
145968,37.4834,58.9590
146700,38.9932,59.0508
147436,42.6230,59.3828
148176,37.8799,58.2871
148920,38.1191,59.2881
149668,48.6426,59.9141
150420,38.3193,59.4922
151176,37.5625,59.5039
151932,38.0527,59.4326
152692,37.7041,59.7061
153456,37.9160,60.0332
154224,37.2051,59.9287
154996,37.2676,58.8936
155772,37.2148,58.9531
156552,37.1719,59.6338
157336,37.5283,59.8828
158124,37.6660,59.5586
158916,37.9268,59.8760
159712,37.4453,59.8252
160512,38.0410,59.7715
161316,38.7148,61.0557
162124,37.7373,60.2871
162936,38.4658,60.1738
163752,40.1240,59.7070
164572,39.4404,60.0234
165396,62.7754,61.6641
166224,40.3613,61.6631
167056,39.6328,61.5703
167892,39.5361,61.2227
168732,39.1709,60.5078
169576,40.8965,61.5840
170424,39.5518,61.8818
171280,40.4912,62.1250
172140,40.1152,61.3730
173004,40.5156,62.2773
173872,40.5811,61.4443
174744,43.1836,66.4229
175620,50.5059,61.2139
176500,39.7744,62.1279
177384,38.9404,61.5947
178272,39.3574,63.1904
179164,37.1367,58.4873
180060,37.2861,59.7588
180964,38.0957,59.7451
181872,37.1865,58.7227
182784,37.3252,60.4111
183700,38.7559,61.3438
184620,37.6816,60.9883
185544,38.0029,60.5850
186472,38.3135,60.5176
187408,38.1729,61.1182
188348,38.2012,60.1064
189292,38.1318,60.7783
190240,38.5322,61.3369
191192,39.8555,68.7402
192148,39.8145,61.2344
193112,39.9287,61.4375
194080,39.3438,61.0508
195052,39.6514,61.8174
196028,38.9951,61.1797
197012,39.3496,61.9131
198000,39.1055,59.8193
198992,37.8633,60.1143
199988,42.2158,59.8057
200988,38.6123,61.1367
201996,39.7119,61.2588
203008,38.9756,60.6396
204024,38.6201,60.7637
205048,39.1973,61.4268
206076,39.3770,61.4297
207108,42.9678,61.2607
208144,38.9971,62.2764
209188,38.4248,62.3750
210236,38.8125,61.6768
211288,38.9883,61.9004
212348,39.2021,62.6914
213412,38.2158,61.2783
214480,39.1582,62.2002
215556,38.8916,62.4063
216636,38.5723,61.1602
217720,37.8086,60.2734
218812,38.1426,61.0215
219908,37.6523,60.6895
221008,38.4033,61.1709
222116,39.5713,60.4648
223228,37.6758,60.6865
224348,37.7090,60.9150
225472,37.4375,60.6377
226600,37.5205,60.5527
227736,38.2910,61.5889
228876,38.2813,60.5752
230024,38.6660,61.6807
231176,39.1230,60.5859
232332,37.6875,60.6299
233496,37.7021,60.7754
234664,37.6592,60.8535
235840,38.9541,61.7637
237020,38.2695,61.1885
238208,37.6396,61.5723
239400,37.2578,62.1973
240600,38.8242,61.4814
241804,37.6865,61.5088
243016,37.2080,66.4229
244232,36.9688,61.4180
245456,36.9883,61.7969
246684,38.2256,61.8994
247920,37.2813,61.3984
249160,38.3945,65.4326
250408,38.8213,64.8516
251664,40.1084,63.6719
252924,39.0029,63.7412
254192,39.2188,65.2549
255464,39.6768,64.7246
256744,39.4102,64.0137
258028,39.3057,64.4854
259320,38.4922,64.2754
260620,39.5518,63.7988
261924,41.0615,66.0781
263236,43.6279,64.6572
264556,42.7734,64.9902
265880,43.0371,64.5889
267212,42.8740,64.6865
268552,42.6299,65.1152
269896,41.0117,63.3555
271248,41.4316,62.9531
272608,41.5322,63.4844
273972,41.8848,63.2002
275344,42.2129,63.4668
276724,41.2129,63.2227
278108,42.0752,63.2500
279500,42.2705,62.7822
280900,42.6006,64.3643
282308,41.9229,63.8623
283720,40.7910,68.0244
285140,41.9336,64.1367
286568,44.9395,63.4502
288004,44.2051,63.3662
289448,44.6348,64.5303
290896,43.9658,67.0928
292352,44.7578,63.7383
293816,43.1563,64.0068
295288,43.0215,64.0732
296768,42.5264,63.3457
298252,41.9404,63.8809
299744,43.7031,65.1904
301244,42.9189,64.6982
302752,42.7197,64.9883
304268,42.8818,63.8643
305792,42.7861,64.0928
307324,42.0498,63.7959
308864,42.5898,64.3232
310412,42.0459,63.8379
311968,41.6797,64.7637
313528,41.5938,64.4941
315096,43.2139,66.5146
316672,42.9678,64.4385
318256,42.1641,63.8965
319848,42.2832,64.7031
321448,42.3916,64.9932
323056,42.1113,63.9521
324672,42.6289,65.1582
326296,42.1953,64.7090
327928,42.2725,64.5518
329568,42.0010,65.6211
331216,41.9121,64.3965
332876,42.2734,64.1475
334544,42.9463,65.5479
336220,43.3613,64.6318
337904,43.7832,65.3799
339596,43.4551,65.1641
341296,43.4463,65.1611
343004,42.8115,64.9434
344720,43.6123,65.7695
346444,43.7891,65.7881
348180,42.6348,65.9648
349924,43.1963,65.5811
351676,42.6533,66.0781
353436,42.4443,65.2324
355204,42.2334,64.8340
356984,42.1543,65.2578
358772,42.7539,64.9482
360568,42.3633,66.1895
362372,42.4785,65.2510
364184,42.4893,65.6299
366008,41.9697,64.7842
367840,42.5254,64.8027
369680,42.1357,65.5449
371532,42.5918,65.2578
373392,42.8477,65.3672
375260,43.2344,65.2383
377140,43.7188,65.6660
379028,42.6611,66.4541
380924,44.0791,66.0664
382832,43.4082,66.0352
384748,47.5156,66.5098
386672,42.7402,65.8984
388608,43.8770,65.6875
390552,43.1416,66.3350
392508,43.0762,66.1113
394472,43.3984,66.0068
396448,43.2031,66.3623
398432,42.8174,66.5400
400428,42.9326,65.8584
402432,43.0811,66.3506
404448,43.1768,66.4580
406472,43.3105,66.8213
408508,43.1592,66.9600
410552,42.7705,66.4824
412608,43.1436,66.0029
414672,43.0059,65.9951
416748,43.1406,66.0518
418832,42.9775,65.7695
420928,43.2979,65.9043
423036,42.5127,65.5664
425152,45.7529,67.1738
427280,45.7598,67.0645
429420,45.1045,66.3555
431568,44.7783,67.1211
433728,44.8213,66.9043
435900,44.3662,66.1563
438080,45.5605,67.4072
440272,44.5693,66.6777
442476,45.7432,68.0781
444692,44.0049,67.4277
446916,43.0420,66.8848
449152,43.1250,67.2969
451400,42.2002,66.7178
453660,42.3418,66.4629
455932,43.0215,66.6953
458212,42.7676,67.9248
460504,42.2832,66.6338
462808,42.5498,67.0928
465124,43.0410,67.6504
467452,42.7334,67.3311
469792,42.6758,67.2012
472144,42.7744,67.0254
474508,42.4189,67.6104
476884,44.2334,68.6338
479272,43.2813,68.0811
481672,43.5264,67.4111
484084,43.7510,67.2803
486508,43.0449,67.2793
488944,43.3750,67.7451
491392,43.6162,68.1973
493852,43.6807,67.3584
496324,67.4111,68.6465
498808,42.7842,68.2412
501304,43.0879,68.1680
503812,43.5352,67.6670
506332,43.4219,69.2549
508864,43.3418,67.8984
511412,42.7881,68.6016
513972,42.6904,73.0078
516544,42.9395,68.6953
519128,42.9053,69.8340
521724,43.4385,69.6055
524336,54.9014,75.9385
526960,47.0850,69.4658
529596,47.0391,68.0176
532244,49.7539,67.8135
534908,50.6475,69.6953
537584,50.5664,70.7656
540272,50.9326,71.4951
542976,50.4834,69.8115
545692,49.7422,68.8740
548424,50.8906,70.8721
551168,48.3584,71.1846
553924,47.9141,71.1191
556696,50.3574,71.7432
559480,47.7402,70.1953
562280,55.4209,73.5654
565092,47.2461,68.7842
567920,48.1133,69.7617
570760,47.3301,68.5771
573616,47.2617,73.6436
576488,47.4922,81.7549
579372,48.3887,68.4023
582272,48.0049,70.0908
585184,46.9697,68.8047
588112,50.8203,71.2373
591056,54.2988,70.8379
594012,48.0273,69.6250
596984,46.7734,73.0313
599972,48.7607,69.8750
602972,47.3096,70.4727
605988,48.1104,71.0918
609020,47.7793,80.1816
612068,49.4912,69.4492
615132,47.5820,70.2822
618208,48.0771,70.4248
621300,48.1436,71.3916
624408,50.7900,70.5508
627532,47.6670,70.9834
630672,48.4014,70.6553
633828,48.0127,69.8906
637000,48.4160,78.7637
640188,50.9531,70.2441
643392,48.7217,70.8877
646612,48.3965,70.6270
649848,48.5781,69.7803
653100,48.1631,70.4473
656368,57.5684,72.4053
659652,48.2500,70.9043
662952,47.8770,71.2529
666268,47.6348,70.3633
669600,48.1445,69.7529
672948,48.7471,71.0176
676316,51.8877,70.6738
679700,48.2881,71.3135
683100,49.1855,71.2686
686516,47.9355,71.4209
689952,48.9697,71.6875
693404,49.0488,71.4248
696872,57.2695,76.8916
700360,47.9502,72.6006
703864,50.8799,71.8428
707384,48.8633,71.4648
710924,51.7441,72.4063
714480,49.1045,72.2090
718056,48.8398,83.6113
721648,51.3779,72.7441
725260,47.1309,71.9238
728888,47.7363,72.1182
732536,47.8467,73.0410
736200,47.3682,72.2354
739884,47.1865,71.2334
743584,47.6484,71.4561
747304,47.6387,84.9102
751044,49.3135,79.3057
754800,49.1172,72.7881
758576,48.8848,72.4824
762372,50.1875,73.2480
766184,62.3984,72.9639
770016,49.0293,77.5996
773868,48.3262,70.8975
777740,48.8770,72.3975
781632,49.0732,72.4873
785544,48.9336,73.0977
789472,48.2637,72.3633
793420,48.3516,72.5088
797388,48.4160,72.4023
801376,47.5313,72.1699
805384,48.4443,71.9639
809412,49.4473,73.3545
813460,48.4248,73.2344
817528,49.3203,73.6660
821616,48.6563,73.2939
825728,48.2363,73.5020
829860,48.8369,73.5205
834012,48.6748,73.5361
838184,48.8857,73.7617
842376,48.0928,73.2871
846588,48.3848,73.8711
850824,48.1318,79.2598
855080,48.5244,72.8945
859356,47.9199,73.5059
863656,48.2314,73.3301
867976,48.3682,73.0020
872316,48.1768,73.5215
876680,47.4785,73.2344
881064,51.0771,74.0371
885472,50.9248,74.7373
889900,49.8281,73.6836
894352,50.6484,74.8643
898824,51.2646,75.1338
903320,50.4482,73.8789
907840,48.5713,72.8633
912380,49.4912,72.9473
916944,48.9951,73.3203
921532,49.4121,74.2656
926140,49.4707,73.5850
930772,49.9766,75.1807
935428,49.5537,73.3701
940108,49.5674,74.3359
944812,50.3486,73.9170
949540,50.2910,74.0088
954288,49.6279,74.0752
959060,49.3340,82.5693
963856,50.0264,75.2695
968676,49.2393,74.5049
973520,51.0957,74.4814
978388,50.2021,74.8789
983280,49.5791,73.6885
988200,49.9238,74.3740
993144,49.5361,75.7744
998112,48.6621,75.5322
1003104,49.3057,75.6152
1008120,48.2988,75.2656
1013164,48.4082,74.8525
1018232,49.4561,75.5000
1023324,48.3691,75.6758
1028444,49.8467,76.3135
1033588,49.3418,76.6963
1038756,50.5381,75.4268
1043952,51.4785,75.8115
1049172,58.0254,78.6084
1054420,54.7578,76.2773
1059696,54.8096,77.2227
1064996,54.6729,74.9463
1070324,58.0684,76.3232
1075676,53.9316,75.4531
1081056,53.8379,76.2363
1086464,53.3193,75.5869
1091900,55.9619,75.8779
1097360,54.1035,76.2461
1102848,55.8203,76.0547
1108364,54.2783,76.5938
1113908,54.7305,75.3506
1119480,55.6777,76.2373
1125080,54.6924,76.5537
1130708,54.9727,76.6826
1136364,54.5264,75.6621
1142048,55.5830,76.1475
1147760,54.4316,75.7207
1153500,55.6924,77.7520
1159268,67.3428,78.5449
1165068,56.6582,79.2578
1170896,54.8438,76.1660
1176752,54.2646,76.6982
1182636,53.5635,75.5957
1188552,54.8701,82.5762
1194496,55.7100,77.6289
1200472,55.0039,77.7861
1206476,55.6035,76.9912
1212512,55.0010,76.1787
1218576,54.1973,77.7012
1224672,55.2051,75.7021
1230796,54.4180,77.3232
1236952,54.9277,78.5049
1243140,55.1855,78.1641
1249356,55.9512,77.5049
1255604,53.9170,77.5010
1261884,54.1826,78.4033
1268196,55.3516,78.2344
1274540,54.3418,78.3438
1280916,54.3682,77.7422
1287324,54.6406,78.4473
1293764,54.6055,118.0234
1300236,62.8750,79.1074
1306740,55.5527,77.8320
1313276,54.9824,78.1689
1319844,72.6934,78.0137
1326444,62.5234,78.8760
1333080,54.8760,78.4707
1339748,55.4707,79.3525
1346448,54.6387,78.2246
1353184,55.6279,79.5176
1359952,65.3760,77.8379
1366752,55.3828,78.8633
1373588,55.0615,77.8027
1380456,56.2363,79.0479
1387360,56.2373,79.8223
1394300,56.6504,79.8584
1401272,55.9492,79.7178
1408280,55.4473,79.3379
1415324,55.2031,80.4131
1422404,55.9189,86.6201
1429520,55.9746,79.0889
1436668,54.6094,79.8857
1443852,55.9336,80.4990
1451072,55.7803,81.3281
1458328,54.9150,87.6016
1465620,54.5566,80.5977
1472952,54.9346,80.3828
1480320,56.8945,95.4766
1487724,56.3828,81.3760
1495164,61.8184,79.8721
1502640,55.4248,80.5977
1510156,57.5391,80.0342
1517708,57.9434,80.5410
1525300,59.7520,92.9150
1532928,58.0352,80.3838
1540596,55.5908,80.8975
1548300,55.1807,80.7764
1556044,55.7705,80.1680
1563828,54.9883,82.7412
1571648,55.9385,93.6270
1579508,55.5820,81.6113
1587408,55.3213,81.0889
1595348,56.5566,82.0283
1603328,64.8008,81.4834
1611348,57.0303,82.2637
1619408,56.8584,81.4248
1627508,56.4219,81.7354
1635648,56.4824,82.4541
1643828,56.0117,81.8867
1652048,56.3506,81.4795
1660312,58.3311,90.1660
1668616,57.1475,82.2275
1676960,57.9932,82.4092
1685348,57.0156,81.9736
1693776,57.1094,90.6738
1702248,56.0879,82.6221
1710760,55.8145,82.1680
1719316,56.9658,82.4160
1727916,56.3037,82.5498
1736556,57.3496,83.1582
1745240,57.0010,83.1084
1753968,69.3857,82.1104
1762740,56.1777,82.2959
1771556,56.6826,83.3584
1780416,56.8340,83.3447
1789320,56.9980,83.2324
1798268,56.8662,82.3721
1807260,56.2744,91.5811
1816300,56.8555,84.5732
1825384,57.5420,84.8096
1834512,56.7178,90.6113
1843688,59.7070,84.2734
1852908,58.1494,83.7041
1862176,57.8838,84.1826
1871488,62.2217,84.3164
1880848,55.5635,96.4219
1890256,57.3164,84.3213
1899708,55.9199,84.5527
1909208,55.5010,84.5039
1918756,56.0635,84.1338
1928352,56.3809,84.1514
1937996,56.1650,85.3408
1947688,56.1709,85.9658
1957428,57.0879,85.5186
1967216,55.3584,84.5420
1977056,55.8750,83.7852
1986944,57.3213,86.7051
1996880,55.9189,85.4824
2006868,57.4971,85.9824
2016904,56.4814,85.3740
2026992,56.1377,84.7852
2037128,55.8330,91.0742
2047316,56.2031,85.8789
2057556,56.2402,85.2471
2067844,57.9512,84.8633
2078184,58.7803,92.1221
2088576,59.1318,87.4512
2099020,65.8037,88.5352
2109516,64.0400,86.8467
2120064,64.1514,86.8164
2130668,63.5264,85.5322
2141324,64.4912,87.1201
2152032,63.5664,85.6807
2162796,64.3672,87.8135
2173612,64.4199,86.8320
2184484,65.5645,88.5947
2195408,64.5713,87.4668
2206388,63.9492,87.0430
2217420,63.7246,88.6172
2228508,65.5811,88.6914
2239652,91.5723,86.5674
2250852,64.4219,88.2070
2262108,65.7627,89.1104
2273420,75.4863,89.2285
2284788,66.3750,88.3232
2296212,65.2002,87.8584
2307696,65.1182,87.3652
2319236,65.0293,88.9541
2330836,65.4082,87.5479
2342492,66.0527,88.9648
2354208,63.8984,88.7539
2365980,64.8760,89.6533
2377812,64.2666,88.9941
2389704,64.3018,88.8008
2401656,81.6865,91.4355
2413668,61.4561,86.3428
2425740,61.7822,87.8516
2437872,62.1162,92.3291
2450064,67.6738,87.3896
2462316,62.6318,87.8516
2474628,62.3037,88.3682
2487004,63.2734,87.7256
2499440,60.9600,86.4590
2511940,64.8330,189.1592
2524500,73.7588,93.3643
2537124,60.6191,86.8760
2549812,60.7402,119.2119
2562564,63.9453,86.9473
2575380,61.0371,88.3594
2588260,60.4639,88.5508
2601204,60.8018,89.0625
2614212,61.7393,87.9990
2627284,61.6162,88.1992
2640424,61.8359,93.4121
2653628,61.3037,87.9004
2666900,61.9121,168.5059
2680236,62.9072,91.3193
2693640,62.7373,91.0986
2707112,62.6816,91.4541
2720648,63.3281,92.1064
2734252,63.0117,91.3691
2747924,62.8701,90.5713
2761664,64.2744,91.5498
2775476,63.9990,91.9258
2789356,63.9209,92.3330
2803304,64.1514,92.3555
2817324,63.8184,92.4561
2831412,63.1953,92.3857
2845572,63.1455,99.3965
2859800,64.6309,93.9023
2874100,63.1084,91.6338
2888472,96.9756,91.8701
2902916,63.5566,92.2793
2917432,64.3408,92.7500
2932020,63.9658,93.5215
2946684,63.9561,92.7100
2961420,63.3018,92.0996
2976228,63.9336,92.5801
2991112,63.5645,94.4150
3006068,63.0469,92.9834
3021100,63.0078,92.5732
3036208,63.5596,92.3379
3051392,62.9492,93.4014
3066652,61.8877,92.1875
3081988,62.5459,91.8770
3097400,62.0283,93.5898
3112888,61.9971,94.0313
3128456,61.3242,91.9180
3144100,63.1777,93.6523
3159824,62.2422,92.7295
3175624,63.1611,94.4951
3191504,61.5879,92.1719
3207464,63.0479,93.6035
3223504,100.1143,95.6582
3239624,63.5811,91.1045
3255824,63.2734,91.9004
3272104,63.6885,92.4326
3288468,62.7998,91.6396
3304912,62.4844,90.9795
3321440,63.8418,91.2021
3338048,63.7539,90.5986
3354740,66.3213,92.4561
3371516,62.3594,92.0371
3388376,67.9424,92.2266
3405320,60.1719,91.1611
3422348,61.1895,91.0928
3439460,62.9697,91.9219
3456660,62.9629,91.7803
3473944,62.4746,91.4512
3491316,61.9785,92.2959
3508776,63.7832,92.6787
3526320,61.8887,91.3799
3543952,62.4092,92.9111
3561672,60.6787,90.5889
3579484,62.0234,92.3037
3597384,84.2217,98.2998
3615372,95.4072,94.6777
3633452,64.1201,95.5723
3651620,65.0820,95.8574
3669880,68.3096,99.1465
3688232,65.6514,96.6670
3706676,65.5020,96.1035
3725212,68.0615,98.1084
3743840,66.6416,96.0605
3762560,66.5625,96.8613
3781376,66.0986,96.4941
3800284,66.8662,97.3965
3819288,66.0098,97.3936
3838388,65.1055,96.6436
3857580,70.6387,98.6680
3876868,77.1699,96.9072
3896256,65.0156,96.7324
3915740,65.2520,97.4902
3935320,65.8145,98.8105
3955000,65.4307,97.8994
3974776,68.3232,99.1533
3994652,68.0107,151.0518
4014628,67.8594,98.4873
4034704,68.5166,99.0342
4054880,67.4961,100.2988
4075156,67.2734,98.8125
4095532,66.3018,99.0586
4116012,67.0518,98.9639
4136596,66.6602,98.8428
4157280,65.5869,98.3525
4178068,67.7412,99.7061
4198960,77.1611,101.4766
4219956,74.0225,98.9805
4241056,74.1240,98.7148
4262264,73.7559,98.4160
4283576,75.3867,99.1152
4304996,74.4443,99.3604
4326524,74.0137,99.3320
4348160,74.4346,99.4658
4369904,74.0771,98.5986
4391756,74.6396,100.7832
4413716,73.7998,99.9961
4435788,74.1104,100.0361
4457968,75.0391,100.6689
4480260,74.8418,99.4102
4502664,75.0527,99.7344
4525180,75.4316,99.5029
4547808,75.8086,100.1035
4570548,74.4092,100.0557
4593404,75.6836,107.9580
4616372,78.7695,101.8477
4639456,78.0449,100.8447
4662656,75.7598,100.1992
4685972,77.0010,98.8730
4709404,77.6143,99.6309
4732952,76.4463,99.9268
4756620,73.9580,100.0859
4780404,72.9473,101.0967
4804308,75.3506,100.7891
4828332,74.4805,100.9658
4852476,73.4756,100.0908
4876740,73.8447,100.5234
4901124,72.5205,101.7344
4925632,74.3896,106.2256
4950264,74.6270,102.1318
4975016,75.3340,102.0537
4999892,74.3105,101.2246
5024892,72.5029,101.5527
5050020,74.3320,101.8906
5075272,80.1514,102.5176
5100652,79.1816,101.9961
5126156,80.1377,100.9053
5151788,77.1309,100.2314
5177548,78.4287,101.5195
5203436,78.2871,102.0811
5229456,77.6523,136.0488
5255604,78.8516,102.9980
5281884,78.4482,102.3203
5308296,77.7617,102.1553
5334840,73.4443,101.0791
5361516,73.8965,103.1865
5388324,75.2266,105.0234
5415268,83.3213,104.9277
5442348,70.9268,100.1025
5469560,71.3945,100.5293
5496908,71.9824,106.1992
5524396,71.9131,101.1582
5552020,73.2070,101.4961
5579784,72.8467,102.3408
5607684,73.8711,100.3486
5635724,74.1797,101.2490
5663904,75.1924,101.7119
5692224,75.5576,102.6162
5720688,73.2188,100.3145
5749292,71.9609,102.1719
5778040,72.5088,101.0352
5806932,74.6611,101.6387
5835968,73.4121,110.1172
5865148,74.9189,102.7012
5894476,72.8359,102.7100
5923952,73.4873,104.2480
5953572,72.7402,102.4102
5983340,70.7383,101.8027
6013260,71.4238,102.4307
6043328,71.9688,101.7520
6073548,71.4199,101.6953
6103916,73.2949,103.1113
6134436,71.4277,103.2119
6165112,72.1162,102.2686
6195940,73.1270,101.9521
6226920,71.0723,101.5752
6258056,73.1328,101.6641
6289348,73.7139,104.3545
6320796,72.7754,101.5615
6352400,73.9854,103.3740
6384164,72.9854,102.1084
6416088,71.7988,101.4111
6448172,73.3799,101.2139
6480416,73.4629,104.6934
6512820,72.1973,104.4082
6545388,73.8604,104.1924
6578116,72.7158,103.8057
6611008,73.1348,102.4443
6644064,74.1377,104.2051
6677288,72.5127,103.1113
6710676,78.0859,114.9063
6744232,72.9209,103.3799
6777956,72.5000,103.3662
6811848,73.0332,103.0313
6845908,76.3916,103.9248
6880140,71.6885,103.7666
6914544,71.6621,104.6172
6949120,73.4229,104.9053
6983868,72.3301,104.4609
7018788,71.3789,112.5020
7053884,72.4648,103.4248
7089156,71.5635,104.3262
7124604,71.6963,103.5439
7160228,72.5303,104.9834
7196032,72.4287,104.3242
7232016,75.5068,103.9063
7268180,74.0039,101.3447
7304524,74.2383,104.9512
7341048,74.0449,103.8350
7377756,73.7266,104.1777
7414648,72.2666,103.9961
7451724,71.0410,105.2500
7488984,72.8330,105.5713
7526432,71.7627,104.4971
7564068,75.3535,105.1260
7601892,73.5645,105.3252
7639904,72.2725,106.7949
7678104,73.0674,105.3281
7716496,72.5313,104.1152
7755080,73.3379,107.3350
7793856,73.3086,104.8125
7832828,73.5029,106.3711
7871996,72.7578,105.3887
7911356,72.7773,105.2754
7950916,73.9609,107.1484
7990672,82.4941,107.7441
8030628,76.3525,106.3477
8070784,73.2627,106.6611
8111140,115.1143,110.1963
8151696,71.7715,105.5420
8192456,71.7979,104.1152
8233420,72.3643,104.9102
8274588,73.1436,104.8438
8315964,71.5000,104.2607
8357544,73.1084,104.8164
8399332,82.4570,107.3965
8441332,80.4395,106.2881
8483540,80.6475,113.3701
8525960,81.0039,106.2881
8568592,80.4688,106.2393
8611436,80.6133,105.3408
8654496,79.4404,104.4570
8697772,79.5273,105.4570
8741264,81.7676,105.6504
8784972,79.3574,107.7637
8828900,79.8750,105.1855
8873048,78.8105,105.6084
8917416,79.3730,106.2656
8962004,79.4346,106.0029
9006816,81.5586,107.4912
9051852,83.1035,108.1064
9097112,78.0410,107.4248
9142600,78.7480,107.6904
9188316,80.3945,107.6631
9234260,81.1533,107.7344
9280432,83.4961,105.9570
9326836,84.6191,107.1201
9373472,82.9287,116.6045
9420340,81.4287,105.5830
9467444,82.9131,104.2422
9514784,83.2881,104.9688
9562360,83.3799,105.9033
9610172,85.9668,107.0654
9658224,78.9883,106.6641
9706516,80.9648,106.6445
9755052,80.4238,106.3457
9803828,79.6221,106.3848
9852848,80.1025,106.5049
9902116,80.2158,106.5850
9951628,78.5410,109.1436
10001388,81.3896,106.1572
10051396,79.9326,104.8682
10101656,80.9893,120.0898
10152168,82.5225,108.3398
10202932,79.3008,112.6543
10253948,77.9307,108.2549
10305220,79.8525,107.3525
10356748,77.0879,107.9131
10408532,77.2930,116.5088
10460576,82.2412,105.5469
10512880,76.0586,107.5313
10565448,77.3428,107.0029
10618276,77.8457,106.5752
10671368,79.0449,107.8750
10724728,87.5420,107.3555
10778352,77.4688,116.6904
10832244,80.6514,113.4707
10886408,80.3311,110.8613
10940844,79.8535,109.5859
10995552,83.9326,109.2246
11050532,84.4375,109.0889
11105788,83.0977,116.9668
11161320,83.7256,108.8838
11217128,85.0439,109.9805
11273216,81.0469,108.7910
11329584,79.7900,229.0508
11386232,81.0889,110.2871
11443164,80.9463,109.0713
11500380,86.8027,110.5146
11557884,79.9580,109.9746
11615676,84.8594,110.5703
11673756,78.9727,110.9102
11732128,81.1104,112.7900
11790792,81.2578,115.3545
11849748,85.4688,109.9463
11909000,82.0557,111.5225
11968548,82.1699,117.4463
12028392,79.9365,112.1523
12088536,79.9043,122.1455
12148980,131.2813,140.1436
12209728,78.6992,111.1221
12270780,77.7578,111.5059
12332136,81.6484,111.2148
12393800,79.2305,119.6943
12455772,107.4131,119.1494
12518052,81.3584,107.8047
12580644,83.3193,108.5830
12643548,91.2949,106.1787
12706768,82.4434,108.2959
12770304,89.7900,108.3730
12834156,77.8262,109.6162
12898328,77.3291,108.4102
12962820,76.5713,108.1064
13027636,77.5342,108.1895
13092776,77.1279,114.3447
13158240,77.7910,106.9658
13224032,78.1035,108.8525
13290156,78.5801,108.6729
13356608,77.2422,108.5000
13423392,76.8730,108.2676
13490512,76.1787,106.8730
13557968,77.0195,108.2871
13625760,74.4697,105.0068
13693892,86.1797,107.2305
13762364,77.6572,108.1299
13831176,77.6338,131.0957
13900332,80.6680,111.7236
13969836,78.2100,110.6846
14039688,81.9648,120.3086
14109888,88.9150,107.8691
14180440,77.2617,107.9102
14251344,77.2246,112.4004
14322604,76.7725,112.2637
14394220,77.2979,108.6660
14466192,77.5273,108.7832
14538524,76.3818,110.3740
14611220,76.5898,107.7813
14684280,76.6865,110.7197
14757704,87.0557,109.3320
14831496,78.4512,118.8730
14905656,78.8936,111.1719
14980188,80.1621,112.6934
15055092,78.7021,113.4756
15130368,78.6475,111.1484
15206020,78.4941,110.2324
15282052,78.1475,112.1963
15358464,79.4209,112.8857
15435260,81.1602,113.2490
15512440,79.7207,112.0752
15590004,78.4414,113.0879
15667956,78.4648,109.7119
15746296,85.2246,112.5293
15825028,79.1797,112.8027
15904156,79.5264,112.1318
15983680,80.4385,113.9639
16063600,82.0918,114.5781
16143920,80.7803,112.0215
16224640,79.3848,113.2441
16305764,80.0869,114.5098
16387296,79.3936,115.3223
16469236,79.3613,113.7910
16551584,78.9385,118.3037
16634344,78.1484,113.0088
16717516,79.1621,113.3457
16801104,89.7051,115.8867
16885112,87.3955,114.4707
16969540,88.1074,113.4180
17054388,90.9131,115.2686
17139660,92.6455,116.2158
17225360,92.5234,115.1875
17311488,91.6709,112.6748
17398048,136.8896,116.5850
17485040,92.7275,117.0029
17572468,91.2598,117.8984
17660332,96.5215,119.4941
17748636,90.5938,116.8027
17837380,91.8525,121.5449
17926568,88.5088,114.7676
18016204,93.9014,117.2686
18106288,92.0830,116.7813
18196820,93.3857,113.9902
18287808,173.2061,151.7637
18379248,106.3682,121.1973
18471148,106.6602,122.2568
18563504,105.1533,122.6182
18656324,100.2373,128.4355
18749608,97.3945,122.0049
18843360,99.8760,121.9531
18937580,122.6182,121.5576
19032268,98.8145,124.0566
19127432,104.9590,119.3564
19223072,105.4248,122.4482
19319188,107.2344,126.1201
19415784,104.3516,123.8223
19512864,108.9785,126.3955
19610432,108.0098,126.4785
19708488,111.3115,127.9189
19807032,108.2490,135.9043
19906068,133.1660,138.6963
20005600,118.9033,131.3486
20105628,119.7178,133.2686
20206160,117.8936,139.4229
20307192,125.4004,142.3682
20408728,117.8193,133.2676
20510772,113.8984,188.3184
20613328,112.3311,133.5752
20716396,133.2158,134.2188
20819980,110.6836,141.0381
20924080,109.3311,135.9512
21028704,116.0791,150.7695
21133848,121.1113,137.8701
21239520,135.6123,139.9102
21345720,120.7764,136.2041
21452452,120.8662,171.1133
21559716,127.8809,239.4727
21667516,124.4189,138.9941
21775856,118.4678,143.8027
21884736,124.7686,142.6152
21994160,181.0420,148.7109
22104132,124.7686,152.2490
22214656,134.8730,142.2168
22325732,129.4717,147.1924
22437364,130.7803,146.2783
22549552,141.9063,142.4756
22662300,132.7119,146.3887
22775612,135.0205,143.5713
22889492,192.4961,147.6328
23003940,126.5244,146.0264
23118960,126.9570,147.9229
23234556,124.2969,143.3652
23350732,130.2881,147.5225
23467488,141.4043,150.1436
23584828,136.3096,156.9189
23702756,136.5059,154.1943
23821272,130.8799,158.7090
23940380,135.1113,149.0322
24060084,138.3848,172.3135
24180388,152.1592,155.3789
24301292,135.2002,157.0674
24422800,135.4463,157.4004
24544916,128.8242,158.1367
24667644,131.7705,151.2617
24790984,129.3594,158.2070
24914940,128.7559,152.3906
25039516,124.0771,151.9063
25164716,135.5234,161.0977
25290540,124.2256,159.0645
25416996,127.2900,157.0762
25544084,127.7617,155.6191
25671808,131.8672,177.3320
25800168,134.1270,161.5254
25929172,130.5752,158.2568
26058820,132.8213,157.5059
26189116,145.8818,178.5459
26320064,131.0830,159.2559
26451668,134.0176,158.7617
26583928,134.8018,154.7773
26716848,129.4248,169.2949
26850436,137.2793,160.2119
26984692,144.1689,166.0781
27119616,133.7686,171.2588
27255216,130.8926,155.4854
27391496,220.6113,166.5596
27528456,184.7100,170.6484
27666100,154.2061,231.0039
27804432,137.3828,163.5293
27943456,142.5801,160.2969
28083176,150.9980,157.2080
28223592,147.8496,181.7109
28364712,141.7969,163.5371
28506536,140.2549,156.7744
28649072,131.5479,166.2969
28792320,138.5566,156.3506
28936284,134.5479,155.4141
29080968,133.8018,161.8623
29226376,131.9287,160.7256
29372508,150.8975,166.4980
29519372,133.7451,156.7285
29666972,198.1895,160.0449
29815308,133.7031,156.2432
29964388,134.4287,160.0420
30114212,136.3232,159.2266
30264784,138.9717,167.4443
30416108,147.4922,169.6943
30568192,142.8330,173.3691
30721036,153.9453,165.4580
30874644,153.1084,192.0869
31029020,145.8193,164.9521
31184168,145.9785,179.9707
31340092,158.4063,170.8936
31496796,147.9248,171.2363
31654280,144.8447,165.6631
31812552,145.0889,172.1943
31971616,147.0869,172.7012
32131476,152.3955,171.9502
32292136,147.6729,177.5313
32453600,163.0859,174.6426
32615868,148.5146,177.0752
32778948,155.9355,171.5908
32942844,147.0898,172.0928
33107560,220.3438,173.1592
33273100,151.8936,173.3672
33439468,148.0918,178.3193
33606668,214.7129,182.5615
33774704,165.9053,183.2930
33943580,303.3926,175.0000
34113300,176.2646,182.4082
34283868,177.4199,186.1240
34455288,175.2129,176.8145
34627568,184.6318,182.7207
34800708,187.2725,186.0957
34974712,181.3359,330.0195
35149588,177.8711,180.9814
35325336,184.7949,176.8926
35501964,181.2529,237.5273
35679476,179.5977,185.3965
35857876,178.1787,207.5664
36037168,185.2334,184.9971
36217356,180.4551,191.5156
36398444,214.3809,190.9893
36580440,180.0254,207.6309
36763344,183.1797,185.9844
36947164,181.9580,185.2598
37131900,186.5771,185.9033
37317560,172.4043,183.0605
37504148,179.0420,185.5352
37691672,178.9180,197.6426
37880132,177.7373,189.5303
38069536,175.9092,193.3564
38259884,178.9189,192.6006
38451184,279.2490,183.5137
38643440,190.9092,195.8359
38836660,182.2305,185.6807
39030844,249.2549,207.2822
39226000,212.6104,194.4023
39422132,208.2490,197.7891
39619244,193.1455,373.6719
39817344,253.3906,220.7451
40016432,210.1455,205.9160
40216516,205.6016,199.9414
40417600,195.0127,206.3789
40619688,191.3311,195.3740
40822788,184.5186,208.8369
41026904,210.9736,207.2021
41232040,191.0957,206.9268
41438204,198.5801,199.0244
41645396,183.7656,199.6084
41853624,206.1436,192.1387
42062896,190.6230,198.0293
42273212,196.1074,196.5889
42484580,180.8945,201.6201
42697004,183.6963,211.9707
42910492,185.3574,199.8096
43125048,201.0938,203.7451
43340676,193.1514,313.3076
43557380,252.7617,289.7090
43775168,270.5801,228.4229
43994044,214.1650,217.1221
44214016,207.9082,202.7441
44435088,265.9609,235.6152
44657264,252.9609,283.2686
44880552,297.9082,268.1309
45104956,273.9893,238.7334
45330484,223.8877,215.8926
45557140,211.6748,213.5811
45784928,205.4648,226.5283
46013856,205.3076,218.1797
46243928,201.4941,209.9365
46475148,200.1602,210.7646
46707524,220.0635,208.8506
46941064,201.8965,215.3232
47175772,208.7813,231.6592
47411652,200.6865,261.1846
47648712,194.8438,216.0254
47886956,214.3604,225.1836
48126392,223.4473,223.4121
48367024,211.4199,224.0605
48608860,219.7627,217.8438
48851908,196.2256,217.8447
49096168,205.8936,224.5303
49341652,212.3359,231.7822
49588364,202.5781,224.2256
49836308,212.3564,234.7275
50085492,211.4209,222.6563
50335920,201.3633,233.1523
50587600,242.4814,235.8115
50840540,226.0029,264.1289
51094744,228.2510,231.4844
51350220,209.7881,226.7861
51606972,208.6670,242.6250
51865008,221.1318,229.0723
52124336,212.1758,258.3008
52384960,219.2305,231.4482
52646888,215.6660,317.8623
52910124,209.3057,227.0205
53174676,245.9326,254.1465
53440552,256.9121,227.9502
53707756,226.6133,230.0254
53976296,235.5000,227.4307
54246180,219.9834,228.4619
54517412,218.3467,235.6611
54790000,206.2559,228.9082
55063952,236.5137,237.2119
55339272,228.2578,237.3594
55615972,229.7520,230.9951
55894052,217.6133,258.2578
56173524,223.5732,237.6396
56454392,220.6006,244.2314
56736664,232.3506,258.5156
57020348,233.6113,238.1348
57305452,238.3271,234.8076
57591980,216.0908,241.1016
57879940,226.9570,258.4336
58169340,226.0264,244.2598
58460188,226.2578,242.0977
58752492,211.0830,241.3516
59046256,215.6113,261.6689
59341488,218.7139,253.1357
59638196,246.2764,263.0547
59936388,247.8584,255.5313
60236072,234.2646,274.0313
60537256,236.9961,304.3906
60839944,306.2393,270.2031
61144144,260.1719,260.1553
61449868,239.9775,248.3506
61757120,291.8936,248.9102
62065908,245.6328,253.3760
62376240,228.2510,244.9688
62688124,230.9814,261.0391
63001568,226.6875,253.4443
63316576,263.6064,251.0137
63633160,246.8193,253.5000
63951328,255.3604,262.1211
64271088,248.8281,253.5498
64592444,239.0781,251.0986
64915408,236.2373,261.6582
65239988,262.6875,271.9102
65566188,240.2080,257.2021
65894020,237.1865,279.6865
66223492,222.6660,256.8105
66554612,307.2021,263.8057
66887388,242.6816,273.3545
