4,1.0361,1.2217
8,1.7061,2.1055
12,2.2432,2.7842
16,2.2422,3.2217
20,2.8408,3.2578
24,2.9336,4.2627
28,2.6729,3.8418
32,2.7109,4.8535
36,3.2207,4.4932
40,3.2051,4.5703
44,3.2236,4.6924
48,3.2090,4.1201
52,3.2217,4.7100
56,3.2051,4.3223
60,3.2236,4.7441
64,3.2061,5.8223
68,3.7012,5.3867
72,3.7412,5.1348
76,3.7324,5.2842
80,3.7002,5.5068
84,3.6963,5.2471
88,3.7178,4.8301
92,3.7051,5.6768
96,3.6904,5.5547
100,3.7041,5.5518
104,3.7031,5.6328
108,3.6934,4.7090
112,3.7100,5.0957
116,3.6699,5.3398
120,3.6826,4.9238
124,3.7402,5.2646
128,3.6934,6.0049
132,4.2588,5.5605
136,4.2090,5.2773
140,4.2988,5.0254
144,4.3125,5.5596
148,4.2910,5.3320
152,4.2939,5.7119
156,4.3369,5.4648
160,5.1992,5.2646
164,4.2373,5.5684
168,4.2393,5.4707
172,4.2031,5.8545
176,4.1240,4.8740
180,4.1250,5.0000
184,4.1104,5.5684
188,4.1543,4.8633
192,4.1143,4.9502
196,4.1260,4.8936
200,4.1055,5.1758
204,4.1338,5.2510
208,4.1514,5.3789
212,4.1211,5.3242
216,4.1260,5.4932
220,4.1289,5.3604
224,4.1250,5.6211
228,4.2939,5.8877
232,4.2100,5.5068
236,4.2041,5.3125
240,4.2236,5.0742
244,4.1084,5.0244
248,4.1162,5.9131
252,4.1240,5.5449
256,4.1250,6.6553
260,4.7354,6.6133
264,4.7168,6.9629
268,4.7139,11.8711
272,4.7256,6.1514
276,4.6934,6.6855
280,4.7080,6.8643
284,4.7002,6.3965
288,4.7168,5.8867
292,4.7090,6.0557
296,4.7080,5.9229
300,4.7109,6.2500
304,4.7070,6.2432
308,4.6904,6.0283
312,4.7207,5.8213
316,4.7021,6.1650
320,4.7070,5.9551
324,4.7480,5.9785
328,4.7012,6.0469
332,4.7158,5.7744
336,4.7285,6.0791
340,4.7334,5.9521
344,4.8213,6.1348
348,4.8105,6.0264
352,4.8047,6.0918
356,4.7852,6.0020
360,4.8086,6.2529
364,4.7988,5.9023
368,4.7930,5.9590
372,4.8242,5.9854
376,4.8213,5.9268
380,4.8115,6.0156
384,4.8223,5.6396
388,4.8057,6.2393
392,4.8115,6.0127
396,4.8164,5.6729
400,4.7959,6.2588
404,4.8105,6.1162
408,4.8369,5.3857
412,4.8105,6.5195
416,4.8145,6.3320
420,4.8066,5.9736
424,4.8271,5.8369
428,4.7881,5.7051
432,4.8242,6.2803
436,4.8115,5.6729
440,4.8066,6.2148
444,4.8154,6.2109
448,4.8262,5.9033
452,4.8018,5.9414
456,4.8242,5.8936
460,4.7783,6.5313
464,4.8076,6.1299
468,4.8154,6.1885
472,4.8096,5.9912
476,4.7891,6.3359
480,4.8057,5.8623
484,4.8164,6.2725
488,4.8047,5.8203
492,4.8135,5.7256
496,4.8047,6.0537
500,4.8037,5.8857
504,4.8359,5.9580
508,4.8066,6.0605
512,4.8027,7.1924
516,5.6299,7.0576
520,5.4570,7.0869
524,5.4697,7.4541
528,5.4492,7.4063
532,5.5313,7.0234
536,5.4551,6.8057
540,5.4082,6.2090
544,5.4727,7.1133
548,5.4814,6.7949
552,5.5020,6.7910
556,5.5996,6.4404
560,5.4482,6.4482
564,5.3633,6.4180
568,5.3682,6.9922
572,5.2539,5.8213
576,5.3262,6.4961
580,5.3203,6.2959
584,5.3291,6.6270
588,5.3857,6.3877
592,5.3330,6.1123
596,5.2822,6.1045
600,5.3105,5.8438
604,5.3906,6.7510
608,5.5781,7.3906
612,5.4590,6.5615
616,5.4268,6.2949
620,5.5264,6.3672
624,5.2617,5.8467
628,5.3486,6.3350
632,5.3584,6.3555
636,5.3486,6.2314
640,5.3184,6.1133
644,5.3203,6.1875
648,5.2930,5.8789
652,5.3535,6.3145
656,5.3828,6.6318
660,5.3613,6.5547
664,5.3164,6.3428
668,5.3643,6.6582
672,5.3447,6.8262
676,5.3975,7.0049
680,5.3848,6.5850
684,5.3936,6.6943
688,5.3633,6.4785
692,5.3994,6.9531
696,5.3818,6.7178
700,5.3730,6.8242
704,5.3955,6.5898
708,5.4336,6.9756
712,5.3652,6.3330
716,5.2871,6.2480
720,5.3369,6.0684
724,5.3330,6.5107
728,5.3223,6.1250
732,5.3213,6.2119
736,5.3398,6.5693
740,5.3438,6.4043
744,5.3555,6.3760
748,5.3252,6.5635
752,5.3838,6.7432
756,5.3809,6.4941
760,5.3477,6.1250
764,5.4033,6.7295
768,5.3730,6.2559
772,5.3809,6.3799
776,5.3906,6.5059
780,5.3174,6.1650
784,5.3320,6.4502
788,5.3652,6.8818
792,5.5049,6.8047
796,5.4648,7.2246
800,6.4453,7.4199
804,5.4053,7.1250
812,5.3877,6.9102
820,5.3486,6.6240
828,5.3516,6.3154
836,5.3545,6.4121
844,5.3164,6.6807
852,5.3643,7.0840
860,5.4082,7.1611
868,5.3623,6.1143
876,5.3672,6.6514
884,5.3232,6.3125
892,5.4883,6.6553
900,5.4238,6.7520
908,5.4316,6.4951
916,5.4014,6.1680
924,5.3613,6.5586
932,5.4385,7.6377
940,5.2783,6.0117
948,5.3838,6.5254
956,5.3652,7.1055
964,5.4004,6.7861
972,5.3516,6.6533
980,5.3242,6.7100
988,5.3711,6.7529
996,5.3076,6.0771
1004,5.3740,6.3799
1012,5.3389,6.7852
1020,5.4492,7.3506
1028,6.2656,8.1475
1036,6.0840,7.5146
1044,6.1016,7.4902
1052,6.2168,8.2520
1060,6.0918,7.4707
1068,6.0830,7.4219
1076,6.1387,7.6240
1084,6.0605,7.1875
1092,5.9902,7.0996
1100,6.1094,7.0186
1108,6.1279,6.9961
1116,5.9336,6.9863
1124,6.0264,7.3291
1132,6.1182,6.8496
1140,6.0840,6.8125
1148,6.1855,7.3213
1156,6.1377,7.5508
1164,6.1514,7.0762
1172,6.3213,7.7891
1180,6.2129,7.2891
1188,6.1152,7.1221
1196,6.2275,7.3369
1204,6.3086,7.7852
1212,6.1709,7.4590
1220,6.1777,7.5820
1228,6.0713,6.7979
1236,6.2344,7.5215
1244,6.1748,7.8066
1252,6.1836,7.3555
1260,6.2949,7.5078
1268,6.2129,7.0869
1276,6.1934,7.3438
1284,6.2617,7.2881
1292,6.4443,7.6172
1300,6.2148,7.5752
1308,6.2373,7.5176
1316,6.1514,7.2236
1324,6.1191,7.2422
1332,6.1201,7.3926
1340,6.1465,7.3926
1348,6.0967,7.1748
1356,6.1826,7.4307
1364,6.1846,7.2158
1372,6.2490,7.7549
1380,6.1992,7.2373
1388,6.2119,8.0322
1396,6.1670,7.0859
1404,6.3633,7.6875
1412,6.1699,7.3936
1420,6.1484,6.9014
1428,6.2871,7.8232
1436,6.1563,7.2334
1444,6.1592,6.7852
1452,6.2021,7.4453
1460,6.1543,7.5967
1468,6.1807,7.4775
1476,6.3818,7.9600
1484,6.1816,7.0342
1492,22.8467,8.0078
1500,6.4121,8.3057
1508,6.1133,7.2676
1516,6.0664,6.9961
1524,6.1396,7.2988
1532,6.2422,8.0703
1540,6.3193,7.7275
1548,6.1445,7.5088
1556,6.1738,7.5957
1564,6.3750,7.8184
1572,6.1777,7.3652
1580,6.1777,7.1162
1588,6.3057,7.9404
1596,6.1826,7.3594
1604,6.2412,7.6963
1616,6.2041,7.2373
1628,6.1592,7.4336
1640,6.2139,7.6924
1652,6.3525,8.0801
1664,6.1260,6.9111
1676,6.0811,7.1309
1688,6.1494,7.0410
1700,6.1582,7.2734
1712,6.0488,6.4521
1724,6.1465,7.6406
1736,6.1885,7.5967
1748,6.0957,6.8076
1760,6.1670,7.3398
1772,6.0664,7.0088
1784,6.1660,7.2236
1796,6.2939,7.3604
1808,41.3242,7.1162
1820,6.2813,7.2852
1832,6.2627,7.8809
1844,6.3105,8.1279
1856,6.1553,7.4980
1868,6.1133,7.3896
1880,6.2334,7.7949
1892,6.1973,7.6465
1904,6.2891,8.3740
1916,6.2344,7.4316
1928,6.1289,7.3301
1940,6.1533,7.2646
1952,6.1768,7.2979
1964,6.1885,7.7227
1976,6.3662,8.2764
1988,6.2344,8.0361
2000,6.0713,7.1338
2012,6.2979,7.8799
2024,6.2100,7.9717
2036,6.2021,7.5000
2048,6.1455,9.8125
2060,7.0879,9.0850
2072,7.0244,9.5078
2084,6.8066,8.8564
2096,6.6279,8.0684
2108,6.8633,8.6582
2120,6.9932,9.4121
2132,6.8867,8.2471
2144,6.9248,8.5674
2156,7.0605,9.4365
2168,6.9766,8.6396
2180,6.8633,8.6172
2192,6.8447,8.7383
2204,6.8457,8.0234
2216,6.8887,8.5322
2228,6.8418,8.5068
2240,7.0742,9.4570
2252,6.9111,8.8809
2264,6.9141,8.4219
2276,6.9961,8.9443
2288,7.0703,9.2158
2300,6.9229,8.7158
2312,6.9775,8.9307
2324,6.9912,8.8340
2336,6.8818,8.8066
2348,6.9678,8.9326
2360,6.9912,9.0518
2372,6.9971,8.6074
2384,6.7627,8.0889
2396,7.0293,8.8447
2408,6.8965,8.0869
2424,6.9600,8.7070
2440,6.7617,7.9150
2456,6.9736,8.4209
2472,6.8467,8.2441
2488,6.8408,8.2979
2504,6.8965,8.5381
2520,6.8574,8.4063
2536,6.7510,7.9375
2552,6.7627,8.1416
2568,7.0713,8.8164
2584,7.0869,9.0234
2600,6.7520,7.9326
2616,7.0879,9.4619
2632,6.8242,8.2402
2648,6.8643,8.5322
2664,6.7988,8.0215
2680,6.9678,8.8428
2696,6.8398,8.6084
2712,6.9648,8.6465
2728,7.0654,8.7334
2744,6.7383,7.8213
2760,6.8467,7.9990
2776,6.7451,7.7637
2792,6.8623,8.6563
2808,6.8799,9.1201
2824,7.0801,9.3271
2840,6.7129,8.1855
2856,6.8867,8.3662
2872,6.7549,8.2725
2888,6.9365,8.8477
2904,6.9473,9.1221
2920,6.8340,8.2471
2936,7.0674,9.2969
2952,7.0684,8.7803
2968,7.0264,9.1113
2984,6.8848,9.1396
3000,6.8076,8.1230
3016,6.9541,9.3115
3032,6.8486,8.2295
3048,6.9600,8.5830
3064,6.9492,8.2090
3080,6.9014,8.5732
3096,6.7529,8.1816
3112,6.8574,8.4629
3128,7.1250,9.5156
3144,6.9697,8.9346
3160,7.0176,8.9814
3176,6.6563,7.9648
3192,6.8516,8.2871
3208,6.8369,8.7285
3228,6.9893,8.9854
3248,7.0605,8.6592
3268,6.7324,8.4697
3288,6.9170,8.5684
3308,6.7861,8.5361
3328,7.0010,8.8027
3348,6.8848,8.5127
3368,6.9443,9.0059
3388,7.0781,9.3848
3408,6.8379,8.5566
3428,6.8398,8.4707
3448,6.8203,8.4512
3468,6.7969,8.2646
3488,6.7813,8.2471
3508,6.9609,8.7920
3528,6.8721,8.6416
3548,6.9844,8.6514
3568,6.8975,8.4814
3588,6.9766,8.9248
3608,6.9297,9.0869
3628,7.0742,9.2891
3648,6.7432,8.2441
3668,6.8320,8.7803
3688,7.1895,9.6426
3708,6.9434,9.0146
3728,6.9434,9.3682
3748,6.6758,7.9150
3768,7.0039,8.8730
3788,6.8887,8.9170
3808,6.9375,8.9824
3828,6.9531,8.9268
3848,6.8936,8.9268
3868,6.8564,8.8828
3888,6.8555,8.9063
3908,6.9805,9.0781
3928,6.9580,8.5938
3948,7.3164,9.6045
3968,6.9443,9.3633
3988,6.8672,8.9619
4008,6.9160,8.8691
4032,7.0615,9.4229
4056,7.0205,9.3730
4080,6.8389,8.7510
4104,8.0703,11.2773
4128,7.8457,10.5859
4152,7.7793,10.0664
4176,7.6592,9.6211
4200,7.9961,10.4307
4224,7.9043,10.2119
4248,7.9268,10.1191
4272,7.8623,10.0977
4296,7.8721,9.6758
4320,7.8438,9.8887
4344,7.9229,9.9121
4368,7.5352,9.1924
4392,7.8770,9.7080
4416,8.0400,10.4082
4440,7.9502,9.8623
4464,7.7676,9.6816
4488,7.6641,9.1855
4512,7.8984,10.4209
4536,7.9990,10.0742
4560,7.6396,9.4326
4584,7.8857,9.4766
4608,7.7568,9.5889
4632,7.8994,9.7539
4656,7.7998,9.6650
4680,7.7754,9.6211
4704,7.9492,14.7959
4728,8.1377,10.6338
4752,7.7334,9.5361
4776,7.6270,9.0088
4800,7.8906,9.6387
4824,7.8232,9.5430
4852,7.9785,10.8750
4880,7.9316,10.0518
4908,7.7178,9.1963
4936,7.7002,9.1797
4964,7.8672,9.8232
4992,7.9873,10.2158
5020,7.6279,8.5811
5048,7.6016,9.0996
5076,7.7539,9.6455
5104,8.0020,10.3613
5132,7.8018,9.5586
5160,7.6572,9.5830
5188,7.7881,9.9014
5216,7.5811,8.7148
5244,7.7568,9.3447
5272,7.5986,9.1016
5300,7.7188,9.3506
5328,7.7080,9.6416
5356,7.7607,9.7607
5384,7.7148,9.5420
5412,7.6787,9.0313
5440,7.8125,9.4482
5468,8.0107,9.9375
5496,7.7695,9.4951
5524,7.8164,9.1777
5552,7.8125,9.7529
5580,7.8184,9.4961
5608,7.7207,9.2939
5640,7.9912,10.4678
5672,8.0449,9.9893
5704,7.6533,9.6377
5736,7.6865,9.2041
5768,7.6982,9.2285
5800,7.7490,9.2246
5832,7.7959,9.6563
5864,7.7334,9.7549
5896,7.8643,10.1914
5928,7.6191,8.9023
5960,7.8457,9.8203
5992,7.8906,10.0205
6024,7.8613,9.6885
6056,7.6445,9.5166
6088,7.7041,9.1553
6120,7.7803,9.9980
6152,7.8223,9.2861
6184,7.5938,8.8604
6216,7.8770,9.8682
6248,7.7637,9.4951
6280,7.9063,10.0313
6312,7.6572,9.6934
6344,7.8428,10.0791
6376,7.9170,10.3975
6408,7.5977,8.9141
6444,7.7744,9.5254
6480,7.9805,10.2900
6516,7.8555,10.2168
6552,7.8867,9.9814
6588,7.9492,10.3340
6624,8.0137,9.5498
6660,7.8145,9.9229
6696,7.9756,10.0137
6732,7.7803,9.8242
6768,7.7324,9.5586
6804,7.8740,9.5459
6840,7.8594,10.0732
6876,7.6953,9.6396
6912,7.6973,9.6768
6948,7.9150,9.7070
6984,7.7783,9.8311
7020,7.8574,9.6445
7056,7.7734,9.7031
7092,7.8066,9.2148
7128,8.3652,10.4775
7164,7.7891,9.7686
7200,7.5879,9.3535
7236,7.6816,9.2549
7276,8.0117,10.4150
7316,7.6963,9.3799
7356,7.7529,9.8174
7396,7.7295,9.4863
7436,7.6807,9.4297
7476,7.6768,9.4766
7516,7.7383,9.9307
7556,7.6904,9.8555
7596,8.0947,10.2461
7636,7.6514,9.1963
7676,7.6602,9.8213
7716,7.8174,9.6357
7756,7.7402,9.4482
7796,7.8682,10.0479
7836,7.8711,10.2852
7876,7.6484,9.3242
7916,7.7646,9.5293
7956,7.7148,9.2578
7996,7.8652,9.9102
8036,7.8203,10.0322
8080,7.5850,9.0723
8124,7.5635,8.8662
8168,7.8066,9.7832
8212,9.1865,11.9805
8256,8.6250,10.9873
8300,8.7314,11.2119
8344,8.5693,10.8076
8388,8.4990,10.4883
8432,8.6875,11.2588
8476,8.6494,10.4639
8520,8.2813,9.5977
8564,8.5342,10.6465
8608,8.6572,10.7334
8652,8.4980,10.2598
8696,8.7510,10.7998
8740,8.5361,10.1563
8784,8.3057,9.8223
8828,8.6309,10.4912
8876,8.4395,10.2900
8924,8.7285,10.4229
8972,8.5059,10.3213
9020,8.5039,10.2744
9068,8.7139,10.4375
9116,8.4648,9.7822
9164,8.3154,9.6650
9212,8.7041,10.5537
9260,8.2852,9.5508
9308,8.3281,9.8643
9356,8.4551,9.8574
9404,8.5615,10.5615
9452,8.6982,9.9971
9500,8.9639,11.0313
9548,8.6211,10.2324
9596,8.6123,10.7334
9644,8.5684,10.4688
9696,8.7031,10.2188
9748,8.4795,10.5635
9800,8.4990,10.6475
9852,8.3125,9.4600
9904,8.4521,9.7910
9956,8.1709,9.3936
10008,8.4785,10.3379
10060,8.3906,10.1436
10112,8.4971,10.6260
10164,8.4248,9.5518
10216,8.2676,9.5742
10268,8.5586,10.4346
10320,8.4990,9.9961
10372,8.5039,17.6074
10424,8.3154,9.2061
10480,8.5635,10.2041
10536,8.5186,10.5283
10592,8.3447,9.8125
10648,8.6396,10.8721
10704,8.3340,9.9746
10760,8.2725,9.7061
10816,8.6475,10.5156
10872,8.4023,9.9229
10928,8.7207,10.3340
10984,8.4434,10.0293
11040,8.5078,10.0029
11096,8.4902,10.2051
11152,8.4229,10.2920
11208,8.1729,9.4404
11268,8.6729,10.3857
11328,8.5547,10.3721
11388,8.8301,10.9033
11448,8.3125,9.7979
11508,8.4883,10.5342
11568,8.3594,10.1455
11628,8.5986,10.7627
11688,8.3984,10.2559
11748,8.6553,10.6875
11808,8.3174,9.7842
11868,8.4639,10.2314
11928,8.4492,10.2158
11988,8.6133,10.2598
12048,8.5898,10.2949
12112,8.5625,10.7725
12176,8.2471,13.6846
12240,9.0098,11.1426
12304,8.6064,10.3281
12368,8.5898,10.4307
12432,8.5137,10.2383
12496,8.7598,10.6631
12560,8.3828,9.6816
12624,8.8369,10.7354
12688,8.3574,9.4756
12752,8.3428,9.7188
12816,8.5127,10.4531
12884,8.5566,10.0732
12952,8.4248,10.0635
13020,8.4053,9.4902
13088,8.5010,10.2939
13156,8.3818,9.8613
13224,8.4775,10.2607
13292,8.4639,9.9053
13360,8.6982,10.6846
13428,8.5742,10.1475
13496,8.7627,10.8818
13564,8.4941,10.1436
13632,8.4463,10.2188
13704,8.4688,10.3281
13776,8.4951,10.1924
13848,8.1846,9.6523
13920,8.6787,10.9170
13992,8.6719,10.7998
14064,8.6748,11.3398
14136,8.6309,10.1543
14208,8.7637,10.9531
14280,8.2695,9.7939
14352,8.5371,10.3623
14424,8.4629,10.2363
14500,8.3545,10.2490
14576,8.2861,9.7773
14652,8.5117,10.4834
14728,8.6582,10.4766
14804,8.5273,10.2256
14880,8.5732,10.7725
14956,8.1973,9.2754
15032,8.4033,10.1182
15108,8.5488,10.8848
15184,8.3633,10.1221
15260,8.3486,10.6934
15340,8.5117,10.6846
15420,8.8613,11.0596
15500,8.5693,10.6943
15580,8.3887,10.2197
15660,8.5322,10.1309
15740,8.3721,9.9395
15820,8.2979,10.4980
15900,8.8164,11.2549
15980,8.5684,10.5107
16060,8.5762,10.4033
16144,8.5029,10.3301
16228,8.2920,9.3779
16312,8.4131,10.1260
16396,9.7373,12.3369
16480,9.9326,12.2031
16564,9.2773,10.9443
16648,9.5869,11.8389
16732,9.3320,11.0752
16816,9.2891,10.4619
16904,9.4131,10.8994
16992,9.8076,12.1230
17080,9.2188,11.0322
17168,9.3916,11.1865
17256,9.4199,11.3896
17344,9.1934,10.7988
17432,9.3652,11.4063
17520,8.8145,9.7773
17608,9.0576,10.7754
17700,9.4189,10.9219
17792,9.2510,11.3828
17884,9.1885,10.4561
17976,9.2119,11.0566
18068,8.9482,9.8428
18160,9.2715,10.9404
18252,9.4541,11.2246
18344,8.8652,9.5635
18436,9.0430,10.7666
18532,9.6563,11.4473
18628,9.1172,10.5723
18724,9.4102,11.0020
18820,9.4609,11.2080
18916,9.1904,10.8760
19012,9.1699,10.7168
19108,8.8564,10.0000
19204,9.1660,10.5215
19304,8.9199,10.5762
19404,9.6738,11.7373
19504,9.0098,10.5479
19604,9.3691,11.5313
19704,9.3135,11.1289
19804,9.4375,10.8535
19904,9.1631,10.9141
20004,8.9268,10.1689
20108,8.9961,10.2959
20212,9.0625,10.5635
20316,9.2900,11.1934
20420,9.3105,11.0449
20524,9.4805,10.9844
20628,9.1602,10.6875
20732,9.0469,9.6270
20836,9.2813,10.8389
20944,9.5449,11.1670
21052,9.1123,10.4258
21160,9.3027,11.2139
21268,9.1025,10.8721
21376,9.2383,11.1230
21484,9.8018,11.8857
21592,8.9043,9.8916
21700,9.2207,11.0234
21812,8.9990,10.6104
21924,9.2207,10.8848
22036,9.3506,11.4346
22148,9.6992,11.7100
22260,8.8506,9.8076
22372,9.0205,10.4219
22484,9.2041,10.7900
22600,9.4160,11.2676
22716,9.1113,10.5449
22832,9.1172,10.5713
22948,9.3115,10.8955
23064,9.2500,10.6309
23180,9.3398,11.1143
23296,9.3086,10.5781
23416,8.6797,9.6416
23536,8.8301,9.8135
23656,8.9746,10.4902
23776,9.3379,11.4473
23896,9.3438,11.2920
24016,9.4678,11.4346
24140,8.9941,10.4443
24264,9.1924,10.7266
24388,9.1758,10.9727
24512,9.1641,11.2061
24636,8.9502,10.3428
24760,9.3799,11.4043
24884,8.9648,9.8535
25012,9.4629,11.3701
25140,9.3730,11.1064
25268,9.2891,11.1201
25396,9.3789,11.4541
25524,9.1973,11.5547
25652,9.2813,11.0117
25784,8.6953,9.4404
25916,9.1553,10.5234
26048,8.9316,10.2012
26180,9.0850,11.2930
26312,9.2949,11.1602
26444,9.3115,11.3936
26580,9.0811,10.6641
26716,9.0537,10.7480
26852,8.9375,10.3037
26988,8.6982,9.9316
27124,9.0820,10.8672
27260,9.3877,10.6895
27400,9.2891,11.1045
27540,8.6631,9.4297
27680,9.1494,10.8115
27820,9.3047,11.3857
27960,9.1045,11.3760
28100,8.8408,10.2666
28244,9.4180,11.0967
28388,9.4648,11.6201
28532,9.1465,10.6094
28676,29.8877,10.7715
28820,9.3291,11.4629
28968,9.0820,10.7197
29116,9.1963,10.8047
29264,9.3730,11.0801
29412,9.2178,11.1807
29560,9.1934,10.7900
29708,9.5635,11.5752
29860,9.3760,11.7939
30012,9.2129,11.3135
30164,9.5303,11.8721
30316,9.1260,11.1123
30468,9.2266,11.4502
30624,9.2227,11.2705
30780,9.1719,11.0107
30936,12.0625,11.2422
31092,9.0107,10.8027
31248,9.4912,11.5938
31408,8.9375,10.7422
31568,9.3604,11.7451
31728,9.2910,10.7246
31888,9.1875,10.7725
32048,8.9971,10.1328
32212,9.2627,11.2012
32376,9.1699,11.0928
32540,9.0527,10.9873
32704,9.1162,10.7881
32868,10.3730,11.6602
33036,10.3896,11.4775
33204,10.6592,11.9141
33372,10.7910,12.0322
33540,10.4268,11.6553
33708,10.5078,12.7822
33880,10.3574,12.6875
34052,10.3145,12.7969
34224,9.6504,11.2705
34396,10.3682,11.9189
34568,10.2607,12.3994
34744,10.6123,12.6748
34920,10.2227,12.1494
35096,9.9521,11.2109
35272,9.8398,11.0850
35452,9.7031,10.7432
35632,9.9814,11.3838
35812,9.7031,10.9561
35992,9.7705,10.8945
36172,10.2139,12.0840
36356,9.7217,11.0420
36540,10.0576,11.8574
36724,9.6650,10.8564
36908,9.5498,10.5615
37096,9.8066,11.4561
37284,9.7754,10.9258
37472,9.9014,11.1582
37660,9.5771,10.8496
37852,9.8428,10.9707
38044,10.0684,11.5186
38236,9.9629,11.4482
38428,9.8027,10.8389
38624,9.7334,11.5908
38820,10.1270,12.0205
39016,9.8477,11.4932
39212,9.8809,11.0967
39412,10.3086,12.4893
39612,10.2861,12.4678
39812,9.3574,10.8291
40012,10.1748,12.0059
40216,9.8770,11.2275
40420,10.2178,11.3857
40624,10.0928,11.1865
40828,9.9209,11.0098
41036,10.1250,11.8164
41244,9.5508,10.4570
41452,10.5049,12.3955
41660,9.9141,11.7178
41872,9.6738,10.7783
42084,9.6553,11.0000
42296,10.1982,11.9375
42508,9.5889,10.5996
42724,9.9707,11.7441
42940,10.0723,12.0869
43156,9.9268,11.4131
43372,9.5322,10.6426
43592,10.0313,11.7334
43812,10.0137,11.8115
44032,9.6445,10.5615
44256,10.2393,11.8262
44480,9.7275,11.5010
44704,9.5518,10.9531
44928,10.2334,12.2939
45156,9.7295,10.6709
45384,9.7256,11.1807
45612,10.1318,11.8057
45844,9.9932,11.2637
46076,9.9111,11.4346
46308,10.2588,12.2891
46540,10.2900,12.5205
46776,9.7070,10.9971
47012,9.9521,11.3760
47248,9.8486,11.7754
47488,10.0625,11.6455
47728,10.1348,11.7051
47968,10.0049,11.5576
48208,10.0498,11.6094
48452,9.7686,11.2773
48696,9.6885,11.0186
48940,9.6465,11.0498
49188,9.7363,11.4111
49436,9.9131,11.5000
49684,10.2588,12.2969
49936,10.1201,12.1914
50188,9.7891,10.9092
50440,9.8730,11.5830
50696,10.1572,11.9570
50952,10.0752,11.9902
51208,9.7344,11.5527
51468,10.1260,12.2988
51728,9.7295,11.1807
51988,9.9053,11.2451
52248,10.1436,12.0625
52512,10.1563,12.3125
52776,9.9531,12.1074
53040,10.2998,12.4639
53308,9.8525,11.5654
53576,9.9590,11.7598
53844,9.7354,11.2520
54116,9.9502,12.3008
54388,9.9482,11.9854
54660,9.8428,11.2734
54936,9.9336,11.7803
55212,10.2920,12.3574
55492,9.4941,10.8730
55772,9.7910,11.5479
56052,9.7578,11.0361
56336,9.8525,11.2744
56620,9.8340,11.5732
56904,9.8145,11.4854
57192,10.1035,11.8672
57480,9.9844,11.2637
57768,10.2734,12.3467
58060,9.9932,11.8672
58352,10.0029,11.9092
58644,9.9990,11.7490
58940,10.0576,12.1904
59236,9.9219,11.9912
59536,9.7930,11.5068
59836,10.0996,11.7061
60136,10.2344,12.5352
60440,10.1289,12.1738
60744,10.2891,12.1826
61048,9.7227,11.4482
61356,10.0879,12.1670
61664,9.9336,11.9131
61976,10.4775,12.6279
62288,9.9912,11.5459
62600,9.8027,11.8506
62916,10.0879,12.2266
63232,10.4258,13.2090
63552,10.6143,13.3086
63872,10.3477,12.3506
64192,10.1553,11.9785
64516,10.1445,12.2207
64840,10.1270,12.2021
65168,10.1455,12.2764
65496,10.0010,11.7607
65824,10.9766,12.9170
66156,11.2803,12.9014
66488,10.9131,12.3291
66824,10.8174,12.1211
67160,10.9404,13.0195
67496,10.7324,12.3340
67836,11.1914,12.8633
68176,10.4014,11.6846
68520,10.7900,12.5752
68864,10.9541,12.6914
69212,10.6787,12.1123
69560,10.8809,12.5850
69908,10.9893,12.3789
70260,10.6377,12.2441
70612,10.6084,11.9307
70968,11.1230,12.7578
71324,10.7529,12.0703
71684,10.7461,11.9570
72044,10.4619,12.0371
72408,10.5342,12.3564
72772,10.9443,12.9014
73136,11.2852,13.3252
73504,11.1885,12.8711
73872,10.3408,11.7158
74244,11.1816,12.9453
74616,11.1064,12.9453
74992,11.0010,11.8350
75368,10.7246,12.0166
75748,10.6357,12.2080
76128,10.5068,11.6162
76512,10.5449,11.8203
76896,11.0576,12.9102
77284,11.0313,12.5283
77672,10.8496,12.0762
78064,10.2568,11.3926
78456,10.9131,12.7354
78852,10.5654,12.0938
79248,10.7930,12.2979
79648,10.6709,12.0889
80048,10.5313,12.1270
80452,10.7344,12.0830
80856,10.6865,12.2725
81264,10.9141,12.5898
81672,10.9824,12.4063
82084,10.1670,11.1367
82496,10.8213,12.3818
82912,10.6416,12.2607
83328,10.2461,11.4629
83748,10.9912,12.4834
84168,10.8232,12.4082
84592,11.0371,12.8613
85016,10.9043,12.7451
85444,10.4102,11.5664
85872,11.3047,13.2539
86304,10.8594,12.2617
86736,10.8936,13.0439
87172,10.9766,12.3418
87608,10.3672,11.7285
88048,10.9063,12.6982
88492,10.9277,12.6230
88936,10.8477,12.3975
89384,10.8867,12.6611
89832,10.9795,12.7109
90284,11.3027,13.0469
90736,11.1406,12.8984
91192,11.3691,13.3584
91648,10.1797,11.4092
92108,10.7334,12.5127
92572,10.7168,12.1924
93036,10.9756,12.8379
93504,10.2285,11.2021
93972,11.0684,12.8496
94444,11.8398,14.6357
94920,11.0986,13.0283
95396,10.7256,12.2227
95876,11.2158,12.6211
96356,10.6084,12.2344
96840,11.3477,13.2031
97328,10.8447,12.5283
97816,11.0723,12.6914
98308,10.6025,12.0469
98800,10.9189,12.7979
99296,10.6006,11.8379
99796,10.7090,12.5400
100296,10.9561,13.1396
100800,10.4736,12.0830
101304,10.8975,12.6133
101812,10.9941,12.8115
102324,11.2285,12.8086
102836,11.4229,13.8105
103352,10.9365,13.1455
103872,10.8037,12.5020
104392,10.9424,12.2324
104916,11.1992,13.0771
105444,10.7998,12.3447
105972,10.0488,10.8057
106504,10.7568,12.0977
107040,11.0273,12.7217
107576,10.7539,12.3105
108116,10.3066,11.3994
108660,10.9463,12.3770
109204,10.7109,12.6914
109752,10.6094,12.6338
110304,11.3438,14.1650
110856,10.7725,12.3037
111412,10.7188,12.0654
111972,10.4082,11.8047
112532,10.8643,13.0459
113096,10.8594,12.6738
113664,10.8242,12.4248
114236,10.8115,12.4951
114808,10.9355,12.6055
115384,10.8447,12.2607
115964,11.0557,12.6992
116544,10.6641,11.8223
117128,11.1855,13.2568
117716,10.3711,11.5518
118308,11.1279,13.3018
118900,10.5742,12.1162
119496,10.6455,12.0391
120096,10.7539,12.7891
120700,11.0830,13.4902
121304,10.5332,11.6689
121912,11.2549,12.8848
122524,10.8447,12.4521
123140,10.7559,12.5508
123756,10.7324,12.1660
124376,11.0537,12.9014
125000,10.6973,12.5391
125628,15.7373,12.8496
126260,10.9678,12.9053
126892,11.0098,13.7695
127528,11.0664,12.9795
128168,11.0947,12.5225
128812,10.9229,13.0635
129460,10.7344,12.6680
130108,11.0557,13.2637
130760,11.1104,12.4404
131416,13.0059,14.3389
132076,12.4307,13.5000
132740,12.5391,14.4316
133404,12.2334,13.6973
134072,11.6641,13.2002
134744,12.2129,14.0547
135420,12.2266,14.3301
136100,12.1094,14.0264
136784,11.9727,13.6475
137468,12.1172,13.7334
138156,11.5303,12.9688
138848,11.6338,12.9854
139544,12.0664,14.0977
140244,12.1387,14.1289
140948,11.8613,13.7295
141656,11.5674,12.7129
142368,11.6357,12.9648
143080,11.5967,12.7432
143796,11.7158,13.3086
144516,11.4473,12.8867
145240,12.0137,13.8438
145968,11.9033,13.4824
146700,11.8428,13.5459
147436,11.7031,12.9092
148176,11.9053,14.1094
148920,11.8262,13.2490
149668,11.5000,13.0566
150420,11.9453,13.7822
151176,11.8076,13.6426
151932,11.5791,13.1992
152692,11.6699,13.5967
153456,11.9375,13.5010
154224,11.7334,13.5273
154996,12.3398,14.5889
155772,12.3330,13.4854
156552,12.2471,13.6621
157336,11.3838,12.8389
158124,11.7627,13.1846
158916,11.8447,13.2275
159712,11.6934,13.2148
160512,11.9502,13.5654
161316,11.6934,12.8652
162124,12.3242,14.4629
162936,11.9697,14.0254
163752,11.6357,24.5889
164572,12.4834,14.9941
165396,11.4492,12.8213
166224,11.8428,13.3027
167056,11.6563,12.7617
167892,11.7217,12.9629
168732,11.6152,13.0674
169576,11.4072,12.3945
170424,11.3994,12.7373
171280,11.8984,13.9277
172140,11.7334,13.8457
173004,12.1934,13.9512
173872,12.0771,13.7090
174744,12.0293,14.0166
175620,11.1182,12.4482
176500,11.5186,13.2871
177384,11.7383,13.7744
178272,11.7168,12.8535
179164,11.8750,13.5391
180060,11.8018,13.1807
180964,11.5879,12.8633
181872,12.1533,14.1328
182784,11.9492,14.1396
183700,11.9004,13.6533
184620,11.3848,12.6133
185544,12.0957,13.6982
186472,12.3340,14.4834
187408,11.5576,12.7451
188348,11.8643,13.3379
189292,11.8936,13.6533
190240,11.5918,13.0918
191192,11.6797,13.0303
192148,11.6123,13.6611
193112,11.7832,14.1094
194080,11.4717,12.7852
195052,11.3486,12.6318
196028,11.6377,13.3838
197012,11.4873,12.8398
198000,11.7305,13.5293
198992,12.2188,14.1416
199988,11.3271,11.9854
200988,11.8076,12.8457
201996,12.1328,14.1631
203008,12.2178,14.4590
204024,11.7910,13.4990
205048,12.0068,13.6240
206076,11.6660,12.9434
207108,12.0801,13.8311
208144,11.2979,12.7461
209188,12.2939,14.4072
210236,11.9141,14.2236
211288,12.2197,38.8945
212348,11.7520,13.4795
213412,11.7852,13.5498
214480,11.5938,13.1162
215556,11.9697,14.3672
216636,11.4805,13.1631
217720,11.5244,13.2773
218812,11.5605,13.0498
219908,12.2119,14.0840
221008,11.2969,12.8623
222116,11.9473,14.3311
223228,11.5498,13.4414
224348,11.4824,13.5928
225472,11.5967,13.7734
226600,11.8086,13.7881
227736,11.7324,13.4521
228876,11.7266,13.3877
230024,11.7041,13.1133
231176,11.8164,13.8096
232332,11.6953,13.6582
233496,11.9678,14.0166
234664,16.6553,14.7813
235840,11.2764,29.7666
237020,11.5859,12.7969
238208,12.2910,14.5576
239400,11.7402,13.8232
240600,11.6426,13.1680
241804,11.8115,13.3262
243016,12.3164,14.4053
244232,11.8389,14.1221
245456,11.9961,14.1172
246684,12.1533,14.6299
247920,11.9727,14.0449
249160,11.8525,13.9502
250408,12.3164,14.6982
251664,11.8291,13.8281
252924,12.0361,14.0010
254192,12.1143,14.5762
255464,12.1445,14.1084
256744,11.1895,12.7725
258028,11.7666,13.9121
259320,11.9463,14.3740
260620,11.6592,13.4541
261924,11.3496,12.9053
263236,13.0635,14.8984
264556,13.1357,14.3867
265880,12.9766,14.3037
267212,13.5264,14.9473
268552,13.3320,13.7285
269896,13.3184,15.0439
271248,13.0244,13.7871
272608,13.3486,14.3945
273972,12.9248,13.9238
275344,12.5400,13.9941
276724,12.3213,13.5459
278108,12.4453,13.9775
279500,12.4033,13.9063
280900,12.5303,13.7969
282308,12.4551,13.4717
283720,12.3066,13.6943
285140,13.5586,15.7266
286568,12.7617,14.5244
288004,11.8447,12.4697
289448,12.5479,14.2832
290896,12.3008,13.6543
292352,12.4150,14.1494
293816,12.0684,13.3789
295288,12.3203,13.7500
296768,12.3105,13.6670
298252,12.4297,14.0586
299744,12.7393,14.7041
301244,11.8789,13.1777
302752,12.9658,15.0576
304268,12.9512,14.7559
305792,12.1670,13.2695
307324,12.5762,14.0293
308864,12.3838,14.2607
310412,12.1328,13.6289
311968,12.5752,14.0781
313528,12.6348,14.3604
315096,12.4375,14.1465
316672,13.1914,13.6396
318256,12.6729,13.8594
319848,11.7686,13.0010
321448,12.7842,14.7412
323056,13.0156,15.0527
324672,13.4658,15.5684
326296,12.8652,14.6816
327928,11.9629,13.1914
329568,12.7344,14.4053
331216,12.6953,14.6338
332876,12.4170,13.9277
334544,12.2197,13.4111
336220,12.3691,13.7686
337904,12.6084,14.0742
339596,12.6055,14.2383
341296,12.6270,13.9170
343004,13.0352,14.1455
344720,12.8389,14.5469
346444,13.2744,15.1875
348180,13.0986,15.4521
349924,12.7334,14.6641
351676,12.7744,14.7266
353436,13.0869,15.4424
355204,13.3320,14.5469
356984,12.7207,14.4639
358772,13.3604,15.6670
360568,12.7627,14.7314
362372,12.5244,14.0332
364184,12.4814,14.5703
366008,12.2324,13.4502
367840,12.9141,14.4453
369680,12.6045,13.8516
371532,12.3301,13.6846
373392,12.1533,13.6875
375260,12.5332,14.2354
377140,12.4502,14.2979
379028,12.9238,19.7715
380924,12.8018,14.0693
382832,12.4932,14.2070
384748,12.3623,14.0586
386672,12.2822,13.7168
388608,12.9922,14.4199
390552,12.3828,13.9951
392508,12.4893,13.8623
394472,11.8359,12.9502
396448,12.7500,14.4258
398432,12.4521,13.9873
400428,12.2529,13.2764
402432,12.2510,13.4922
404448,13.0342,15.2900
406472,13.0322,15.1738
408508,12.9248,14.9316
410552,12.6025,14.0586
412608,12.9424,15.0508
414672,12.7275,14.0352
416748,12.6426,13.9385
418832,12.1445,13.3779
420928,12.9883,15.1455
423036,12.5889,14.5801
425152,13.0693,15.0771
427280,12.4121,14.3115
429420,12.2598,14.1543
431568,13.1445,15.4932
433728,12.8467,14.7178
435900,12.4219,14.0547
438080,12.5762,14.0664
440272,12.9092,14.6377
442476,12.9385,15.3516
444692,12.6582,14.2939
446916,12.0400,13.3408
449152,13.3926,15.1904
451400,12.8086,14.8574
453660,12.4092,14.2705
455932,12.7842,14.6299
458212,12.6904,14.8701
460504,13.4902,15.6621
462808,12.1826,13.9912
465124,12.6943,14.6045
467452,12.7305,14.6406
469792,13.2061,15.0830
472144,13.3867,15.0605
474508,13.0078,15.1895
476884,12.9219,14.7627
479272,13.2178,16.3887
481672,12.7002,14.5869
484084,12.2656,13.9824
486508,13.0752,15.3086
488944,12.7197,14.6387
491392,12.4580,14.3770
493852,13.2373,15.1641
496324,12.9961,14.5693
498808,13.2656,15.3877
501304,12.3408,14.1768
503812,12.4932,13.5654
506332,11.9951,12.9336
508864,12.6465,14.2295
511412,13.4727,15.9912
513972,12.1055,13.7549
516544,12.9980,14.5898
519128,12.5303,14.2168
521724,12.8105,14.9795
524336,14.9502,17.7217
526960,13.3145,15.2373
529596,13.8936,15.5117
532244,13.2109,14.9590
534908,13.2305,14.8145
537584,13.5371,14.8633
540272,13.4297,15.3584
542976,14.0850,16.3018
545692,13.0576,14.9473
548424,14.1973,16.1006
551168,13.3125,15.0439
553924,13.7324,15.4121
556696,13.4385,15.1279
559480,13.8545,15.7461
562280,13.0605,14.5137
565092,13.3926,14.6104
567920,13.5566,14.7764
570760,13.2305,14.2764
573616,13.1123,14.4160
576488,13.6387,15.1357
579372,13.9316,15.6982
582272,13.3477,15.0313
585184,13.6807,24.5420
588112,13.2646,14.5449
591056,14.1611,15.7939
594012,13.9131,15.8418
596984,14.0371,15.7773
599972,13.5059,14.8574
602972,13.7568,15.3623
605988,13.3203,15.0518
609020,13.9932,15.8486
612068,13.5352,15.2979
615132,13.2969,14.9170
618208,14.4844,16.4395
621300,20.4316,15.1904
624408,13.3311,14.6445
627532,12.8896,13.8770
630672,13.5879,15.2578
633828,13.9902,15.8457
637000,13.4424,14.8457
640188,14.0000,15.5186
643392,13.9463,15.0342
646612,13.2803,14.9082
649848,13.7861,15.3906
653100,13.8184,15.4404
656368,13.7373,15.6523
659652,13.9434,16.3457
662952,14.3398,16.7402
666268,14.1201,15.8398
669600,14.3184,16.4971
672948,13.5264,14.8564
676316,13.6035,14.9531
679700,13.2441,14.5088
683100,13.2842,14.3545
686516,13.7461,15.1484
689952,13.9873,15.3018
693404,13.8633,15.6445
696872,13.1094,14.6709
700360,13.4170,15.2959
703864,13.8896,15.7881
707384,13.1133,14.4551
710924,15.2422,16.2881
714480,14.2627,16.2646
718056,14.2422,16.3066
721648,13.5527,15.1035
725260,13.9990,15.8994
728888,13.9824,15.8008
732536,13.3232,14.8223
736200,12.8154,13.8799
739884,13.8945,16.1270
743584,13.5273,15.0107
747304,14.0205,16.1885
751044,13.6299,15.2129
754800,14.0889,15.9209
758576,14.1680,16.0264
762372,13.5664,15.5137
766184,13.9629,15.5254
770016,13.8877,16.0439
773868,13.6514,14.8730
777740,14.0459,15.9717
781632,14.4473,16.4619
785544,13.4912,15.1377
789472,13.7314,15.7500
793420,14.4775,17.4326
797388,13.3467,15.3428
801376,13.9883,15.9746
805384,13.7432,15.4648
809412,13.1230,14.5928
813460,13.7207,15.5703
817528,14.1729,15.8877
821616,12.4316,13.4873
825728,13.7012,14.9102
829860,13.7256,15.0430
834012,14.0557,15.9795
838184,13.9727,15.9658
842376,13.7773,21.5361
846588,14.1572,16.3184
850824,13.5586,15.2920
855080,13.1982,14.7334
859356,14.0605,15.7520
863656,13.7109,15.4063
867976,13.9951,15.9072
872316,14.0469,15.3994
876680,14.3525,15.8232
881064,13.9229,15.6104
885472,13.7715,15.0488
889900,45.1504,15.9160
894352,14.0859,15.6826
898824,13.8027,15.4678
903320,14.3486,16.5508
907840,14.0762,15.9590
912380,13.4541,14.7686
916944,14.0146,15.3887
921532,14.0693,15.6855
926140,14.5439,16.6143
930772,14.4893,16.7490
935428,13.8486,15.8721
940108,13.5391,15.1602
944812,14.1719,15.7500
949540,14.1455,15.9082
954288,18.1494,17.0195
959060,15.0449,17.5352
963856,14.1016,16.0156
968676,14.1016,16.6172
973520,13.8057,16.2344
978388,14.0049,16.7236
983280,13.9199,15.2930
988200,14.2656,15.9902
993144,14.1650,16.3887
998112,13.9092,15.2324
1003104,14.7813,16.6016
1008120,14.3340,16.3027
1013164,14.1621,16.4609
1018232,14.1455,16.6875
1023324,14.9355,17.2432
1028444,14.2871,16.4639
1033588,15.0547,17.5625
1038756,14.1533,16.1309
1043952,13.6885,15.5332
1049172,15.6582,18.2344
1054420,14.8027,16.4473
1059696,15.4023,17.3662
1064996,14.7139,16.2646
1070324,16.8525,16.3945
1075676,14.8740,17.0137
1081056,15.4600,17.1709
1086464,14.9229,16.7705
1091900,14.0684,15.3330
1097360,14.2422,15.3184
1102848,15.6416,17.8447
1108364,14.9697,16.5996
1113908,14.6191,15.8555
1119480,14.6992,16.4980
1125080,15.0596,24.9434
1130708,15.2119,16.0264
1136364,14.2412,15.4424
1142048,14.6182,15.6904
1147760,14.9600,16.5566
1153500,16.0176,18.2891
1159268,15.2832,16.7061
1165068,15.1641,27.6133
1170896,15.9912,17.4404
1176752,14.4004,15.8945
1182636,15.4473,17.2861
1188552,14.7568,24.7676
1194496,14.8555,16.5381
1200472,15.8506,17.6846
1206476,14.4736,15.7451
1212512,15.1172,16.5557
1218576,14.3662,15.5889
1224672,15.4023,16.9297
1230796,16.3271,18.5283
1236952,15.8477,18.1016
1243140,15.8604,17.9502
1249356,15.2178,16.8721
1255604,15.0742,16.8428
1261884,23.6680,16.7139
1268196,16.1807,18.0664
1274540,14.8145,16.0801
1280916,15.7852,17.4668
1287324,14.4648,15.9902
1293764,15.8486,17.6016
1300236,15.2666,16.2305
1306740,15.0059,16.8018
1313276,15.1133,17.4287
1319844,14.4922,15.9121
1326444,15.2529,16.5645
1333080,15.7910,17.9971
1339748,15.2207,17.0801
1346448,15.2783,17.1123
1353184,15.1758,17.5391
1359952,15.0498,16.8066
1366752,14.8516,16.1807
1373588,15.8877,18.1465
1380456,15.8203,17.9072
1387360,14.6387,15.7578
1394300,15.0303,16.3506
1401272,15.6934,17.7490
1408280,15.6973,17.7998
1415324,15.3672,17.1182
1422404,15.7568,18.1963
1429520,15.3799,17.1025
1436668,14.6865,15.7539
1443852,16.0723,18.0537
1451072,14.9102,16.8203
1458328,14.9375,16.9717
1465620,15.0527,16.3359
1472952,15.4707,17.5078
1480320,15.7109,17.5137
1487724,14.8711,16.8232
1495164,16.4072,18.2354
1502640,15.2090,16.2480
1510156,15.7383,17.5205
1517708,15.4814,16.9482
1525300,15.5654,17.6592
1532928,15.3652,16.5996
1540596,15.3955,16.7783
1548300,15.0215,17.0410
1556044,16.0615,18.1250
1563828,16.0986,18.9346
1571648,16.0576,18.0410
1579508,15.5605,17.7539
1587408,16.0615,17.4873
1595348,14.9639,16.5000
1603328,20.1172,17.8457
1611348,15.7031,17.8525
1619408,15.6914,17.6338
1627508,16.4961,18.3203
1635648,15.9521,17.7480
1643828,15.7188,17.4854
1652048,15.0537,16.5732
1660312,15.9863,17.7402
1668616,15.5234,17.3125
1676960,15.6025,17.0322
1685348,15.8760,17.7344
1693776,14.8682,16.2773
1702248,15.8008,27.4561
1710760,16.9678,19.4150
1719316,15.7500,17.8721
1727916,16.5361,19.0566
1736556,16.3145,18.5439
1745240,16.1973,17.4346
1753968,15.8945,18.1445
1762740,15.9600,17.2334
1771556,17.0264,20.9189
1780416,16.5088,17.9248
1789320,16.0928,18.2441
1798268,15.7578,17.1533
1807260,15.9082,17.4775
1816300,15.7080,17.6182
1825384,14.7324,16.2578
1834512,15.6426,17.0625
1843688,15.8896,17.5273
1852908,16.1191,18.1729
1862176,16.7041,18.7432
1871488,16.0166,17.7119
1880848,15.6572,16.7695
1890256,16.6045,18.6055
1899708,15.7393,17.1143
1909208,15.9785,18.2393
1918756,15.1406,16.9346
1928352,15.9912,18.3457
1937996,15.5771,17.7285
1947688,15.8135,17.1543
1957428,15.5684,17.6514
1967216,15.8145,17.9229
1977056,16.3779,19.2012
1986944,16.0244,17.0879
1996880,46.0508,16.9316
2006868,16.0313,18.0381
2016904,16.4736,18.4844
2026992,16.5371,18.5879
2037128,16.5508,18.7070
2047316,15.2520,16.8389
2057556,16.1631,18.3623
2067844,15.8643,17.8633
2078184,16.4355,18.8896
2088576,16.1973,18.0938
2099020,16.9814,19.1084
2109516,16.4287,18.5098
2120064,28.8643,17.9082
2130668,16.8398,18.9932
2141324,17.3252,19.4375
2152032,17.2139,19.6270
2162796,16.5947,17.7100
2173612,17.5996,19.8145
2184484,16.3428,17.9316
2195408,26.0000,18.9785
2206388,16.7334,18.4219
2217420,17.5986,20.4941
2228508,16.5703,17.8643
2239652,16.2559,18.1055
2250852,16.3818,18.5420
2262108,17.7773,19.8096
2273420,17.4131,19.2373
2284788,16.7969,19.2969
2296212,17.8135,19.6504
2307696,17.0342,18.9404
2319236,16.9473,18.8633
2330836,16.9609,19.5986
2342492,17.5098,20.4492
2354208,17.2588,19.8984
2365980,17.7031,20.6377
2377812,17.6279,20.4854
2389704,17.6396,20.0752
2401656,22.7451,18.3467
2413668,16.8809,18.7998
2425740,16.9766,19.2100
2437872,17.1533,19.3047
2450064,17.7607,19.8125
2462316,17.3721,19.9473
2474628,16.5283,18.3486
2487004,17.3516,19.7676
2499440,17.6201,20.3311
2511940,17.4434,19.0889
2524500,23.2578,20.2930
2537124,17.4951,20.3525
2549812,17.1094,19.1191
2562564,17.1533,18.8467
2575380,16.9258,19.5674
2588260,17.6758,20.6084
2601204,17.3906,19.2129
2614212,17.1855,26.0303
2627284,18.2139,20.9990
2640424,16.3008,17.7451
2653628,16.5020,18.6162
2666900,17.7822,20.3320
2680236,17.1650,19.4404
2693640,17.8916,21.3379
2707112,18.1045,20.3340
2720648,18.4238,21.2090
2734252,17.3135,19.1992
2747924,18.2803,20.4961
2761664,16.2236,18.8574
2775476,17.8711,20.8213
2789356,16.8057,18.7217
2803304,17.0684,18.7529
2817324,17.7158,21.0527
2831412,17.4463,20.5645
2845572,17.7266,19.5615
2859800,16.4736,18.6045
2874100,17.3154,19.0146
2888472,17.1494,19.1953
2902916,17.4541,19.4873
2917432,18.2861,20.6416
2932020,17.9805,19.8916
2946684,18.4326,20.7246
2961420,17.4824,19.9902
2976228,17.7734,20.7158
2991112,17.9102,19.8203
3006068,16.8438,19.2793
3021100,17.0742,18.0410
3036208,18.2529,21.6719
3051392,17.1318,27.4766
3066652,17.5674,19.7705
3081988,17.5762,19.3105
3097400,18.3594,21.0176
3112888,18.6621,20.7607
3128456,18.1982,20.8242
3144100,19.6338,22.2979
3159824,17.5449,20.6846
3175624,17.6855,21.5361
3191504,18.2129,21.2832
3207464,19.3408,19.3730
3223504,16.8447,19.7373
3239624,16.9307,19.2969
3255824,18.0762,20.8672
3272104,16.2256,17.9873
3288468,17.4609,20.1162
3304912,17.6816,19.9521
3321440,17.6113,19.6670
3338048,17.2695,20.1113
3354740,18.6982,21.0146
3371516,17.2832,19.5186
3388376,20.5488,20.8896
3405320,17.9092,21.0059
3422348,18.0576,20.8789
3439460,18.5879,21.4658
3456660,17.5137,19.6367
3473944,17.6563,20.7646
3491316,17.9326,19.7646
3508776,18.3633,20.4385
3526320,17.0889,19.1465
3543952,18.4238,21.7959
3561672,18.0996,20.7822
3579484,16.7568,19.3779
3597384,19.8711,21.1074
3615372,17.6494,20.1113
3633452,18.6436,21.0537
3651620,18.5732,20.5742
3669880,19.7256,22.2236
3688232,19.2627,21.2168
3706676,19.3076,21.8369
3725212,18.0947,19.8965
3743840,16.9414,18.6270
3762560,18.1816,21.0996
3781376,17.6104,19.6357
3800284,17.8564,23.8447
3819288,17.1025,19.0215
3838388,18.5127,21.0479
3857580,18.2559,20.1953
3876868,17.9492,19.8145
3896256,20.0742,23.3047
3915740,17.5752,19.4180
3935320,17.9229,20.4854
3955000,18.0996,20.4541
3974776,19.7383,22.5127
3994652,17.6650,20.0957
4014628,19.4131,22.6699
4034704,18.9385,21.7246
4054880,19.0898,20.9805
4075156,18.7275,20.7764
4095532,18.8857,21.0820
4116012,17.9336,20.4189
4136596,19.6689,22.1113
4157280,19.1045,21.7295
4178068,17.6729,19.2764
4198960,18.5752,20.3721
4219956,18.9736,21.3105
4241056,20.8242,23.2393
4262264,19.5020,21.4121
4283576,19.5605,21.1797
4304996,19.7910,22.7314
4326524,19.5469,21.0107
4348160,19.8975,22.8301
4369904,20.3809,23.0430
4391756,19.3604,21.7988
4413716,19.6885,21.5527
4435788,20.6504,22.6016
4457968,19.1055,20.0635
4480260,19.7529,21.0947
4502664,18.5986,20.0947
4525180,17.7959,18.5664
4547808,18.9463,20.8213
4570548,17.2061,18.0977
4593404,19.8574,21.8613
4616372,20.3525,22.2813
4639456,19.3115,21.2793
4662656,19.9941,22.7109
4685972,18.9688,21.0547
4709404,19.5625,21.5898
4732952,18.7773,19.6104
4756620,18.5088,20.0840
4780404,20.1738,22.5420
4804308,19.0635,21.0654
4828332,21.3779,23.6914
4852476,19.4639,22.1074
4876740,19.7754,21.9805
4901124,20.8477,23.4453
4925632,18.8555,20.6133
4950264,19.9756,21.2012
4975016,20.4033,22.4023
4999892,19.4238,21.1709
5024892,20.0752,22.9385
5050020,19.5186,20.3232
5075272,18.5674,20.2549
5100652,19.8848,21.5234
5126156,18.9756,20.6836
5151788,20.3330,22.9287
5177548,18.7764,20.9775
5203436,20.1006,21.7158
5229456,18.9912,21.5186
5255604,19.9521,21.9482
5281884,19.6133,20.4170
5308296,19.7861,22.0107
5334840,21.3750,23.6973
5361516,21.5322,24.5137
5388324,20.2070,21.0498
5415268,22.3584,23.1055
5442348,20.3281,23.5234
5469560,20.6064,23.0039
5496908,19.7764,22.1211
5524396,20.4131,21.7549
5552020,19.7236,21.2969
5579784,19.7500,22.3682
5607684,19.4150,21.4502
5635724,19.7305,21.9004
5663904,20.3281,22.9209
5692224,18.9063,28.9424
5720688,19.6709,22.3906
5749292,19.7686,22.6475
5778040,18.5625,20.8037
5806932,19.3877,20.5137
5835968,21.3174,23.8936
5865148,21.3096,23.4902
5894476,21.3291,22.2568
5923952,17.9336,19.7637
5953572,19.2539,20.3389
5983340,18.4473,20.0830
6013260,20.2314,22.0127
6043328,19.6318,21.3896
6073548,20.4609,22.8125
6103916,19.7373,21.9590
6134436,19.6895,21.7510
6165112,19.0918,21.3379
6195940,20.3838,21.6514
6226920,19.8721,22.8662
6258056,20.9824,23.5039
6289348,21.4580,23.3320
6320796,20.1953,22.0449
6352400,19.2334,21.3916
6384164,20.2695,23.5020
6416088,19.7568,21.5879
6448172,18.4932,20.4238
6480416,21.0879,23.6885
6512820,18.5176,20.8125
6545388,20.9023,22.8408
6578116,21.3584,24.8252
6611008,20.8613,22.8047
6644064,21.2070,23.4355
6677288,19.7695,22.3721
6710676,20.0010,21.9160
6744232,19.8232,21.4092
6777956,20.4492,22.8965
6811848,20.8906,22.9453
6845908,20.5215,22.4727
6880140,20.7148,22.9102
6914544,19.6621,22.1836
6949120,22.7490,25.8594
6983868,20.1416,22.4365
7018788,20.2139,22.8672
7053884,20.2080,22.5859
7089156,21.9238,25.1387
7124604,18.9512,21.1943
7160228,21.0742,23.0381
7196032,20.9033,22.7158
7232016,21.6973,24.2490
7268180,22.3340,25.5938
7304524,20.0830,22.6650
7341048,21.1563,23.9453
7377756,45.6758,24.6738
7414648,21.6338,25.0254
7451724,20.4971,23.9121
7488984,20.4902,22.1807
7526432,21.3418,23.7881
7564068,21.5625,24.0879
7601892,20.7061,24.0273
7639904,19.5410,21.3975
7678104,19.1836,20.8613
7716496,20.3633,23.2324
7755080,20.1934,22.2686
7793856,20.9727,23.1416
7832828,19.9697,21.9717
7871996,20.2861,23.3613
7911356,20.0381,22.1328
7950916,19.2881,21.8223
7990672,19.8994,20.7881
8030628,20.2197,22.9121
8070784,19.8730,22.3789
8111140,33.5430,25.9707
8151696,21.3477,22.6270
8192456,19.9033,21.4492
8233420,20.2441,21.9971
8274588,29.8486,23.0439
8315964,22.2695,25.4951
8357544,20.5762,23.2031
8399332,22.2783,24.1143
8441332,23.0225,25.4531
8483540,20.6143,22.6855
8525960,23.1045,24.9043
8568592,21.9033,24.8535
8611436,20.4297,25.2783
8654496,22.9570,26.3164
8697772,20.4902,24.4834
8741264,19.9287,22.5439
8784972,21.0166,23.0664
8828900,20.5469,21.3594
8873048,20.0029,22.0039
8917416,20.6240,20.9707
8962004,23.7656,26.8623
9006816,23.7158,25.8818
9051852,20.7842,22.5703
9097112,20.6523,23.5117
9142600,21.6484,24.0625
9188316,21.8965,24.4434
9234260,19.5205,21.4248
9280432,19.0020,20.4736
9326836,21.1074,23.5322
9373472,21.8896,23.5605
9420340,23.3994,26.0635
9467444,22.4424,26.1592
9514784,20.1416,21.9746
9562360,22.5293,25.0195
9610172,20.3027,22.4775
9658224,21.4443,23.3721
9706516,23.2422,26.4766
9755052,22.3350,25.3291
9803828,21.5137,23.6270
9852848,22.3291,24.4375
9902116,21.7021,23.5859
9951628,22.4258,25.6309
10001388,20.5498,22.7256
10051396,21.9072,24.7256
10101656,22.8672,25.2666
10152168,21.8574,24.3613
10202932,22.0859,111.1299
10253948,22.1045,24.8760
10305220,20.9189,21.9287
10356748,21.2090,23.1553
10408532,23.1201,25.8145
10460576,21.9922,25.4775
10512880,21.5059,24.7734
10565448,21.3613,23.2295
10618276,22.2031,25.0195
10671368,22.3848,25.5791
10724728,22.8926,25.4961
10778352,21.0479,23.1973
10832244,20.3418,22.2725
10886408,23.7158,27.1084
10940844,21.9023,25.0449
10995552,20.3613,22.4863
11050532,23.2490,25.2490
11105788,22.9404,24.5674
11161320,21.1309,24.1006
11217128,20.2705,21.9043
11273216,20.9531,22.4746
11329584,20.5234,22.7988
11386232,21.1221,22.8457
11443164,20.6035,22.9570
11500380,22.0391,23.3027
11557884,21.7334,23.2559
11615676,21.9854,24.4541
11673756,20.8574,23.1563
11732128,21.3057,24.2510
11790792,21.8418,24.5879
11849748,22.9600,25.6279
11909000,24.4531,24.9990
11968548,24.1494,27.8896
12028392,24.2617,26.0840
12088536,21.1201,23.5059
12148980,35.5498,33.2227
12209728,23.0762,25.5605
12270780,22.4424,23.8525
12332136,23.5693,25.5186
12393800,23.1670,26.5254
12455772,21.2666,23.7344
12518052,22.4814,27.1055
12580644,22.3291,24.9414
12643548,20.5352,24.9268
12706768,23.1172,25.7334
12770304,21.7383,24.4648
12834156,21.6396,24.7764
12898328,20.3721,24.2705
12962820,21.4404,22.8164
13027636,23.5488,26.2109
13092776,22.8564,24.7920
13158240,22.4775,26.1758
13224032,23.0898,27.8438
13290156,22.6826,25.8750
13356608,22.3242,26.3936
13423392,22.9590,25.3379
13490512,22.8506,26.3711
13557968,23.1211,26.7227
13625760,22.8838,26.8574
13693892,23.4053,27.7480
13762364,22.8574,26.3262
13831176,20.1250,23.1523
13900332,22.0898,26.9482
13969836,21.7441,25.8281
14039688,22.3955,26.9199
14109888,21.9082,26.5049
14180440,23.2314,26.7549
14251344,21.1602,23.5283
14322604,23.0264,25.9355
14394220,22.2354,26.5313
14466192,21.0176,24.7275
14538524,21.5020,25.2041
14611220,21.7246,24.6357
14684280,23.2314,28.2490
14757704,21.6807,24.9873
14831496,22.2100,24.2598
14905656,28.7432,31.2881
14980188,22.8779,26.4141
15055092,24.1328,23.6973
15130368,22.9395,26.1475
15206020,22.0225,24.6035
15282052,24.0244,28.1992
15358464,24.8545,26.2617
15435260,24.5654,27.8105
15512440,23.4023,26.8516
15590004,22.1025,25.1201
15667956,24.5791,28.4131
15746296,23.5371,27.0439
15825028,21.9287,25.5967
15904156,25.2363,31.5166
15983680,25.4580,29.6123
16063600,24.9863,28.3447
16143920,24.2852,26.5381
16224640,24.3066,27.6113
16305764,24.8984,26.9551
16387296,23.8721,26.1543
16469236,22.3604,24.8086
16551584,24.2471,76.3359
16634344,23.5469,26.2441
16717516,22.5645,25.9658
16801104,24.4443,27.6533
16885112,24.0449,25.9229
16969540,25.5859,28.9082
17054388,25.3818,27.7607
17139660,25.0264,27.5908
17225360,25.4697,28.6143
17311488,25.2598,27.6426
17398048,27.8701,29.3408
17485040,27.3906,28.1445
17572468,24.2637,28.5635
17660332,23.1689,25.6865
17748636,25.0088,27.6426
17837380,25.7139,27.4971
17926568,26.4502,29.1826
18016204,23.5566,25.7324
18106288,24.2510,25.8223
18196820,25.3604,27.0576
18287808,42.2568,30.7197
18379248,25.2715,28.0498
18471148,22.2314,25.0869
18563504,23.5449,31.7119
18656324,24.1582,26.7539
18749608,24.7109,28.4775
18843360,23.0615,25.1533
18937580,24.4639,27.6895
19032268,22.9629,26.1631
19127432,23.5107,26.0381
19223072,22.9824,26.8984
19319188,24.6709,26.0186
19415784,24.6416,26.7285
19512864,24.7959,27.0957
19610432,22.1973,24.3828
19708488,25.2100,26.2178
19807032,24.9678,28.4658
19906068,25.1572,26.9160
20005600,25.8760,28.6348
20105628,23.9443,26.8877
20206160,25.7949,27.2217
20307192,25.5850,27.9570
20408728,24.2559,26.7441
20510772,24.1826,25.5361
20613328,22.8594,26.0938
20716396,23.0381,25.8838
20819980,23.7207,28.2148
20924080,22.9463,24.2822
21028704,25.5732,28.8213
21133848,25.9688,29.8027
21239520,24.6875,30.1855
21345720,25.0088,28.9707
21452452,23.8457,26.4541
21559716,22.8184,26.1465
21667516,25.0068,28.0986
21775856,24.1260,27.1660
21884736,24.1123,25.7373
21994160,29.8398,28.0576
22104132,25.0205,26.9189
22214656,31.2676,27.9111
22325732,23.2539,26.2520
22437364,24.0400,26.7715
22549552,24.1279,27.0566
22662300,23.0361,23.9502
22775612,26.4307,28.1201
22889492,24.2979,25.0039
23003940,33.1484,27.5166
23118960,25.0762,25.7930
23234556,102.8223,28.3242
23350732,25.2461,38.7539
23467488,24.4902,27.0313
23584828,24.0830,27.3564
23702756,26.5752,27.7959
23821272,36.5039,26.6982
23940380,24.9639,25.8281
24060084,27.2559,29.1484
24180388,31.5078,29.4053
24301292,27.2549,34.4609
24422800,25.3262,27.5234
24544916,28.3438,27.0459
24667644,29.1543,29.6426
24790984,28.4229,29.6660
24914940,26.5967,27.0273
25039516,25.5811,25.6973
25164716,26.6973,29.2949
25290540,29.3535,30.6211
25416996,28.0469,28.3135
25544084,32.4834,27.1660
25671808,27.4941,27.8789
25800168,24.9629,27.4453
25929172,29.2969,27.2451
26058820,28.9463,28.0635
26189116,28.6328,28.7471
26320064,28.3057,30.5645
26451668,26.4746,25.6465
26583928,30.7168,31.5518
26716848,27.9717,30.0107
26850436,32.7012,31.3711
26984692,26.2988,27.3975
27119616,29.4893,30.0000
27255216,29.6514,28.4678
27391496,56.0898,37.9404
27528456,36.3330,32.9902
27666100,32.2471,33.2920
27804432,34.4502,35.5244
27943456,31.4336,30.6621
28083176,35.2607,32.5557
28223592,35.1514,32.2490
28364712,33.9766,33.1504
28506536,32.2119,30.5244
28649072,44.6699,32.8018
28792320,34.5771,35.0762
28936284,31.5342,31.2666
29080968,34.6240,32.2100
29226376,34.2695,35.9697
29372508,35.5166,33.5557
29519372,35.8105,32.1631
29666972,33.9326,32.1982
29815308,38.5342,33.2490
29964388,31.4131,30.7227
30114212,35.3389,32.2686
30264784,38.1709,36.0605
30416108,34.1426,34.4248
30568192,40.4883,35.0488
30721036,35.8408,35.5322
30874644,34.2969,36.0361
31029020,41.8057,35.3203
31184168,34.9971,33.6455
31340092,38.5098,36.6104
31496796,36.0811,38.7959
31654280,38.4150,59.2031
31812552,36.1602,35.9678
31971616,41.2490,64.5967
32131476,38.1572,33.9512
32292136,40.0684,40.1914
32453600,37.6035,45.6865
32615868,41.8311,41.0869
32778948,43.2607,43.4316
32942844,46.5781,41.5654
33107560,45.6748,39.7246
33273100,44.9307,51.0645
33439468,42.6973,38.8047
33606668,42.6523,38.4443
33774704,62.8652,42.7041
33943580,43.9688,39.8359
34113300,37.3594,35.7803
34283868,41.9287,40.0508
34455288,38.9463,34.7012
34627568,49.9697,42.1543
34800708,44.1563,42.1855
34974712,45.2002,43.2656
35149588,46.1270,37.9375
35325336,40.4355,41.3760
35501964,41.1563,39.0693
35679476,50.2637,42.2051
35857876,46.0850,42.1348
36037168,42.7842,59.0605
36217356,46.9648,42.7334
36398444,42.3564,41.7402
36580440,40.9170,45.2656
36763344,49.2070,50.3740
36947164,35.0078,40.3291
37131900,47.9707,41.2080
37317560,43.1250,42.4482
37504148,43.9766,41.9258
37691672,39.5977,37.4883
37880132,49.4834,46.2432
38069536,48.2070,39.3506
38259884,44.0928,41.7822
38451184,49.4521,43.4121
38643440,50.8008,39.8506
38836660,47.9834,42.8535
39030844,51.8555,41.4297
39226000,43.6445,43.9727
39422132,50.5488,44.4609
39619244,46.4014,42.1836
39817344,48.5322,44.7480
40016432,48.9648,51.1094
40216516,54.3770,43.9111
40417600,51.9805,50.5420
40619688,53.5137,46.0293
40822788,50.1260,45.0830
41026904,51.0547,43.0527
41232040,49.0723,48.1553
41438204,46.4463,41.7021
41645396,49.1221,55.0674
41853624,42.7295,39.2549
42062896,47.4473,48.6289
42273212,50.8770,50.0635
42484580,52.4775,48.8643
42697004,53.2109,50.8418
42910492,51.7305,48.5313
43125048,48.1318,47.5996
43340676,46.0322,47.2832
43557380,46.5977,43.7637
43775168,50.7109,45.1875
43994044,49.2334,46.9736
44214016,51.5234,46.5830
44435088,43.4063,43.7148
44657264,48.8350,44.7783
44880552,47.6152,46.6992
45104956,52.7559,52.3994
45330484,50.0322,45.0664
45557140,49.2578,48.9189
45784928,46.0977,44.3418
46013856,44.4785,44.0977
46243928,47.8125,45.4209
46475148,52.3252,48.7783
46707524,42.5840,45.0488
46941064,45.3701,45.0332
47175772,50.1914,47.9727
47411652,43.8594,40.8496
47648712,48.5254,44.8467
47886956,49.5723,46.6357
48126392,48.1592,47.9629
48367024,52.8828,48.4453
48608860,48.3584,48.1533
48851908,67.2500,54.3135
49096168,63.9561,53.9688
49341652,63.3203,84.2100
49588364,58.6758,56.3115
49836308,51.0234,50.5010
50085492,48.5840,46.9414
50335920,47.7607,46.8359
50587600,51.9766,53.2607
50840540,51.9551,49.1162
51094744,54.2051,53.7725
51350220,52.4727,56.5020
51606972,49.9023,47.8154
51865008,48.8350,51.6699
52124336,51.6797,48.5225
52384960,57.8350,56.6191
52646888,54.9629,54.5518
52910124,48.9570,48.9541
53174676,49.1992,48.3604
53440552,66.1611,55.2500
53707756,58.3242,77.2715
53976296,58.4971,54.1152
54246180,62.1719,58.5967
54517412,54.5430,54.8438
54790000,56.4971,61.5293
55063952,54.7578,60.2705
55339272,41.8701,65.5420
55615972,53.9033,70.8486
55894052,60.3291,64.0723
56173524,47.9385,54.4541
56454392,59.7500,58.4482
56736664,63.8262,60.1133
57020348,52.5635,49.5439
57305452,51.6758,49.7930
57591980,61.1436,59.6309
57879940,58.0293,59.2070
58169340,61.4219,59.3438
58460188,61.7910,60.9102
58752492,62.4053,55.4297
59046256,57.9746,57.6094
59341488,48.3721,48.5908
59638196,50.3682,53.5137
59936388,48.6719,50.6084
60236072,56.8730,54.4570
60537256,51.6211,49.6797
60839944,61.3428,60.0654
61144144,62.1484,62.5166
61449868,54.3994,57.0381
61757120,52.6719,51.7490
62065908,56.5742,57.9121
62376240,58.9121,59.1924
62688124,76.5986,56.4434
63001568,65.2197,64.0127
63316576,56.8721,55.3115
63633160,57.5059,57.3623
63951328,64.2344,67.7256
64271088,58.8350,60.0938
64592444,60.4287,59.9883
64915408,60.5781,62.7988
65239988,60.9355,68.0693
65566188,58.6475,58.1592
65894020,63.9834,70.1973
66223492,52.1123,59.5371
66554612,64.6084,68.4092
66887388,58.4219,60.3633
