4,1.0293,1.2607
8,1.9473,6.7373
12,2.2559,7.7559
16,2.2334,9.5342
20,2.8408,11.5645
24,2.7695,17.9561
28,2.7158,12.2979
32,2.7148,12.6895
36,3.2197,13.2998
40,3.2148,12.9951
44,3.2139,14.1074
48,3.2275,14.6963
52,3.2207,54.4873
56,3.2295,15.7139
60,3.2236,16.0068
64,3.2227,16.3535
68,3.7070,16.5957
72,3.6982,41.7871
76,3.7002,16.6113
80,3.6934,16.7139
84,3.6914,16.7637
88,3.7295,16.8418
92,3.6934,17.4570
96,3.7041,17.8936
100,3.7061,18.4785
104,3.7031,16.7236
108,3.7393,15.8604
112,3.7012,15.9912
116,3.7471,15.6875
120,3.7393,16.3125
124,3.6992,16.2871
128,3.7002,16.8682
132,10.8672,17.0811
136,4.2324,17.2676
140,4.2324,17.2412
144,4.2344,17.4883
148,4.2412,17.4033
152,4.2061,17.5703
156,4.2158,17.6885
160,4.1924,17.3076
164,4.2090,17.5615
168,4.2012,17.3535
172,4.2100,18.0117
176,4.2246,18.0586
180,4.2344,17.9512
184,4.2188,17.7266
188,4.2109,18.2188
192,4.2021,18.8438
196,4.2041,18.7744
200,4.1953,18.4629
204,4.2168,19.0400
208,4.2168,18.8525
212,4.2178,19.8545
216,4.2021,19.9502
220,4.2031,19.7852
224,4.2002,19.2656
228,4.2236,20.1035
232,4.2363,20.8203
236,4.2402,20.6309
240,4.2344,69.8193
244,4.3145,24.5967
248,4.2422,22.5811
252,4.2031,22.3916
256,4.2510,22.3242
260,4.8535,22.6201
264,4.8096,22.4590
268,4.7100,21.8408
272,4.7148,19.2979
276,4.7217,19.4531
280,4.7061,19.9531
284,4.7100,18.6035
288,4.7207,19.5010
292,4.7246,18.7744
296,4.6924,19.0068
300,4.7158,18.3252
304,4.7148,19.2480
308,4.7256,17.9600
312,4.7227,18.7021
316,4.7197,18.7832
320,4.7109,19.6279
324,4.8174,19.0449
328,4.8154,19.1816
332,4.8369,19.8105
336,4.8145,19.7012
340,4.7988,19.4395
344,4.8008,19.5830
348,4.8223,19.5576
352,4.8164,19.9863
356,4.8428,19.1982
360,4.8027,20.2285
364,4.8018,20.4512
368,4.8135,19.5430
372,4.8184,19.8818
376,4.8096,20.0996
380,4.8037,20.1172
384,4.8174,20.8506
388,4.8232,20.5205
392,4.8232,21.1699
396,4.8184,20.7656
400,4.7969,20.6396
404,4.8320,20.8828
408,4.8203,21.0879
412,4.8057,20.6582
416,4.8223,21.4844
420,4.8262,21.1680
424,4.8174,21.3477
428,4.7979,21.3652
432,5.6807,20.2266
436,4.7227,20.9287
440,4.7148,20.9775
444,4.7148,21.6104
448,4.8252,22.2451
452,4.7266,21.5410
456,4.7070,20.9941
460,4.7148,21.4004
464,4.7266,21.7012
468,4.7188,21.6719
472,4.7227,21.5605
476,4.7158,21.4854
480,4.7197,21.4756
484,4.7178,22.1270
488,4.7080,22.6387
492,4.7354,21.7520
496,4.7217,21.6768
500,4.7051,22.1260
504,4.7188,22.0098
508,4.7129,22.7227
512,4.7178,23.9746
516,8.0723,23.5332
520,7.5000,24.1367
524,7.4014,24.4082
528,7.2158,23.7783
532,7.4346,24.8359
536,7.3672,24.5479
540,7.2734,25.0986
544,7.0547,22.5039
548,7.2559,22.2949
552,7.0088,22.2158
556,7.1572,22.0547
560,7.3506,21.7773
564,7.1914,21.4131
568,7.0693,21.4482
572,7.2227,22.0078
576,7.1797,22.3047
580,7.1377,22.2549
584,7.1504,21.3896
588,7.0791,21.8154
592,7.1572,22.0146
596,7.3105,22.4180
600,7.2783,21.9111
604,7.2227,21.6934
608,8.0332,21.2383
612,7.2441,22.4521
616,7.0908,22.2207
620,7.0244,22.1436
624,7.1230,22.1348
628,7.1748,22.3984
632,7.0166,21.9463
636,7.3135,23.0039
640,7.0762,21.3486
644,7.0986,21.8545
648,7.0215,22.3711
652,7.0684,22.3506
656,7.1836,21.9492
660,7.0742,22.1797
664,7.0547,22.2520
668,7.1895,22.2559
672,7.0635,22.2041
676,7.1826,22.1367
680,7.0088,22.4111
684,7.3262,22.2275
688,7.0703,23.4580
692,6.9453,22.4531
696,7.0830,23.2549
700,7.0625,22.9795
704,7.0820,22.8770
708,7.1299,22.0742
712,6.9951,22.1816
716,7.0742,22.5195
720,7.2480,22.3818
724,7.1855,22.8525
728,7.1279,23.0049
732,8.2324,23.9512
736,7.0840,22.6689
740,6.9893,22.2344
744,7.0039,23.2617
748,7.1113,23.3379
752,6.9365,23.0068
756,7.1406,23.2393
760,7.2783,24.1406
764,7.1641,22.9131
768,7.3350,24.2725
772,7.2500,22.9873
776,7.0020,22.7373
780,7.1680,23.8672
784,7.2568,23.6738
788,7.0625,24.0693
792,7.1992,22.8740
796,7.0107,23.8008
800,7.0098,23.7363
804,7.2432,23.1533
812,7.0264,23.3369
820,7.0625,23.5625
828,7.1836,24.0176
836,7.3516,117.3105
844,7.6523,24.7773
852,7.5967,24.7686
860,7.6494,25.0381
868,7.4951,80.6094
876,7.3008,24.7822
884,7.4180,24.1230
892,7.3008,24.2910
900,7.3418,23.2910
908,7.2803,23.9902
916,7.3516,24.5977
924,7.2881,24.4189
932,7.0859,23.6602
940,7.3037,25.6084
948,7.2891,25.1191
956,7.1816,25.3242
964,7.3301,34.0391
972,7.3975,25.1416
980,7.2803,25.0400
988,7.5967,25.2529
996,7.2832,24.8486
1004,7.2363,24.3848
1012,7.5000,25.6152
1020,7.2461,25.5928
1028,11.8301,27.1367
1036,11.1191,27.4434
1044,10.7480,27.4766
1052,10.5879,26.5195
1060,10.8770,26.6777
1068,10.8633,27.2031
1076,10.7979,27.1934
1084,10.4805,26.8525
1092,10.5488,27.0977
1100,10.3848,26.2324
1108,10.0439,25.5908
1116,9.9121,25.0850
1124,10.3906,32.0244
1132,10.3799,25.3613
1140,10.3418,26.1846
1148,9.8818,25.9238
1156,9.7383,24.5146
1164,10.0947,25.4814
1172,9.8438,25.3916
1180,10.2324,25.9863
1188,10.0361,25.2734
1196,10.2842,25.2012
1204,9.6045,25.1201
1212,10.8115,25.5537
1220,10.0547,25.9551
1228,9.9316,25.3965
1236,9.9951,25.2754
1244,10.2471,26.0908
1252,9.9082,25.7285
1260,9.9102,26.0762
1268,9.7559,25.3584
1276,9.9902,25.3330
1284,15.1758,26.2051
1292,10.0693,26.3672
1300,10.2305,26.5518
1308,52.3672,26.8682
1316,9.7324,25.8125
1324,10.0566,25.2764
1332,10.2070,26.9463
1340,10.1064,26.0391
1348,10.1240,25.9629
1356,10.2383,26.3789
1364,10.0703,26.0625
1372,9.6543,26.3486
1380,10.0039,26.2383
1388,10.0723,25.6006
1396,9.6113,25.6885
1404,9.9170,26.7080
1412,9.8613,25.4824
1420,10.0977,25.7471
1428,9.7109,30.8779
1436,10.2764,26.3965
1444,10.0293,26.2178
1452,10.3545,26.0898
1460,9.7842,26.0508
1468,9.8574,25.8438
1476,10.1084,25.9990
1484,9.7617,26.2832
1492,9.7910,25.9033
1500,9.8535,24.9590
1508,9.7744,27.1172
1516,9.9355,26.4600
1524,10.1113,26.8154
1532,10.0859,26.2383
1540,10.0596,26.2197
1548,10.2275,27.0703
1556,9.8857,27.0117
1564,9.9160,27.1943
1572,9.7207,25.6367
1580,10.0713,26.5215
1588,59.6113,26.8213
1596,9.8721,26.0938
1604,9.8945,26.5176
1616,10.2676,27.0713
1628,10.1299,26.0400
1640,9.8682,26.7559
1652,9.9844,26.4893
1664,10.1328,27.5146
1676,9.9229,27.5693
1688,9.6367,27.2178
1700,9.8809,26.4346
1712,9.5459,26.2813
1724,10.4941,27.6328
1736,10.0313,27.5059
1748,10.2764,27.4590
1760,9.9287,27.0693
1772,10.1416,26.2080
1784,10.1572,77.2002
1796,10.2168,27.3350
1808,10.2041,27.5029
1820,10.0537,26.8496
1832,9.8828,27.5850
1844,10.1504,27.0928
1856,10.4160,27.1250
1868,10.3135,28.4648
1880,10.0537,27.7314
1892,10.1191,27.5811
1904,9.8789,27.2842
1916,10.1455,28.0576
1928,9.6914,26.8311
1940,9.7891,27.2656
1952,10.6514,27.1455
1964,9.8330,27.7051
1976,9.7070,26.8652
1988,10.0938,28.5088
2000,9.6787,26.9092
2012,9.9561,35.6660
2024,10.4580,28.7285
2036,10.2109,27.9219
2048,10.2744,29.9707
2060,13.4150,30.0420
2072,12.8906,29.4258
2084,12.7490,29.2568
2096,12.5205,29.4082
2108,12.3496,27.8545
2120,12.8252,35.9736
2132,12.6357,29.1367
2144,12.8252,29.1455
2156,12.3369,33.3105
2168,12.8604,30.1484
2180,12.5518,29.1191
2192,12.4922,28.9678
2204,12.4629,29.2686
2216,12.5068,29.3223
2228,12.5488,29.8047
2240,12.6240,29.2852
2252,14.1367,29.6787
2264,12.6660,29.3389
2276,12.8350,30.2246
2288,12.5547,29.5625
2300,12.5215,29.5176
2312,12.5186,29.1699
2324,12.5430,34.7344
2336,12.6758,29.4600
2348,12.4746,28.6885
2360,12.3955,29.5840
2372,12.6201,30.3115
2384,12.3457,29.6670
2396,12.5391,29.6211
2408,12.7295,30.7510
2424,12.3271,28.9678
2440,12.5078,29.8281
2456,12.3174,29.5127
2472,12.3096,28.9785
2488,12.5850,29.0283
2504,12.4668,28.9199
2520,12.8477,30.1631
2536,12.2637,29.2656
2552,12.7939,29.9844
2568,14.8477,30.9209
2584,12.7285,31.0830
2600,12.5537,29.6611
2616,12.2432,29.0508
2632,12.1523,29.7354
2648,12.4375,29.4727
2664,12.3545,28.4580
2680,12.3926,29.2607
2696,12.2236,29.2842
2712,12.4111,43.3721
2728,12.7148,30.6318
2744,12.5977,29.8916
2760,12.1709,29.1025
2776,12.7695,29.5527
2792,12.5088,30.4238
2808,12.5479,30.6543
2824,12.5693,30.3350
2840,12.9209,30.9561
2856,12.6475,29.8682
2872,12.6885,30.2803
2888,12.5469,29.8154
2904,12.4961,30.4160
2920,12.5518,30.2451
2936,12.0996,37.4385
2952,12.7490,29.9980
2968,12.4609,30.2598
2984,12.8506,30.8643
3000,12.4072,30.2461
3016,12.3623,29.8398
3032,13.0918,30.6523
3048,12.3711,30.0449
3064,12.5811,30.0313
3080,12.6182,30.9121
3096,12.4961,30.2100
3112,12.6094,30.7949
3128,12.6621,30.7715
3144,12.6689,31.2266
3160,12.7012,30.3369
3176,12.4551,30.4658
3192,12.7549,30.0967
3208,12.5977,30.7588
3228,12.7695,30.4531
3248,12.3857,30.4756
3268,12.2646,30.2627
3288,12.9355,31.4844
3308,12.4033,29.9980
3328,12.3174,29.8994
3348,12.0928,29.3555
3368,12.3203,29.5518
3388,12.4092,30.4502
3408,12.3936,30.9473
3428,12.4824,30.3066
3448,12.3477,30.6494
3468,12.2607,30.5840
3488,12.1709,30.7354
3508,12.2217,30.1719
3528,12.4014,30.2002
3548,12.7041,31.1895
3568,12.1729,30.3945
3588,12.4990,30.0664
3608,12.1865,30.4707
3628,12.8633,31.3213
3648,13.5703,30.3936
3668,12.6006,30.8398
3688,12.3789,30.9814
3708,12.2734,31.1084
3728,12.5566,29.8740
3748,12.8418,30.8447
3768,12.9541,31.9512
3788,13.5225,31.3271
3808,12.3984,31.5439
3828,12.3584,30.8516
3848,12.1309,30.9443
3868,12.4570,31.3105
3888,12.2197,30.6104
3908,12.2793,30.9541
3928,12.0566,30.5977
3948,12.3574,31.6914
3968,12.2900,30.6602
3988,12.7012,31.1934
4008,12.3203,31.1689
4032,12.4326,31.2041
4056,12.7432,32.4727
4080,12.6895,31.7959
4104,16.0137,32.3887
4128,15.2412,33.0693
4152,15.1123,32.6475
4176,15.1338,32.7490
4200,14.4473,32.1045
4224,14.6445,31.2617
4248,14.5928,31.3564
4272,14.5752,30.8672
4296,15.1201,33.1074
4320,14.6133,31.2822
4344,14.7305,32.2070
4368,14.8496,31.8213
4392,14.3271,31.7412
4416,14.8408,31.8467
4440,14.6045,32.1270
4464,14.7422,31.8975
4488,14.7568,32.4463
4512,14.8770,32.7568
4536,14.9395,32.5059
4560,14.7178,31.7969
4584,15.0264,32.3916
4608,14.8018,32.6172
4632,15.0049,31.9844
4656,14.4688,31.6816
4680,14.6172,31.5527
4704,14.6338,32.2549
4728,14.7412,31.8145
4752,14.7373,32.3535
4776,14.4814,32.1113
4800,15.0537,32.5781
4824,14.6641,31.6387
4852,15.0117,31.8857
4880,14.8945,33.7695
4908,14.7178,32.7930
4936,14.8623,32.8008
4964,14.5518,32.3213
4992,14.5527,32.6055
5020,14.7412,32.1270
5048,14.6846,33.0068
5076,15.0371,32.7598
5104,14.7129,32.4355
5132,14.8613,33.1631
5160,15.0947,33.7891
5188,16.7490,32.9199
5216,14.4961,32.5996
5244,14.4111,31.7207
5272,14.5059,31.5078
5300,15.1914,33.4492
5328,14.3037,32.8828
5356,15.2109,31.3984
5384,14.5947,31.4336
5412,14.7969,32.3076
5440,14.5283,31.9834
5468,14.6650,31.7695
5496,14.5283,32.1553
5524,14.9893,32.7520
5552,14.9795,33.5557
5580,14.9375,32.7451
5608,15.0078,33.2305
5640,14.9072,32.2393
5672,14.8672,32.8164
5704,14.8086,32.6953
5736,14.8428,32.0137
5768,14.7412,36.7539
5800,15.1406,33.1279
5832,16.3613,34.5996
5864,15.0674,33.1904
5896,14.6855,33.3838
5928,14.8359,33.2588
5960,17.1689,32.2090
5992,14.6953,32.4404
6024,14.6992,32.7305
6056,14.6582,33.3574
6088,14.6338,32.8896
6120,14.8252,32.6973
6152,14.9072,32.8438
6184,14.9053,32.9834
6216,14.4678,33.0879
6248,14.8047,32.7783
6280,14.5176,32.9688
6312,14.9980,62.2188
6344,14.9434,33.5137
6376,15.2617,34.3516
6408,15.4766,33.3838
6444,15.3037,33.8320
6480,15.3594,34.5020
6516,14.8701,33.5986
6552,14.9688,34.2314
6588,15.6475,34.9092
6624,15.2139,34.0664
6660,15.1992,34.0469
6696,15.0078,34.5186
6732,15.0303,33.9814
6768,15.2725,34.8154
6804,14.9316,34.0078
6840,15.0068,33.6162
6876,15.3242,34.3965
6912,15.1553,34.2373
6948,14.9326,34.1221
6984,15.2988,34.4033
7020,15.0820,34.1865
7056,15.3223,35.1816
7092,15.2637,34.3184
7128,15.0537,33.6260
7164,14.7773,33.9873
7200,15.3477,34.4980
7236,14.5879,33.9844
7276,15.0439,35.0322
7316,15.2012,34.5898
7356,14.5693,34.3730
7396,14.7900,34.8936
7436,14.7637,32.9199
7476,15.0781,34.2520
7516,15.1230,33.4580
7556,15.2168,34.8301
7596,15.1445,34.6055
7636,15.0928,34.0146
7676,15.1387,34.8828
7716,15.1963,36.0693
7756,15.6270,34.6709
7796,15.3320,34.9023
7836,15.0195,34.4922
7876,15.5518,35.3750
7916,15.1289,35.5918
7956,15.1602,35.6035
7996,14.6631,34.8633
8036,14.8604,34.6582
8080,14.9033,34.2178
8124,14.8789,34.6689
8168,15.2559,34.8486
8212,20.5146,35.5791
8256,19.8984,35.5703
8300,20.1484,35.3740
8344,20.0801,35.4160
8388,20.1670,35.6621
8432,20.0908,35.8311
8476,19.7393,35.2139
8520,19.6865,34.9248
8564,19.5010,35.0293
8608,20.1963,36.1465
8652,20.0430,35.9395
8696,20.0254,36.0137
8740,20.1289,34.6602
8784,19.4453,39.9053
8828,20.2373,35.7598
8876,19.4395,35.0537
8924,19.1738,34.4727
8972,20.2148,36.5947
9020,19.9033,35.9648
9068,19.7705,35.1289
9116,20.2471,36.9346
9164,19.5898,35.2666
9212,17.5137,35.1934
9260,17.6934,34.9570
9308,17.2422,35.0957
9356,17.5752,35.3467
9404,17.6855,35.4336
9452,17.4277,35.2510
9500,17.2109,35.5693
9548,17.5977,35.5977
9596,17.4619,35.6514
9644,17.8604,35.1162
9696,18.8193,38.0205
9748,17.1250,35.1123
9800,18.3301,36.2852
9852,17.0234,34.3105
9904,17.7041,35.6738
9956,24.1357,34.9072
10008,17.1270,35.0645
10060,17.5332,34.8408
10112,17.6221,34.4795
10164,17.5557,36.2158
10216,17.6406,35.8281
10268,17.8301,35.7324
10320,17.8525,35.8857
10372,17.8662,35.5596
10424,17.6582,35.4199
10480,17.6621,36.0215
10536,17.5586,35.4561
10592,17.5752,35.1104
10648,17.8496,35.2520
10704,17.2744,35.5361
10760,17.5986,35.8408
10816,18.0791,35.8877
10872,17.7539,36.1777
10928,17.4092,35.4434
10984,17.3662,35.7139
11040,17.7178,36.5410
11096,17.6758,35.4834
11152,17.2305,35.2412
11208,17.7666,36.6113
11268,18.1045,36.5566
11328,17.8945,36.5156
11388,17.3916,35.8252
11448,17.6621,35.7354
11508,17.0195,35.2412
11568,17.3965,35.3643
11628,17.6084,35.7764
11688,17.7861,35.3877
11748,17.7998,36.3975
11808,16.8662,34.5537
11868,17.6484,36.8008
11928,18.0791,36.1797
11988,17.5176,35.8662
12048,17.4971,36.4883
12112,18.0264,36.9326
12176,17.8057,36.2988
12240,17.5010,36.0781
12304,17.7930,36.3242
12368,17.4814,36.0742
12432,17.5615,36.6621
12496,17.4404,36.3984
12560,17.6895,35.3857
12624,17.4365,36.2061
12688,17.6143,35.5791
12752,17.5020,35.9873
12816,17.0215,36.4277
12884,17.7432,37.0010
12952,17.6758,36.6602
13020,17.6582,36.0078
13088,17.6641,36.8896
13156,17.9014,37.3799
13224,18.1416,36.8193
13292,17.5264,35.8184
13360,17.4336,36.5088
13428,17.7520,36.7021
13496,17.5771,35.8184
13564,17.7803,37.7520
13632,17.4346,36.5498
13704,17.5947,36.7598
13776,17.4453,36.7012
13848,17.2871,46.0645
13920,17.7656,36.7627
13992,17.9131,37.6748
14064,17.3672,35.9854
14136,18.3506,37.6914
14208,17.8232,37.2959
14280,17.5742,36.9658
14352,17.6396,36.6328
14424,17.8125,37.6455
14500,17.7520,36.0313
14576,17.6816,37.0127
14652,17.4561,36.1758
14728,17.8945,38.4453
14804,17.6094,36.4199
14880,17.3379,36.9697
14956,17.4199,37.3447
15032,18.0742,38.4658
15108,18.2490,38.0459
15184,17.7461,37.9414
15260,17.5986,36.7715
15340,17.2324,35.8184
15420,17.6260,36.9297
15500,17.4521,37.0986
15580,17.8945,38.1963
15660,17.6699,37.0254
15740,17.5967,37.2188
15820,18.0127,38.7783
15900,18.0791,38.2344
15980,17.7920,36.9961
16060,17.4668,37.2129
16144,17.4014,36.1523
16228,17.9150,38.1162
16312,17.5986,36.7910
16396,25.2070,38.9941
16480,25.4150,38.7773
16564,23.1797,38.0264
16648,20.8838,38.3535
16732,21.0430,38.5029
16816,19.8359,36.8760
16904,19.9785,37.4756
16992,19.8887,36.9844
17080,20.3164,37.9619
17168,20.3477,38.0098
17256,20.5830,37.6826
17344,20.6445,37.8477
17432,20.2529,38.3027
17520,19.7070,36.7266
17608,19.8936,37.4063
17700,19.7842,36.5049
17792,20.1035,37.2090
17884,20.3047,38.2637
17976,20.4238,38.3145
18068,19.8242,36.6055
18160,20.2188,37.8193
18252,19.8770,37.7061
18344,20.4844,38.2080
18436,19.8525,42.7471
18532,20.1650,38.1641
18628,20.0449,37.3857
18724,19.9268,37.1885
18820,19.8145,37.8545
18916,20.4717,38.3574
19012,20.5527,39.5449
19108,20.2119,38.6758
19204,19.9609,37.4482
19304,20.6172,38.2051
19404,20.2773,38.7549
19504,20.0684,59.2266
19604,20.7061,39.0176
19704,20.3506,38.7939
19804,20.0059,37.5195
19904,20.4287,38.2617
20004,20.6621,38.1055
20108,20.0938,38.1826
20212,20.1582,38.4150
20316,20.2441,37.9395
20420,20.3623,38.4658
20524,19.6074,38.3457
20628,19.6250,37.0498
20732,20.0977,38.4814
20836,20.4150,37.6436
20944,20.7197,39.4170
21052,20.1797,38.3145
21160,20.4053,38.1768
21268,20.5352,38.0322
21376,20.1787,38.6348
21484,20.6260,38.7871
21592,20.3291,38.7891
21700,21.3086,38.5791
21812,21.2109,39.7266
21924,20.6533,38.7246
22036,20.1377,37.7021
22148,19.9189,37.9912
22260,20.4629,38.6514
22372,20.1055,37.3389
22484,20.2461,38.8242
22600,20.0586,37.6592
22716,19.7910,37.5859
22832,19.7656,37.9482
22948,20.0508,37.6914
23064,20.0811,38.0605
23180,20.3047,38.7334
23296,19.9258,37.7861
23416,19.8330,37.4473
23536,19.9668,38.7500
23656,19.7842,37.8135
23776,20.8057,40.8027
23896,20.5488,39.0547
24016,20.4961,39.3311
24140,19.9570,38.2715
24264,19.9316,37.8613
24388,19.4111,37.5059
24512,20.0254,38.7109
24636,19.6797,38.9961
24760,19.9619,38.4600
24884,19.9609,38.6191
25012,20.1523,39.3389
25140,19.9219,38.8604
25268,20.1641,39.1572
25396,19.7412,38.1807
25524,19.7930,38.1689
25652,19.7314,42.6787
25784,20.0898,37.8125
25916,20.2861,38.7207
26048,19.7949,38.4775
26180,19.7725,37.5225
26312,20.3545,39.3867
26444,20.3682,39.6729
26580,19.8916,40.4131
26716,21.0430,38.7666
26852,20.4619,39.5039
26988,20.5781,39.4863
27124,19.8496,38.9912
27260,24.2959,39.3203
27400,20.3086,39.1406
27540,20.6318,39.8486
27680,19.7275,38.8564
27820,20.3066,39.2529
27960,20.0596,39.4258
28100,19.8555,37.9355
28244,20.0811,38.7988
28388,20.3145,39.5068
28532,19.7969,38.4219
28676,19.9678,38.6904
28820,19.6289,38.6680
28968,20.1416,40.1113
29116,20.0879,39.3740
29264,19.9473,39.2783
29412,20.0117,39.8115
29560,20.8311,40.2432
29708,19.9219,39.6416
29860,19.7148,43.6816
30012,20.0957,39.3789
30164,28.0254,39.8965
30316,20.0195,39.5693
30468,20.3506,39.9053
30624,20.5869,40.0654
30780,19.7822,39.4834
30936,20.4893,39.9541
31092,19.1445,38.3516
31248,19.7744,39.5049
31408,19.8613,39.0859
31568,20.0098,38.8457
31728,19.7070,39.1816
31888,20.2793,40.0254
32048,19.9346,40.7842
32212,20.8623,40.5566
32376,21.1797,41.6055
32540,20.4043,40.3301
32704,20.0605,39.9082
32868,26.6855,40.6875
33036,24.9824,40.0205
33204,25.2949,39.7900
33372,25.1416,39.8984
33540,25.1475,40.9941
33708,24.3525,40.8477
33880,23.6787,40.8789
34052,23.8066,40.7139
34224,23.4111,40.6885
34396,22.5313,40.1533
34568,23.5605,41.2861
34744,23.1719,40.4697
34920,23.5508,41.1865
35096,23.6621,41.1680
35272,22.5313,44.2090
35452,22.0195,39.9893
35632,22.2656,39.7109
35812,23.5449,40.9990
35992,22.9336,40.3330
36172,22.7471,40.6279
36356,23.2432,39.6357
36540,23.7178,41.7236
36724,23.5410,40.4619
36908,23.2627,39.7686
37096,22.9824,41.0703
37284,22.6270,40.4795
37472,23.3721,41.3965
37660,23.2510,40.7070
37852,23.7227,41.3311
38044,23.6484,41.1670
38236,23.0020,40.0098
38428,24.0693,41.5664
38624,23.5781,41.1348
38820,23.6621,40.5303
39016,23.5508,40.7822
39212,23.1660,40.8750
39412,22.8184,40.6719
39612,21.8818,40.3154
39812,21.8936,39.0566
40012,22.0742,39.7256
40216,22.5039,40.1318
40420,23.1631,40.8906
40624,24.1025,41.5840
40828,22.7344,40.6660
41036,21.8359,40.0967
41244,24.2969,40.5625
41452,23.0059,39.3809
41660,23.7461,40.1240
41872,23.3770,39.8105
42084,23.5557,41.6670
42296,22.6992,40.2988
42508,22.5547,39.3408
42724,23.5273,41.5918
42940,24.0752,41.6348
43156,23.2627,39.9678
43372,23.1182,40.3086
43592,23.0986,40.2217
43812,22.9268,40.3037
44032,23.6436,41.8721
44256,23.5625,41.8105
44480,24.2861,42.2441
44704,23.4443,41.6182
44928,24.0098,41.6914
45156,23.2197,40.3770
45384,23.0967,41.0537
45612,22.9795,40.7656
45844,23.4414,41.7344
46076,23.7246,41.5146
46308,23.2588,41.0410
46540,22.8604,40.4502
46776,23.3213,41.7568
47012,22.8682,40.3008
47248,22.7656,40.2959
47488,22.6484,40.8037
47728,23.3613,41.6748
47968,30.4473,42.2920
48208,22.8652,41.1377
48452,22.7949,41.3633
48696,23.3281,41.1240
48940,22.7842,60.4121
49188,22.6104,40.8877
49436,23.0342,42.2598
49684,22.9102,40.9385
49936,23.0508,42.9619
50188,24.2793,42.3730
50440,23.4219,45.2646
50696,22.7412,40.9580
50952,23.5234,41.9580
51208,23.0918,42.1191
51468,24.0049,43.5352
51728,23.5762,43.0127
51988,23.1904,41.9746
52248,22.6211,40.9219
52512,23.1797,42.0674
52776,22.7871,41.1680
53040,23.3564,42.2129
53308,22.9775,42.5225
53576,23.2715,42.0498
53844,23.7119,42.5781
54116,22.9707,42.1221
54388,22.8857,41.8945
54660,22.9922,41.7441
54936,22.4473,41.2041
55212,22.6875,40.9209
55492,23.2998,42.4492
55772,23.3311,43.1982
56052,24.0078,42.5410
56336,23.4531,41.8779
56620,24.0078,42.9473
56904,23.7764,42.9668
57192,23.3682,42.2168
57480,23.7158,42.4316
57768,23.2373,42.0205
58060,23.4863,42.2422
58352,22.6514,40.6338
58644,23.6953,43.5840
58940,22.9600,43.5654
59236,23.4961,43.1084
59536,22.8789,41.7988
59836,22.7471,41.7080
60136,23.5537,42.8574
60440,23.0469,41.6738
60744,22.8535,41.7090
61048,23.2676,44.0225
61356,24.0615,42.4854
61664,23.0791,42.9756
61976,23.1816,42.2480
62288,22.9160,42.8008
62600,23.0430,43.0703
62916,23.4736,42.8008
63232,23.5371,43.3047
63552,22.9150,42.2314
63872,23.2197,42.2070
64192,22.6924,42.1895
64516,23.7578,43.2900
64840,22.8799,42.7422
65168,22.7764,41.9863
65496,23.1826,42.7617
65824,30.5059,44.9688
66156,29.3203,43.3809
66488,29.0088,43.3525
66824,28.3008,42.5625
67160,28.8135,44.5078
67496,28.1934,43.2432
67836,27.6299,43.5938
68176,27.7588,44.2734
68520,27.3828,44.6035
68864,27.5293,43.6963
69212,27.1504,43.0996
69560,27.5625,43.5479
69908,27.7900,43.3867
70260,26.6309,42.4854
70612,26.3975,42.9766
70968,27.2646,44.3359
71324,26.3281,42.3877
71684,26.7100,43.4727
72044,27.2480,43.7422
72408,27.2285,43.8398
72772,26.1182,42.4795
73136,27.0781,106.6758
73504,27.4102,44.0049
73872,27.6436,45.2852
74244,26.6641,43.0693
74616,26.2324,43.6270
74992,27.7529,44.2988
75368,26.9336,43.8340
75748,26.8145,43.4834
76128,26.8906,43.1953
76512,27.0654,43.2803
76896,27.3184,44.9941
77284,26.7363,43.5107
77672,27.0703,44.4385
78064,26.8945,44.7344
78456,26.9834,44.1260
78852,28.0645,45.7373
79248,26.8945,43.7998
79648,26.9463,44.2744
80048,27.0098,43.9912
80452,26.4365,53.6748
80856,26.7861,44.7617
81264,27.0586,43.9199
81672,26.8320,44.6543
82084,27.1133,44.2031
82496,26.6045,44.2383
82912,27.0576,44.1152
83328,26.8994,43.5068
83748,26.2080,44.0430
84168,26.4141,44.1309
84592,26.4063,45.1045
85016,26.8691,44.4775
85444,26.1445,44.3867
85872,26.8857,44.7529
86304,26.5420,44.8027
86736,26.8193,45.6611
87172,26.5537,44.2988
87608,27.3457,46.0098
88048,25.6797,47.7959
88492,24.9854,42.7627
88936,26.9902,45.3027
89384,26.4561,45.5889
89832,26.0381,43.8125
90284,25.8086,43.3857
90736,26.9072,44.7939
91192,27.5449,45.4854
91648,25.7871,43.9814
92108,26.5117,45.5762
92572,26.0801,44.9512
93036,26.6904,45.9033
93504,26.3652,44.2158
93972,27.6436,45.5488
94444,26.5947,44.9590
94920,27.0303,45.6758
95396,26.7314,45.5322
95876,26.1748,44.3145
96356,26.8115,44.8623
96840,26.9082,45.8525
97328,26.2188,44.3184
97816,26.4980,44.8105
98308,26.6689,45.6641
98800,27.1240,46.5137
99296,26.5801,45.2725
99796,25.2939,43.0576
100296,26.8486,45.3525
100800,26.7549,46.2803
101304,26.3896,45.1602
101812,26.6924,44.8115
102324,26.5332,46.6680
102836,28.7939,46.3271
103352,28.5742,45.9678
103872,27.3076,44.4023
104392,27.5977,44.9336
104916,29.3037,46.2998
105444,27.9248,45.2148
105972,27.4229,45.1445
106504,27.3398,45.1777
107040,27.9482,50.6035
107576,27.8428,45.7070
108116,28.4219,47.4717
108660,27.3496,45.7754
109204,27.6709,45.8438
109752,28.2344,47.0117
110304,28.2969,48.4580
110856,26.9561,45.9307
111412,26.7705,45.7568
111972,26.5098,46.0557
112532,26.5176,46.9971
113096,26.2480,46.0928
113664,25.5293,44.9600
114236,26.9189,48.1113
114808,48.4648,46.1973
115384,26.7207,45.8447
115964,26.7295,47.0664
116544,27.8760,47.8145
117128,27.1123,46.4297
117716,25.6885,44.9160
118308,26.6514,46.1592
118900,27.6807,46.4111
119496,26.5742,46.1943
120096,27.3359,46.1016
120700,26.8135,46.0605
121304,26.7998,46.5352
121912,27.1729,47.5098
122524,26.9277,46.4863
123140,27.1045,47.4424
123756,26.2617,45.4795
124376,27.0527,47.0098
125000,26.7773,47.2119
125628,27.0654,47.7002
126260,26.8691,46.5615
126892,27.6250,47.6914
127528,26.6875,44.9434
128168,26.9414,46.6895
128812,27.7754,47.9971
129460,27.0801,46.7109
130108,26.9199,46.5156
130760,27.8301,47.2021
131416,32.6592,47.1133
132076,32.2559,46.7607
132740,32.9375,48.0000
133404,31.1914,47.3896
134072,31.1055,46.6738
134744,31.0967,52.6133
135420,31.8867,47.2832
136100,31.8936,47.5977
136784,31.3037,46.4365
137468,31.1846,47.6836
138156,30.0488,44.9072
138848,31.5459,47.4727
139544,30.4658,47.6650
140244,31.5703,47.2021
140948,31.7383,47.4014
141656,31.7637,48.0439
142368,30.6123,48.2695
143080,30.6309,47.9951
143796,30.6221,48.0684
144516,30.7627,46.9160
145240,30.3633,48.1865
145968,31.5371,48.7744
146700,30.5244,47.7061
147436,29.9150,50.1553
148176,30.3018,47.7959
148920,30.1348,47.7979
149668,29.9521,47.4961
150420,31.5996,48.5391
151176,30.8652,48.3516
151932,30.8105,48.7676
152692,29.5820,47.1621
153456,30.7441,48.8896
154224,30.1846,46.4814
154996,30.9336,50.0664
155772,33.4277,48.2305
156552,32.9883,49.1572
157336,33.3232,48.9961
158124,32.2861,48.8076
158916,32.4639,47.9395
159712,31.9609,47.6348
160512,32.0938,48.1934
161316,31.9102,47.8398
162124,31.3311,48.0342
162936,31.2100,47.4766
163752,31.2998,48.3535
164572,31.6084,47.6787
165396,31.6895,100.9277
166224,33.2637,51.0557
167056,32.1348,49.6250
167892,31.4326,49.0859
168732,31.1279,48.8623
169576,30.5225,48.1143
170424,31.0664,48.8887
171280,30.9395,48.8496
172140,31.2471,48.6670
173004,30.1152,54.3965
173872,30.7754,48.9004
174744,32.5693,50.4502
175620,30.9648,48.9258
176500,30.2744,49.0117
177384,30.9268,48.0010
178272,30.1553,48.0957
179164,30.0596,47.5977
180060,31.0781,49.2402
180964,29.9902,46.6797
181872,36.8125,50.3311
182784,30.7168,48.7988
183700,31.1514,47.8604
184620,31.0879,49.6523
185544,30.8633,47.9658
186472,30.7139,49.2256
187408,31.4834,49.8604
188348,31.0049,48.2285
189292,31.2402,49.8145
190240,31.3799,54.8477
191192,30.8193,48.0049
192148,31.3506,49.5693
193112,31.5000,49.8301
194080,30.9502,48.2383
195052,31.2832,50.4873
196028,30.1299,48.9443
197012,31.1338,49.9111
198000,29.8643,49.2441
198992,30.5879,49.7148
199988,30.5762,49.6543
200988,31.2881,51.6279
201996,30.4111,49.2939
203008,31.2227,49.7852
204024,30.7578,50.1689
205048,31.3438,51.0557
206076,31.9971,50.0723
207108,31.5576,50.3076
208144,31.1406,49.4639
209188,37.3184,49.3291
210236,29.7627,49.3594
211288,30.2402,49.6025
212348,30.6289,50.5283
213412,31.4482,51.1494
214480,29.9121,48.3877
215556,29.9863,49.4619
216636,30.6602,48.8574
217720,29.5518,48.3887
218812,36.5127,50.7373
219908,30.3408,50.3564
221008,31.5879,51.5381
222116,32.4502,51.6865
223228,33.2334,52.8359
224348,31.8320,50.5635
225472,31.3906,50.7920
226600,30.4541,50.0615
227736,30.0635,48.7725
228876,62.3789,55.0068
230024,30.4121,49.1738
231176,30.6963,49.7920
232332,31.4990,50.4561
233496,29.5107,55.4795
234664,30.3906,48.9551
235840,30.7139,50.7148
237020,29.8252,49.0459
238208,29.9326,48.8320
239400,30.0898,50.0674
240600,30.7148,49.8564
241804,30.2803,49.5176
243016,30.5850,49.8623
244232,31.0537,55.6182
245456,31.4297,50.5938
246684,32.7275,51.8770
247920,32.3359,61.2070
249160,31.7334,51.2402
250408,32.2051,51.7871
251664,32.6152,51.7412
252924,30.9463,49.9512
254192,31.2646,50.2148
255464,30.9902,59.2910
256744,30.6143,50.0479
258028,30.8770,50.4727
259320,30.7920,51.3018
260620,30.8994,50.6113
261924,31.7363,51.2773
263236,34.9219,51.2217
264556,35.3467,51.9111
265880,35.5137,50.7744
267212,34.9707,58.1016
268552,35.6309,52.0557
269896,35.0654,52.0762
271248,34.6162,50.6250
272608,34.9043,50.5234
273972,35.4189,50.0908
275344,35.3564,49.9355
276724,33.8701,49.0215
278108,34.6768,50.1436
279500,41.4961,52.7246
280900,35.2305,50.6641
282308,35.3135,51.9355
283720,35.9355,52.5801
285140,35.3232,51.8760
286568,35.0029,51.2871
288004,36.0137,52.2275
289448,34.0771,50.0186
290896,33.7246,50.2480
292352,34.7393,51.1406
293816,34.8154,51.3008
295288,34.1670,50.1143
296768,34.9072,51.8076
298252,35.0850,51.9268
299744,35.0449,52.0410
301244,34.4990,52.4082
302752,34.8623,51.5303
304268,35.9053,58.1836
305792,34.4336,51.0752
307324,34.9268,52.4912
308864,35.3496,53.1846
310412,36.0430,71.0537
311968,33.5107,51.0518
313528,33.1719,51.1367
315096,34.8770,51.6309
316672,40.0557,52.0850
318256,35.2588,52.0928
319848,34.2168,51.0996
321448,35.5166,52.8477
323056,34.7910,51.5996
324672,33.8379,50.9854
326296,35.1709,52.2266
327928,34.1924,51.2051
329568,34.4736,50.6631
331216,41.2256,51.6406
332876,33.3457,51.2676
334544,32.2627,49.3799
336220,33.0869,50.5264
337904,33.2021,50.9004
339596,32.8330,51.6777
341296,33.8896,51.5537
343004,34.1523,51.8525
344720,33.4141,53.2861
346444,32.7266,50.2432
348180,33.7305,52.3271
349924,34.3916,51.2783
351676,34.6133,52.4453
353436,35.0303,52.4746
355204,33.9482,51.7061
356984,33.9102,50.8643
358772,33.0957,50.2295
360568,34.4531,58.5098
362372,33.8213,51.6963
364184,34.9238,51.7471
366008,33.7314,50.4170
367840,33.8232,51.3574
369680,32.5674,49.4707
371532,33.8223,50.8564
373392,33.8887,51.8965
375260,33.8203,51.3779
377140,34.7080,53.0381
379028,35.4883,54.1787
380924,35.2715,54.4873
382832,34.4219,53.9414
384748,33.6211,52.3457
386672,32.9463,50.4590
388608,33.3857,52.5273
390552,33.0215,50.8594
392508,33.6709,53.7285
394472,34.3994,53.0791
396448,32.8232,50.0088
398432,33.6143,52.8174
400428,34.3330,52.5342
402432,34.2373,53.2393
404448,33.1699,51.0742
406472,32.3965,50.1553
408508,33.7949,52.6396
410552,35.2021,54.6846
412608,32.8691,51.2178
414672,33.8691,52.9395
416748,33.8789,53.0332
418832,33.4795,51.3340
420928,34.1875,51.8281
423036,34.6475,53.1885
425152,34.2607,51.5615
427280,33.4434,53.1387
429420,34.3262,51.2520
431568,35.1895,53.5098
433728,33.8916,53.9287
435900,33.7881,52.3330
438080,33.6172,52.3047
440272,32.7813,52.4580
442476,33.7559,53.3066
444692,33.7725,52.6289
446916,33.5107,53.1826
449152,34.0664,53.2500
451400,34.9287,52.6748
453660,34.9365,52.6914
455932,34.6924,59.0234
458212,33.7393,53.3818
460504,33.9795,53.6416
462808,33.9004,53.4365
465124,34.1279,53.0596
467452,32.8789,51.7363
469792,33.4092,52.6934
472144,33.7705,53.0410
474508,35.5459,52.7764
476884,34.7715,53.0645
479272,33.6299,52.7998
481672,35.6592,53.7764
484084,35.3008,53.4541
486508,34.7480,53.2393
488944,33.9023,51.9854
491392,35.2939,55.3613
493852,35.0977,60.7373
496324,34.3164,52.7793
498808,33.7578,52.5771
501304,34.9092,54.7588
503812,33.3789,52.8691
506332,34.1758,53.6094
508864,34.7432,53.5762
511412,35.0625,54.2139
513972,34.6270,55.8027
516544,34.8633,54.8271
519128,35.0439,54.4531
521724,33.7686,53.4561
524336,44.2529,58.4268
526960,39.0908,54.7676
529596,38.5703,54.6299
532244,39.3057,54.8105
534908,39.9424,57.4775
537584,37.8281,54.1787
540272,38.9355,54.7178
542976,41.3838,54.2920
545692,37.9814,53.1670
548424,37.5918,53.2441
551168,39.0996,56.3701
553924,37.6016,57.0059
556696,37.0068,54.2451
559480,36.6621,52.9150
562280,37.9395,54.9600
565092,37.2520,53.7705
567920,38.3701,55.1006
570760,36.7832,53.6602
573616,37.8389,56.2471
576488,37.0547,53.8320
579372,37.8027,54.5000
582272,37.7783,54.8291
585184,37.1943,54.7910
588112,36.6807,53.2949
591056,36.4873,61.0908
594012,38.8799,59.1240
596984,40.1309,57.1143
599972,38.8057,56.4092
602972,38.1650,55.7422
605988,38.8857,56.0674
609020,39.3223,56.9902
612068,39.1670,56.0859
615132,39.6758,58.2119
618208,169.3789,55.1777
621300,38.8350,56.1270
624408,46.8115,56.8389
627532,40.4160,56.8008
630672,39.2510,55.9834
633828,39.6309,56.1553
637000,38.6084,55.6758
640188,39.0000,55.8262
643392,38.8936,55.4727
646612,39.4023,56.9814
649848,39.3760,55.3281
653100,38.2783,55.7822
656368,38.3672,56.0234
659652,39.2793,57.1406
662952,38.3428,56.4033
666268,39.0781,57.8174
669600,37.9316,56.9707
672948,39.9229,59.7637
676316,37.3848,56.2666
679700,38.1904,58.5420
683100,38.7559,56.8721
686516,38.0977,56.0039
689952,38.9619,57.0283
693404,40.4307,57.7549
696872,39.2441,57.6074
700360,39.0947,61.3164
703864,37.9600,55.0498
707384,38.3369,56.2715
710924,39.6377,57.1016
714480,38.1436,55.9434
718056,38.0977,55.3975
721648,38.5088,57.1074
725260,39.1152,57.3545
728888,39.2324,56.9922
732536,38.4443,56.3643
736200,38.9229,57.3848
739884,38.8506,56.8418
743584,41.2305,57.8467
747304,40.6016,55.9971
751044,41.7236,58.2646
754800,40.8965,57.1592
758576,40.4707,83.3936
762372,41.7959,57.7354
766184,40.4844,57.3799
770016,40.6016,60.7666
773868,40.0752,55.7617
777740,40.0039,55.6982
781632,40.4102,57.1016
785544,41.3652,57.4639
789472,38.0146,58.0615
793420,37.5967,56.1240
797388,38.1582,57.0098
801376,38.1484,58.2090
805384,38.6621,58.7227
809412,38.4844,58.3408
813460,37.6973,56.9434
817528,39.4199,57.7197
821616,38.4512,57.2158
825728,39.3398,57.6738
829860,39.8857,64.7090
834012,40.6162,60.3770
838184,40.9482,60.9434
842376,39.7930,57.8174
846588,38.8154,57.0313
850824,38.6670,56.4180
855080,39.6143,57.8457
859356,38.8447,58.5615
863656,40.5508,60.8877
867976,39.0869,58.0303
872316,39.3535,59.5508
876680,40.2100,59.2080
881064,39.8174,58.3965
885472,39.3633,58.4590
889900,39.0381,58.1299
894352,39.5996,58.5352
898824,40.2344,59.2646
903320,38.2998,57.5029
907840,38.6172,56.9736
912380,39.7090,59.0889
916944,39.7178,58.1553
921532,40.2959,60.6621
926140,39.4736,59.2383
930772,39.6914,59.8916
935428,39.6416,59.4512
940108,40.9814,60.4160
944812,40.9072,59.8545
949540,39.9443,57.9199
954288,39.3574,58.7617
959060,39.3848,58.4863
963856,39.1123,57.9463
968676,40.0273,59.2744
973520,39.5078,60.8838
978388,39.6865,66.5791
983280,38.3066,58.2568
988200,39.3555,59.4199
993144,39.5078,60.1592
998112,40.2627,60.6553
1003104,39.1445,60.4795
1008120,40.1338,60.7881
1013164,38.9492,59.6055
1018232,39.9805,61.7988
1023324,38.2646,57.9561
1028444,39.4717,59.9580
1033588,39.9336,61.1699
1038756,37.8887,58.1348
1043952,38.9971,58.8467
1049172,45.9121,63.9307
1054420,44.3955,59.7832
1059696,44.6162,62.1309
1064996,44.4658,61.4316
1070324,50.6592,75.4385
1075676,44.6035,60.3594
1081056,43.3428,61.8213
1086464,44.0195,60.3115
1091900,43.3281,59.6104
1097360,43.0449,60.8408
1102848,43.8320,61.3232
1108364,45.0889,62.0332
1113908,42.6777,57.3301
1119480,43.2158,59.9863
1125080,43.3867,61.0186
1130708,53.3418,61.5771
1136364,43.8066,61.3506
1142048,43.1494,61.3008
1147760,42.8291,61.8848
1153500,44.0020,62.2119
1159268,43.7178,61.8975
1165068,45.0020,63.7637
1170896,43.3975,61.1367
1176752,43.7754,61.2510
1182636,42.9570,61.7188
1188552,44.1816,63.3389
1194496,43.9844,63.0254
1200472,43.7871,62.7578
1206476,43.6875,62.3281
1212512,42.3984,60.7568
1218576,44.3301,64.7129
1224672,44.8301,61.8574
1230796,44.9512,63.1436
1236952,44.7119,63.9063
1243140,44.6162,61.4473
1249356,43.2852,60.6777
1255604,43.0205,61.3340
1261884,43.9473,63.6162
1268196,43.7969,63.0469
1274540,45.4473,64.3994
1280916,43.9268,62.0479
1287324,44.6641,62.5488
1293764,43.7285,63.8018
1300236,50.0176,62.8916
1306740,44.2510,61.9746
1313276,44.9287,64.6924
1319844,44.6260,63.4551
1326444,44.2705,62.4492
1333080,43.7500,62.3018
1339748,44.5098,62.7881
1346448,44.1816,62.2490
1353184,43.3701,62.2754
1359952,45.1064,65.5078
1366752,45.3877,63.8252
1373588,43.2119,62.1973
1380456,45.2842,63.0820
1387360,44.8047,63.7051
1394300,44.4648,63.4678
1401272,46.0117,64.4180
1408280,44.5850,63.6074
1415324,44.4199,62.2197
1422404,44.0693,62.8984
1429520,43.5410,64.2559
1436668,44.4111,68.0801
1443852,45.8623,65.8398
1451072,44.8418,63.9502
1458328,44.3252,64.5078
1465620,44.9521,66.1729
1472952,44.0684,64.3691
1480320,44.8945,71.7861
1487724,44.8330,64.5742
1495164,43.7334,63.8086
1502640,44.5391,64.0195
1510156,45.2354,66.1309
1517708,45.3672,67.3164
1525300,47.7939,64.7959
1532928,48.3564,65.6729
1540596,46.6367,63.7256
1548300,47.9375,65.0713
1556044,47.4209,63.9453
1563828,45.9033,63.6699
1571648,47.6279,66.3809
1579508,48.1221,64.3584
1587408,47.3135,65.4678
1595348,47.0791,65.2969
1603328,54.2510,67.0977
1611348,47.3672,64.8691
1619408,47.5938,65.5469
1627508,47.8984,65.2100
1635648,46.9443,65.3359
1643828,43.5605,63.7383
1652048,45.6270,66.5029
1660312,45.5107,65.4893
1668616,44.6484,66.2627
1676960,47.1787,67.1904
1685348,46.2871,68.7158
1693776,46.5156,68.3896
1702248,45.5381,66.7529
1710760,46.3506,68.3545
1719316,43.7266,65.0498
1727916,45.5010,66.2549
1736556,46.5410,67.3506
1745240,45.8203,66.7012
1753968,45.1455,66.0771
1762740,45.6113,68.1914
1771556,45.5342,66.9131
1780416,45.3105,68.5684
1789320,46.5088,67.8447
1798268,46.3926,66.6523
1807260,45.0850,66.2344
1816300,45.3232,66.8096
1825384,46.7451,69.7256
1834512,46.5967,68.7021
1843688,46.9180,68.7539
1852908,54.6406,66.9141
1862176,46.3262,68.1064
1871488,46.8389,69.5986
1880848,46.3242,67.7715
1890256,45.1826,66.7412
1899708,46.2021,67.7744
1909208,47.5283,69.4512
1918756,46.8691,69.8838
1928352,46.3037,67.1211
1937996,46.8516,69.7041
1947688,46.7002,69.1338
1957428,45.5166,67.1768
1967216,46.3896,68.7686
1977056,44.6553,66.4170
1986944,47.2803,70.4199
1996880,47.5732,68.4775
2006868,47.1494,67.1240
2016904,47.7578,69.8301
2026992,49.7422,72.6162
2037128,46.5986,69.3359
2047316,46.7539,75.8291
2057556,48.8281,71.3789
2067844,46.3506,68.2363
2078184,47.9492,69.2383
2088576,46.5479,68.7744
2099020,54.7363,73.1338
2109516,53.1582,71.9463
2120064,51.9961,69.3926
2130668,50.3389,68.7617
2141324,51.6816,69.9590
2152032,51.4756,69.2041
2162796,49.9229,68.9033
2173612,49.8994,70.1836
2184484,50.2607,68.9082
2195408,52.2676,72.3730
2206388,51.1426,72.5088
2217420,51.3369,70.1006
2228508,50.8115,70.5537
2239652,50.0898,68.8232
2250852,49.7988,71.4033
2262108,53.4180,72.7168
2273420,51.7402,72.7881
2284788,53.3828,72.8955
2296212,52.4980,71.7529
2307696,52.0264,72.0234
2319236,54.4531,73.9033
2330836,52.2510,111.1289
2342492,52.7129,74.1445
2354208,52.5527,74.0762
2365980,51.7813,72.8350
2377812,50.6221,85.4541
2389704,50.9424,84.3105
2401656,69.4580,76.3594
2413668,50.2832,70.6738
2425740,49.5996,84.1279
2437872,49.3389,69.9541
2450064,48.5293,68.8633
2462316,50.0820,70.4678
2474628,49.5674,78.3477
2487004,50.2578,72.1436
2499440,51.2119,72.4580
2511940,50.6270,70.3340
2524500,50.2461,72.9111
2537124,49.3682,70.5938
2549812,50.3633,71.7383
2562564,50.5889,72.4863
2575380,48.7031,70.3828
2588260,48.8232,70.8760
2601204,48.4170,69.6064
2614212,48.5088,69.8721
2627284,57.8770,71.6045
2640424,49.1943,71.7549
2653628,50.5293,73.2158
2666900,48.8330,70.8584
2680236,58.0713,72.8828
2693640,50.7363,72.3896
2707112,48.6094,70.3926
2720648,51.2627,72.4229
2734252,50.3438,71.9844
2747924,49.0879,70.9873
2761664,51.7715,73.3496
2775476,49.8096,78.9902
2789356,52.0469,74.5527
2803304,131.9941,71.9668
2817324,50.8516,72.9688
2831412,50.9277,73.4424
2845572,50.1973,71.9668
2859800,50.4082,71.9648
2874100,51.3486,80.9111
2888472,50.0205,72.8291
2902916,50.9170,73.6055
2917432,52.7813,73.8369
2932020,51.7334,72.8086
2946684,51.6396,72.6816
2961420,52.6025,73.8428
2976228,53.3545,74.5664
2991112,53.3652,74.2139
3006068,52.0410,72.5098
3021100,50.0664,69.4814
3036208,51.5859,74.7725
3051392,51.5615,73.6416
3066652,52.8418,75.2080
3081988,50.4482,71.7930
3097400,98.8125,70.9570
3112888,49.8174,71.9580
3128456,50.9033,73.8203
3144100,53.3516,71.2383
3159824,49.5869,73.8018
3175624,48.3281,70.5146
3191504,46.9375,69.5879
3207464,48.7842,70.7246
3223504,50.5264,76.9160
3239624,49.4229,73.1836
3255824,53.6816,73.2490
3272104,49.6650,73.2012
3288468,48.9980,70.7178
3304912,62.2520,77.6836
3321440,51.0664,73.1494
3338048,50.4258,73.2910
3354740,49.5059,72.2344
3371516,54.9893,73.0078
3388376,50.5908,73.7119
3405320,49.3252,77.9365
3422348,53.0781,73.5693
3439460,49.9697,74.1201
3456660,49.1250,73.3594
3473944,52.0313,77.3828
3491316,49.6338,72.7910
3508776,50.7773,74.1787
3526320,49.9404,75.8398
3543952,49.9160,72.5996
3561672,50.7793,75.3418
3579484,49.0820,73.4199
3597384,62.0859,79.4824
3615372,51.7070,74.7490
3633452,51.6660,74.6914
3651620,52.1631,75.9365
3669880,54.9111,77.7705
3688232,51.9326,76.5889
3706676,56.1377,75.3027
3725212,66.1377,78.5254
3743840,51.9844,76.0186
3762560,53.8574,80.0771
3781376,51.0576,75.2832
3800284,52.5293,77.6084
3819288,54.0576,79.5361
3838388,54.5557,80.0820
3857580,54.2207,79.1328
3876868,107.4063,80.9082
3896256,53.6553,79.6543
3915740,53.3096,79.6270
3935320,54.9014,77.2109
3955000,54.0703,78.6543
3974776,55.2422,80.9443
3994652,56.0693,81.0088
4014628,54.7930,81.8799
4034704,54.2314,77.3105
4054880,53.6055,78.4404
4075156,53.5527,77.9990
4095532,53.3975,79.0469
4116012,52.6387,77.7656
4136596,54.2051,79.8975
4157280,55.7275,83.0430
4178068,54.5791,80.5615
4198960,64.0127,84.4326
4219956,61.8008,81.6768
4241056,58.4902,77.4932
4262264,59.0029,79.0674
4283576,59.8975,80.2334
4304996,62.7432,84.2734
4326524,58.7314,78.5313
4348160,58.9941,78.3701
4369904,59.0859,78.3086
4391756,61.5234,81.7480
4413716,60.5371,80.8691
4435788,60.8887,81.3359
4457968,60.6318,83.4424
4480260,62.3154,83.5420
4502664,61.7646,81.7852
4525180,59.2178,80.3711
4547808,59.9209,79.6943
4570548,60.1211,81.2041
4593404,58.9336,80.8887
4616372,60.1035,81.8193
4639456,60.5293,82.1816
4662656,59.7754,80.6328
4685972,58.1563,79.3711
4709404,58.5449,81.1885
4732952,59.2061,79.7080
4756620,60.0078,80.9092
4780404,60.0459,78.9072
4804308,60.9551,82.0078
4828332,61.4863,171.0303
4852476,60.3711,83.4883
4876740,59.0957,83.6455
4901124,59.4453,81.7334
4925632,60.6582,82.1846
4950264,59.9619,83.7920
4975016,61.9131,82.5869
4999892,61.5010,81.9443
5024892,64.2598,108.5352
5050020,60.2754,80.9756
5075272,60.6611,81.0547
5100652,70.7910,82.8125
5126156,59.7617,80.5576
5151788,61.0244,88.9961
5177548,60.8398,94.7305
5203436,57.7148,83.1123
5229456,57.3057,80.4277
5255604,61.1836,86.2402
5281884,57.4609,88.9912
5308296,61.0215,85.5137
5334840,58.1094,82.8828
5361516,59.4297,82.4365
5388324,58.2705,82.2275
5415268,66.2578,82.3359
5442348,55.8643,78.6533
5469560,70.5645,84.3906
5496908,58.0273,79.8242
5524396,58.1865,91.7607
5552020,64.5723,81.1016
5579784,58.8516,81.1182
5607684,57.4473,81.2559
5635724,69.2090,82.7227
5663904,57.0459,78.6318
5692224,61.2432,92.5781
5720688,57.2471,81.2129
5749292,58.8447,80.9990
5778040,58.8154,82.7949
5806932,59.9395,83.3926
5835968,57.9629,87.9170
5865148,59.8291,113.3867
5894476,61.3574,85.6514
5923952,58.9854,82.3994
5953572,61.2822,86.2920
5983340,69.7705,251.5537
6013260,61.6543,85.8506
6043328,57.6611,89.3887
6073548,57.9365,81.5195
6103916,58.6318,82.1230
6134436,59.1445,83.5947
6165112,60.9346,84.5488
6195940,58.5605,81.0186
6226920,58.4570,82.8955
6258056,57.3984,81.6738
6289348,58.8008,82.0742
6320796,60.0625,84.1748
6352400,68.8574,84.8125
6384164,57.1494,81.5479
6416088,58.0117,81.2070
6448172,59.9385,85.5459
6480416,57.4541,88.0830
6512820,60.6318,86.0498
6545388,64.4795,82.8936
6578116,60.0371,84.5566
6611008,59.9287,83.8906
6644064,61.6045,85.0938
6677288,59.2598,82.5684
6710676,63.7598,88.2764
6744232,60.1543,92.4600
6777956,57.1846,81.7568
6811848,58.6172,82.2646
6845908,59.1182,83.9063
6880140,59.6514,83.4590
6914544,67.9697,89.5576
6949120,58.7314,85.2100
6983868,59.1992,85.8857
7018788,64.1328,84.5234
7053884,57.0273,81.6338
7089156,57.3516,81.2705
7124604,57.3486,85.2539
7160228,56.5137,80.7500
7196032,57.7598,82.6816
7232016,56.2490,79.6533
7268180,58.4902,81.1885
7304524,62.2773,83.7646
7341048,59.4531,85.2803
7377756,57.6680,83.0098
7414648,67.6230,82.3828
7451724,61.3701,88.9932
7488984,57.6523,81.5977
7526432,57.5977,82.1045
7564068,58.5557,83.4766
7601892,59.2998,88.4531
7639904,59.5488,86.1963
7678104,58.1611,85.9805
7716496,59.1641,82.5332
7755080,59.2520,86.5811
7793856,59.2793,84.4805
7832828,58.6318,86.1348
7871996,59.9297,84.8662
7911356,58.6240,83.4648
7950916,60.9482,85.3691
7990672,58.5811,82.3066
8030628,60.5039,84.9092
8070784,60.7822,83.1035
8111140,102.4160,112.4443
8151696,60.0586,83.4521
8192456,90.7422,81.5918
8233420,60.9014,86.3271
8274588,59.5498,84.9668
8315964,60.1953,87.3145
8357544,56.1260,83.3867
8399332,65.1211,85.4590
8441332,64.3916,85.5186
8483540,74.3164,83.2314
8525960,64.2549,84.8906
8568592,65.3516,85.8203
8611436,62.3486,84.5986
8654496,65.5547,86.2734
8697772,64.3633,84.3955
8741264,64.1445,83.9141
8784972,64.0977,84.2363
8828900,63.4033,85.9902
8873048,64.4609,86.1553
8917416,62.9150,84.5947
8962004,64.5469,84.2832
9006816,65.0166,88.1543
9051852,67.8125,86.1631
9097112,67.9961,87.3379
9142600,67.8818,85.4951
9188316,64.9648,84.2588
9234260,66.8672,86.6494
9280432,66.1914,84.4922
9326836,66.4727,100.0723
9373472,63.1182,84.6504
9420340,73.7705,84.3887
9467444,64.2861,86.4961
9514784,63.4355,85.2246
9562360,64.8955,92.9414
9610172,63.8037,85.3652
9658224,61.9648,83.5322
9706516,64.5684,95.3174
9755052,64.6670,85.3086
9803828,63.6797,84.8838
9852848,63.4404,85.0830
9902116,65.7930,88.7754
9951628,66.0303,87.1318
10001388,64.1367,93.4873
10051396,63.0400,86.6982
10101656,77.0654,85.1992
10152168,65.3340,88.7734
10202932,62.2939,83.9141
10253948,64.8604,85.8291
10305220,63.8848,86.8477
10356748,63.3350,85.2314
10408532,62.2803,91.8867
10460576,60.4170,81.9775
10512880,63.2324,85.5107
10565448,67.6924,87.2979
10618276,67.3408,90.5508
10671368,64.5166,84.5352
10724728,65.2090,89.0654
10778352,70.0439,86.2041
10832244,64.5273,88.4434
10886408,65.7197,88.9150
10940844,66.3242,90.7568
10995552,61.7998,86.3057
11050532,66.6133,90.4590
11105788,65.6455,89.0176
11161320,66.3975,89.8359
11217128,65.6621,99.6250
11273216,65.9336,87.8018
11329584,67.2393,90.5234
11386232,66.7900,89.2646
11443164,66.9541,87.9785
11500380,64.4893,87.4170
11557884,74.7422,85.7520
11615676,64.7822,88.4004
11673756,63.6221,88.8809
11732128,65.1494,165.6865
11790792,67.8682,90.3262
11849748,67.2441,87.9688
11909000,67.5742,91.5869
11968548,67.5391,90.2217
12028392,68.3867,90.3711
12088536,67.1309,91.4365
12148980,107.1289,103.6133
12209728,82.1660,87.5967
12270780,63.9443,87.9775
12332136,63.5889,88.6494
12393800,63.0664,87.8613
12455772,62.5137,86.6826
12518052,62.6748,87.5029
12580644,61.8916,87.1982
12643548,63.9746,89.7627
12706768,64.9717,91.8906
12770304,64.3213,89.4570
12834156,64.7363,88.0996
12898328,62.8232,86.3652
12962820,65.1514,88.4297
13027636,66.0859,90.1895
13092776,66.1846,90.5967
13158240,66.1221,89.2803
13224032,66.1699,86.8916
13290156,68.7686,92.1201
13356608,66.8711,89.5742
13423392,64.4795,90.1377
13490512,65.3398,90.2998
13557968,62.7041,89.1289
13625760,62.3291,93.3311
13693892,63.8721,88.5000
13762364,64.3037,88.8594
13831176,63.2813,87.8701
13900332,64.0732,88.8096
13969836,69.4600,90.8125
14039688,63.4258,91.6143
14109888,64.6426,90.5049
14180440,66.0439,91.0566
14251344,63.9453,88.9082
14322604,64.4590,89.1787
14394220,65.9707,88.7930
14466192,63.7578,88.8037
14538524,63.5234,109.1172
14611220,74.7959,109.1094
14684280,76.4365,109.2529
14757704,65.0293,93.6748
14831496,63.4961,91.3623
14905656,63.7266,87.5908
14980188,64.3760,88.2822
15055092,67.1113,90.9580
15130368,59.9971,140.3662
15206020,65.5654,91.8564
15282052,65.2363,92.6221
15358464,65.6738,94.4570
15435260,60.8154,89.4434
15512440,63.3037,94.2363
15590004,62.2637,87.2686
15667956,61.8955,88.0273
15746296,61.4238,87.6289
15825028,61.7529,94.1338
15904156,69.0811,88.6025
15983680,67.6641,90.8379
16063600,63.3486,93.8145
16143920,64.9688,90.8896
16224640,62.8975,88.1924
16305764,67.0498,95.3242
16387296,72.4736,110.8604
16469236,66.4424,94.2861
16551584,65.0117,92.0107
16634344,63.0977,87.3877
16717516,66.3574,118.7402
16801104,82.2451,96.2305
16885112,70.9990,90.9453
16969540,71.0234,91.6689
17054388,71.8467,89.7393
17139660,75.0264,94.6924
17225360,72.4121,91.7285
17311488,72.3643,91.2803
17398048,72.7324,92.1426
17485040,73.6006,90.1357
17572468,75.7461,95.2939
17660332,78.4258,97.7344
17748636,74.6064,94.9434
17837380,72.6006,94.3828
17926568,72.6963,93.1748
18016204,72.4873,94.5527
18106288,71.1299,90.4570
18196820,78.3135,98.8887
18287808,141.1689,119.4160
18379248,72.3418,91.1455
18471148,72.6602,93.6133
18563504,69.7354,91.3926
18656324,71.8955,90.6836
18749608,74.6299,93.6123
18843360,73.3232,92.8379
18937580,74.5908,95.3662
19032268,74.6152,93.7900
19127432,74.9961,93.9707
19223072,76.9336,95.6465
19319188,77.1807,165.4092
19415784,80.6797,96.5830
19512864,69.3779,90.3018
19610432,73.6865,106.1953
19708488,74.6826,97.2939
19807032,74.6445,95.9541
19906068,83.3809,101.3164
20005600,73.4619,94.9014
20105628,99.1250,111.1787
20206160,75.4482,97.4941
20307192,83.9385,101.3555
20408728,74.3047,95.4434
20510772,77.6533,96.6865
20613328,81.7803,114.6631
20716396,76.2529,97.4971
20819980,74.9004,100.3574
20924080,76.5889,100.8604
21028704,76.0713,102.0605
21133848,77.5371,97.8047
21239520,80.3184,97.3135
21345720,87.5674,97.5469
21452452,85.9551,122.5410
21559716,86.7676,103.3662
21667516,90.2031,103.1895
21775856,89.5830,107.3740
21884736,89.8555,105.0938
21994160,91.6357,102.0684
22104132,91.0000,105.1064
22214656,93.5195,103.5811
22325732,88.0635,100.9199
22437364,83.7119,106.0723
22549552,83.2773,102.1436
22662300,83.3027,100.8145
22775612,84.1924,101.6416
22889492,85.0020,109.5371
23003940,82.1592,115.2285
23118960,83.4277,105.9766
23234556,85.7764,102.9648
23350732,88.4141,114.6299
23467488,96.0830,104.2441
23584828,84.6729,114.6992
23702756,87.1426,110.2461
23821272,88.2822,106.6357
23940380,93.6396,108.5420
24060084,89.3770,104.2754
24180388,93.4248,120.7178
24301292,85.4541,106.2578
24422800,89.6670,109.4131
24544916,107.0898,107.5752
24667644,88.9277,107.0166
24790984,92.0371,107.0938
24914940,85.7891,104.2070
25039516,88.4932,112.3125
25164716,93.7754,112.9414
25290540,93.6025,109.9404
25416996,92.2559,107.8779
25544084,90.3604,108.8896
25671808,93.5879,108.8350
25800168,95.6191,108.8223
25929172,95.6729,113.0059
26058820,95.0098,113.2705
26189116,98.1006,119.3281
26320064,96.3457,123.1650
26451668,96.3184,112.8691
26583928,97.1885,114.3711
26716848,98.1406,114.5605
26850436,93.0459,120.4717
26984692,97.2109,120.8936
27119616,107.1240,126.8291
27255216,97.7129,119.7236
27391496,189.7852,149.3760
27528456,124.3115,142.3027
27666100,121.8438,134.4609
27804432,124.7930,144.4023
27943456,418.5674,142.2979
28083176,127.2500,144.3047
28223592,122.3535,139.9775
28364712,134.2734,141.3242
28506536,122.7070,137.9922
28649072,125.9883,140.7334
28792320,148.7168,145.0273
28936284,121.4404,143.1348
29080968,123.4971,160.0234
29226376,121.5234,148.8525
29372508,137.9092,149.7559
29519372,116.8262,140.0195
29666972,117.3818,146.2852
29815308,125.4229,157.3672
29964388,134.7773,144.5654
30114212,126.2324,146.7646
30264784,122.7734,142.0264
30416108,122.4277,148.6523
30568192,127.9531,154.8857
30721036,143.5000,158.3525
30874644,137.4229,141.4131
31029020,129.6699,149.8516
31184168,127.3848,152.6328
31340092,128.3926,143.0322
31496796,128.6143,148.6553
31654280,152.9063,147.4824
31812552,129.0146,145.0713
31971616,127.6035,142.2207
32131476,126.8330,145.2910
32292136,141.3604,150.9570
32453600,257.6064,152.1943
32615868,140.3691,144.5977
32778948,137.1631,149.0283
32942844,133.3955,150.1680
33107560,136.0313,151.8906
33273100,134.6895,162.0498
33439468,152.4297,155.6904
33606668,156.7920,156.8252
33774704,139.7061,154.9004
33943580,158.0039,151.8027
34113300,180.7910,148.7813
34283868,153.4629,150.1299
34455288,155.3857,155.8760
34627568,154.0752,158.4600
34800708,165.2646,158.4375
34974712,162.0986,151.3291
35149588,156.5400,156.0635
35325336,155.4268,158.2129
35501964,167.5830,165.4893
35679476,159.2480,156.5576
35857876,166.1328,171.8545
36037168,173.2627,158.4229
36217356,158.7568,156.1660
36398444,164.8574,165.6406
36580440,156.0293,158.1416
36763344,182.7305,180.6152
36947164,164.4414,165.7207
37131900,155.6025,165.6523
37317560,153.6865,190.6113
37504148,166.6699,172.8242
37691672,146.3398,158.7832
37880132,157.7549,167.2012
38069536,154.8740,162.7021
38259884,165.1201,183.7041
38451184,160.3984,186.9385
38643440,158.6016,166.4766
38836660,174.7217,160.0498
39030844,160.0166,158.7832
39226000,182.2383,165.1572
39422132,156.9258,160.7842
39619244,162.7334,237.4434
39817344,232.3086,188.2266
40016432,186.5488,166.6172
40216516,182.4795,171.7578
40417600,161.5996,162.8828
40619688,163.6973,159.8115
40822788,161.8340,176.5625
41026904,174.0928,169.8076
41232040,162.3037,166.6563
41438204,163.3916,164.9795
41645396,170.0898,161.2959
41853624,150.0068,162.1436
42062896,160.2148,209.1895
42273212,190.8809,206.7090
42484580,233.7002,163.5098
42697004,192.5156,162.9053
42910492,160.8330,182.9766
43125048,185.7822,163.2451
43340676,161.5176,170.6250
43557380,183.1846,166.7471
43775168,165.3486,160.0771
43994044,159.2500,156.0400
44214016,178.7910,168.2754
44435088,186.1182,170.7061
44657264,162.0117,164.8232
44880552,165.8477,171.8789
45104956,165.2227,168.2852
45330484,160.7705,165.6943
45557140,154.1826,161.5693
45784928,167.4619,171.4268
46013856,164.2803,171.2256
46243928,164.8311,159.9600
46475148,171.7139,168.9541
46707524,161.0254,183.2803
46941064,165.1387,170.2939
47175772,178.0107,176.9404
47411652,158.8477,167.3457
47648712,167.8770,180.9023
47886956,172.9590,173.4658
48126392,168.7686,288.7988
48367024,189.0186,188.5576
48608860,167.0068,178.5693
48851908,166.3340,199.6777
49096168,176.4189,177.8428
49341652,179.7109,171.1709
49588364,160.3584,166.7920
49836308,175.2412,187.5303
50085492,171.0146,177.8057
50335920,174.9697,181.6846
50587600,177.7119,182.2793
50840540,180.4453,181.6826
51094744,187.8105,185.6582
51350220,193.5107,184.0283
51606972,205.1152,179.9404
51865008,253.0762,184.6416
52124336,184.0869,194.2852
52384960,181.2627,183.7012
52646888,181.8584,192.3027
52910124,185.5918,195.7637
53174676,181.9932,195.0557
53440552,195.9248,186.7568
53707756,178.5576,190.1309
53976296,192.6387,193.1602
54246180,185.1953,192.2383
54517412,187.2158,244.8262
54790000,177.6758,186.5586
55063952,197.2207,199.0967
55339272,192.6465,189.7842
55615972,181.6172,181.1182
55894052,241.5869,188.6904
56173524,192.3291,197.4043
56454392,191.4131,194.5615
56736664,211.1348,204.9434
57020348,195.0488,195.5557
57305452,195.7676,207.4980
57591980,183.1309,193.4189
57879940,194.2217,194.6719
58169340,190.7686,188.0615
58460188,215.9111,192.7959
58752492,176.3369,196.7275
59046256,226.5732,222.1270
59341488,198.6641,280.0596
59638196,212.0732,220.2744
59936388,203.4502,223.4023
60236072,197.3184,193.6650
60537256,206.2275,208.3164
60839944,203.0342,208.4854
61144144,220.0869,207.7813
61449868,205.1221,205.2451
61757120,199.0059,199.8027
62065908,200.7813,205.0693
62376240,203.2363,195.6680
62688124,198.8691,207.4736
63001568,198.1553,215.1777
63316576,197.3477,204.7959
63633160,204.2686,209.1523
63951328,200.7666,206.2197
64271088,202.0107,214.0449
64592444,204.9668,207.3008
64915408,209.5977,215.0098
65239988,225.3096,208.6055
65566188,200.8955,215.6006
65894020,205.1758,215.9785
66223492,212.2803,222.8525
66554612,204.7393,225.2744
66887388,190.6416,214.8594
