4,1.0479,1.2695
8,1.7324,6.2520
12,2.1953,7.3652
16,2.2402,8.5713
20,2.8311,9.6650
24,3.6201,10.9063
28,2.8320,12.9424
32,2.7754,12.8555
36,3.2129,12.8477
40,3.2119,13.0244
44,3.2158,13.6377
48,3.2119,14.3662
52,3.2148,14.7188
56,3.2178,15.3301
60,3.2129,15.6406
64,41.4658,15.5986
68,3.7100,15.9590
72,3.6973,15.6143
76,3.7158,14.7178
80,3.7236,13.6377
84,3.6914,13.4580
88,3.7197,13.0605
92,3.7275,13.5586
96,3.7275,13.9189
100,3.7363,13.0381
104,3.6904,14.2490
108,3.6855,14.3604
112,3.7012,14.3760
116,3.6943,14.4785
120,3.7344,15.4658
124,3.6963,15.1553
128,3.6846,17.0342
132,4.2178,17.3232
136,4.1279,16.6094
140,4.1553,16.2598
144,4.1250,16.5117
148,4.1348,16.8955
152,4.1299,17.1211
156,4.1514,16.6914
160,4.1279,16.7461
164,4.1211,16.8467
168,4.1367,16.8125
172,4.1436,16.7275
176,4.1016,16.9375
180,4.1279,17.1133
184,4.1240,17.5957
188,4.1289,17.8213
192,4.1299,17.5156
196,4.2109,17.9482
200,4.2021,19.1777
204,4.1133,18.0752
208,4.2314,19.0635
212,4.2031,20.1279
216,4.1094,18.7646
220,4.1523,19.0771
224,4.1504,19.0010
228,4.1504,18.1992
232,4.1318,16.8037
236,4.2129,17.4873
240,4.2148,17.5029
244,4.1270,17.8477
248,4.1240,17.1367
252,4.1250,16.9766
256,4.1230,20.1035
260,4.7246,18.3486
264,4.7070,17.8730
268,4.7012,18.0527
272,4.7090,18.3223
276,4.7051,18.3213
280,4.7158,18.4404
284,4.8125,18.5068
288,4.8203,19.2539
292,4.8076,19.1748
296,4.8027,17.9805
300,4.8145,18.7803
304,4.8184,18.4971
308,4.8213,18.1123
312,4.8115,17.8770
316,4.8164,19.4072
320,4.8125,18.4102
324,4.8223,18.3271
328,4.8252,18.4551
332,4.8223,18.7109
336,4.8037,18.8525
340,4.8262,18.8711
344,4.8184,19.0215
348,4.8359,19.6338
352,4.8203,19.3711
356,4.8076,19.5459
360,4.8262,19.3135
364,4.8096,18.6162
368,4.8105,18.6826
372,4.7959,19.4824
376,4.8115,19.4346
380,4.8105,20.0166
384,4.8271,19.6250
388,4.8184,19.6807
392,4.7900,19.5801
396,4.8027,20.1904
400,4.8340,19.7803
404,4.8145,20.4609
408,4.7969,20.1895
412,4.8047,21.1787
416,4.8193,20.4580
420,4.8105,20.4414
424,4.7969,21.3330
428,4.8193,20.1299
432,4.8213,20.3525
436,4.8057,20.7236
440,4.7891,21.1582
444,4.8105,20.7793
448,4.8242,20.9326
452,4.8223,20.9814
456,4.8086,20.9619
460,4.8105,20.9844
464,4.8164,21.0166
468,4.8076,21.5107
472,4.8281,21.0674
476,4.8193,20.0381
480,4.8018,20.1504
484,4.8115,19.7559
488,4.8096,20.1611
492,4.8203,19.6826
496,4.8115,20.0850
500,4.7998,19.6582
504,4.7930,20.5771
508,4.8203,20.2061
512,4.7861,23.2246
516,6.8496,19.8057
520,6.7168,20.4521
524,6.9404,19.3164
528,7.0137,20.3193
532,7.0068,20.5010
536,6.9854,19.7695
540,7.0254,19.7256
544,6.9355,20.2295
548,6.8701,19.4590
552,6.8164,19.5918
556,6.9600,19.9502
560,6.9570,20.0127
564,6.8291,19.6094
568,6.7363,20.4893
572,6.8135,19.5010
576,6.9951,19.6465
580,6.9961,20.0889
584,6.7715,19.3682
588,6.8682,26.5381
592,6.8467,19.5098
596,7.0771,20.7773
600,6.9072,20.1592
604,7.0156,20.0293
608,7.0391,20.0947
612,6.8730,20.1318
616,6.9912,20.6592
620,6.8906,20.0693
624,6.8232,20.0947
628,7.0342,19.9912
632,6.7178,19.4004
636,7.0869,19.6504
640,6.9180,20.3203
644,6.8975,20.5264
648,7.0088,20.6973
652,7.2061,20.7754
656,7.0322,20.4795
660,6.8730,20.2285
664,6.8770,19.7148
668,7.0107,20.0391
672,6.6875,21.0479
676,6.8594,20.6582
680,6.8984,21.1836
684,6.8662,28.9512
688,7.2910,21.0811
692,7.8496,20.6357
696,6.9795,20.1982
700,7.0020,20.3359
704,7.0713,21.0781
708,6.9043,20.4619
712,6.9932,20.6758
716,6.8398,21.8691
720,6.9248,20.7295
724,6.8320,22.0254
728,6.8770,21.2920
732,6.9980,21.6592
736,6.9258,20.6924
740,6.7441,20.3281
744,6.8848,20.2441
748,6.8291,21.1709
752,10.6563,20.6758
756,7.2236,21.3887
760,6.9414,21.5518
764,6.9014,21.9531
768,6.9238,21.1592
772,6.7852,20.7910
776,6.8818,20.8525
780,7.2686,21.8457
784,6.9463,21.1074
788,7.0313,21.9951
792,7.1592,21.9570
796,7.0479,22.4473
800,7.1436,22.3906
804,7.0820,21.7646
812,6.9326,21.1650
820,7.0020,65.1396
828,7.3975,22.6074
836,7.0020,22.2021
844,6.9326,21.6074
852,7.0273,22.0938
860,7.0117,20.8252
868,7.0059,21.1084
876,6.8945,20.8125
884,6.9209,21.9365
892,6.9834,21.6367
900,6.8145,21.9131
908,6.9609,22.2461
916,7.0889,21.9209
924,6.8428,22.0088
932,7.3857,22.3594
940,7.1699,22.8643
948,7.1025,22.7402
956,7.2988,22.0195
964,6.9775,21.7969
972,7.1299,21.6494
980,6.9805,21.4404
988,6.9736,21.9043
996,6.8809,21.9229
1004,6.8516,21.8545
1012,6.8936,23.2266
1020,6.9375,22.2461
1028,10.1279,24.7861
1036,9.1387,22.6514
1044,9.4160,24.2041
1052,9.4697,24.5742
1060,9.5342,24.2988
1068,9.5605,24.6631
1076,9.5430,24.8057
1084,9.8691,25.3916
1092,9.7227,25.2236
1100,9.8018,30.4492
1108,9.5137,24.3145
1116,9.6055,25.3311
1124,9.5186,25.2432
1132,9.9785,24.5967
1140,9.6172,22.9287
1148,9.5059,22.9482
1156,9.8135,24.3594
1164,9.3457,22.4893
1172,9.3916,22.6143
1180,9.6055,22.7842
1188,9.2559,22.3945
1196,9.2188,22.3203
1204,9.7900,23.0166
1212,9.3672,23.7109
1220,9.3682,22.9512
1228,9.6328,22.8936
1236,9.0781,23.3486
1244,9.0479,22.3232
1252,9.1455,23.2119
1260,9.3203,23.5840
1268,9.3506,28.0762
1276,9.1660,23.2080
1284,9.1523,22.8066
1292,9.0791,64.4551
1300,9.4336,22.7832
1308,9.1465,23.2637
1316,9.1592,22.7852
1324,9.1396,21.7129
1332,9.2422,22.6094
1340,9.2695,23.3516
1348,9.3682,23.0938
1356,9.2334,22.8662
1364,9.1543,22.6152
1372,9.0322,23.3223
1380,9.3447,22.9004
1388,9.3096,23.8535
1396,9.6543,23.7500
1404,9.3311,23.3926
1412,9.1680,22.5518
1420,9.4473,24.0664
1428,9.9580,31.7666
1436,9.5908,24.4658
1444,9.5771,23.6631
1452,9.5049,23.6631
1460,9.6455,24.0029
1468,10.7119,23.4512
1476,9.2549,23.3896
1484,9.3760,23.9707
1492,9.3320,23.6504
1500,9.2539,24.0664
1508,9.1045,55.3047
1516,9.7012,24.4609
1524,10.5332,23.6846
1532,9.3320,23.3564
1540,10.1865,23.6191
1548,9.1768,23.7139
1556,9.6592,23.7676
1564,9.5117,23.4727
1572,9.1729,23.4453
1580,9.2627,23.7471
1588,9.5332,23.1064
1596,9.3779,23.4814
1604,9.2793,23.2939
1616,9.3906,23.7061
1628,9.3330,23.9961
1640,9.2529,23.8350
1652,10.0459,23.9111
1664,9.0225,23.3330
1676,9.2617,25.0879
1688,10.1367,25.5566
1700,9.0654,23.9668
1712,16.3135,24.8584
1724,9.6855,41.8271
1736,10.3779,24.9150
1748,10.1748,24.5811
1760,9.4814,26.7188
1772,9.4424,24.5850
1784,14.7041,24.4658
1796,9.2510,24.5977
1808,9.2988,24.3623
1820,9.4805,25.9893
1832,9.5186,26.1348
1844,9.0615,24.8672
1856,9.2607,24.8047
1868,9.1055,24.1885
1880,9.4707,25.1553
1892,9.4014,24.4531
1904,9.5498,25.6338
1916,9.0986,24.4219
1928,8.9102,23.7109
1940,9.2295,25.1602
1952,9.2480,24.6377
1964,44.9033,24.4932
1976,9.1309,25.0693
1988,9.0586,24.9873
2000,9.2041,25.0078
2012,9.4268,24.1094
2024,9.1924,25.0732
2036,9.3301,25.3145
2048,9.4600,26.3643
2060,13.9238,33.1221
2072,13.3184,26.7793
2084,12.0205,27.5068
2096,11.7441,25.9502
2108,11.5293,26.2236
2120,11.6035,26.6484
2132,11.4434,26.0908
2144,11.4570,26.0898
2156,11.7217,27.2080
2168,11.4932,26.6641
2180,12.1719,28.6084
2192,11.7324,26.7979
2204,11.5918,25.6221
2216,11.7588,26.5576
2228,11.7490,27.1797
2240,11.4268,25.7422
2252,11.6846,27.1318
2264,11.7197,26.6396
2276,11.4268,25.8203
2288,11.2119,25.7422
2300,11.6533,26.3311
2312,11.6006,26.6797
2324,11.7041,26.5313
2336,11.5322,27.0283
2348,11.7109,26.9775
2360,11.6689,26.0020
2372,11.6221,25.6855
2384,11.5801,25.8477
2396,11.6982,27.7305
2408,11.8662,26.7783
2424,11.5840,26.7666
2440,11.9346,26.9990
2456,12.1895,28.2363
2472,12.1494,27.6650
2488,12.0078,27.3994
2504,11.7822,27.3799
2520,11.9805,27.5244
2536,11.8398,26.8721
2552,11.9121,26.7256
2568,11.6777,26.6992
2584,11.7998,27.5342
2600,11.7227,27.3389
2616,11.7412,26.5098
2632,11.9648,27.5342
2648,11.8848,28.2588
2664,11.9629,27.0732
2680,11.8770,28.1768
2696,11.7861,27.1318
2712,11.9541,26.9824
2728,11.9570,27.4375
2744,12.0869,27.7080
2760,11.8818,26.9277
2776,11.7070,26.5645
2792,12.0146,27.8018
2808,12.1182,27.6563
2824,11.7676,27.0303
2840,12.0293,27.3799
2856,12.4385,28.2109
2872,11.9541,27.6445
2888,11.9932,27.8154
2904,11.9404,28.0156
2920,11.6563,26.9971
2936,12.1270,27.5684
2952,12.1543,27.9521
2968,12.0146,28.3457
2984,11.8057,28.2021
3000,12.0879,27.5811
3016,11.9092,27.9277
3032,11.8730,27.4785
3048,11.9893,28.1855
3064,11.9082,28.1670
3080,11.6924,27.3887
3096,11.7842,28.3887
3112,12.3311,29.3906
3128,11.7979,27.6660
3144,11.9375,27.4590
3160,11.7686,27.9424
3176,12.1934,28.7461
3192,11.7578,27.9092
3208,11.6543,27.6006
3228,11.6328,27.6650
3248,11.8311,28.1787
3268,11.9492,28.0381
3288,11.9805,28.3936
3308,12.2197,28.8652
3328,12.0449,28.9092
3348,11.9404,28.5020
3368,11.8682,28.2432
3388,12.0527,28.5469
3408,11.7969,28.5801
3428,11.8857,27.9941
3448,12.1631,28.7734
3468,11.8809,27.8252
3488,12.2773,28.7754
3508,12.2031,28.9297
3528,11.8525,28.6494
3548,11.8252,28.5664
3568,11.9805,28.2852
3588,11.7988,28.2119
3608,11.6289,28.4531
3628,11.7148,28.2686
3648,12.0078,28.4814
3668,11.4971,28.2930
3688,12.0313,28.4678
3708,11.9629,28.4697
3728,11.9766,29.0605
3748,11.9395,28.6191
3768,11.8945,29.7227
3788,12.1963,29.0361
3808,11.9795,29.4326
3828,11.9297,28.8057
3848,11.9238,29.1523
3868,12.2080,28.9883
3888,12.2725,29.1982
3908,12.2598,29.7354
3928,12.0146,29.8418
3948,11.4600,27.9014
3968,12.0010,28.8760
3988,11.7295,28.6113
4008,11.9277,29.3906
4032,11.7305,28.4834
4056,11.8076,28.8008
4080,11.7051,28.7451
4104,15.3135,30.3809
4128,14.8662,30.0703
4152,15.1240,30.7998
4176,15.4404,31.5742
4200,15.0205,30.4590
4224,14.9365,30.5498
4248,14.6914,29.8955
4272,15.3271,31.4707
4296,14.6963,31.0566
4320,14.3213,30.2490
4344,14.3818,30.9678
4368,14.0459,29.7383
4392,14.3291,30.9063
4416,13.8730,29.7197
4440,14.0947,30.2031
4464,14.0039,30.3477
4488,14.0127,29.6895
4512,14.0762,29.7490
4536,14.4229,30.0928
4560,13.8418,30.0781
4584,13.9502,29.1025
4608,14.5381,31.1289
4632,14.5293,30.0732
4656,14.0586,30.0605
4680,13.7656,29.6973
4704,14.0732,29.6162
4728,13.8320,30.0303
4752,14.0273,29.4785
4776,14.5195,31.3301
4800,14.1016,30.6123
4824,13.8193,30.0977
4852,14.2852,31.0625
4880,14.0977,30.6387
4908,14.2344,30.5059
4936,13.9492,29.4863
4964,14.1592,29.8135
4992,14.3086,30.5469
5020,13.7334,29.2363
5048,14.1855,30.8789
5076,13.8760,29.9023
5104,14.2637,30.0537
5132,14.6201,31.7510
5160,14.1426,30.5605
5188,14.1416,30.0332
5216,14.1895,30.7383
5244,14.1895,31.0361
5272,13.9551,29.7188
5300,14.2676,29.9590
5328,13.8760,30.1465
5356,14.2813,31.3311
5384,14.4961,30.9482
5412,14.1357,30.3857
5440,14.4766,30.3682
5468,14.2627,30.8145
5496,14.0029,30.3984
5524,14.1738,31.0078
5552,14.1621,30.1875
5580,14.2402,30.5811
5608,13.9746,29.7891
5640,14.4268,30.4902
5672,14.3184,30.8398
5704,13.7627,29.5342
5736,14.3809,30.8643
5768,14.0713,30.4814
5800,14.6230,31.2275
5832,13.9863,30.8018
5864,13.9063,30.1074
5896,13.9678,30.3027
5928,14.2588,31.3428
5960,14.3486,30.6719
5992,14.1621,30.6318
6024,14.0898,30.3945
6056,13.7441,29.7031
6088,14.3662,30.7119
6120,13.9854,30.4434
6152,13.8125,29.3623
6184,14.0488,30.4336
6216,14.5186,31.9531
6248,14.1982,30.9893
6280,14.3418,31.0947
6312,14.3281,30.9160
6344,14.3408,31.6348
6376,13.9932,30.9629
6408,13.9668,30.3232
6444,14.1387,30.4268
6480,13.8584,30.3379
6516,14.4893,31.7627
6552,14.4600,32.6084
6588,14.6807,32.7891
6624,14.1592,30.9932
6660,13.8135,31.7588
6696,14.2588,30.7031
6732,14.2217,31.4531
6768,14.4258,31.3682
6804,14.4365,31.7734
6840,14.4736,32.5771
6876,14.0459,31.4004
6912,14.1465,32.0615
6948,14.0215,31.4014
6984,13.9541,30.9814
7020,14.1396,30.7529
7056,14.4072,32.5264
7092,14.0479,30.9395
7128,14.6377,31.0850
7164,13.9053,30.9375
7200,14.4668,32.7236
7236,13.8418,31.5293
7276,14.2227,31.0508
7316,14.3672,31.6172
7356,14.1553,31.4775
7396,13.9736,30.8135
7436,14.1768,31.4990
7476,14.0361,30.6494
7516,14.0488,32.7412
7556,14.3359,31.3359
7596,13.6777,30.8936
7636,14.4209,32.3359
7676,14.0615,31.7773
7716,14.1445,32.1377
7756,13.9189,31.6895
7796,13.9160,32.1377
7836,14.0176,32.6465
7876,13.9785,30.7666
7916,14.8027,33.2744
7956,14.2393,32.8652
7996,13.7461,31.8652
8036,21.2510,31.6611
8080,14.8887,32.8379
8124,14.3760,32.5273
8168,14.5225,32.6289
8212,17.5166,33.4404
8256,17.4873,33.5420
8300,16.9648,32.2813
8344,16.8828,32.6182
8388,16.7949,32.2930
8432,16.5244,31.7197
8476,16.9170,31.7783
8520,16.6563,31.8291
8564,17.4619,32.9307
8608,17.2236,32.7744
8652,16.9053,32.2832
8696,16.7871,32.8662
8740,17.1729,32.5898
8784,17.3789,33.1279
8828,17.6514,36.6689
8876,16.3906,31.6445
8924,16.7334,31.3916
8972,17.4570,33.1338
9020,17.7783,33.9531
9068,16.7275,32.3379
9116,16.8848,32.2383
9164,17.2246,33.2910
9212,16.4707,31.9375
9260,17.0342,32.2100
9308,17.1982,32.9385
9356,17.1533,32.5684
9404,16.6279,32.5674
9452,17.1240,33.2090
9500,16.8916,32.9180
9548,16.9229,33.5205
9596,17.3906,33.4717
9644,16.5508,32.6387
9696,16.0742,32.5078
9748,16.4014,31.1025
9800,16.7393,33.0752
9852,17.0166,33.4883
9904,16.5840,32.6406
9956,16.5625,32.2461
10008,16.0742,31.6094
10060,16.4287,32.1904
10112,15.4854,31.1631
10164,16.4961,32.2012
10216,16.4268,32.4463
10268,16.4434,32.7979
10320,16.4561,32.4854
10372,16.7559,32.7598
10424,16.4541,33.1270
10480,16.2578,31.7031
10536,16.0303,33.3486
10592,16.4385,32.2588
10648,16.8340,33.1396
10704,16.3135,32.3711
10760,16.4238,32.3984
10816,16.1602,32.4219
10872,15.9961,32.4951
10928,16.8926,33.5869
10984,16.1719,32.6572
11040,16.1377,31.3096
11096,16.7090,34.2402
11152,16.0771,32.4473
11208,16.7266,33.5547
11268,16.2041,32.4941
11328,16.6348,33.2852
11388,16.3311,32.6484
11448,16.0693,32.0820
11508,16.0635,32.4883
11568,15.7285,31.6230
11628,16.2764,33.2549
11688,16.8174,33.3506
11748,16.3877,33.5684
11808,16.6025,33.2900
11868,16.9541,32.9824
11928,16.4961,33.0430
11988,17.1260,33.4453
12048,16.5742,32.7441
12112,16.5244,33.1680
12176,16.4121,32.2471
12240,16.8857,33.4170
12304,16.4609,38.5225
12368,16.7607,33.2441
12432,16.6953,33.4180
12496,16.7852,33.5000
12560,16.4473,32.5850
12624,16.6357,33.0361
12688,16.7861,33.8379
12752,16.5332,32.8486
12816,16.3496,32.5313
12884,16.6416,34.2188
12952,16.5381,33.7969
13020,16.5703,33.4014
13088,16.5303,33.0898
13156,16.5986,33.4492
13224,16.2041,33.1279
13292,16.9287,34.4102
13360,16.5010,34.1768
13428,16.4424,34.4355
13496,16.4814,33.6279
13564,16.4277,33.7627
13632,16.4199,34.2305
13704,16.3496,33.4727
13776,16.6641,34.0723
13848,16.0410,40.6875
13920,16.8828,34.5801
13992,16.7578,34.6133
14064,16.8555,33.6387
14136,16.7920,33.1338
14208,16.5400,33.4717
14280,16.6611,33.9004
14352,16.5811,34.0576
14424,16.5273,33.4189
14500,16.3477,32.9961
14576,16.8242,33.5195
14652,16.3174,34.0098
14728,16.0830,33.4648
14804,16.4414,33.5967
14880,16.4590,34.4170
14956,16.7275,34.7139
15032,16.4492,34.1172
15108,16.6045,34.1602
15184,16.6201,33.1768
15260,16.4063,34.0273
15340,16.3350,34.9092
15420,15.8955,32.9082
15500,16.5928,34.6123
15580,16.8193,34.3232
15660,16.6641,34.3496
15740,16.5762,34.5400
15820,16.2900,34.1084
15900,16.5566,34.6563
15980,16.6602,35.0508
16060,16.8037,34.5703
16144,16.6885,34.9912
16228,16.6514,34.0410
16312,16.5430,33.6104
16396,20.0010,35.9590
16480,19.8584,34.7559
16564,19.4648,34.6025
16648,19.4463,34.2705
16732,19.6162,34.8389
16816,19.4170,34.3213
16904,19.1953,34.0703
16992,19.2129,34.3525
17080,19.3662,34.9814
17168,19.3213,35.0195
17256,19.1387,34.6113
17344,19.1172,34.4346
17432,19.0938,34.3018
17520,19.9238,35.2324
17608,19.4053,35.1250
17700,19.8936,35.8037
17792,19.3848,34.8457
17884,18.6133,33.8994
17976,18.9902,33.9648
18068,18.8428,34.9063
18160,19.9248,36.2373
18252,19.1064,35.7002
18344,19.2637,34.4805
18436,19.1299,35.4824
18532,18.9531,35.6855
18628,18.4443,34.3779
18724,18.6211,34.0410
18820,18.5020,33.9482
18916,19.3193,35.0977
19012,18.7080,34.4814
19108,19.3281,36.1680
19204,18.6670,34.7578
19304,19.2832,34.9297
19404,18.4473,34.4092
19504,18.7412,34.3096
19604,18.8652,34.5762
19704,18.7197,35.1143
19804,18.9980,35.0928
19904,18.1982,34.0273
20004,18.9834,35.3105
20108,19.0967,35.1006
20212,18.6172,34.8408
20316,18.9551,34.8037
20420,19.0068,35.2373
20524,18.3789,34.3203
20628,18.4102,34.4893
20732,18.5059,39.4551
20836,19.0459,35.4961
20944,19.1240,35.5547
21052,19.6133,36.1201
21160,18.5049,34.3799
21268,18.9102,35.5557
21376,18.4561,34.2813
21484,18.7783,35.2529
21592,19.0244,35.7012
21700,19.0859,34.7754
21812,18.8457,35.0840
21924,18.5127,35.1855
22036,19.1934,34.9824
22148,19.0166,36.0146
22260,18.8213,36.1113
22372,18.8750,35.6270
22484,18.2656,34.5342
22600,19.2754,36.7998
22716,18.6318,34.5410
22832,19.4023,35.8486
22948,18.2432,34.5137
23064,19.6377,36.2588
23180,19.4531,36.0713
23296,18.4385,34.4102
23416,19.0518,35.0879
23536,18.9043,35.3896
23656,18.2139,34.4873
23776,18.7188,35.3096
23896,18.5156,34.7900
24016,18.9854,36.0586
24140,18.5801,34.7275
24264,18.4512,34.5020
24388,18.6201,34.3350
24512,18.5449,34.3047
24636,19.2900,35.8682
24760,18.3818,35.0859
24884,18.5830,35.8643
25012,18.7295,35.6221
25140,18.4609,35.0176
25268,19.2061,36.4063
25396,18.8213,35.8281
25524,18.8936,35.2354
25652,18.5400,35.1191
25784,18.8047,35.8135
25916,18.4756,35.5596
26048,18.8428,35.7930
26180,18.4297,34.2959
26312,18.9785,36.2236
26444,18.4600,40.8652
26580,18.6943,36.4541
26716,18.2266,35.0830
26852,18.5967,35.2998
26988,18.5488,34.7383
27124,19.0244,36.4561
27260,18.6152,35.4443
27400,18.6699,36.3145
27540,17.5566,34.4912
27680,18.0732,34.4326
27820,18.2822,35.3320
27960,18.8184,36.2021
28100,19.2432,37.8252
28244,19.1377,36.5459
28388,19.1650,36.1484
28532,18.8018,36.4922
28676,18.1885,34.5322
28820,18.0654,34.4893
28968,17.9912,34.6777
29116,18.7959,35.9453
29264,18.5293,35.8779
29412,18.4824,35.8330
29560,18.5674,37.4424
29708,18.9766,36.4072
29860,18.7461,36.5586
30012,18.9014,36.4199
30164,18.2148,35.4355
30316,18.3691,35.3857
30468,18.2119,34.6934
30624,22.1836,35.5762
30780,19.8867,36.3535
30936,18.2734,35.8711
31092,18.5127,35.7236
31248,19.0742,36.2852
31408,18.2773,35.9141
31568,18.4609,37.3086
31728,18.6113,36.7793
31888,18.7334,36.4727
32048,18.5967,37.7383
32212,18.8877,35.3604
32376,19.2930,36.8691
32540,19.3096,36.0781
32704,18.9658,36.3994
32868,24.2744,37.0029
33036,23.9746,37.5723
33204,23.0908,36.6016
33372,22.7744,36.0088
33540,23.3740,37.3057
33708,22.6094,35.4160
33880,23.5215,37.5693
34052,22.9629,36.2930
34224,23.8711,37.6758
34396,22.7393,36.5176
34568,23.7842,36.8447
34744,23.0381,36.7979
34920,23.1689,37.4326
35096,23.5029,37.1416
35272,23.8975,37.8447
35452,23.5879,37.3955
35632,23.3330,37.1426
35812,22.8418,36.6445
35992,23.4102,38.1357
36172,23.2891,36.5928
36356,23.6934,37.4932
36540,23.2227,37.5547
36724,23.4971,37.1436
36908,23.2549,36.8906
37096,22.2969,38.3037
37284,21.1465,35.8936
37472,20.6494,36.8008
37660,21.3857,37.4453
37852,21.5889,36.5859
38044,21.3320,37.0557
38236,21.6855,37.5850
38428,21.1475,36.3359
38624,20.6104,36.3535
38820,21.3652,37.5459
39016,20.8555,36.5557
39212,21.1729,37.1318
39412,21.3027,36.9180
39612,20.7725,36.4238
39812,21.4053,37.4609
40012,20.6543,36.6299
40216,20.8066,35.9150
40420,20.9824,37.7383
40624,20.7334,36.5898
40828,21.5361,37.9404
41036,21.1582,37.4375
41244,20.9697,36.1221
41452,21.4590,38.3906
41660,20.7363,36.6045
41872,20.9531,37.5723
42084,21.8438,38.5928
42296,20.8018,36.8320
42508,21.3145,37.5918
42724,20.4932,35.9697
42940,20.1875,35.3984
43156,21.3545,38.0576
43372,20.5693,36.6738
43592,20.8848,37.7881
43812,20.9990,37.1250
44032,28.9307,38.3779
44256,21.7305,39.3799
44480,20.5566,37.1533
44704,20.6113,37.0723
44928,21.4775,37.7021
45156,21.1855,37.8223
45384,21.3975,39.1299
45612,22.2402,39.2402
45844,21.3281,37.4434
46076,20.9736,37.3350
46308,21.8330,38.2793
46540,21.0293,37.3408
46776,20.8359,37.6055
47012,21.0078,37.9980
47248,21.4121,38.5137
47488,21.7617,39.0977
47728,20.9561,36.9531
47968,21.2002,37.2168
48208,20.9277,36.8066
48452,20.6846,37.3047
48696,20.7900,37.3867
48940,21.3047,38.1016
49188,21.5430,39.0361
49436,21.2080,38.8828
49684,23.5713,36.5068
49936,20.8770,38.0332
50188,20.7627,37.2656
50440,21.1396,38.3701
50696,20.8857,37.4785
50952,21.1221,38.3896
51208,20.5488,37.1807
51468,20.6934,37.5391
51728,22.9941,38.4326
51988,21.4766,38.3115
52248,21.3262,38.5654
52512,22.0723,38.8135
52776,21.7754,38.2754
53040,21.5068,48.4629
53308,21.9209,38.6221
53576,22.0439,38.0586
53844,21.5957,38.5518
54116,21.6729,38.0908
54388,21.8584,38.7725
54660,21.7324,38.8086
54936,21.9326,38.5029
55212,21.8945,39.0156
55492,21.7803,38.6221
55772,21.7510,40.1943
56052,21.6045,39.1309
56336,21.8242,38.7158
56620,21.4941,39.4170
56904,22.6445,40.0146
57192,21.2432,39.1670
57480,22.0381,39.9141
57768,21.1563,38.7607
58060,21.3779,38.5859
58352,21.6748,38.6963
58644,21.0391,37.6201
58940,21.5459,38.7354
59236,20.7588,37.9717
59536,20.6270,38.1641
59836,21.3193,39.1396
60136,21.0293,38.4814
60440,21.1045,39.3008
60744,20.9443,38.5928
61048,21.1064,39.2002
61356,21.3105,39.6270
61664,21.4102,38.6914
61976,20.5098,37.9365
62288,20.7070,37.8301
62600,21.2549,39.1416
62916,22.0371,41.1299
63232,21.7939,40.4834
63552,21.5752,40.3135
63872,20.1973,38.5850
64192,21.0420,39.7422
64516,20.5977,37.9775
64840,21.1396,40.4404
65168,21.2188,40.0518
65496,21.0166,40.1025
65824,27.4580,41.2119
66156,26.6973,40.8301
66488,25.8887,40.0205
66824,24.9658,40.8867
67160,23.4209,37.4121
67496,23.9766,38.1797
67836,24.3447,39.6953
68176,24.0996,38.4541
68520,24.6826,39.6104
68864,24.3330,58.6963
69212,25.2617,41.0371
69560,25.2500,39.7969
69908,26.2588,40.6514
70260,24.3311,38.5654
70612,24.9902,40.3340
70968,24.0713,39.4834
71324,24.2266,38.9600
71684,23.9941,40.0010
72044,25.4033,41.3955
72408,24.8975,39.9775
72772,24.5156,40.3125
73136,24.7207,40.2412
73504,23.9346,39.7734
73872,24.7256,47.2998
74244,23.9756,40.0684
74616,24.5303,40.5264
74992,24.7813,40.7598
75368,24.5264,40.6279
75748,24.1680,40.4385
76128,24.9668,40.9346
76512,24.5938,40.5010
76896,25.2646,41.9121
77284,25.2119,41.3506
77672,24.8721,40.0283
78064,24.7637,40.5010
78456,24.0459,39.1260
78852,24.2842,39.5352
79248,24.2549,40.0117
79648,24.2783,40.0508
80048,24.2607,40.0654
80452,24.5977,40.3672
80856,24.8203,41.7393
81264,25.2891,41.3623
81672,24.9043,40.1465
82084,42.4297,40.1631
82496,28.5273,40.0605
82912,24.2549,40.4668
83328,24.5977,40.6006
83748,24.1182,39.9414
84168,25.0498,41.7861
84592,25.3936,41.4834
85016,24.3184,40.4063
85444,24.0791,40.1602
85872,24.5723,40.7822
86304,24.5225,41.8164
86736,25.2451,40.0381
87172,25.5703,41.1572
87608,24.9775,40.9482
88048,25.3135,40.0781
88492,25.3438,40.0313
88936,25.8086,41.0469
89384,25.8535,40.9082
89832,25.1572,39.5742
90284,25.4443,44.6006
90736,25.2002,39.5137
91192,25.5957,41.5498
91648,25.5332,41.7471
92108,24.6475,39.8643
92572,24.2070,39.2510
93036,25.6475,40.4004
93504,26.1914,40.4629
93972,25.5684,40.8828
94444,25.3301,40.3721
94920,25.4541,40.8320
95396,25.9121,41.3428
95876,24.4561,39.7764
96356,25.3594,40.4561
96840,25.5459,42.4639
97328,26.2920,42.2549
97816,26.1436,43.1484
98308,25.3857,41.1943
98800,24.9814,40.3154
99296,25.1006,41.3027
99796,25.3594,40.5840
100296,24.9033,41.8076
100800,25.0498,41.0215
101304,25.0332,41.4600
101812,25.7285,42.5137
102324,25.3369,41.7373
102836,25.4297,41.0439
103352,24.9766,41.2344
103872,25.3506,41.9590
104392,25.2881,41.1895
104916,25.7568,42.2480
105444,24.9688,41.9150
105972,24.5010,40.4951
106504,24.9473,41.2939
107040,25.5889,41.7490
107576,24.9023,41.6885
108116,24.3223,41.5791
108660,25.6006,43.1660
109204,24.9453,41.9307
109752,24.2930,41.7598
110304,24.3115,47.9531
110856,25.2305,43.3125
111412,24.1064,40.3682
111972,24.6709,42.3486
112532,24.2969,41.5713
113096,24.2920,41.4170
113664,25.0137,42.6377
114236,23.9248,40.8477
114808,23.2998,40.4785
115384,25.0537,42.0273
115964,24.6895,41.9883
116544,25.4004,42.3916
117128,25.0957,42.5254
117716,24.8330,42.1172
118308,24.9814,42.2695
118900,24.9863,42.8926
119496,24.7754,42.3740
120096,24.8701,42.0000
120700,24.9785,42.6338
121304,25.3271,44.9053
121912,24.3887,42.2354
122524,25.3262,43.3291
123140,24.1875,41.6904
123756,24.7021,43.0059
124376,24.7783,42.3936
125000,23.6992,40.8359
125628,23.6387,40.0918
126260,24.4590,41.8477
126892,24.8975,43.7959
127528,24.3369,43.0674
128168,24.7959,43.4063
128812,24.5410,43.0000
129460,24.3174,42.3477
130108,24.5957,43.6104
130760,24.7188,43.1807
131416,28.0195,42.9883
132076,27.8457,42.7314
132740,27.7842,42.5898
133404,28.5439,43.9980
134072,28.0049,43.8379
134744,28.1338,43.6650
135420,27.9609,44.2568
136100,29.0801,45.7002
136784,29.1270,43.6592
137468,28.4307,43.2871
138156,28.9072,43.7275
138848,29.0986,44.3594
139544,28.4434,43.0264
140244,28.3984,43.6182
140948,28.4150,43.2295
141656,28.6416,44.1416
142368,28.8721,42.8730
143080,27.7510,42.4189
143796,28.2295,42.9482
144516,51.2881,44.1133
145240,28.0146,42.6357
145968,32.4131,43.4551
146700,29.1895,44.3984
147436,29.3125,43.9932
148176,28.3799,44.3018
148920,28.1533,43.3906
149668,27.9824,42.6543
150420,28.6045,43.5869
151176,28.9590,43.9404
151932,49.7090,44.1611
152692,28.5967,44.6104
153456,28.7832,44.5449
154224,28.2979,42.9639
154996,28.4014,44.4297
155772,28.4063,46.9209
156552,28.2529,42.8838
157336,28.4697,43.9717
158124,28.5176,42.9756
158916,28.2744,43.7168
159712,28.0840,42.9775
160512,29.0439,45.6807
161316,29.2354,44.9209
162124,26.6816,41.2979
162936,29.2480,45.5010
163752,28.1924,43.2920
164572,28.6641,45.0332
165396,27.7598,42.8320
166224,29.3174,45.3574
167056,27.1973,42.8398
167892,27.4697,43.7041
168732,27.8535,43.2822
169576,28.0518,45.0830
170424,28.5049,42.8730
171280,29.1143,43.8926
172140,29.0137,43.6445
173004,29.1309,45.0918
173872,28.7402,43.5508
174744,30.5850,47.2979
175620,27.6387,42.7129
176500,30.1914,46.2109
177384,28.9404,44.4736
178272,29.3271,44.7969
179164,29.2100,45.1709
180060,29.5313,46.0518
180964,29.0410,49.4229
181872,28.6689,44.4580
182784,28.7100,45.1611
183700,29.1514,44.8623
184620,28.6270,44.7021
185544,28.7461,72.4814
186472,30.4375,49.3643
187408,29.7959,46.7959
188348,29.1836,46.5420
189292,28.3398,45.4375
190240,28.7158,46.7031
191192,28.5576,45.5977
192148,29.6973,45.9209
193112,29.2744,45.1074
194080,27.4043,43.2324
195052,27.5684,43.2529
196028,27.8467,44.2061
197012,27.4932,43.3447
198000,28.8594,45.4590
198992,28.2441,44.7559
199988,28.9033,53.1582
200988,29.9023,47.1592
201996,29.4414,48.0801
203008,29.2285,45.0039
204024,28.8027,45.6084
205048,28.0596,43.8525
206076,28.0811,44.1611
207108,28.0254,44.1719
208144,27.8037,43.7539
209188,29.2754,47.2207
210236,29.0146,46.0508
211288,28.2305,44.3574
212348,28.0537,44.8633
213412,28.0996,45.1738
214480,28.9385,44.9229
215556,29.3174,46.1309
216636,29.0107,45.6836
217720,28.9854,45.7832
218812,28.8662,46.9551
219908,29.5117,52.0039
221008,29.2813,45.7451
222116,28.2422,45.0859
223228,32.5479,45.7480
224348,27.8096,44.2285
225472,28.1436,45.3955
226600,27.7861,44.8525
227736,27.9980,45.2051
228876,28.4160,45.2861
230024,26.8604,43.4121
231176,28.2617,59.5537
232332,27.6641,44.4883
233496,28.6836,46.5479
234664,28.3818,47.2139
235840,29.0137,47.3936
237020,28.2441,45.0977
238208,27.9951,44.8428
239400,28.6299,46.5625
240600,28.4531,44.7773
241804,29.5840,48.2178
243016,29.1787,52.8184
244232,29.6367,47.8691
245456,27.5928,45.7373
246684,28.8193,46.1553
247920,28.7451,46.5117
249160,28.7314,46.0508
250408,28.0068,44.8857
251664,29.0303,46.9521
252924,28.6240,46.9697
254192,28.8164,47.0938
255464,33.8623,53.0313
256744,29.3311,46.8135
258028,29.0137,45.4238
259320,29.7197,47.6113
260620,28.9473,46.1377
261924,30.0566,46.8613
263236,32.7139,46.9619
264556,31.1729,46.2891
265880,32.3477,47.2480
267212,31.4580,51.6943
268552,32.5410,47.7207
269896,31.4277,46.0869
271248,30.5859,44.1270
272608,30.9883,45.8936
273972,31.8564,46.6650
275344,30.8740,45.2295
276724,31.0439,46.5908
278108,30.6191,45.4141
279500,31.6738,47.1934
280900,30.7363,46.6592
282308,30.5381,45.2500
283720,31.6299,47.3047
285140,30.5049,45.8135
286568,31.9639,47.9668
288004,31.9746,47.6270
289448,32.4961,48.3789
290896,31.6816,47.0781
292352,31.6426,47.5479
293816,37.7813,46.6084
295288,30.8672,46.5332
296768,30.0674,45.1768
298252,30.8301,44.3672
299744,31.6641,47.0811
301244,30.9326,46.3477
302752,32.1055,46.5313
304268,30.2188,45.9121
305792,32.0615,47.0293
307324,31.3711,51.6943
308864,30.3027,45.3379
310412,31.4355,55.3193
311968,31.3359,46.8984
313528,31.5273,46.7412
315096,32.7510,47.3330
316672,32.3936,47.1855
318256,31.7158,47.0801
319848,31.4141,47.1758
321448,73.3584,48.3164
323056,32.2842,49.0029
324672,31.8467,47.4805
326296,32.3066,47.0752
327928,32.4023,48.3574
329568,31.3936,47.3994
331216,30.8564,45.0146
332876,32.1992,46.9053
334544,31.0977,47.2480
336220,31.5293,46.7197
337904,32.6162,48.1074
339596,32.4717,48.0068
341296,32.7754,49.1533
343004,30.9814,47.0273
344720,32.4551,49.4238
346444,32.3486,49.7764
348180,31.4170,48.5332
349924,30.7031,47.3975
351676,38.1318,48.9688
353436,30.8320,47.9893
355204,31.3066,48.0371
356984,30.1670,46.9209
358772,30.4580,47.1895
360568,30.7158,46.3867
362372,30.2832,46.4189
364184,31.3047,48.6006
366008,30.9023,48.4521
367840,35.6318,47.4844
369680,31.9893,49.6279
371532,31.6230,49.8105
373392,31.2168,48.7871
375260,32.5391,49.2295
377140,32.9619,49.0479
379028,32.2959,47.9648
380924,30.9287,47.3076
382832,30.1982,45.6865
384748,84.6572,50.6045
386672,32.3086,45.6436
388608,32.8701,46.9482
390552,33.3711,47.6260
392508,32.4658,46.2422
394472,32.6113,48.0273
396448,32.6172,46.8291
398432,32.1846,47.6885
400428,33.1699,48.0391
402432,32.6807,51.7793
404448,32.3496,47.1729
406472,32.6396,47.5283
408508,32.7568,50.0781
410552,31.0293,47.9092
412608,29.7529,45.9844
414672,30.8223,47.8496
416748,30.3555,46.6152
418832,31.0430,49.0391
420928,30.3262,48.1963
423036,31.0469,48.6543
425152,31.8203,47.4775
427280,34.7363,46.3066
429420,31.3652,48.0400
431568,31.2461,48.1064
433728,31.2959,47.6338
435900,31.6709,47.6943
438080,31.2305,47.5098
440272,31.0508,48.3828
442476,30.8955,48.4395
444692,31.2393,46.5918
446916,32.3330,48.3945
449152,31.4033,48.0674
451400,31.8184,47.4033
453660,30.5674,46.7695
455932,32.1699,49.0723
458212,30.5752,45.7617
460504,31.8682,48.9365
462808,32.3164,47.6377
465124,32.2646,48.9951
467452,32.2314,48.8535
469792,31.6270,47.9531
472144,31.9404,49.5166
474508,31.1836,48.0635
476884,31.4980,49.0088
479272,32.2705,49.9756
481672,32.0195,49.9004
484084,31.4209,47.7988
486508,30.9160,47.6865
488944,30.1865,46.2246
491392,31.8506,49.1162
493852,31.5020,50.4385
496324,31.2949,48.8311
498808,30.7881,48.1865
501304,31.2803,48.8115
503812,32.8584,51.2139
506332,31.0459,48.8838
508864,31.6172,47.2734
511412,30.8242,47.3701
513972,30.9844,48.2021
516544,31.5664,50.4131
519128,30.8838,48.7422
521724,30.6104,49.4053
524336,39.4492,53.7275
526960,33.5137,49.5439
529596,35.4209,50.2832
532244,35.5498,50.1104
534908,35.6367,49.9727
537584,34.3516,49.8818
540272,33.4277,47.3516
542976,34.6230,49.2344
545692,34.9912,50.0342
548424,33.2578,50.4941
551168,34.0771,49.9082
553924,34.6729,50.3145
556696,33.5361,49.6553
559480,32.2813,47.9316
562280,33.7168,50.4775
565092,33.8467,49.8525
567920,33.3564,48.7988
570760,34.0938,48.8604
573616,44.4814,50.4736
576488,33.2285,49.1133
579372,34.0908,50.6592
582272,33.5811,50.6279
585184,36.1777,50.7324
588112,34.3477,49.5322
591056,34.8604,50.1152
594012,35.4688,50.6045
596984,34.9238,49.7217
599972,35.4141,50.4688
602972,35.2969,51.3174
605988,35.4248,50.4121
609020,35.6270,50.7861
612068,35.5908,51.2695
615132,34.3701,49.8535
618208,34.2070,54.3574
621300,35.9697,51.6836
624408,33.1592,48.5791
627532,33.5684,48.1543
630672,33.9414,48.7656
633828,34.6172,50.1904
637000,33.2432,49.2217
640188,34.4219,50.0918
643392,34.4658,50.0205
646612,33.5928,50.1807
649848,34.2627,49.8555
653100,33.7529,50.9150
656368,35.3730,52.1406
659652,42.5361,51.6611
662952,34.0420,49.9746
666268,34.5684,51.4883
669600,33.5664,49.5313
672948,35.6797,52.5645
676316,33.3115,49.3164
679700,34.5771,51.1094
683100,33.5088,49.6426
686516,35.1553,52.5996
689952,34.9932,51.7334
693404,34.8955,52.5742
696872,35.2988,51.9004
700360,33.8486,49.3828
703864,35.5293,52.5684
707384,35.3965,52.3936
710924,37.3066,53.0322
714480,35.7021,53.6865
718056,36.1182,54.7617
721648,35.5225,52.1709
725260,35.2295,52.4639
728888,35.0391,52.5723
732536,35.2529,52.3223
736200,35.9678,52.7373
739884,94.5547,52.4863
743584,36.7266,52.9922
747304,35.6191,61.4795
751044,33.8652,50.7881
754800,35.9111,52.6074
758576,36.4521,53.6025
762372,35.8799,53.2900
766184,36.8223,53.3359
770016,35.3496,53.0654
773868,36.2109,54.6182
777740,35.2744,52.3887
781632,34.2793,51.4316
785544,35.2578,52.6357
789472,35.5732,53.1563
793420,34.9434,51.7832
797388,35.0254,51.7988
801376,35.2617,57.3672
805384,36.3105,53.1953
809412,35.7041,54.1035
813460,35.2852,53.1475
817528,35.3125,52.8291
821616,36.4971,54.1279
825728,36.4238,52.7051
829860,36.9902,54.7979
834012,36.1104,53.2412
838184,35.6807,51.7852
842376,36.1787,53.2715
846588,36.6455,52.9160
850824,36.7529,53.5371
855080,35.6826,52.8584
859356,36.8770,55.9209
863656,35.7520,54.1162
867976,36.1465,53.7734
872316,35.9004,51.8164
876680,37.0088,54.9873
881064,35.0020,52.2314
885472,35.0762,51.6084
889900,35.9482,52.8994
894352,36.6104,53.6494
898824,37.1699,53.7695
903320,36.4219,54.4893
907840,37.0859,53.8652
912380,38.5527,56.1982
916944,36.9443,53.6855
921532,35.5537,53.0313
926140,37.0332,54.3164
930772,35.2178,52.2041
935428,35.9258,53.8232
940108,36.3252,54.0117
944812,37.3779,54.9463
949540,41.3877,54.8311
954288,35.5850,52.7773
959060,35.9561,54.4639
963856,36.7949,55.5215
968676,35.2031,52.7354
973520,35.7383,53.4150
978388,35.9189,54.4336
983280,35.5010,53.0381
988200,36.4033,55.0986
993144,35.8154,53.5303
998112,35.7070,53.6309
1003104,36.4824,54.7607
1008120,35.2158,53.4980
1013164,36.5283,54.8066
1018232,35.8877,53.8535
1023324,36.6426,54.8887
1028444,36.8506,55.4551
1033588,36.8379,55.3633
1038756,35.9873,54.0781
1043952,36.1123,53.5527
1049172,41.9307,58.6279
1054420,40.9365,55.7529
1059696,39.2725,55.4004
1064996,40.4219,56.4443
1070324,45.2627,56.8730
1075676,40.8027,56.6611
1081056,39.6475,54.5439
1086464,37.7959,55.1826
1091900,39.7197,56.2188
1097360,39.4141,54.8594
1102848,39.3975,55.2734
1108364,39.3174,55.2734
1113908,38.9375,55.5029
1119480,39.1875,55.8604
1125080,37.4824,53.9521
1130708,39.4502,56.1025
1136364,39.9717,57.5293
1142048,40.3770,58.7354
1147760,41.5889,57.6172
1153500,40.2695,56.3125
1159268,40.7148,55.4932
1165068,40.1113,56.3574
1170896,40.2852,56.8799
1176752,40.2393,56.3496
1182636,40.8711,58.1719
1188552,39.9785,56.2158
1194496,40.4980,57.4531
1200472,41.0967,58.8975
1206476,40.3926,56.6250
1212512,40.6748,55.9971
1218576,39.5029,55.1455
1224672,40.9902,56.6982
1230796,40.5137,57.4063
1236952,39.4004,56.0947
1243140,40.1768,56.7510
1249356,39.5225,55.4570
1255604,40.7334,62.2031
1261884,40.4668,57.4551
1268196,40.9121,131.9453
1274540,42.2393,60.9121
1280916,40.9033,58.0664
1287324,41.7422,58.7100
1293764,42.3232,59.9521
1300236,41.3965,59.7695
1306740,40.2686,56.2666
1313276,40.4492,58.9980
1319844,41.5605,57.6221
1326444,40.7500,58.0225
1333080,41.6611,58.0146
1339748,41.3174,58.0908
1346448,40.7822,58.3535
1353184,50.6025,59.6865
1359952,41.4258,57.6094
1366752,41.6523,59.2793
1373588,41.7900,59.9492
1380456,41.4385,59.6758
1387360,40.9922,58.4268
1394300,41.5137,57.9375
1401272,41.9463,59.2959
1408280,40.7676,58.2412
1415324,40.3789,56.9990
1422404,40.4600,56.8633
1429520,40.8643,66.0039
1436668,39.5801,56.6533
1443852,40.1504,57.1934
1451072,40.8955,58.4648
1458328,40.5264,58.1240
1465620,42.4766,59.7559
1472952,40.8232,58.7813
1480320,43.4873,60.3623
1487724,41.3711,57.4688
1495164,42.3857,59.9922
1502640,40.5283,56.3496
1510156,41.3242,58.3896
1517708,41.4268,58.5713
1525300,42.6875,60.0479
1532928,41.9199,59.2178
1540596,41.8564,59.4385
1548300,39.9893,58.0898
1556044,41.3857,86.2607
1563828,40.4268,57.7109
1571648,41.8184,59.5938
1579508,41.9541,60.7246
1587408,39.9404,58.4912
1595348,40.4775,59.2041
1603328,49.3750,61.7979
1611348,40.9912,59.5322
1619408,40.4053,59.0508
1627508,41.2490,87.7832
1635648,42.5586,60.0068
1643828,42.1455,65.3379
1652048,42.8359,62.3105
1660312,43.3828,61.6689
1668616,42.1582,60.0107
1676960,42.6455,61.3574
1685348,40.9814,58.9092
1693776,42.8418,61.3066
1702248,42.2139,60.0195
1710760,41.7813,61.8496
1719316,41.1904,61.4775
1727916,42.2363,61.8799
1736556,40.3291,59.5146
1745240,41.0723,60.2383
1753968,41.4248,60.9561
1762740,41.5615,62.5703
1771556,41.4609,61.8682
1780416,41.4668,60.8525
1789320,41.6729,62.0049
1798268,41.8984,62.1553
1807260,41.3340,62.0889
1816300,42.1328,61.6045
1825384,41.2939,60.8330
1834512,43.1455,62.1592
1843688,42.4365,61.8135
1852908,41.6396,59.8555
1862176,42.5537,61.8154
1871488,41.4014,60.8750
1880848,41.9258,62.8633
1890256,41.6426,59.0586
1899708,43.6934,63.2979
1909208,41.7891,61.5957
1918756,42.7764,62.5156
1928352,41.7666,58.9971
1937996,43.9795,63.7266
1947688,39.8867,59.0830
1957428,43.1475,62.8213
1967216,42.5654,64.0234
1977056,41.9082,60.6904
1986944,42.8145,61.0977
1996880,41.8008,61.7041
2006868,42.8359,62.3330
2016904,44.3682,66.4766
2026992,45.3770,65.3066
2037128,44.2158,63.2861
2047316,44.6182,65.7148
2057556,43.6689,64.0137
2067844,43.0391,63.0742
2078184,42.2705,61.7490
2088576,43.3467,63.7764
2099020,49.3047,67.2412
2109516,51.6445,68.1338
2120064,49.4688,65.0283
2130668,49.7988,65.5049
2141324,47.7188,61.8330
2152032,51.1865,78.2822
2162796,46.8369,62.1523
2173612,49.3877,65.5049
2184484,49.5811,64.5361
2195408,48.9619,65.4521
2206388,49.3740,64.3105
2217420,48.0957,64.3594
2228508,46.6563,66.6387
2239652,46.4863,64.4150
2250852,48.2324,66.6660
2262108,46.9121,64.3018
2273420,45.7637,61.8252
2284788,45.5049,63.3584
2296212,46.6895,74.4424
2307696,46.8193,64.2490
2319236,45.5508,62.4639
2330836,48.2988,66.5010
2342492,46.6309,65.1445
2354208,47.1279,66.0498
2365980,47.6543,65.4639
2377812,47.8379,66.8213
2389704,48.6641,66.5566
2401656,62.0469,68.2070
2413668,47.0303,66.0498
2425740,45.9795,64.4658
2437872,46.4883,65.4219
2450064,46.1973,66.3760
2462316,46.5313,65.6777
2474628,46.8350,67.1465
2487004,45.8594,65.1641
2499440,45.3613,63.9668
2511940,45.6826,63.8604
2524500,46.0234,66.5713
2537124,45.3223,64.5869
2549812,45.7529,73.2813
2562564,44.2529,64.6738
2575380,48.1143,77.2539
2588260,46.9912,64.1045
2601204,47.4063,65.5459
2614212,49.2256,66.8301
2627284,46.9004,65.0088
2640424,47.4639,66.0205
2653628,47.5283,67.2061
2666900,45.4180,65.8223
2680236,46.0254,64.9004
2693640,45.6777,65.2715
2707112,46.8203,67.1953
2720648,49.0625,68.1758
2734252,46.2207,64.3623
2747924,48.9609,70.1201
2761664,46.1260,65.4443
2775476,46.4795,66.6885
2789356,47.8037,67.3477
2803304,44.6992,63.3535
2817324,47.4248,68.0361
2831412,45.4326,64.4072
2845572,48.3203,67.5723
2859800,46.8945,72.2432
2874100,47.9102,68.2002
2888472,46.9268,66.7793
2902916,44.6943,65.9297
2917432,46.3965,67.6162
2932020,47.2539,67.8633
2946684,45.0381,65.4336
2961420,45.7627,66.1768
2976228,53.2891,66.5225
2991112,48.3301,66.1104
3006068,48.3086,68.8184
3021100,47.5566,67.3076
3036208,45.7676,66.6533
3051392,45.5713,115.3438
3066652,46.7334,67.7510
3081988,45.4043,66.3730
3097400,44.7861,65.0527
3112888,50.7275,71.7285
3128456,46.1553,65.9307
3144100,48.9551,66.9863
3159824,45.0908,65.8682
3175624,45.7578,64.0049
3191504,45.9307,69.4609
3207464,46.1367,66.6240
3223504,47.2314,69.4531
3239624,47.2051,68.4766
3255824,47.2832,68.6436
3272104,46.9316,86.3496
3288468,47.1719,67.5068
3304912,47.0381,69.6953
3321440,48.0273,68.7354
3338048,46.6738,90.9092
3354740,47.0928,68.1406
3371516,49.2139,72.2930
3388376,46.5264,67.3613
3405320,49.3945,66.0703
3422348,51.2168,64.5742
3439460,46.0547,66.2041
3456660,46.0078,71.2041
3473944,46.7793,66.5859
3491316,46.5527,68.8252
3508776,45.9434,66.6221
3526320,47.6660,71.4238
3543952,49.9199,65.1816
3561672,46.2598,68.6357
3579484,49.8896,69.0313
3597384,70.9561,76.0215
3615372,46.9102,68.3643
3633452,51.4277,70.1172
3651620,47.2490,69.9219
3669880,52.6074,74.2910
3688232,67.0059,70.3896
3706676,60.5898,71.2344
3725212,48.6709,69.1318
3743840,46.7939,68.4238
3762560,49.6289,73.3486
3781376,50.1045,70.9092
3800284,50.4746,73.0088
3819288,53.7676,71.6309
3838388,48.2148,70.2539
3857580,49.1055,74.2715
3876868,53.5254,71.7031
3896256,47.5938,69.6885
3915740,48.7422,70.5225
3935320,47.3477,70.2354
3955000,49.5049,72.9189
3974776,51.3750,73.8408
3994652,49.4385,73.7666
4014628,50.4043,73.0029
4034704,49.6045,71.3877
4054880,58.3750,72.5029
4075156,48.0020,68.7354
4095532,50.6777,75.9844
4116012,48.7705,69.7148
4136596,50.0801,73.3252
4157280,49.2783,73.6846
4178068,51.4873,76.8350
4198960,57.8135,77.8984
4219956,54.7236,71.8066
4241056,55.8037,73.1445
4262264,56.3906,75.0391
4283576,54.8789,74.9707
4304996,55.6182,74.9951
4326524,55.5537,73.0166
4348160,55.0449,74.1729
4369904,52.6006,70.9707
4391756,54.6582,74.3457
4413716,54.7969,73.4199
4435788,56.9619,76.7529
4457968,53.4922,73.1377
4480260,56.8115,73.6963
4502664,55.2871,75.4492
4525180,55.8496,75.7441
4547808,52.2275,70.9004
4570548,53.1758,71.3945
4593404,53.5654,71.6123
4616372,53.5713,72.0938
4639456,53.9912,74.0498
4662656,55.1973,73.7031
4685972,53.7090,74.6465
4709404,54.0010,73.2314
4732952,54.8633,73.8223
4756620,53.9473,73.2480
4780404,53.2979,72.7324
4804308,55.7715,74.6650
4828332,54.2705,72.6094
4852476,54.8594,73.4502
4876740,55.1523,76.8691
4901124,54.8730,77.0723
4925632,55.5889,77.3955
4950264,56.0439,75.6250
4975016,54.8516,85.4424
4999892,54.5840,75.1211
5024892,55.9316,76.6426
5050020,55.4541,75.3398
5075272,55.3223,84.1094
5100652,55.5215,75.4834
5126156,55.5156,74.8311
5151788,53.8193,73.4404
5177548,54.6855,76.0820
5203436,54.9570,74.6885
5229456,55.2334,75.2617
5255604,56.7148,78.5186
5281884,52.3271,72.4551
5308296,54.8018,76.0566
5334840,54.8457,75.5049
5361516,53.8086,74.5479
5388324,55.0488,75.3467
5415268,60.4814,74.2197
5442348,54.0938,74.0498
5469560,54.6963,75.1563
5496908,52.6514,73.8252
5524396,54.5723,73.4863
5552020,54.6641,75.4971
5579784,54.3213,74.7871
5607684,56.0225,76.6865
5635724,53.7783,75.2197
5663904,53.3750,73.5684
5692224,56.1270,76.6631
5720688,53.8447,74.4766
5749292,51.8584,72.5605
5778040,53.0127,74.2783
5806932,54.0820,75.7793
5835968,56.5908,78.3936
5865148,55.2188,77.0596
5894476,55.3262,76.3857
5923952,54.8320,76.7510
5953572,80.9590,75.3867
5983340,54.2617,76.2764
6013260,54.8906,75.9541
6043328,53.1982,74.9688
6073548,54.8066,76.7822
6103916,55.2607,77.8115
6134436,54.4551,75.4785
6165112,63.4561,76.1182
6195940,54.5068,75.4893
6226920,51.7480,73.3447
6258056,52.7764,75.3154
6289348,55.0918,76.7432
6320796,55.9668,77.5791
6352400,51.5723,74.1992
6384164,52.7803,73.4004
6416088,53.2754,73.7002
6448172,55.2412,76.7422
6480416,54.5000,80.7568
6512820,55.2178,78.3418
6545388,55.1563,77.7598
6578116,54.7344,77.2803
6611008,56.0928,78.9707
6644064,53.9395,88.0283
6677288,59.1563,78.6885
6710676,56.6191,80.7461
6744232,53.2520,75.0361
6777956,55.2881,86.1074
6811848,53.9111,76.8691
6845908,54.1162,82.7861
6880140,54.9795,78.2070
6914544,52.6650,74.5928
6949120,55.8564,78.7656
6983868,55.3535,79.9150
7018788,53.1836,77.3301
7053884,87.3398,74.9629
7089156,54.1865,76.3408
7124604,63.7803,77.0586
7160228,53.6094,75.8848
7196032,53.7900,79.0234
7232016,52.9141,75.5898
7268180,53.7832,78.2334
7304524,53.6191,77.4600
7341048,54.0576,78.8281
7377756,53.0635,76.0508
7414648,54.7793,78.6992
7451724,53.3174,77.6064
7488984,52.5498,81.8389
7526432,59.6074,80.8438
7564068,82.4785,78.2500
7601892,55.0986,78.4014
7639904,55.6406,79.0684
7678104,56.4199,78.5430
7716496,53.4912,75.5029
7755080,56.0459,80.2012
7793856,73.1016,80.8789
7832828,55.6396,77.7275
7871996,57.1279,80.5332
7911356,55.9346,76.5342
7950916,54.5557,77.5508
7990672,64.6250,78.3760
8030628,55.6895,77.8408
8070784,65.6367,77.4746
8111140,97.6025,88.3818
8151696,53.6934,76.8125
8192456,52.4502,83.4297
8233420,52.9658,76.9854
8274588,54.8232,77.9941
8315964,53.2676,76.0703
8357544,61.1260,77.8555
8399332,59.7910,77.2148
8441332,60.3340,95.4238
8483540,57.3857,77.5938
8525960,60.3271,80.5996
8568592,58.0498,77.9404
8611436,57.2793,76.7607
8654496,58.6621,76.8545
8697772,65.4248,76.7031
8741264,57.7139,76.9297
8784972,60.9902,75.4668
8828900,59.4453,79.9912
8873048,57.9961,77.6904
8917416,57.1123,77.8301
8962004,57.9473,76.8945
9006816,57.6270,74.4307
9051852,55.9785,74.3252
9097112,57.7988,74.2617
9142600,57.2021,75.5713
9188316,59.1211,78.2363
9234260,58.4941,76.6807
9280432,57.6855,74.9590
9326836,57.1006,76.7646
9373472,57.7783,76.1328
9420340,65.2529,78.1611
9467444,57.3574,75.7002
9514784,56.4141,74.6377
9562360,65.4951,75.7969
9610172,56.8535,78.0117
9658224,57.1680,75.8633
9706516,59.8154,79.1348
9755052,58.2969,83.1748
9803828,60.7441,78.5684
9852848,58.4922,77.3604
9902116,58.9951,78.6318
9951628,58.7148,79.6631
10001388,58.1455,77.3135
10051396,59.5781,81.1699
10101656,59.7598,86.3213
10152168,60.5010,82.3916
10202932,60.2236,80.2666
10253948,57.9297,78.6514
10305220,58.1543,77.4893
10356748,56.9512,78.0977
10408532,57.8066,78.9590
10460576,58.2363,78.7266
10512880,58.1260,80.4160
10565448,56.7432,78.0547
10618276,58.2002,80.0098
10671368,60.2529,80.4609
10724728,56.7510,78.8564
10778352,57.7881,78.9443
10832244,59.4014,79.1680
10886408,58.0801,79.3799
10940844,58.1729,89.5156
10995552,58.2559,79.3633
11050532,60.5352,81.0498
11105788,60.2012,80.4961
11161320,58.5938,78.4961
11217128,58.7129,79.1162
11273216,59.2412,81.8809
11329584,60.4395,81.3438
11386232,58.3311,84.1729
11443164,64.2666,82.9600
11500380,68.1680,80.7314
11557884,59.3799,79.2197
11615676,58.0869,88.0645
11673756,58.9980,79.0127
11732128,59.7412,80.7461
11790792,61.8838,83.7529
11849748,62.3750,82.8018
11909000,63.1299,83.4961
11968548,61.2842,82.8994
12028392,74.8750,80.9648
12088536,58.7305,79.2783
12148980,98.6260,104.4795
12209728,61.9834,78.4541
12270780,58.8975,77.4287
12332136,59.3447,77.0420
12393800,61.4072,77.7666
12455772,60.8613,82.3164
12518052,60.1748,84.1963
12580644,58.7617,82.2246
12643548,57.2090,79.0020
12706768,58.5186,80.4570
12770304,109.6592,82.7754
12834156,58.3477,79.4980
12898328,57.5518,77.9883
12962820,60.8730,83.5479
13027636,57.1914,80.3418
13092776,61.6475,84.5020
13158240,59.2217,81.0996
13224032,58.3740,80.8867
13290156,59.2178,80.5869
13356608,101.2227,81.1934
13423392,59.6689,80.6592
13490512,58.4502,81.7588
13557968,57.1299,77.7852
13625760,59.3604,79.6650
13693892,58.5127,78.8252
13762364,59.0186,81.3770
13831176,138.7031,84.9863
13900332,59.9736,81.8213
13969836,59.6396,82.2832
14039688,57.2686,79.1611
14109888,60.7637,84.0986
14180440,57.3418,91.3662
14251344,59.1045,80.9961
14322604,60.0303,84.2705
14394220,65.4990,79.8398
14466192,57.3701,82.2432
14538524,59.6289,91.1826
14611220,57.1387,77.9795
14684280,58.1514,91.5293
14757704,59.9590,81.9824
14831496,58.6006,80.6914
14905656,61.6572,79.5098
14980188,61.8818,85.1787
15055092,71.8857,82.0049
15130368,59.5381,82.6201
15206020,59.3652,81.1611
15282052,60.0557,120.9551
15358464,57.3379,82.4766
15435260,60.0986,83.4023
15512440,56.8809,75.8701
15590004,59.1904,81.0342
15667956,61.2598,79.3721
15746296,57.3408,80.3418
15825028,57.4316,80.5107
15904156,58.2617,79.8789
15983680,68.9229,81.7314
16063600,60.3564,84.6260
16143920,57.8945,81.2461
16224640,58.2285,81.3125
16305764,59.5840,82.4756
16387296,59.7344,90.2617
16469236,57.6094,79.6670
16551584,60.0244,92.4941
16634344,60.2998,92.2949
16717516,59.4033,85.7861
16801104,64.7158,82.1641
16885112,65.6865,83.5195
16969540,66.6621,83.8301
17054388,68.6572,86.5088
17139660,66.9531,83.4854
17225360,66.0889,84.3838
17311488,67.7119,86.8633
17398048,69.2734,88.0820
17485040,66.5732,86.3838
17572468,67.3291,86.3232
17660332,68.6777,86.1699
17748636,64.3994,83.7109
17837380,65.4854,117.5420
17926568,73.9375,85.5977
18016204,67.6602,85.0303
18106288,69.7383,88.0127
18196820,68.2832,85.8760
18287808,130.1484,109.1895
18379248,68.5264,84.8203
18471148,71.3555,89.3955
18563504,67.5068,86.6338
18656324,65.3037,85.6035
18749608,67.0889,85.5811
18843360,66.6943,87.0605
18937580,64.6797,94.4688
19032268,74.0391,96.4707
19127432,81.0010,94.3936
19223072,73.7920,89.4795
19319188,66.6895,91.4336
19415784,75.0518,92.8711
19512864,74.0732,92.4980
19610432,69.4590,90.4980
19708488,67.8076,84.5518
19807032,98.6875,85.6348
19906068,74.6689,90.6436
20005600,70.4277,86.5596
20105628,70.0234,90.6826
20206160,77.2949,92.8135
20307192,75.0947,92.7197
20408728,71.0264,91.9570
20510772,71.2637,90.3057
20613328,71.6104,90.8086
20716396,70.1787,89.0781
20819980,71.2344,90.6377
20924080,71.7744,90.1201
21028704,71.2910,87.8662
21133848,73.9658,108.8828
21239520,76.6592,101.1660
21345720,74.0859,92.8721
21452452,74.5732,98.3936
21559716,77.1631,97.0254
21667516,80.7080,96.1777
21775856,81.8955,92.9004
21884736,80.3896,97.0088
21994160,79.2822,92.3809
22104132,77.2979,92.4297
22214656,77.5947,94.7285
22325732,77.9707,94.6348
22437364,77.1465,98.6152
22549552,78.0068,94.5098
22662300,80.1260,98.5059
22775612,82.7031,93.0127
22889492,83.7764,93.3535
23003940,76.6563,93.3926
23118960,79.1221,96.5703
23234556,76.5459,109.2383
23350732,77.8896,92.4746
23467488,77.1865,89.8975
23584828,82.1191,94.0850
23702756,81.4004,98.4785
23821272,80.1572,105.9463
23940380,85.7861,95.9482
24060084,78.7920,96.4824
24180388,113.2881,116.5146
24301292,82.7969,95.7295
24422800,78.6367,93.6807
24544916,79.1914,94.7627
24667644,81.2178,97.4922
24790984,81.9512,97.3516
24914940,90.6934,97.1406
25039516,103.7246,99.7744
25164716,82.2451,104.2979
25290540,92.4131,102.6055
25416996,85.1641,135.6504
25544084,89.6689,102.8740
25671808,105.8809,100.7373
25800168,86.1123,98.8174
25929172,90.5469,103.8945
26058820,90.2598,103.2412
26189116,92.9766,102.8887
26320064,90.5088,102.6064
26451668,94.5859,102.1758
26583928,90.1943,102.9570
26716848,93.8721,104.7051
26850436,89.3838,108.3408
26984692,92.5664,103.6240
27119616,88.9395,107.4453
27255216,90.7637,107.6514
27391496,182.5088,138.4473
27528456,102.0908,115.5693
27666100,101.9971,116.6494
27804432,113.2305,132.2793
27943456,115.3828,135.3105
28083176,123.0059,131.0049
28223592,110.9268,120.4063
28364712,126.0293,198.3066
28506536,109.2607,118.8135
28649072,104.1025,126.3984
28792320,108.5400,120.1914
28936284,99.0732,113.8652
29080968,102.1650,115.8750
29226376,105.9365,115.9746
29372508,107.8486,121.4561
29519372,104.3965,121.1836
29666972,100.9463,127.5820
29815308,121.2383,124.8525
29964388,107.1016,118.8516
30114212,121.5049,125.3242
30264784,113.3516,125.6045
30416108,131.1650,124.2861
30568192,115.6660,127.2637
30721036,114.2529,206.8662
30874644,165.5889,228.1914
31029020,125.3516,125.5664
31184168,115.4678,127.4395
31340092,114.6250,127.8379
31496796,117.9531,129.3096
31654280,122.0107,120.9570
31812552,117.6445,126.5986
31971616,114.9854,160.3145
32131476,115.7246,128.4590
32292136,120.9258,135.7627
32453600,114.5332,125.2148
32615868,126.4541,139.1816
32778948,122.5879,138.3701
32942844,116.7002,138.4404
33107560,114.7354,135.0469
33273100,117.2578,135.5215
33439468,113.5869,134.2813
33606668,126.9980,143.5977
33774704,126.7686,139.8232
33943580,128.4219,131.5879
34113300,129.3564,141.1211
34283868,128.8330,142.5801
34455288,134.0566,137.5313
34627568,143.1768,139.7314
34800708,136.4980,139.3271
34974712,133.4102,162.0566
35149588,132.1396,140.7559
35325336,148.6748,141.2881
35501964,142.7559,140.0762
35679476,138.6816,137.6387
35857876,137.1885,145.4336
36037168,141.0615,138.6807
36217356,141.1211,154.6172
36398444,140.0986,145.9258
36580440,147.0840,148.4316
36763344,140.5459,145.4844
36947164,129.3242,135.8516
37131900,143.8623,148.8193
37317560,142.2314,150.7393
37504148,144.1396,141.6875
37691672,150.6709,147.0244
37880132,157.0000,144.8369
38069536,138.8213,146.6494
38259884,139.7168,150.0586
38451184,140.0479,142.8955
38643440,149.6465,154.3281
38836660,133.7656,143.2598
39030844,142.1621,146.1924
39226000,144.2607,150.3760
39422132,167.8057,152.5303
39619244,146.7871,152.9727
39817344,148.8965,157.0898
40016432,153.1523,167.4102
40216516,147.2422,154.5449
40417600,155.5977,155.4004
40619688,147.9395,152.8633
40822788,228.1836,153.9873
41026904,163.4453,158.8408
41232040,145.6699,150.8047
41438204,145.1768,152.8975
41645396,150.1348,149.3848
41853624,135.9404,146.8779
42062896,139.5225,149.7295
42273212,150.5684,150.9189
42484580,141.6377,157.9150
42697004,148.0371,154.9160
42910492,149.0430,151.8301
43125048,157.9023,157.0146
43340676,146.8311,151.1719
43557380,145.5479,147.2041
43775168,144.7773,151.2324
43994044,145.3789,147.1094
44214016,225.0674,156.3711
44435088,160.0469,171.0977
44657264,178.8389,147.5986
44880552,154.6660,151.2305
45104956,167.3506,158.0439
45330484,150.3867,160.8682
45557140,157.2725,157.3887
45784928,153.4053,157.2227
46013856,149.0967,157.2031
46243928,149.0684,157.8057
46475148,154.1699,153.7852
46707524,157.5479,165.8779
46941064,198.3232,171.5811
47175772,177.7891,173.9775
47411652,163.1475,174.0283
47648712,162.4473,162.2432
47886956,155.5693,163.7666
48126392,173.9346,185.9160
48367024,182.7891,168.2490
48608860,221.5840,349.3359
48851908,172.8057,170.3457
49096168,161.2891,171.8359
49341652,166.5938,166.8135
49588364,155.0566,179.7686
49836308,227.4150,199.8672
50085492,174.7705,172.1670
50335920,157.9316,176.6367
50587600,167.4951,179.8994
50840540,155.8398,168.2715
51094744,169.6328,171.9873
51350220,166.0947,170.1328
51606972,159.5527,169.1221
51865008,162.1816,172.8242
52124336,173.9941,172.4111
52384960,174.5088,173.8936
52646888,169.9268,172.8994
52910124,163.7979,176.6875
53174676,167.2832,170.0830
53440552,177.2559,195.2012
53707756,170.3467,168.7197
53976296,172.0088,176.6611
54246180,175.7705,246.1299
54517412,170.3936,172.4697
54790000,177.4053,170.5977
55063952,198.8320,168.3467
55339272,174.2959,193.5537
55615972,177.6152,189.3633
55894052,169.9590,205.7012
56173524,187.1836,200.2363
56454392,201.0537,183.8926
56736664,188.1064,190.3809
57020348,178.4775,229.9365
57305452,174.2354,184.2588
57591980,175.3740,226.1611
57879940,178.6992,202.7793
58169340,173.6064,183.7285
58460188,178.9326,189.0518
58752492,181.0332,188.7705
59046256,167.2139,175.1016
59341488,172.3750,189.8770
59638196,171.4072,217.0186
59936388,170.6602,187.1748
60236072,179.0059,181.1943
60537256,178.8340,302.9521
60839944,205.5078,194.4414
61144144,175.1006,242.3633
61449868,190.7617,201.4434
61757120,196.4443,194.8516
62065908,190.9473,206.9932
62376240,189.6143,189.3516
62688124,212.6094,193.6123
63001568,189.4473,196.0889
63316576,190.2617,188.6699
63633160,188.4639,198.1914
63951328,192.9023,187.3945
64271088,187.0313,200.5313
64592444,193.1924,291.9834
64915408,196.2500,195.1924
65239988,200.0576,205.3223
65566188,207.0293,190.9961
65894020,187.5859,190.9600
66223492,197.4805,213.5557
66554612,186.9492,210.3838
66887388,183.2568,201.7979
