4,1.0430,1.2363
8,1.7725,6.6387
12,2.2461,7.9785
16,2.1826,17.9053
20,2.7813,41.5000
24,2.7080,10.9590
28,2.7910,12.1338
32,2.7666,11.8330
36,3.2178,12.0811
40,3.2275,12.8438
44,3.2158,12.9492
48,3.2197,13.2305
52,3.2158,11.0518
56,3.2217,11.5176
60,3.2314,11.4238
64,3.2539,12.3770
68,16.1787,15.3916
72,3.7051,14.4775
76,3.7021,15.0010
80,3.7012,14.7100
84,3.7139,14.9443
88,3.7256,14.5547
92,3.6846,15.1621
96,3.6924,15.3682
100,3.6885,15.5586
104,3.6963,16.5850
108,3.6963,16.6445
112,3.6953,16.6953
116,3.6992,16.7070
120,3.6973,17.0361
124,3.7383,15.3320
128,3.7021,15.6250
132,4.2510,15.5498
136,4.2344,14.8369
140,4.2344,15.1357
144,4.2305,14.9365
148,4.2471,15.5352
152,4.2041,15.6426
156,4.2461,15.0371
160,4.2061,15.0020
164,4.2041,15.7373
168,4.2354,15.1396
172,4.2197,15.3838
176,4.2109,15.2881
180,4.2168,15.8848
184,4.2051,16.0859
188,4.2148,152.2813
192,4.3428,19.2969
196,4.3008,19.8525
200,4.2920,18.9697
204,4.3076,18.9033
208,4.3066,19.0557
212,4.3047,19.4668
216,4.2891,19.6064
220,4.2920,19.7676
224,4.3145,18.5449
228,11.3164,18.4746
232,4.2881,16.6689
236,4.2988,17.4941
240,4.2988,16.6709
244,4.2783,18.8145
248,4.2881,17.1992
252,4.3037,17.1221
256,4.2988,19.1914
260,4.9766,18.5771
264,4.9814,18.3594
268,4.9990,18.0322
272,4.9863,18.0117
276,4.9756,18.1699
280,4.9805,17.6465
284,4.9883,18.2520
288,4.9697,19.0146
292,4.9834,18.4736
296,4.9980,17.9297
300,4.9873,18.1689
304,4.9766,18.9180
308,4.9609,17.9102
312,4.9502,17.9971
316,4.9912,18.3447
320,4.9951,19.2451
324,4.9727,17.6904
328,4.9727,18.4629
332,4.9844,18.4111
336,10.4463,19.9482
340,4.9941,18.5098
344,4.9736,19.5010
348,4.9805,19.4873
352,4.9590,20.0176
356,4.9746,18.7383
360,4.9863,19.6230
364,4.9746,90.5205
368,4.9980,19.3818
372,4.9785,19.0703
376,4.9824,19.7412
380,4.9951,19.6025
384,4.9941,23.5234
388,5.0439,20.1729
392,4.9824,19.2871
396,4.9863,19.7148
400,4.9941,19.9473
404,5.0020,20.2031
408,4.9932,19.8125
412,4.9951,19.8105
416,4.9844,20.5117
420,4.9834,19.7236
424,4.9883,20.7910
428,4.9873,25.8906
432,5.0264,20.2139
436,4.9893,20.5615
440,5.0059,21.1885
444,4.9893,20.8438
448,4.9629,20.7949
452,4.9814,20.2002
456,4.9951,20.1260
460,4.9766,21.5664
464,4.9971,20.6201
468,4.9932,21.2363
472,4.9775,21.2295
476,4.9678,19.9434
480,4.9805,20.6436
484,4.9873,20.0566
488,4.9766,19.2129
492,4.9805,19.8145
496,4.9834,20.4092
500,4.9941,20.1709
504,4.9883,20.0439
508,4.9971,20.2588
512,4.9805,21.8135
516,7.3467,21.1377
520,7.0527,20.1963
524,6.9688,20.8096
528,7.1719,29.3760
532,7.2432,22.0059
536,7.0859,21.5146
540,7.1406,20.9336
544,7.1426,21.3965
548,7.1055,21.1094
552,7.0166,21.1826
556,6.9717,21.0313
560,7.0957,21.2480
564,7.1602,21.5322
568,6.9092,20.8965
572,6.9326,22.3418
576,7.0781,20.7490
580,7.0322,21.4180
584,7.1719,21.4629
588,6.9561,20.9082
592,6.7861,20.6885
596,7.0381,21.8008
600,7.1660,21.5771
604,7.0391,22.3760
608,7.0332,20.8408
612,7.1445,21.8779
616,6.9463,21.6045
620,7.0381,29.3066
624,7.0762,21.6045
628,7.0186,21.8711
632,7.2578,21.9023
636,7.0723,21.1650
640,7.1055,21.4434
644,7.0107,22.0146
648,7.1348,21.8682
652,7.1289,22.5391
656,7.0410,22.4287
660,7.0029,22.2305
664,7.2061,22.3652
668,6.9854,21.8262
672,7.1045,21.3936
676,6.9629,22.1826
680,7.1816,21.9170
684,7.2012,21.6963
688,7.0059,20.3359
692,7.1436,20.7168
696,7.0195,20.2832
700,7.2930,21.0781
704,7.1436,20.4863
708,8.9043,27.7988
712,7.4863,20.2607
716,7.2246,20.5420
720,7.0898,21.0371
724,6.9961,21.1104
728,6.9453,21.0088
732,7.1064,21.2832
736,7.1367,21.0439
740,7.0879,20.3682
744,7.0264,20.0625
748,6.9580,20.0352
752,7.1543,20.7139
756,6.9063,20.1328
760,7.0693,21.0986
764,6.9268,21.1289
768,7.0557,21.7393
772,6.8457,20.5244
776,6.8750,20.4023
780,6.9883,21.3271
784,6.8984,21.6162
788,6.8828,20.6484
792,6.9756,21.0195
796,7.0576,21.2852
800,7.1836,21.3818
804,8.2520,22.0664
812,7.7930,20.8604
820,7.7881,21.1924
828,7.1826,21.5020
836,7.3066,22.8428
844,7.0469,21.8418
852,6.9258,22.0703
860,7.1182,21.9316
868,6.9629,21.1855
876,6.8506,22.0488
884,7.0195,21.2383
892,7.2139,28.7119
900,7.4287,21.6875
908,7.0898,22.1953
916,7.1191,22.5771
924,7.2461,22.4355
932,7.1309,22.1084
940,7.0781,22.3457
948,7.1299,66.8828
956,7.2451,22.0703
964,7.2021,22.9766
972,6.9971,21.9014
980,7.2051,23.3027
988,6.8955,21.5586
996,7.0146,22.6748
1004,6.9932,22.8604
1012,6.9277,22.4766
1020,7.1084,24.0635
1028,12.0400,24.4453
1036,11.6494,25.0762
1044,9.2598,21.9209
1052,9.4785,21.8643
1060,14.5859,23.4941
1068,9.6338,23.1084
1076,9.7900,23.4150
1084,9.6787,22.9932
1092,9.4424,23.0010
1100,9.9316,23.6621
1108,9.7959,23.3984
1116,9.5811,22.4395
1124,9.4551,23.5801
1132,9.6035,23.4971
1140,9.2959,23.3203
1148,9.4688,22.7617
1156,13.2188,23.2959
1164,9.4912,23.4004
1172,9.2959,22.6553
1180,9.4219,22.7773
1188,9.2109,22.8906
1196,9.2393,22.9160
1204,9.2646,21.5947
1212,9.4512,23.3232
1220,9.4375,23.4736
1228,10.0059,24.6631
1236,9.5488,23.2314
1244,9.3467,23.3975
1252,9.0215,22.0381
1260,9.4453,23.2402
1268,9.2471,23.0879
1276,9.4531,23.9326
1284,9.1504,22.5293
1292,9.3350,22.6045
1300,9.1807,22.7090
1308,9.5996,22.9326
1316,9.4971,23.6152
1324,9.3271,22.8154
1332,9.2090,22.5918
1340,9.3428,23.0859
1348,9.4336,23.8320
1356,9.2490,22.4150
1364,9.4463,23.0391
1372,9.3789,23.2803
1380,9.3379,22.6162
1388,9.6494,55.3125
1396,11.4746,27.7354
1404,11.4102,28.5850
1412,10.7842,26.9883
1420,10.6436,26.3252
1428,10.5625,26.4121
1436,10.9189,27.2725
1444,10.7754,27.0039
1452,10.3516,26.0684
1460,10.2891,25.6426
1468,10.3975,26.0889
1476,10.0205,26.1338
1484,9.8350,25.3213
1492,9.4277,23.4619
1500,9.5586,24.4883
1508,9.2002,23.6250
1516,9.5527,23.3154
1524,9.3994,24.3242
1532,9.3311,23.3555
1540,9.1680,23.6055
1548,9.1406,24.3828
1556,9.1299,24.7090
1564,9.2939,23.5098
1572,9.2871,23.8848
1580,9.0439,23.4277
1588,9.1064,22.7725
1596,9.3418,23.6445
1604,9.2803,23.6279
1616,9.1621,23.1201
1628,9.0498,23.3135
1640,9.4609,24.2646
1652,9.2783,24.0586
1664,9.2510,23.9912
1676,9.0986,22.7754
1688,9.2588,24.4033
1700,9.6445,25.2041
1712,9.7109,26.0566
1724,8.9824,23.6895
1736,9.3652,23.2471
1748,9.3115,23.4170
1760,9.1992,23.1582
1772,9.6650,23.7676
1784,10.5986,24.5889
1796,9.1826,23.8965
1808,9.0801,23.4580
1820,9.1260,23.8994
1832,9.0430,23.4668
1844,9.4492,25.3203
1856,9.1387,24.3652
1868,9.4355,24.3164
1880,9.0098,25.0439
1892,9.2197,24.3018
1904,9.7363,25.0088
1916,9.2148,25.1348
1928,9.5518,25.1250
1940,9.4951,24.1348
1952,9.4521,23.4619
1964,9.7373,25.0195
1976,9.2061,23.8408
1988,8.9932,24.8301
2000,9.5537,25.3779
2012,9.6748,24.8066
2024,9.7217,24.9229
2036,9.4004,25.9668
2048,9.2256,26.8604
2060,13.2275,26.3682
2072,12.7510,25.7715
2084,12.9355,26.1650
2096,12.1797,25.3193
2108,12.6523,26.9775
2120,12.2080,25.0645
2132,12.1914,25.4111
2144,12.4287,26.3545
2156,12.2158,25.7588
2168,12.5215,25.9863
2180,12.9785,26.6670
2192,12.5244,25.9580
2204,12.7930,26.8477
2216,12.4102,27.0039
2228,12.3682,26.1299
2240,12.8867,27.1904
2252,13.0752,27.9404
2264,12.2383,26.0752
2276,12.4092,25.7939
2288,12.7139,26.1855
2300,12.3691,25.8379
2312,12.3760,25.0889
2324,12.3066,26.0049
2336,12.8604,26.6357
2348,12.5566,25.6240
2360,12.2129,26.5947
2372,12.3477,26.4678
2384,12.2178,25.8047
2396,12.2432,25.3311
2408,12.3896,25.7646
2424,12.3057,26.9248
2440,12.2148,25.9189
2456,12.3418,26.6377
2472,12.4863,25.8408
2488,29.3525,53.0039
2504,11.8457,27.2832
2520,11.8135,26.3457
2536,11.3975,26.5762
2552,11.5410,26.8057
2568,11.6689,26.2197
2584,11.6191,25.9189
2600,11.3936,25.9443
2616,11.4258,26.7383
2632,11.6191,26.3887
2648,11.4199,26.2041
2664,11.4258,26.4219
2680,11.9697,27.9404
2696,11.8936,26.9639
2712,11.7139,26.9863
2728,11.6484,26.3105
2744,11.6797,26.6250
2760,11.7100,26.9092
2776,11.8789,27.4746
2792,11.7041,26.8135
2808,11.8623,27.1602
2824,11.7773,26.8486
2840,11.5244,27.4775
2856,11.8125,26.5811
2872,11.6436,26.4707
2888,11.7676,27.9160
2904,11.8818,27.1289
2920,11.9697,27.8672
2936,12.0840,28.1025
2952,11.5654,26.3262
2968,11.9639,27.4014
2984,11.9111,27.7461
3000,11.7275,27.7031
3016,11.8945,27.6816
3032,11.5645,27.0371
3048,11.7744,27.5215
3064,11.9951,27.5957
3080,11.7100,27.9502
3096,12.1582,28.4414
3112,11.8564,27.4111
3128,11.7871,27.8311
3144,12.2490,28.7061
3160,11.7969,28.1084
3176,11.5420,27.3594
3192,11.8652,27.7637
3208,11.9629,28.2129
3228,11.9932,28.2080
3248,11.5996,26.6914
3268,11.6953,27.3301
3288,11.7930,27.5869
3308,11.7725,27.5479
3328,11.7354,28.2432
3348,11.8750,28.6816
3368,11.8838,27.8652
3388,11.9238,28.4775
3408,12.7197,27.4893
3428,11.6367,27.3203
3448,11.5518,27.6416
3468,11.6055,26.7715
3488,11.7275,28.2578
3508,11.5371,27.1621
3528,11.6934,27.9541
3548,11.8770,28.7412
3568,11.6777,28.4961
3588,12.0508,28.7549
3608,11.5469,28.5117
3628,11.7119,27.6094
3648,11.4590,27.6865
3668,11.6377,28.0078
3688,11.5615,27.5547
3708,11.6973,28.0732
3728,11.6055,28.2305
3748,11.8262,28.2568
3768,12.0850,28.6230
3788,11.5625,28.0928
3808,11.5996,28.5918
3828,11.8594,28.4912
3848,11.9404,29.1563
3868,11.4775,28.0859
3888,11.7041,28.3369
3908,11.6514,27.8779
3928,11.5889,27.4258
3948,11.7744,28.3350
3968,11.5879,28.5898
3988,11.4307,28.4111
4008,11.3340,27.4600
4032,12.0039,29.4795
4056,11.3887,27.4150
4080,11.5371,32.9932
4104,17.0752,40.2490
4128,16.6260,29.9092
4152,17.9355,29.3232
4176,16.1670,29.2344
4200,17.0293,30.2793
4224,17.2305,30.5547
4248,16.5234,29.3447
4272,16.1025,29.7129
4296,16.7197,29.9961
4320,16.3145,29.6289
4344,17.2656,31.1221
4368,16.6650,30.3984
4392,16.8174,30.2969
4416,16.4512,29.4912
4440,17.4355,30.5381
4464,16.3525,29.0996
4488,16.6436,29.9023
4512,16.7939,31.5020
4536,16.3574,29.1123
4560,16.3750,29.7119
4584,16.3506,30.8975
4608,14.2646,29.9648
4632,14.3145,29.8203
4656,14.2227,30.3535
4680,14.2549,29.8301
4704,14.4648,30.5693
4728,13.5811,29.0605
4752,13.6631,28.7188
4776,13.9092,29.8623
4800,13.7959,29.0762
4824,14.4092,30.6387
4852,14.1045,29.9248
4880,14.2832,30.5449
4908,13.5986,29.0322
4936,13.9854,30.0049
4964,14.1553,30.0732
4992,13.9141,29.8447
5020,14.1064,29.2637
5048,14.4307,30.6328
5076,14.1631,30.0215
5104,13.8857,29.8408
5132,14.1289,30.0361
5160,14.2783,29.8115
5188,13.9658,29.5557
5216,14.1045,30.2109
5244,13.8936,29.7939
5272,14.0029,29.4395
5300,13.9404,29.8135
5328,13.9326,29.7617
5356,13.9521,29.4209
5384,13.9199,29.7803
5412,13.8037,30.2324
5440,14.0195,30.4785
5468,14.1328,29.7686
5496,13.8672,29.6885
5524,14.6885,30.9316
5552,13.7354,29.9912
5580,15.3174,30.0791
5608,14.0225,30.5371
5640,14.0059,30.9941
5672,13.8096,29.3789
5704,13.9678,29.5615
5736,14.2197,31.4482
5768,13.8018,29.6182
5800,13.4717,28.7090
5832,14.2363,30.8467
5864,14.0762,30.2881
5896,14.0244,30.6602
5928,14.0674,30.8193
5960,13.6680,29.4658
5992,13.9492,29.2822
6024,14.1641,30.9805
6056,14.0273,30.3164
6088,14.0088,31.0684
6120,14.4277,30.0254
6152,13.8838,29.5381
6184,14.4111,30.8340
6216,14.0928,30.8857
6248,14.0889,30.0645
6280,13.9395,34.3330
6312,15.8896,32.1563
6344,15.4131,31.5713
6376,14.1680,30.7578
6408,14.2646,30.5986
6444,14.2363,30.9844
6480,14.0195,31.1201
6516,13.8994,30.1260
6552,14.1875,30.7119
6588,14.0557,30.8701
6624,14.0479,31.3623
6660,14.3545,32.4209
6696,14.3438,31.3623
6732,13.9346,30.7422
6768,13.7178,31.0322
6804,13.9883,30.7959
6840,14.0127,30.8301
6876,14.0947,31.1836
6912,14.2793,30.9746
6948,14.1914,38.7637
6984,14.3945,30.7627
7020,14.5215,31.4639
7056,13.8857,30.7197
7092,14.0723,30.8115
7128,14.2334,31.0000
7164,14.3906,32.0371
7200,13.8916,31.0752
7236,14.2295,31.4277
7276,13.8516,30.3457
7316,14.2734,32.1943
7356,14.2344,31.8564
7396,14.3252,31.2012
7436,14.0488,31.5938
7476,13.9014,31.6650
7516,14.0918,31.6221
7556,14.1445,31.6650
7596,13.9092,31.6641
7636,13.6875,32.0840
7676,15.8525,31.2402
7716,13.9092,31.4004
7756,13.9951,31.7402
7796,14.0615,31.3574
7836,13.8135,31.7109
7876,13.7031,31.7275
7916,14.0518,31.6377
7956,14.1963,31.9150
7996,13.5771,29.8623
8036,14.5127,33.0098
8080,14.1787,32.2305
8124,14.2842,31.6982
8168,13.7139,30.6484
8212,19.1934,32.2939
8256,16.8262,33.3555
8300,17.2139,33.2119
8344,16.8643,32.6064
8388,16.4375,32.2725
8432,16.2461,30.7861
8476,16.1885,31.5811
8520,16.0508,31.7939
8564,15.9980,31.6104
8608,16.0947,31.1357
8652,15.7959,30.1406
8696,16.8506,32.9824
8740,16.2793,32.0605
8784,16.2549,31.5479
8828,16.4209,32.1572
8876,16.4873,32.3145
8924,16.5303,32.2852
8972,16.0811,31.0137
9020,16.1182,30.8945
9068,15.7441,30.6973
9116,16.3057,32.1670
9164,16.7246,32.6602
9212,16.4805,33.1143
9260,16.1270,31.4756
9308,16.4629,53.0127
9356,15.8662,31.0381
9404,15.9502,30.4209
9452,16.4072,32.4268
9500,16.9248,33.0254
9548,16.2480,32.3525
9596,16.0342,31.7031
9644,22.0078,32.0020
9696,16.4141,32.5791
9748,16.8174,33.2412
9800,16.2285,31.7568
9852,16.2666,32.1689
9904,16.2568,31.5225
9956,16.2178,31.9209
10008,16.9033,33.0371
10060,16.2695,32.7344
10112,16.6201,32.1055
10164,16.1084,31.7432
10216,15.8770,32.1104
10268,16.0527,32.0508
10320,15.5654,31.7363
10372,15.8027,31.6709
10424,16.4570,32.9971
10480,15.9551,32.0322
10536,16.4531,31.6963
10592,16.5186,32.3994
10648,16.2246,31.9219
10704,16.0830,32.8682
10760,16.3584,32.2949
10816,15.8945,31.8027
10872,16.1289,32.6338
10928,15.9756,32.4980
10984,16.2998,32.5645
11040,16.1475,32.2793
11096,16.1934,32.4063
11152,16.4219,33.1514
11208,16.2490,31.7559
11268,16.2207,32.2822
11328,16.5352,32.9473
11388,15.9238,32.4756
11448,15.9287,31.7324
11508,16.3711,33.0977
11568,16.7656,32.9170
11628,16.4248,32.5244
11688,16.0313,31.6494
11748,16.0381,31.2988
11808,16.0596,32.2568
11868,16.4473,33.3516
11928,16.3574,33.1475
11988,15.9590,32.7852
12048,16.5039,33.4336
12112,16.4854,33.0098
12176,16.8438,32.9805
12240,16.1289,32.5566
12304,16.3584,32.5381
12368,16.0498,31.7666
12432,16.5176,33.0342
12496,15.7744,31.8076
12560,16.7471,33.4883
12624,16.2949,33.4473
12688,16.2646,33.3057
12752,16.4648,33.0459
12816,16.7490,33.2500
12884,16.5225,34.1260
12952,16.7793,33.1475
13020,16.4229,32.6699
13088,16.3672,33.0215
13156,16.5635,33.5303
13224,16.3760,33.2754
13292,16.5439,37.8975
13360,16.6768,32.8027
13428,16.7432,33.3115
13496,16.2949,33.5596
13564,16.3867,33.6982
13632,16.8506,33.9131
13704,17.0771,33.9697
13776,16.4873,33.2998
13848,16.0342,32.5313
13920,16.6143,33.8506
13992,17.3740,33.4580
14064,16.1797,33.1260
14136,16.2012,33.1221
14208,17.2969,34.9258
14280,16.2705,33.6318
14352,16.5283,33.8994
14424,16.1357,33.6016
14500,16.5332,33.2793
14576,16.1875,33.6436
14652,16.3086,33.6396
14728,16.5273,33.7520
14804,16.2813,32.9688
14880,16.5801,33.4717
14956,16.3418,33.1660
15032,16.1875,34.1475
15108,16.3418,33.4678
15184,16.4170,33.7168
15260,16.3848,32.9863
15340,16.5078,34.4639
15420,16.3281,34.4414
15500,16.0732,33.6709
15580,17.0264,33.3857
15660,16.1787,34.1934
15740,15.6367,32.3232
15820,16.0938,33.6436
15900,16.5088,34.8682
15980,16.9258,34.0020
16060,16.5586,34.5049
16144,16.7705,34.3828
16228,16.2715,33.7490
16312,16.0781,33.7275
16396,20.4092,35.1201
16480,20.6807,35.6074
16564,20.5459,35.5469
16648,19.6875,34.1953
16732,20.1230,34.5840
16816,20.7217,34.7559
16904,20.0254,34.3262
16992,19.7305,34.6592
17080,20.0098,35.0488
17168,20.0078,34.5801
17256,19.7617,34.5576
17344,19.8564,34.1348
17432,19.6162,33.7090
17520,20.1777,34.9355
17608,19.7578,34.2783
17700,19.8086,34.6777
17792,19.6660,34.5537
17884,19.3086,34.8965
17976,18.8848,34.5938
18068,19.2432,34.8203
18160,18.3682,34.1943
18252,18.2227,32.6133
18344,18.3252,33.8857
18436,22.2939,33.8867
18532,19.4404,35.3281
18628,18.2715,34.2568
18724,18.7598,34.6025
18820,19.1084,35.4111
18916,18.6182,34.4990
19012,18.3711,33.8105
19108,18.4033,34.2715
19204,18.0225,33.8457
19304,18.7715,34.9268
19404,18.6396,33.6895
19504,18.9922,35.3574
19604,18.3740,34.2383
19704,18.7676,34.7666
19804,18.3379,34.9131
19904,18.5361,34.1592
20004,18.7451,35.2510
20108,18.5605,34.4717
20212,18.2686,34.0957
20316,18.4902,34.2666
20420,18.4873,34.6807
20524,18.3643,34.5762
20628,18.8516,35.8389
20732,18.5732,34.8672
20836,19.0381,35.8008
20944,18.4785,34.2646
21052,18.7441,34.7520
21160,18.1250,34.0049
21268,18.7383,34.7295
21376,27.9717,35.4043
21484,18.9434,35.1875
21592,18.6270,34.3037
21700,18.2734,34.1885
21812,18.9375,35.0156
21924,18.4307,34.6025
22036,18.7236,34.7012
22148,18.6191,34.9141
22260,18.4619,34.7676
22372,17.8193,34.5762
22484,18.5830,33.8418
22600,18.3398,34.7988
22716,18.7168,35.4395
22832,18.3887,35.2715
22948,17.9512,34.5518
23064,18.4023,35.4805
23180,18.5918,34.1455
23296,18.8701,35.2393
23416,17.6445,33.4033
23536,18.8037,35.7725
23656,19.0215,36.2510
23776,18.4482,35.8809
23896,19.0352,35.2168
24016,18.9404,35.2617
24140,18.9092,35.2285
24264,18.5313,34.8896
24388,19.0098,36.3701
24512,18.7715,35.0469
24636,18.8867,34.7402
24760,18.3457,35.0029
24884,18.1406,33.8174
25012,18.7285,35.2871
25140,18.4902,39.1865
25268,19.0918,35.9580
25396,18.6953,35.0469
25524,18.6348,35.1816
25652,18.5664,35.4766
25784,18.4697,35.9336
25916,19.0059,35.6602
26048,18.5820,35.2451
26180,18.6768,36.5244
26312,19.0039,36.0332
26444,18.4883,35.0889
26580,18.8027,35.7598
26716,18.6475,34.3066
26852,18.7295,36.2939
26988,18.8271,35.3125
27124,18.6035,36.0918
27260,18.4170,34.4932
27400,18.2734,34.9834
27540,18.4268,35.7871
27680,18.9229,36.3301
27820,18.5566,35.0898
27960,18.4238,35.3262
28100,18.0615,34.7949
28244,18.2520,34.6084
28388,37.7568,34.4238
28532,18.8496,36.0264
28676,18.2764,35.1162
28820,19.1455,37.6309
28968,18.4805,34.8350
29116,18.6016,35.4658
29264,18.4033,35.1133
29412,17.9307,33.6826
29560,18.1143,33.9873
29708,18.3477,35.0918
29860,18.3740,36.2285
30012,18.5781,35.3604
30164,17.9775,35.6094
30316,18.5625,37.5664
30468,19.2900,36.3887
30624,19.0020,36.9121
30780,18.4863,35.0352
30936,18.6875,36.6748
31092,17.8682,34.8994
31248,18.1855,35.0898
31408,18.3730,35.2617
31568,19.0674,36.8281
31728,18.2607,35.5781
31888,18.0762,34.4814
32048,18.6172,36.6143
32212,18.3691,36.3564
32376,18.3906,36.2236
32540,18.6855,36.4580
32704,18.5313,36.2676
32868,25.0518,38.1074
33036,24.1289,36.5049
33204,24.6201,37.1396
33372,23.9893,36.7686
33540,24.4570,37.0762
33708,24.1445,36.2256
33880,24.4404,36.9775
34052,23.2012,42.9746
34224,23.8154,35.8506
34396,23.5596,35.9121
34568,24.3916,36.9707
34744,24.0498,36.8916
34920,23.7334,37.2666
35096,23.9326,36.2676
35272,24.2129,36.3750
35452,24.3174,37.2383
35632,23.4971,36.4805
35812,24.3506,36.7354
35992,24.3574,37.2461
36172,24.1426,37.2305
36356,24.5059,37.8408
36540,23.8584,37.3525
36724,22.5508,36.8447
36908,21.5029,36.7070
37096,21.2412,35.8877
37284,22.2119,37.5566
37472,21.1104,36.1777
37660,21.6914,37.0215
37852,21.5664,36.2686
38044,21.4023,37.0225
38236,21.1602,36.0938
38428,21.2598,36.6523
38624,20.9531,36.3760
38820,21.7686,37.7178
39016,21.4209,37.2461
39212,21.5068,36.7783
39412,21.2275,36.6113
39612,20.4395,35.7383
39812,21.6064,37.3672
40012,20.8564,35.7178
40216,21.2793,37.5713
40420,21.3398,37.1484
40624,20.6758,35.6582
40828,23.9873,36.0703
41036,21.2920,36.5176
41244,21.4326,36.8496
41452,21.5186,36.7842
41660,20.8457,35.9746
41872,21.7178,37.6006
42084,21.5732,37.4717
42296,20.8779,35.9365
42508,21.7188,38.4346
42724,21.3379,36.3926
42940,21.3223,36.6865
43156,21.4814,37.6807
43372,21.0273,36.9629
43592,21.5557,37.5225
43812,20.8496,36.6406
44032,20.8506,36.0010
44256,21.5918,38.1289
44480,20.5576,36.0010
44704,21.0586,37.5693
44928,21.1611,37.1807
45156,21.6709,37.9629
45384,21.9434,39.7207
45612,21.9277,37.2139
45844,21.2012,37.1904
46076,21.4912,36.9072
46308,21.3271,37.6885
46540,21.3818,38.0059
46776,21.5264,37.5137
47012,21.4717,37.3535
47248,20.5049,36.0947
47488,21.2959,37.8037
47728,20.7842,36.8652
47968,20.8213,37.6426
48208,21.2285,37.6611
48452,21.1416,37.8320
48696,21.2256,37.5371
48940,20.7197,36.4238
49188,21.3232,36.8203
49436,20.7305,35.9014
49684,21.0117,37.0996
49936,20.8896,37.1523
50188,20.9102,38.7354
50440,22.1084,38.5117
50696,21.3135,37.8516
50952,20.8672,36.6553
51208,20.9844,36.9248
51468,20.6885,36.4893
51728,21.5020,37.7969
51988,21.1260,37.1709
52248,21.4512,37.8447
52512,21.1797,38.1914
52776,20.4502,36.3359
53040,20.8291,37.8027
53308,21.5449,38.3887
53576,21.5723,38.0342
53844,21.4707,38.1885
54116,21.2881,37.3740
54388,20.1514,36.4648
54660,20.8828,37.9199
54936,21.2324,38.1963
55212,21.5313,38.3955
55492,20.7539,37.0508
55772,21.1904,38.2393
56052,21.1699,38.3623
56336,21.0742,37.1787
56620,21.1895,37.6611
56904,21.3076,37.6416
57192,21.6299,39.5625
57480,21.7129,39.4551
57768,21.4072,38.6631
58060,20.6729,37.9512
58352,21.7363,38.7803
58644,21.3096,37.6807
58940,21.3984,39.3008
59236,20.7949,38.6973
59536,20.7617,39.0244
59836,20.8096,38.6699
60136,25.2646,37.7959
60440,20.9902,38.1299
60744,20.4258,37.1338
61048,20.8027,38.3418
61356,20.5068,38.4648
61664,20.5566,38.1270
61976,21.0410,38.9805
62288,43.6045,42.0107
62600,21.4629,40.8730
62916,22.1533,40.9229
63232,21.5293,40.0605
63552,20.3867,38.8359
63872,20.8174,39.2314
64192,21.7051,40.5732
64516,21.6611,40.6484
64840,22.4824,40.8809
65168,21.8887,39.7988
65496,20.9102,38.2441
65824,28.5918,47.3623
66156,26.6338,37.7012
66488,27.9990,40.2871
66824,27.9160,40.8447
67160,27.2090,39.5596
67496,27.2129,39.4004
67836,27.4277,39.5732
68176,26.9561,38.9570
68520,27.4492,40.1768
68864,27.3203,39.1250
69212,26.7168,38.7070
69560,25.9717,38.8271
69908,25.7402,39.0420
70260,24.5107,39.4414
70612,24.2783,39.1064
70968,24.3125,39.8887
71324,24.4014,39.6582
71684,24.4629,46.1641
72044,24.3174,40.0293
72408,24.7852,40.0449
72772,24.0195,39.7305
73136,23.5156,38.9316
73504,23.3350,37.8936
73872,24.6475,40.3203
74244,24.7959,40.1621
74616,25.7363,40.3311
74992,24.9814,38.7979
75368,24.3896,39.2432
75748,24.5918,39.2686
76128,29.7188,70.0293
76512,24.8330,39.8467
76896,24.9785,40.3740
77284,24.9209,39.6055
77672,25.2764,41.5205
78064,25.1084,40.7754
78456,25.0215,39.8359
78852,24.4346,40.9424
79248,24.9697,41.9619
79648,24.8965,40.0332
80048,25.0547,40.7715
80452,23.9893,44.7559
80856,24.0947,39.9912
81264,23.8984,39.6055
81672,24.2393,39.8740
82084,23.9775,40.5703
82496,24.1104,38.8027
82912,24.2852,39.7754
83328,24.7354,40.4199
83748,25.6533,42.4834
84168,23.7119,40.0078
84592,23.7012,40.1943
85016,24.1270,39.8740
85444,29.9111,49.9863
85872,23.8350,39.5654
86304,25.1523,41.1904
86736,24.8115,41.1738
87172,24.5137,41.1035
87608,24.3359,40.4570
88048,23.7461,39.7207
88492,24.0176,39.2275
88936,24.4990,41.2480
89384,24.0195,39.7861
89832,24.2227,40.6855
90284,24.7158,54.5078
90736,23.4023,39.3281
91192,24.9805,41.7783
91648,24.1934,41.4619
92108,24.2070,40.4023
92572,24.0547,40.6650
93036,27.7354,41.4375
93504,26.9043,40.2275
93972,26.6631,40.3877
94444,25.9990,40.1846
94920,26.3398,40.6680
95396,25.5420,44.9863
95876,26.5605,41.1895
96356,25.9492,40.0488
96840,25.3154,39.4512
97328,25.6748,40.2666
97816,26.4580,41.2324
98308,25.8350,40.1445
98800,26.0801,40.5986
99296,25.7207,39.9033
99796,26.3369,41.1143
100296,26.4072,41.5137
100800,27.0791,42.9727
101304,25.6104,40.3408
101812,26.5068,40.8994
102324,25.7803,40.9238
102836,25.7031,40.4023
103352,25.3574,40.5313
103872,24.6416,42.1318
104392,24.7568,41.5947
104916,26.0527,43.1924
105444,24.9385,41.4385
105972,24.9316,41.3398
106504,24.2139,40.7100
107040,31.3711,41.6367
107576,24.3164,41.1777
108116,24.6445,41.4570
108660,24.4209,41.8066
109204,23.8438,40.9160
109752,24.4395,41.7686
110304,25.0938,42.0977
110856,24.5088,41.5225
111412,23.7617,40.5654
111972,25.0723,42.7637
112532,24.6650,42.4316
113096,24.2715,48.9600
113664,23.4902,39.6523
114236,25.0986,43.1826
114808,23.7773,48.8252
115384,24.1729,41.5938
115964,23.9102,41.4023
116544,24.9502,41.6885
117128,24.5332,42.1426
117716,23.3760,40.6074
118308,23.4404,40.5488
118900,24.3301,42.1172
119496,24.0322,41.8545
120096,23.8613,40.5811
120700,24.6924,43.0703
121304,25.1279,41.7314
121912,24.9023,42.6279
122524,25.3135,42.9189
123140,24.6563,41.7734
123756,24.3350,40.8896
124376,24.8105,41.7803
125000,25.8389,44.9717
125628,24.2949,41.7178
126260,25.2012,43.0430
126892,29.1572,40.1670
127528,24.4102,42.2402
128168,24.6582,42.2773
128812,24.1328,40.3955
129460,23.2646,39.3789
130108,24.2891,41.4619
130760,24.8652,43.1260
131416,28.6094,42.8506
132076,28.7295,43.7588
132740,28.2188,43.0566
133404,28.4043,47.4971
134072,28.4658,43.5400
134744,27.7744,42.9561
135420,27.6172,41.1582
136100,28.0303,41.9541
136784,27.3623,41.5723
137468,28.5488,43.7822
138156,27.4668,42.0215
138848,27.0078,42.3525
139544,27.9385,42.8604
140244,28.6436,43.0264
140948,28.1582,43.5557
141656,28.6982,43.2080
142368,28.0029,43.4473
143080,28.5703,43.7031
143796,27.8750,43.3135
144516,28.2031,43.4229
145240,28.0801,42.9443
145968,27.6240,43.8184
146700,27.7080,43.3076
147436,27.4043,43.3076
148176,26.7324,119.7656
148920,63.8135,43.5215
149668,27.6084,43.0059
150420,27.0791,42.1279
151176,27.3730,43.0684
151932,27.9932,43.3174
152692,28.0391,43.3818
153456,26.9014,42.5420
154224,27.3691,42.1641
154996,28.0986,42.5850
155772,28.8359,43.2295
156552,28.1807,43.0127
157336,28.4648,42.1943
158124,27.7285,41.1299
158916,28.1592,42.7920
159712,27.5537,42.8535
160512,28.6680,44.2080
161316,27.9688,42.2158
162124,27.4229,41.6064
162936,28.0654,43.3760
163752,27.5723,42.6475
164572,29.1650,43.1523
165396,27.9854,43.4688
166224,27.5117,42.8604
167056,26.7158,41.3916
167892,27.9756,43.1660
168732,27.8125,43.0107
169576,28.9219,44.2119
170424,27.4209,41.7949
171280,28.2568,43.2646
172140,27.9951,42.4736
173004,28.0693,66.1807
173872,28.1299,43.0137
174744,29.1807,45.0938
175620,27.9775,43.6602
176500,27.3135,41.6572
177384,27.9668,43.6406
178272,27.7852,42.8076
179164,27.3076,43.1416
180060,27.5986,44.0352
180964,26.0303,41.2725
181872,27.9941,44.4111
182784,28.5225,44.0439
183700,27.3135,42.6807
184620,27.8047,43.9688
185544,27.9004,44.1006
186472,27.9893,45.4902
187408,27.6348,43.6299
188348,27.6924,43.6494
189292,26.7314,42.9814
190240,27.0010,42.4434
191192,27.7236,43.8262
192148,27.7021,43.8516
193112,27.3350,43.6738
194080,27.3896,43.1953
195052,26.6484,42.3262
196028,27.5586,43.7148
197012,26.9629,43.1719
198000,28.5791,45.6152
198992,27.8574,43.8330
199988,27.3965,44.2695
200988,25.7500,41.6934
201996,26.8369,42.4414
203008,26.7686,42.6426
204024,26.5898,42.1406
205048,27.4238,44.0674
206076,27.1045,44.3018
207108,27.8008,45.0547
208144,28.3857,49.4121
209188,28.2910,45.0342
210236,27.7764,44.9023
211288,26.4063,42.4990
212348,27.9717,45.1699
213412,27.8936,43.1152
214480,27.0791,42.9688
215556,27.7012,44.2500
216636,27.8506,44.9492
217720,27.4609,43.7207
218812,29.5781,44.6816
219908,28.0869,43.1270
221008,27.9727,44.4287
222116,28.1670,45.8516
223228,27.9482,44.8389
224348,27.7578,44.3340
225472,27.9043,44.5029
226600,28.3477,44.7930
227736,28.1260,44.6797
228876,27.2979,44.6025
230024,27.1797,43.2139
231176,27.9170,44.6426
232332,37.3828,44.5117
233496,28.3516,43.9619
234664,27.8125,44.0117
235840,26.7432,42.7432
237020,27.2227,43.3936
238208,26.7930,42.7783
239400,27.0332,43.4443
240600,27.6152,44.7910
241804,30.0850,46.0420
243016,27.8125,44.7295
244232,28.4434,44.1084
245456,28.4785,43.8047
246684,28.0947,42.5029
247920,29.6514,47.2539
249160,28.2041,43.7510
250408,29.0459,45.1416
251664,30.5117,46.8096
252924,28.1592,46.3662
254192,29.0537,47.1270
255464,28.0029,45.2578
256744,28.2627,46.3584
258028,29.0020,46.8545
259320,28.2275,45.0791
260620,27.4912,44.8447
261924,30.0654,48.2793
263236,32.0742,46.8125
264556,31.8408,46.5234
265880,31.6123,47.1221
267212,31.5439,45.9004
268552,32.7402,54.8994
269896,30.8799,45.3779
271248,31.9150,46.2900
272608,31.5645,46.0469
273972,31.3857,46.4570
275344,32.7070,46.7598
276724,30.4795,45.1621
278108,31.8203,46.7080
279500,31.5889,46.1035
280900,29.8096,44.0625
282308,30.7197,45.4502
283720,31.5107,48.0830
285140,30.9248,46.1318
286568,31.3779,46.0605
288004,31.1787,46.0625
289448,31.2266,46.1055
290896,30.5488,46.7305
292352,31.0879,45.9053
293816,32.5586,47.7080
295288,31.0059,45.7803
296768,32.1504,48.0234
298252,31.9297,47.3057
299744,33.6328,48.9180
301244,31.6895,47.0693
302752,31.6563,46.7852
304268,31.4033,46.6963
305792,31.8193,46.9766
307324,31.1172,45.8320
308864,30.1201,44.8174
310412,31.2246,46.3613
311968,30.8135,45.3438
313528,30.9141,45.8457
315096,29.9492,45.2676
316672,31.6436,46.3232
318256,30.7178,47.7354
319848,29.6406,44.9570
321448,30.9082,46.3193
323056,30.8555,46.6504
324672,30.8047,46.3193
326296,31.7373,47.6582
327928,31.1455,46.7256
329568,30.6084,46.9307
331216,31.5020,47.5566
332876,31.4736,48.0498
334544,32.0586,48.4980
336220,30.5127,46.8193
337904,31.1553,46.8262
339596,31.1016,47.3828
341296,30.6133,52.4883
343004,29.9844,44.6182
344720,30.4863,46.9209
346444,30.7861,68.4922
348180,30.4199,46.4941
349924,31.9395,48.5010
351676,31.2051,47.7441
353436,31.2959,48.5215
355204,30.2461,46.5254
356984,32.4873,48.6143
358772,31.5586,47.3320
360568,32.0547,48.2129
362372,29.8477,45.6563
364184,32.1436,47.7041
366008,32.4736,47.7314
367840,30.6924,46.0117
369680,29.7842,45.2529
371532,31.1055,46.2627
373392,30.9189,46.0723
375260,30.4414,45.0537
377140,31.5684,48.4307
379028,30.9463,47.5615
380924,31.0752,47.0303
382832,31.5049,47.3516
384748,32.8359,50.3301
386672,31.8066,47.9814
388608,31.4736,47.6396
390552,33.4795,47.4502
392508,33.6338,47.2793
394472,32.5381,46.9961
396448,30.5488,45.0283
398432,45.3818,50.2285
400428,30.6094,47.4736
402432,31.1064,48.6846
404448,32.1436,49.8799
406472,30.5879,47.9443
408508,31.6572,49.7109
410552,30.5264,48.2285
412608,30.5791,48.9053
414672,31.5205,56.5479
416748,30.8389,49.3721
418832,31.4609,49.7441
420928,30.9072,49.0596
423036,31.5459,49.3145
425152,30.5889,48.7480
427280,32.7148,47.4424
429420,32.9512,48.2041
431568,33.0693,49.1084
433728,38.2627,57.8242
435900,32.0947,47.2295
438080,32.4883,48.4766
440272,31.8643,47.4648
442476,31.3496,46.1602
444692,37.8916,46.7520
446916,32.4502,48.2646
449152,31.3926,49.8887
451400,31.0527,47.5332
453660,31.2549,47.8809
455932,30.2920,47.1641
458212,31.0107,47.9814
460504,30.4951,47.1621
462808,30.8760,49.5205
465124,31.5703,48.9766
467452,31.7773,49.8662
469792,31.2324,48.6699
472144,31.7637,49.4600
474508,30.6992,46.5205
476884,30.9248,47.8145
479272,30.9756,47.8018
481672,32.0928,49.7012
484084,32.7715,61.3809
486508,31.4092,49.6338
488944,31.2744,48.3428
491392,31.1553,48.3965
493852,31.6387,49.2031
496324,32.1777,50.9805
498808,32.3145,50.7178
501304,30.4277,46.7773
503812,32.0654,50.9248
506332,37.2021,48.4307
508864,30.7480,46.8701
511412,31.9854,49.1172
513972,32.3955,50.7256
516544,31.2793,49.6797
519128,32.2168,48.4932
521724,33.8613,51.5273
524336,41.1328,55.9785
526960,35.3184,55.5000
529596,34.1914,49.7197
532244,34.1250,48.5967
534908,34.7734,49.9482
537584,33.9893,49.4512
540272,35.3564,51.7754
542976,32.4355,46.9561
545692,33.6455,52.5449
548424,34.8145,51.0342
551168,34.1953,50.7119
553924,35.0137,50.0879
556696,34.3926,50.1016
559480,32.5840,47.6484
562280,33.8926,59.0410
565092,34.5889,50.4307
567920,34.1641,55.5332
570760,33.4619,49.1807
573616,34.6689,51.4521
576488,34.5527,50.9609
579372,33.0010,48.7148
582272,33.0986,49.6230
585184,34.8008,50.1865
588112,34.5527,48.9541
591056,33.5293,49.0049
594012,34.7461,48.8330
596984,42.1826,50.6396
599972,34.6699,49.6904
602972,44.0537,51.3564
605988,35.9531,51.3604
609020,35.5635,51.3047
612068,33.4941,49.0664
615132,34.4092,50.4844
618208,34.2480,49.9688
621300,72.9336,53.4736
624408,35.9658,51.9365
627532,35.3643,50.1592
630672,34.5205,49.7891
633828,34.9365,49.8262
637000,34.2949,49.9512
640188,34.6455,49.2246
643392,34.3643,52.5488
646612,35.5244,50.5820
649848,33.6758,48.8506
653100,34.0850,48.2598
656368,33.5117,49.6826
659652,34.2109,50.6592
662952,32.8457,48.8428
666268,34.3389,50.1309
669600,36.0703,88.4473
672948,33.2305,49.7705
676316,34.9756,51.4336
679700,33.7197,51.2197
683100,34.2686,50.1504
686516,35.2207,51.1104
689952,33.4189,49.1523
693404,34.4297,51.2441
696872,36.1514,50.8906
700360,35.5469,52.6113
703864,32.8896,48.7158
707384,34.5889,50.1807
710924,33.8223,48.9004
714480,33.8916,49.5010
718056,33.8398,50.8320
721648,35.0039,51.5068
725260,34.0352,51.6680
728888,34.4287,47.7686
732536,34.2471,49.8037
736200,35.1104,52.0313
739884,34.8398,50.3408
743584,35.6191,51.4434
747304,35.7461,52.7041
751044,35.9736,51.1367
754800,35.2168,51.3691
758576,34.2490,49.4463
762372,35.4629,51.2344
766184,35.0908,50.1328
770016,34.6162,51.6436
773868,35.6826,50.9844
777740,34.9883,51.3721
781632,36.0752,50.5186
785544,34.5479,50.9609
789472,35.3359,51.4199
793420,34.4805,50.6123
797388,34.4336,49.9434
801376,34.6260,50.9189
805384,34.7959,58.5713
809412,35.2627,52.2490
813460,34.7539,50.6709
817528,34.6826,50.8643
821616,35.4775,52.6494
825728,34.8564,51.1934
829860,35.5547,52.7549
834012,35.3193,51.7773
838184,36.3633,54.5264
842376,35.8828,53.1289
846588,35.8936,52.9531
850824,35.3672,52.4912
855080,36.1689,52.9600
859356,35.2813,52.3916
863656,36.3936,53.3486
867976,35.4736,52.2959
872316,34.6299,58.5283
876680,36.0459,52.5596
881064,35.2031,63.2725
885472,36.7686,53.4453
889900,35.9082,52.4238
894352,36.6709,55.0771
898824,37.1797,54.0557
903320,35.7842,53.1396
907840,35.9365,52.0674
912380,36.4434,54.5391
916944,35.3398,50.7500
921532,35.1240,51.1465
926140,35.4180,51.7969
930772,36.0020,54.3076
935428,34.9639,50.9814
940108,35.9551,54.0186
944812,35.1641,52.3643
949540,37.2139,56.9521
954288,36.5967,54.5244
959060,35.3730,53.4287
963856,35.9453,53.1943
968676,35.3496,52.4336
973520,35.2100,52.1299
978388,35.2373,52.5781
983280,35.8379,54.2686
988200,36.2139,53.8389
993144,34.6123,52.9570
998112,34.4912,52.5176
1003104,35.6270,54.7861
1008120,34.4629,52.6631
1013164,36.7686,52.1758
1018232,36.5977,53.2686
1023324,37.3604,53.0527
1028444,37.1592,53.7354
1033588,37.4824,53.2266
1038756,41.1104,53.9004
1043952,35.5586,53.0664
1049172,40.9844,56.5078
1054420,40.3086,55.2490
1059696,38.8057,54.6494
1064996,42.4473,56.4941
1070324,41.7031,56.4561
1075676,39.4258,54.9287
1081056,39.4697,54.0879
1086464,39.4736,53.6641
1091900,38.4600,52.8838
1097360,38.4551,53.0117
1102848,38.3447,52.9316
1108364,48.7227,54.3760
1113908,39.9678,55.1670
1119480,39.8740,55.6631
1125080,38.9648,83.1211
1130708,38.2354,52.9727
1136364,39.5088,59.3486
1142048,38.8027,54.8350
1147760,38.8818,54.5205
1153500,39.6572,55.8711
1159268,38.6123,54.1104
1165068,41.3281,56.8975
1170896,38.4131,55.1377
1176752,39.9854,55.4980
1182636,38.7891,55.4160
1188552,39.0674,56.5742
1194496,39.7900,56.3994
1200472,39.2129,55.7344
1206476,40.0439,56.7002
1212512,48.6104,54.1123
1218576,39.3691,55.4980
1224672,40.0664,58.1025
1230796,40.6367,56.1270
1236952,41.2559,56.7900
1243140,39.8311,54.9434
1249356,41.5771,58.1855
1255604,40.3867,55.4316
1261884,40.9531,56.7148
1268196,39.9004,55.5020
1274540,39.9502,54.9482
1280916,40.5684,56.4766
1287324,39.6211,54.7744
1293764,39.9131,56.0693
1300236,39.3018,54.8936
1306740,40.0791,56.2109
1313276,39.9131,56.4951
1319844,41.5059,57.0947
1326444,40.7568,55.9395
1333080,41.2100,56.8066
1339748,40.8975,57.3701
1346448,41.4980,56.6660
1353184,41.3203,57.7910
1359952,40.3154,55.9092
1366752,39.9736,55.3662
1373588,39.2559,55.2393
1380456,40.4355,56.6289
1387360,40.7412,57.0293
1394300,40.7471,56.5596
1401272,41.3916,57.7354
1408280,41.5811,63.4600
1415324,41.0537,56.4063
1422404,40.7607,54.8848
1429520,40.2461,58.4336
1436668,41.0449,59.2158
1443852,40.7559,56.8193
1451072,40.8809,57.6650
1458328,41.6055,58.8525
1465620,40.9561,57.5615
1472952,40.0713,55.6250
1480320,40.7754,56.6582
1487724,40.1855,56.6191
1495164,40.2148,56.6572
1502640,40.4248,57.1318
1510156,38.9609,56.8584
1517708,41.1270,59.1338
1525300,40.2197,57.4785
1532928,40.5811,57.9443
1540596,39.6006,58.2646
1548300,40.2998,59.1104
1556044,40.0225,58.2256
1563828,39.8281,59.2100
1571648,40.9063,57.6660
1579508,41.9697,59.6553
1587408,41.0127,59.3906
1595348,41.0322,57.9951
1603328,51.2539,60.1484
1611348,47.5830,57.2100
1619408,41.5264,58.4053
1627508,41.1982,57.7256
1635648,41.2959,57.5801
1643828,41.8154,58.9658
1652048,41.8115,61.2139
1660312,41.0508,58.5059
1668616,41.3105,58.4512
1676960,42.0029,60.6563
1685348,40.5176,57.5107
1693776,41.6172,59.3975
1702248,41.1504,59.2500
1710760,41.9053,59.7744
1719316,41.7441,60.6807
1727916,41.8398,61.5020
1736556,41.0967,60.2705
1745240,41.0654,58.9600
1753968,42.8213,62.2314
1762740,41.2744,87.1572
1771556,42.5566,60.8066
1780416,41.0820,59.6709
1789320,41.5361,60.4990
1798268,41.6797,61.9355
1807260,42.4609,60.6670
1816300,41.1631,59.5771
1825384,40.4326,58.7861
1834512,41.7744,67.1035
1843688,41.6221,61.1611
1852908,41.2646,61.4209
1862176,41.8457,60.3916
1871488,43.4805,61.9883
1880848,42.3789,61.2012
1890256,42.1348,62.2373
1899708,41.4150,60.5605
1909208,41.8047,60.2236
1918756,42.3486,61.7188
1928352,41.8115,61.6533
1937996,41.5410,60.6914
1947688,40.9629,61.3359
1957428,40.1992,59.2676
1967216,41.4580,62.1611
1977056,39.9453,59.2539
1986944,43.7383,64.9346
1996880,41.2441,60.9102
2006868,41.8750,61.3350
2016904,41.3740,60.1816
2026992,42.5820,63.1533
2037128,40.4795,59.9941
2047316,41.9883,63.3477
2057556,52.0078,62.8320
2067844,40.9307,59.3193
2078184,41.6133,60.2578
2088576,43.0840,62.9414
2099020,47.8799,64.4893
2109516,49.0322,64.6143
2120064,48.3545,65.9121
2130668,47.5908,63.6533
2141324,47.6855,66.2227
2152032,46.9473,63.6338
2162796,45.6787,64.0127
2173612,45.7646,62.9346
2184484,47.3496,63.3135
2195408,46.5049,62.7979
2206388,46.7617,63.3633
2217420,45.3750,62.7529
2228508,47.7070,65.1768
2239652,44.3799,60.4033
2250852,47.1943,65.9111
2262108,44.1592,61.3232
2273420,47.1338,72.1064
2284788,48.0020,65.6230
2296212,46.6592,65.4648
2307696,46.6895,62.8633
2319236,46.1455,64.5088
2330836,47.4570,65.7480
2342492,45.4336,63.8418
2354208,48.1494,66.5273
2365980,46.8994,64.1387
2377812,44.7539,61.4834
2389704,46.1797,64.4580
2401656,60.8662,67.5273
2413668,44.6699,62.3379
2425740,43.4580,60.0342
2437872,45.9678,65.1611
2450064,45.7549,65.0439
2462316,45.4863,69.1563
2474628,48.9453,66.7373
2487004,48.2119,65.6309
2499440,47.0576,66.7324
2511940,46.3193,65.2354
2524500,45.5713,65.3730
2537124,45.5342,65.3604
2549812,45.2949,64.1982
2562564,45.1543,63.8184
2575380,43.9199,63.5449
2588260,45.9248,65.5244
2601204,44.4473,64.0967
2614212,46.0879,64.9346
2627284,45.3975,71.8936
2640424,46.9824,65.9629
2653628,45.5420,64.1875
2666900,45.5635,63.6045
2680236,45.0957,71.2744
2693640,45.8291,64.4248
2707112,46.1494,64.7305
2720648,46.6240,65.6680
2734252,47.6348,74.1963
2747924,46.5029,65.3428
2761664,45.7891,64.3936
2775476,47.3760,66.3174
2789356,46.2627,66.5371
2803304,45.1641,65.3623
2817324,45.9043,64.8086
2831412,46.3975,65.8564
2845572,53.5283,66.0332
2859800,45.0449,64.0498
2874100,48.7080,70.0537
2888472,45.7617,64.2012
2902916,46.6836,66.2910
2917432,46.7295,65.6924
2932020,43.5342,61.8965
2946684,46.5498,75.6836
2961420,46.4150,64.4424
2976228,46.7744,66.0742
2991112,45.8486,69.5332
3006068,53.9639,66.7295
3021100,47.7500,68.0391
3036208,44.7461,65.1680
3051392,46.4590,64.2031
3066652,46.0869,65.2080
3081988,46.2803,65.2754
3097400,45.6270,63.9199
3112888,44.9521,64.6035
3128456,45.5732,65.6563
3144100,46.7070,67.0615
3159824,44.7197,64.9141
3175624,45.8799,65.3223
3191504,57.2344,66.0332
3207464,47.2441,66.9619
3223504,45.8359,72.6182
3239624,45.5625,63.7188
3255824,45.0801,65.2559
3272104,45.4346,67.0811
3288468,48.8486,68.7998
3304912,48.3027,68.2832
3321440,46.4502,64.7490
3338048,47.7031,66.1475
3354740,46.6045,65.6895
3371516,46.1172,66.9053
3388376,46.4258,67.4336
3405320,47.3633,68.7998
3422348,47.8506,68.6689
3439460,47.9316,75.2969
3456660,47.3848,65.9736
3473944,47.3896,68.1475
3491316,47.7646,77.5225
3508776,46.5967,65.3584
3526320,48.5791,68.1475
3543952,47.2158,69.3271
3561672,47.6299,74.8994
3579484,45.2393,67.4805
3597384,55.1572,66.3047
3615372,84.7354,75.1396
3633452,47.0293,67.3584
3651620,46.8477,67.0908
3669880,50.9326,72.8535
3688232,46.8984,68.4189
3706676,50.0840,72.4766
3725212,47.7363,69.3799
3743840,49.6270,72.2695
3762560,50.7070,71.0986
3781376,49.4707,71.0498
3800284,50.4629,72.4111
3819288,49.2021,69.8750
3838388,49.6611,71.9287
3857580,50.7275,72.8926
3876868,49.1904,74.0703
3896256,48.9648,69.9150
3915740,46.0488,66.2529
3935320,46.7520,70.6514
3955000,52.7246,72.8535
3974776,50.3691,72.0254
3994652,50.5645,72.9541
4014628,50.4238,71.7236
4034704,49.7920,71.4268
4054880,49.3662,71.8086
4075156,50.4053,74.0703
4095532,47.7324,69.3467
4116012,47.6533,72.9893
4136596,48.4678,75.4668
4157280,48.7031,72.4980
4178068,50.1641,74.3447
4198960,301.9961,106.4951
4219956,80.7529,75.3076
4241056,343.6006,73.2939
4262264,55.1318,71.8525
4283576,53.3799,71.7822
4304996,54.9805,73.8701
4326524,53.8584,71.2900
4348160,53.8652,72.1611
4369904,54.0488,73.1357
4391756,55.9424,75.3887
4413716,53.5049,71.5400
4435788,53.2734,72.4834
4457968,54.1699,71.9102
4480260,54.5879,73.4502
4502664,55.9521,75.5059
4525180,55.8936,73.9063
4547808,52.8662,71.4736
4570548,54.5332,73.4746
4593404,52.7734,71.2764
4616372,54.0195,73.7158
4639456,55.1475,74.9365
4662656,56.9268,75.4209
4685972,55.6318,73.0049
4709404,56.1768,72.6602
4732952,54.6582,72.3711
4756620,56.3848,74.9844
4780404,54.0420,72.4082
4804308,52.9209,70.5908
4828332,54.1885,71.8994
4852476,53.8438,70.6953
4876740,56.0283,75.0557
4901124,57.3740,74.4600
4925632,55.7246,75.3682
4950264,55.6182,73.1631
4975016,56.2246,74.2500
4999892,55.0752,73.8838
5024892,52.2148,73.4541
5050020,55.9307,107.9307
5075272,52.7344,73.0713
5100652,53.9434,80.3867
5126156,55.9229,77.2666
5151788,54.2432,73.7822
5177548,55.6904,75.6797
5203436,53.8828,74.3906
5229456,53.3623,72.8154
5255604,53.9131,74.1514
5281884,53.9307,75.7129
5308296,53.6416,73.9336
5334840,54.7705,74.2676
5361516,54.2578,79.5410
5388324,54.0332,74.4814
5415268,64.5205,74.8809
5442348,52.8447,72.8779
5469560,53.1934,73.4326
5496908,53.4619,73.1484
5524396,55.4131,76.5830
5552020,51.2334,69.8730
5579784,54.5781,74.4199
5607684,54.2695,73.3037
5635724,53.9336,72.7930
5663904,53.9443,72.7686
5692224,54.6152,72.2412
5720688,53.0439,73.3135
5749292,53.5781,75.8584
5778040,52.9170,72.4219
5806932,52.8066,73.6846
5835968,53.3984,74.2451
5865148,54.6260,73.4805
5894476,56.5576,76.0791
5923952,53.7920,74.5693
5953572,52.4785,74.7998
5983340,54.5254,75.2598
6013260,53.2568,73.8037
6043328,54.3350,73.9033
6073548,58.9482,104.1689
6103916,55.1113,75.9883
6134436,55.1387,75.0264
6165112,54.9482,76.1494
6195940,53.6631,75.0508
6226920,53.7500,74.3525
6258056,52.4287,73.7393
6289348,54.0264,76.0313
6320796,53.7461,74.6650
6352400,54.4219,74.9414
6384164,55.4668,75.7725
6416088,55.6445,76.6074
6448172,54.0439,76.1338
6480416,53.9873,76.0039
6512820,54.1709,76.8311
6545388,53.1357,73.0059
6578116,52.6387,73.9229
6611008,54.8281,76.5625
6644064,55.5488,77.4727
6677288,53.4199,73.9717
6710676,55.2891,76.1338
6744232,51.9766,72.5742
6777956,53.6387,75.1025
6811848,52.8223,73.4248
6845908,58.9814,78.1621
6880140,55.3711,76.9814
6914544,54.4023,76.4268
6949120,56.5420,77.5029
6983868,53.0938,81.2061
7018788,52.8945,75.6563
7053884,53.3818,74.8662
7089156,53.8926,75.7725
7124604,54.0664,76.2051
7160228,54.2324,75.3105
7196032,53.5215,75.6543
7232016,54.6475,77.1885
7268180,52.6699,73.9844
7304524,52.6826,76.3320
7341048,53.3262,75.4727
7377756,52.0049,74.1992
7414648,51.8779,73.8623
7451724,53.2979,82.7900
7488984,58.0508,75.5830
7526432,53.2480,76.6406
7564068,54.4492,78.5439
7601892,54.6328,78.4111
7639904,53.9912,76.4971
7678104,54.1631,76.6455
7716496,53.6465,76.8594
7755080,54.7402,78.3203
7793856,53.7920,78.2471
7832828,54.0205,78.1943
7871996,53.1309,76.8037
7911356,52.4678,74.2979
7950916,54.7383,78.4980
7990672,52.1914,74.6084
8030628,54.4678,77.6104
8070784,54.2871,78.5654
8111140,91.8564,87.0645
8151696,52.3066,73.0107
8192456,57.1387,80.2900
8233420,53.6846,74.1660
8274588,56.3750,78.0938
8315964,52.6895,75.9014
8357544,53.3848,75.0957
8399332,61.4648,79.8945
8441332,61.0635,79.8818
8483540,56.3271,75.0293
8525960,60.0195,76.4941
8568592,61.5293,78.3770
8611436,58.7959,76.2451
8654496,55.6875,74.7949
8697772,59.1152,78.2773
8741264,59.2061,77.4131
8784972,58.8887,76.1338
8828900,58.1123,77.1172
8873048,55.6230,73.3828
8917416,56.5225,75.4922
8962004,65.5957,76.1279
9006816,57.8848,76.9316
9051852,59.4697,80.6523
9097112,59.6543,85.6172
9142600,57.6055,77.6738
9188316,58.5059,127.7168
9234260,57.1982,76.0078
9280432,59.0654,77.5244
9326836,59.1582,86.3594
9373472,56.0156,75.5156
9420340,58.7998,79.1826
9467444,57.5156,75.8320
9514784,55.8545,73.2881
9562360,56.1191,75.9453
9610172,59.6318,78.2148
9658224,58.0840,76.5049
9706516,58.7002,245.0693
9755052,65.2588,91.2949
9803828,58.5576,77.5039
9852848,59.0156,78.8604
9902116,62.1279,82.2529
9951628,59.7451,88.6387
10001388,112.3467,80.0762
10051396,61.0664,87.0752
10101656,67.9209,79.5830
10152168,60.8486,80.6221
10202932,55.8496,75.8760
10253948,59.4336,81.5156
10305220,56.2861,77.0527
10356748,57.1445,78.4775
10408532,56.8652,82.7578
10460576,64.6387,79.0498
10512880,60.9902,77.6582
10565448,57.1885,78.4443
10618276,57.7666,78.1289
10671368,56.7793,129.9375
10724728,58.7656,85.2637
10778352,58.7734,80.4854
10832244,58.7559,78.8867
10886408,60.4316,80.0635
10940844,57.6582,75.0098
10995552,60.1836,82.4570
11050532,59.2119,78.4395
11105788,60.0381,79.0283
11161320,58.1523,78.1094
11217128,59.6416,78.1182
11273216,58.7920,93.1201
11329584,57.3291,75.4824
11386232,57.7070,77.1084
11443164,54.8545,74.6152
11500380,57.2695,76.6719
11557884,57.5273,77.3213
11615676,56.8721,76.9736
11673756,59.5166,78.0215
11732128,57.6865,78.9736
11790792,57.3027,78.8965
11849748,56.9736,77.6797
11909000,59.2744,80.3525
11968548,60.4385,87.1865
12028392,57.5576,79.1484
12088536,67.0469,84.5869
12148980,103.1553,92.1387
12209728,58.2314,139.1094
12270780,75.1611,79.7539
12332136,61.4414,85.7959
12393800,61.0176,82.1289
12455772,61.7080,80.6592
12518052,60.4629,78.3789
12580644,63.1445,87.9355
12643548,61.9756,79.0723
12706768,107.5605,77.6367
12770304,61.1689,78.6885
12834156,59.8389,84.1143
12898328,61.0674,79.6768
12962820,60.9336,77.9434
13027636,54.8525,77.3086
13092776,57.6191,82.4707
13158240,58.7178,89.0605
13224032,59.4512,81.7666
13290156,63.6035,81.9277
13356608,58.3350,84.2021
13423392,59.0645,80.8311
13490512,58.0381,80.8193
13557968,56.4971,75.2891
13625760,57.4746,74.4736
13693892,59.2998,82.5361
13762364,57.9824,78.8105
13831176,60.4219,82.7764
13900332,58.6689,78.5156
13969836,58.6455,80.2715
14039688,58.3818,94.1758
14109888,60.0225,80.6143
14180440,70.6787,81.8184
14251344,59.1533,80.4648
14322604,57.2090,78.6582
14394220,61.0439,83.3125
14466192,60.7129,80.7207
14538524,58.3125,81.8936
14611220,58.8926,80.9297
14684280,58.6309,78.9248
14757704,58.3301,81.3779
14831496,57.6035,78.0068
14905656,59.8936,82.8691
14980188,57.5479,81.0527
15055092,61.0010,80.7773
15130368,59.8867,83.5410
15206020,57.4307,79.6484
15282052,58.8789,80.1953
15358464,64.4971,84.4297
15435260,57.1875,78.1523
15512440,57.0244,77.0869
15590004,59.0830,83.6846
15667956,57.8955,80.3574
15746296,58.4229,79.8691
15825028,58.6699,80.7178
15904156,60.3057,84.5693
15983680,60.6055,86.0928
16063600,59.8730,94.2295
16143920,60.7705,83.4707
16224640,59.2393,81.2646
16305764,61.8779,83.7041
16387296,57.2285,78.7578
16469236,61.1982,85.1914
16551584,58.9521,80.0615
16634344,60.3721,82.8145
16717516,57.4160,79.0693
16801104,67.7744,81.9170
16885112,66.7178,85.5488
16969540,66.0957,84.1465
17054388,62.4385,80.5107
17139660,84.7900,84.9102
17225360,64.5186,81.9453
17311488,66.5166,83.6113
17398048,192.5947,82.4121
17485040,67.8555,84.8115
17572468,69.9609,87.8516
17660332,71.7061,91.6104
17748636,63.3174,80.6631
17837380,67.2393,84.2715
17926568,66.6309,84.8066
18016204,68.7305,83.9131
18106288,68.0557,85.7871
18196820,68.2070,86.6660
18287808,134.6377,114.1592
18379248,73.6680,85.7275
18471148,69.2139,95.4131
18563504,70.0508,83.5557
18656324,62.3457,82.3428
18749608,64.9863,84.5107
18843360,76.7559,83.0996
18937580,75.7227,82.9531
19032268,87.2168,84.8164
19127432,65.2275,84.8682
19223072,65.7500,84.9326
19319188,66.1230,86.1465
19415784,63.8789,85.3066
19512864,65.6699,85.5566
19610432,66.9336,85.2861
19708488,64.9229,82.8438
19807032,63.6270,82.5684
19906068,71.3096,89.1406
20005600,65.0039,82.7236
20105628,65.5254,84.9609
20206160,64.8662,84.1367
20307192,70.8955,89.1816
20408728,65.4590,84.0420
20510772,68.6826,85.7158
20613328,69.5859,90.2734
20716396,66.2236,85.3545
20819980,65.9893,87.0215
20924080,66.9453,83.4541
21028704,66.1650,84.2041
21133848,68.9336,84.2617
21239520,90.3535,91.7754
21345720,70.3623,88.5332
21452452,69.4844,86.4912
21559716,67.6084,87.9756
21667516,124.8711,125.3174
21775856,91.9141,90.4922
21884736,77.3252,87.4014
21994160,88.4580,92.3838
22104132,76.9121,99.7910
22214656,77.0098,97.9170
22325732,80.4150,89.6943
22437364,82.1416,92.6816
22549552,77.8662,93.1055
22662300,76.1660,91.5889
22775612,74.8799,90.9365
22889492,75.9580,94.7285
23003940,143.9814,94.4482
23118960,77.5840,94.7119
23234556,75.8115,92.3848
23350732,78.1689,88.5742
23467488,82.9746,95.7900
23584828,73.4834,90.7080
23702756,79.0127,94.2891
23821272,80.1768,101.2881
23940380,82.5088,96.3223
24060084,81.4971,97.9980
24180388,94.3926,108.8818
24301292,84.3516,101.2783
24422800,86.6943,100.9785
24544916,81.8174,101.4727
24667644,89.0967,102.3027
24790984,84.9072,97.2881
24914940,85.8564,101.1719
25039516,92.3193,157.0137
25164716,109.6455,111.8086
25290540,87.1348,98.6934
25416996,141.8291,107.9268
25544084,91.1230,101.2500
25671808,90.9902,109.7402
25800168,94.8008,109.9873
25929172,95.5430,110.3799
26058820,96.6045,112.3252
26189116,102.9365,116.3750
26320064,128.7676,129.7578
26451668,195.1709,125.8486
26583928,104.8721,112.5146
26716848,93.3643,108.7676
26850436,103.5469,116.2822
26984692,97.5361,110.6240
27119616,95.9248,112.7734
27255216,93.9277,107.6494
27391496,244.4014,121.4756
27528456,108.5400,116.8115
27666100,102.4717,114.4727
27804432,101.2207,111.1250
27943456,98.8047,130.8184
28083176,124.9941,114.0225
28223592,118.9004,125.5029
28364712,106.8838,117.2402
28506536,109.9121,120.0225
28649072,105.0156,140.2803
28792320,117.1914,145.4385
28936284,106.9434,124.1074
29080968,104.5703,118.7412
29226376,107.3594,125.6084
29372508,112.5166,123.8330
29519372,121.3232,131.7588
29666972,126.3320,148.7754
29815308,106.0127,122.5293
29964388,106.2617,119.9766
30114212,108.8057,121.9238
30264784,115.1709,137.4951
30416108,155.1543,119.5957
30568192,113.0420,133.0117
30721036,108.4082,123.5947
30874644,121.2998,124.2539
31029020,118.2383,130.3711
31184168,110.8887,123.2236
31340092,117.4248,138.4355
31496796,118.5391,123.5762
31654280,113.8896,130.0557
31812552,141.9434,132.5859
31971616,130.9746,137.4951
32131476,119.1045,130.7910
32292136,117.1133,127.4629
32453600,121.1758,140.7559
32615868,118.8760,136.7500
32778948,118.9355,150.1348
32942844,147.4180,150.0762
33107560,124.3467,140.4834
33273100,117.1826,139.5010
33439468,115.2207,137.5820
33606668,138.6025,163.8428
33774704,134.0059,133.8828
33943580,127.1445,130.3057
34113300,132.2734,185.8408
34283868,144.8936,139.6006
34455288,128.7471,133.8750
34627568,156.2334,150.4834
34800708,142.9316,147.7861
34974712,138.3818,138.0146
35149588,138.4834,143.3740
35325336,131.4150,195.4756
35501964,132.3135,146.3916
35679476,154.8564,135.4863
35857876,141.9121,138.5313
36037168,138.3965,143.0908
36217356,138.0488,145.4883
36398444,255.3389,141.9219
36580440,154.3936,142.5469
36763344,137.3525,138.2949
36947164,138.2207,146.6445
37131900,133.7969,149.3613
37317560,142.5723,133.2754
37504148,285.8633,174.0107
37691672,179.4502,178.0449
37880132,153.0059,155.3779
38069536,145.9756,146.2158
38259884,139.3926,149.8682
38451184,144.3496,153.4531
38643440,143.9600,149.6738
38836660,150.7480,155.4922
39030844,152.4580,162.6152
39226000,134.5088,149.4619
39422132,146.0283,158.1270
39619244,146.1533,151.8584
39817344,140.8447,146.4697
40016432,148.3203,155.0479
40216516,151.5850,154.8760
40417600,149.4121,149.7354
40619688,140.3945,176.8213
40822788,146.8320,178.1260
41026904,165.7842,153.7188
41232040,140.7070,140.5313
41438204,145.2783,149.9082
41645396,129.4170,145.8916
41853624,136.7637,149.5244
42062896,153.2529,154.3809
42273212,198.7910,149.6465
42484580,172.6875,150.7432
42697004,150.3975,150.4775
42910492,151.4150,151.0928
43125048,150.9424,151.8799
43340676,149.2129,154.1514
43557380,153.2510,150.3066
43775168,169.2285,151.3281
43994044,152.8281,150.1826
44214016,155.0488,153.5459
44435088,154.0527,154.8193
44657264,144.6885,151.5039
44880552,190.0576,148.5850
45104956,158.7041,157.7881
45330484,153.1523,162.6035
45557140,151.2490,161.0752
45784928,148.2480,153.9561
46013856,149.9688,155.6152
46243928,147.6445,148.7998
46475148,154.2656,156.9551
46707524,149.6084,220.2021
46941064,175.3096,183.0498
47175772,179.9629,168.0303
47411652,161.2949,164.7900
47648712,153.7920,156.3193
47886956,160.9863,173.5146
48126392,157.5117,171.5332
48367024,183.0039,177.5215
48608860,162.7705,168.6689
48851908,159.2129,163.1582
49096168,158.3613,161.1221
49341652,159.5488,155.4648
49588364,155.1670,162.7959
49836308,194.3477,210.7402
50085492,170.3809,174.9902
50335920,169.2305,174.6436
50587600,180.6787,174.8389
50840540,167.0566,173.4766
51094744,156.8086,171.5107
51350220,166.5977,161.3691
51606972,161.7324,169.1045
51865008,155.3936,187.0166
52124336,168.4805,180.8027
52384960,175.4102,177.5723
52646888,167.4561,178.4365
52910124,164.1875,166.2686
53174676,170.1719,168.5693
53440552,169.8535,170.4023
53707756,172.8896,175.8125
53976296,205.5303,180.8350
54246180,180.5908,185.5781
54517412,167.8691,177.3477
54790000,178.4648,175.5615
55063952,179.2539,197.5381
55339272,173.9453,172.8613
55615972,175.9258,253.3740
55894052,170.5811,200.8525
56173524,169.8164,175.2773
56454392,186.2334,181.3428
56736664,180.3271,183.8750
57020348,181.0947,208.7061
57305452,171.8369,170.7236
57591980,171.0869,178.5215
57879940,181.8281,186.5879
58169340,179.0996,185.7842
58460188,168.7197,181.8906
58752492,169.5566,185.4990
59046256,174.8770,181.4150
59341488,178.1016,201.4219
59638196,158.5430,176.8779
59936388,176.4629,174.6465
60236072,234.7832,183.4990
60537256,182.8105,192.5000
60839944,188.7930,189.4463
61144144,195.8516,181.2109
61449868,182.5098,219.3398
61757120,200.5918,230.1436
62065908,193.8428,188.4863
62376240,212.3760,187.8066
62688124,177.0703,178.4375
63001568,185.9756,189.3457
63316576,181.4512,199.6270
63633160,190.9219,193.7129
63951328,184.4414,179.6240
64271088,183.6816,206.3994
64592444,197.6533,198.6650
64915408,240.3389,200.9277
65239988,196.1543,198.6484
65566188,210.3193,197.4932
65894020,199.3242,191.2813
66223492,178.6318,189.3643
66554612,212.4795,189.4375
66887388,177.4912,251.0918
