4,1.0459,1.2549
8,1.7588,5.8057
12,2.2344,14.6484
16,2.1875,7.4004
20,2.7842,6.8887
24,2.7529,7.1572
28,2.7617,7.3604
32,2.7471,8.1523
36,3.2129,7.6709
40,3.2197,7.8955
44,3.2188,9.1787
48,3.2119,8.7920
52,3.2119,9.5254
56,3.2090,9.8506
60,3.2148,9.5156
64,3.2178,11.8770
68,3.7100,15.7285
72,3.7471,11.5000
76,3.7393,11.5000
80,3.7402,11.1846
84,3.7090,11.6143
88,3.6953,12.5303
92,3.6914,12.4355
96,3.6904,12.1270
100,3.7051,12.1367
104,3.7676,13.2188
108,3.7646,12.9834
112,3.7734,13.1250
116,4.6104,13.2900
120,3.6963,13.8340
124,3.6865,13.6621
128,3.6855,16.7568
132,4.2070,15.7363
136,4.2041,15.8496
140,4.2139,15.4873
144,4.2051,15.8945
148,4.2393,15.3770
152,4.2422,15.7002
156,4.2422,15.7432
160,4.2402,15.3145
164,4.2119,15.6152
168,4.2148,15.2939
172,4.2021,15.4482
176,4.2100,16.9551
180,4.1982,16.3213
184,4.2070,15.7031
188,4.2109,16.1143
192,4.2100,16.1943
196,4.2109,17.2021
200,4.2148,16.7539
204,4.2500,16.2861
208,4.2139,16.7578
212,4.2021,16.6094
216,4.2217,17.7539
220,4.2012,17.4893
224,4.2031,17.7051
228,4.2363,17.0469
232,4.5420,15.1563
236,4.2100,14.8506
240,4.2158,14.0918
244,4.2178,14.3320
248,4.2402,14.0674
252,4.2383,13.3506
256,4.2344,15.1670
260,4.8311,14.3340
264,4.8213,14.6074
268,4.8047,15.2500
272,4.8125,14.6484
276,4.8018,14.8447
280,4.8184,15.2090
284,4.8066,14.7998
288,4.8174,15.4561
292,4.8105,14.4717
296,4.8203,14.2959
300,4.8291,14.8311
304,4.8262,14.3984
308,4.8115,14.7314
312,4.8164,14.7813
316,4.8174,14.7666
320,4.8135,15.2295
324,4.8154,14.2715
328,4.8057,14.9609
332,4.7959,15.6201
336,4.8027,14.3838
340,4.8096,14.6602
344,4.8193,15.5928
348,4.8193,15.2705
352,4.8223,14.3438
356,4.8359,15.0879
360,4.8174,14.9453
364,4.8281,15.6367
368,4.8184,15.5762
372,4.8057,66.5566
376,4.9863,17.6592
380,4.9717,18.3789
384,5.0010,18.4512
388,4.9844,17.0098
392,4.9951,17.1357
396,4.9844,18.3320
400,4.9805,16.3418
404,4.9717,14.6738
408,4.9678,14.9307
412,4.9746,15.3369
416,4.9990,14.9834
420,4.9814,15.4248
424,4.9873,15.0264
428,4.9902,14.7959
432,4.9766,14.3184
436,4.9834,14.6084
440,4.9775,14.8438
444,4.9854,15.0537
448,4.9844,15.4102
452,5.0000,15.7207
456,4.9688,16.1533
460,4.9756,14.8027
464,4.9854,14.9658
468,4.9766,14.9775
472,4.9902,15.6611
476,4.9922,14.6777
480,12.3291,15.7041
484,5.0078,15.3691
488,4.9756,15.4912
492,4.9775,15.9492
496,4.9834,15.0566
500,4.9854,15.7529
504,4.9814,15.8164
508,4.9990,15.4814
512,4.9980,18.5684
516,7.0811,18.4697
520,6.5723,17.4521
524,6.6240,17.8184
528,6.8447,18.0547
532,6.7002,17.9170
536,6.6709,17.7705
540,6.6768,18.1387
544,6.5039,17.8467
548,6.4951,18.0068
552,6.7002,18.1680
556,6.5596,18.3916
560,6.6123,17.8174
564,6.5410,17.9785
568,6.3340,16.9971
572,6.4326,22.5518
576,6.6748,17.3359
580,6.6406,18.2754
584,6.5176,23.9805
588,6.6621,18.6475
592,6.5254,17.3350
596,6.6230,18.0918
600,6.7217,18.1035
604,6.6758,18.2803
608,6.5400,17.8682
612,6.6309,18.5645
616,6.6084,18.7588
620,6.4277,18.1777
624,6.4189,18.2803
628,6.6123,18.4395
632,6.6631,18.2637
636,6.9004,19.0566
640,6.6035,18.2949
644,6.6748,18.3906
648,6.4766,17.9531
652,6.6611,18.6387
656,6.5596,17.5400
660,53.5332,17.6982
664,6.6816,16.0293
668,6.7744,16.5928
672,6.7344,16.9395
676,6.6758,16.9814
680,6.5801,22.7334
684,6.8154,15.7715
688,6.7773,16.1514
692,6.7070,16.6865
696,6.5410,15.6836
700,6.8076,16.1826
704,6.6064,16.7900
708,6.6152,15.7861
712,6.8887,16.7178
716,6.5850,16.7109
720,6.6768,16.9971
724,6.5020,15.8994
728,6.5908,16.4248
732,6.6641,15.6846
736,6.5146,16.5215
740,6.4971,16.3271
744,6.7393,16.2256
748,6.5586,16.3428
752,6.6250,16.0430
756,6.5596,16.7734
760,6.5410,16.7021
764,6.4980,15.9961
768,6.6494,15.8125
772,6.5381,16.5977
776,6.5732,16.6133
780,6.6328,16.7588
784,6.7246,17.3457
788,6.6309,44.3262
792,6.8125,16.7041
796,6.8516,17.0215
800,6.6563,17.2168
804,6.5996,17.2793
812,6.4717,16.5098
820,6.5391,16.5664
828,6.4766,16.5010
836,6.5586,17.3672
844,6.6328,16.4951
852,6.5225,17.1074
860,6.7031,17.2539
868,6.6191,18.0117
876,6.6689,18.2510
884,6.5410,17.6240
892,6.5654,17.0840
900,6.7520,16.8750
908,6.6592,18.1719
916,6.5371,18.1533
924,6.7178,18.4824
932,6.6074,17.7520
940,6.7637,17.9482
948,6.6738,18.7949
956,6.6914,18.2080
964,6.5469,17.2734
972,6.7129,25.5088
980,6.9424,18.6943
988,6.8848,18.2275
996,6.7568,17.7734
1004,6.5703,18.5479
1012,6.6172,17.7764
1020,6.6914,18.2559
1028,8.9727,19.8965
1036,8.8691,19.5928
1044,8.6611,18.5049
1052,8.7598,20.2051
1060,8.8545,19.4131
1068,8.8984,20.2119
1076,8.9688,20.1943
1084,8.8398,20.3193
1092,8.6396,19.9043
1100,8.9004,19.5508
1108,8.7197,20.6523
1116,8.8223,19.7773
1124,8.6670,19.6270
1132,8.5605,20.0186
1140,8.6631,19.7529
1148,8.5771,18.8770
1156,8.7646,20.7266
1164,8.7842,19.9668
1172,8.4053,19.8320
1180,8.7656,20.5234
1188,8.8965,20.9053
1196,8.5146,19.6357
1204,8.7100,19.6904
1212,8.5615,19.3086
1220,8.5264,19.5020
1228,8.6025,19.9375
1236,8.6230,19.8232
1244,8.5137,20.0322
1252,8.6377,18.8408
1260,8.6025,18.1377
1268,8.9316,18.7451
1276,8.5361,19.5215
1284,8.6084,18.1504
1292,8.2959,17.9600
1300,8.3828,18.6182
1308,8.3623,18.8643
1316,8.4805,18.8232
1324,8.3984,18.9795
1332,8.5615,18.4980
1340,13.3721,18.6641
1348,8.5410,18.6143
1356,8.4912,18.8818
1364,8.3818,17.7607
1372,8.4072,18.4727
1380,8.3672,18.5215
1388,8.7227,17.8750
1396,8.4883,18.1182
1404,8.7021,19.0205
1412,8.3359,18.0957
1420,8.3838,18.0879
1428,8.5029,18.5381
1436,8.3408,18.8271
1444,8.2383,18.2354
1452,8.4385,18.9619
1460,8.5342,18.9629
1468,8.6963,19.1416
1476,8.2852,18.8057
1484,8.4424,18.0078
1492,8.4307,18.4316
1500,8.4883,18.7930
1508,8.3545,18.9570
1516,8.3711,18.6572
1524,8.5166,19.0645
1532,8.7461,18.5693
1540,8.7949,18.7930
1548,8.7178,19.6484
1556,8.2686,17.8564
1564,8.4473,18.9365
1572,9.1768,19.2207
1580,8.3330,18.8652
1588,8.7334,19.3291
1596,8.3750,19.0615
1604,8.5693,20.3682
1616,9.3242,19.2725
1628,8.4072,19.4092
1640,8.5264,18.8223
1652,8.8525,18.8164
1664,8.8154,19.8730
1676,8.9014,20.8613
1688,8.6104,18.5781
1700,8.8184,18.9580
1712,8.8594,18.8545
1724,8.8691,20.1084
1736,8.7295,19.9619
1748,8.5459,19.0498
1760,8.5234,19.7148
1772,8.4590,19.0752
1784,8.7852,20.5107
1796,8.5195,19.3271
1808,8.5244,19.5986
1820,8.4404,19.0195
1832,8.4756,20.3398
1844,8.5850,19.5713
1856,8.5596,19.0420
1868,8.5029,19.6563
1880,8.4795,19.9043
1892,8.4150,19.4404
1904,8.5547,19.7285
1916,8.6025,19.2266
1928,8.6270,20.2236
1940,8.5332,19.8096
1952,8.1709,19.3135
1964,8.1982,32.3076
1976,8.6318,19.9717
1988,8.6133,18.9463
2000,8.3311,19.8838
2012,8.3516,19.2715
2024,8.3291,19.3984
2036,8.5410,21.0078
2048,9.2207,23.2842
2060,11.7178,23.1807
2072,10.8320,21.4502
2084,11.2881,22.6738
2096,10.5801,21.0439
2108,10.8535,21.4443
2120,10.8135,21.8574
2132,11.0088,22.1689
2144,11.1318,21.8027
2156,10.7305,21.6504
2168,10.8496,22.0840
2180,10.7666,21.7461
2192,11.2656,22.1895
2204,10.8018,21.9658
2216,10.3838,26.8867
2228,11.1709,22.0010
2240,11.2148,22.2041
2252,10.9268,22.1172
2264,11.4727,23.3193
2276,10.5449,21.3711
2288,10.7412,66.1211
2300,10.6875,22.1191
2312,10.2861,21.1934
2324,10.4307,22.2402
2336,10.4453,21.7793
2348,10.1426,21.4756
2360,10.3213,21.7178
2372,10.7139,22.5264
2384,10.2988,21.5127
2396,10.2080,21.1553
2408,10.8311,21.7891
2424,10.4941,22.6621
2440,10.6514,21.9736
2456,10.4141,22.0234
2472,10.2939,27.2178
2488,10.4951,21.9023
2504,10.3867,22.0449
2520,10.5313,22.2930
2536,10.3936,21.1025
2552,10.7070,21.9434
2568,10.3018,21.8408
2584,10.2715,21.9326
2600,10.4639,21.9248
2616,10.7051,22.9102
2632,10.4521,21.7754
2648,10.6152,22.2305
2664,10.3252,22.0654
2680,10.8135,21.7646
2696,10.2432,21.3672
2712,10.9229,23.1729
2728,10.3828,21.4551
2744,10.3750,21.9688
2760,10.3232,21.3379
2776,10.2734,20.9824
2792,10.2979,22.3936
2808,10.3604,26.3555
2824,10.7168,21.7871
2840,10.4609,22.4873
2856,10.4980,21.8848
2872,10.5586,22.8027
2888,10.6758,23.0439
2904,10.1240,21.1875
2920,10.3760,21.8535
2936,10.5137,21.5723
2952,10.3027,22.0674
2968,10.3193,21.9902
2984,10.4756,22.1143
3000,10.7168,22.4141
3016,10.3682,21.3223
3032,10.7207,22.6494
3048,10.7461,23.3555
3064,10.7725,22.8496
3080,10.4570,22.1436
3096,10.4229,21.8613
3112,10.5459,22.0947
3128,10.3555,22.3809
3144,16.7959,22.5820
3160,10.4160,22.1172
3176,10.7813,23.8945
3192,10.3193,38.7510
3208,14.9746,25.6787
3228,15.1338,25.6074
3248,10.6689,23.4082
3268,10.7686,23.7168
3288,10.5625,23.1230
3308,10.5557,23.4746
3328,10.0918,21.8818
3348,10.2549,22.9932
3368,10.2979,22.6484
3388,10.5254,23.1465
3408,10.4355,22.5635
3428,10.5947,22.5674
3448,10.2764,22.2695
3468,10.2852,22.6162
3488,10.5010,23.0781
3508,10.2012,21.8145
3528,10.4141,22.7158
3548,10.6338,23.4404
3568,10.6094,23.1455
3588,10.2832,22.7598
3608,10.6533,23.6602
3628,10.1934,22.3682
3648,10.6240,23.7725
3668,10.5420,22.3975
3688,10.9424,23.8193
3708,10.3975,22.5557
3728,10.5703,22.9883
3748,10.2480,22.3242
3768,10.3135,23.5967
3788,10.5039,22.8301
3808,10.2646,22.8223
3828,10.6455,24.0674
3848,10.2051,23.5957
3868,10.9580,24.2324
3888,10.4316,23.9941
3908,10.6924,23.4824
3928,10.3135,23.1182
3948,10.5684,22.7217
3968,10.3057,22.4102
3988,10.6982,23.9443
4008,10.2822,22.7949
4032,10.3672,22.6016
4056,10.2031,22.5322
4080,10.3984,22.7881
4104,14.8711,25.1885
4128,15.4082,26.1533
4152,15.1357,25.9355
4176,14.9902,25.7441
4200,14.3525,24.7334
4224,14.6465,25.1934
4248,14.9287,69.4951
4272,14.7920,25.5508
4296,14.8037,30.4502
4320,14.9951,25.3955
4344,14.8184,26.3135
4368,14.7256,35.7021
4392,14.5771,24.3594
4416,14.6719,25.8682
4440,14.5029,24.6289
4464,12.6025,25.8818
4488,12.3447,24.7402
4512,12.2871,24.8281
4536,12.2598,24.4268
4560,12.0713,24.5996
4584,12.0918,24.4844
4608,11.8242,23.3115
4632,12.0439,23.9688
4656,12.2334,24.5303
4680,12.1240,23.9268
4704,12.0547,23.7852
4728,11.9658,31.2461
4752,13.0059,25.7646
4776,12.8047,25.2012
4800,12.5820,24.4805
4824,12.3037,25.0928
4852,12.0625,24.0801
4880,12.3242,24.8467
4908,12.4092,24.3379
4936,12.0176,24.4297
4964,12.0557,24.2666
4992,18.4912,24.8174
5020,12.0752,23.5498
5048,11.8701,23.3740
5076,12.2979,24.5234
5104,12.2363,24.5605
5132,11.7432,23.1436
5160,11.9004,24.2207
5188,12.3096,24.4990
5216,11.7832,23.9365
5244,12.2578,23.7607
5272,11.9834,24.3867
5300,11.9912,25.2646
5328,12.6162,25.3936
5356,12.0244,23.8418
5384,12.5469,25.3955
5412,12.1455,24.8389
5440,11.8086,24.4414
5468,12.1855,25.1377
5496,12.2549,24.7803
5524,19.3477,25.1201
5552,12.2676,24.9043
5580,55.4814,24.9824
5608,12.7852,25.5420
5640,12.1484,24.5098
5672,12.2607,24.6992
5704,12.4707,24.9854
5736,12.2764,25.0059
5768,12.3711,24.5938
5800,12.0420,23.9316
5832,15.9980,24.3477
5864,12.0615,24.4844
5896,12.3213,24.3740
5928,12.4873,25.8994
5960,12.5996,25.8682
5992,12.3564,25.2598
6024,11.9746,24.0938
6056,12.0840,24.7148
6088,12.3145,24.6377
6120,12.4326,25.5967
6152,11.8340,24.1074
6184,12.5449,26.0596
6216,12.1738,25.0635
6248,11.9102,24.4160
6280,12.2744,25.4668
6312,12.2129,24.4258
6344,12.3867,25.0352
6376,11.8633,24.2910
6408,11.8799,24.0049
6444,11.8711,24.6475
6480,12.2314,25.5859
6516,11.9141,23.9658
6552,12.3213,25.6133
6588,11.8184,25.2129
6624,12.6211,25.2471
6660,12.0752,25.0469
6696,12.3525,24.6504
6732,12.3799,25.4844
6768,12.0615,25.4951
6804,11.9209,24.5449
6840,12.1172,25.0342
6876,12.1719,25.1250
6912,12.0801,24.7129
6948,13.0547,25.6514
6984,11.8945,24.8447
7020,12.2305,24.1670
7056,11.8506,24.4404
7092,12.0156,24.9609
7128,12.2637,26.1152
7164,12.2695,24.8848
7200,12.0664,24.9619
7236,12.1895,25.9717
7276,12.1680,25.5039
7316,12.4209,67.3545
7356,12.4092,30.6846
7396,12.1641,25.5137
7436,12.5605,25.8936
7476,11.9863,24.9736
7516,11.9717,24.6611
7556,12.5615,26.7959
7596,12.3262,25.9688
7636,12.4502,26.0234
7676,13.1465,27.2559
7716,12.0313,24.8672
7756,11.8047,24.6699
7796,12.1680,25.5264
7836,12.3887,26.0488
7876,12.2314,25.5791
7916,11.8379,24.5156
7956,11.6855,23.8027
7996,11.7568,25.0273
8036,12.2207,25.3857
8080,12.1143,25.0449
8124,11.7061,31.2354
8168,12.3721,24.4951
8212,18.0635,29.3467
8256,16.5576,27.9316
8300,16.3350,26.6895
8344,16.3799,27.7520
8388,16.0283,26.8652
8432,16.1426,27.3428
8476,16.1035,26.8457
8520,16.3428,27.4590
8564,15.7344,26.3213
8608,16.0342,26.3125
8652,20.2900,27.8398
8696,14.9727,28.0371
8740,14.3301,25.9482
8784,14.3477,25.9180
8828,13.6035,24.5859
8876,45.8076,25.6270
8924,13.8779,25.3252
8972,13.7314,25.5537
9020,14.0020,25.5938
9068,14.1406,26.5986
9116,14.2188,26.7842
9164,13.7148,24.8574
9212,14.2285,26.0508
9260,13.5117,25.3730
9308,13.8174,25.6436
9356,13.8633,25.2930
9404,13.7607,70.6777
9452,14.7813,25.7891
9500,14.2148,26.7920
9548,13.6357,25.3174
9596,13.9453,27.0830
9644,14.1670,38.5400
9696,14.0410,25.8115
9748,13.6611,25.5088
9800,13.9805,26.2168
9852,14.0098,25.8965
9904,13.6416,24.1055
9956,13.9287,25.9111
10008,13.7578,26.3330
10060,14.0059,26.7422
10112,13.7686,24.7578
10164,13.6846,25.7891
10216,13.6943,25.1748
10268,13.5117,24.6045
10320,13.9795,26.2998
10372,13.8350,25.7529
10424,13.8701,25.7930
10480,13.9453,26.9912
10536,14.0732,26.4082
10592,13.5625,25.0635
10648,14.3076,26.3662
10704,14.2402,26.3633
10760,14.0156,25.9209
10816,13.9297,25.3809
10872,14.1729,26.1846
10928,13.9209,25.8652
10984,13.5479,25.4707
11040,14.1885,27.5488
11096,13.9932,25.8711
11152,14.4434,26.8330
11208,13.7305,25.5615
11268,14.1318,26.9736
11328,13.6611,26.0596
11388,13.6152,25.0928
11448,13.4111,25.5371
11508,13.4160,29.5693
11568,14.3662,26.7695
11628,14.0547,26.4336
11688,14.2031,26.6924
11748,13.9951,25.6953
11808,14.3848,27.1113
11868,13.8096,25.7949
11928,14.0635,26.1816
11988,13.8125,24.8682
12048,14.2207,26.2627
12112,13.5420,25.4600
12176,13.4355,25.3760
12240,14.1211,27.0498
12304,15.0264,28.4688
12368,14.0420,27.3057
12432,14.2754,26.7529
12496,14.0830,26.6416
12560,13.2373,24.2852
12624,18.5537,26.9082
12688,14.0518,26.6064
12752,14.1846,26.9619
12816,14.0771,27.0430
12884,13.6826,25.8818
12952,13.7813,26.3740
13020,13.8691,26.4238
13088,13.9785,26.6855
13156,14.0322,26.9131
13224,13.7803,26.0400
13292,13.5459,25.6494
13360,13.4600,25.1299
13428,13.5723,26.1348
13496,13.9824,27.2822
13564,14.4492,27.8838
13632,14.3799,27.6230
13704,13.4980,25.2490
13776,13.6797,31.0117
13848,14.1553,27.8672
13920,13.9795,26.3340
13992,13.5303,26.0850
14064,14.3916,27.5859
14136,13.6895,24.9434
14208,13.7959,25.8867
14280,13.8711,26.5039
14352,14.1445,27.8809
14424,13.5225,25.9111
14500,13.7803,27.1533
14576,13.9463,27.5615
14652,13.9023,26.7402
14728,13.8955,27.3379
14804,14.0273,26.3223
14880,13.9697,26.9297
14956,14.0840,27.0078
15032,14.0645,27.1855
15108,20.7139,26.5039
15184,14.3838,27.5469
15260,14.0850,27.0107
15340,13.9346,26.5781
15420,14.1768,27.2354
15500,13.4590,25.9717
15580,14.0791,27.1152
15660,13.6143,26.2627
15740,13.7002,26.4131
15820,13.6064,25.8574
15900,13.6895,25.6572
15980,13.9404,27.0723
16060,12.9473,24.9551
16144,13.7871,26.9453
16228,14.4814,28.7275
16312,13.4463,26.5557
16396,18.0283,29.9883
16480,18.1914,105.8477
16564,17.7588,28.5068
16648,16.8018,28.2158
16732,17.1572,28.6484
16816,15.6602,27.3604
16904,15.8496,26.8965
16992,15.4229,27.1074
17080,15.8135,27.0205
17168,15.4854,27.2617
17256,15.7842,27.6875
17344,15.7344,31.5586
17432,15.5771,27.2734
17520,15.7676,27.7764
17608,15.0967,26.9355
17700,15.5889,28.0020
17792,15.5078,32.9023
17884,15.5879,27.8467
17976,15.6172,27.2197
18068,15.5107,27.1484
18160,15.5430,27.0508
18252,15.9766,27.6504
18344,15.9287,27.7373
18436,15.2217,26.9365
18532,15.9863,28.2930
18628,15.5908,27.9443
18724,15.8330,27.5391
18820,15.8604,28.7178
18916,15.8682,28.0498
19012,15.5967,27.7393
19108,16.0801,28.2637
19204,15.3682,27.8242
19304,15.2080,26.0723
19404,20.8037,27.8486
19504,15.7314,27.8545
19604,15.6582,27.5664
19704,15.6504,28.5303
19804,14.9277,26.1260
19904,15.7754,27.4160
20004,15.1631,26.7793
20108,15.2021,26.4922
20212,15.9971,27.8457
20316,15.9512,28.6963
20420,15.9063,28.9844
20524,15.6807,27.5977
20628,15.0273,26.6445
20732,22.9609,28.4023
20836,15.6260,27.5938
20944,15.3564,27.4951
21052,15.3340,34.0898
21160,15.9287,27.9854
21268,15.9014,28.5527
21376,15.0713,26.8613
21484,16.1631,28.7734
21592,15.8643,28.3535
21700,15.9385,27.9980
21812,15.9375,27.2783
21924,15.8936,28.0537
22036,15.5947,25.7207
22148,15.8672,27.5371
22260,15.7500,27.7090
22372,16.1416,28.3721
22484,15.8594,28.3340
22600,16.0576,28.5342
22716,15.6328,27.9063
22832,15.8105,29.1338
22948,15.3359,27.0527
23064,15.4873,26.5527
23180,15.5498,28.2822
23296,15.5723,27.3701
23416,15.2207,26.8213
23536,16.1299,28.4570
23656,15.1260,26.0596
23776,15.3428,27.3828
23896,30.8867,29.7549
24016,17.1416,30.0908
24140,16.5029,29.4854
24264,16.5137,28.7881
24388,16.2656,27.8359
24512,16.2842,28.2422
24636,16.3213,29.5918
24760,16.5342,29.1846
24884,15.8193,28.1963
25012,16.0947,28.5830
25140,15.9160,28.5723
25268,16.2012,29.0977
25396,16.6963,29.1318
25524,15.6895,27.8125
25652,15.8457,28.3223
25784,15.4189,27.2344
25916,14.9043,27.2783
26048,16.9219,29.2881
26180,15.0137,27.0771
26312,15.9785,28.5830
26444,15.6816,28.0449
26580,15.4502,28.0645
26716,15.5791,28.4805
26852,15.0449,27.0586
26988,15.5977,28.0049
27124,15.4043,27.5449
27260,15.3916,27.4385
27400,15.4258,28.4805
27540,15.1494,27.2461
27680,15.2578,28.0996
27820,15.6455,28.3242
27960,15.1045,26.8711
28100,15.9688,28.9746
28244,15.4893,28.2695
28388,15.9570,28.7773
28532,15.0840,27.7441
28676,15.3564,27.7490
28820,15.2285,26.6367
28968,15.5352,28.5303
29116,15.1416,27.9268
29264,15.4844,28.4111
29412,15.7373,28.9043
29560,15.4600,28.5850
29708,15.4287,27.5801
29860,15.7510,28.6436
30012,15.0078,27.8730
30164,14.9834,27.0156
30316,15.1182,28.1533
30468,15.3154,28.0020
30624,15.3643,28.5615
30780,39.2490,28.7695
30936,15.7793,28.9297
31092,15.1455,26.7637
31248,15.4463,28.8682
31408,15.6191,28.7002
31568,15.5195,28.1650
31728,15.5771,28.3301
31888,15.6885,28.3877
32048,15.7002,29.1221
32212,15.0781,27.2256
32376,15.5674,28.8438
32540,15.6895,36.4180
32704,16.3809,29.8896
32868,20.9756,29.5361
33036,18.9131,28.9424
33204,19.1777,29.2598
33372,19.1631,30.4717
33540,18.3594,27.7695
33708,19.0898,29.3027
33880,18.0117,27.6729
34052,19.2998,29.4268
34224,19.6064,30.1299
34396,19.1299,29.9893
34568,18.3076,27.6484
34744,18.3291,27.9834
34920,18.2031,28.4238
35096,18.2295,28.0332
35272,18.5938,28.5586
35452,18.9531,29.0303
35632,18.2002,28.7373
35812,18.6543,29.5908
35992,19.4063,30.8057
36172,18.5000,28.5117
36356,18.3047,27.8535
36540,18.4092,28.4316
36724,19.5342,30.1592
36908,18.4043,28.9688
37096,18.1318,28.1543
37284,18.0254,28.1377
37472,19.2197,29.7393
37660,19.2344,29.6836
37852,18.9258,29.6865
38044,18.8135,28.4072
38236,18.3066,28.8848
38428,18.6904,29.1846
38624,18.5986,29.1553
38820,19.0244,30.0967
39016,18.6455,28.7764
39212,18.5840,28.8291
39412,19.3213,29.5137
39612,18.3213,28.5850
39812,18.4932,28.3838
40012,18.9580,29.5918
40216,18.7949,29.2598
40420,17.9951,28.1836
40624,18.8057,29.4180
40828,18.2158,29.2539
41036,18.7939,28.9688
41244,18.3916,28.0273
41452,17.0479,26.7305
41660,18.0449,27.8877
41872,18.8057,28.9404
42084,20.4668,29.9453
42296,18.8242,29.2119
42508,18.8867,38.5234
42724,17.6689,30.5801
42940,17.4619,29.0596
43156,17.4961,30.1475
43372,17.1133,28.4482
43592,16.5254,27.4492
43812,16.5645,27.6221
44032,16.9980,29.1250
44256,17.2061,28.6416
44480,17.7998,30.1270
44704,16.9824,28.7500
44928,17.1631,29.1221
45156,16.9072,28.9600
45384,17.1143,29.3682
45612,16.5742,28.4014
45844,16.8047,27.9385
46076,17.0410,37.4336
46308,20.7500,29.6377
46540,17.0459,28.8398
46776,16.6553,28.1816
47012,16.6943,28.1006
47248,16.9336,29.0742
47488,17.0059,29.1953
47728,17.3164,29.6094
47968,17.3486,29.6670
48208,16.9805,30.8379
48452,18.8838,29.6172
48696,17.4600,29.7256
48940,18.1416,30.7871
49188,17.2549,29.5889
49436,17.4277,29.5098
49684,17.5195,29.3994
49936,16.8281,27.8291
50188,17.6162,29.8809
50440,17.0732,28.7373
50696,17.9951,30.6982
50952,16.8223,28.5576
51208,16.9414,29.1914
51468,17.6133,29.7070
51728,17.1592,28.5801
51988,17.2598,29.7178
52248,17.7334,30.3379
52512,17.7266,30.5791
52776,16.6855,28.3320
53040,17.8496,31.7695
53308,16.7949,28.3584
53576,17.1338,29.9756
53844,17.0059,29.4902
54116,17.8574,30.9766
54388,17.4561,30.3115
54660,17.1436,29.5332
54936,17.4570,30.0869
55212,17.2314,30.0273
55492,18.4199,29.4053
55772,17.2695,29.5195
56052,18.0908,30.5547
56336,16.8984,27.9746
56620,17.2607,29.0166
56904,18.2705,30.9512
57192,18.2334,72.9336
57480,19.5771,33.1201
57768,18.0703,30.7764
58060,17.2295,30.3809
58352,18.0059,30.8623
58644,17.2314,29.7305
58940,18.1309,31.7793
59236,18.1768,31.5732
59536,17.8223,30.3994
59836,17.7686,31.4365
60136,17.6885,30.7559
60440,17.8418,31.4004
60744,17.2568,29.6904
61048,17.8135,30.9248
61356,17.7295,31.1807
61664,17.5801,29.9248
61976,17.3896,30.1885
62288,17.6240,31.0166
62600,17.1992,28.7324
62916,18.0605,31.7686
63232,17.6563,31.6230
63552,18.0088,30.5029
63872,17.9346,31.6416
64192,17.7627,35.3584
64516,17.5176,30.2041
64840,18.4639,31.4668
65168,17.7568,30.7607
65496,28.7656,29.7266
65824,29.7949,34.3770
66156,23.5732,32.8789
66488,22.2744,32.4971
66824,21.8652,30.6016
67160,22.0635,32.1035
67496,22.8252,32.4473
67836,22.8301,32.4277
68176,22.3809,32.0361
68520,20.1250,30.9961
68864,20.0537,31.4434
69212,20.2324,31.3945
69560,20.4395,32.0986
69908,28.9238,31.9951
70260,19.7373,38.2949
70612,20.2490,31.0537
70968,21.3018,32.6211
71324,20.3896,31.9854
71684,20.1260,31.6201
72044,20.3027,31.2979
72408,19.9121,31.6436
72772,20.1123,31.6631
73136,19.9473,31.7148
73504,20.2314,31.8311
73872,20.6006,32.1055
74244,19.7930,31.5400
74616,19.9805,30.8135
74992,19.6328,31.1572
75368,25.1709,33.0811
75748,19.6816,31.6973
76128,20.1729,31.7588
76512,19.2275,29.5068
76896,19.5605,30.0166
77284,19.3428,30.5205
77672,20.2744,32.9268
78064,20.1055,32.9561
78456,20.5156,33.4756
78852,19.5146,31.1787
79248,19.5078,30.3672
79648,20.1611,31.4004
80048,20.2676,31.7432
80452,19.9580,31.1807
80856,26.9141,32.8223
81264,20.2783,31.7656
81672,19.0928,31.1563
82084,19.5254,30.7012
82496,20.4492,33.0977
82912,20.9580,34.0713
83328,20.3447,32.7881
83748,19.6885,31.6162
84168,19.6895,31.2637
84592,19.3799,30.9395
85016,19.8477,31.5234
85444,20.8379,33.5107
85872,19.4326,30.9434
86304,19.9082,32.1660
86736,19.4453,31.4971
87172,19.5264,31.7656
87608,20.3721,32.5986
88048,19.3828,31.4287
88492,20.4199,32.5303
88936,20.6777,33.6826
89384,19.7686,39.9082
89832,20.5273,33.6035
90284,20.6748,33.3027
90736,20.0654,32.0684
91192,20.1797,32.5596
91648,20.5811,33.5059
92108,20.1191,33.2402
92572,19.0020,31.0254
93036,20.0820,32.8662
93504,20.0303,37.0752
93972,20.6973,32.7314
94444,24.7305,32.2998
94920,20.4941,32.5859
95396,20.9551,33.9658
95876,38.7383,31.9443
96356,19.5820,30.6885
96840,19.9844,31.5010
97328,20.4600,32.0703
97816,20.4424,32.4150
98308,21.3115,33.9580
98800,19.9775,31.7227
99296,20.0967,32.4111
99796,20.3789,32.6738
100296,20.8115,33.8115
100800,19.5498,32.1475
101304,20.5400,32.5439
101812,20.3945,33.1797
102324,21.4600,42.6855
102836,20.1484,33.0605
103352,20.7119,33.6533
103872,19.6953,32.2900
104392,20.4346,32.7910
104916,20.8047,33.0986
105444,20.1826,33.1543
105972,20.8877,33.5273
106504,19.7510,32.1260
107040,20.1494,32.0996
107576,20.1533,32.6533
108116,20.0986,32.0762
108660,20.7305,33.5791
109204,19.9932,33.3057
109752,19.4961,31.0410
110304,20.1582,33.5029
110856,19.6582,33.0596
111412,20.9688,33.2373
111972,20.6699,34.0313
112532,20.8730,33.8076
113096,21.0361,33.9551
113664,21.2256,34.4346
114236,20.6006,33.2734
114808,20.7266,32.7441
115384,19.7939,32.3408
115964,21.0078,33.5723
116544,20.6689,32.4082
117128,20.0293,32.6230
117716,20.7266,33.5146
118308,20.4570,33.1309
118900,20.8936,33.6357
119496,20.8125,33.5352
120096,20.3184,32.8496
120700,20.9961,33.6729
121304,20.8613,33.6992
121912,21.1250,34.6113
122524,20.7891,33.4141
123140,20.8877,34.0957
123756,21.0254,33.7979
124376,19.9521,32.9102
125000,20.0029,47.7051
125628,20.9990,34.3789
126260,20.8379,33.5381
126892,20.3750,33.2100
127528,20.5029,33.3838
128168,20.6963,35.1904
128812,20.5176,33.3516
129460,20.4932,32.8721
130108,20.2715,32.7529
130760,20.9531,33.5615
131416,25.3789,35.2939
132076,25.8145,36.1953
132740,23.7754,33.7773
133404,24.1572,35.2051
134072,24.4736,45.4482
134744,23.2959,34.0146
135420,23.5576,34.3916
136100,23.8535,34.7656
136784,22.9902,33.4512
137468,22.7178,33.0479
138156,22.5371,32.4316
138848,22.9014,33.8936
139544,22.1572,32.3311
140244,23.0596,34.5703
140948,23.3008,34.2314
141656,22.8564,41.0215
142368,23.3223,34.4463
143080,21.9639,31.9023
143796,22.7051,33.4326
144516,22.2354,33.0781
145240,22.0098,32.5127
145968,22.7607,34.0723
146700,23.0107,34.6348
147436,22.8193,34.4746
148176,22.7656,33.7871
148920,21.9072,33.2031
149668,22.8809,34.9697
150420,23.6250,35.9063
151176,27.2207,33.1611
151932,23.4053,35.0244
152692,23.2803,34.5264
153456,22.5674,33.5596
154224,22.9961,34.0957
154996,21.9707,32.6787
155772,22.5879,34.4775
156552,21.9951,32.4033
157336,23.1357,34.3789
158124,22.2998,33.1846
158916,22.2354,33.4648
159712,22.5654,33.4434
160512,23.3359,64.3193
161316,22.5156,32.7744
162124,23.0127,34.6123
162936,22.8848,34.6357
163752,22.4980,34.0176
164572,23.0234,35.1768
165396,23.2031,35.7676
166224,24.4473,36.6396
167056,22.1709,32.9629
167892,23.2285,35.1309
168732,22.6650,34.4434
169576,22.6377,34.3486
170424,21.9600,40.2520
171280,22.2539,33.6602
172140,23.1807,35.4150
173004,22.6387,35.1445
173872,22.5234,35.1572
174744,24.5449,36.5361
175620,22.6445,34.7500
176500,23.5820,34.1504
177384,23.6846,34.3145
178272,22.5967,32.8965
179164,23.3447,35.5918
180060,24.0596,36.5010
180964,22.9531,39.7900
181872,23.6230,35.5264
182784,23.0957,33.9395
183700,23.3789,35.1533
184620,22.1387,33.6563
185544,23.0820,34.7324
186472,23.3096,34.4111
187408,22.5273,34.9160
188348,22.5156,33.7520
189292,21.6865,32.7520
190240,23.2236,33.9766
191192,22.9189,35.8281
192148,23.9482,40.8291
193112,22.8691,33.9639
194080,23.1191,35.0801
195052,22.9258,34.4463
196028,23.6875,35.1299
197012,21.8643,33.0557
198000,22.5723,34.3643
198992,23.1299,35.1318
199988,23.3027,35.1650
200988,21.9912,33.0322
201996,23.2705,35.3262
203008,22.9492,34.7969
204024,23.1563,35.7549
205048,24.7441,37.5977
206076,23.8193,36.8047
207108,22.1152,33.3926
208144,22.8877,35.3408
209188,23.5771,35.4063
210236,23.9551,36.4082
211288,23.4668,35.4443
212348,23.3301,35.3389
213412,21.9629,32.6211
214480,23.4678,36.6924
215556,23.7852,36.4121
216636,27.0527,33.5762
217720,21.9746,33.8154
218812,23.9883,35.9482
219908,23.1348,34.8740
221008,23.2295,35.6963
222116,22.8623,34.5166
223228,23.0625,35.1211
224348,22.5371,33.8828
225472,22.9326,35.3750
226600,24.5010,37.9922
227736,23.0869,35.6924
228876,22.1289,33.7061
230024,40.5674,35.7480
231176,22.4326,34.5693
232332,22.4326,35.4932
233496,22.8789,34.9434
234664,22.0381,34.4316
235840,22.9063,36.1504
237020,21.7070,33.2295
238208,22.9277,35.1934
239400,22.3525,35.4092
240600,22.9502,34.9531
241804,22.4121,34.8281
243016,23.4521,36.7266
244232,22.5186,35.3301
245456,23.0518,35.9316
246684,22.5791,35.3691
247920,22.4551,35.2285
249160,22.2529,34.3867
250408,22.2285,34.9180
251664,23.6133,36.4805
252924,22.9297,35.2109
254192,23.4922,35.1455
255464,22.9258,34.8350
256744,23.0342,35.0234
258028,23.3916,35.4844
259320,23.3232,35.8262
260620,23.8281,35.9355
261924,23.8750,35.9756
263236,25.4189,36.4512
264556,24.2363,33.4561
265880,25.9180,36.6455
267212,31.0527,36.8447
268552,25.3096,36.4502
269896,26.0957,37.3057
271248,25.5127,36.1113
272608,26.3760,36.8770
273972,25.2471,36.4648
275344,25.4873,36.6367
276724,25.4434,36.5430
278108,25.0508,35.7314
279500,24.9990,36.0713
280900,25.4775,36.5762
282308,27.3418,36.4033
283720,25.4033,36.1328
285140,24.9746,35.7021
286568,25.4785,35.5361
288004,24.3848,35.0244
289448,24.1992,35.0791
290896,24.3281,35.1123
292352,25.6016,37.0010
293816,25.2578,36.2881
295288,23.8848,34.0557
296768,24.7666,35.6338
298252,24.4121,36.6035
299744,24.9258,35.6270
301244,24.8291,36.2266
302752,24.1943,34.3066
304268,24.8213,35.7813
305792,24.0703,35.5098
307324,25.4570,35.9502
308864,25.2002,34.6504
310412,25.7236,36.2764
311968,26.1738,37.1094
313528,25.4209,36.9443
315096,25.9395,34.8506
316672,27.8701,42.0146
318256,25.9111,36.6582
319848,25.3779,35.6318
321448,25.4033,36.2119
323056,25.6133,35.6104
324672,25.1455,35.8975
326296,25.0039,35.7002
327928,24.4756,34.5469
329568,24.9014,36.0859
331216,25.5352,37.3281
332876,25.1455,36.2715
334544,25.6563,36.6758
336220,25.2295,36.4248
337904,25.1230,36.2656
339596,24.7334,35.5723
341296,24.0430,35.0029
343004,24.4414,35.7617
344720,24.4346,34.9746
346444,25.7148,36.8340
348180,25.7354,37.3350
349924,25.1572,36.6826
351676,26.0928,34.8486
353436,24.3320,34.5830
355204,25.7490,38.1885
356984,24.5508,35.3652
358772,24.6885,36.1777
360568,26.6152,38.9639
362372,25.6152,37.2002
364184,32.9346,36.9932
366008,26.3213,38.4424
367840,26.9814,39.7188
369680,25.6592,38.0254
371532,25.2813,36.7031
373392,24.9658,36.4365
375260,24.9619,36.7402
377140,23.6094,34.8760
379028,25.7617,36.9971
380924,26.4434,38.1406
382832,24.6982,35.9619
384748,25.0039,36.3398
386672,25.5176,37.7295
388608,24.6445,36.3047
390552,25.1006,248.5459
392508,25.5371,37.9580
394472,25.9707,39.2324
396448,25.1387,37.0967
398432,25.8516,38.3291
400428,26.4385,38.5078
402432,25.5752,38.4854
404448,25.8232,37.7168
406472,24.9697,37.4580
408508,25.5645,43.8926
410552,28.0947,42.1064
412608,25.5430,37.2813
414672,25.3145,37.6709
416748,25.2871,37.7617
418832,25.8633,37.6807
420928,25.0049,37.3213
423036,25.8135,38.1826
425152,32.2227,40.0537
427280,27.6475,38.1533
429420,29.2109,41.7627
431568,28.8447,44.9053
433728,27.6328,42.5244
435900,37.9971,43.1777
438080,26.5898,39.7021
440272,25.1270,37.0127
442476,25.1807,36.9180
444692,25.5518,37.7813
446916,34.5498,42.9473
449152,26.1953,39.4209
451400,26.7021,39.6660
453660,26.7598,38.0820
455932,25.2754,37.9785
458212,25.8359,45.0313
460504,50.1982,41.3506
462808,26.8730,40.6582
465124,25.3809,36.6328
467452,25.5371,37.8125
469792,25.9531,44.9004
472144,25.7666,44.5801
474508,30.2754,39.6797
476884,27.1328,41.1152
479272,25.6602,38.5830
481672,26.4199,40.8662
484084,26.7158,39.8477
486508,25.3682,47.5977
488944,28.2021,40.1641
491392,26.3955,78.7266
493852,24.8779,37.9551
496324,26.2598,39.8975
498808,25.5264,38.2803
501304,26.0088,46.0186
503812,45.2236,39.0088
506332,24.2607,36.9170
508864,24.6738,37.0332
511412,25.4824,39.3867
513972,25.4688,39.2627
516544,25.6240,38.7842
519128,25.7930,39.7285
521724,39.4521,43.1602
524336,32.3584,44.4170
526960,28.0195,69.7998
529596,29.0469,41.3936
532244,27.9248,39.6016
534908,29.0957,41.0518
537584,28.7090,41.3477
540272,27.6104,49.1719
542976,31.2480,39.2480
545692,29.4336,40.9512
548424,28.1592,40.9287
551168,36.0205,40.1787
553924,27.5723,39.6064
556696,27.7236,38.6855
559480,26.9844,37.9775
562280,34.1504,41.7373
565092,26.2139,38.1885
567920,27.0371,37.9658
570760,27.5742,38.5078
573616,26.9521,37.8936
576488,27.2803,38.7227
579372,27.5527,38.8066
582272,27.2881,38.8789
585184,27.3125,41.0801
588112,27.6699,38.8477
591056,28.8076,40.9814
594012,27.9238,39.7793
596984,28.6309,42.7080
599972,28.4326,40.5967
602972,27.8896,38.9561
605988,28.3379,40.2393
609020,28.4746,40.5176
612068,29.3291,41.1475
615132,28.0410,46.0244
618208,27.8242,39.8311
621300,29.2314,58.6523
624408,28.5527,41.0742
627532,28.1533,41.1885
630672,26.4160,37.4131
633828,26.7061,38.4229
637000,28.9658,41.8379
640188,27.2842,38.5322
643392,26.3389,39.5996
646612,27.5928,39.8096
649848,27.6406,40.3193
653100,27.9043,40.0410
656368,26.7334,38.3223
659652,27.9727,39.9375
662952,27.9434,40.2578
666268,26.2607,37.5400
669600,27.4600,39.3408
672948,26.9004,38.9414
676316,28.8955,40.8789
679700,27.8242,39.7119
683100,27.0234,39.7256
686516,26.9717,38.5938
689952,27.6650,39.5703
693404,27.9609,40.2588
696872,27.3438,40.6602
700360,28.7422,40.2627
703864,28.7109,41.5986
707384,27.7910,39.4668
710924,30.6484,38.3037
714480,29.5693,41.5605
718056,27.5313,40.3330
721648,30.5381,40.6191
725260,31.1396,42.1777
728888,29.5000,40.4102
732536,28.9111,39.2930
736200,30.0410,40.4678
739884,29.2617,37.8477
743584,29.6963,40.4473
747304,29.2754,40.3643
751044,29.1270,39.6777
754800,30.8789,42.3271
758576,30.7646,42.0986
762372,30.2734,40.2207
766184,30.0332,41.3662
770016,29.6807,41.2148
773868,29.8340,41.9541
777740,30.4180,43.3145
781632,28.1758,40.1123
785544,29.2813,213.0498
789472,31.9902,131.3535
793420,512.1367,51.5596
797388,29.6602,44.0469
801376,28.4443,205.6660
805384,45.5723,40.3809
809412,30.6563,45.0645
813460,29.0635,40.0723
817528,29.1455,41.6855
821616,28.6514,43.0967
825728,28.3701,39.9766
829860,28.9199,41.7568
834012,28.0596,39.7109
838184,28.9990,42.1816
842376,28.8740,41.3418
846588,28.9766,41.7998
850824,27.8848,39.7998
855080,29.7158,41.8965
859356,29.3164,42.0107
863656,29.2705,41.4365
867976,28.4268,41.5498
872316,29.7637,42.4775
876680,29.0479,42.4014
881064,27.4736,39.3760
885472,28.6494,41.2637
889900,28.0928,40.7139
894352,29.2148,41.8896
898824,33.0137,42.1270
903320,27.6611,40.3057
907840,28.3730,40.4355
912380,27.9082,39.9150
916944,29.6758,42.5244
921532,28.8848,43.6670
926140,28.4346,41.3096
930772,30.0635,44.1494
935428,28.1299,84.8555
940108,39.9541,42.5811
944812,30.9482,44.1406
949540,30.2168,43.5020
954288,29.0469,41.5508
959060,29.0137,41.9004
963856,28.5410,41.6260
968676,27.6514,39.8516
973520,29.0283,42.3652
978388,29.2012,42.3701
983280,29.0771,43.2510
988200,35.6279,44.8105
993144,29.3594,43.0537
998112,29.8320,43.5234
1003104,30.6133,44.4990
1008120,28.9131,41.1592
1013164,31.7549,45.7305
1018232,29.1787,42.6875
1023324,28.6738,41.2490
1028444,28.4072,42.0088
1033588,28.8994,41.7676
1038756,29.2822,42.8730
1043952,29.0479,41.6357
1049172,31.0781,42.7861
1054420,32.0645,44.0928
1059696,30.8418,42.7158
1064996,30.9336,43.2539
1070324,33.8496,43.6660
1075676,30.9346,42.4463
1081056,31.5977,44.1836
1086464,30.9707,43.1572
1091900,31.6055,44.3115
1097360,31.9668,44.2178
1102848,30.7852,42.6094
1108364,30.9316,43.6133
1113908,32.9609,46.9395
1119480,31.2002,42.7607
1125080,31.7979,45.6523
1130708,31.3848,43.7402
1136364,32.2236,44.6270
1142048,31.4121,42.1279
1147760,30.8740,42.5996
1153500,31.6436,49.3027
1159268,32.2051,44.2031
1165068,32.2031,44.1621
1170896,31.3789,42.8184
1176752,33.3516,46.8467
1182636,31.9307,43.9590
1188552,30.2900,41.8975
1194496,31.4990,44.7207
1200472,35.0947,42.4531
1206476,39.8359,44.3057
1212512,32.8730,47.0449
1218576,32.4531,45.0977
1224672,32.0576,43.3145
1230796,32.8779,45.2090
1236952,32.2852,44.0234
1243140,33.0674,45.2949
1249356,31.2041,42.0430
1255604,32.8486,44.8965
1261884,32.1221,44.6543
1268196,31.7168,43.4199
1274540,32.5391,45.2793
1280916,33.0469,45.6055
1287324,31.7510,44.6533
1293764,32.2881,44.4121
1300236,32.2168,44.0996
1306740,32.4648,43.0439
1313276,32.7451,44.8047
1319844,32.3789,44.0088
1326444,33.4844,45.1543
1333080,32.5078,43.7588
1339748,34.3154,45.8379
1346448,34.0225,45.6260
1353184,33.8721,46.8174
1359952,34.3193,46.8115
1366752,32.7832,44.8428
1373588,32.3975,44.3877
1380456,32.5117,45.5928
1387360,32.5186,45.1416
1394300,34.0605,46.3154
1401272,31.2197,43.7021
1408280,31.3066,44.3984
1415324,33.1709,46.2285
1422404,33.4365,46.8994
1429520,33.5020,46.7295
1436668,31.4443,43.3105
1443852,32.5527,44.7002
1451072,33.3516,46.6621
1458328,33.8027,45.8516
1465620,33.1221,46.5498
1472952,34.4395,46.7539
1480320,34.1963,47.3545
1487724,31.7490,44.3740
1495164,32.8662,46.0430
1502640,32.9648,45.0615
1510156,34.1973,47.5049
1517708,33.6436,46.0566
1525300,34.3770,48.9199
1532928,34.8633,47.5781
1540596,33.5938,46.3916
1548300,32.0684,44.0400
1556044,33.2637,46.4141
1563828,34.8623,48.1787
1571648,32.5391,44.2188
1579508,32.6924,45.8320
1587408,33.8066,46.0791
1595348,34.0713,47.2275
1603328,41.3496,47.7236
1611348,40.1221,48.0264
1619408,32.9629,46.6260
1627508,34.4092,47.9990
1635648,34.1904,47.7402
1643828,32.7236,45.5713
1652048,34.0586,47.1426
1660312,34.5723,47.8174
1668616,35.7969,48.9961
1676960,33.8975,48.1826
1685348,34.6416,48.1309
1693776,33.1914,52.9746
1702248,33.2559,46.4736
1710760,35.0654,48.8271
1719316,34.3955,47.3770
1727916,33.9082,46.9082
1736556,34.2549,48.2891
1745240,32.7998,45.4717
1753968,34.0732,47.1143
1762740,35.3965,49.0146
1771556,33.7803,47.5303
1780416,34.3633,48.5586
1789320,35.1533,49.0186
1798268,34.8193,49.0488
1807260,33.6221,47.7285
1816300,34.6328,48.0303
1825384,33.6475,47.5830
1834512,34.8691,48.9111
1843688,33.6143,47.1650
1852908,33.3809,45.6914
1862176,31.8398,43.9355
1871488,35.3271,48.7842
1880848,34.9434,48.1211
1890256,34.5791,48.9248
1899708,34.4902,48.8896
1909208,34.8711,48.7656
1918756,36.5518,51.0029
1928352,42.9639,98.0840
1937996,39.1748,48.2686
1947688,35.3408,47.1621
1957428,66.4121,54.1387
1967216,36.0869,49.6797
1977056,36.4697,47.1396
1986944,37.0205,50.3770
1996880,37.6338,50.0713
2006868,37.4434,49.2168
2016904,36.7383,49.8477
2026992,52.7881,51.3076
2037128,38.0498,50.7627
2047316,36.9736,49.9326
2057556,36.2969,49.0518
2067844,37.3564,50.7930
2078184,36.6426,48.5625
2088576,44.5889,55.6436
2099020,41.0605,54.5479
2109516,38.5010,50.9277
2120064,38.0801,58.7256
2130668,38.0283,51.1865
2141324,39.0342,52.1025
2152032,61.0059,55.2891
2162796,39.1064,73.3477
2173612,42.3037,53.3516
2184484,40.3574,53.4561
2195408,40.5479,54.6309
2206388,40.0518,53.1064
2217420,40.3945,53.1094
2228508,39.6162,63.2168
2239652,39.8955,53.7852
2250852,39.2510,52.5840
2262108,37.6699,50.8174
2273420,38.7500,53.7832
2284788,40.8848,55.0313
2296212,39.3330,53.4551
2307696,38.7813,52.4902
2319236,38.9385,92.2070
2330836,39.2471,51.3652
2342492,37.2324,51.9443
2354208,39.1113,89.5156
2365980,38.6592,51.6357
2377812,38.3203,52.4775
2389704,38.3096,52.3555
2401656,56.2881,52.0723
2413668,35.5732,48.9258
2425740,38.6924,56.1016
2437872,36.4756,49.5459
2450064,37.2100,51.2275
2462316,38.0977,52.4600
2474628,36.6768,51.3418
2487004,37.0947,51.4082
2499440,36.7002,50.9023
2511940,36.3672,50.1504
2524500,36.5566,50.6826
2537124,39.1836,53.2969
2549812,37.5166,52.5576
2562564,37.5264,51.9932
2575380,35.4854,49.2129
2588260,39.4033,55.9365
2601204,35.9902,49.3594
2614212,37.4375,51.1221
2627284,36.8447,52.5635
2640424,35.3164,61.0566
2653628,36.9453,51.6592
2666900,37.2725,56.7578
2680236,35.9912,49.6709
2693640,37.5020,52.3838
2707112,35.9229,49.4287
2720648,38.3867,53.4141
2734252,36.8320,51.3496
2747924,37.4795,52.2598
2761664,36.9551,51.1338
2775476,37.2598,52.6055
2789356,37.2109,51.6680
2803304,38.1553,53.3838
2817324,37.6592,52.4063
2831412,38.5400,54.7607
2845572,36.6885,50.5508
2859800,38.4795,52.5049
2874100,36.0410,49.7979
2888472,38.2969,53.0107
2902916,37.1777,51.1895
2917432,37.0508,50.6934
2932020,36.7822,51.0195
2946684,36.8145,51.3838
2961420,37.7715,52.9951
2976228,38.5811,53.0400
2991112,37.9004,55.1865
3006068,39.7520,55.7783
3021100,37.3379,52.8047
3036208,37.3477,53.0225
3051392,37.1182,51.8672
3066652,37.6299,53.1318
3081988,37.9033,53.5762
3097400,36.2344,50.8457
3112888,37.1748,53.3242
3128456,37.6836,53.7783
3144100,38.5947,54.4434
3159824,36.2900,51.7080
3175624,38.5098,53.6455
3191504,38.9512,55.7178
3207464,37.6094,53.3477
3223504,45.8369,52.2041
3239624,42.0225,53.5703
3255824,37.3389,52.5303
3272104,37.9326,52.7256
3288468,36.1465,51.5068
3304912,38.9014,56.2510
3321440,36.7471,50.9873
3338048,39.3398,53.6777
3354740,39.3750,54.6396
3371516,38.2393,53.6299
3388376,37.6641,52.7021
3405320,38.0850,53.5615
3422348,37.2588,51.3428
3439460,38.3740,55.4150
3456660,37.9834,53.8447
3473944,38.4063,53.7393
3491316,37.9766,53.0479
3508776,39.8770,53.9951
3526320,38.7275,54.4951
3543952,38.8770,54.5908
3561672,38.2275,52.2480
3579484,39.2314,54.6875
3597384,61.8799,62.1172
3615372,38.8428,62.0459
3633452,38.9893,53.8301
3651620,38.4111,52.2451
3669880,42.3701,60.7178
3688232,39.3818,56.1201
3706676,39.7334,56.5830
3725212,40.3096,57.8457
3743840,40.8438,57.6611
3762560,39.5586,55.7090
3781376,39.9209,56.0342
3800284,40.8604,57.0635
3819288,40.6953,58.1846
3838388,41.1387,58.0879
3857580,47.6709,58.4795
3876868,40.3467,55.9375
3896256,45.5723,56.7236
3915740,39.1885,55.4717
3935320,40.9482,58.8643
3955000,41.9053,58.8965
3974776,39.9404,56.1641
3994652,40.3525,56.7480
4014628,40.2930,58.0146
4034704,42.6182,59.7793
4054880,40.6592,57.9023
4075156,41.0518,59.3633
4095532,39.9746,55.8418
4116012,39.4375,56.0723
4136596,39.5137,56.8027
4157280,42.8867,61.1074
4178068,40.9092,58.2070
4198960,45.2930,60.1260
4219956,41.6943,53.9150
4241056,43.8096,57.5869
4262264,44.6484,58.1465
4283576,43.1172,56.7676
4304996,44.8125,58.5615
4326524,44.0977,56.9326
4348160,43.4678,56.5127
4369904,45.2012,58.8955
4391756,46.3506,58.4453
4413716,44.4482,56.3896
4435788,45.8262,58.0986
4457968,45.1729,57.3662
4480260,45.3154,58.1670
4502664,46.2207,57.7188
4525180,42.3955,54.6982
4547808,45.4375,58.5732
4570548,43.5586,59.0117
4593404,44.6182,59.7236
4616372,45.1455,59.7754
4639456,44.1270,58.6191
4662656,43.8623,58.8584
4685972,44.3516,59.7002
4709404,44.9053,58.2178
4732952,41.5283,56.5000
4756620,44.7568,59.2588
4780404,43.2021,56.1436
4804308,44.6445,59.2324
4828332,43.5313,59.0166
4852476,44.5654,58.3730
4876740,43.9258,58.2480
4901124,42.6172,56.3447
4925632,46.7891,62.0986
4950264,42.9600,56.2041
4975016,43.8311,58.1875
4999892,45.5352,61.3984
5024892,45.2803,59.5186
5050020,42.6230,56.4961
5075272,44.3281,59.2344
5100652,45.1250,60.2842
5126156,45.8633,60.6582
5151788,44.6670,58.7051
5177548,43.8135,57.6133
5203436,42.8770,56.2998
5229456,42.2607,55.6514
5255604,45.1543,60.4150
5281884,44.4932,58.4463
5308296,53.6270,57.7129
5334840,42.0654,55.4531
5361516,44.9160,58.4209
5388324,46.2002,62.2090
5415268,50.9150,59.2627
5442348,44.8271,59.9678
5469560,43.6426,57.5859
5496908,43.8623,59.4092
5524396,43.2012,59.3496
5552020,44.6436,60.4033
5579784,44.1055,67.7344
5607684,45.5791,59.1855
5635724,42.8369,59.1455
5663904,42.5215,56.5664
5692224,44.4102,59.4268
5720688,43.2109,57.9971
5749292,44.1133,60.4951
5778040,43.6514,59.8662
5806932,43.7930,57.6289
5835968,43.1865,58.0645
5865148,46.1211,61.0859
5894476,42.5938,56.5850
5923952,43.6729,59.8115
5953572,45.0557,61.0176
5983340,43.0078,56.7480
6013260,45.9736,61.4912
6043328,43.8867,59.0693
6073548,43.9600,60.1318
6103916,45.8594,61.2168
6134436,43.9209,58.6777
6165112,44.9268,60.1055
6195940,46.8955,60.3105
6226920,52.6826,59.5703
6258056,43.3945,58.8271
6289348,44.5518,60.3975
6320796,43.8184,58.7129
6352400,45.2490,62.5059
6384164,52.2031,60.0645
6416088,44.0693,61.0244
6448172,46.7627,63.3076
6480416,44.0566,59.8623
6512820,45.9648,61.4775
6545388,46.0938,61.7920
6578116,42.2100,55.4834
6611008,45.0811,68.3369
6644064,43.9863,60.4629
6677288,46.6484,62.1631
6710676,55.8330,60.5625
6744232,42.7754,57.5049
6777956,46.0918,62.4131
6811848,45.0098,73.1777
6845908,42.5645,56.6230
6880140,45.7129,60.0000
6914544,44.7080,61.3574
6949120,45.7432,61.8291
6983868,43.6553,58.1729
7018788,93.1533,84.5830
7053884,44.4346,60.1377
7089156,43.7617,59.2305
7124604,43.4961,59.3486
7160228,42.7705,57.2725
7196032,44.9775,58.8906
7232016,43.7490,59.6162
7268180,45.5654,62.6807
7304524,43.1982,58.6230
7341048,42.4756,57.1416
7377756,43.8340,58.3594
7414648,42.9883,59.8213
7451724,44.9180,63.1768
7488984,45.9668,61.8145
7526432,43.2412,87.6953
7564068,45.1533,66.0469
7601892,45.0908,62.4355
7639904,43.0117,59.1387
7678104,44.0088,59.8428
7716496,45.3252,62.5264
7755080,44.1904,60.0557
7793856,45.7939,63.8574
7832828,45.7607,63.0098
7871996,44.5146,61.0332
7911356,45.2129,63.1602
7950916,45.5801,62.7861
7990672,45.0498,61.4980
8030628,45.6338,61.3799
8070784,45.2900,62.0439
8111140,86.2715,70.1973
8151696,43.6826,61.3838
8192456,41.7012,57.2490
8233420,44.1592,62.4727
8274588,46.4580,64.4014
8315964,44.0869,60.5518
8357544,44.6426,62.6855
8399332,48.0078,61.3926
8441332,47.6240,62.7471
8483540,46.7598,61.6035
8525960,49.0225,63.5264
8568592,48.5801,63.7441
8611436,47.7373,62.0928
8654496,48.1377,59.9941
8697772,48.4902,60.1035
8741264,48.7266,60.3086
8784972,48.7080,62.3623
8828900,49.7500,63.2500
8873048,48.8281,63.8125
8917416,48.4707,61.7246
8962004,46.7070,57.7607
9006816,47.2891,61.0713
9051852,47.8467,60.3936
9097112,48.7588,62.4453
9142600,50.0098,63.2529
9188316,49.7158,63.1865
9234260,49.5781,62.3721
9280432,47.6113,59.3809
9326836,54.3691,64.3672
9373472,47.5469,61.7393
9420340,49.0332,64.0459
9467444,47.7295,63.3496
9514784,48.9434,63.5225
9562360,46.2500,61.4697
9610172,47.8857,63.0742
9658224,48.7412,64.3359
9706516,47.4502,63.7031
9755052,48.8730,65.0352
9803828,48.5781,64.2656
9852848,48.3594,63.2227
9902116,46.2471,60.3154
9951628,46.5596,60.7012
10001388,48.2803,63.6572
10051396,43.9463,56.9248
10101656,47.0918,61.5557
10152168,48.6318,62.5361
10202932,49.1123,64.3545
10253948,48.6533,64.1924
10305220,47.1709,59.8877
10356748,49.1768,65.2041
10408532,46.9961,61.8428
10460576,46.7256,62.0410
10512880,48.1006,63.8936
10565448,50.0684,64.4580
10618276,46.7295,61.6689
10671368,47.0215,62.7012
10724728,46.1094,59.6953
10778352,50.8066,65.9512
10832244,49.4229,63.9678
10886408,54.5068,64.1992
10940844,49.8916,64.0068
10995552,47.2314,61.7178
11050532,49.1855,63.4951
11105788,47.9980,63.2852
11161320,50.1611,64.5215
11217128,83.6543,62.2480
11273216,48.9072,64.6592
11329584,49.3877,64.9766
11386232,49.9297,62.5234
11443164,49.7402,64.0586
11500380,48.5479,64.0840
11557884,47.4355,63.0713
11615676,50.4678,66.4395
11673756,47.5684,60.3271
11732128,49.1455,64.0400
11790792,48.2148,62.7637
11849748,46.8057,60.4072
11909000,49.0977,65.5098
11968548,49.6211,66.1699
12028392,49.3916,65.3730
12088536,48.8916,64.5254
12148980,91.8291,78.8047
12209728,50.2012,66.5586
12270780,47.4746,64.1367
12332136,48.1719,68.6826
12393800,48.4434,65.3301
12455772,47.9180,66.5693
12518052,50.9004,66.5420
12580644,50.4600,66.1377
12643548,47.0752,63.0684
12706768,49.4307,65.1563
12770304,48.0596,62.7119
12834156,47.0996,61.3652
12898328,48.5566,64.1934
12962820,50.7256,65.1406
13027636,49.1670,74.0117
13092776,50.3252,67.1641
13158240,48.2393,64.6445
13224032,49.2295,63.5332
13290156,47.5234,62.7207
13356608,48.3174,63.6152
13423392,47.7549,61.7803
13490512,49.0000,67.5264
13557968,47.6113,65.5771
13625760,76.4307,66.7119
13693892,47.1436,63.6211
13762364,50.3037,66.4580
13831176,48.0752,63.5215
13900332,47.9473,63.2002
13969836,48.8584,65.9307
14039688,51.0752,68.3574
14109888,48.9932,65.5400
14180440,47.4492,64.0566
14251344,49.3486,65.8379
14322604,51.3281,68.8428
14394220,49.9844,67.1055
14466192,50.4834,65.9854
14538524,49.3701,65.4473
14611220,50.5322,93.9346
14684280,50.2578,68.7109
14757704,50.4219,68.0742
14831496,50.1191,66.2471
14905656,49.3340,65.3223
14980188,50.1084,66.5986
15055092,57.8574,68.1270
15130368,49.3975,68.2871
15206020,52.7236,67.0586
15282052,51.7178,66.7168
15358464,52.2363,68.2969
15435260,53.6748,69.3887
15512440,51.9004,67.9795
15590004,52.6836,67.5771
15667956,54.0195,66.2617
15746296,53.6719,68.2051
15825028,51.9863,67.5977
15904156,52.4844,67.6387
15983680,56.0195,70.4316
16063600,58.2881,72.1758
16143920,54.6104,70.3428
16224640,54.6309,68.2705
16305764,58.4336,70.6426
16387296,55.7627,70.9658
16469236,57.3555,71.6836
16551584,57.2803,71.3057
16634344,55.1406,72.1396
16717516,61.3750,71.4131
16801104,63.9590,76.3926
16885112,63.8418,72.9268
16969540,59.2305,71.1543
17054388,64.1982,74.5674
17139660,61.3633,70.8389
17225360,63.2744,77.0918
17311488,60.5801,73.5293
17398048,64.4023,73.3916
17485040,65.6914,71.1318
17572468,78.3799,71.9180
17660332,71.8945,79.5244
17748636,67.0986,76.6162
17837380,64.7217,73.9502
17926568,65.5732,76.7617
18016204,62.2480,73.9033
18106288,61.8281,70.7822
18196820,66.5215,75.6660
18287808,111.6348,82.1309
18379248,56.6123,67.3252
18471148,53.6719,67.7012
18563504,56.9668,70.3857
18656324,54.8555,68.5371
18749608,54.6006,70.8135
18843360,52.8301,68.4629
18937580,53.1016,68.3516
19032268,53.4795,69.8486
19127432,52.3223,67.7383
19223072,52.9580,67.5361
19319188,53.4697,68.1201
19415784,52.7344,67.8945
19512864,51.6094,66.5840
19610432,52.4170,65.7158
19708488,51.0654,66.1113
19807032,52.5020,69.3184
19906068,58.3789,69.0020
20005600,55.8984,70.2676
20105628,53.0078,66.9043
20206160,53.6279,67.7539
20307192,59.9307,68.5234
20408728,55.6387,69.8662
20510772,54.3564,68.4678
20613328,55.8555,71.7461
20716396,54.0830,68.9482
20819980,65.8242,71.4336
20924080,55.3838,70.6006
21028704,55.7754,71.3018
21133848,56.6885,81.2236
21239520,54.1436,72.6094
21345720,56.9473,70.6592
21452452,54.5703,67.3330
21559716,59.0645,67.7041
21667516,60.3477,72.0410
21775856,72.2686,88.7031
21884736,74.0605,78.2344
21994160,62.0352,86.4063
22104132,61.5586,69.1250
22214656,58.3408,70.3721
22325732,59.5449,71.6504
22437364,57.3076,76.1270
22549552,63.0283,74.2617
22662300,57.4648,70.0283
22775612,58.5762,72.9365
22889492,58.6543,70.0674
23003940,57.7090,72.1709
23118960,58.7256,71.0713
23234556,59.7939,77.6074
23350732,55.7520,68.9160
23467488,60.3555,72.3652
23584828,60.7676,71.5098
23702756,57.7676,73.6826
23821272,57.5693,75.5566
23940380,60.3145,70.0996
24060084,60.8418,73.0342
24180388,65.2148,73.5654
24301292,60.3926,72.8750
24422800,62.1787,151.8662
24544916,63.3975,72.0908
24667644,58.8809,70.9297
24790984,60.1973,74.2900
24914940,61.3330,73.8750
25039516,60.0117,73.5342
25164716,62.6387,72.7578
25290540,61.7168,72.7637
25416996,65.6309,76.9766
25544084,65.3145,75.7480
25671808,63.3730,75.7422
25800168,65.4600,91.6445
25929172,67.4941,79.1836
26058820,68.3525,77.1611
26189116,122.4336,81.0791
26320064,68.2256,81.8721
26451668,68.0645,80.5293
26583928,65.8047,72.6592
26716848,68.9316,79.5967
26850436,69.3564,77.3984
26984692,75.6641,80.8545
27119616,69.4658,83.8701
27255216,75.4443,82.4668
27391496,153.5000,97.2578
27528456,86.7275,87.7891
27666100,77.9004,88.1943
27804432,77.8936,87.7598
27943456,82.1699,92.3496
28083176,80.0889,105.1123
28223592,100.1934,97.0908
28364712,84.1006,109.5352
28506536,101.9961,94.3145
28649072,102.0332,101.8145
28792320,109.4346,102.9453
28936284,87.6240,95.0234
29080968,84.0352,94.1338
29226376,82.6172,95.2441
29372508,79.0439,88.2852
29519372,84.6133,92.1240
29666972,88.1797,110.1611
29815308,87.6455,99.7451
29964388,84.0762,92.3779
30114212,87.6914,98.8721
30264784,89.2363,99.2070
30416108,90.8721,95.1377
30568192,90.2344,104.3398
30721036,90.6729,117.9414
30874644,98.5547,105.0410
31029020,94.3047,101.4199
31184168,112.5088,99.6201
31340092,94.9316,105.5850
31496796,92.5801,99.8223
31654280,95.2461,99.7061
31812552,92.5186,101.3701
31971616,99.4014,111.5146
32131476,91.2080,101.9961
32292136,133.1162,109.0693
32453600,95.0107,105.8125
32615868,97.7041,104.3213
32778948,112.7188,107.8252
32942844,97.2441,104.9590
33107560,96.4570,109.6143
33273100,98.0664,102.8232
33439468,107.4316,109.8193
33606668,107.7168,106.6650
33774704,102.6143,113.5293
33943580,110.1934,109.7461
34113300,108.2334,110.1553
34283868,106.7090,115.1631
34455288,115.3223,116.4795
34627568,115.3545,129.6445
34800708,111.6143,117.9668
34974712,111.6807,106.9717
35149588,139.2881,112.1299
35325336,113.8936,114.9336
35501964,110.1816,116.3652
35679476,107.8662,110.0908
35857876,115.2510,112.7617
36037168,110.8721,117.0615
36217356,119.1699,109.9492
36398444,118.1357,128.6904
36580440,115.2734,117.2676
36763344,121.7549,116.7383
36947164,113.8359,118.8418
37131900,111.2383,106.9561
37317560,119.4941,118.1416
37504148,120.1475,131.0977
37691672,114.8613,120.3896
37880132,114.8623,118.3828
38069536,124.0576,111.1523
38259884,117.3115,112.5469
38451184,117.3096,116.1035
38643440,124.7646,116.1445
38836660,118.9502,114.8672
39030844,122.6025,119.6758
39226000,124.7061,111.4395
39422132,123.9287,130.2109
39619244,143.8076,123.4170
39817344,122.1992,115.4834
40016432,125.2090,118.5654
40216516,131.9404,118.5674
40417600,119.3857,119.8896
40619688,126.6982,154.7402
40822788,137.6143,118.5283
41026904,133.0400,124.3516
41232040,116.0303,119.5781
41438204,119.4912,122.4258
41645396,117.2666,158.7500
41853624,123.6289,131.1084
42062896,123.9941,129.1748
42273212,120.5273,112.6240
42484580,135.0508,122.1641
42697004,115.5771,122.2031
42910492,126.8457,161.7754
43125048,125.0332,162.5244
43340676,121.0361,117.5146
43557380,117.9268,120.2490
43775168,118.6328,123.2734
43994044,137.9639,152.2441
44214016,134.5557,135.5293
44435088,131.2539,135.3262
44657264,130.1885,126.7422
44880552,127.3809,127.0947
45104956,127.8770,125.4580
45330484,122.0596,121.0313
45557140,126.7959,135.2891
45784928,125.7314,125.4229
46013856,123.4473,126.1807
46243928,126.1133,122.8613
46475148,146.6553,132.4043
46707524,129.4961,177.6387
46941064,122.8662,147.2334
47175772,138.4785,128.0088
47411652,137.5029,123.8516
47648712,140.1230,138.8164
47886956,137.7754,130.7383
48126392,130.5820,131.6045
48367024,154.8643,138.1895
48608860,136.2412,138.6504
48851908,139.8721,198.4492
49096168,131.8711,134.0488
49341652,133.4736,130.7324
49588364,129.3672,131.6738
49836308,221.9307,127.7725
50085492,128.6201,123.4316
50335920,126.2080,141.7998
50587600,140.1523,137.2061
50840540,148.1504,136.8818
51094744,132.3018,138.6680
51350220,142.6064,146.7021
51606972,137.8516,149.9404
51865008,134.7676,138.0527
52124336,148.0225,146.1162
52384960,138.1816,143.8926
52646888,137.2109,139.2754
52910124,141.1465,135.0166
53174676,147.5078,150.1934
53440552,148.9141,143.6611
53707756,135.2246,147.3623
53976296,141.0410,143.6250
54246180,143.1992,146.6465
54517412,166.1152,147.3320
54790000,136.4609,135.1914
55063952,152.1494,147.3525
55339272,144.1299,180.7637
55615972,143.8672,142.5684
55894052,146.8584,152.7598
56173524,141.7178,138.9434
56454392,146.3350,153.6660
56736664,148.2334,139.2881
57020348,146.2393,146.9707
57305452,135.1943,139.1914
57591980,145.0713,173.0361
57879940,150.6719,144.5752
58169340,202.5264,155.9922
58460188,163.0986,158.8662
58752492,146.5938,216.7686
59046256,183.4189,202.1953
59341488,164.5078,165.0566
59638196,160.0635,173.7051
59936388,152.8223,155.9980
60236072,158.1250,160.0068
60537256,152.2813,151.6963
60839944,152.4805,152.8662
61144144,140.2422,148.0576
61449868,153.8232,149.6143
61757120,154.8418,164.8447
62065908,154.9658,154.1299
62376240,147.9668,177.3750
62688124,158.2432,158.1230
63001568,150.3076,157.7949
63316576,149.0713,148.9424
63633160,353.8848,152.7158
63951328,143.5381,154.1758
64271088,153.9717,160.3438
64592444,156.3916,164.7422
64915408,158.5664,163.3643
65239988,167.3301,167.2744
65566188,153.2393,163.2441
65894020,146.4502,161.1123
66223492,154.0068,157.7090
66554612,161.8643,180.3916
66887388,154.0859,171.9600
