4,1.0352,1.2725
8,1.7637,6.1182
12,2.2480,6.8467
16,2.2432,8.9766
20,2.8164,10.5000
24,2.7549,10.8721
28,2.7520,11.1855
32,2.7646,10.9287
36,3.2148,10.9727
40,3.2178,11.2627
44,3.2207,11.5977
48,3.2158,12.3965
52,3.2158,13.1006
56,3.2256,13.3662
60,3.2236,13.2031
64,3.2148,14.5645
68,3.7148,14.5557
72,3.7168,14.9980
76,3.7109,14.7891
80,3.7070,14.8008
84,3.7119,14.7490
88,3.7119,14.7227
92,3.7100,15.0498
96,3.7402,15.0596
100,3.6982,15.3594
104,3.6992,15.9404
108,3.7090,15.6348
112,3.6953,16.2256
116,3.6953,16.4600
120,3.6865,24.8389
124,3.7119,16.8916
128,3.7041,17.0869
132,4.2646,17.0830
136,4.2334,17.1943
140,4.2021,17.2002
144,4.1992,16.5098
148,4.2100,16.8467
152,4.2090,16.8906
156,4.2100,17.1299
160,4.2217,16.9365
164,4.2148,17.0615
168,4.2227,14.9980
172,4.2275,14.3125
176,7571.2607,14.2686
180,4.2559,13.4805
184,4.2178,13.7236
188,4.2285,13.7939
192,4.2080,14.0938
196,4.2256,13.8203
200,4.2295,13.9043
204,4.2168,13.8643
208,4.2109,14.2441
212,4.1982,13.9932
216,4.2109,13.9619
220,4.2227,14.4199
224,4.2178,14.4766
228,4.2080,14.6914
232,4.2051,14.1240
236,4.2031,14.7920
240,4.2168,15.2969
244,4.2041,14.1611
248,4.2041,15.2285
252,4.2002,15.8701
256,4.2109,16.1270
260,4.8281,15.7295
264,4.8213,15.2900
268,4.8252,15.6436
272,4.8301,14.9941
276,4.8223,15.8984
280,4.8252,15.2129
284,4.8164,15.0791
288,4.8135,15.0977
292,4.8135,15.0889
296,4.8086,14.4453
300,4.8154,15.0605
304,4.8105,15.8242
308,4.8037,15.6631
312,4.8340,14.9854
316,4.8262,15.6172
320,4.8350,15.4404
324,4.8242,14.9219
328,4.8213,14.9414
332,4.8174,15.6357
336,4.8135,15.4805
340,4.8125,14.5801
344,4.8076,15.2275
348,4.8125,15.4990
352,4.8096,15.7373
356,4.8184,15.9912
360,4.8066,16.0996
364,4.8203,15.7148
368,4.8242,15.8525
372,4.8145,16.5010
376,4.8135,15.1943
380,4.8154,15.9990
384,4.8252,15.9551
388,4.8203,16.1963
392,4.8223,16.1650
396,4.8223,16.4238
400,4.8135,15.5430
404,4.8213,16.6904
408,4.8252,16.8428
412,4.8252,16.4248
416,4.8096,16.0205
420,4.8174,15.8643
424,4.8086,16.8574
428,4.8242,17.4521
432,4.8213,16.7617
436,4.8213,30.4902
440,4.8525,17.1426
444,4.8389,16.4961
448,4.8096,16.7354
452,4.8174,16.8809
456,4.8086,16.9492
460,4.8008,16.2783
464,4.8086,17.3066
468,4.8164,16.4893
472,4.8193,16.4785
476,4.8330,16.8926
480,4.8252,16.5049
484,8.6602,17.3184
488,4.8135,17.1855
492,4.8398,17.1689
496,4.8379,17.3027
500,4.8213,17.6650
504,4.8154,16.7139
508,4.8174,17.1436
512,4.7998,19.2725
516,7.0430,19.0723
520,6.7842,19.1855
524,6.6621,18.7158
528,6.6611,18.9707
532,6.7754,18.7236
536,6.7979,20.0146
540,6.7119,19.6777
544,6.7393,19.1875
548,6.5977,18.3389
552,6.4688,18.8154
556,6.6318,18.4365
560,6.9482,19.6611
564,6.6670,19.6621
568,6.6260,19.9619
572,6.6465,18.6074
576,6.6367,18.7832
580,6.7285,18.7861
584,6.6553,19.4092
588,6.6963,18.5244
592,6.7656,18.9326
596,6.8379,20.3047
600,6.4980,18.8623
604,6.6484,19.4365
608,6.6406,18.5703
612,6.7246,20.2695
616,6.8887,20.1016
620,6.7480,18.9844
624,6.6201,19.1689
628,6.6748,18.8975
632,6.6563,19.7939
636,6.8623,20.1221
640,6.7578,19.4258
644,6.6729,19.4023
648,6.6504,19.3418
652,6.7598,20.0410
656,6.7998,19.3594
660,6.5322,19.3516
664,6.7158,19.9971
668,6.7646,19.8281
672,6.7520,19.0537
676,6.8447,19.8740
680,6.7354,20.2256
684,6.7676,19.4805
688,6.9736,20.4258
692,6.5762,20.1416
696,6.8525,19.8848
700,6.6309,18.5264
704,6.8613,18.6953
708,6.7412,17.7949
712,6.6758,18.2979
716,6.7852,18.4258
720,6.8037,18.3018
724,6.7666,18.8369
728,6.7568,18.4619
732,6.7598,18.0078
736,6.6348,17.9844
740,6.8467,17.6768
744,6.5996,17.8701
748,6.8164,18.4375
752,6.7686,17.7021
756,6.8213,18.1123
760,6.7949,18.8574
764,6.6953,18.3926
768,6.7773,18.3174
772,6.7852,19.0684
776,6.6787,17.9277
780,6.7295,18.1807
784,6.9473,18.1650
788,6.6328,18.5283
792,6.6211,17.9424
796,6.6777,18.4688
800,6.6621,18.3164
804,6.8574,18.3945
812,6.7842,19.0986
820,6.7773,18.5791
828,6.6211,18.7891
836,6.5879,18.4238
844,6.8428,18.0947
852,6.7920,19.0234
860,6.6211,18.5508
868,6.8184,19.2188
876,6.7217,18.1543
884,6.9473,19.4111
892,6.8701,20.0449
900,6.6807,19.3604
908,6.6377,19.2432
916,6.7070,18.8301
924,6.8584,19.9609
932,6.8154,19.0537
940,6.6670,20.1816
948,6.6484,19.3682
956,6.7051,20.3721
964,6.6758,19.5078
972,6.5938,19.1787
980,6.6396,18.4404
988,6.7227,19.7793
996,6.6992,20.5811
1004,6.7168,20.2480
1012,6.7910,20.2705
1020,6.7490,20.0908
1028,10.6025,22.4570
1036,10.0703,22.2783
1044,10.4336,23.2930
1052,10.0508,22.0254
1060,10.3271,20.9053
1068,8.7324,19.9717
1076,8.8242,20.6943
1084,8.8438,20.0566
1092,8.9590,20.4590
1100,8.7705,20.5264
1108,9.0557,21.1729
1116,9.0664,20.6338
1124,8.8525,20.2852
1132,8.5781,19.7344
1140,8.8496,19.8301
1148,8.2275,18.5830
1156,8.7959,19.6445
1164,9.7100,20.6973
1172,8.2852,19.1689
1180,8.9092,21.0156
1188,8.7998,19.5908
1196,8.5830,19.1416
1204,9.1309,20.9629
1212,8.6592,20.6680
1220,8.7461,20.2705
1228,8.7949,20.4268
1236,8.6553,20.6611
1244,8.6309,20.3086
1252,8.6318,20.1699
1260,9.0000,20.6064
1268,8.7295,19.8984
1276,8.7354,20.7598
1284,8.6787,20.2246
1292,8.8936,20.0488
1300,8.9170,20.0957
1308,9.0049,20.7695
1316,8.7852,19.1572
1324,9.0098,20.1465
1332,9.2100,20.6064
1340,8.8281,19.5771
1348,9.0986,19.9180
1356,8.9590,20.6885
1364,9.1582,20.5322
1372,8.7998,20.0430
1380,8.7754,20.6895
1388,8.9180,20.9375
1396,8.8789,20.4863
1404,8.8555,21.1162
1412,8.4688,19.5518
1420,8.6211,19.9424
1428,8.9248,20.5742
1436,8.6934,20.9297
1444,8.6963,19.6250
1452,8.5410,19.3906
1460,8.7266,19.9385
1468,8.7100,20.8457
1476,8.5176,19.1553
1484,8.8760,20.5342
1492,8.8340,21.1514
1500,8.7783,20.0488
1508,8.4863,20.6260
1516,8.5820,20.0293
1524,8.7852,21.2715
1532,8.6592,20.7490
1540,8.6826,20.8242
1548,8.6631,20.5498
1556,8.8516,20.9727
1564,8.7900,21.4883
1572,8.6982,21.6377
1580,8.5518,20.3916
1588,8.5957,20.2773
1596,8.8643,20.7041
1604,8.7363,21.2041
1616,8.9375,21.1172
1628,8.5713,19.4883
1640,9.0742,21.1631
1652,8.4297,20.9219
1664,8.7314,21.5615
1676,8.8018,21.9629
1688,9.0195,21.8809
1700,8.8594,22.0840
1712,8.7764,21.6240
1724,8.7148,21.2891
1736,8.7939,20.6875
1748,8.8643,21.5527
1760,8.8086,21.5635
1772,9.1221,21.2236
1784,8.6572,21.1465
1796,8.9072,21.7461
1808,8.8389,21.9893
1820,8.5313,21.1348
1832,8.6729,20.8887
1844,8.7725,21.4277
1856,8.6777,21.4277
1868,8.7617,21.9141
1880,8.6270,20.5381
1892,8.5713,21.5967
1904,8.9375,21.9375
1916,8.9258,23.3623
1928,8.5020,21.3037
1940,8.9219,21.5547
1952,8.6494,20.9707
1964,8.4619,21.4092
1976,8.8076,21.9229
1988,8.4033,21.0713
2000,9.0557,22.7080
2012,8.7480,21.4160
2024,8.5479,21.4727
2036,8.6162,21.6123
2048,8.8779,25.0010
2060,12.1152,24.0371
2072,11.8057,23.6514
2084,11.7627,24.0557
2096,11.7930,24.2451
2108,11.7725,24.2979
2120,12.1904,25.0303
2132,11.7627,27.5928
2144,12.7607,27.1670
2156,10.9434,24.2617
2168,10.7715,22.7002
2180,10.8926,23.6201
2192,10.8994,23.2412
2204,10.8145,22.9727
2216,11.0684,23.4121
2228,11.2227,23.8984
2240,11.1182,23.7285
2252,10.7842,21.9727
2264,10.8623,23.0430
2276,11.2656,24.2109
2288,10.8848,23.6338
2300,10.7646,23.6084
2312,11.8867,24.9248
2324,11.1221,23.9023
2336,11.2227,23.3594
2348,10.8418,23.4893
2360,11.0146,23.5381
2372,10.8252,23.4443
2384,10.7891,23.0527
2396,10.7334,22.8271
2408,11.3574,24.3359
2424,10.8555,23.7568
2440,10.9570,24.0176
2456,11.1611,24.1504
2472,11.1348,23.6201
2488,10.7383,22.7080
2504,11.3213,25.0430
2520,10.9863,23.6611
2536,10.8184,23.5918
2552,11.8408,23.6045
2568,11.0332,23.6338
2584,10.9453,23.3232
2600,10.9082,23.3213
2616,10.9063,24.0264
2632,10.9297,23.5225
2648,10.7676,23.8203
2664,10.9521,23.8037
2680,10.8145,24.0078
2696,10.6982,23.2842
2712,10.7842,23.1543
2728,10.8340,23.1836
2744,10.9990,24.0605
2760,10.6318,23.7695
2776,11.0049,24.3555
2792,11.0068,23.4805
2808,11.0967,23.2754
2824,11.2500,24.6953
2840,11.0576,24.7266
2856,10.8789,23.8477
2872,10.9443,24.3984
2888,11.2148,23.6035
2904,10.8135,24.1777
2920,10.8672,23.7549
2936,10.5127,23.0664
2952,10.9385,24.7676
2968,11.0166,24.5645
2984,10.8789,24.2939
3000,10.9199,24.2354
3016,10.7266,23.6328
3032,11.0801,25.1396
3048,10.7813,23.9512
3064,10.9521,24.5908
3080,10.8750,23.9092
3096,10.9199,24.1992
3112,10.6924,24.0137
3128,11.0088,24.4746
3144,10.7373,23.4961
3160,10.8945,24.2012
3176,10.8623,24.1563
3192,10.9365,24.5078
3208,11.1201,24.5234
3228,10.7559,23.7646
3248,11.3779,25.0186
3268,11.1318,24.2949
3288,11.2139,25.5078
3308,10.9912,24.2939
3328,10.9170,35.8018
3348,11.1025,24.8770
3368,11.1611,24.8613
3388,11.2119,25.1191
3408,11.0977,24.8789
3428,10.9336,23.9775
3448,10.5986,24.6602
3468,11.0420,24.4160
3488,10.9590,24.5596
3508,10.9180,24.8369
3528,11.1211,24.8340
3548,10.9609,24.5361
3568,11.0508,25.2266
3588,11.0596,52.5859
3608,11.5654,29.7354
3628,10.8213,24.3408
3648,11.0059,24.6904
3668,10.6709,23.9043
3688,11.1885,25.3506
3708,10.7529,24.5840
3728,10.7881,23.7188
3748,10.7627,24.9629
3768,11.9854,24.8711
3788,10.6406,24.1875
3808,10.8545,24.6631
3828,10.8145,25.0293
3848,11.0176,25.1348
3868,10.9053,24.6719
3888,10.8066,25.0068
3908,10.8086,25.5098
3928,11.0537,24.4102
3948,10.5859,24.4316
3968,11.1865,25.8105
3988,10.8320,25.3408
4008,10.8057,25.7441
4032,11.0117,25.6455
4056,10.8916,24.8652
4080,11.0547,25.2490
4104,16.9873,28.0898
4128,16.6406,26.7891
4152,16.2402,26.8691
4176,16.2842,26.0664
4200,12.8555,26.1660
4224,13.1582,25.5684
4248,12.7881,26.3701
4272,12.8750,26.3350
4296,12.4980,25.3115
4320,12.9521,26.6787
4344,12.4658,25.3877
4368,13.5039,27.2002
4392,13.2627,26.8311
4416,12.9375,26.2188
4440,12.8213,26.0205
4464,12.7520,26.0068
4488,12.9893,25.7529
4512,12.8711,26.3730
4536,13.1670,26.6299
4560,12.6445,25.1045
4584,12.9189,26.8096
4608,12.5967,25.3730
4632,12.5039,25.9141
4656,13.0713,27.1455
4680,12.6650,25.3330
4704,12.6992,26.0127
4728,12.6592,25.2334
4752,12.7891,25.7871
4776,12.4902,26.1777
4800,12.5303,25.6504
4824,12.8008,26.2852
4852,13.0068,27.3711
4880,12.9072,26.4932
4908,13.1016,27.3467
4936,12.9092,26.9268
4964,12.3955,25.8828
4992,13.0947,27.2588
5020,12.6475,26.6250
5048,12.9121,26.2031
5076,13.2529,27.2451
5104,12.9814,26.5566
5132,13.1582,26.7959
5160,12.5771,26.5283
5188,13.0918,26.2168
5216,12.9004,26.3379
5244,12.7012,25.9033
5272,12.7900,26.6113
5300,12.4609,25.9893
5328,12.6807,25.8252
5356,13.0830,26.2227
5384,12.6816,26.5127
5412,13.3633,27.6543
5440,13.4844,28.0781
5468,12.5879,25.9941
5496,12.6611,25.9570
5524,12.6865,26.2832
5552,12.9229,26.8164
5580,12.4609,25.8193
5608,12.8467,27.5029
5640,12.9893,26.7354
5672,12.7744,26.1465
5704,12.8779,26.6748
5736,12.6621,26.8721
5768,13.0674,26.7842
5800,12.7490,31.3379
5832,12.8125,26.1162
5864,12.9170,26.2695
5896,12.9160,26.9961
5928,12.6465,25.8525
5960,13.0127,28.0703
5992,12.5967,26.1143
6024,13.0674,26.1084
6056,13.1221,26.6045
6088,12.7363,26.3545
6120,12.9287,26.6768
6152,12.9316,27.6260
6184,12.9570,26.7061
6216,12.8154,26.6113
6248,12.9395,27.6270
6280,13.2920,28.0820
6312,12.8320,27.4707
6344,13.3389,28.2158
6376,12.8154,27.4551
6408,12.8125,26.4824
6444,13.0459,27.9326
6480,12.7861,26.8359
6516,12.5498,27.3242
6552,13.0107,27.6094
6588,12.7949,27.0283
6624,13.0693,27.8076
6660,12.8301,26.8857
6696,13.2588,27.6104
6732,12.8730,27.9795
6768,12.7100,26.5996
6804,12.5654,26.6191
6840,13.1035,27.7207
6876,12.9561,28.0264
6912,12.7334,26.8174
6948,12.6621,27.4961
6984,12.4902,26.4502
7020,12.8701,27.7969
7056,12.8623,26.9912
7092,12.7080,27.4287
7128,12.9502,26.8516
7164,12.3281,26.0371
7200,12.3428,25.6104
7236,12.8174,27.6855
7276,12.7920,27.4873
7316,12.5332,26.8018
7356,12.4033,26.5674
7396,13.2480,28.7588
7436,13.2793,28.6484
7476,12.6035,27.2051
7516,12.7959,27.6953
7556,13.0781,27.4268
7596,12.9209,28.0010
7636,12.5811,27.3271
7676,12.8525,27.6289
7716,12.6748,27.4121
7756,12.7100,28.3301
7796,13.0820,28.4551
7836,13.4756,29.5000
7876,12.8555,27.6631
7916,12.7910,28.3477
7956,12.5537,27.0547
7996,12.4746,27.3340
8036,12.7891,28.1045
8080,12.9639,27.3057
8124,12.9092,28.6670
8168,13.2852,28.7197
8212,15.8936,28.9766
8256,16.4033,29.1709
8300,15.6348,28.0537
8344,16.1416,29.2051
8388,15.8672,28.2686
8432,16.0361,28.9326
8476,16.1855,29.0537
8520,16.1406,28.7773
8564,16.0107,28.2129
8608,15.9346,29.0107
8652,16.4072,29.2930
8696,15.9053,28.9209
8740,15.7070,28.0410
8784,15.8770,27.9512
8828,15.9424,28.4033
8876,15.6299,28.2305
8924,15.9531,28.1191
8972,15.8076,28.4775
9020,16.5820,28.8994
9068,15.1689,27.0332
9116,15.4609,27.2432
9164,15.9971,28.2676
9212,15.8623,28.4941
9260,16.1230,28.7959
9308,15.7178,27.4316
9356,15.7129,28.2588
9404,15.7783,28.7002
9452,14.9521,28.4473
9500,14.4180,26.8389
9548,15.6719,30.1406
9596,14.8643,28.1904
9644,15.0947,28.2090
9696,14.5557,27.5996
9748,15.1084,27.8057
9800,14.5977,27.3311
9852,15.3838,29.0918
9904,15.1660,28.8086
9956,14.9492,27.3438
10008,14.8359,27.8633
10060,15.0684,27.8154
10112,14.5078,28.1670
10164,14.5801,28.0605
10216,14.5674,27.4648
10268,14.3154,26.7539
10320,15.0215,28.1553
10372,15.0508,28.8916
10424,15.2773,28.7480
10480,14.6191,27.0049
10536,116.3057,28.9482
10592,14.8271,28.5947
10648,14.9395,28.5449
10704,14.6084,27.3164
10760,14.9316,27.7061
10816,14.1406,27.3047
10872,14.5059,27.2568
10928,15.1328,29.3457
10984,15.2295,30.3242
11040,15.0439,29.2070
11096,14.9072,29.1514
11152,14.7793,27.9336
11208,14.3594,27.2051
11268,14.6270,28.0547
11328,14.8271,29.1211
11388,14.6670,28.1240
11448,14.4160,27.7266
11508,14.8164,28.3281
11568,14.8145,29.0020
11628,14.6621,28.6855
11688,16.3291,29.8896
11748,14.6221,28.4561
11808,14.3389,28.3252
11868,14.6436,27.9619
11928,14.3994,28.2207
11988,15.1113,29.7803
12048,15.2422,30.3008
12112,15.2354,29.4092
12176,14.6758,28.3486
12240,14.4609,27.6924
12304,14.8916,29.0059
12368,14.5576,28.5781
12432,14.5928,27.9141
12496,15.3037,28.8809
12560,14.6660,28.3311
12624,14.5938,28.2275
12688,14.7344,27.9619
12752,15.2275,29.1270
12816,14.5117,29.6592
12884,14.8320,28.8701
12952,14.7324,29.3320
13020,14.5615,27.9541
13088,14.5117,28.4639
13156,14.9844,33.8340
13224,15.1387,29.8896
13292,14.7373,28.7959
13360,14.7852,28.8652
13428,14.9404,29.1982
13496,14.5313,29.4326
13564,14.4473,28.3760
13632,15.2451,30.0322
13704,14.2363,27.7031
13776,15.3887,30.5205
13848,14.6260,27.7803
13920,14.6826,28.7607
13992,14.3506,28.2266
14064,14.5557,27.7754
14136,14.5088,28.9951
14208,14.2734,31.0264
14280,14.7334,29.5088
14352,15.0811,30.4082
14424,14.5352,28.5684
14500,15.0703,30.9648
14576,14.9521,30.0908
14652,14.9951,29.6748
14728,14.8750,29.4609
14804,14.7715,29.2754
14880,14.5645,29.1367
14956,14.1992,28.0938
15032,14.4639,28.5859
15108,15.3486,28.4629
15184,14.5479,29.0479
15260,14.7451,28.9326
15340,14.6934,29.5225
15420,15.1816,30.2871
15500,14.8154,29.6172
15580,14.3740,29.1865
15660,14.4629,29.1445
15740,14.7188,30.0410
15820,15.0586,29.3545
15900,14.6182,29.3281
15980,14.9170,29.4297
16060,15.0186,30.0420
16144,14.9502,29.2490
16228,14.4033,28.7842
16312,15.1045,30.4990
16396,19.9775,31.8096
16480,17.6914,32.4619
16564,17.4258,31.5146
16648,17.0898,30.2861
16732,16.7568,29.9160
16816,17.4092,30.8330
16904,16.6465,29.2744
16992,17.2002,29.9209
17080,16.6367,29.5566
17168,16.6543,29.4971
17256,17.0596,102.3203
17344,16.9814,30.9570
17432,16.1953,29.0244
17520,17.4756,30.5508
17608,16.1631,28.8301
17700,16.7666,30.5645
17792,17.5088,30.7607
17884,16.7422,30.4443
17976,16.3047,29.1777
18068,15.9180,29.0762
18160,16.8076,29.4277
18252,16.6475,29.7734
18344,16.7354,29.7197
18436,16.4131,30.1094
18532,16.9707,30.4150
18628,16.6885,29.7695
18724,16.2451,29.3330
18820,16.6699,30.0830
18916,16.6563,30.4365
19012,16.9307,30.6670
19108,16.5869,29.7559
19204,20.5459,30.6611
19304,16.0908,29.5186
19404,16.3887,30.1465
19504,16.8799,30.6064
19604,16.9102,30.8828
19704,17.1475,31.0957
19804,16.4980,30.4619
19904,16.6943,30.1807
20004,17.2510,31.6846
20108,16.2617,29.8291
20212,16.7705,30.6123
20316,16.7373,29.9834
20420,16.7949,30.0273
20524,16.4502,29.9844
20628,17.2080,30.8672
20732,17.0830,30.8281
20836,16.4639,29.5674
20944,16.9404,30.9932
21052,16.9844,30.1533
21160,16.8135,30.0957
21268,17.0371,30.3584
21376,16.6689,30.2578
21484,16.6904,29.9268
21592,17.0811,30.8896
21700,16.5068,29.7813
21812,16.7607,30.1904
21924,16.6875,30.4453
22036,17.0713,30.8398
22148,16.8877,30.8809
22260,16.8877,30.5996
22372,16.6953,30.5869
22484,16.6367,30.5342
22600,16.3516,29.2588
22716,16.6992,31.7520
22832,16.9814,31.1563
22948,16.6758,30.2207
23064,17.1787,30.9570
23180,17.1201,31.5615
23296,17.0566,30.6631
23416,18.1270,31.0859
23536,16.8154,30.3555
23656,16.3877,30.1758
23776,16.7627,31.1064
23896,16.8271,30.7539
24016,16.8623,30.8936
24140,17.1172,30.7666
24264,16.7881,30.3154
24388,16.6377,31.1113
24512,16.4492,30.1074
24636,16.8340,30.7754
24760,16.7227,30.5127
24884,16.6572,30.3174
25012,16.7432,30.4736
25140,17.0625,31.7637
25268,16.8291,30.7217
25396,16.8955,31.6689
25524,16.7002,30.6172
25652,16.7393,30.6592
25784,16.4570,30.5234
25916,17.3564,31.3496
26048,16.7900,31.0107
26180,16.3867,29.2881
26312,16.4023,30.4180
26444,16.6748,30.5400
26580,16.6094,30.7607
26716,17.0840,31.3535
26852,17.1055,31.6074
26988,16.5771,30.5254
27124,16.6396,31.3008
27260,17.1104,31.7881
27400,17.6572,31.0498
27540,21.6973,31.0967
27680,17.0664,31.4287
27820,17.2676,31.3936
27960,16.4668,29.8828
28100,17.2012,31.0732
28244,17.2773,31.7939
28388,16.9453,31.6631
28532,16.7451,31.3945
28676,16.8086,30.7236
28820,16.8232,30.6914
28968,16.8926,30.9131
29116,16.8711,30.9971
29264,16.4648,30.0869
29412,17.1943,32.5791
29560,17.3379,32.2324
29708,17.2168,32.2666
29860,16.5938,30.8457
30012,16.5303,30.2422
30164,16.9434,31.1992
30316,16.3428,30.6670
30468,17.0010,31.3408
30624,16.7588,31.4990
30780,17.1445,31.5742
30936,16.6934,31.3711
31092,16.1992,30.4736
31248,19.2051,30.5146
31408,16.2773,30.4277
31568,17.1230,32.0605
31728,17.6064,32.1289
31888,16.7373,30.9932
32048,16.3672,30.6787
32212,17.3037,32.5195
32376,17.6162,33.1289
32540,17.5957,32.8154
32704,17.1426,31.6914
32868,21.4082,32.4473
33036,20.8330,31.3535
33204,20.4580,32.6992
33372,20.3379,32.0176
33540,19.5527,32.0234
33708,19.9531,30.9033
33880,20.6006,32.2607
34052,20.3740,32.2246
34224,19.9043,31.6670
34396,20.1514,31.8125
34568,19.9121,31.5762
34744,19.6846,31.4453
34920,20.0225,31.5918
35096,19.7783,31.7939
35272,19.9717,31.4707
35452,19.1318,30.9053
35632,19.0869,31.0771
35812,19.1934,31.2148
35992,19.7471,31.9541
36172,20.7305,32.9297
36356,19.5801,33.8945
36540,19.6387,33.5244
36724,19.6504,31.9512
36908,19.3242,33.0459
37096,18.5791,32.1729
37284,18.4990,30.1006
37472,19.3271,30.9619
37660,19.4639,39.5703
37852,19.0469,33.4287
38044,19.1494,32.6377
38236,19.2324,32.0264
38428,18.6631,31.7842
38624,18.8594,31.7764
38820,19.6670,31.7988
39016,19.3613,32.4863
39212,19.4424,31.1963
39412,19.2891,31.6914
39612,19.0078,30.4785
39812,18.6777,32.5000
40012,19.0000,31.2588
40216,19.8379,32.5459
40420,19.4512,32.2910
40624,19.2813,31.5410
40828,18.9932,33.2168
41036,19.0010,33.0420
41244,18.5293,32.7627
41452,19.3076,33.3770
41660,20.1924,32.4834
41872,20.2988,33.1865
42084,18.7383,31.2822
42296,19.7148,33.3682
42508,19.4141,32.6016
42724,19.1963,32.7959
42940,19.2939,31.5889
43156,19.8057,33.4785
43372,18.6357,30.9570
43592,18.6914,31.9355
43812,18.9521,32.5645
44032,18.4219,30.8467
44256,18.9404,32.3037
44480,40.5273,33.7051
44704,19.0000,32.2627
44928,18.5938,31.2422
45156,19.1553,32.8867
45384,19.0889,33.3223
45612,19.3301,33.8828
45844,18.5488,32.5547
46076,19.0635,33.3057
46308,18.8799,33.3857
46540,18.6611,32.8047
46776,18.4785,31.9736
47012,18.4287,32.1963
47248,19.1201,34.0830
47488,18.5684,32.8428
47728,18.7949,32.4404
47968,18.2539,31.3594
48208,18.8613,33.5342
48452,18.7012,31.8682
48696,19.0186,33.7422
48940,18.4561,32.8311
49188,18.3486,31.9561
49436,18.5498,32.6563
49684,18.1855,31.4639
49936,19.1035,34.0537
50188,18.9238,33.1240
50440,18.9033,33.3828
50696,18.7080,33.6699
50952,18.0928,31.7070
51208,18.7432,38.4307
51468,18.1963,31.7676
51728,18.4834,33.3076
51988,18.7803,32.3848
52248,18.4385,33.5928
52512,18.4688,33.1357
52776,18.4316,32.1084
53040,18.2227,32.1924
53308,18.7520,34.2061
53576,19.7793,33.7793
53844,18.7832,32.6680
54116,19.1689,33.0693
54388,19.1396,33.4873
54660,18.3154,31.9668
54936,19.6045,34.3662
55212,18.3721,32.1494
55492,18.9453,33.1055
55772,19.5439,34.8496
56052,19.2422,34.0283
56336,18.4189,32.5850
56620,18.5527,32.0146
56904,18.5801,32.5957
57192,19.5488,40.7324
57480,18.6357,32.7773
57768,18.2178,32.0078
58060,18.8789,33.2031
58352,19.1729,33.7969
58644,18.8320,32.9375
58940,19.2441,34.6885
59236,18.8809,33.5078
59536,18.7373,32.8145
59836,19.2422,33.5352
60136,19.5234,34.4990
60440,18.7227,33.6660
60744,18.6494,33.7168
61048,19.0410,33.5098
61356,18.9619,33.4844
61664,19.1777,34.4639
61976,18.6504,34.0469
62288,18.7666,33.6484
62600,18.8320,34.9023
62916,20.1143,35.4834
63232,19.5166,35.0596
63552,19.1934,34.4551
63872,19.1895,36.4414
64192,18.8613,33.6426
64516,18.1426,32.5361
64840,19.0859,33.6338
65168,18.6816,33.0439
65496,19.2676,33.9512
65824,25.3525,37.3828
66156,23.3027,34.5420
66488,22.6162,34.1289
66824,23.2822,35.6260
67160,21.5098,32.5645
67496,22.0088,34.8125
67836,22.1455,34.3682
68176,21.9707,34.5186
68520,21.7246,38.4688
68864,21.4248,31.8018
69212,21.6436,33.5986
69560,22.7422,35.1240
69908,22.6934,35.9531
70260,21.9326,33.8965
70612,21.9404,34.2695
70968,21.4502,33.7178
71324,21.9883,34.5430
71684,22.9053,35.6211
72044,21.8467,33.7832
72408,21.8232,33.3936
72772,21.6484,33.9561
73136,22.5820,35.0742
73504,23.0684,35.2129
73872,22.1680,34.1934
74244,22.0488,34.9414
74616,22.3936,35.2197
74992,22.7021,35.5225
75368,22.7881,35.3633
75748,21.6074,33.9336
76128,22.2520,35.8584
76512,21.6895,34.3516
76896,21.9717,35.3125
77284,21.7754,34.8848
77672,22.1641,34.6240
78064,21.7217,34.8232
78456,22.0781,34.5840
78852,21.3740,34.0322
79248,21.9980,34.0996
79648,21.6289,34.3916
80048,21.5654,33.9229
80452,21.4453,33.7646
80856,21.8799,34.8721
81264,22.0029,35.0098
81672,22.4551,36.6484
82084,21.9512,35.3496
82496,21.4844,34.9688
82912,22.1641,35.8096
83328,21.7783,34.9346
83748,21.2373,34.3984
84168,21.2021,33.9043
84592,21.6289,34.4619
85016,21.9502,35.6904
85444,22.3711,36.4424
85872,22.4102,35.9209
86304,22.1846,35.6641
86736,21.6709,34.6416
87172,21.8750,35.6299
87608,21.3018,34.0645
88048,21.6484,35.1250
88492,21.8857,35.4512
88936,21.6250,36.0742
89384,22.2207,35.4141
89832,21.4541,34.9561
90284,21.6670,39.5293
90736,22.1270,36.3730
91192,21.0449,34.2871
91648,21.2803,35.6592
92108,21.0195,34.6719
92572,21.2832,34.4736
93036,21.2793,35.6484
93504,21.1709,35.4043
93972,21.3008,34.8896
94444,22.3057,36.7803
94920,21.6563,36.2998
95396,22.2012,36.3408
95876,21.4268,35.9326
96356,22.9141,36.4111
96840,21.1357,34.9814
97328,22.1436,35.0928
97816,22.2070,35.2813
98308,22.5938,37.3779
98800,22.3027,36.5244
99296,22.9209,37.0166
99796,22.2578,35.5303
100296,22.5869,36.3281
100800,21.8105,35.6328
101304,23.2813,37.3662
101812,22.2432,36.2666
102324,22.1211,36.8086
102836,22.2656,34.7959
103352,22.1455,36.2002
103872,21.7734,35.2402
104392,22.4883,36.5850
104916,22.5127,36.1514
105444,22.6270,37.0186
105972,22.9219,37.8818
106504,21.9121,35.6348
107040,21.7686,35.6660
107576,22.5273,36.4375
108116,22.6689,36.7002
108660,22.3232,36.9033
109204,22.4551,36.2148
109752,21.6357,34.9170
110304,22.0439,35.9238
110856,22.8096,38.2637
111412,22.6191,37.4854
111972,22.7080,37.8525
112532,22.7334,36.8164
113096,21.7168,35.0977
113664,21.0439,34.8496
114236,21.5693,35.5771
114808,21.9961,36.1641
115384,21.5537,36.1855
115964,21.8730,35.4551
116544,23.1543,38.7813
117128,22.0391,36.6934
117716,21.7930,35.5039
118308,21.8418,35.8047
118900,21.1904,34.9961
119496,22.1611,37.1631
120096,20.9805,34.7217
120700,22.3545,36.9609
121304,23.7773,37.1494
121912,21.3809,35.8047
122524,21.3184,35.5449
123140,21.6836,36.3428
123756,22.5479,38.3691
124376,21.6348,36.1787
125000,21.7510,37.9609
125628,22.1836,37.5430
126260,21.3447,36.4375
126892,21.8389,37.3574
127528,21.3125,35.8535
128168,22.0303,36.4287
128812,21.1719,35.1934
129460,22.2979,37.9932
130108,21.8965,36.5449
130760,21.5010,36.2725
131416,27.0010,38.6963
132076,26.5752,38.7178
132740,25.1689,37.1924
133404,25.9609,38.9414
134072,26.0391,38.3086
134744,25.4531,38.2324
135420,26.0645,37.6289
136100,25.6729,38.2129
136784,26.1426,38.8350
137468,24.8301,36.8096
138156,25.8184,37.5947
138848,24.2490,35.7061
139544,24.7061,35.7695
140244,24.8643,35.8662
140948,25.6621,37.9238
141656,25.5166,37.6787
142368,25.7207,37.8076
143080,25.9902,37.7188
143796,25.6289,36.9209
144516,24.5615,36.6143
145240,25.1094,37.5850
145968,24.7686,36.1787
146700,25.3828,38.0830
147436,26.0439,38.8242
148176,24.7627,36.3340
148920,25.7490,37.3867
149668,25.5869,36.6885
150420,25.2041,37.2100
151176,24.9150,38.6855
151932,25.0283,37.7783
152692,24.5264,38.0078
153456,25.4932,38.4434
154224,24.6113,37.0811
154996,24.1826,36.1904
155772,24.9580,37.8105
156552,24.0205,36.9307
157336,30.8193,37.9355
158124,24.9795,38.2246
158916,24.3135,37.1406
159712,25.2598,38.1680
160512,24.9629,37.2842
161316,24.7207,37.1475
162124,25.4873,38.8564
162936,24.5938,37.8574
163752,24.2695,36.8896
164572,24.7822,37.8965
165396,24.9014,38.6563
166224,25.7510,37.5781
167056,26.0264,40.0059
167892,25.5840,38.9004
168732,23.8379,36.5742
169576,24.7246,37.9141
170424,24.7539,37.9971
171280,25.2393,39.7178
172140,25.3994,38.8320
173004,25.4219,39.1201
173872,24.0361,36.2480
174744,26.5000,40.9072
175620,25.5938,38.7383
176500,24.2666,35.7998
177384,23.6758,35.2295
178272,24.9385,37.8848
179164,24.9531,38.8770
180060,25.2393,39.2754
180964,24.4834,37.0869
181872,24.9502,37.7520
182784,25.4199,39.0645
183700,25.8105,40.9023
184620,25.7676,39.9678
185544,24.6416,38.5947
186472,24.6201,38.0791
187408,25.2197,38.7363
188348,25.2051,38.2285
189292,25.3193,38.7344
190240,24.5068,38.4834
191192,25.8867,40.1260
192148,24.6895,38.2061
193112,25.4668,39.0703
194080,25.3096,40.0938
195052,25.0781,39.1885
196028,24.7295,38.0674
197012,26.1787,40.8115
198000,25.5859,39.5879
198992,26.0674,40.2529
199988,24.7969,38.9307
200988,24.1367,38.3789
201996,25.6826,39.4346
203008,25.0928,40.0479
204024,24.2910,37.8271
205048,24.1250,37.6992
206076,25.1582,38.9434
207108,24.6260,38.5645
208144,24.9824,39.1045
209188,25.1650,40.8271
210236,26.2266,40.5479
211288,26.2383,39.7197
212348,25.9990,39.0186
213412,25.1523,38.4072
214480,25.2842,38.8682
215556,25.4131,38.2441
216636,26.0332,40.6270
217720,24.8652,38.1074
218812,25.6484,39.3604
219908,26.3076,40.3477
221008,24.7793,38.6953
222116,26.0732,39.9424
223228,24.9727,39.6260
224348,25.4951,38.2471
225472,25.0537,38.0234
226600,25.8242,40.3516
227736,25.5879,39.3076
228876,25.2256,39.7344
230024,25.5381,38.7852
231176,25.2969,44.1348
232332,24.4053,38.0186
233496,25.5186,39.7822
234664,24.7207,38.4063
235840,25.5078,40.7168
237020,24.8213,38.8887
238208,24.0283,37.8984
239400,25.3086,39.8359
240600,24.3340,38.2842
241804,24.8838,40.4492
243016,24.4307,37.6074
244232,24.8379,39.5791
245456,24.0498,38.2686
246684,25.4551,39.6045
247920,24.4385,37.7969
249160,24.7441,39.2529
250408,24.7539,39.1631
251664,25.7529,42.0420
252924,24.9336,38.7998
254192,26.1904,41.3535
255464,25.2637,40.3965
256744,25.2100,40.5664
258028,25.7031,40.9697
259320,25.4707,39.8125
260620,25.3418,39.6494
261924,25.7129,40.9893
263236,27.5625,41.7734
264556,27.7227,41.3809
265880,27.3418,39.4219
267212,27.6934,40.9541
268552,27.4258,40.0469
269896,27.5244,40.4648
271248,26.9004,39.0869
272608,26.4336,38.8730
273972,25.8428,38.4971
275344,26.1484,38.8652
276724,26.7813,39.3037
278108,29.4141,41.3408
279500,28.0566,42.1660
280900,26.8945,39.7441
282308,26.9287,38.5664
283720,26.5791,39.5068
285140,33.1855,40.5059
286568,27.7314,38.9775
288004,28.2979,41.8340
289448,27.2930,39.5205
290896,27.3057,40.7217
292352,27.7949,40.5059
293816,27.9443,41.3828
295288,27.4492,40.8281
296768,27.4980,41.3477
298252,26.1934,38.7656
299744,27.2451,39.6113
301244,26.4648,39.7100
302752,27.5469,40.3027
304268,28.2021,42.1436
305792,27.1758,40.1709
307324,27.4814,40.8389
308864,26.7842,39.8867
310412,27.3223,40.0283
311968,28.0000,41.2900
313528,26.9316,40.4141
315096,27.1963,40.5889
316672,26.9980,39.9355
318256,28.0996,41.5938
319848,27.2822,41.6494
321448,27.8691,41.8906
323056,27.6084,42.2305
324672,27.5078,39.8320
326296,29.0898,41.4814
327928,27.4619,40.8066
329568,28.5566,41.4326
331216,27.1211,38.7920
332876,28.2822,41.1191
334544,28.0752,41.1602
336220,27.0674,40.0430
337904,27.2891,40.5264
339596,27.7559,40.1387
341296,27.9033,40.5244
343004,28.4541,42.2305
344720,27.8379,40.9268
346444,27.6230,42.2627
348180,27.4287,41.2324
349924,26.6934,39.9893
351676,26.8994,40.8242
353436,26.7832,40.2051
355204,28.5996,43.0420
356984,27.6025,42.1445
358772,28.2227,46.1465
360568,27.7715,41.5586
362372,26.5264,39.8096
364184,27.7451,41.5361
366008,27.0527,47.2959
367840,28.3125,42.9697
369680,26.9658,40.7256
371532,26.5889,41.2441
373392,26.9229,39.8857
375260,26.9033,41.8672
377140,27.8672,43.0918
379028,27.9814,42.5352
380924,27.6904,42.6611
382832,28.6045,43.6885
384748,27.0732,41.7314
386672,27.5869,41.6543
388608,28.1797,42.8037
390552,26.9336,40.3359
392508,28.9551,43.9033
394472,26.9053,39.6553
396448,28.2744,42.4355
398432,27.7627,41.8184
400428,26.8477,41.6250
402432,26.9805,40.5439
404448,27.6836,42.8125
406472,27.3701,41.8252
408508,28.2949,43.1816
410552,27.3369,42.2402
412608,27.3389,43.1631
414672,27.6367,41.3857
416748,27.1475,41.9580
418832,26.4980,40.2227
420928,28.1563,42.4717
423036,27.2471,46.1973
425152,28.8564,43.6143
427280,27.6738,42.7568
429420,27.8867,42.6299
431568,28.2539,44.3701
433728,28.2090,44.1543
435900,26.6846,41.0830
438080,27.6406,42.1689
440272,27.5596,41.9785
442476,26.8672,41.3115
444692,25.6484,39.4561
446916,27.1240,41.9990
449152,26.9092,41.1504
451400,26.9785,40.8701
453660,27.5156,42.5703
455932,28.2188,41.5869
458212,27.0635,40.8320
460504,27.1885,40.2842
462808,27.6279,41.3682
465124,28.6855,43.7998
467452,28.6650,43.0508
469792,28.4092,43.7539
472144,27.5996,41.6807
474508,27.9707,41.3486
476884,28.0693,42.9258
479272,28.7988,43.3809
481672,28.9727,44.5537
484084,28.4307,42.4971
486508,28.2139,42.5117
488944,28.2080,42.0928
491392,28.1074,42.5166
493852,27.7744,42.0068
496324,25.5781,39.0137
498808,28.5918,42.5801
501304,28.3740,43.4414
503812,27.2900,41.2979
506332,27.8037,43.5029
508864,28.2168,42.8711
511412,28.4346,43.7549
513972,27.7549,42.1084
516544,28.1650,43.1846
519128,28.7666,43.6982
521724,27.9365,42.7285
524336,35.1816,48.3154
526960,31.2764,43.2988
529596,31.8945,45.3555
532244,31.2715,43.9727
534908,30.5078,43.4941
537584,30.7188,43.3867
540272,31.0615,43.9961
542976,31.2412,44.0635
545692,30.9609,43.9492
548424,31.5977,44.2158
551168,31.0518,45.0508
553924,31.0684,44.1396
556696,31.2627,44.1719
559480,32.2490,47.2705
562280,31.4209,44.9658
565092,32.3428,46.1104
567920,31.4668,45.9160
570760,32.2607,46.5957
573616,57.0674,44.6123
576488,30.2490,41.9209
579372,29.6475,41.9082
582272,30.0234,42.5752
585184,30.0615,42.8398
588112,30.2275,43.5303
591056,30.6523,43.5439
594012,30.1533,42.7529
596984,31.0234,45.2910
599972,30.7354,43.0684
602972,30.4795,43.3809
605988,30.8691,44.4512
609020,29.9961,43.5527
612068,31.5313,45.5234
615132,30.9229,43.3682
618208,30.5898,45.4033
621300,31.4668,44.2891
624408,30.9336,43.2939
627532,30.0928,42.5313
630672,32.8975,46.4248
633828,30.7217,43.8145
637000,31.0342,44.6406
640188,31.2764,44.3281
643392,31.5166,44.8242
646612,31.1553,45.0723
649848,29.6895,42.5488
653100,31.0850,44.7480
656368,31.2607,44.6406
659652,30.5615,43.4932
662952,31.1230,43.6318
666268,30.8730,43.8232
669600,30.7637,44.7314
672948,31.3428,44.6621
676316,30.0283,42.8848
679700,31.2344,44.9482
683100,30.8242,44.1797
686516,31.0576,44.4141
689952,31.0322,43.9883
693404,31.0908,45.1289
696872,31.6123,46.0576
700360,30.3135,44.0059
703864,31.3105,44.9697
707384,30.8242,44.4004
710924,31.7529,45.0566
714480,31.0068,45.1191
718056,30.0625,43.9277
721648,30.9688,45.1768
725260,29.7080,43.5830
728888,31.2188,45.2051
732536,32.4932,48.2646
736200,32.4072,47.3389
739884,30.5693,43.8711
743584,32.5430,44.7871
747304,29.9395,43.2148
751044,37.5371,43.4863
754800,31.3057,44.9082
758576,30.6699,44.1611
762372,31.2061,45.2949
766184,31.7422,45.5859
770016,30.9912,45.4668
773868,33.0264,47.7080
777740,30.7383,44.8623
781632,31.1309,44.3906
785544,31.3486,45.5674
789472,31.1279,45.8008
793420,30.3105,42.9697
797388,30.7881,45.0166
801376,32.5303,47.3311
805384,29.3730,42.3945
809412,30.9590,45.2119
813460,30.6660,45.1064
817528,30.7051,45.0107
821616,31.4238,45.5156
825728,31.0391,47.0840
829860,30.5742,44.8701
834012,31.3311,50.6592
838184,31.2363,46.2715
842376,31.3320,46.1670
846588,30.9893,45.6289
850824,30.8555,46.2676
855080,30.5449,44.4404
859356,30.9150,46.1719
863656,30.5342,45.6426
867976,29.6953,43.6309
872316,30.7881,45.8740
876680,30.2891,44.5254
881064,30.2490,44.8262
885472,29.8291,44.1191
889900,32.4785,47.7080
894352,30.5332,45.1895
898824,32.4912,47.3203
903320,31.5977,46.4482
907840,31.9971,47.4189
912380,30.9512,45.9600
916944,31.0391,46.3174
921532,31.0352,46.5400
926140,31.2988,45.4131
930772,32.3369,47.0430
935428,32.7930,47.7646
940108,31.8037,47.0811
944812,32.0186,46.5439
949540,31.5947,46.9268
954288,32.3955,47.7383
959060,30.6328,44.9512
963856,32.6309,48.0010
968676,33.0166,48.1660
973520,31.5137,46.2256
978388,32.7344,46.6563
983280,32.6719,47.6709
988200,31.7803,46.4541
993144,30.2539,45.1260
998112,31.2568,47.5879
1003104,31.6777,47.2432
1008120,31.6758,47.5605
1013164,32.0391,47.1260
1018232,31.3877,47.0684
1023324,31.7207,47.8975
1028444,33.3008,49.1484
1033588,32.5576,48.5928
1038756,32.5391,48.6621
1043952,32.4814,47.7881
1049172,35.2588,148.3730
1054420,37.4238,51.0820
1059696,33.0137,46.0898
1064996,35.6367,48.5381
1070324,37.6143,48.2793
1075676,34.1230,46.3467
1081056,34.7676,49.8203
1086464,33.9092,47.3691
1091900,35.2412,48.5000
1097360,33.4199,45.4951
1102848,33.9541,47.0215
1108364,33.6465,46.4111
1113908,35.5400,49.3057
1119480,34.8398,50.2988
1125080,35.2275,49.5313
1130708,34.3379,47.9395
1136364,33.3887,47.7666
1142048,35.2227,48.8936
1147760,33.9980,49.2275
1153500,37.0781,51.1816
1159268,34.6816,47.8193
1165068,36.1191,49.6113
1170896,35.4697,49.8301
1176752,34.9854,48.5762
1182636,33.5459,46.8584
1188552,34.8408,48.1670
1194496,35.7676,49.2773
1200472,33.6777,46.8330
1206476,36.2188,49.5762
1212512,35.8809,48.7070
1218576,35.9102,49.3643
1224672,35.2822,47.9180
1230796,34.1494,47.2197
1236952,34.6660,49.3252
1243140,35.2363,49.1934
1249356,35.1104,46.8115
1255604,35.2471,49.1924
1261884,34.9004,48.6748
1268196,36.4307,50.5947
1274540,35.1084,48.5254
1280916,34.6680,57.8428
1287324,34.2793,47.8545
1293764,35.3086,49.6260
1300236,36.3457,50.8262
1306740,34.8984,49.3008
1313276,34.8838,49.5166
1319844,35.5029,50.3252
1326444,34.6807,49.0195
1333080,34.4951,49.9326
1339748,35.3145,49.9355
1346448,35.8057,50.2686
1353184,35.0273,49.8174
1359952,37.2119,52.2324
1366752,33.8066,48.8398
1373588,36.1094,51.4883
1380456,35.1191,49.9453
1387360,34.7119,49.4668
1394300,36.9150,78.5186
1401272,38.5273,50.9443
1408280,34.0508,47.5908
1415324,36.2588,50.8320
1422404,35.9316,51.1553
1429520,34.7549,50.2441
1436668,35.6836,59.8057
1443852,35.2520,49.3799
1451072,37.2930,51.3750
1458328,44.1250,52.6367
1465620,34.9258,49.2383
1472952,35.0693,48.6699
1480320,36.3672,50.9414
1487724,35.2715,50.3086
1495164,35.2754,49.2314
1502640,35.9434,52.6895
1510156,37.0010,51.3281
1517708,35.6709,47.8994
1525300,36.5547,56.6592
1532928,35.5840,49.6133
1540596,35.4092,49.9297
1548300,34.7832,48.6543
1556044,35.6406,49.7275
1563828,35.1982,48.9033
1571648,36.3584,50.8037
1579508,37.3936,51.0752
1587408,36.2246,49.8857
1595348,37.2139,53.8730
1603328,48.0977,58.7227
1611348,36.4941,106.9795
1619408,36.6523,51.4971
1627508,36.7598,51.1270
1635648,35.1563,51.7520
1643828,36.7314,52.8896
1652048,37.9287,53.8789
1660312,37.9092,54.2490
1668616,36.0361,51.7295
1676960,36.0332,55.8457
1685348,35.7734,51.5928
1693776,36.6230,52.8828
1702248,34.8174,51.2588
1710760,36.7744,52.5439
1719316,37.8828,52.3467
1727916,37.4043,52.9736
1736556,36.0713,51.0107
1745240,90.7246,52.9678
1753968,36.7129,51.4766
1762740,35.7832,52.9766
1771556,36.5146,53.2549
1780416,36.6895,52.3711
1789320,36.5400,52.7793
1798268,43.8184,55.3555
1807260,37.3584,53.6006
1816300,36.0576,64.7822
1825384,37.6016,53.1396
1834512,36.5449,53.4229
1843688,37.2871,53.7568
1852908,36.9053,53.6787
1862176,37.2197,52.9580
1871488,47.3125,54.4697
1880848,36.6689,52.3867
1890256,36.4590,52.6787
1899708,38.4590,55.3076
1909208,37.0137,52.2656
1918756,44.6406,53.7578
1928352,36.3057,53.7842
1937996,39.5176,56.5986
1947688,36.7881,52.8633
1957428,37.2939,53.3203
1967216,38.3262,63.7734
1977056,36.4922,52.9023
1986944,37.3770,53.6963
1996880,37.5898,53.3770
2006868,35.8721,51.7441
2016904,37.8418,53.6338
2026992,36.9570,54.0381
2037128,37.9648,55.1582
2047316,37.0674,53.2930
2057556,38.3418,54.9775
2067844,37.9473,55.0361
2078184,38.8760,55.6348
2088576,37.6621,56.6191
2099020,44.3252,57.0713
2109516,41.8945,56.5596
2120064,41.4766,55.2275
2130668,39.9424,53.7773
2141324,41.5869,55.7773
2152032,41.4932,54.5313
2162796,41.2598,54.9453
2173612,41.0391,54.1162
2184484,46.9805,55.5781
2195408,41.0635,54.6797
2206388,42.1133,56.4365
2217420,39.6230,55.0664
2228508,40.2256,54.9629
2239652,43.4414,58.0322
2250852,41.6357,57.0137
2262108,39.9619,55.5928
2273420,41.9854,56.1445
2284788,43.0225,58.5293
2296212,41.4033,56.9150
2307696,41.2666,57.0869
2319236,40.1162,54.7959
2330836,40.8740,56.1748
2342492,41.7119,57.0762
2354208,41.0146,56.4746
2365980,40.9766,54.6465
2377812,42.4668,58.6807
2389704,39.8525,54.5254
2401656,60.7852,58.5322
2413668,39.5488,56.0313
2425740,39.5664,54.2783
2437872,39.7734,55.5801
2450064,40.4980,55.0010
2462316,40.1934,107.8838
2474628,38.9834,53.4189
2487004,41.5859,58.1084
2499440,39.7148,55.6455
2511940,39.8174,54.9648
2524500,41.0938,56.3750
2537124,40.5664,57.7725
2549812,39.0957,53.8086
2562564,40.8477,55.5527
2575380,39.7344,55.6543
2588260,40.1113,56.4863
2601204,40.6934,57.7383
2614212,41.2461,55.6621
2627284,40.3584,56.8857
2640424,39.4209,55.4492
2653628,40.6816,57.3574
2666900,38.8340,54.1230
2680236,39.6113,55.3252
2693640,38.6299,54.0029
2707112,38.0273,54.0684
2720648,40.6309,58.6953
2734252,40.4268,57.2510
2747924,40.4043,57.5723
2761664,39.6895,55.8721
2775476,41.7471,58.1953
2789356,39.8818,54.6777
2803304,41.4434,57.8203
2817324,39.6055,56.3945
2831412,41.3193,58.1523
2845572,41.8594,59.0566
2859800,41.8564,59.1924
2874100,39.7393,56.8203
2888472,39.7227,56.8721
2902916,39.4004,56.4580
2917432,42.0498,59.4238
2932020,39.8701,56.6787
2946684,41.0713,58.6260
2961420,39.8809,56.0527
2976228,41.6172,60.3779
2991112,42.0918,59.1025
3006068,41.6123,58.1162
3021100,40.3623,56.9639
3036208,39.8486,55.1680
3051392,40.0850,56.8330
3066652,41.9648,60.1787
3081988,39.6680,57.6465
3097400,41.6670,58.4873
3112888,39.3701,55.8574
3128456,40.1123,56.0977
3144100,41.3662,57.8975
3159824,40.4209,57.4932
3175624,42.0615,59.7715
3191504,39.7549,56.2734
3207464,40.6719,56.6738
3223504,40.2051,81.2695
3239624,41.3984,58.7988
3255824,41.6084,58.0830
3272104,42.2578,59.3506
3288468,41.8555,58.9834
3304912,41.1914,56.7754
3321440,40.6387,57.6152
3338048,42.7393,59.8467
3354740,41.2471,57.7500
3371516,41.1582,57.5020
3388376,43.5283,62.3379
3405320,42.3740,58.9063
3422348,42.2695,61.0908
3439460,41.6543,59.0518
3456660,41.1826,59.5059
3473944,41.1426,59.0967
3491316,41.5820,60.0332
3508776,41.1035,59.1670
3526320,40.4580,57.2695
3543952,41.9785,59.2393
3561672,41.7441,59.8447
3579484,41.6924,59.0928
3597384,50.3271,58.5498
3615372,44.2705,62.8486
3633452,41.5342,58.9053
3651620,43.1523,61.2744
3669880,46.1758,65.1416
3688232,43.7607,62.1426
3706676,42.0684,59.2031
3725212,43.3027,60.4551
3743840,43.8076,61.8936
3762560,44.3838,62.2295
3781376,44.3457,63.2480
3800284,41.8945,59.5576
3819288,42.7529,61.5137
3838388,44.2061,63.3037
3857580,43.3525,60.8613
3876868,43.9375,62.8506
3896256,43.2852,61.2598
3915740,41.9521,59.2432
3935320,43.9678,62.8125
3955000,44.2041,64.4824
3974776,44.1035,62.3643
3994652,46.4072,66.1602
4014628,44.1475,63.7227
4034704,45.0283,63.7559
4054880,44.6621,63.4121
4075156,43.2832,61.5811
4095532,44.7959,63.9707
4116012,43.7324,62.3809
4136596,42.9766,62.2520
4157280,45.0342,63.7813
4178068,46.3086,63.7090
4198960,51.5088,66.0283
4219956,50.1143,65.2764
4241056,48.4297,62.8730
4262264,50.2930,65.3984
4283576,48.3467,63.0605
4304996,46.9590,62.2344
4326524,49.9502,64.9111
4348160,48.9209,72.1826
4369904,52.4463,66.0244
4391756,76.7324,70.9629
4413716,82.1816,66.0117
4435788,50.6309,66.3125
4457968,48.3691,64.6191
4480260,56.4453,63.9023
4502664,48.4014,63.7803
4525180,47.2256,62.1416
4547808,54.8965,60.7031
4570548,47.2383,62.2578
4593404,47.6924,63.5117
4616372,48.5156,63.6943
4639456,47.7744,65.0430
4662656,48.0908,63.1602
4685972,50.4189,68.4092
4709404,47.1660,62.8760
4732952,48.4707,73.5234
4756620,49.3105,65.5850
4780404,45.1680,61.3643
4804308,49.6133,65.7158
4828332,47.4531,63.2910
4852476,49.3652,64.6211
4876740,58.0313,63.8213
4901124,49.0732,64.8232
4925632,51.4639,66.7900
4950264,48.6689,64.9775
4975016,45.7441,62.0381
4999892,48.1553,80.7188
5024892,48.6475,65.8047
5050020,47.6523,64.2305
5075272,46.9902,64.6797
5100652,48.7158,64.2920
5126156,46.7217,62.0713
5151788,49.2461,64.2842
5177548,56.9443,62.4199
5203436,46.1904,62.4600
5229456,48.5400,65.1211
5255604,48.9590,67.6494
5281884,47.9434,64.3398
5308296,48.0576,65.0107
5334840,47.2354,62.8154
5361516,47.6758,63.6436
5388324,48.7070,65.3379
5415268,55.0000,66.7021
5442348,46.3066,62.9463
5469560,48.2041,64.0361
5496908,47.2188,64.4375
5524396,46.4570,63.0400
5552020,46.5400,62.0674
5579784,48.7480,65.4326
5607684,48.3408,75.6182
5635724,49.1641,67.1768
5663904,47.2578,63.1533
5692224,48.9932,67.2246
5720688,47.7842,63.8779
5749292,47.4629,66.3145
5778040,45.3242,61.2920
5806932,46.5117,63.6914
5835968,48.6709,73.1250
5865148,47.7822,65.2178
5894476,49.1455,65.9521
5923952,43.8525,59.5986
5953572,50.3721,67.3320
5983340,55.6445,64.7939
6013260,47.7021,64.4980
6043328,48.1182,65.4600
6073548,47.7432,63.7295
6103916,48.4434,77.4736
6134436,47.5654,65.8779
6165112,48.3193,65.9033
6195940,47.0703,65.1367
6226920,47.4248,63.1436
6258056,46.5498,64.3438
6289348,48.4150,65.4063
6320796,47.1963,64.9492
6352400,47.4063,65.5400
6384164,48.5645,66.3467
6416088,48.7393,65.1953
6448172,46.7988,64.9316
6480416,46.5088,63.5625
6512820,44.9727,62.6982
6545388,65.2783,66.6133
6578116,49.0557,67.1543
6611008,47.2393,65.4473
6644064,47.4736,67.9219
6677288,49.6992,63.5742
6710676,50.2100,67.8594
6744232,48.6270,68.6475
6777956,45.0303,64.3818
6811848,47.3145,67.1523
6845908,47.4063,65.3066
6880140,47.2422,64.6328
6914544,47.1846,66.5547
6949120,47.9492,65.6387
6983868,48.2607,66.9707
7018788,47.2881,64.9414
7053884,46.8906,65.2461
7089156,47.0010,64.1436
7124604,45.7266,62.4736
7160228,52.7314,68.6436
7196032,44.4160,59.9346
7232016,51.3672,64.6738
7268180,47.9658,65.8750
7304524,48.0313,67.3311
7341048,48.6172,67.0244
7377756,45.1152,65.0840
7414648,50.0498,65.6895
7451724,45.7891,63.2402
7488984,52.0928,67.4209
7526432,48.7832,67.0283
7564068,48.5254,67.1201
7601892,49.2480,68.0049
7639904,48.0059,65.6162
7678104,48.8193,67.5205
7716496,48.4014,91.0645
7755080,48.1865,67.0635
7793856,48.9287,68.5088
7832828,49.1885,68.1113
7871996,48.0078,64.8311
7911356,50.3564,69.2012
7950916,49.9414,69.0244
7990672,48.3418,66.6260
8030628,48.5605,66.2080
8070784,48.5781,68.6904
8111140,88.5713,75.1084
8151696,47.2969,66.0137
8192456,48.5674,66.8184
8233420,48.9414,68.0391
8274588,49.3545,69.4248
8315964,46.8447,65.2246
8357544,48.8457,68.3594
8399332,52.5186,67.6592
8441332,50.7998,65.2686
8483540,54.1260,69.6699
8525960,90.6357,69.5801
8568592,52.4131,68.5186
8611436,52.6191,69.1426
8654496,52.2910,68.4648
8697772,52.1709,68.8867
8741264,52.8740,69.1211
8784972,53.4072,68.6973
8828900,51.4863,67.5127
8873048,50.7646,69.2764
8917416,52.0098,69.8066
8962004,51.4434,67.9941
9006816,51.0449,66.2285
9051852,53.4873,69.5264
9097112,50.2900,66.6943
9142600,52.0000,67.9863
9188316,53.0195,68.2998
9234260,58.4355,67.6914
9280432,53.0967,69.2314
9326836,52.1973,67.4521
9373472,49.5781,64.7471
9420340,49.8018,66.0098
9467444,50.5098,66.4688
9514784,49.3125,66.6191
9562360,51.8252,67.7773
9610172,52.0742,68.7520
9658224,52.5762,70.5674
9706516,52.1328,68.8418
9755052,55.1289,76.2451
9803828,49.0801,63.7920
9852848,50.5459,66.9990
9902116,51.6680,69.3018
9951628,52.6055,70.9287
10001388,53.5508,71.8418
10051396,50.8154,67.6494
10101656,50.7236,82.4453
10152168,57.8691,70.4180
10202932,53.0391,69.5840
10253948,471.4482,73.0762
10305220,55.7363,79.7520
10356748,57.3857,75.9209
10408532,55.0938,73.5088
10460576,53.2148,71.2910
10512880,50.5273,67.5977
10565448,51.3779,69.3184
10618276,53.7373,70.5039
10671368,52.5322,70.3711
10724728,53.7480,72.3711
10778352,52.7676,69.5479
10832244,52.7441,71.6709
10886408,54.1689,71.1953
10940844,58.6621,72.3496
10995552,51.4004,68.7900
11050532,53.8633,70.2783
11105788,55.3672,68.9590
11161320,54.4600,69.0723
11217128,62.3418,69.8701
11273216,53.5566,101.2197
11329584,55.2471,72.3535
11386232,51.2520,68.6094
11443164,51.0361,72.2305
11500380,52.3516,68.6895
11557884,51.2354,69.0820
11615676,51.7012,68.1777
11673756,53.8574,71.3428
11732128,55.9238,74.4580
11790792,52.6943,68.6699
11849748,54.7959,72.8057
11909000,54.5801,72.7373
11968548,67.2930,68.9951
12028392,52.2598,69.6006
12088536,52.0518,68.9219
12148980,89.7979,78.5508
12209728,51.7637,69.1123
12270780,52.3525,71.7266
12332136,51.7363,69.0625
12393800,52.4043,70.2627
12455772,52.5234,70.9063
12518052,54.7539,74.4160
12580644,54.2705,70.1885
12643548,51.2295,68.6289
12706768,52.3027,68.4131
12770304,53.3994,84.8516
12834156,53.1455,70.0938
12898328,52.7881,70.0146
12962820,50.9131,69.5410
13027636,52.1807,70.6973
13092776,52.4922,69.0391
13158240,53.6416,71.7207
13224032,54.9814,71.8525
13290156,54.6592,73.7021
13356608,53.4922,72.8877
13423392,54.2764,72.3350
13490512,52.3867,70.6221
13557968,50.6855,69.4824
13625760,52.1035,70.7490
13693892,57.2764,71.2158
13762364,51.3359,67.5430
13831176,60.4688,77.0215
13900332,57.7852,78.7363
13969836,55.0576,74.9844
14039688,53.5605,72.9678
14109888,56.2686,81.6963
14180440,56.3643,74.3076
14251344,56.8193,73.1318
14322604,55.9824,74.1885
14394220,57.2949,75.2158
14466192,55.9072,75.4619
14538524,53.9375,74.1396
14611220,54.4170,73.4912
14684280,52.6816,72.6240
14757704,52.7637,72.3926
14831496,53.9277,72.6211
14905656,54.6660,86.7998
14980188,51.3145,70.3369
15055092,55.1172,163.9092
15130368,54.7588,85.3877
15206020,54.2061,74.2129
15282052,54.1953,77.5518
15358464,56.9209,73.7705
15435260,55.5000,72.7871
15512440,56.4561,72.1387
15590004,55.9961,73.6553
15667956,56.2734,74.3965
15746296,56.9131,74.5576
15825028,56.2256,84.8955
15904156,56.7197,74.1377
15983680,57.0059,75.0508
16063600,56.3125,73.5195
16143920,56.6104,73.4521
16224640,56.7324,75.2061
16305764,54.1074,72.6201
16387296,57.4063,77.5703
16469236,56.0303,75.2227
16551584,53.2451,72.9980
16634344,53.9424,74.1152
16717516,55.3018,75.0576
16801104,59.7842,73.8711
16885112,60.1055,87.1250
16969540,60.7480,75.4424
17054388,59.8906,72.7637
17139660,60.3311,73.9775
17225360,60.8867,77.7500
17311488,62.9473,76.2607
17398048,63.0508,78.4551
17485040,63.8779,76.6172
17572468,60.0371,74.0977
17660332,65.3242,77.9326
17748636,63.4395,77.7236
17837380,63.6211,76.2852
17926568,63.4727,74.4668
18016204,62.5830,76.7656
18106288,62.5674,79.1523
18196820,60.7920,79.1318
18287808,125.2695,103.3477
18379248,68.9004,75.9043
18471148,60.7441,75.9600
18563504,60.8447,79.2754
18656324,59.7832,76.2998
18749608,60.0186,75.9502
18843360,59.1729,76.3916
18937580,58.6445,76.9834
19032268,58.3564,73.1006
19127432,57.7334,75.8916
19223072,58.2002,72.1006
19319188,59.4277,74.5879
19415784,59.4941,74.9785
19512864,60.2842,78.1104
19610432,59.8877,77.1572
19708488,58.2852,74.4570
19807032,57.6914,74.9551
19906068,62.6475,80.1924
20005600,59.7646,78.6162
20105628,56.9014,80.7217
20206160,60.6816,80.5029
20307192,60.9834,78.6758
20408728,59.4336,77.6123
20510772,61.9775,81.2041
20613328,61.1348,80.1611
20716396,61.4600,75.5342
20819980,58.9941,74.4375
20924080,59.2129,76.2559
21028704,60.0801,79.8008
21133848,66.8018,78.2725
21239520,63.0684,79.7598
21345720,66.4785,82.2354
21452452,61.2773,74.3740
21559716,66.4707,78.3086
21667516,63.0449,76.5459
21775856,64.5381,76.0820
21884736,65.3760,82.1963
21994160,76.9512,90.3506
22104132,64.8203,81.1260
22214656,86.1162,81.3135
22325732,67.2754,82.1865
22437364,65.6309,79.4561
22549552,65.9707,80.6992
22662300,67.3691,81.6875
22775612,70.1992,228.0684
22889492,73.1699,84.5254
23003940,71.3311,85.5244
23118960,68.0127,80.4551
23234556,74.8301,85.8311
23350732,73.1963,86.2256
23467488,73.2305,86.5586
23584828,72.2842,87.5693
23702756,73.9150,85.8008
23821272,76.4502,88.4014
23940380,89.5518,88.6289
24060084,71.6885,85.1416
24180388,84.8770,96.3340
24301292,80.5420,103.8535
24422800,80.6729,89.4766
24544916,81.4473,90.6592
24667644,73.2363,89.2920
24790984,75.9990,87.6719
24914940,80.7803,91.4141
25039516,93.1885,93.1055
25164716,83.5098,104.4766
25290540,88.0918,98.1943
25416996,80.9434,88.6563
25544084,81.9824,96.8760
25671808,88.9766,99.7559
25800168,88.5898,104.7295
25929172,122.5879,93.1914
26058820,87.2021,94.7568
26189116,91.2275,105.6260
26320064,86.8457,97.1162
26451668,90.9971,100.9893
26583928,88.4180,103.6387
26716848,92.1611,98.2549
26850436,94.0586,100.2969
26984692,91.9277,99.0820
27119616,89.2129,100.8232
27255216,87.3369,97.8828
27391496,167.2080,130.4521
27528456,113.5664,109.7754
27666100,99.7852,118.3975
27804432,110.1855,114.1230
27943456,107.2568,121.9385
28083176,110.6875,117.2803
28223592,113.4854,118.0127
28364712,113.4141,120.5850
28506536,120.7236,126.6416
28649072,109.1045,120.2471
28792320,104.5039,122.5156
28936284,109.5967,122.3271
29080968,108.4502,118.4072
29226376,112.7725,127.5576
29372508,107.0020,117.5186
29519372,111.2285,118.1494
29666972,113.5938,118.5566
29815308,118.3574,126.1162
29964388,108.6035,119.2451
30114212,113.0371,123.2959
30264784,120.9443,123.5605
30416108,120.1055,129.5684
30568192,124.1934,130.2217
30721036,116.0898,127.6221
30874644,120.9004,127.1465
31029020,133.7432,126.7520
31184168,120.2500,134.5898
31340092,118.2588,126.8271
31496796,123.6396,129.0039
31654280,128.2285,140.0645
31812552,128.7539,130.6641
31971616,128.7383,122.4541
32131476,129.4688,134.0068
32292136,122.9150,131.6982
32453600,118.2090,178.6172
32615868,124.2393,138.1807
32778948,124.6602,145.7236
32942844,124.6055,138.3184
33107560,118.0322,129.0586
33273100,114.4863,132.9063
33439468,110.6621,131.8623
33606668,127.8506,126.2666
33774704,125.6084,128.4766
33943580,115.4824,123.8838
34113300,125.2021,137.5830
34283868,126.6533,127.7529
34455288,130.8184,133.8750
34627568,149.0146,132.4980
34800708,145.9063,136.1455
34974712,131.9238,136.2949
35149588,133.2002,129.5742
35325336,131.4561,135.3633
35501964,141.0693,136.2637
35679476,136.9229,130.5430
35857876,135.3438,132.5518
36037168,139.9717,145.9609
36217356,135.4824,131.1260
36398444,149.6582,136.6777
36580440,136.1992,138.9131
36763344,134.6807,142.7012
36947164,136.8281,135.1504
37131900,138.9336,130.8252
37317560,132.9941,137.8008
37504148,136.3125,146.4355
37691672,129.8271,137.1455
37880132,124.0732,126.2188
38069536,129.0664,143.3359
38259884,131.7988,132.2783
38451184,144.1777,152.6240
38643440,150.4844,151.1777
38836660,152.7100,143.1533
39030844,139.1621,139.0850
39226000,127.4971,132.2764
39422132,140.1250,148.1123
39619244,178.8906,150.1230
39817344,152.5742,133.1660
40016432,135.8945,139.3213
40216516,137.1387,134.4756
40417600,144.9551,156.9551
40619688,130.6504,139.1289
40822788,139.3203,139.6768
41026904,145.0576,135.0244
41232040,131.6543,131.0781
41438204,161.6572,120.1025
41645396,130.7656,139.3076
41853624,123.7266,137.6162
42062896,127.2949,125.9766
42273212,131.3721,140.4463
42484580,137.0674,130.1992
42697004,139.9414,124.6602
42910492,125.5645,139.3662
43125048,193.5771,127.8096
43340676,124.9189,129.6172
43557380,129.7295,159.3975
43775168,131.5381,127.1484
43994044,128.4971,137.4375
44214016,136.1016,133.7197
44435088,142.3926,137.0049
44657264,130.9209,171.0811
44880552,215.5361,156.7646
45104956,176.7930,151.6143
45330484,144.9570,141.9063
45557140,131.9736,147.4307
45784928,137.4238,150.0469
46013856,137.8779,136.1650
46243928,138.1895,146.0518
46475148,126.2715,126.7148
46707524,142.3428,149.9375
46941064,149.4248,144.1699
47175772,148.6475,139.1924
47411652,138.6221,147.1182
47648712,144.5801,141.4395
47886956,145.1172,141.5361
48126392,170.8643,141.1904
48367024,146.8340,148.4365
48608860,136.1641,143.8438
48851908,138.4043,141.9248
49096168,130.9619,138.0186
49341652,149.4912,181.9648
49588364,162.3008,159.7852
49836308,152.8457,152.2363
50085492,141.4072,147.2266
50335920,146.4150,149.8574
50587600,184.0244,151.3887
50840540,147.7598,152.3760
51094744,145.7754,154.7002
51350220,149.0713,152.8359
51606972,146.4014,147.5518
51865008,146.2559,143.8809
52124336,144.3018,170.5391
52384960,157.5967,174.9805
52646888,159.6787,165.2432
52910124,153.7598,151.5615
53174676,155.3242,151.8936
53440552,153.4004,153.5225
53707756,154.8477,159.9697
53976296,152.3018,150.2754
54246180,150.4258,153.4795
54517412,154.9951,158.0352
54790000,150.8105,169.3037
55063952,158.5039,147.7305
55339272,159.9766,161.3213
55615972,243.2090,158.8379
55894052,153.9102,168.3574
56173524,172.0664,161.1621
56454392,164.8330,163.3496
56736664,164.8330,159.1240
57020348,162.5381,159.9082
57305452,152.0498,160.9492
57591980,162.3291,232.0605
57879940,156.8252,161.7754
58169340,155.5117,167.3125
58460188,150.4385,158.5967
58752492,148.4668,156.0762
59046256,161.2510,163.7305
59341488,153.9941,161.7236
59638196,155.8223,164.0762
59936388,156.9678,181.9248
60236072,162.2451,162.8818
60537256,171.6738,168.6494
60839944,164.7773,173.5830
61144144,163.9736,167.5576
61449868,158.5449,157.1855
61757120,184.9727,179.8516
62065908,184.6563,181.4434
62376240,178.4980,182.7637
62688124,216.2090,153.1162
63001568,164.7754,172.7744
63316576,160.6309,177.4443
63633160,164.6084,158.2520
63951328,183.8867,181.2656
64271088,161.5479,170.6328
64592444,177.4951,180.4600
64915408,174.4326,182.2764
65239988,188.9775,176.4424
65566188,185.3662,180.8008
65894020,187.1953,166.4170
66223492,171.3291,202.9805
66554612,168.0439,176.7100
66887388,164.4375,174.7021
