4,1.0439,1.2676
8,2.0000,5.8330
12,2.6289,8.1875
16,2.6289,24.5146
20,3.2666,36.4482
24,2.8232,10.9385
28,2.8125,11.2715
32,2.8096,12.0332
36,4.1299,12.1143
40,3.1631,12.9102
44,3.2129,13.4502
48,3.2363,14.3223
52,3.2197,14.5742
56,3.2217,15.4541
60,3.2178,15.6768
64,3.2217,17.1875
68,3.7031,17.0244
72,3.7031,30.6777
76,10.8926,17.5283
80,3.7500,19.1436
84,3.7422,17.7861
88,3.7109,24.9502
92,3.7383,17.5195
96,3.6924,17.8320
100,3.7314,18.2021
104,3.6973,18.2197
108,3.6855,19.0273
112,3.6924,18.8164
116,3.6982,18.8848
120,3.7031,19.4824
124,3.7002,20.1582
128,3.7031,20.5371
132,4.2568,21.5225
136,4.2021,20.6309
140,4.2051,21.1992
144,4.2080,21.0332
148,4.2158,21.2764
152,4.2422,21.4951
156,4.2178,22.1543
160,4.2412,22.0996
164,4.2344,105.6191
168,4.2197,21.9980
172,4.2383,22.0166
176,4.2051,22.1631
180,4.2539,23.4209
184,4.1221,21.8857
188,4.1045,22.2744
192,4.1123,22.3320
196,4.1543,22.3604
200,4.1211,23.0342
204,4.1357,22.8809
208,4.1523,23.9043
212,4.1133,23.7246
216,4.1172,24.1777
220,4.1162,24.6143
224,4.1426,24.1797
228,4.1445,24.6475
232,4.1475,25.0654
236,4.1738,24.6465
240,4.1602,25.1035
244,4.1387,25.0137
248,4.1631,25.0098
252,4.1201,25.2188
256,4.1426,23.6426
260,4.7227,23.1182
264,4.7275,23.0371
268,4.7021,22.8418
272,4.7139,22.6377
276,4.7363,28.4756
280,4.7188,22.8320
284,4.7314,23.0186
288,4.7158,22.7607
292,4.7129,22.6973
296,4.6943,23.1660
300,4.7129,22.9385
304,4.6982,23.6211
308,4.7090,23.8262
312,4.7119,23.4121
316,4.7217,23.3262
320,4.6963,23.1885
324,4.7109,23.3994
328,4.7129,23.3740
332,4.7002,23.2373
336,4.7168,23.6699
340,4.7119,23.9307
344,4.7070,23.8887
348,4.6807,24.0020
352,4.7148,23.7979
356,4.7412,24.0762
360,4.7070,24.2178
364,4.7148,24.2334
368,4.7129,34.5869
372,4.8516,24.6943
376,4.8340,26.4150
380,4.7090,24.6016
384,4.7168,24.4883
388,4.7256,25.1299
392,4.7129,35.5234
396,4.7432,25.8877
400,4.8291,26.0752
404,4.8486,27.0586
408,4.7285,25.8496
412,4.7334,73.1152
416,4.8613,26.9258
420,4.9033,27.1787
424,5.0547,26.9619
428,4.9082,56.8057
432,4.9639,26.8086
436,4.9111,27.2930
440,4.8965,27.8252
444,4.9326,27.4072
448,4.9072,27.3203
452,4.9326,27.0010
456,4.9102,27.6846
460,4.9131,27.6953
464,4.8955,26.9951
468,4.9365,28.1094
472,4.9014,28.3115
476,4.9160,27.8359
480,4.9072,27.8369
484,4.9287,28.7910
488,4.8994,28.6113
492,4.9229,47.3887
496,4.9434,28.5820
500,4.8916,28.4492
504,4.9395,28.6777
508,4.9150,28.5908
512,4.9229,29.3232
516,8.3799,29.7520
520,7.7920,29.4336
524,8.0732,29.4883
528,7.9541,29.5762
532,7.7207,29.4395
536,7.8350,29.8408
540,7.8311,29.2168
544,7.7529,28.7324
548,7.9141,29.1172
552,7.9111,29.2314
556,7.8926,29.1641
560,7.7949,29.3096
564,7.8545,34.6982
568,7.9424,29.3193
572,8.1123,29.1357
576,7.9219,29.1865
580,8.6768,28.5352
584,7.5938,29.1387
588,7.8242,28.7207
592,7.6582,29.0156
596,7.6045,29.0156
600,7.6729,29.0684
604,7.6475,29.1162
608,7.6680,29.2148
612,7.7207,29.0771
616,7.5391,29.5859
620,7.6035,29.0146
624,7.7373,29.3018
628,7.6816,29.3311
632,7.6240,29.7178
636,7.6582,28.6807
640,7.6592,34.5645
644,8.0117,29.5088
648,7.7734,29.4209
652,7.7471,28.9932
656,7.8447,29.9590
660,7.8076,29.2275
664,7.6523,29.6270
668,7.7559,29.3945
672,7.5303,29.5322
676,7.5391,29.5439
680,7.6895,29.2480
684,7.5752,29.5889
688,7.6162,29.8486
692,7.8818,30.0273
696,7.6963,29.3164
700,7.6426,29.5010
704,7.7354,29.7314
708,7.7432,29.6191
712,7.5869,30.3018
716,7.7598,29.5986
720,8.4531,31.1602
724,8.2656,30.1777
728,8.3877,29.5078
732,8.2598,29.4082
736,8.2109,28.7461
740,8.9922,28.1279
744,7.7637,28.3105
748,8.0254,29.1309
752,7.8984,29.0088
756,7.7725,29.3555
760,7.9072,29.2080
764,7.9023,29.5166
768,7.7646,28.8770
772,7.7988,29.3232
776,7.8555,28.9141
780,7.7139,29.1143
784,7.7734,69.5303
788,8.0898,28.8037
792,8.4209,35.4795
796,8.1494,28.7617
800,7.8828,30.0596
804,16.8359,29.0918
812,7.9717,29.6904
820,7.9229,29.8184
828,7.8877,29.9229
836,7.7773,30.0967
844,7.9814,29.8516
852,7.9238,30.3662
860,7.8564,29.8965
868,7.8496,30.6182
876,7.6211,30.7998
884,7.7920,30.8389
892,7.7598,30.0898
900,7.8516,30.7158
908,7.5859,31.0293
916,7.7715,30.2832
924,7.8994,31.1650
932,7.6982,36.0332
940,8.3301,31.4385
948,7.8730,30.3154
956,7.8721,30.2305
964,7.7324,30.9365
972,7.7256,30.3896
980,7.6289,30.3896
988,7.7227,30.7197
996,7.6680,31.4688
1004,7.6445,30.9922
1012,7.8135,30.5811
1020,7.5840,30.8740
1028,13.4326,31.8105
1036,12.4521,31.7607
1044,12.1650,31.8613
1052,12.6436,32.0195
1060,12.3789,31.6416
1068,12.0615,31.8389
1076,12.2910,37.1250
1084,12.1299,32.0430
1092,12.0020,31.8320
1100,12.0498,32.2744
1108,12.3066,32.4463
1116,10.7451,31.4063
1124,11.1035,30.5479
1132,10.7539,31.1504
1140,11.0605,31.1943
1148,10.9043,30.8213
1156,10.9102,31.4082
1164,53.4639,31.0186
1172,10.9307,30.8242
1180,10.8311,31.4902
1188,10.7910,30.8818
1196,10.8516,31.4971
1204,10.9326,31.5664
1212,11.4590,31.8271
1220,11.2363,31.2773
1228,11.0537,30.9785
1236,10.9600,31.2930
1244,10.7910,30.8125
1252,10.8604,30.7344
1260,10.9609,31.7588
1268,10.9727,31.1836
1276,11.0381,31.4785
1284,10.9277,30.3350
1292,10.6221,31.3936
1300,10.8184,30.9482
1308,10.9648,31.7920
1316,11.0234,31.6611
1324,10.8613,31.2695
1332,11.1797,31.4189
1340,10.8428,31.3545
1348,11.0830,38.6191
1356,11.1660,32.3857
1364,11.5791,33.3252
1372,11.0967,31.3613
1380,10.9785,31.8311
1388,10.9883,32.3662
1396,10.9795,31.9033
1404,10.9189,31.6201
1412,11.0918,31.7930
1420,10.7656,31.9121
1428,10.9551,31.8613
1436,10.7998,32.0381
1444,11.0547,31.8623
1452,11.0342,32.0127
1460,10.9219,31.8018
1468,10.9248,32.3984
1476,10.7949,37.5605
1484,11.4414,39.9902
1492,10.6758,31.5146
1500,10.7705,32.0732
1508,10.9072,31.5459
1516,10.4912,35.3213
1524,29.0996,32.8564
1532,10.9854,32.0752
1540,52.5166,32.2607
1548,10.6865,32.5303
1556,10.8291,32.0859
1564,10.7061,31.7637
1572,10.7432,32.8350
1580,10.6475,31.9775
1588,10.7637,32.3203
1596,10.8604,32.1924
1604,10.6904,32.0498
1616,10.4355,36.9404
1628,11.0801,32.8447
1640,11.0635,33.3027
1652,10.9277,32.3154
1664,10.5625,33.0498
1676,10.9824,32.3047
1688,10.6084,31.9619
1700,10.6123,33.2129
1712,10.6055,32.7627
1724,11.0000,32.0938
1736,11.4346,32.3623
1748,10.7520,32.4688
1760,10.6289,33.1348
1772,10.8838,32.5283
1784,10.6895,32.4072
1796,10.7441,32.0469
1808,10.7383,32.7725
1820,10.7578,32.8975
1832,11.0469,33.5752
1844,11.2646,34.8643
1856,11.0430,33.1045
1868,10.9121,32.3301
1880,11.0566,33.3467
1892,10.8711,34.0244
1904,11.0498,32.9180
1916,10.5859,32.6250
1928,10.5674,33.5791
1940,10.6865,33.3027
1952,10.7979,33.4658
1964,10.8867,33.1289
1976,10.7002,33.0615
1988,10.7959,33.3994
2000,10.4902,34.3076
2012,10.8770,33.3594
2024,10.7520,33.2314
2036,11.0537,33.5029
2048,11.1172,33.7959
2060,14.0859,34.1025
2072,14.7920,34.3721
2084,13.9150,34.2188
2096,13.6318,34.5039
2108,13.8213,34.1934
2120,13.5234,33.8145
2132,13.8047,33.9131
2144,13.7373,33.8926
2156,13.7158,34.0156
2168,13.7891,34.5254
2180,13.7305,34.0801
2192,13.5801,33.8311
2204,13.7842,34.0234
2216,13.8779,41.1514
2228,14.2080,35.7783
2240,13.9551,33.9756
2252,13.6240,33.6250
2264,13.7725,34.1533
2276,13.7129,34.5801
2288,13.9385,33.7939
2300,13.9482,34.2441
2312,13.7432,34.6064
2324,13.6045,33.8096
2336,13.7568,34.1445
2348,13.7285,34.2109
2360,13.5518,33.4727
2372,13.5361,37.9268
2384,14.1191,34.4502
2396,13.6836,34.4238
2408,43.9365,34.2773
2424,13.7314,33.7520
2440,14.0547,35.0986
2456,13.7920,34.1699
2472,13.8643,34.5703
2488,13.8193,35.0654
2504,14.0557,34.6729
2520,13.5234,34.4512
2536,13.7393,34.9160
2552,13.6777,34.7021
2568,13.8809,34.0791
2584,13.5654,34.1924
2600,13.6729,34.7090
2616,13.6201,33.9922
2632,13.6045,34.5078
2648,13.9746,34.7979
2664,14.2021,35.2695
2680,13.7627,34.5000
2696,13.7900,34.9697
2712,13.5879,35.1934
2728,13.8174,34.5820
2744,13.8857,34.9980
2760,14.0186,49.0117
2776,14.6973,36.2471
2792,15.2354,35.0879
2808,14.1465,35.2100
2824,14.0898,35.6816
2840,13.5918,35.1426
2856,13.8447,35.8672
2872,13.9502,34.9355
2888,13.7617,35.1953
2904,13.8545,34.4922
2920,13.7725,34.9629
2936,13.9805,35.5879
2952,13.2324,35.6055
2968,13.6836,35.7920
2984,13.7949,35.0586
3000,13.4795,35.5273
3016,14.3613,36.2432
3032,14.0020,35.4189
3048,13.5029,35.6045
3064,13.9629,35.8633
3080,14.0361,35.7295
3096,13.9443,35.8486
3112,13.7852,36.1621
3128,14.1484,35.3682
3144,14.1992,35.9209
3160,13.8164,36.2334
3176,13.7910,35.9531
3192,13.9902,35.5986
3208,13.6143,36.4336
3228,13.8926,35.5742
3248,13.3633,35.6621
3268,13.7393,43.5791
3288,14.6514,37.5098
3308,13.9063,35.7998
3328,14.5605,77.7500
3348,14.1924,36.1533
3368,14.1045,36.4189
3388,14.0508,36.7578
3408,14.0107,36.4697
3428,13.9678,35.6680
3448,13.9619,36.1924
3468,13.9131,36.2939
3488,14.1650,36.4521
3508,13.9736,36.6748
3528,13.9883,36.6084
3548,13.6582,41.5791
3568,14.6602,37.0938
3588,13.8740,36.6602
3608,13.5820,35.8770
3628,13.9746,39.9541
3648,14.1777,36.8916
3668,13.9258,37.1465
3688,13.6641,37.1475
3708,13.8213,36.9014
3728,14.0410,37.1982
3748,13.9688,36.9482
3768,13.6738,40.6387
3788,13.8135,37.3975
3808,14.3740,38.2666
3828,14.3428,38.5283
3848,14.5342,43.4443
3868,14.7031,37.9170
3888,14.1787,38.4600
3908,14.0049,37.9580
3928,14.4053,37.7178
3948,14.1406,38.6143
3968,14.4746,38.2900
3988,14.1504,38.0430
4008,14.1611,38.0684
4032,14.1865,38.0225
4056,14.0859,38.1875
4080,13.8398,37.3184
4104,18.5352,38.6357
4128,18.4541,37.7510
4152,18.0547,38.2314
4176,23.4316,38.9160
4200,19.0117,38.8389
4224,18.4160,38.1875
4248,18.1670,38.2217
4272,18.1299,38.7607
4296,17.3594,38.7979
4320,16.9688,38.8994
4344,17.3457,38.2246
4368,17.2197,38.1553
4392,17.2607,39.1436
4416,17.4287,39.3438
4440,17.0137,38.0049
4464,16.8691,37.2266
4488,17.1133,45.3291
4512,17.6152,39.7002
4536,16.8467,38.2451
4560,16.7900,37.3721
4584,16.8271,37.7568
4608,17.2705,38.6406
4632,17.1064,38.7441
4656,17.6143,39.0391
4680,17.5664,38.5693
4704,17.4150,38.5010
4728,17.3340,38.6406
4752,17.4307,38.5918
4776,17.4707,38.8232
4800,17.5332,39.4307
4824,22.4893,39.2900
4852,17.4189,38.7910
4880,17.3105,39.1016
4908,17.2939,38.6006
4936,17.1426,38.7188
4964,17.3301,38.7295
4992,17.4043,38.9102
5020,17.4209,39.0801
5048,17.4521,39.1377
5076,17.3252,39.1582
5104,17.3486,39.9453
5132,17.3613,38.8467
5160,17.0957,39.6592
5188,17.4883,39.2061
5216,17.5898,39.3037
5244,17.5586,65.1514
5272,17.8965,90.7764
5300,18.4463,41.6650
5328,18.5566,42.0918
5356,17.5371,39.9775
5384,17.3916,40.6191
5412,17.6250,40.0244
5440,17.2666,39.6006
5468,17.8281,40.5088
5496,17.6016,48.3906
5524,19.1602,42.3936
5552,17.7813,40.2773
5580,17.4512,40.0947
5608,17.1582,40.4102
5640,17.4307,40.0869
5672,17.4072,40.0791
5704,17.4824,40.9111
5736,17.7324,39.8574
5768,18.1875,40.4600
5800,17.3018,39.6885
5832,17.7461,40.3525
5864,17.4004,40.1895
5896,17.4434,40.4365
5928,17.6895,40.9756
5960,17.4873,40.2422
5992,17.4717,40.9609
6024,17.9697,40.6318
6056,17.8076,41.0635
6088,17.5967,41.0996
6120,17.7061,40.7285
6152,17.6309,40.7227
6184,17.6162,49.0820
6216,17.8809,40.9160
6248,17.6230,40.5781
6280,17.8975,41.5889
6312,17.8086,41.4775
6344,17.6387,41.1563
6376,17.2012,46.2607
6408,17.9033,40.5615
6444,17.5840,40.7861
6480,17.6641,41.0654
6516,17.7061,41.1875
6552,17.7314,41.1885
6588,17.8525,41.0049
6624,17.7441,41.4189
6660,17.6250,41.1533
6696,17.8057,50.2939
6732,24.4609,47.9053
6768,23.7861,42.8184
6804,18.3076,41.8262
6840,23.8232,40.9502
6876,17.4941,40.1738
6912,16.8965,40.2188
6948,17.1943,40.8682
6984,17.1289,40.8203
7020,17.5039,41.4854
7056,17.2607,41.5381
7092,17.3848,40.7041
7128,17.0342,41.0850
7164,17.6992,40.7344
7200,17.4307,41.0723
7236,17.3555,40.8057
7276,17.4482,75.6816
7316,17.5801,41.0410
7356,16.8496,41.2773
7396,16.8701,41.2051
7436,16.9863,42.3770
7476,17.5205,41.8662
7516,16.8350,40.1230
7556,16.8682,40.0898
7596,16.7920,40.0850
7636,17.1807,40.7334
7676,37.0332,41.6396
7716,17.4775,41.5205
7756,17.3291,41.0410
7796,17.1436,80.3652
7836,17.3271,41.5078
7876,17.6396,41.3047
7916,17.3018,41.5557
7956,16.8984,41.7783
7996,17.4307,41.4287
8036,17.5752,41.1074
8080,16.8604,41.4102
8124,17.4873,41.5283
8168,17.3643,42.0908
8212,21.0039,41.9141
8256,21.0576,41.5430
8300,21.0732,41.8213
8344,71.1406,43.1514
8388,20.3584,40.9150
8432,20.7158,41.8799
8476,20.2939,41.1152
8520,20.7969,40.9512
8564,21.1875,42.1729
8608,20.3799,41.1816
8652,20.6133,41.5029
8696,21.0781,42.6055
8740,20.4609,41.6865
8784,20.3965,42.2080
8828,20.2930,41.5771
8876,27.2627,42.9033
8924,19.9258,40.5527
8972,19.9492,40.7783
9020,19.9453,41.3418
9068,19.7803,41.6035
9116,19.9766,40.9648
9164,19.8838,41.0898
9212,20.0098,40.8672
9260,19.8115,41.1094
9308,19.6396,41.0625
9356,19.5361,41.4678
9404,20.1084,41.2041
9452,20.0068,41.2227
9500,20.2139,42.5273
9548,21.1221,41.4844
9596,19.7285,40.5498
9644,19.6992,41.9453
9696,20.2412,41.9111
9748,20.1895,41.6279
9800,20.1475,41.7441
9852,19.9502,43.0195
9904,20.6699,42.6338
9956,19.9561,41.4570
10008,20.5508,46.3076
10060,20.6396,42.6484
10112,20.3633,48.4414
10164,20.0547,42.3662
10216,20.5381,42.2861
10268,20.2959,42.2783
10320,20.1875,42.1611
10372,20.1602,42.6016
10424,20.5098,42.2646
10480,20.3770,42.9053
10536,20.2354,42.0205
10592,20.3770,42.9434
10648,20.5771,43.1260
10704,20.4814,42.6416
10760,20.0273,43.1875
10816,20.7998,42.6025
10872,20.6787,42.6084
10928,20.3096,43.0850
10984,19.7266,41.0313
11040,20.3691,42.7041
11096,20.0000,42.0332
11152,26.3760,42.5879
11208,20.2939,42.7705
11268,20.3857,43.5986
11328,20.6191,42.4121
11388,20.3320,42.9785
11448,19.8994,42.6328
11508,20.0742,42.5117
11568,20.5293,43.5840
11628,20.7705,42.6406
11688,19.8457,42.7529
11748,20.1748,42.6855
11808,20.2793,43.3086
11868,20.1904,48.8799
11928,20.5127,42.9043
11988,20.3633,42.6797
12048,20.2998,43.0117
12112,20.4160,43.4316
12176,20.7109,43.0996
12240,20.6113,43.3906
12304,20.1523,43.3623
12368,20.2344,43.0801
12432,20.2393,43.4473
12496,20.3340,43.0381
12560,20.3740,43.6006
12624,20.1738,43.0547
12688,20.7119,44.4180
12752,19.9453,42.4268
12816,20.1201,43.4707
12884,20.2295,42.7988
12952,20.2529,43.1719
13020,19.6924,42.8965
13088,20.0430,42.8730
13156,19.9326,42.8438
13224,19.7090,42.9072
13292,20.1582,42.9551
13360,20.0137,43.1689
13428,19.9297,42.9121
13496,20.2617,47.7852
13564,20.1133,47.0068
13632,20.3252,43.4375
13704,19.8242,43.2764
13776,19.8457,42.6865
13848,19.7012,43.3574
13920,20.0186,42.3857
13992,20.1836,43.3623
14064,19.5381,43.4668
14136,19.7979,43.0586
14208,20.0439,43.2080
14280,20.1816,43.5244
14352,20.0254,48.6699
14424,19.5986,44.0801
14500,20.1865,43.2324
14576,20.0146,50.2256
14652,20.0088,44.2158
14728,21.2100,43.5840
14804,19.5557,42.6963
14880,19.5771,43.2393
14956,19.8486,43.7354
15032,20.0430,43.1768
15108,19.5889,43.8398
15184,19.5361,43.5254
15260,19.8301,43.5234
15340,25.4473,44.2832
15420,21.5674,43.8447
15500,20.0811,43.3799
15580,20.0596,43.3350
15660,19.7607,43.5146
15740,19.6406,42.9775
15820,19.7354,43.7754
15900,20.1768,44.1406
15980,20.0293,43.9609
16060,19.6455,42.8125
16144,19.7393,44.1650
16228,19.6201,44.0273
16312,19.8994,49.7598
16396,27.4502,45.2529
16480,26.5586,43.9014
16564,26.3301,44.0059
16648,25.9287,43.7910
16732,25.8730,42.8896
16816,26.2939,44.2988
16904,26.2148,43.9385
16992,26.1729,43.6484
17080,24.8975,44.5264
17168,23.1211,44.1855
17256,22.7578,44.3994
17344,23.3975,44.9082
17432,22.7275,43.3965
17520,22.3779,44.0059
17608,22.7559,43.3770
17700,22.9697,43.8926
17792,22.8467,44.5566
17884,22.6895,43.7500
17976,22.7119,44.0107
18068,22.8779,44.7480
18160,22.6982,50.4395
18252,22.8291,45.0996
18344,23.1133,50.1592
18436,23.8389,44.1260
18532,22.9092,44.7227
18628,22.3164,43.8457
18724,23.1670,45.0400
18820,22.8447,44.5391
18916,23.4561,45.4414
19012,22.6396,44.1563
19108,23.1387,44.0107
19204,22.7510,44.2598
19304,22.9805,44.1270
19404,23.1504,44.5898
19504,22.7637,71.6318
19604,23.0381,44.4990
19704,23.1660,44.4199
19804,22.9609,44.4463
19904,22.6113,44.4277
20004,23.1309,44.7021
20108,22.9492,44.7920
20212,22.3906,44.3037
20316,23.1826,45.0244
20420,23.1650,44.6455
20524,22.7012,44.3301
20628,22.5186,44.5674
20732,23.1748,45.8125
20836,23.1084,44.6309
20944,22.8291,45.0947
21052,22.8164,44.8877
21160,22.6035,45.9521
21268,22.6328,50.7285
21376,22.9727,44.8652
21484,22.5908,45.1621
21592,23.3643,45.5371
21700,22.9775,45.2100
21812,22.7236,44.3691
21924,23.0283,45.6543
22036,22.9014,45.3936
22148,22.7285,45.4834
22260,22.6182,44.6533
22372,22.7656,44.8936
22484,22.9580,45.1992
22600,22.9355,57.8652
22716,28.1396,51.4570
22832,23.3330,45.8828
22948,23.3213,45.9668
23064,23.5674,46.4854
23180,23.8555,46.1064
23296,23.3926,47.4219
23416,23.6113,45.8730
23536,23.2793,45.7588
23656,23.5469,46.4873
23776,23.6006,46.0088
23896,23.4375,52.7725
24016,25.3965,47.2246
24140,23.8184,46.7461
24264,23.3760,46.4834
24388,23.5205,46.8975
24512,23.3184,46.4287
24636,23.2842,46.3213
24760,23.6748,46.3760
24884,23.4336,46.6240
25012,23.4688,47.0977
25140,23.3955,46.8896
25268,23.4443,46.9961
25396,23.3535,46.9678
25524,23.7617,47.4521
25652,23.2100,46.4502
25784,23.8877,47.0850
25916,23.3486,47.0352
26048,23.2773,46.8301
26180,23.7959,53.0342
26312,23.9922,47.6924
26444,23.9688,48.8271
26580,23.7344,47.1416
26716,23.7520,48.2373
26852,24.1602,48.9121
26988,23.6318,47.3281
27124,24.2246,48.2520
27260,23.8447,48.3926
27400,23.4590,47.0859
27540,24.0283,47.7793
27680,23.9248,48.4082
27820,23.5234,47.7793
27960,23.8799,47.9746
28100,24.2988,48.3457
28244,23.8955,48.2061
28388,23.4971,47.9893
28532,23.9482,47.7900
28676,23.6611,48.3291
28820,23.8350,48.3486
28968,24.0068,47.8047
29116,23.8838,48.9033
29264,24.0049,48.2324
29412,23.9932,48.3926
29560,24.0713,48.6172
29708,23.7266,47.9307
29860,24.0117,48.6406
30012,23.4492,47.3330
30164,23.0342,47.4512
30316,23.5313,47.3770
30468,23.6572,48.2178
30624,23.3008,48.0654
30780,23.1201,47.9893
30936,23.3105,48.0029
31092,23.4238,47.0283
31248,23.6445,48.0664
31408,23.4209,47.8789
31568,23.6836,48.4570
31728,23.5146,48.1885
31888,22.7432,47.7705
32048,23.0420,47.1240
32212,23.3936,48.0801
32376,23.4824,48.0371
32540,23.5430,48.0010
32704,23.5078,47.4727
32868,30.2021,47.6875
33036,30.2090,55.0186
33204,30.3633,48.5488
33372,29.9209,48.0293
33540,29.8018,48.0352
33708,26.7939,47.4082
33880,26.6328,48.2480
34052,26.5654,48.0850
34224,26.8350,48.6680
34396,27.3008,48.9883
34568,26.5254,48.1621
34744,26.8174,48.1387
34920,26.2227,48.2188
35096,26.7881,48.5039
35272,26.6279,48.2393
35452,26.4023,48.4053
35632,26.7432,47.7119
35812,26.2588,48.0264
35992,26.3320,47.7998
36172,26.4473,48.6416
36356,26.8418,48.8799
36540,26.6592,49.1270
36724,26.6846,49.3945
36908,26.6201,49.5010
37096,26.2188,48.4473
37284,26.8223,48.2725
37472,26.8809,48.8076
37660,26.9727,48.4307
37852,26.2705,48.8652
38044,27.0146,49.7266
38236,28.4531,48.5713
38428,27.2139,48.7158
38624,27.3750,48.6445
38820,27.3633,48.7041
39016,27.1455,48.1348
39212,26.9805,48.2676
39412,27.2246,48.6357
39612,26.7676,49.0742
39812,27.2402,49.7822
40012,27.1406,48.6738
40216,26.9736,49.0986
40420,26.8262,48.6104
40624,26.7959,47.8066
40828,27.2939,49.6016
41036,26.8828,49.1396
41244,26.8809,48.6904
41452,27.5430,48.8975
41660,27.2559,49.7510
41872,27.3037,48.9219
42084,26.1504,49.0117
42296,26.6592,49.1084
42508,26.7314,50.4766
42724,26.7090,49.0313
42940,26.3828,50.2949
43156,26.1016,48.8828
43372,26.5244,49.4385
43592,26.1777,48.7266
43812,26.3838,49.8555
44032,26.4277,49.8760
44256,26.2773,48.6221
44480,26.6611,50.4512
44704,26.0918,96.0459
44928,27.0127,50.3242
45156,26.5889,50.8203
45384,26.6885,48.9766
45612,26.5410,50.3613
45844,27.2588,50.6758
46076,27.0107,51.3359
46308,28.4424,51.1729
46540,28.0195,51.1162
46776,28.5967,51.5752
47012,28.5127,51.3457
47248,27.9873,50.0273
47488,27.7676,50.9492
47728,28.1260,51.3701
47968,28.6162,51.5303
48208,28.1475,50.5596
48452,28.3730,51.4844
48696,27.6484,50.6240
48940,28.0977,51.2070
49188,28.2197,51.2979
49436,27.9746,51.3428
49684,27.7275,50.2383
49936,28.3213,50.9609
50188,28.1436,52.0840
50440,27.6924,50.7236
50696,28.2002,51.2451
50952,27.7979,51.4619
51208,28.0322,50.9238
51468,27.5850,51.4160
51728,28.0059,51.5596
51988,27.3359,51.7598
52248,27.6104,51.4561
52512,27.7236,51.9756
52776,27.5361,51.4385
53040,27.6475,51.7285
53308,27.9766,51.9912
53576,29.3369,53.1494
53844,26.2900,51.0459
54116,26.9023,51.2930
54388,25.8857,50.6563
54660,33.6943,51.4824
54936,27.8838,51.1631
55212,26.3623,50.3926
55492,26.5400,50.0156
55772,27.1162,50.6836
56052,26.1689,50.1953
56336,26.5459,50.5586
56620,25.8271,51.1523
56904,26.2881,51.4092
57192,26.4561,50.6807
57480,26.5791,57.7578
57768,26.2666,51.9697
58060,27.2959,51.0205
58352,27.0654,50.7344
58644,27.0342,52.2363
58940,27.1719,51.4717
59236,26.3730,51.2959
59536,26.6904,50.6807
59836,27.1172,64.3438
60136,27.6250,51.4229
60440,26.6680,51.2012
60744,26.0332,51.8164
61048,26.7842,51.8105
61356,26.8008,51.7197
61664,26.7002,51.6729
61976,26.7744,52.2705
62288,26.7227,51.3584
62600,26.9199,50.7852
62916,26.2568,57.4893
63232,26.3906,51.2363
63552,26.9102,52.3711
63872,26.8428,52.2510
64192,26.4287,51.3018
64516,26.5459,52.0244
64840,27.1963,52.1572
65168,26.6201,52.1689
65496,27.0566,51.9648
65824,36.4404,51.8047
66156,40.6113,52.6748
66488,36.0859,51.5215
66824,35.7412,52.0889
67160,35.4111,52.4004
67496,36.3447,52.4590
67836,36.4961,52.7324
68176,35.4961,52.8174
68520,32.4639,51.6953
68864,31.8135,52.2178
69212,31.7510,57.2061
69560,32.0166,52.1357
69908,33.3232,53.9414
70260,32.0361,52.4033
70612,31.7637,52.1680
70968,31.4775,52.4766
71324,31.5137,52.6787
71684,31.6963,52.3496
72044,32.1514,53.0117
72408,31.6074,59.5059
72772,32.7607,54.2803
73136,31.6348,52.9717
73504,31.6719,52.7402
73872,31.5664,84.4883
74244,33.2002,53.9307
74616,32.1963,53.7510
74992,39.2197,58.9277
75368,32.4893,52.7793
75748,30.7266,66.4238
76128,57.8330,54.4473
76512,32.9414,54.5820
76896,31.5566,53.7383
77284,31.6533,53.4346
77672,32.1016,74.0957
78064,31.1504,53.5273
78456,32.0225,53.9316
78852,31.4824,53.4326
79248,31.9941,54.0723
79648,31.6602,53.4502
80048,32.0371,53.5469
80452,31.9648,54.1934
80856,31.5654,53.3555
81264,32.0713,53.0742
81672,31.7305,53.3994
82084,32.1504,53.7764
82496,31.8008,53.9307
82912,31.9951,59.2842
83328,31.5684,54.0117
83748,31.4287,54.0439
84168,31.8721,53.9424
84592,31.3340,53.1084
85016,31.6582,53.3398
85444,31.0283,53.3330
85872,32.0518,52.2598
86304,30.7969,53.0303
86736,31.3584,57.9355
87172,30.7031,53.0664
87608,30.8047,52.6680
88048,31.1758,52.7559
88492,31.5342,53.4863
88936,31.2070,53.3311
89384,30.7891,53.0488
89832,30.9355,53.3350
90284,30.8584,53.2871
90736,30.9492,53.1006
91192,68.0537,57.0186
91648,34.5225,55.8164
92108,32.9609,54.5020
92572,33.3125,54.2178
93036,32.7041,53.4834
93504,37.0273,54.0273
93972,32.7988,53.6484
94444,32.8984,54.4053
94920,32.8594,62.6104
95396,33.5615,54.7402
95876,32.7070,55.3213
96356,33.1533,55.1338
96840,32.9424,53.9775
97328,32.9346,61.9072
97816,32.7842,55.5928
98308,33.6680,55.8848
98800,33.1777,55.6152
99296,32.5234,54.4150
99796,32.3594,55.0986
100296,31.6982,54.2900
100800,31.5225,53.1396
101304,31.9785,54.6260
101812,31.5352,58.9453
102324,31.6660,54.0264
102836,31.7529,53.0908
103352,31.0645,54.0234
103872,31.2871,53.1611
104392,30.9229,53.8584
104916,33.0967,55.4551
105444,31.0469,53.8418
105972,31.0859,54.2451
106504,30.4004,54.2686
107040,31.6748,55.5332
107576,31.8604,55.7354
108116,32.2930,56.4463
108660,31.9082,55.5566
109204,31.6016,55.5996
109752,31.6611,55.4688
110304,32.4688,57.2012
110856,31.6738,55.8477
111412,31.8691,60.9795
111972,31.7100,56.1650
112532,31.7549,55.5557
113096,31.6387,55.8105
113664,31.8223,56.4551
114236,31.8760,56.6152
114808,32.2900,56.5918
115384,31.5654,55.2803
115964,31.0645,58.7383
116544,32.5928,61.7607
117128,32.1211,57.5576
117716,30.9346,55.2529
118308,31.0225,55.1602
118900,31.9355,56.6475
119496,31.1533,56.0830
120096,33.1514,56.1748
120700,32.9473,56.2773
121304,32.8613,56.4395
121912,33.0078,60.7559
122524,33.4951,56.9063
123140,32.6807,56.3555
123756,32.7432,55.7900
124376,32.5830,56.3398
125000,33.0615,57.0117
125628,34.0303,56.5488
126260,33.6973,56.8428
126892,33.3848,55.9727
127528,32.7051,61.5898
128168,32.7344,56.3379
128812,33.0889,55.9258
129460,32.7295,56.6641
130108,33.1162,56.1797
130760,32.8330,56.3984
131416,39.2705,56.3994
132076,38.8438,56.6504
132740,38.7402,55.8633
133404,42.5586,56.8271
134072,38.3857,55.7725
134744,36.9297,56.1475
135420,36.7715,57.0576
136100,37.0000,55.8604
136784,37.9014,57.4277
137468,36.7051,56.5439
138156,36.9443,57.4463
138848,37.3965,64.9873
139544,38.3184,58.4277
140244,37.5898,57.7363
140948,37.0176,58.1279
141656,36.7354,56.9180
142368,37.1357,67.9541
143080,38.7998,58.6680
143796,37.9053,58.0156
144516,37.0508,58.4482
145240,37.0557,57.8438
145968,37.0752,58.0420
146700,36.6436,57.4277
147436,36.9316,57.1445
148176,36.4551,62.8896
148920,37.0801,58.4902
149668,36.6504,58.0459
150420,37.2783,59.3467
151176,35.8896,58.0967
151932,36.4717,57.6504
152692,35.9326,58.3613
153456,36.6279,58.4951
154224,36.0781,57.5342
154996,36.9229,58.2012
155772,36.4863,58.1631
156552,37.1172,58.7275
157336,38.2139,58.6465
158124,36.7705,57.6338
158916,37.5938,58.2344
159712,38.1768,58.7568
160512,37.2188,57.7461
161316,43.8848,59.7598
162124,37.1152,58.1602
162936,37.8281,58.0586
163752,37.0234,58.2471
164572,37.7256,57.8223
165396,36.2783,57.4336
166224,36.0322,58.0303
167056,37.0420,59.4434
167892,42.9648,60.8701
168732,38.1719,59.3506
169576,37.0908,58.0791
170424,36.9932,58.4473
171280,36.5479,58.1787
172140,36.3223,57.8350
173004,36.1328,58.1670
173872,36.4922,59.2637
174744,62.0771,61.7500
175620,36.5713,59.0215
176500,36.7090,58.8154
177384,36.2246,58.8818
178272,36.9160,58.9941
179164,37.4248,59.5664
180060,37.4941,59.3877
180964,37.7764,61.3369
181872,42.7920,58.4365
182784,37.5332,60.3174
183700,36.5186,59.3779
184620,37.2568,58.6943
185544,36.8164,58.8984
186472,37.8301,59.1426
187408,36.6230,59.2002
188348,36.9873,58.7705
189292,42.1064,60.0264
190240,37.2197,59.4688
191192,38.0752,60.2500
192148,37.0215,59.4785
193112,37.6982,60.3848
194080,37.0186,59.6299
195052,37.3955,59.4551
196028,37.7002,59.5098
197012,44.8027,61.2461
198000,37.4775,58.8789
198992,37.5146,59.9395
199988,37.2676,59.7471
200988,37.2920,59.5225
201996,37.6563,59.9863
203008,37.3760,59.4736
204024,37.5146,60.3945
205048,85.5820,63.2900
206076,36.5615,59.9336
207108,36.4258,60.1406
208144,36.3340,59.1670
209188,41.7344,60.6436
210236,36.4736,60.1396
211288,36.5830,60.7148
212348,36.9521,61.7441
213412,37.1035,61.0938
214480,36.9014,61.0732
215556,37.0654,60.3682
216636,36.5830,58.9238
217720,37.4883,60.4521
218812,37.2607,60.2031
219908,37.4600,60.0088
221008,37.4717,59.0107
222116,36.8213,60.6494
223228,37.0391,59.3906
224348,36.1377,58.5723
225472,37.0859,60.4307
226600,36.7129,59.8701
227736,35.9043,59.5840
228876,37.1846,59.9307
230024,37.4736,60.1436
231176,37.2979,59.8203
232332,36.9600,60.2432
233496,37.2061,60.8594
234664,36.9258,59.2607
235840,37.0762,60.6875
237020,36.9893,61.4287
238208,36.6162,60.6729
239400,37.0947,60.2432
240600,37.4238,60.8047
241804,37.2490,61.5566
243016,36.8975,60.2002
244232,37.2480,60.7393
245456,37.5918,60.9268
246684,37.9365,61.5928
247920,37.2217,61.1299
249160,36.6406,60.3750
250408,37.4160,60.8154
251664,37.6514,61.1650
252924,38.4814,61.7070
254192,37.8135,61.9619
255464,36.9141,60.7920
256744,38.1436,61.2295
258028,37.9111,61.7998
259320,37.7949,60.0156
260620,37.7500,67.3682
261924,37.8760,61.8135
263236,42.3623,61.7822
264556,42.1816,68.2627
265880,42.5820,61.5898
267212,42.5332,61.5684
268552,42.4443,62.3594
269896,42.5059,63.0889
271248,42.1084,61.8936
272608,41.8330,63.4307
273972,41.1406,63.1523
275344,41.2422,61.0234
276724,40.9932,62.3828
278108,41.4121,63.0938
279500,41.8262,63.2910
280900,40.7373,61.6748
282308,41.4160,62.2754
283720,40.9229,61.2334
285140,40.6982,63.5273
286568,40.7979,62.0430
288004,40.8516,62.4277
289448,41.3115,62.1875
290896,40.7891,63.1748
292352,41.5146,63.0625
293816,40.1709,63.4756
295288,42.1504,62.7803
296768,40.0342,62.6367
298252,40.9541,62.0635
299744,42.2969,63.6699
301244,40.9941,62.7266
302752,41.3525,63.0967
304268,41.0928,63.1250
305792,40.7471,63.5596
307324,41.0479,62.1035
308864,41.1787,63.2734
310412,43.9893,61.9463
311968,44.3906,61.7930
313528,43.8066,62.1445
315096,43.7617,61.8057
316672,44.4844,62.0586
318256,39.9980,61.4678
319848,40.3457,61.8477
321448,39.6182,61.3193
323056,39.8525,61.2607
324672,40.1514,61.8262
326296,40.2324,66.8076
327928,41.2197,62.4707
329568,39.7842,62.2432
331216,40.5889,62.0430
332876,40.0244,61.9619
334544,40.0283,61.6045
336220,39.9346,62.0801
337904,40.7578,61.6016
339596,45.5918,62.2432
341296,41.1172,62.1846
343004,39.9785,61.1836
344720,40.2480,62.0195
346444,40.7832,61.5098
348180,40.7881,62.1475
349924,40.6055,62.7256
351676,41.2979,68.5283
353436,41.3105,62.3047
355204,41.0801,62.7734
356984,41.0762,62.8428
358772,40.6006,62.2969
360568,40.5654,62.2197
362372,40.3652,61.7959
364184,41.1865,61.4609
366008,360.5303,69.6563
367840,42.7266,66.8184
369680,42.4600,65.9375
371532,46.0811,64.9893
373392,41.6348,95.6270
375260,44.0762,66.5479
377140,59.6797,66.2813
379028,41.8926,84.3193
380924,42.9395,66.9092
382832,41.9902,63.2266
384748,41.7344,63.3252
386672,65.2363,63.7842
388608,42.0400,64.2109
390552,42.2637,64.3125
392508,42.5195,64.3613
394472,41.0000,64.3818
396448,154.3252,66.3789
398432,84.4297,71.1377
400428,42.7910,93.3506
402432,42.4902,64.9307
404448,41.5254,65.6680
406472,40.7490,64.9297
408508,40.6348,64.8740
410552,41.0508,64.6045
412608,40.8506,63.8984
414672,41.3105,64.5977
416748,40.3701,65.0244
418832,41.9346,66.0469
420928,41.8350,65.1045
423036,41.7090,66.2080
425152,41.2021,64.5723
427280,41.1797,65.3896
429420,41.0254,64.6133
431568,41.8721,66.1270
433728,40.8467,64.2031
435900,41.0264,64.9990
438080,40.8438,65.4102
440272,42.2305,65.6289
442476,42.5391,66.1709
444692,42.5225,65.5996
446916,41.8037,65.0674
449152,41.6484,64.9336
451400,42.2822,65.6172
453660,41.6729,64.8496
455932,42.8535,66.0313
458212,83.4844,66.6475
460504,42.1777,65.9561
462808,42.3047,65.7578
465124,41.6172,65.7959
467452,41.4941,65.1953
469792,42.3564,64.7383
472144,41.1240,65.1973
474508,42.9678,66.5059
476884,42.0342,65.1807
479272,41.1475,64.0879
481672,41.9238,66.5928
484084,42.9102,66.8604
486508,41.8076,65.7354
488944,44.5449,66.4170
491392,43.8740,66.4766
493852,43.9736,65.9805
496324,43.7334,65.5195
498808,43.6963,66.1377
501304,43.6738,66.5859
503812,43.6836,66.2969
506332,44.0723,66.4326
508864,43.4082,66.9355
511412,42.4141,66.5293
513972,42.9707,67.0908
516544,71.6670,68.6885
519128,42.4883,66.9209
521724,44.8594,67.3027
524336,53.2842,73.1523
526960,47.1738,67.0674
529596,47.3232,66.6113
532244,46.6924,85.7822
534908,61.8379,69.6123
537584,46.0762,67.0791
540272,46.2070,66.8555
542976,46.2988,68.9854
545692,47.0078,67.3818
548424,46.2529,76.4717
551168,46.1377,66.8398
553924,45.6797,66.5059
556696,45.9521,67.2295
559480,46.2764,68.6230
562280,46.2852,68.1201
565092,45.7549,67.0703
567920,46.9258,68.1260
570760,46.4697,67.6543
573616,47.7920,67.4385
576488,47.2305,67.5811
579372,47.3760,67.4316
582272,46.9814,67.7354
585184,47.2676,69.8281
588112,47.5107,67.5459
591056,47.1914,69.1797
594012,46.7949,70.0459
596984,47.2559,69.5420
599972,47.6689,69.1973
602972,48.0039,68.2119
605988,107.3564,68.5117
609020,46.1660,67.6367
612068,45.2910,66.7178
615132,45.2178,66.9092
618208,44.6152,66.3135
621300,44.6094,67.0869
624408,48.6230,68.5625
627532,44.3135,66.5674
630672,44.9756,66.7539
633828,44.6826,67.0508
637000,44.7139,66.5732
640188,44.9365,66.6563
643392,51.5576,70.0967
646612,45.0273,66.0234
649848,47.2363,67.0098
653100,47.0840,67.6924
656368,46.3438,66.7461
659652,46.7852,67.1338
662952,46.2217,66.9961
666268,45.7051,66.7305
669600,44.8662,66.7539
672948,46.1797,68.7637
676316,45.1006,66.9043
679700,45.2988,68.5195
683100,45.8271,73.6436
686516,45.5010,68.1738
689952,45.7520,68.1377
693404,45.7275,68.6055
696872,45.7432,71.8994
700360,45.1084,68.3486
703864,45.8887,73.6045
707384,45.9453,68.9492
710924,45.9814,70.5273
714480,46.3506,67.9131
718056,45.6074,68.9053
721648,45.7363,67.3604
725260,45.3945,79.8408
728888,48.2695,67.5996
732536,46.3721,67.8721
736200,46.2852,68.7734
739884,46.1396,68.7764
743584,46.4043,70.1582
747304,49.6631,67.0898
751044,45.3457,69.1426
754800,46.7637,68.7109
758576,46.1777,68.7197
762372,57.0322,67.8096
766184,46.8682,68.6328
770016,47.6709,68.2842
773868,46.5713,69.0449
777740,45.9600,68.7520
781632,45.9404,68.2012
785544,51.3291,69.2441
789472,46.4463,68.4336
793420,46.7139,69.5703
797388,45.9746,69.6611
801376,45.9297,69.7646
805384,46.3008,70.3418
809412,46.0059,76.4863
813460,46.3965,69.9795
817528,46.6709,69.6152
821616,46.0322,68.8613
825728,45.6621,69.3877
829860,46.1338,70.6475
834012,52.7656,129.2031
838184,47.9785,70.6943
842376,47.0400,69.5928
846588,46.3213,68.8398
850824,48.0205,69.4863
855080,46.7871,68.6943
859356,53.9365,69.6064
863656,46.9492,70.0752
867976,47.5176,69.9688
872316,47.4395,70.3311
876680,47.0889,69.3047
881064,47.3447,70.0146
885472,55.7178,72.0713
889900,47.0586,70.4668
894352,48.1826,70.4854
898824,49.2041,72.5137
903320,46.5566,70.6523
907840,46.3271,70.4590
912380,52.5234,69.8193
916944,45.6045,70.3047
921532,45.8184,69.6738
926140,46.3408,70.4385
930772,46.3535,71.0225
935428,46.4102,71.3496
940108,67.4355,74.1387
944812,45.4736,69.4707
949540,46.0947,69.1602
954288,48.0732,71.2246
959060,46.5117,74.9150
963856,46.2090,71.3711
968676,47.9033,76.1992
973520,45.9434,70.8057
978388,45.4082,70.1133
983280,45.8809,70.6758
988200,53.9883,71.1719
993144,46.0752,76.6836
998112,45.8701,71.8320
1003104,46.8760,71.2627
1008120,51.8887,73.7695
1013164,48.0830,72.2334
1018232,47.0313,70.1221
1023324,47.4658,71.5391
1028444,47.8145,71.4531
1033588,48.9980,72.4600
1038756,47.6240,71.7324
1043952,48.1299,72.4170
1049172,55.9570,74.3975
1054420,52.1318,73.4678
1059696,52.4170,72.9639
1064996,50.9727,73.0723
1070324,54.6953,72.8545
1075676,62.2930,73.6543
1081056,51.3115,71.5498
1086464,50.8877,72.0840
1091900,49.7822,70.5332
1097360,51.4893,72.0273
1102848,52.0732,71.9893
1108364,52.0244,72.5693
1113908,52.3604,71.5254
1119480,51.9521,103.3652
1125080,51.6602,72.5439
1130708,51.7617,71.8926
1136364,51.7256,72.9443
1142048,52.1797,73.0156
1147760,51.6650,78.7256
1153500,52.2998,73.7529
1159268,51.6865,72.6143
1165068,52.2441,73.7402
1170896,51.7070,71.3145
1176752,51.0273,71.5479
1182636,59.6826,77.4189
1188552,52.0547,73.5908
1194496,51.1816,73.4307
1200472,51.4082,73.4629
1206476,51.4414,74.1436
1212512,51.5234,80.8398
1218576,51.3477,72.5244
1224672,51.3311,73.2227
1230796,50.4365,71.8037
1236952,51.3428,74.8730
1243140,51.8408,73.5947
1249356,55.9238,73.4883
1255604,57.2119,76.2217
1261884,51.9453,75.3057
1268196,52.0537,74.4141
1274540,51.5840,73.8740
1280916,53.2090,73.6143
1287324,52.3721,73.9121
1293764,52.7510,89.3389
1300236,56.5459,73.5928
1306740,51.7949,73.8535
1313276,62.3789,78.5723
1319844,52.7910,75.1826
1326444,52.8721,82.1504
1333080,52.2422,74.6797
1339748,52.5381,74.1357
1346448,52.0615,73.8984
1353184,52.4951,73.5293
1359952,52.1357,80.5107
1366752,52.4697,74.2295
1373588,51.8096,72.8613
1380456,52.9980,75.9971
1387360,52.2441,75.2881
1394300,52.3408,82.7070
1401272,52.9014,76.2158
1408280,51.9746,75.3232
1415324,51.9102,75.3193
1422404,52.3311,75.9834
1429520,51.2959,113.5127
1436668,55.0625,80.3350
1443852,55.1445,82.1426
1451072,57.0371,79.3066
1458328,54.9463,79.2939
1465620,56.2900,79.8711
1472952,55.5449,80.9580
1480320,56.3486,80.2100
1487724,56.1084,81.2139
1495164,55.5557,80.5205
1502640,56.5254,82.6631
1510156,57.5664,77.8682
1517708,53.7910,88.7666
1525300,55.8320,77.9111
1532928,53.9668,77.2861
1540596,53.0762,76.9482
1548300,52.9766,76.7129
1556044,52.4824,77.0322
1563828,53.2432,77.4775
1571648,53.0996,76.4951
1579508,52.3086,76.6475
1587408,52.5576,76.2295
1595348,70.7979,81.6641
1603328,62.4160,78.4375
1611348,53.2217,78.4697
1619408,60.1045,77.7617
1627508,52.7305,78.8740
1635648,52.2930,78.4482
1643828,52.6279,78.7500
1652048,52.2627,76.6133
1660312,57.1543,82.4023
1668616,54.3145,79.0947
1676960,53.9766,80.4014
1685348,53.8418,78.3643
1693776,54.2119,87.3281
1702248,53.4258,77.5527
1710760,54.7246,80.2090
1719316,53.3945,78.9580
1727916,54.4092,80.5459
1736556,61.0752,78.8262
1745240,54.0303,79.2246
1753968,54.2314,78.8555
1762740,54.2285,78.3232
1771556,54.4785,138.8740
1780416,55.5371,82.0898
1789320,54.8008,81.3213
1798268,55.5664,81.3184
1807260,55.5195,89.0117
1816300,55.0361,81.2861
1825384,55.2705,80.8926
1834512,55.1260,80.0527
1843688,55.0117,86.9375
1852908,62.7080,84.9121
1862176,55.7627,80.5234
1871488,54.5557,80.9102
1880848,53.6602,79.2832
1890256,54.4082,85.4951
1899708,54.8770,81.2334
1909208,54.1025,88.8174
1918756,54.1162,80.2588
1928352,54.7178,82.1631
1937996,53.7783,79.7041
1947688,54.3945,81.3838
1957428,58.8857,81.2236
1967216,54.8555,82.1758
1977056,55.0283,86.2236
1986944,54.9209,81.9141
1996880,67.8428,84.8555
2006868,54.3027,80.6895
2016904,54.1904,81.6484
2026992,54.4375,82.7793
2037128,70.1533,83.4697
2047316,59.6201,82.4082
2057556,55.9482,90.7480
2067844,56.1846,83.5332
2078184,64.1729,83.9844
2088576,56.7021,91.8125
2099020,65.1396,87.1270
2109516,61.7246,93.7451
2120064,63.3955,86.0703
2130668,60.8789,84.5527
2141324,62.9033,86.4902
2152032,62.0049,83.7305
2162796,60.9854,85.3936
2173612,60.4668,83.4326
2184484,61.6328,85.2432
2195408,71.1777,85.2656
2206388,61.9941,86.0527
2217420,61.9014,85.5557
2228508,60.3818,84.1064
2239652,61.2803,96.6104
2250852,61.5713,85.5273
2262108,60.8770,89.0410
2273420,61.0166,92.8857
2284788,60.6729,84.6787
2296212,59.6367,83.1221
2307696,62.6357,84.8037
2319236,60.1514,89.8740
2330836,61.0146,84.6543
2342492,59.9541,82.6367
2354208,59.3350,84.7266
2365980,100.9961,85.5859
2377812,60.2305,151.3115
2389704,60.3359,90.0645
2401656,79.3193,84.6982
2413668,58.5596,82.9775
2425740,63.6699,82.8857
2437872,59.2324,84.1006
2450064,57.6895,82.8115
2462316,59.3994,84.1660
2474628,58.3750,165.7871
2487004,57.8066,82.6074
2499440,58.0957,83.7705
2511940,57.3604,83.8086
2524500,57.7734,83.4355
2537124,59.2842,83.9648
2549812,58.6924,83.2344
2562564,59.7295,83.9482
2575380,58.8066,83.1270
2588260,58.5029,83.4199
2601204,113.4746,87.3896
2614212,56.9170,82.6094
2627284,56.7773,89.3359
2640424,57.0566,91.2441
2653628,57.4414,84.1582
2666900,56.7354,83.2197
2680236,58.4082,84.0820
2693640,113.2480,85.6807
2707112,61.7295,92.4258
2720648,58.2832,86.5186
2734252,58.9014,85.1895
2747924,59.3799,85.5635
2761664,63.8809,85.5488
2775476,58.7441,85.6885
2789356,58.2656,83.5127
2803304,59.6797,94.3145
2817324,59.8701,84.8311
2831412,58.6064,85.0176
2845572,59.0469,139.7607
2859800,59.9912,86.4033
2874100,59.1660,84.8896
2888472,58.4609,91.0254
2902916,59.3125,85.1494
2917432,62.4170,85.1113
2932020,59.0781,87.0215
2946684,66.1660,86.5801
2961420,58.1807,86.1719
2976228,58.9863,137.6992
2991112,69.8496,85.0840
3006068,58.0273,84.7510
3021100,58.5840,86.1572
3036208,58.5508,91.1514
3051392,58.4512,85.5127
3066652,58.0537,97.4863
3081988,58.2266,85.7842
3097400,57.6025,84.6621
3112888,57.2617,84.8027
3128456,59.3242,87.2012
3144100,58.7383,86.5479
3159824,58.0684,85.5576
3175624,58.8604,86.8662
3191504,58.1719,86.2988
3207464,59.0137,86.6816
3223504,64.9277,87.0869
3239624,59.4678,88.1328
3255824,118.7666,88.0596
3272104,71.4824,95.4346
3288468,69.3691,91.0859
3304912,70.4482,90.2842
3321440,62.0137,91.0137
3338048,62.8750,90.3809
3354740,61.8320,91.8818
3371516,60.5938,88.8857
3388376,59.8574,89.4961
3405320,72.3613,88.5215
3422348,75.1260,87.8447
3439460,59.0469,88.7041
3456660,59.5654,88.5420
3473944,70.3350,87.0498
3491316,59.4736,88.9814
3508776,60.4102,88.8721
3526320,67.3604,88.4463
3543952,58.6592,86.5557
3561672,59.2764,87.8320
3579484,81.7588,88.5723
3597384,81.5283,98.4854
3615372,65.8662,103.0420
3633452,65.5332,91.5518
3651620,64.6943,91.5889
3669880,67.8027,94.1299
3688232,64.3525,92.5342
3706676,64.1553,91.1855
3725212,65.0264,90.1455
3743840,62.5898,99.9795
3762560,61.9082,91.5586
3781376,62.8037,92.6338
3800284,69.1299,96.0488
3819288,63.6953,94.7021
3838388,64.7354,95.0098
3857580,65.6738,95.6582
3876868,64.7871,93.9902
3896256,64.8027,102.5674
3915740,62.1982,96.0449
3935320,62.7197,91.3594
3955000,62.5684,93.6436
3974776,63.3057,94.6572
3994652,70.7070,93.3506
4014628,62.1543,92.3125
4034704,62.8164,92.4316
4054880,68.5059,94.4297
4075156,62.5557,93.4570
4095532,63.5771,101.9336
4116012,63.3828,95.1113
4136596,64.2686,93.5879
4157280,69.3408,92.6641
4178068,62.7705,93.6426
4198960,72.9893,97.1211
4219956,70.9844,96.5020
4241056,68.9580,92.3662
4262264,70.5625,100.2617
4283576,74.6680,94.8301
4304996,75.0654,96.5547
4326524,75.6875,104.2939
4348160,75.9482,97.3086
4369904,77.2295,97.7568
4391756,76.9258,98.9248
4413716,70.5645,97.6563
4435788,70.1172,95.9150
4457968,71.2432,109.9580
4480260,72.2881,99.8223
4502664,72.0938,97.1221
4525180,70.4092,96.5449
4547808,70.6719,97.7383
4570548,75.0352,96.7441
4593404,75.5859,97.9580
4616372,75.4805,97.1875
4639456,74.6904,97.4463
4662656,75.9717,99.4102
4685972,74.2900,96.6689
4709404,74.5332,97.2295
4732952,75.2871,99.4395
4756620,73.8789,99.1318
4780404,71.6094,98.3193
4804308,70.5225,97.5264
4828332,71.1221,98.6943
4852476,72.1260,108.7559
4876740,71.0410,99.7061
4901124,72.3984,100.2852
4925632,71.0234,98.8818
4950264,72.1836,99.4717
4975016,70.1572,99.0205
4999892,69.8311,97.8916
5024892,69.6904,99.1104
5050020,70.1719,99.9072
5075272,71.0078,99.5947
5100652,70.7109,100.2725
5126156,71.5342,99.3096
5151788,69.2256,143.9150
5177548,70.0547,97.7461
5203436,71.2305,106.5625
5229456,69.5869,98.6865
5255604,70.4121,96.9160
5281884,70.5391,98.0645
5308296,70.1807,97.1699
5334840,70.4092,97.9316
5361516,71.7891,98.2471
5388324,69.2305,98.4883
5415268,78.9395,97.0537
5442348,78.6396,96.0654
5469560,69.4121,96.0127
5496908,72.7686,94.5967
5524396,68.6816,95.3916
5552020,69.2676,96.1953
5579784,69.0049,97.8398
5607684,68.1162,95.7393
5635724,77.2227,97.4707
5663904,72.6357,97.0361
5692224,69.2480,96.5928
5720688,67.4072,97.1973
5749292,68.0996,96.2012
5778040,67.4023,95.0625
5806932,69.1895,95.1680
5835968,71.2021,97.3359
5865148,84.4404,99.0518
5894476,74.5361,100.8867
5923952,78.9980,99.1357
5953572,72.4297,100.2236
5983340,71.5742,100.2695
6013260,70.7119,97.3428
6043328,69.1387,104.5508
6073548,69.4580,97.5371
6103916,69.5693,97.5352
6134436,78.5498,103.3623
6165112,68.2207,96.7939
6195940,75.0225,115.0176
6226920,69.8867,98.1777
6258056,67.1758,110.4355
6289348,69.2227,96.9131
6320796,69.3574,112.7822
6352400,69.9902,99.0898
6384164,69.7275,99.2656
6416088,69.8691,97.7227
6448172,68.2656,97.3643
6480416,72.9082,98.1689
6512820,68.2500,97.8154
6545388,78.1553,97.8379
6578116,75.1924,99.6318
6611008,69.0039,98.0020
6644064,69.8682,98.6191
6677288,69.8721,98.0879
6710676,73.1953,102.7646
6744232,70.0957,105.8984
6777956,68.7588,97.9922
6811848,69.0049,107.2705
6845908,68.4600,97.5469
6880140,70.2939,100.7637
6914544,69.2676,97.6055
6949120,69.7910,98.7773
6983868,71.2783,99.5498
7018788,67.6758,99.1426
7053884,73.2188,99.5029
7089156,68.8271,99.3848
7124604,70.2041,99.9141
7160228,82.9424,98.1689
7196032,72.9824,96.9053
7232016,86.2734,98.1348
7268180,69.2852,100.0742
7304524,73.9365,98.3662
7341048,67.9248,98.6162
7377756,75.4502,99.5928
7414648,67.4707,98.8037
7451724,67.4092,98.4541
7488984,67.6660,99.0488
7526432,70.2090,101.3066
7564068,68.7734,103.5039
7601892,73.6982,100.3223
7639904,69.0703,99.4150
7678104,70.6406,101.4355
7716496,69.6074,100.7617
7755080,69.7490,100.3184
7793856,68.9180,102.0625
7832828,68.3438,100.3301
7871996,69.1641,108.3027
7911356,68.6113,100.9463
7950916,69.7168,110.9160
7990672,71.8535,102.1387
8030628,68.8086,101.6455
8070784,69.6934,100.7891
8111140,111.1387,106.7930
8151696,68.4395,98.5371
8192456,68.3955,100.5840
8233420,68.6074,99.8887
8274588,129.7354,100.6572
8315964,66.6758,99.3848
8357544,67.4287,99.3838
8399332,77.0303,105.0518
8441332,80.6777,101.8438
8483540,87.3760,101.2285
8525960,75.4023,101.1367
8568592,75.6455,101.1396
8611436,75.5576,101.6543
8654496,75.1973,98.2646
8697772,82.8428,111.2441
8741264,75.9619,100.8506
8784972,78.4297,101.7061
8828900,77.1602,101.5059
8873048,74.5879,100.5049
8917416,77.2383,105.1602
8962004,74.6768,108.5244
9006816,75.1094,98.6680
9051852,80.1387,99.0098
9097112,77.4434,102.0088
9142600,74.8828,106.7510
9188316,76.1563,106.8613
9234260,74.9863,101.3906
9280432,77.1172,102.4395
9326836,75.2773,107.7852
9373472,74.4346,100.1426
9420340,74.2891,108.0869
9467444,82.8730,100.3496
9514784,83.8555,104.0732
9562360,82.9756,102.8779
9610172,83.0322,103.2637
9658224,80.4854,103.7207
9706516,77.0293,110.7129
9755052,78.0166,105.5469
9803828,79.1445,104.5303
9852848,76.6270,103.2891
9902116,76.5176,103.4063
9951628,74.9131,102.2695
10001388,75.8359,102.7725
10051396,75.7529,104.9102
10101656,77.2881,105.6836
10152168,77.9443,105.1621
10202932,75.6465,105.6162
10253948,76.3359,113.7295
10305220,75.0566,104.4541
10356748,74.2178,103.5801
10408532,74.9268,105.3945
10460576,74.1641,102.4531
10512880,76.7275,104.9258
10565448,76.1367,102.8320
10618276,76.4180,103.9541
10671368,77.9648,104.3916
10724728,82.4189,102.5908
10778352,75.7656,105.1230
10832244,76.3535,103.8320
10886408,74.9023,113.4854
10940844,76.4873,104.4150
10995552,78.0938,103.2207
11050532,77.6260,105.3525
11105788,75.9727,103.6016
11161320,79.0205,105.9434
11217128,79.6709,109.3271
11273216,79.3721,103.8604
11329584,80.7383,104.9922
11386232,80.5215,104.5117
11443164,102.5977,103.9834
11500380,76.8047,105.8330
11557884,72.7871,102.4277
11615676,77.0879,117.3604
11673756,76.0713,103.2266
11732128,77.8740,103.8965
11790792,78.3408,105.7158
11849748,77.1904,105.0508
11909000,78.0996,103.4443
11968548,78.3486,105.1309
12028392,83.7129,108.9063
12088536,77.7773,105.7285
12148980,133.8486,125.8447
12209728,76.1436,102.9961
12270780,75.6904,105.2295
12332136,76.6924,105.8643
12393800,75.6455,104.0557
12455772,74.7061,103.0244
12518052,73.8369,102.6338
12580644,84.9502,104.7949
12643548,74.9082,103.1436
12706768,76.4678,112.6768
12770304,75.7705,106.5059
12834156,78.6533,107.8545
12898328,78.4365,108.3760
12962820,87.5078,107.7441
13027636,74.5059,103.7021
13092776,74.7842,104.1387
13158240,88.7080,106.1162
13224032,75.9756,106.3477
13290156,76.6553,105.6318
13356608,76.0166,106.0439
13423392,73.8721,105.5342
13490512,75.1465,105.7852
13557968,80.3623,104.3555
13625760,73.7949,126.2422
13693892,78.6953,107.7979
13762364,80.0352,106.3105
13831176,81.6436,109.0000
13900332,77.7881,108.7832
13969836,76.4980,106.5703
14039688,77.8555,109.4619
14109888,77.5977,109.6445
14180440,111.4453,108.1143
14251344,77.7891,120.1689
14322604,77.3311,108.9619
14394220,76.6162,109.4355
14466192,75.9258,107.4150
14538524,74.4990,106.8926
14611220,75.0674,107.2900
14684280,74.9395,107.6182
14757704,74.3594,105.1543
14831496,75.7617,108.4092
14905656,75.6582,107.5596
14980188,74.8164,114.8330
15055092,80.1914,109.0830
15130368,75.9570,114.5156
15206020,75.7119,109.3135
15282052,77.6162,108.0879
15358464,77.5342,105.7900
15435260,81.0176,115.6855
15512440,78.6309,113.8506
15590004,77.7949,111.2334
15667956,77.5195,110.6035
15746296,77.9648,112.2139
15825028,77.7578,113.2285
15904156,80.5742,113.3486
15983680,78.8408,113.8711
16063600,79.5439,114.2393
16143920,79.3564,114.3662
16224640,83.3652,114.6680
16305764,82.0342,112.4629
16387296,84.4727,113.3574
16469236,83.1953,113.2852
16551584,88.5039,113.6934
16634344,87.9453,113.3643
16717516,80.4814,110.3574
16801104,84.7461,108.6992
16885112,85.4980,109.2803
16969540,84.1934,127.0469
17054388,84.4600,110.6279
17139660,83.6025,107.8184
17225360,86.9814,112.5195
17311488,86.9619,109.3223
17398048,86.0303,109.7793
17485040,99.7080,111.6826
17572468,92.9619,114.4063
17660332,96.5801,120.7734
17748636,86.2539,112.4482
17837380,86.4434,178.8223
17926568,88.0303,113.6777
18016204,90.4854,110.7803
18106288,92.0146,112.0352
18196820,87.8125,108.8799
18287808,165.0557,141.4717
18379248,99.0742,142.4971
18471148,100.7705,118.7363
18563504,97.0303,150.8457
18656324,108.7900,115.7852
18749608,106.8486,114.5449
18843360,95.2715,114.5869
18937580,96.6709,124.2656
19032268,100.1924,116.9746
19127432,95.6299,117.2266
19223072,99.6396,119.8564
19319188,102.9219,117.3496
19415784,98.6631,130.5771
19512864,97.6172,121.1074
19610432,95.6055,117.6553
19708488,98.9648,121.4678
19807032,95.0293,116.3906
19906068,106.6328,123.8994
20005600,98.6875,120.4658
20105628,100.9814,136.9834
20206160,98.0361,118.7295
20307192,115.7217,134.4336
20408728,104.2344,125.0928
20510772,98.8018,142.5908
20613328,101.5811,161.8975
20716396,102.8398,124.3760
20819980,131.2148,126.3633
20924080,97.6240,122.3604
21028704,105.9854,124.8672
21133848,107.1748,130.1670
21239520,104.4209,125.9219
21345720,104.1768,137.3066
21452452,103.4297,137.4131
21559716,123.4990,133.2754
21667516,121.2168,133.3525
21775856,111.3135,130.4863
21884736,109.4434,134.5713
21994160,115.3623,137.8438
22104132,116.4961,131.8379
22214656,114.6094,131.7852
22325732,118.6738,133.2393
22437364,115.7129,136.0166
22549552,114.9629,136.8613
22662300,116.5664,134.4775
22775612,114.1992,137.6885
22889492,113.9219,133.1416
23003940,109.8438,135.2412
23118960,121.1133,133.5322
23234556,113.6680,136.2764
23350732,120.2930,138.7666
23467488,125.4209,140.2266
23584828,126.3330,144.6133
23702756,119.9316,143.4346
23821272,120.7803,142.6475
23940380,145.3887,143.2725
24060084,124.1299,144.2178
24180388,118.9453,150.0967
24301292,134.2744,150.9883
24422800,123.8057,160.2295
24544916,126.5879,172.1309
24667644,131.2207,144.7842
24790984,116.1953,143.5225
24914940,130.0586,145.5889
25039516,117.8066,137.2959
25164716,121.9824,150.1768
25290540,119.1934,141.1084
25416996,147.1768,139.4932
25544084,114.3525,143.8125
25671808,117.8652,156.0332
25800168,125.3096,145.6963
25929172,124.3389,142.9287
26058820,121.4844,180.2656
26189116,137.1465,158.5713
26320064,125.3896,148.9463
26451668,125.6172,149.6240
26583928,118.2686,147.4395
26716848,123.8057,150.1299
26850436,143.5596,147.6123
26984692,123.1211,148.4375
27119616,126.6191,147.9365
27255216,125.3408,148.4893
27391496,201.0488,180.6123
27528456,142.2881,164.9150
27666100,151.4658,167.0146
27804432,159.8467,172.0723
27943456,141.5928,163.8398
28083176,145.6494,161.9766
28223592,153.1426,183.5898
28364712,140.9434,232.1943
28506536,153.4346,169.7119
28649072,241.1719,169.4482
28792320,143.4707,168.9326
28936284,138.8164,168.1846
29080968,140.0566,166.7764
29226376,135.1709,163.3193
29372508,134.3691,163.6445
29519372,134.8594,163.5586
29666972,142.8096,167.9219
29815308,141.2969,208.4795
29964388,146.4521,175.5449
30114212,141.0039,183.4795
30264784,149.0254,190.6445
30416108,145.4238,183.5127
30568192,149.9971,209.1201
30721036,146.2051,173.1543
30874644,154.8486,183.0010
31029020,151.8213,183.1406
31184168,157.9023,176.5850
31340092,155.4688,178.0020
31496796,176.9053,182.4688
31654280,153.4756,178.4414
31812552,171.0420,195.3398
31971616,157.1865,177.4150
32131476,196.8965,175.8516
32292136,162.4492,207.2871
32453600,168.6982,184.0361
32615868,163.1572,181.1807
32778948,159.1377,179.4873
32942844,168.6230,190.8760
33107560,152.5459,182.3965
33273100,171.1445,247.9766
33439468,161.1396,182.9873
33606668,177.2090,182.8496
33774704,177.7305,178.2949
33943580,174.4287,183.8047
34113300,182.6768,184.5674
34283868,180.0039,207.6465
34455288,176.6436,220.8877
34627568,182.6152,182.9834
34800708,173.2539,189.3389
34974712,261.7510,178.7441
35149588,175.4424,201.0078
35325336,195.4277,182.1016
35501964,176.6553,183.5313
35679476,334.0439,186.5566
35857876,174.0723,176.0332
36037168,171.8740,179.9570
36217356,195.6611,187.2061
36398444,176.2744,184.3311
36580440,182.7002,181.3281
36763344,176.7852,181.1182
36947164,176.6357,188.5918
37131900,172.1738,183.2324
37317560,183.7012,187.3340
37504148,184.7754,176.7559
37691672,175.6719,182.0605
37880132,172.7012,184.7158
38069536,176.7979,209.2783
38259884,191.8574,195.9746
38451184,183.4502,200.2363
38643440,256.9307,214.6895
38836660,176.7227,197.0889
39030844,195.5117,194.9912
39226000,186.7334,195.9111
39422132,185.2881,197.9023
39619244,182.7158,199.6670
39817344,183.9893,197.9316
40016432,186.8096,192.8848
40216516,201.3916,235.9756
40417600,186.8721,198.7617
40619688,194.2520,210.1543
40822788,183.8027,181.1133
41026904,204.9805,206.9844
41232040,186.5781,202.0791
41438204,181.6543,238.6221
41645396,218.0410,203.0938
41853624,178.7275,209.0049
42062896,199.1602,191.8262
42273212,178.3438,191.2559
42484580,246.8682,199.3447
42697004,186.2461,217.3672
42910492,235.1016,194.4717
43125048,198.6553,196.1680
43340676,219.9600,199.9287
43557380,196.4414,197.4326
43775168,199.3115,206.2207
43994044,190.3369,209.0918
44214016,198.1270,190.7285
44435088,187.1494,235.0117
44657264,192.0771,200.2910
44880552,192.1025,201.2148
45104956,197.7188,199.8789
45330484,246.9453,246.8574
45557140,202.1113,207.2861
45784928,197.8223,318.4551
46013856,224.9990,199.4814
46243928,206.8965,206.9443
46475148,183.9873,220.1973
46707524,200.6221,207.8477
46941064,200.2471,200.7715
47175772,204.0938,218.2490
47411652,213.0615,219.9668
47648712,203.1201,249.8076
47886956,213.5410,242.5371
48126392,218.5332,216.1699
48367024,217.7891,226.8975
48608860,232.8447,220.5693
48851908,201.0215,215.5010
49096168,204.0176,212.0303
49341652,218.8672,241.9834
49588364,197.1934,220.7393
49836308,306.1396,231.7383
50085492,256.7930,238.9092
50335920,202.6914,223.0547
50587600,222.2705,218.9443
50840540,199.7402,211.1875
51094744,278.2529,232.7354
51350220,225.2764,217.8506
51606972,213.2432,213.5234
51865008,215.8779,228.2402
52124336,215.2451,222.9189
52384960,208.2969,236.9473
52646888,220.9404,223.2598
52910124,213.3398,241.2803
53174676,239.7305,227.6563
53440552,223.8018,225.7637
53707756,224.3936,217.9160
53976296,226.9170,222.1719
54246180,214.3018,228.6348
54517412,209.5771,253.1084
54790000,214.4551,232.2246
55063952,230.6553,264.9980
55339272,225.9619,229.8789
55615972,220.6904,232.0586
55894052,226.1982,221.1182
56173524,217.2061,215.7646
56454392,239.0107,240.8086
56736664,234.1670,225.6553
57020348,224.0059,236.3994
57305452,215.2813,308.2754
57591980,205.4219,227.4512
57879940,231.9238,599.1484
58169340,224.0859,234.2178
58460188,220.4248,237.8867
58752492,215.8457,235.1914
59046256,251.6729,241.2881
59341488,224.7559,249.9814
59638196,298.2100,235.9600
59936388,217.9365,233.8604
60236072,220.8643,234.2314
60537256,231.6143,240.4443
60839944,236.6201,242.5098
61144144,228.4795,231.8525
61449868,230.6504,234.4209
61757120,232.5840,246.1055
62065908,233.8174,234.0967
62376240,226.5527,253.7275
62688124,236.3203,243.9482
63001568,229.2715,243.9785
63316576,349.3789,239.7549
63633160,226.6787,245.0977
63951328,226.8027,258.1465
64271088,224.9707,247.0762
64592444,232.5273,244.4492
64915408,243.7031,255.3760
65239988,283.5693,265.3496
65566188,236.3633,255.2871
65894020,221.9883,252.1514
66223492,218.9463,265.5859
66554612,226.1904,265.8457
66887388,225.3418,260.0615
