4,1.0361,1.2666
8,1.7500,7.2529
12,2.1865,8.8447
16,2.2285,8.3271
20,2.8086,10.8623
24,2.8135,11.8193
28,2.7520,11.1836
32,2.7559,11.5645
36,3.2188,12.2178
40,3.2188,12.5586
44,3.2256,13.3037
48,3.2139,14.4473
52,3.2188,14.8555
56,3.2109,15.6201
60,3.2051,15.7520
64,3.2061,16.6191
68,3.6963,17.0195
72,3.6865,17.1504
76,3.7012,17.2969
80,3.6943,79.4072
84,3.7813,18.5371
88,3.7842,18.1650
92,3.7041,18.3809
96,3.7061,19.1934
100,3.7051,19.6719
104,3.7021,20.1807
108,3.7725,20.1416
112,3.7715,20.6143
116,3.7012,20.3389
120,3.7139,21.3652
124,3.7070,21.6797
128,3.7051,22.0186
132,4.2490,21.7246
136,4.2109,21.3125
140,4.2188,22.0879
144,4.2109,21.8828
148,4.2217,22.1025
152,4.2041,22.0781
156,4.2393,22.2061
160,4.2168,21.7246
164,4.2041,22.1602
168,4.2295,22.5020
172,4.2031,22.0420
176,4.2188,120.6035
180,4.2988,21.3008
184,4.3477,20.9990
188,26.0537,21.3174
192,4.3057,22.3350
196,4.2002,21.1504
200,4.2441,21.9678
204,4.2402,21.6094
208,4.2197,22.1758
212,4.2109,21.9619
216,4.2002,22.4277
220,4.2031,22.6670
224,4.2422,22.4404
228,4.2529,22.8047
232,4.2012,23.2676
236,4.2041,23.3662
240,4.2432,23.6328
244,4.2207,23.3975
248,4.2334,23.8584
252,4.2363,24.1602
256,4.2324,24.8633
260,4.8027,24.3887
264,4.8174,24.6563
268,4.8301,24.8740
272,4.8125,25.0801
276,4.7979,24.9082
280,4.8057,24.8408
284,4.8086,24.9590
288,4.8281,25.0088
292,4.8174,25.0830
296,4.7969,25.4023
300,4.8145,25.2393
304,4.8105,25.5391
308,4.8164,24.9199
312,4.8242,25.1660
316,4.7969,25.0518
320,4.8145,25.5166
324,4.8037,25.2246
328,4.8066,25.2451
332,4.8125,25.3076
336,4.8145,25.2744
340,4.8320,25.7100
344,4.8330,25.7158
348,4.7939,25.7598
352,4.8252,25.6865
356,4.8184,26.4551
360,4.8027,25.5244
364,4.8174,25.4639
368,4.8086,26.3740
372,4.8154,26.0264
376,4.8242,26.2803
380,4.7871,26.4092
384,4.8262,26.4678
388,4.8086,26.2422
392,4.8076,26.8564
396,4.8145,27.0479
400,4.8047,27.3760
404,4.8115,27.2373
408,4.7969,26.9072
412,4.8076,27.3594
416,4.8057,27.0820
420,4.8066,27.6416
424,4.8262,27.7373
428,4.8018,27.7061
432,4.8164,28.0225
436,4.7949,27.7070
440,4.8184,28.0742
444,4.8125,28.6816
448,4.8398,28.0166
452,4.8096,28.1055
456,4.7988,28.8389
460,4.9111,29.8438
464,4.8096,28.9668
468,4.7910,28.5068
472,4.8164,28.7461
476,4.8096,28.5078
480,4.8125,28.6465
484,4.8076,29.4756
488,4.8105,29.0684
492,4.8105,29.0557
496,4.8145,29.3535
500,4.7920,29.2197
504,4.8037,29.4307
508,4.8154,29.3428
512,4.8037,29.3652
516,7.9063,34.7266
520,7.6641,29.2451
524,7.7471,29.6406
528,7.6006,29.3457
532,7.6563,29.5352
536,7.6836,29.6084
540,7.7988,30.2041
544,7.6846,29.3955
548,7.6611,29.5117
552,7.8145,29.5645
556,7.7871,29.3496
560,7.8877,30.3682
564,7.8115,29.7354
568,7.8184,29.4160
572,7.6191,29.2168
576,7.7861,29.8926
580,7.6553,29.4893
584,7.6895,29.7422
588,7.7910,29.8105
592,7.8096,29.4648
596,7.8203,29.8457
600,7.7822,30.0215
604,7.6875,29.8594
608,7.7119,29.8789
612,7.7295,29.5635
616,7.6758,30.2119
620,7.8828,31.4082
624,7.6230,29.7363
628,7.6777,29.9951
632,7.9063,29.7266
636,7.7236,29.9814
640,7.8027,29.5176
644,7.6729,29.7764
648,7.6172,29.9414
652,7.6396,29.6152
656,7.7031,30.2617
660,7.7998,29.7490
664,7.4424,29.8936
668,7.6611,30.1436
672,7.6260,29.7734
676,7.6445,30.7676
680,7.7578,30.1230
684,7.7666,30.3184
688,7.6855,30.1875
692,7.6641,30.0967
696,7.7627,86.9336
700,8.1113,32.4482
704,7.7119,28.9590
708,7.8721,28.6426
712,7.8047,28.7617
716,7.8398,29.1055
720,7.7021,28.4258
724,7.9541,28.4824
728,7.8086,28.6621
732,7.8574,28.9873
736,7.8779,28.6602
740,7.8525,28.9824
744,7.8320,28.8477
748,7.9141,29.2939
752,7.7627,29.1387
756,8.4131,43.4707
760,7.6650,29.9746
764,7.8174,30.0449
768,7.7676,30.8154
772,7.5166,29.7451
776,7.4844,29.5742
780,7.5215,29.2656
784,7.5557,29.0352
788,7.3535,29.7871
792,7.5479,29.7344
796,7.4951,29.3984
800,7.5811,30.0273
804,7.6113,30.0156
812,7.4932,29.7383
820,7.7100,29.3223
828,7.5479,29.6465
836,7.4746,30.5859
844,7.5244,29.7568
852,7.4873,30.1826
860,7.4199,30.4629
868,7.4854,30.3242
876,7.4912,30.6719
884,7.4287,31.1172
892,130.2959,33.6973
900,8.7344,31.5518
908,7.7188,31.2119
916,7.5752,31.2510
924,7.7129,31.1055
932,7.6670,31.3496
940,7.6279,30.8701
948,7.7881,31.3584
956,7.8721,31.8740
964,7.6953,31.4189
972,7.7363,31.7578
980,7.6016,31.3555
988,7.7666,31.7793
996,7.7393,31.6660
1004,7.5420,31.7559
1012,7.7061,31.7656
1020,7.6748,31.9980
1028,11.7236,38.4102
1036,11.3252,32.3906
1044,11.2705,32.1543
1052,11.2900,32.1406
1060,11.3086,32.5176
1068,11.0869,32.1504
1076,11.0908,32.1064
1084,11.3164,32.2314
1092,11.3916,31.7744
1100,11.2920,32.5850
1108,11.0684,32.5928
1116,11.2139,32.9678
1124,11.2988,32.3965
1132,11.1025,33.0791
1140,11.5293,32.6553
1148,11.2070,32.4824
1156,11.4805,32.4727
1164,11.2314,32.8213
1172,12.1689,33.0527
1180,11.1387,32.8467
1188,11.1045,33.4277
1196,11.3447,32.9385
1204,11.2471,32.8037
1212,11.2197,33.2451
1220,11.3945,33.5654
1228,11.3398,33.0801
1236,11.1318,33.1992
1244,11.2568,33.4980
1252,11.2432,33.2217
1260,11.2607,33.1758
1268,11.1025,33.3613
1276,11.1875,32.9873
1284,11.0791,33.2910
1292,11.2930,33.6885
1300,11.1377,33.5146
1308,11.3457,33.7949
1316,11.1699,33.5469
1324,11.1172,34.1104
1332,11.2744,33.9531
1340,11.2295,33.7080
1348,11.2334,33.4297
1356,11.1084,33.6855
1364,11.1221,34.1045
1372,11.1787,33.3994
1380,11.3223,34.2686
1388,10.9883,34.3213
1396,11.1914,34.1348
1404,11.2168,34.3730
1412,11.1582,34.1367
1420,11.0195,34.3350
1428,11.1904,34.3418
1436,11.2148,34.5928
1444,11.1836,34.1992
1452,11.6758,34.0479
1460,11.2764,33.7871
1468,11.2910,34.5449
1476,11.0371,33.7656
1484,11.2529,33.8809
1492,11.0654,34.1016
1500,11.3145,34.2939
1508,11.1553,33.8848
1516,11.5195,35.3516
1524,11.1670,33.5732
1532,11.0977,33.8926
1540,10.9863,34.0225
1548,11.0166,33.5176
1556,11.0781,33.6523
1564,10.8916,33.8457
1572,11.1035,34.4014
1580,11.0645,33.7393
1588,10.8457,33.9453
1596,10.9795,33.8369
1604,11.1113,34.1494
1616,10.9053,34.0605
1628,10.8740,34.1514
1640,11.1670,34.2344
1652,10.9473,35.1084
1664,10.8379,34.1338
1676,10.9453,34.3418
1688,10.9619,34.9961
1700,10.9131,34.5088
1712,12.3711,34.6631
1724,11.1807,34.2910
1736,10.7354,35.1650
1748,10.9453,34.9473
1760,10.9502,34.9746
1772,10.7598,34.7891
1784,10.8760,35.5566
1796,10.9873,40.3066
1808,11.3350,35.0430
1820,11.0459,35.2773
1832,11.1367,36.0332
1844,10.8838,35.7158
1856,10.9697,35.3770
1868,10.8994,35.5967
1880,11.1221,35.8555
1892,11.0264,35.7109
1904,11.2334,35.7227
1916,10.8564,35.3779
1928,11.0801,35.0645
1940,11.1396,35.9785
1952,10.9385,35.8975
1964,10.9541,35.8389
1976,11.1602,35.4580
1988,11.1318,35.3428
2000,10.9463,35.8994
2012,11.2393,35.7930
2024,11.3711,35.7617
2036,10.9531,36.1836
2048,10.8164,35.8545
2060,18.0615,35.8262
2072,14.2588,36.1055
2084,13.9990,36.1289
2096,14.4629,35.5039
2108,14.2627,35.3506
2120,14.2500,35.6426
2132,14.2002,35.9424
2144,14.3008,36.3691
2156,14.3525,35.2764
2168,14.0088,35.6338
2180,14.2061,36.0078
2192,14.0928,35.5850
2204,14.1914,35.5508
2216,14.1992,36.3252
2228,14.4619,35.7051
2240,14.2793,35.3711
2252,14.6504,37.2656
2264,14.4707,35.8740
2276,14.5371,35.9307
2288,14.4561,36.5713
2300,14.3525,35.8545
2312,14.7080,37.2158
2324,14.2695,36.8486
2336,14.6016,36.7705
2348,14.7471,36.7969
2360,14.5244,36.6357
2372,14.6436,36.7080
2384,14.6406,37.1953
2396,14.7793,37.4688
2408,14.7783,36.5947
2424,14.7334,36.8682
2440,14.6006,36.8779
2456,14.7324,36.7832
2472,16.7598,37.2451
2488,14.7891,37.5723
2504,14.9346,37.4941
2520,14.8262,42.0820
2536,14.7881,37.0273
2552,14.4463,37.5654
2568,14.4277,37.2002
2584,14.3896,37.7900
2600,14.7939,37.4180
2616,14.8623,37.7275
2632,14.5205,37.3945
2648,14.7236,38.2949
2664,14.8125,37.8857
2680,14.8486,37.6113
2696,14.7666,37.3760
2712,14.4902,37.7207
2728,14.4980,37.3721
2744,14.3916,37.9736
2760,14.4424,37.9248
2776,14.6367,38.3359
2792,14.4697,37.2148
2808,14.1152,37.6895
2824,14.3506,36.7266
2840,14.2773,37.2383
2856,14.5156,37.4727
2872,14.4404,47.5127
2888,14.7090,37.1826
2904,14.6699,37.2803
2920,14.2227,38.0586
2936,14.7842,38.1758
2952,14.4531,38.5488
2968,14.6221,38.6445
2984,14.6768,38.7041
3000,14.7363,38.4482
3016,14.6328,37.9775
3032,14.5645,38.5830
3048,14.5615,38.2510
3064,14.5410,37.9629
3080,14.4043,38.5713
3096,14.8135,38.4756
3112,14.5049,38.4736
3128,14.5166,38.8584
3144,14.9268,38.5840
3160,14.8555,38.5361
3176,15.3555,38.6377
3192,14.5771,39.1240
3208,14.8057,38.9844
3228,14.6494,38.8242
3248,14.7119,38.6045
3268,14.6172,39.0283
3288,14.5771,39.4951
3308,14.7383,39.3525
3328,14.9023,38.6143
3348,14.6338,38.7490
3368,14.7363,39.3145
3388,14.5967,38.7246
3408,14.6348,40.4229
3428,15.7773,38.7383
3448,14.5625,38.8301
3468,14.5195,38.8584
3488,14.4561,39.7471
3508,14.3105,38.8223
3528,14.3301,38.7500
3548,14.4336,39.0303
3568,14.3164,39.1729
3588,14.2256,38.5205
3608,14.2441,39.2529
3628,14.6943,38.5518
3648,14.2842,80.8379
3668,13.9492,39.0840
3688,14.3447,38.4307
3708,14.2627,38.3623
3728,14.2002,38.0820
3748,14.1709,38.3330
3768,14.0889,38.1855
3788,14.2324,38.5518
3808,14.0293,38.9453
3828,14.0557,37.9287
3848,13.9473,38.6611
3868,14.0879,38.4463
3888,14.1465,38.1045
3908,14.1104,38.5273
3928,13.9639,38.3838
3948,19.7705,39.1191
3968,14.0820,38.3955
3988,13.9668,39.2910
4008,14.0117,39.1123
4032,13.7695,38.6982
4056,13.9619,39.4424
4080,14.1543,38.7285
4104,18.7295,39.2314
4128,18.3076,39.2285
4152,18.1582,39.1211
4176,18.1523,39.5518
4200,18.2178,39.0186
4224,17.9766,39.1865
4248,17.8916,39.2734
4272,23.4248,40.5850
4296,17.3779,39.2266
4320,17.3623,38.7002
4344,21.3301,39.0654
4368,17.5273,39.0010
4392,16.9639,38.6523
4416,17.3086,39.4297
4440,16.9961,39.1719
4464,17.1270,39.1377
4488,17.4473,38.9453
4512,17.5381,39.3184
4536,16.9502,39.2188
4560,17.3320,39.2695
4584,17.3838,38.8594
4608,17.8740,39.5527
4632,17.4131,40.2363
4656,17.2842,38.9814
4680,17.4404,39.0156
4704,17.5605,39.1533
4728,17.1680,39.5898
4752,17.4346,39.5205
4776,17.3135,39.4238
4800,17.4023,40.2500
4824,17.6299,40.5293
4852,17.6992,41.0410
4880,17.2207,39.3340
4908,17.2139,39.7793
4936,17.1855,44.5049
4964,17.4434,39.7109
4992,17.6963,39.1152
5020,17.6123,39.8223
5048,16.9043,38.7920
5076,17.2061,40.1768
5104,17.6533,39.1982
5132,17.5527,39.7842
5160,17.3574,40.1572
5188,17.4326,40.9912
5216,17.2051,40.0273
5244,17.6621,39.5156
5272,17.5781,40.2490
5300,17.3945,39.5898
5328,17.3604,40.0674
5356,17.3408,39.7129
5384,17.4297,40.1221
5412,17.5195,40.5547
5440,17.0303,40.4063
5468,17.2061,39.6729
5496,104.5684,50.2285
5524,18.0586,42.0381
5552,18.0254,42.0029
5580,18.0977,41.4043
5608,18.2842,41.2822
5640,18.1436,42.0986
5672,18.1006,41.6816
5704,18.0098,41.8662
5736,17.9336,41.8857
5768,17.8848,42.3350
5800,18.1641,41.8115
5832,18.0254,42.5146
5864,18.0410,41.7598
5896,18.0869,41.7734
5928,17.6611,42.2764
5960,18.1943,42.0576
5992,17.8350,42.1836
6024,18.0781,42.0068
6056,18.4736,42.6035
6088,17.9346,42.1855
6120,18.2012,42.6045
6152,18.2295,42.1328
6184,18.2471,42.6553
6216,18.0547,42.3711
6248,17.7012,47.0732
6280,18.1650,51.7520
6312,18.1787,41.1035
6344,17.6611,41.3701
6376,17.2051,41.7754
6408,17.7822,41.4521
6444,17.7314,41.7354
6480,17.8447,41.5313
6516,17.8252,41.6260
6552,17.5596,41.2949
6588,17.7520,42.2773
6624,17.4502,41.7393
6660,17.8418,41.8398
6696,17.6289,42.0605
6732,17.7754,41.9805
6768,17.9570,42.0713
6804,17.5684,41.9551
6840,17.9775,41.9229
6876,17.7510,42.0303
6912,17.8086,42.3975
6948,17.5625,42.1650
6984,17.7705,41.9990
7020,17.8408,41.9355
7056,17.9141,42.3418
7092,17.5762,41.9756
7128,17.7773,42.0029
7164,17.5547,42.1787
7200,17.6826,42.5303
7236,17.9688,42.2480
7276,17.6650,42.4180
7316,17.6084,42.7188
7356,17.8262,42.4795
7396,17.5811,42.0000
7436,17.5000,42.7861
7476,17.6221,42.4229
7516,17.9004,42.3379
7556,17.8447,42.6045
7596,17.7568,42.9434
7636,17.8086,42.3496
7676,17.5254,42.7686
7716,17.7734,41.7510
7756,17.9336,42.9873
7796,17.7236,42.3711
7836,17.8037,42.6299
7876,17.6094,42.7129
7916,17.7266,42.3594
7956,17.6152,43.2266
7996,17.6406,42.9404
8036,17.7139,42.8604
8080,17.5029,42.9297
8124,17.1816,42.9150
8168,17.3535,42.8818
8212,22.6250,42.9629
8256,22.5771,43.3105
8300,22.5049,42.9854
8344,22.3320,43.1973
8388,22.1650,42.4229
8432,21.8799,42.9082
8476,22.4883,43.2510
8520,22.4883,43.2314
8564,22.2334,42.8848
8608,22.2939,43.3994
8652,22.4033,43.2275
8696,21.5508,43.1289
8740,20.6992,42.8301
8784,20.9502,42.4941
8828,20.7861,43.2275
8876,20.9072,43.1553
8924,20.7705,43.5830
8972,20.9590,43.7705
9020,20.7441,43.5029
9068,20.8096,43.6455
9116,20.8389,43.7168
9164,20.9434,43.2969
9212,20.7949,43.8115
9260,20.5830,43.2197
9308,21.1035,43.8789
9356,20.8730,43.4795
9404,20.7998,43.6797
9452,20.7754,44.2266
9500,21.0566,43.5830
9548,21.0146,43.2695
9596,20.9521,43.5322
9644,20.6240,43.9160
9696,20.9473,42.9736
9748,20.3477,43.4756
9800,21.2920,43.9688
9852,21.6631,44.1748
9904,21.0957,44.4141
9956,21.4727,43.8906
10008,21.0811,44.7559
10060,23.2158,44.9277
10112,21.6611,44.7607
10164,21.8984,45.9521
10216,21.7949,46.9160
10268,22.4375,47.5020
10320,22.5791,46.8418
10372,21.7568,45.8496
10424,22.0283,46.6748
10480,21.3613,44.8154
10536,21.5723,44.7539
10592,21.4805,57.8887
10648,39.3877,44.7383
10704,21.6650,44.8193
10760,21.1631,45.3574
10816,21.5957,45.2705
10872,21.6650,45.2529
10928,21.0762,45.4189
10984,21.3936,44.8125
11040,21.1074,45.2246
11096,21.0654,45.0322
11152,21.2793,44.8555
11208,21.4082,45.4922
11268,21.0469,52.7627
11328,21.6152,44.8066
11388,21.1436,45.1689
11448,21.2930,44.9932
11508,21.3818,45.5166
11568,21.3184,44.9453
11628,20.8857,45.3135
11688,21.1152,45.7363
11748,21.8105,45.8672
11808,21.7441,45.7637
11868,21.3428,45.3203
11928,21.7725,45.8057
11988,21.6729,53.2021
12048,21.2188,45.8301
12112,21.6211,46.1074
12176,21.6191,45.0879
12240,21.5107,45.9551
12304,21.4541,45.5381
12368,21.4355,45.8467
12432,21.5703,45.8770
12496,21.1611,45.6855
12560,21.4570,46.1826
12624,21.3281,45.7695
12688,22.0303,44.8945
12752,20.7656,50.0977
12816,21.1416,45.4746
12884,20.7432,45.1709
12952,21.2432,45.2119
13020,20.8740,45.2725
13088,21.0430,45.2754
13156,21.1113,45.4180
13224,20.9033,45.4990
13292,20.8164,45.5820
13360,20.8506,44.8135
13428,20.7402,45.7627
13496,21.0850,45.9229
13564,21.5742,51.6934
13632,21.5244,46.7402
13704,21.1631,46.0205
13776,20.8477,45.5098
13848,21.0615,46.1250
13920,21.4805,46.5615
13992,21.5215,56.0156
14064,21.2939,46.3252
14136,21.3740,46.3135
14208,21.4014,46.6270
14280,21.7109,46.5879
14352,21.7959,46.7910
14424,21.5098,46.6123
14500,21.5654,46.8428
14576,21.0938,47.0078
14652,21.8535,46.6465
14728,21.4316,47.3291
14804,21.1328,47.3633
14880,21.1982,54.6455
14956,21.8398,46.5869
15032,21.5137,46.6689
15108,21.2490,47.6191
15184,21.1807,47.2803
15260,21.3896,46.8223
15340,21.0195,47.0205
15420,21.3193,47.1719
15500,21.3428,47.4922
15580,21.3857,47.7119
15660,21.4102,47.0117
15740,20.9971,46.0205
15820,25.8037,45.9619
15900,20.9922,46.4541
15980,21.2139,46.1348
16060,20.9385,46.2334
16144,21.0205,46.2295
16228,20.8633,46.8477
16312,20.4707,46.4971
16396,24.6152,46.7871
16480,24.3125,46.5117
16564,24.3711,46.7158
16648,23.8623,46.2705
16732,24.2158,51.5186
16816,23.9561,46.5547
16904,24.1738,47.2969
16992,24.1230,46.8604
17080,24.2021,46.3506
17168,24.2148,46.7988
17256,24.1299,46.4277
17344,23.9189,46.1953
17432,24.1836,46.4795
17520,23.9502,46.0918
17608,24.4951,46.6338
17700,24.1660,46.6982
17792,24.5615,46.8477
17884,24.0117,46.8457
17976,24.2480,46.5215
18068,24.3818,46.7500
18160,24.1143,46.8350
18252,24.0928,46.5215
18344,23.9063,47.1572
18436,24.0420,47.0830
18532,24.6719,51.4736
18628,25.1406,47.2344
18724,23.5693,46.6436
18820,31.3291,48.2070
18916,27.2412,47.7666
19012,25.8604,47.3779
19108,25.8066,47.2383
19204,24.1143,47.0518
19304,24.0693,47.4434
19404,24.1064,47.2822
19504,23.9434,47.1914
19604,23.9639,46.8555
19704,23.6338,47.2246
19804,23.9502,47.4658
19904,28.7021,47.6279
20004,24.1865,47.2979
20108,25.1885,46.7207
20212,24.3447,46.8096
20316,24.1387,47.5732
20420,24.0420,47.4307
20524,24.0371,47.4893
20628,24.0146,48.0391
20732,24.3174,47.9131
20836,24.4229,47.1240
20944,24.3662,47.4063
21052,23.9990,48.0420
21160,24.5371,48.1279
21268,24.1689,47.9961
21376,24.1934,47.9883
21484,24.5332,47.5244
21592,24.2314,48.0186
21700,24.3223,47.4307
21812,24.6289,47.4092
21924,24.0537,47.4141
22036,24.2588,47.6025
22148,23.9600,47.8682
22260,24.1895,55.7744
22372,24.6963,48.7578
22484,24.9375,48.8281
22600,24.8896,49.0615
22716,24.8223,48.7051
22832,24.4365,49.2344
22948,24.5518,49.1533
23064,24.5566,48.6689
23180,24.9473,49.2979
23296,24.1660,48.9072
23416,24.3145,50.1201
23536,32.4170,49.2646
23656,24.8984,50.2207
23776,24.9004,49.1748
23896,24.3721,49.1152
24016,25.0986,49.9609
24140,24.6191,49.2441
24264,24.8047,53.4219
24388,25.0068,49.6367
24512,24.7334,49.1104
24636,24.8008,48.6660
24760,24.2959,48.8623
24884,24.7578,50.3691
25012,23.9375,47.6152
25140,24.0459,48.4883
25268,24.7764,47.6309
25396,23.0908,47.2568
25524,23.2754,113.8418
25652,24.3574,50.6738
25784,24.6582,50.0381
25916,24.8291,50.3604
26048,24.6543,50.4424
26180,24.7109,50.1953
26312,24.8242,49.6260
26444,24.8203,49.5645
26580,24.8057,49.8584
26716,24.5967,50.2617
26852,24.9033,56.3223
26988,24.4717,49.6973
27124,24.8672,49.9043
27260,24.6133,50.4424
27400,24.5625,49.1992
27540,24.9287,49.8564
27680,25.2803,50.8359
27820,24.7090,50.8164
27960,24.7070,49.4443
28100,24.7773,50.1240
28244,24.9561,50.3984
28388,29.7109,50.5898
28532,24.8477,50.0918
28676,25.7539,49.7490
28820,23.8359,48.1094
28968,23.7842,48.1338
29116,23.6885,47.7646
29264,23.6563,48.0986
29412,23.4473,48.6885
29560,23.9561,48.6338
29708,23.5078,48.5498
29860,24.1621,48.7588
30012,28.5693,48.5508
30164,23.4795,48.2412
30316,23.5752,48.3428
30468,23.9189,48.8828
30624,23.0117,47.4893
30780,23.7910,48.7617
30936,23.4199,48.8740
31092,23.4531,48.1230
31248,23.5947,48.7969
31408,23.5342,48.4932
31568,23.6953,53.0508
31728,29.8291,49.6582
31888,25.2188,49.0020
32048,23.6504,48.5381
32212,23.2715,48.9023
32376,24.3369,50.4834
32540,23.7764,48.9688
32704,23.7324,48.4463
32868,33.4238,48.9570
33036,27.2695,48.6846
33204,27.2393,52.5137
33372,27.3809,49.4199
33540,27.4121,52.4531
33708,28.5859,49.3633
33880,27.1973,48.6035
34052,27.1162,48.8408
34224,27.1582,48.7607
34396,26.5195,48.9609
34568,26.9678,49.2207
34744,26.9766,49.0088
34920,27.3584,49.1074
35096,27.0820,48.8447
35272,26.8574,55.0508
35452,27.0703,48.8975
35632,27.2158,49.1768
35812,27.0635,48.9746
35992,26.6396,49.4346
36172,27.1816,49.3096
36356,27.2598,48.9092
36540,26.8574,48.7676
36724,27.3564,49.1201
36908,27.4063,49.8613
37096,26.9580,54.0352
37284,26.9775,49.2539
37472,26.7578,49.5449
37660,27.0332,49.1494
37852,26.9834,49.5420
38044,27.0322,49.9072
38236,27.2549,49.5742
38428,26.8916,49.7227
38624,26.8320,49.8086
38820,27.1836,49.7549
39016,26.7441,49.7061
39212,26.4453,57.1123
39412,28.4971,50.1162
39612,27.9512,49.9014
39812,27.7617,49.8994
40012,27.3066,49.9482
40216,27.4521,49.7041
40420,27.3564,49.4766
40624,27.1758,58.8799
40828,27.2344,50.5996
41036,27.1475,49.6426
41244,27.6680,50.7148
41452,27.2783,50.4131
41660,27.6436,49.8164
41872,27.9346,50.1719
42084,27.9131,50.0801
42296,27.6963,50.7734
42508,27.2100,49.8525
42724,27.4316,57.0508
42940,28.0645,51.8623
43156,27.5986,50.4395
43372,27.3203,49.8984
43592,27.6514,50.2930
43812,27.2949,50.8506
44032,28.7061,49.9258
44256,27.6611,49.8662
44480,27.1211,50.3154
44704,27.3760,49.8730
44928,26.6602,50.7402
45156,27.0273,50.7188
45384,26.6787,50.7930
45612,27.0859,50.2314
45844,26.8193,50.1348
46076,27.0195,51.3789
46308,27.3965,50.8379
46540,27.1504,50.4746
46776,27.4375,50.3730
47012,26.9033,51.0205
47248,26.8750,50.8135
47488,26.5342,51.1045
47728,26.8496,51.6084
47968,26.9014,50.6504
48208,26.6592,50.5254
48452,27.2109,51.1436
48696,27.2197,50.8838
48940,26.9014,51.0693
49188,27.8623,53.1143
49436,26.8682,51.0742
49684,27.0566,50.9199
49936,26.8633,56.4775
50188,26.7432,50.4189
50440,27.0811,51.8535
50696,26.9023,51.0928
50952,26.7920,51.1299
51208,27.2490,51.8896
51468,26.8740,51.9121
51728,27.3867,51.2891
51988,31.3340,51.6611
52248,27.1816,50.9658
52512,27.0342,59.0225
52776,27.4424,53.1777
53040,26.7686,51.0293
53308,26.5088,51.1240
53576,26.8916,50.7891
53844,27.0557,51.4316
54116,27.1582,51.5098
54388,27.0059,51.1055
54660,26.8389,52.9375
54936,28.9473,51.3818
55212,27.0313,88.3779
55492,27.3330,52.4424
55772,29.2021,52.3145
56052,27.0127,52.2822
56336,26.7773,51.5957
56620,26.8828,52.3652
56904,27.3379,52.2236
57192,26.9551,52.0459
57480,26.3721,52.6055
57768,27.0166,51.9404
58060,26.8740,120.1611
58352,28.6523,55.1670
58644,26.7549,52.1416
58940,27.3291,52.8271
59236,26.7031,52.2373
59536,26.8926,52.4082
59836,27.1162,52.1865
60136,27.0488,52.0020
60440,26.8340,51.9590
60744,27.0742,52.3652
61048,27.4824,53.8896
61356,27.0029,52.6172
61664,27.0625,52.7139
61976,26.9385,52.6123
62288,27.0938,52.8027
62600,26.8047,52.5811
62916,26.6426,52.6963
63232,26.5508,52.6396
63552,27.4678,52.6016
63872,26.9131,52.7139
64192,27.5215,54.5459
64516,26.5186,52.4561
64840,26.8516,53.0703
65168,27.7480,53.0303
65496,27.7520,53.4307
65824,36.2295,59.4150
66156,34.7168,52.8496
66488,34.8008,53.3789
66824,34.7129,52.4814
67160,34.9600,54.1396
67496,36.8037,54.0605
67836,34.9951,53.5254
68176,34.9727,53.4854
68520,34.7656,53.3242
68864,34.2100,53.7480
69212,34.7021,53.5313
69560,35.2939,53.1709
69908,35.9492,54.0254
70260,34.3330,53.8721
70612,33.5830,53.3604
70968,32.0977,54.2090
71324,31.7119,54.1094
71684,31.7881,53.2061
72044,31.8496,54.7910
72408,33.1494,59.0430
72772,32.7324,55.1416
73136,32.5957,54.8926
73504,32.3008,55.5225
73872,32.6523,54.3691
74244,32.6865,54.9385
74616,32.6074,54.7188
74992,32.1797,55.6494
75368,32.3340,54.7197
75748,32.6699,55.2314
76128,32.5625,55.1777
76512,32.3838,55.8359
76896,34.1123,54.7754
77284,33.6807,54.6846
77672,33.8311,55.3164
78064,33.2715,54.5654
78456,34.1982,56.2510
78852,33.1055,55.7158
79248,33.6963,55.4033
79648,33.4336,53.8896
80048,32.8779,54.5195
80452,32.8877,54.8691
80856,33.1963,54.2471
81264,32.6494,54.1025
81672,33.2354,54.8965
82084,32.9141,54.0723
82496,33.0811,53.8701
82912,33.0371,55.8701
83328,33.0996,55.0908
83748,32.9727,55.8184
84168,32.3330,55.4209
84592,32.9717,56.1699
85016,32.7715,56.1719
85444,33.7246,56.6221
85872,32.6504,55.8096
86304,32.9600,55.8535
86736,33.2490,56.4316
87172,33.1436,55.6641
87608,33.2813,68.9600
88048,32.7920,56.2646
88492,33.1172,56.1982
88936,33.5791,61.0596
89384,32.8232,56.8008
89832,33.2227,56.4932
90284,32.5068,56.3174
90736,33.3750,57.6211
91192,32.8223,55.3027
91648,32.0010,55.3662
92108,32.0684,55.4268
92572,31.9785,55.4209
93036,32.3955,60.0010
93504,32.3350,55.7266
93972,32.1973,55.4824
94444,32.0225,55.8535
94920,32.4443,57.1572
95396,32.5459,56.1123
95876,32.0674,55.2461
96356,31.9199,55.8223
96840,32.7881,55.9053
97328,32.2813,55.4727
97816,32.5879,55.7207
98308,32.1836,55.5859
98800,32.1865,56.3965
99296,32.5342,57.5049
99796,33.7627,58.6533
100296,33.7666,57.2578
100800,33.9736,57.1045
101304,33.9727,56.4463
101812,34.0684,57.5850
102324,33.9268,58.1045
102836,33.5928,57.9990
103352,33.3975,57.3740
103872,33.3447,57.5566
104392,34.0830,57.5254
104916,35.2891,58.3564
105444,33.6025,57.6758
105972,33.4961,58.4512
106504,34.1484,56.9180
107040,33.6279,57.8418
107576,33.6641,58.3574
108116,33.3604,57.9482
108660,34.0771,59.5928
109204,33.9824,58.3760
109752,33.5479,57.5615
110304,33.5107,58.0225
110856,33.5771,58.1807
111412,32.8125,58.1982
111972,33.1211,58.4922
112532,34.1055,58.3213
113096,32.8613,58.2148
113664,33.5400,57.7910
114236,33.1318,57.9434
114808,33.3066,58.4736
115384,33.2930,57.9922
115964,33.3936,57.2959
116544,33.9883,59.7295
117128,33.2217,57.5479
117716,33.1758,58.3379
118308,35.4424,58.6123
118900,33.0830,58.2227
119496,33.4326,59.1885
120096,33.2510,65.7734
120700,32.4053,58.8193
121304,32.6094,58.9102
121912,32.9717,58.6162
122524,32.9199,58.9951
123140,33.2529,58.9590
123756,32.9102,58.6494
124376,33.0547,57.7412
125000,32.9463,57.7852
125628,32.9297,59.1699
126260,33.0029,58.3223
126892,32.8867,58.5469
127528,33.2256,58.4824
128168,33.1611,59.2314
128812,33.1689,59.1914
129460,34.7607,58.4756
130108,42.2705,59.2471
130760,35.2373,58.6738
131416,40.5840,58.3672
132076,41.1045,59.5752
132740,40.5449,58.8330
133404,40.4814,59.3105
134072,39.9160,58.8115
134744,40.4551,75.8896
135420,39.2070,59.1563
136100,47.7070,59.8057
136784,37.1406,58.7217
137468,37.7256,64.1709
138156,38.0977,60.0605
138848,37.0313,60.1602
139544,38.1787,61.2295
140244,37.9688,59.8154
140948,37.9395,60.2207
141656,37.5947,59.8018
142368,38.1377,60.5430
143080,37.8711,60.5244
143796,38.2881,60.4873
144516,38.4551,61.4053
145240,38.1641,60.1846
145968,37.9951,66.1816
146700,39.0977,59.6074
147436,39.8574,60.1133
148176,39.0986,59.5938
148920,38.3115,61.2607
149668,39.6875,59.7334
150420,38.8037,58.1738
151176,38.5000,58.9150
151932,38.5996,64.4170
152692,38.9053,59.8145
153456,38.1738,59.6172
154224,38.1992,58.7920
154996,38.2383,59.3906
155772,39.1260,60.0430
156552,37.6865,60.0918
157336,38.2188,59.4863
158124,37.1348,65.8770
158916,39.3896,59.1172
159712,36.9414,59.4805
160512,37.4141,60.0117
161316,38.8750,61.1982
162124,37.3135,59.1191
162936,37.9971,59.9258
163752,37.0029,59.9512
164572,36.8818,67.3223
165396,39.4102,60.2188
166224,37.9180,59.5352
167056,37.8867,59.6074
167892,37.6396,59.3145
168732,37.6338,59.3086
169576,38.2119,58.8975
170424,41.9785,59.7871
171280,38.0537,66.5771
172140,38.1006,59.6445
173004,37.8779,59.7539
173872,38.3369,59.7363
174744,41.0371,62.3428
175620,37.9570,59.7461
176500,37.8164,59.9619
177384,37.9521,59.5449
178272,37.7236,59.7754
179164,37.4131,59.4873
180060,37.3340,60.3516
180964,38.1768,60.6191
181872,37.1807,67.4053
182784,37.6367,61.2090
183700,36.9053,60.2832
184620,38.0439,59.6738
185544,37.3066,60.3809
186472,37.4893,60.3379
187408,36.9395,60.3887
188348,36.8330,60.3779
189292,37.7266,60.9795
190240,37.2998,61.2412
191192,37.4678,60.5371
192148,36.9609,59.9385
193112,37.2451,60.4971
194080,37.5635,60.3379
195052,37.8291,60.4463
196028,37.1406,60.4795
197012,37.6143,60.7891
198000,37.4287,61.1650
198992,37.1689,60.8828
199988,37.6992,61.5010
200988,37.2666,61.0635
201996,37.3789,60.3047
203008,37.7061,61.8057
204024,37.4893,61.9688
205048,38.7129,64.7891
206076,37.1377,60.9600
207108,39.0605,61.5957
208144,38.1396,61.5371
209188,38.4453,61.5156
210236,38.6963,61.8984
211288,38.0732,61.5703
212348,38.1680,62.0205
213412,43.0146,61.3730
214480,38.1416,61.0225
215556,38.2354,62.4697
216636,38.8418,61.0020
217720,38.7217,61.4189
218812,38.4531,61.3066
219908,37.8584,62.0566
221008,38.3223,62.0176
222116,49.6172,62.8906
223228,39.8594,61.2002
224348,38.1904,61.5078
225472,37.3125,61.6045
226600,38.0762,62.0430
227736,37.7158,60.9893
228876,37.8154,61.6152
230024,37.6270,66.8135
231176,37.3975,61.4795
232332,37.8213,62.1309
233496,38.1416,60.9336
234664,37.9502,62.9092
235840,37.3740,61.8906
237020,37.6357,61.9814
238208,37.6318,61.7471
239400,37.2764,66.1416
240600,37.8281,62.7256
241804,38.0537,62.7607
243016,37.3320,61.9219
244232,37.4834,62.4346
245456,36.5615,62.5811
246684,40.1465,62.8174
247920,38.5439,61.9961
249160,38.2070,69.6514
250408,39.0537,62.3467
251664,39.1357,62.8613
252924,39.2520,61.0498
254192,38.6816,63.3389
255464,38.2510,62.8945
256744,38.3691,62.6836
258028,38.1875,62.3906
259320,45.0498,73.5879
260620,38.2764,62.4561
261924,39.7842,63.1904
263236,42.9785,62.8438
264556,42.3174,61.6582
265880,42.8008,62.8887
267212,42.6602,62.3320
268552,42.6338,70.1973
269896,43.3320,62.4668
271248,42.0234,62.4443
272608,42.8545,64.1475
273972,43.1855,63.1084
275344,42.8193,63.2295
276724,42.2197,63.8066
278108,42.3691,63.0596
279500,43.1064,63.9307
280900,41.7734,63.4678
282308,41.7881,62.7988
283720,42.2568,63.1299
285140,42.7549,63.5771
286568,41.7490,62.4717
288004,42.1221,63.2129
289448,42.1025,63.6260
290896,42.3301,63.3691
292352,41.5234,64.0752
293816,41.9229,63.2803
295288,42.1250,62.8105
296768,41.6523,63.5068
298252,41.8662,63.8633
299744,43.7646,77.0820
301244,43.4707,63.9277
302752,42.3389,63.6094
304268,41.5098,63.6689
305792,42.2559,63.9590
307324,42.0596,63.2432
308864,41.7988,63.6455
310412,41.6484,63.8750
311968,42.5596,64.9453
313528,41.9131,64.1670
315096,42.1240,64.5918
316672,42.5381,64.3428
318256,41.6602,64.3076
319848,42.6309,64.0361
321448,41.9609,69.1797
323056,41.4424,63.5664
324672,42.1699,64.4482
326296,42.1592,64.3857
327928,42.3223,65.1738
329568,42.1318,63.7988
331216,42.5957,64.7920
332876,42.1670,64.0469
334544,48.8545,66.4648
336220,41.8887,64.1699
337904,41.9717,64.4951
339596,42.4727,64.8076
341296,41.2773,64.7490
343004,41.7783,64.3203
344720,41.2959,64.4922
346444,41.3535,69.7090
348180,41.0176,65.4844
349924,41.8486,65.5830
351676,41.7764,65.6895
353436,41.8096,65.6328
355204,51.9014,67.4902
356984,41.7998,65.0000
358772,41.4473,108.0830
360568,41.7871,64.3477
362372,41.7148,65.4746
364184,41.0693,65.1963
366008,42.6943,65.6641
367840,42.5244,66.1172
369680,42.5625,65.2471
371532,42.5762,65.7432
373392,41.9727,69.6875
375260,41.6309,65.2383
377140,41.8691,65.6953
379028,49.0615,65.1406
380924,42.6279,65.3916
382832,42.1006,65.1084
384748,42.0146,66.0889
386672,41.9746,63.7910
388608,42.1172,66.2529
390552,42.6484,65.0791
392508,41.8623,79.9473
394472,42.9385,64.8662
396448,41.4668,66.3564
398432,41.9219,65.4492
400428,42.1699,65.4951
402432,42.1123,66.2041
404448,42.8213,65.7725
406472,42.5596,66.3037
408508,41.5557,66.0674
410552,42.4521,66.0195
412608,42.0068,65.4355
414672,42.0244,66.2529
416748,42.5703,66.0537
418832,42.6025,66.6543
420928,42.0166,70.8682
423036,42.3184,66.1270
425152,42.6104,66.1914
427280,41.9414,69.8682
429420,43.3037,67.4434
431568,42.7686,66.3965
433728,41.8203,65.2490
435900,42.4033,72.7197
438080,42.2842,66.7178
440272,42.2910,70.0898
442476,41.8066,65.8789
444692,42.2969,66.3369
446916,41.7588,66.7412
449152,42.7969,67.2881
451400,42.2295,72.3574
453660,42.2988,67.1709
455932,42.7412,67.0996
458212,43.0918,66.6309
460504,43.7627,67.3662
462808,43.7295,67.6475
465124,43.3213,66.7725
467452,43.3008,84.4873
469792,44.1094,66.5957
472144,44.2207,67.1602
474508,43.5752,66.6406
476884,43.3984,67.8408
479272,43.7363,66.9268
481672,43.4170,67.3359
484084,49.2734,67.9883
486508,43.7871,66.8691
488944,42.5732,68.2969
491392,43.2988,67.8447
493852,42.9258,67.8457
496324,43.3066,67.8164
498808,42.9111,67.8037
501304,42.5166,67.3311
503812,43.6953,69.1758
506332,42.8047,67.9434
508864,44.2109,68.3799
511412,42.8125,67.8047
513972,42.3770,67.8594
516544,43.7461,82.9258
519128,42.7930,67.8350
521724,44.3242,68.2783
524336,55.7295,75.0361
526960,47.3799,67.7002
529596,47.8125,67.6992
532244,46.2324,68.1299
534908,46.6074,68.0332
537584,47.1064,68.2178
540272,47.3311,68.7129
542976,46.2813,68.1943
545692,47.4727,68.4619
548424,45.4473,68.4414
551168,46.7520,77.6973
553924,48.5264,68.9502
556696,46.6133,68.5928
559480,46.5078,69.5869
562280,46.9072,69.9375
565092,49.7422,69.0791
567920,46.5537,74.6621
570760,47.1787,69.4297
573616,46.6719,68.7178
576488,46.4424,69.0576
579372,46.3633,69.1055
582272,47.0361,69.5742
585184,46.5801,69.2363
588112,69.8770,69.8457
591056,48.6250,69.2676
594012,48.7197,69.1035
596984,51.5879,69.1670
599972,49.3096,76.0371
602972,48.8086,70.0098
605988,48.4453,75.7529
609020,47.9111,69.6797
612068,49.0586,69.8076
615132,47.5908,70.6445
618208,48.6318,69.3945
621300,48.3291,70.2197
624408,48.2793,74.6045
627532,46.8496,69.9697
630672,48.4795,69.9199
633828,48.6387,70.6650
637000,47.5586,70.4004
640188,47.9307,70.2148
643392,47.2021,70.4375
646612,60.1260,72.7324
649848,48.4365,72.3594
653100,48.0186,72.7363
656368,47.5830,71.3135
659652,49.0859,71.8867
662952,48.1973,72.2305
666268,48.3721,72.7324
669600,47.9727,73.5166
672948,48.6377,72.0615
676316,47.9170,71.2061
679700,47.6113,72.0527
683100,52.0313,72.6455
686516,51.0488,73.0693
689952,50.3955,71.1016
693404,51.5596,73.0811
696872,51.4678,72.3428
700360,50.4717,72.3467
703864,51.3838,72.4502
707384,50.8857,72.3447
710924,51.9541,71.8711
714480,51.0576,72.7920
718056,48.6992,71.8701
721648,48.1514,72.4551
725260,47.7422,72.3740
728888,47.5576,72.1064
732536,49.0703,72.3623
736200,48.9121,73.4824
739884,50.4014,73.6309
743584,48.6191,72.9521
747304,48.3037,73.4570
751044,48.4805,73.4697
754800,48.0908,73.0332
758576,48.8887,73.1602
762372,49.2471,74.0234
766184,48.7295,73.3594
770016,48.1055,73.3398
773868,48.0518,72.5479
777740,49.1240,73.4346
781632,47.8662,73.3643
785544,48.1846,73.1016
789472,48.4043,73.5664
793420,49.3789,73.4365
797388,48.1953,73.3193
801376,50.3672,74.1582
805384,49.4346,78.8164
809412,49.2002,73.2822
813460,50.2881,75.4971
817528,49.1973,74.4521
821616,49.2529,73.5771
825728,49.0371,73.6719
829860,49.5830,74.5850
834012,50.6670,73.9404
838184,49.1719,74.3447
842376,48.2764,73.3262
846588,48.5576,73.9063
850824,48.3271,73.5088
855080,48.4785,75.0830
859356,48.0732,74.1758
863656,48.7852,74.1592
867976,47.8525,74.4873
872316,48.8652,74.3291
876680,48.4414,74.2881
881064,48.6641,75.4902
885472,48.0723,74.5771
889900,48.6621,73.9170
894352,49.1201,74.8418
898824,50.6563,76.4453
903320,48.9922,75.1865
907840,49.8232,75.3457
912380,49.9863,74.4209
916944,49.1094,74.3760
921532,49.7178,74.0850
926140,50.4766,74.8984
930772,50.1084,73.2031
935428,97.5625,76.0332
940108,50.2500,74.7168
944812,50.0420,74.0244
949540,50.3916,74.1992
954288,50.3965,75.0664
959060,49.2852,75.1963
963856,54.5732,76.0117
968676,49.5977,74.9033
973520,50.0459,75.4902
978388,49.1445,75.3828
983280,49.1426,75.6865
988200,49.1660,77.5586
993144,49.5254,76.0107
998112,48.6709,74.7441
1003104,49.2949,74.9316
1008120,49.1338,76.5244
1013164,49.5020,85.7607
1018232,55.3486,76.1191
1023324,49.4365,76.2070
1028444,50.0391,76.3008
1033588,49.1504,75.6348
1038756,49.9541,76.3018
1043952,50.4326,77.1172
1049172,57.5713,78.2783
1054420,54.8359,76.9326
1059696,54.3643,75.6025
1064996,54.8438,76.7666
1070324,56.9102,111.7246
1075676,57.6289,76.9414
1081056,53.9902,77.3154
1086464,54.1963,76.7998
1091900,53.7412,75.9961
1097360,53.6797,76.6953
1102848,53.4824,76.8301
1108364,54.7578,77.2344
1113908,54.2188,76.5840
1119480,53.9473,81.8066
1125080,58.8545,77.8799
1130708,54.4336,77.4063
1136364,55.5996,77.8320
1142048,55.7715,77.1309
1147760,55.3848,78.0186
1153500,56.9639,78.4199
1159268,55.0020,78.0039
1165068,57.3467,79.4736
1170896,55.0879,78.4473
1176752,54.9893,77.8662
1182636,55.6035,77.7861
1188552,55.4004,78.4336
1194496,55.1631,78.4600
1200472,61.4180,78.6748
1206476,55.2930,78.4375
1212512,55.2764,78.5107
1218576,56.3496,77.3320
1224672,54.6445,76.8867
1230796,55.1680,79.0254
1236952,55.8320,79.0586
1243140,59.5371,78.4668
1249356,55.4736,79.3857
1255604,55.1133,79.2422
1261884,56.0176,79.6201
1268196,55.3066,78.6621
1274540,59.6152,79.6777
1280916,55.5791,79.8232
1287324,55.3223,78.9766
1293764,56.2783,79.4395
1300236,54.6494,78.7842
1306740,54.6035,78.9385
1313276,54.8271,80.3896
1319844,55.1074,79.2383
1326444,57.6436,79.3994
1333080,57.3145,79.7617
1339748,57.5449,79.2471
1346448,57.4316,80.2549
1353184,96.9346,82.7021
1359952,57.0752,80.0439
1366752,60.7783,79.5791
1373588,58.5283,82.2773
1380456,56.8564,84.6689
1387360,57.7871,80.8701
1394300,57.8652,80.7080
1401272,57.8887,80.7939
1408280,56.2627,81.1387
1415324,56.1670,81.9951
1422404,56.1992,80.3389
1429520,55.7510,80.6191
1436668,55.5459,81.3027
1443852,55.9482,80.6172
1451072,56.6445,81.7773
1458328,55.0762,80.2988
1465620,55.9873,82.5762
1472952,56.3467,81.7373
1480320,57.5146,118.1758
1487724,61.0322,80.8096
1495164,55.3389,79.4414
1502640,56.2598,79.8682
1510156,54.9941,79.6152
1517708,64.1484,80.8418
1525300,58.1367,82.0107
1532928,55.3301,80.9512
1540596,55.0254,80.0674
1548300,56.2188,94.6162
1556044,59.5811,80.3730
1563828,55.9248,80.0898
1571648,56.4463,81.3223
1579508,55.4590,80.9072
1587408,65.6855,80.5508
1595348,54.3936,80.7568
1603328,63.2217,81.7197
1611348,79.5791,82.3428
1619408,54.4893,81.1885
1627508,55.8838,81.5420
1635648,55.2314,93.4814
1643828,55.4209,82.1973
1652048,55.4414,81.7500
1660312,57.3057,82.8975
1668616,55.8418,81.2676
1676960,64.3330,82.5811
1685348,55.7617,81.8623
1693776,56.1436,81.5957
1702248,60.0967,81.9883
1710760,56.8506,123.8906
1719316,56.9609,83.8398
1727916,57.2402,83.9346
1736556,57.8115,85.0273
1745240,57.1563,84.5020
1753968,58.1768,84.7441
1762740,57.2314,84.1348
1771556,57.7451,85.1855
1780416,57.9609,85.2217
1789320,57.0918,84.5225
1798268,56.6924,84.9834
1807260,56.6279,84.7236
1816300,56.5723,84.7383
1825384,56.2354,92.5137
1834512,55.1650,83.9707
1843688,56.7188,83.9434
1852908,56.8711,84.6826
1862176,85.1152,86.7119
1871488,55.9385,84.9941
1880848,56.8623,85.8359
1890256,56.3115,85.4814
1899708,56.3008,85.0459
1909208,56.5459,86.3721
1918756,56.7227,86.0498
1928352,57.1211,87.0703
1937996,57.4092,86.2090
1947688,59.0801,86.8340
1957428,59.0869,87.3057
1967216,57.6787,86.4990
1977056,58.9688,86.3691
1986944,58.0723,86.9092
1996880,57.4521,87.4678
2006868,58.1602,86.8447
2016904,58.2324,87.5264
2026992,58.2227,87.3740
2037128,57.8555,87.8691
2047316,57.3389,87.3857
2057556,57.3281,87.5020
2067844,57.6680,95.5986
2078184,58.3428,93.7178
2088576,58.3555,89.4795
2099020,65.3027,89.3789
2109516,64.6221,88.7314
2120064,64.5137,87.4980
2130668,63.7988,87.6318
2141324,63.2725,87.2334
2152032,63.1846,89.4189
2162796,63.9287,87.4785
2173612,65.0459,88.6836
2184484,65.1445,89.4492
2195408,64.6650,87.4482
2206388,65.0947,89.2422
2217420,64.3174,88.0811
2228508,65.6113,89.7031
2239652,64.6572,88.3223
2250852,63.9443,89.0469
2262108,65.4082,88.8877
2273420,64.2979,89.8223
2284788,63.9570,90.1699
2296212,64.6035,90.2627
2307696,64.2822,89.4395
2319236,63.9082,97.9385
2330836,64.0361,88.9385
2342492,62.5977,98.5820
2354208,62.2158,88.9053
2365980,63.3398,90.7031
2377812,62.9951,91.1748
2389704,64.3711,90.5820
2401656,80.3594,91.4736
2413668,62.8389,88.3945
2425740,63.2461,89.2764
2437872,61.8711,88.1641
2450064,63.6230,89.1885
2462316,62.6719,88.5713
2474628,62.8828,89.3896
2487004,63.0586,89.5352
2499440,62.5088,89.0645
2511940,61.1104,89.6885
2524500,61.9121,89.1523
2537124,61.9893,89.5762
2549812,61.7637,88.8770
2562564,68.7383,90.0195
2575380,61.1543,88.7402
2588260,61.0430,88.6982
2601204,62.5674,90.9746
2614212,60.6182,88.5420
2627284,61.3984,89.9580
2640424,62.3281,88.8760
2653628,61.3574,90.3369
2666900,61.9873,178.5586
2680236,62.6758,90.2012
2693640,60.7949,88.6934
2707112,61.7002,88.2783
2720648,61.6543,89.7891
2734252,60.3779,98.4648
2747924,61.7051,89.0654
2761664,61.5430,87.6689
2775476,62.4473,89.8447
2789356,61.2969,88.8682
2803304,62.2705,89.0986
2817324,61.5303,89.2139
2831412,62.0557,89.0332
2845572,61.2041,89.5186
2859800,62.7100,89.9248
2874100,61.9385,101.1992
2888472,63.4424,88.7119
2902916,61.2744,89.4951
2917432,62.1123,89.8086
2932020,61.9170,93.4092
2946684,61.2041,88.9834
2961420,60.9961,88.3271
2976228,72.7705,90.6670
2991112,62.3545,89.1270
3006068,61.4277,90.6631
3021100,62.1318,91.3926
3036208,62.5479,89.9932
3051392,61.4121,88.8350
3066652,62.2324,101.4346
3081988,61.8154,89.0859
3097400,62.7559,89.0889
3112888,61.6406,89.2793
3128456,61.5137,90.9199
3144100,60.3037,132.6123
3159824,60.1963,90.1035
3175624,60.7451,90.2031
3191504,61.2910,97.3340
3207464,61.1299,90.2783
3223504,61.0439,90.6797
3239624,60.9971,91.0059
3255824,60.7490,90.5615
3272104,63.7568,91.6104
3288468,62.0859,90.1367
3304912,70.5059,92.0977
3321440,63.3740,91.3701
3338048,63.6846,91.8643
3354740,71.0244,90.6523
3371516,63.0264,91.7773
3388376,62.4990,91.8721
3405320,71.5059,90.1465
3422348,62.8076,90.9404
3439460,62.6670,92.1436
3456660,169.6025,202.6787
3473944,67.4658,91.5625
3491316,64.9863,92.0791
3508776,64.9209,92.8340
3526320,64.2959,90.5605
3543952,63.0264,91.5381
3561672,61.5420,91.8086
3579484,61.8330,92.1436
3597384,70.0684,102.6924
3615372,63.8496,110.0518
3633452,63.7539,95.1240
3651620,63.3965,95.4961
3669880,67.5361,105.4326
3688232,65.4092,96.1123
3706676,65.6865,96.0088
3725212,66.5127,96.3916
3743840,65.3525,100.2881
3762560,65.6699,96.8301
3781376,66.1152,95.3662
3800284,65.8164,96.8975
3819288,66.2041,96.3301
3838388,78.7744,96.6230
3857580,67.8047,97.4219
3876868,66.2402,98.2285
3896256,72.8809,100.1426
3915740,67.4609,98.9258
3935320,67.8662,105.3350
3955000,66.7100,99.0381
3974776,67.3359,99.7412
3994652,68.2139,103.4229
4014628,67.5098,97.3896
4034704,65.8340,109.8340
4054880,66.7314,97.4414
4075156,65.4678,97.6484
4095532,68.5996,97.6387
4116012,67.6006,97.0430
4136596,67.3828,96.9453
4157280,79.4209,98.2910
4178068,67.6533,99.5146
4198960,79.3936,108.0205
4219956,79.7480,98.5498
4241056,73.7773,98.3545
4262264,73.9590,102.1396
4283576,76.1709,101.7100
4304996,76.7266,100.8838
4326524,76.6553,101.2773
4348160,78.7607,101.7891
4369904,77.8691,102.6289
4391756,78.1982,102.0771
4413716,74.6465,102.7832
4435788,79.6377,102.0078
4457968,74.5732,102.7246
4480260,75.2764,108.9502
4502664,89.2686,102.7881
4525180,75.0869,102.2012
4547808,75.9600,102.4678
4570548,76.0313,102.5752
4593404,75.9502,103.4053
4616372,75.5762,103.3916
4639456,75.7578,103.6680
4662656,75.9756,102.7842
4685972,78.2129,102.2324
4709404,75.4941,102.8672
4732952,74.5381,110.1514
4756620,74.2891,100.9277
4780404,76.0068,104.6104
4804308,77.1836,108.9863
4828332,77.3750,104.1689
4852476,77.7910,103.0771
4876740,77.1484,103.9150
4901124,80.0947,106.2588
4925632,79.4736,107.2441
4950264,80.0713,106.8203
4975016,79.6211,106.7803
4999892,80.1670,105.8652
5024892,79.4531,106.9063
5050020,83.4629,105.3799
5075272,78.2920,106.2695
5100652,76.0879,106.3447
5126156,74.7412,105.9873
5151788,75.3125,108.6309
5177548,77.5576,102.0723
5203436,74.9658,100.2070
5229456,75.1699,101.6689
5255604,75.5430,100.8496
5281884,74.9531,114.9980
5308296,72.6289,102.3105
5334840,74.2822,101.5840
5361516,73.0225,101.6602
5388324,74.5049,102.4834
5415268,82.0479,109.9492
5442348,71.0029,107.2119
5469560,72.6797,99.8330
5496908,71.5762,101.1533
5524396,71.0723,100.1836
5552020,72.3955,101.0088
5579784,79.3242,101.9121
5607684,74.0303,100.3936
5635724,75.2139,111.7090
5663904,74.6992,101.4180
5692224,76.7539,106.3691
5720688,73.8174,102.3154
5749292,79.3135,102.8291
5778040,71.4746,108.8428
5806932,71.8027,100.8613
5835968,71.9111,100.9697
5865148,71.9766,100.9336
5894476,73.9277,114.3760
5923952,73.6523,100.7773
5953572,73.3145,102.0469
5983340,71.4590,100.7285
6013260,73.3584,101.8086
6043328,73.6738,101.3984
6073548,72.5068,102.9121
6103916,80.4287,101.9775
6134436,72.5508,102.3418
6165112,72.1768,102.2432
6195940,71.6719,101.4580
6226920,71.8037,105.6133
6258056,71.3281,101.2559
6289348,71.6904,101.8389
6320796,71.2656,102.6279
6352400,71.7646,120.3740
6384164,72.8770,103.2588
6416088,71.3174,108.9277
6448172,72.3545,103.0361
6480416,71.8594,107.7998
6512820,71.2920,102.2441
6545388,71.7773,101.8721
6578116,73.7881,102.7354
6611008,72.7344,102.0635
6644064,74.2041,103.8066
6677288,73.3271,103.5635
6710676,84.0010,107.6621
6744232,72.6973,102.6699
6777956,72.5459,103.8447
6811848,71.9863,102.7227
6845908,71.7412,103.3311
6880140,72.3672,102.8379
6914544,72.6660,104.4385
6949120,72.5176,104.3320
6983868,73.1035,103.7422
7018788,71.9521,104.2471
7053884,77.2148,104.6387
7089156,70.1885,103.3359
7124604,73.0762,116.0498
7160228,72.7080,105.3516
7196032,72.8564,123.8574
7232016,71.9229,106.6807
7268180,70.0996,103.5430
7304524,71.5596,103.2656
7341048,71.6133,103.5537
7377756,70.6270,108.0781
7414648,71.1191,102.9648
7451724,70.9834,103.4600
7488984,72.1914,104.1279
7526432,73.1250,103.5605
7564068,78.3564,104.3516
7601892,73.3906,108.5225
7639904,79.8213,105.2607
7678104,74.5898,103.3838
7716496,75.6514,105.1465
7755080,75.4209,112.5029
7793856,75.7031,105.3486
7832828,70.1846,107.5059
7871996,72.2988,104.4941
7911356,71.1299,104.5439
7950916,72.6816,104.5879
7990672,92.0293,105.3018
8030628,73.5693,105.6670
8070784,75.0830,113.5010
8111140,117.4580,108.1963
8151696,195.3379,103.3701
8192456,70.1553,114.0469
8233420,76.9814,104.5771
8274588,78.7168,104.3340
8315964,70.1436,104.8418
8357544,70.0713,103.6680
8399332,78.0059,115.1943
8441332,81.5752,110.7051
8483540,81.8516,104.4316
8525960,88.7227,104.7979
8568592,80.7266,104.9121
8611436,80.8262,103.5684
8654496,81.8545,105.6045
8697772,86.7041,104.8877
8741264,87.8916,104.9316
8784972,80.6553,106.5518
8828900,79.6436,104.8076
8873048,78.9229,109.3906
8917416,78.2334,103.3613
8962004,86.8584,105.2080
9006816,80.3174,104.2949
9051852,80.3350,108.5508
9097112,87.2803,104.9072
9142600,80.9160,105.4658
9188316,78.8623,105.0771
9234260,78.0049,128.4043
9280432,83.2656,109.8740
9326836,82.5566,116.7520
9373472,81.0508,109.9268
9420340,79.9336,104.0859
9467444,78.8467,104.5156
9514784,81.9443,105.2197
9562360,78.7217,105.6377
9610172,82.7754,105.1885
9658224,78.5889,140.2705
9706516,78.4316,105.7393
9755052,87.7197,106.1611
9803828,79.8828,105.7744
9852848,78.0166,108.9814
9902116,79.1865,106.9717
9951628,83.0850,106.0889
10001388,77.0127,113.6123
10051396,78.2305,105.5469
10101656,79.8721,106.3594
10152168,78.4756,109.8584
10202932,76.7656,106.2949
10253948,78.6357,105.4531
10305220,77.1514,109.0430
10356748,77.0156,105.7920
10408532,81.4150,116.4668
10460576,79.4609,130.7705
10512880,79.5332,109.5791
10565448,79.2070,109.4902
10618276,79.9336,110.6025
10671368,79.8545,109.7070
10724728,81.3779,111.2822
10778352,108.6094,111.5879
10832244,80.1885,109.6992
10886408,80.2051,117.4775
10940844,81.1631,110.3564
10995552,78.6807,111.3086
11050532,82.4775,111.5352
11105788,78.5488,107.6387
11161320,79.2695,111.3369
11217128,79.1748,108.3320
11273216,81.0771,109.5527
11329584,98.6895,109.6406
11386232,78.1846,107.4883
11443164,79.2246,108.1367
11500380,78.0869,107.7539
11557884,77.7891,108.8965
11615676,80.1172,107.5586
11673756,79.9238,108.8311
11732128,80.5059,118.4307
11790792,81.6660,109.4727
11849748,84.3760,110.7373
11909000,79.1504,111.9336
11968548,80.6934,110.9688
12028392,79.7109,109.2598
12088536,79.1016,108.4697
12148980,134.8887,129.3447
12209728,85.6221,108.0293
12270780,77.5068,112.4434
12332136,77.4658,108.0088
12393800,83.8662,107.5762
12455772,84.4111,108.0762
12518052,76.2969,111.0186
12580644,77.9219,113.8418
12643548,76.7090,109.7324
12706768,78.5400,111.2129
12770304,77.8984,109.4746
12834156,77.2988,108.2676
12898328,77.7188,116.3203
12962820,77.1396,109.4580
13027636,77.9326,117.8467
13092776,78.5879,109.0361
13158240,83.5400,111.4834
13224032,88.8838,109.5273
13290156,84.4707,109.9688
13356608,79.2100,110.0166
13423392,79.5713,109.3018
13490512,79.5986,109.2656
13557968,78.5762,119.6533
13625760,83.8418,108.2939
13693892,82.2490,151.6318
13762364,83.6270,109.1846
13831176,83.5283,109.2549
13900332,80.0781,110.4893
13969836,92.5947,110.8320
14039688,79.4434,110.9697
14109888,79.8330,110.3896
14180440,78.7227,115.7754
14251344,77.5039,115.3896
14322604,80.2754,110.0166
14394220,81.6641,110.9795
14466192,87.4600,109.0605
14538524,76.0137,109.0938
14611220,78.2666,110.2021
14684280,104.8027,111.1719
14757704,77.6934,107.4199
14831496,82.6855,110.7568
14905656,79.0693,111.3242
14980188,78.3154,151.3789
15055092,81.0830,111.3154
15130368,78.8281,111.3467
15206020,80.6738,125.8203
15282052,85.8203,111.9414
15358464,80.2676,112.5830
15435260,79.4375,112.2607
15512440,80.0225,111.9697
15590004,80.2764,112.0313
15667956,78.4395,131.0645
15746296,78.1914,111.3955
15825028,77.7393,111.2178
15904156,78.4385,111.0732
15983680,85.0176,119.2471
16063600,82.4678,112.4453
16143920,81.9014,114.8525
16224640,78.9092,112.5811
16305764,80.8271,111.5693
16387296,82.8057,113.8047
16469236,82.7451,114.1670
16551584,82.7861,117.0322
16634344,83.5557,115.9609
16717516,82.6289,114.3623
16801104,92.3154,119.1553
16885112,90.7432,115.6738
16969540,91.2031,116.8965
17054388,92.6602,115.2969
17139660,89.2900,114.6992
17225360,88.9639,113.6689
17311488,113.2646,127.2188
17398048,95.1973,114.8867
17485040,94.3984,118.1670
17572468,92.5420,116.6719
17660332,97.3359,133.9746
17748636,93.5049,127.6309
17837380,93.9443,119.2773
17926568,92.8096,117.9404
18016204,93.0127,119.0303
18106288,94.3398,120.0586
18196820,91.7168,116.4346
18287808,269.6816,150.7539
18379248,212.3379,122.1719
18471148,96.3750,122.5420
18563504,96.4258,120.4766
18656324,98.4336,122.8350
18749608,94.8711,119.8564
18843360,95.8398,117.6602
18937580,97.4893,119.5215
19032268,95.3760,120.7900
19127432,97.3711,121.2930
19223072,100.6914,124.1982
19319188,114.5762,121.5059
19415784,99.1055,118.7656
19512864,105.3447,122.3760
19610432,156.1279,121.9199
19708488,95.6777,118.1094
19807032,93.3105,127.5352
19906068,97.1963,118.6631
20005600,94.7852,119.8477
20105628,98.9697,121.1875
20206160,100.5596,121.1387
20307192,105.1816,123.6670
20408728,94.1162,130.5557
20510772,93.5996,119.9229
20613328,105.1738,119.2080
20716396,111.8574,121.9102
20819980,98.0342,119.4766
20924080,96.8613,117.7822
21028704,95.7207,120.8369
21133848,98.5918,121.1074
21239520,97.4951,118.9561
21345720,97.7314,120.6230
21452452,95.2910,120.4063
21559716,96.3457,122.3604
21667516,96.7617,123.7441
21775856,108.0908,123.8984
21884736,96.0498,120.2813
21994160,101.9775,129.4102
22104132,96.9648,120.2715
22214656,95.5488,125.4883
22325732,106.0439,122.3887
22437364,102.6670,121.3936
22549552,102.1836,122.8154
22662300,99.4912,120.9541
22775612,107.9297,129.6973
22889492,104.1885,123.2979
23003940,130.6738,127.0498
23118960,103.6250,134.2080
23234556,100.0244,156.1670
23350732,117.2979,141.8672
23467488,104.6143,128.8350
23584828,109.1787,146.7998
23702756,107.8682,129.6035
23821272,105.4736,131.0059
23940380,103.2402,147.7129
24060084,107.9385,135.0088
24180388,126.6631,136.6582
24301292,132.8721,137.4258
24422800,125.9023,172.5420
24544916,110.4570,136.8389
24667644,108.9404,141.1309
24790984,103.6602,132.5938
24914940,107.6025,130.6143
25039516,107.3428,159.3389
25164716,116.8320,153.0586
25290540,105.9082,134.0615
25416996,104.2793,129.6299
25544084,103.9326,134.3779
25671808,120.6689,139.6855
25800168,118.6230,136.6172
25929172,113.9785,134.4385
26058820,107.4961,148.2207
26189116,113.4355,154.9590
26320064,111.9971,135.1758
26451668,135.6289,134.5625
26583928,144.2549,138.7705
26716848,113.6934,138.1006
26850436,142.0088,162.4961
26984692,113.4053,132.2754
27119616,109.2969,134.9570
27255216,117.8945,137.0254
27391496,210.9355,175.3984
27528456,147.8428,166.4336
27666100,309.7568,152.4473
27804432,134.2256,158.3096
27943456,132.5039,154.3193
28083176,131.0791,152.9512
28223592,133.3525,156.3037
28364712,132.5225,207.9268
28506536,135.8203,157.9004
28649072,132.1240,197.5654
28792320,135.4658,161.7188
28936284,134.0068,188.3262
29080968,132.2617,163.5137
29226376,139.3125,158.1484
29372508,143.8408,167.6064
29519372,133.6338,157.5742
29666972,133.0459,207.9121
29815308,137.6152,162.0879
29964388,168.9443,179.8262
30114212,141.3252,158.8564
30264784,147.6729,260.1279
30416108,149.1963,174.7412
30568192,147.3848,180.3223
30721036,164.2363,165.3301
30874644,159.7490,167.4141
31029020,156.0938,167.1973
31184168,142.3994,168.0371
31340092,147.1641,171.1338
31496796,144.5439,189.6191
31654280,156.0928,177.0234
31812552,173.2324,180.3984
31971616,151.3828,168.2959
32131476,164.6963,176.9307
32292136,151.8936,208.8242
32453600,161.7295,176.1924
32615868,165.9678,179.5488
32778948,149.5752,178.6865
32942844,153.6045,180.3281
33107560,150.8672,356.4160
33273100,193.3867,178.5508
33439468,153.2344,181.8643
33606668,168.5205,189.4375
33774704,183.7881,180.9033
33943580,183.4717,182.9639
34113300,182.7930,183.5361
34283868,202.6836,184.0371
34455288,200.2568,182.5166
34627568,175.3867,187.9902
34800708,193.5635,184.3262
34974712,202.2637,181.9414
35149588,177.4063,184.3193
35325336,226.5859,194.5342
35501964,174.2744,187.4502
35679476,181.9385,188.7646
35857876,184.0723,215.0869
36037168,178.5576,188.4902
36217356,190.8408,191.4004
36398444,189.0869,194.0801
36580440,198.9209,187.8652
36763344,183.7178,192.0918
36947164,176.3398,188.8613
37131900,192.2334,197.2344
37317560,185.2998,192.1211
37504148,172.9170,187.1143
37691672,219.3154,195.7842
37880132,180.3789,192.7920
38069536,185.5352,192.9414
38259884,182.7617,233.6611
38451184,205.6396,207.2314
38643440,188.5879,195.7363
38836660,179.4521,378.9873
39030844,256.4668,219.3828
39226000,264.7852,222.4121
39422132,205.8057,201.9141
39619244,223.2373,207.5850
39817344,329.5967,209.1084
40016432,204.2363,202.7607
40216516,189.0586,204.9023
40417600,192.5879,201.2646
40619688,191.9180,203.8535
40822788,305.0479,200.1689
41026904,208.0508,204.6338
41232040,196.2813,223.9346
41438204,191.8662,203.0879
41645396,192.4824,211.2148
41853624,177.5576,192.9248
42062896,183.6201,299.5576
42273212,202.2422,241.3906
42484580,233.9658,252.2754
42697004,203.1680,208.5869
42910492,198.6191,200.5967
43125048,192.1729,208.3066
43340676,196.6016,220.6152
43557380,241.9482,217.8789
43775168,202.2705,210.5762
43994044,253.8682,196.7734
44214016,237.8975,204.4551
44435088,205.6289,203.8838
44657264,194.9639,203.2988
44880552,196.4316,203.9980
45104956,207.3623,207.5391
45330484,235.4209,216.7344
45557140,199.1846,239.2793
45784928,203.7705,217.3125
46013856,205.2744,211.0068
46243928,267.2881,207.4668
46475148,200.7686,194.2764
46707524,203.0654,215.5381
46941064,201.4492,212.1426
47175772,206.9307,217.8867
47411652,204.2373,210.5508
47648712,208.4121,206.5176
47886956,224.4258,229.9229
48126392,208.6270,222.9619
48367024,212.7646,230.4131
48608860,202.8271,227.5752
48851908,228.5576,231.3877
49096168,213.2646,223.8984
49341652,231.7813,216.2734
49588364,255.1494,214.6963
49836308,244.5342,232.4395
50085492,208.2402,271.3369
50335920,223.9541,251.8633
50587600,223.4922,231.5117
50840540,206.0166,233.0225
51094744,203.0771,226.5225
51350220,209.1328,241.9277
51606972,208.4033,219.8770
51865008,223.9814,236.4609
52124336,212.6836,232.4473
52384960,216.8926,240.3232
52646888,217.1807,266.7480
52910124,215.1563,222.0859
53174676,262.3809,228.3535
53440552,258.3945,229.3623
53707756,215.9854,235.3467
53976296,274.2568,235.0225
54246180,214.5576,254.8223
54517412,216.2588,238.9102
54790000,224.3213,241.0098
55063952,253.8223,231.9590
55339272,227.1152,238.5947
55615972,223.8750,236.4287
55894052,217.4883,371.1309
56173524,274.3359,272.5410
56454392,245.8037,243.0498
56736664,236.4199,241.0078
57020348,220.7295,259.0488
57305452,216.6084,321.9824
57591980,230.5527,249.3291
57879940,235.0820,236.9814
58169340,473.8926,233.3369
58460188,218.7314,236.9102
58752492,242.2168,239.8184
59046256,219.0342,238.8916
59341488,221.9355,234.6260
59638196,225.0703,242.5811
59936388,233.1689,227.6992
60236072,247.4707,245.7539
60537256,243.7949,252.5332
60839944,240.3477,269.5078
61144144,256.5645,252.0762
61449868,278.9795,267.4346
61757120,287.5996,261.6270
62065908,264.7734,257.7109
62376240,246.4707,256.0752
62688124,254.3594,255.5146
63001568,238.1260,281.7930
63316576,243.4844,240.2549
63633160,250.6904,245.2861
63951328,247.1494,267.6445
64271088,247.2041,264.7705
64592444,248.1094,244.4277
64915408,253.1758,248.8418
65239988,261.3076,269.9668
65566188,248.1699,274.9609
65894020,248.7637,255.6357
66223492,241.5811,326.2070
66554612,251.1260,258.8564
66887388,235.3477,257.3975
