4,1.0547,1.2246
8,1.7217,3.6367
12,2.2412,4.3008
16,2.2314,5.3779
20,2.8486,5.7197
24,2.8125,6.5674
28,2.7529,6.4775
32,2.7773,8.1943
36,3.2148,7.5498
40,3.2139,6.8623
44,3.2158,7.0410
48,3.1670,8.1709
52,3.2139,8.0869
56,3.2061,8.1670
60,3.2178,7.7559
64,3.2197,11.8037
68,3.7100,10.7109
72,3.7334,10.8018
76,3.6924,10.9580
80,3.7012,10.2803
84,3.7012,11.1289
88,3.7383,11.2080
92,3.7314,11.3047
96,3.6924,10.9805
100,3.6826,10.6514
104,3.6963,11.5801
108,3.7012,10.9004
112,3.7041,11.1348
116,3.7090,9.5371
120,3.6943,8.2646
124,3.6963,8.1689
128,3.7021,8.6143
132,4.2480,8.4775
136,4.2471,8.5137
140,4.2236,8.7461
144,4.2012,12.5732
148,4.2178,8.7021
152,4.2402,8.7754
156,4.3320,8.6338
160,4.3311,8.4561
164,4.3096,8.8438
168,4.3291,8.2979
172,4.3086,8.5674
176,4.3076,8.9072
180,4.3027,8.6240
184,4.3193,8.6992
188,4.2246,8.4561
192,4.2480,8.7725
196,4.2178,8.5508
200,4.1982,8.8398
204,4.1943,9.3711
208,4.2100,9.0654
212,4.2119,8.5176
216,4.2109,9.2461
220,4.1982,19.6875
224,4.2656,9.1055
228,4.2324,9.8506
232,4.2227,8.6426
236,4.1992,9.1465
240,4.2100,9.4512
244,4.1982,9.9219
248,4.2080,9.7471
252,4.2266,9.6211
256,4.2217,11.8369
260,4.8291,11.6338
264,4.8174,11.1504
268,4.8105,11.5488
272,4.8125,11.2109
276,4.8076,10.7090
280,4.8096,11.5244
284,4.7988,10.6035
288,4.8105,10.7275
292,4.8164,11.1797
296,4.8340,10.5410
300,4.8223,10.8672
304,4.8252,10.8945
308,4.8223,11.6895
312,4.8125,11.3252
316,4.8096,11.6045
320,4.8164,11.0459
324,4.8184,11.5605
328,4.8301,10.8994
332,4.8193,10.8906
336,4.8271,11.0117
340,4.8203,10.6416
344,4.8047,11.1201
348,4.8018,11.3428
352,4.7998,11.2754
356,4.8203,11.6826
360,4.8291,10.7969
364,4.8213,11.3770
368,4.8486,10.6973
372,4.8184,11.6318
376,4.8174,11.9854
380,4.8154,10.8770
384,4.7988,10.7598
388,4.8281,10.6211
392,4.8213,10.3086
396,4.8174,10.2715
400,4.8174,9.8174
404,4.8174,9.7383
408,4.8057,10.2188
412,4.8037,9.4238
416,4.7969,10.7158
420,4.8330,9.4551
424,4.8115,9.7764
428,4.8232,9.0723
432,4.8125,9.8613
436,4.7949,9.6797
440,4.7920,9.4648
444,4.8252,9.6074
448,4.8301,9.5928
452,4.8145,9.6182
456,4.8154,9.8535
460,4.8057,9.6631
464,4.8223,9.8311
468,4.8369,9.7861
472,4.8242,9.9736
476,4.8232,10.2822
480,4.8164,10.5713
484,4.8047,10.1211
488,4.8164,9.8096
492,4.8320,10.4473
496,4.8184,10.3535
500,4.8271,10.3496
504,4.8184,10.5479
508,4.8027,10.0527
512,4.8125,13.1182
516,6.0967,12.1729
520,5.8750,13.0361
524,5.8828,11.9375
528,5.9639,13.2158
532,5.8799,12.1260
536,5.8691,12.1416
540,5.7871,11.1045
544,5.8584,12.5527
548,6.0313,12.8291
552,5.8467,11.8076
556,5.9258,11.7393
560,5.8623,12.1230
564,5.8916,12.8232
568,5.8262,11.9805
572,5.8662,12.2852
576,5.7783,11.4277
580,6.0400,12.8799
584,5.9014,11.8574
588,5.8711,12.0664
592,5.8330,11.5205
596,5.8887,11.8955
600,5.9727,12.4600
604,5.9082,12.4199
608,5.7891,11.8701
612,5.9033,12.4248
616,5.8408,12.4180
620,5.9639,12.4092
624,5.8857,12.4307
628,5.8721,12.2891
632,5.9414,12.4863
636,5.8604,12.1563
640,26.0811,12.9492
644,5.8213,11.7773
648,5.8164,11.7695
652,5.8008,11.5049
656,5.9717,10.6348
660,6.1680,11.1875
664,6.1191,11.1016
668,5.8447,10.2441
672,5.9053,10.3936
676,5.9219,11.2256
680,6.1201,11.2588
684,5.9463,10.3555
688,5.7959,10.2559
692,5.8975,10.5693
696,5.9404,10.9727
700,5.8916,10.0625
704,5.8936,10.8193
708,5.8066,9.9785
712,5.9043,10.6338
716,5.9414,10.5518
720,6.0342,151.3467
724,6.1211,11.4551
728,5.9043,10.5029
732,5.9072,10.9473
736,6.0127,10.5146
740,5.9043,10.9502
744,5.8926,10.9229
748,5.7998,10.6836
752,5.9648,11.2109
756,5.8252,9.9404
760,5.8164,10.1309
764,5.9004,10.7891
768,5.9473,11.1074
772,5.8682,10.4297
776,5.8076,10.3057
780,5.8223,10.5752
784,5.9580,11.0273
788,5.9473,10.7246
792,5.9336,10.6904
796,5.9590,10.8936
800,5.8691,10.8867
804,5.8457,10.3203
812,5.9492,10.7617
820,5.7354,10.2236
828,6.0361,11.5420
836,5.8936,10.6123
844,5.8779,11.2256
852,5.8711,11.3506
860,5.9395,11.0430
868,5.9258,11.1475
876,5.8867,11.3916
884,5.8555,11.0547
892,5.8818,11.5205
900,5.9600,11.3516
908,5.8809,11.3213
916,5.8887,10.6543
924,5.8662,11.5078
932,5.9941,11.5146
940,5.9512,11.4453
948,5.9531,11.8271
956,5.8965,12.4736
964,5.9209,11.5215
972,5.9043,11.5781
980,6.0244,12.6377
988,6.0020,12.0479
996,5.8496,10.9287
1004,5.8887,11.7910
1012,5.9238,12.5605
1020,5.8271,11.6787
1028,8.3154,14.5020
1036,7.1631,12.5205
1044,6.9756,12.1094
1052,7.0195,11.9014
1060,7.2246,12.2871
1068,6.9932,11.8545
1076,7.1113,12.1924
1084,7.0469,11.7051
1092,7.3271,12.8633
1100,7.2676,12.5479
1108,7.2441,11.8066
1116,7.3271,12.4326
1124,6.9385,11.9961
1132,7.0723,11.8105
1140,7.0811,12.1182
1148,7.0020,12.0547
1156,7.1074,12.3271
1164,7.1143,12.2861
1172,7.0283,11.7930
1180,7.1465,11.7754
1188,7.2002,12.3037
1196,7.1885,12.7314
1204,7.0215,11.7705
1212,7.1074,12.7109
1220,7.0410,12.1016
1228,7.0830,12.2285
1236,7.0615,11.7822
1244,7.1211,12.8320
1252,7.1094,11.9072
1260,7.0840,11.6875
1268,7.2295,12.7813
1276,7.2490,12.4990
1284,6.9004,11.6211
1292,6.9229,11.4766
1300,7.5840,12.4375
1308,7.1650,12.0322
1316,6.9727,11.8379
1324,7.1328,11.9521
1332,7.1875,12.3154
1340,6.9590,12.2061
1348,7.0938,12.2500
1356,7.1143,12.8262
1364,7.1797,12.1563
1372,7.1006,12.4063
1380,6.9697,11.5049
1388,7.0303,12.1553
1396,6.8799,11.7012
1404,6.9854,11.6670
1412,7.0000,11.4619
1420,7.0215,12.0137
1428,7.1377,12.7188
1436,6.9482,11.5029
1444,7.0732,12.6943
1452,6.9766,11.5410
1460,7.4668,13.1436
1468,6.9707,11.7256
1476,6.9688,11.8486
1484,7.1475,12.0273
1492,7.0879,12.8340
1500,7.1074,12.6133
1508,7.1973,13.0762
1516,7.0107,12.1133
1524,7.0176,12.4512
1532,7.1650,12.8027
1540,6.8945,11.3018
1548,7.0166,11.8203
1556,7.0537,12.2051
1564,7.1133,12.7773
1572,7.2793,13.3613
1580,6.7783,11.2021
1588,7.1328,12.3818
1596,7.1367,12.7959
1604,7.3174,13.0342
1616,7.1514,12.2871
1628,7.0303,12.3848
1640,6.9629,11.7656
1652,7.0625,12.1982
1664,7.0273,13.1484
1676,6.9736,12.5068
1688,6.9287,12.2754
1700,7.1211,12.6709
1712,6.9355,12.6055
1724,7.3945,13.3623
1736,7.1885,12.7813
1748,7.0703,12.5918
1760,7.1387,12.6045
1772,7.0596,11.9482
1784,7.0430,12.5039
1796,7.0020,12.4746
1808,6.9365,12.3633
1820,7.0156,13.0283
1832,7.3330,12.2910
1844,7.0088,12.5313
1856,6.9658,12.3809
1868,7.1445,12.9023
1880,7.0684,12.6279
1892,7.0342,12.5801
1904,7.0156,12.5479
1916,6.9736,12.4053
1928,7.3701,13.0859
1940,7.0625,13.3584
1952,6.9951,12.6797
1964,7.0391,13.2295
1976,7.0439,11.9717
1988,7.0879,12.4287
2000,7.1104,13.7119
2012,6.7979,11.9404
2024,7.0830,12.3984
2036,7.0430,12.7432
2048,7.0732,14.9619
2060,9.0732,15.6064
2072,8.5410,14.1836
2084,8.7793,15.0381
2096,9.1270,16.2393
2108,8.8330,14.9004
2120,8.7529,15.0010
2132,8.7285,15.2578
2144,8.5059,14.6143
2156,8.6670,14.6230
2168,8.6611,15.3760
2180,8.7822,15.1426
2192,8.4678,14.2725
2204,8.5059,14.2354
2216,8.4648,14.5430
2228,8.5078,14.4336
2240,8.6553,14.9307
2252,8.8184,15.9678
2264,8.5127,14.6338
2276,9.0020,15.8643
2288,8.3105,13.7646
2300,8.8047,15.8584
2312,8.7236,15.2480
2324,9.2275,15.5576
2336,8.7979,15.4697
2348,8.3008,14.4395
2360,8.8105,15.7793
2372,8.7773,16.0068
2384,8.4863,14.8203
2396,8.6045,14.7861
2408,8.6641,15.0850
2424,8.7490,15.3154
2440,8.7920,14.9521
2456,8.5566,15.4473
2472,8.6143,15.2705
2488,8.8857,15.8242
2504,8.8076,14.9766
2520,8.2227,13.7197
2536,8.2324,14.0371
2552,8.5967,15.0801
2568,8.6074,15.2559
2584,8.4121,14.5713
2600,8.5518,14.6123
2616,8.4297,14.8750
2632,8.5586,71.6426
2648,8.7803,15.2178
2664,8.7773,15.1855
2680,8.8799,16.0605
2696,8.3418,14.3125
2712,8.6309,14.6201
2728,8.4834,15.0527
2744,8.6348,15.5234
2760,8.6035,15.0303
2776,8.6768,15.2490
2792,8.4736,14.5615
2808,8.6777,15.2041
2824,8.7031,22.3223
2840,8.6299,14.0156
2856,8.5791,14.7275
2872,8.3779,14.2441
2888,8.6006,15.2314
2904,8.5576,14.4629
2920,8.7764,15.6621
2936,8.4922,14.4707
2952,8.3174,14.0156
2968,8.6904,15.7529
2984,8.5420,15.1709
3000,8.5723,15.7002
3016,8.6787,15.9482
3032,8.3711,14.2451
3048,8.2041,14.2949
3064,8.3828,14.6523
3080,8.4932,14.3350
3096,8.6582,15.8008
3112,8.2588,13.9268
3128,8.3369,14.5254
3144,8.2471,14.8232
3160,8.2344,14.6641
3176,8.4404,15.2139
3192,8.4258,14.6133
3208,8.6621,15.2959
3228,8.5654,14.6084
3248,9.0117,15.7969
3268,8.1592,15.1279
3288,8.3818,15.3975
3308,8.5762,15.6182
3328,8.5088,19.8691
3348,8.4121,14.4150
3368,8.5273,15.3809
3388,8.2871,14.2402
3408,8.5391,15.1016
3428,8.3721,15.1904
3448,8.5225,15.7656
3468,8.2783,14.5684
3488,8.6035,16.0801
3508,8.5977,15.5029
3528,8.2842,14.8672
3548,8.3877,15.1611
3568,8.4160,15.2764
3588,8.5840,15.4521
3608,8.4404,15.0801
3628,8.3047,14.8223
3648,8.4209,14.7246
3668,8.5791,15.7813
3688,7.9814,13.3105
3708,8.4863,15.2695
3728,8.5947,15.5684
3748,8.7412,15.6250
3768,8.2539,14.9521
3788,8.3281,13.9385
3808,8.4766,15.1016
3828,8.3174,14.9834
3848,8.3008,14.3545
3868,8.0039,13.8877
3888,8.2920,14.5303
3908,8.4209,15.1426
3928,8.3525,15.3115
3948,8.2002,29.2168
3968,8.4746,14.4531
3988,8.4688,14.7520
4008,8.4326,14.7480
4032,8.1514,14.5664
4056,8.7266,15.3330
4080,8.1904,15.2461
4104,13.1328,17.7861
4128,13.0840,18.6816
4152,12.3359,17.9053
4176,10.2148,17.5879
4200,9.5400,16.0156
4224,9.4561,15.6064
4248,9.6348,15.9180
4272,9.7178,16.3340
4296,9.9463,16.9746
4320,9.7842,16.6787
4344,9.4561,15.9463
4368,9.8682,16.8730
4392,9.5879,16.0127
4416,9.3545,15.6445
4440,9.7236,16.3730
4464,9.9697,17.1943
4488,9.7021,16.2715
4512,9.6777,16.1953
4536,9.5293,15.7939
4560,9.7813,16.2773
4584,9.5039,15.4443
4608,9.7207,16.3008
4632,9.3184,15.5801
4656,9.5029,15.6055
4680,9.5918,16.6016
4704,9.4668,15.1973
4728,9.4707,15.5762
4752,9.2871,15.1133
4776,9.6914,16.1104
4800,9.7256,16.1045
4824,9.2373,15.1553
4852,9.5449,15.5068
4880,9.3066,14.9424
4908,9.8369,16.6914
4936,9.8594,16.6875
4964,9.5127,15.6465
4992,9.5557,16.4775
5020,9.5039,16.2891
5048,9.5479,15.9307
5076,9.4463,15.3760
5104,9.4414,15.5967
5132,9.5156,15.3672
5160,9.4180,15.6787
5188,9.5381,15.4629
5216,9.4209,15.6992
5244,9.6309,16.7627
5272,9.6504,16.2148
5300,9.5771,16.2188
5328,9.8096,16.8438
5356,9.4590,16.0674
5384,9.4326,15.7090
5412,9.7891,16.4941
5440,9.8018,16.8633
5468,9.8613,16.7637
5496,9.5469,16.1396
5524,9.5498,16.3086
5552,9.5020,15.9014
5580,9.5127,15.7461
5608,10.1279,16.4795
5640,9.5283,16.0088
5672,9.3965,15.5918
5704,9.3340,15.7051
5736,9.5146,15.2852
5768,9.3711,15.8281
5800,10.1299,17.6621
5832,9.6309,15.8516
5864,9.5986,16.0098
5896,9.6455,15.5313
5928,9.7559,15.8496
5960,9.3037,15.4609
5992,9.5625,16.1846
6024,9.7939,16.3506
6056,9.6953,16.1563
6088,9.3799,14.9697
6120,9.7578,16.6641
6152,9.9355,17.4043
6184,9.4346,16.1211
6216,9.2422,14.9033
6248,9.5977,15.9395
6280,9.5049,15.3232
6312,9.7344,16.7422
6344,9.6729,16.1533
6376,9.5703,17.0830
6408,9.5264,15.9971
6444,9.5137,16.0957
6480,9.1689,15.6182
6516,9.4121,16.2383
6552,9.6582,15.7031
6588,9.4238,16.1729
6624,9.4170,15.5127
6660,9.6270,16.4287
6696,9.3750,15.6836
6732,9.3330,15.6094
6768,9.4209,15.9668
6804,9.5518,16.7041
6840,9.4229,15.7490
6876,9.5283,16.5547
6912,9.7383,17.6514
6948,9.4648,16.1650
6984,9.5889,16.5391
7020,9.6582,16.2031
7056,9.5996,16.6660
7092,9.5967,17.2100
7128,9.4531,16.1660
7164,9.4395,16.1240
7200,9.3643,15.4229
7236,9.1689,15.5303
7276,9.6250,16.4063
7316,9.6621,16.7861
7356,9.8096,16.5801
7396,9.1045,14.9346
7436,9.5732,16.4629
7476,38.1621,16.4863
7516,9.4951,16.8252
7556,9.3584,15.6943
7596,9.4023,16.3350
7636,9.5264,16.1084
7676,9.6045,16.5088
7716,9.2998,15.8936
7756,9.1631,15.8662
7796,9.8408,17.8838
7836,9.6123,16.5361
7876,9.6924,17.0498
7916,9.6484,16.6318
7956,9.8457,17.5107
7996,9.5400,17.0557
8036,9.3145,16.0254
8080,9.4502,16.8555
8124,9.5205,16.6680
8168,9.5342,16.6035
8212,14.6641,19.9053
8256,13.9658,18.6924
8300,13.4980,18.0957
8344,11.7666,18.6016
8388,11.0400,17.4785
8432,10.8545,17.0986
8476,10.5801,15.7646
8520,10.8564,17.3037
8564,10.5957,16.4229
8608,10.5498,16.3779
8652,10.8398,17.6689
8696,10.8887,17.5557
8740,10.7842,16.9736
8784,10.6387,16.6963
8828,10.8184,17.0430
8876,10.9316,17.8896
8924,10.5654,16.5869
8972,11.2227,17.7246
9020,10.6807,16.8916
9068,10.6006,16.7725
9116,10.7744,17.2490
9164,10.6006,17.3027
9212,10.6924,17.0742
9260,10.6260,16.9238
9308,10.5479,16.7773
9356,11.0215,18.2490
9404,10.4111,16.2109
9452,10.7021,16.9180
9500,10.2207,15.7988
9548,10.9150,17.4971
9596,10.7451,24.0313
9644,10.5254,17.2432
9696,10.5332,16.4355
9748,10.4590,16.0703
9800,10.5078,17.3604
9852,11.3047,16.7471
9904,10.9453,17.3047
9956,10.3594,16.0938
10008,10.9863,17.5684
10060,10.7793,17.0234
10112,10.8818,16.5781
10164,11.1602,17.7725
10216,10.4248,16.1445
10268,11.0977,18.1074
10320,10.7500,17.1357
10372,10.8037,17.0889
10424,10.6758,16.6514
10480,10.6611,16.6426
10536,10.3359,16.2695
10592,10.6992,16.8193
10648,10.8955,17.1611
10704,10.8955,17.4873
10760,10.3965,16.0498
10816,10.7314,16.8340
10872,10.8984,17.4375
10928,10.6279,17.2412
10984,10.4170,16.0811
11040,10.8594,17.0830
11096,10.9707,17.4258
11152,10.4180,16.8252
11208,10.7695,16.7314
11268,10.4102,16.0234
11328,10.7832,16.9482
11388,10.9063,17.6328
11448,10.6045,17.0352
11508,10.6855,17.0381
11568,10.7490,17.2881
11628,10.3965,16.8438
11688,10.1582,15.5566
11748,10.6348,16.5537
11808,10.5693,16.7139
11868,10.8262,17.7100
11928,11.2939,18.9219
11988,10.6504,16.5791
12048,10.5820,16.7139
12112,10.4883,16.4961
12176,10.8789,16.7715
12240,10.7207,17.1406
12304,10.5244,16.5439
12368,10.7412,17.7090
12432,10.5479,16.6426
12496,10.8633,18.0039
12560,10.7793,17.3721
12624,10.2266,15.7734
12688,10.3486,16.4590
12752,11.3193,18.1143
12816,10.5908,16.8838
12884,10.7109,17.6641
12952,10.7627,17.1484
13020,11.0762,17.9844
13088,10.2305,15.8008
13156,10.8906,18.2520
13224,10.5840,16.8223
13292,10.9023,18.0469
13360,10.8701,17.6328
13428,10.9922,18.3496
13496,10.9561,18.0947
13564,10.4697,16.6279
13632,10.4814,16.6543
13704,10.2715,16.2041
13776,10.4990,17.2070
13848,10.7930,17.1621
13920,11.1777,19.1006
13992,11.1016,18.2725
14064,11.0391,17.0029
14136,10.6553,17.2598
14208,10.8857,18.3301
14280,10.6826,17.0234
14352,10.7676,17.6709
14424,11.0664,18.1045
14500,10.9199,17.9199
14576,10.7031,17.3115
14652,10.9541,30.0107
14728,11.0137,17.4316
14804,10.2480,16.0322
14880,11.2344,19.2842
14956,11.3926,19.0781
15032,10.7197,17.6992
15108,10.7705,17.6465
15184,10.9697,18.1768
15260,11.1406,18.9678
15340,10.5850,16.8887
15420,10.8799,17.7188
15500,10.4824,21.0088
15580,10.5078,17.0645
15660,10.7588,17.6484
15740,10.2666,16.4121
15820,10.6914,17.5098
15900,10.6992,17.6885
15980,10.6338,17.6260
16060,10.9932,17.5625
16144,10.6846,17.6133
16228,10.4775,16.2813
16312,10.5566,17.6338
16396,12.5859,18.9512
16480,12.4824,19.3643
16564,12.3672,19.4111
16648,12.0537,18.2344
16732,13.4961,21.0879
16816,12.4111,19.0996
16904,12.1855,19.2324
16992,12.6084,19.1709
17080,12.6299,19.5303
17168,12.5400,18.7910
17256,12.5957,19.2031
17344,12.1982,18.4365
17432,12.7871,20.4609
17520,12.2061,18.4961
17608,12.5762,19.0293
17700,11.6660,17.8721
17792,12.2451,18.9111
17884,11.0547,16.4150
17976,11.9541,18.1084
18068,11.9229,17.9268
18160,11.9219,18.0459
18252,11.4385,17.5342
18344,12.1865,18.5176
18436,12.3477,19.1689
18532,11.6396,17.7012
18628,11.7324,17.1914
18724,11.8086,17.3799
18820,12.2871,18.2988
18916,11.7314,17.2598
19012,11.6006,17.9580
19108,11.5977,17.3047
19204,12.0283,18.2314
19304,11.8193,18.0010
19404,11.5303,16.6250
19504,12.0342,18.2383
19604,12.1758,18.7910
19704,12.0430,18.4004
19804,12.0586,118.8936
19904,11.7354,17.4033
20004,11.7383,17.9912
20108,11.4072,16.9150
20212,12.0234,18.0430
20316,11.6064,17.2959
20420,12.0947,18.5674
20524,11.5049,17.0391
20628,12.2607,19.0186
20732,11.1436,16.9121
20836,11.8408,18.0469
20944,12.0703,18.1875
21052,12.2988,18.1191
21160,12.7754,19.1631
21268,11.7529,18.1875
21376,11.7451,17.7793
21484,11.9580,18.2627
21592,11.5859,17.1338
21700,11.6807,17.4775
21812,12.0195,18.6230
21924,12.1123,19.0898
22036,12.5254,19.1904
22148,12.1885,19.1563
22260,11.8047,17.9492
22372,11.7178,18.0498
22484,12.4082,26.3320
22600,12.0645,18.6064
22716,11.7041,17.9434
22832,11.9512,18.2002
22948,11.8662,17.9316
23064,11.2832,16.5205
23180,11.9658,18.2744
23296,12.0938,18.6709
23416,11.5742,17.5439
23536,11.7998,17.9424
23656,11.6592,17.7627
23776,12.0000,18.6406
23896,11.9404,18.2324
24016,11.8516,18.1943
24140,11.6514,18.0938
24264,16.0527,18.7666
24388,11.9326,17.8096
24512,12.2949,19.2109
24636,12.0811,17.9746
24760,11.7373,18.0166
24884,11.8867,18.6533
25012,11.9756,18.9102
25140,11.7139,17.1416
25268,12.2910,19.5830
25396,11.8730,18.4268
25524,11.8711,17.7813
25652,12.3447,18.6885
25784,11.8398,18.5020
25916,12.0439,17.6855
26048,11.8154,18.0811
26180,11.5723,17.4561
26312,11.7373,18.1221
26444,12.2656,19.5898
26580,11.9736,17.9824
26716,11.5371,17.4072
26852,12.2451,19.2109
26988,11.7383,18.1514
27124,11.5723,17.9795
27260,12.0254,18.9297
27400,11.9189,19.0137
27540,11.5898,18.3594
27680,11.7881,18.5176
27820,11.8193,17.9678
27960,11.8408,17.6699
28100,11.6855,18.0859
28244,11.5449,17.2842
28388,11.9932,19.5332
28532,11.6201,16.7529
28676,11.7012,18.0508
28820,11.7051,18.2920
28968,11.7158,17.9307
29116,11.8330,18.7471
29264,11.7207,18.0391
29412,12.0156,18.9824
29560,11.4658,17.8447
29708,12.3672,19.8457
29860,12.0322,19.6084
30012,11.6602,18.0361
30164,11.3584,18.1484
30316,11.5400,17.6416
30468,11.6992,17.8906
30624,11.8154,18.8154
30780,11.8066,18.4277
30936,12.0225,18.6924
31092,12.3525,18.9580
31248,12.0693,18.9941
31408,11.6230,18.1230
31568,11.9229,18.7480
31728,12.2734,19.4561
31888,12.3525,19.6162
32048,12.1523,18.7627
32212,11.7852,18.4102
32376,11.8809,18.4893
32540,12.1777,18.7578
32704,12.0762,18.9678
32868,14.0879,20.1563
33036,14.3604,20.7354
33204,14.1270,20.5361
33372,13.8877,18.9678
33540,14.4590,20.3877
33708,13.3447,18.7383
33880,14.2471,20.4521
34052,13.5674,18.5566
34224,13.4521,18.4902
34396,13.9941,19.7080
34568,13.9521,19.7686
34744,14.2588,20.2676
34920,13.5449,18.9795
35096,13.5938,19.3955
35272,13.9609,19.5596
35452,13.6553,19.4473
35632,13.4941,18.3926
35812,13.7500,19.8740
35992,13.1162,18.5830
36172,14.0557,19.8623
36356,14.3340,20.6777
36540,13.5068,18.9365
36724,13.8740,19.8242
36908,14.0635,20.6396
37096,13.9707,20.3408
37284,14.2822,19.8789
37472,13.2568,18.3945
37660,14.2373,20.1807
37852,13.6475,23.3184
38044,13.4824,19.1758
38236,12.8691,18.5684
38428,13.2559,18.8408
38624,13.8574,20.5186
38820,13.5488,20.1865
39016,13.2783,19.1543
39212,13.4863,19.4570
39412,12.7119,18.4404
39612,13.6943,20.4863
39812,13.1982,18.5654
40012,12.7686,18.1426
40216,13.1904,19.4424
40420,13.2578,19.2227
40624,13.2539,18.6406
40828,12.7520,18.8965
41036,13.1387,18.4893
41244,13.1650,18.9121
41452,12.9824,18.6895
41660,13.0820,19.2705
41872,13.3896,19.1074
42084,13.1807,18.8027
42296,13.2617,19.4600
42508,13.5254,19.8115
42724,12.9814,18.6650
42940,13.2334,19.3311
43156,12.8047,18.5498
43372,13.1631,19.1953
43592,13.1299,19.4004
43812,13.3682,19.9609
44032,13.0703,19.5420
44256,13.3945,18.9453
44480,13.0322,19.2627
44704,17.7910,18.9795
44928,12.6094,18.0645
45156,36.5234,19.4355
45384,13.0342,18.4443
45612,12.5918,18.2881
45844,13.6943,19.6094
46076,13.0703,18.4473
46308,13.2422,19.7607
46540,12.8164,18.7461
46776,13.1719,19.0098
47012,13.3936,19.0723
47248,13.4961,19.9912
47488,12.9502,18.6523
47728,13.0625,18.8789
47968,13.0410,19.1914
48208,13.2549,19.2236
48452,12.4229,17.8193
48696,13.3662,20.0908
48940,13.2900,19.7451
49188,13.4004,19.7500
49436,13.2334,19.0020
49684,12.6377,17.8750
49936,13.2480,19.8730
50188,13.0645,19.1436
50440,13.3301,19.7217
50696,13.5273,20.0762
50952,12.8447,18.4375
51208,12.6006,18.0986
51468,13.0498,18.6250
51728,13.6445,20.6826
51988,12.9463,18.8057
52248,14.3486,21.1826
52512,13.7539,20.3584
52776,13.5840,19.3857
53040,13.4893,19.3379
53308,13.2500,19.1230
53576,13.3906,20.0850
53844,13.5049,20.1436
54116,12.7461,19.3721
54388,12.8438,19.0898
54660,12.9609,19.2324
54936,13.4395,20.1172
55212,13.1748,19.7266
55492,13.2539,19.7295
55772,13.7510,20.9912
56052,13.3408,19.6895
56336,13.0459,19.6094
56620,13.6563,20.2471
56904,13.3662,20.3164
57192,13.4697,19.9697
57480,13.4219,20.3340
57768,13.8262,22.8311
58060,13.7129,20.4219
58352,13.5332,20.6787
58644,13.2490,19.7734
58940,12.8369,19.1602
59236,13.1572,20.2393
59536,13.3057,19.9629
59836,13.1885,20.0391
60136,13.7041,21.6426
60440,12.8994,19.7900
60744,13.4639,20.0527
61048,12.8369,18.8965
61356,13.5342,21.0371
61664,12.6797,18.3447
61976,13.0176,19.6895
62288,13.7031,21.1963
62600,13.4160,21.1768
62916,13.3096,20.0645
63232,13.3584,20.3506
63552,13.0674,20.1934
63872,12.8252,18.9805
64192,12.8174,18.6934
64516,12.9541,19.3799
64840,13.3984,20.2783
65168,12.9980,19.5371
65496,12.8896,19.0313
65824,16.5020,22.0771
66156,15.8369,21.3262
66488,15.4287,20.2529
66824,15.0703,19.8701
67160,15.3818,20.8721
67496,14.7725,20.3887
67836,14.3906,20.1055
68176,14.8652,21.1436
68520,14.6865,20.1006
68864,14.6465,20.2725
69212,14.9590,21.5498
69560,14.6553,20.1299
69908,15.1523,21.1836
70260,14.4229,19.3984
70612,14.5049,20.0195
70968,14.3975,19.4697
71324,14.7881,20.5459
71684,14.9365,20.7754
72044,14.6230,20.7188
72408,15.2266,21.4941
72772,14.2822,19.9199
73136,14.8477,20.9492
73504,14.3838,20.0654
73872,14.1943,19.7920
74244,14.7803,20.9434
74616,14.7920,20.9160
74992,15.2549,21.7305
75368,14.9092,20.4521
75748,14.8496,21.3184
76128,14.4453,20.1006
76512,14.1572,19.6748
76896,15.2686,22.3486
77284,15.0195,21.1963
77672,14.4766,20.6582
78064,14.8311,20.4893
78456,14.4629,19.8115
78852,14.0127,19.2852
79248,14.4473,20.7871
79648,15.2920,21.2666
80048,15.0908,21.1533
80452,13.8945,19.7627
80856,14.3213,19.8096
81264,14.5781,20.0127
81672,14.2783,19.5127
82084,15.1299,20.7256
82496,14.4023,19.5928
82912,14.6895,20.9551
83328,14.8936,21.0977
83748,14.5420,20.6602
84168,14.0381,19.2314
84592,15.3809,21.4561
85016,14.9102,21.0723
85444,14.2236,20.0566
85872,14.4658,28.1914
86304,14.9355,20.9570
86736,14.7461,20.1172
87172,15.3887,22.2012
87608,14.7285,20.8154
88048,15.3145,21.9082
88492,14.7080,20.6162
88936,13.8232,19.4229
89384,14.3818,20.1416
89832,14.6182,20.2715
90284,14.4258,20.4316
90736,15.1484,22.2490
91192,14.5762,20.7295
91648,14.5303,20.3955
92108,14.6406,20.7959
92572,14.6523,20.6836
93036,15.1367,21.3135
93504,15.0605,21.2930
93972,14.3896,20.0703
94444,15.2012,21.1563
94920,14.5430,20.4043
95396,15.1602,21.2100
95876,14.8018,21.8652
96356,14.9580,21.2969
96840,14.0566,19.5322
97328,14.8535,21.7236
97816,14.4121,20.9219
98308,14.5078,20.5664
98800,14.9570,21.3066
99296,14.5166,21.1084
99796,14.9580,24.5322
100296,14.4072,20.4160
100800,14.7441,21.0000
101304,15.0723,21.9336
101812,14.4004,20.0986
102324,14.7334,21.6074
102836,14.9688,20.6865
103352,14.7236,21.1172
103872,15.0127,21.6807
104392,14.2949,19.9199
104916,15.2578,21.4658
105444,14.8242,21.1094
105972,14.9023,21.4160
106504,14.8096,21.1709
107040,14.6709,20.6279
107576,14.3232,20.1523
108116,14.7949,21.3145
108660,14.2598,20.1074
109204,15.3623,22.4814
109752,14.1563,19.8926
110304,14.2969,19.5811
110856,15.0029,21.5625
111412,14.9102,21.1367
111972,14.1533,20.4648
112532,14.6514,21.6377
113096,15.8145,23.2969
113664,14.5059,20.3057
114236,14.8135,20.4678
114808,22.2051,21.5176
115384,15.6289,22.1201
115964,14.4355,20.1826
116544,15.6406,22.6611
117128,14.8936,20.4805
117716,15.5869,22.1592
118308,14.1230,18.9443
118900,15.1963,21.8701
119496,15.1191,20.9512
120096,15.2480,21.9922
120700,15.1875,21.9316
121304,14.4609,20.0791
121912,14.9854,21.2266
122524,14.3389,20.4346
123140,14.9316,21.3643
123756,15.0283,20.9053
124376,14.9258,21.1250
125000,15.0742,21.4307
125628,18.7148,21.0361
126260,15.3984,22.0059
126892,14.8379,21.3848
127528,14.3721,20.5127
128168,14.7617,20.7695
128812,14.7451,20.5898
129460,15.5195,22.4307
130108,13.8340,18.9004
130760,15.0645,21.3848
131416,19.6191,25.6689
132076,18.4063,23.5986
132740,18.8477,22.3232
133404,18.1318,22.8779
134072,17.9092,22.3203
134744,17.8477,22.6875
135420,17.8604,22.6270
136100,17.4951,23.0342
136784,17.0762,23.8467
137468,15.5146,20.3330
138156,16.3086,21.9336
138848,16.8330,22.4814
139544,16.0879,21.0996
140244,15.7861,20.4326
140948,16.2910,21.4082
141656,16.3975,22.2305
142368,16.2627,21.8428
143080,16.4609,22.1328
143796,16.3809,21.9209
144516,16.6797,22.1543
145240,16.0205,21.4355
145968,16.8193,22.6807
146700,16.7021,22.6455
147436,15.9570,21.4707
148176,17.1445,22.3750
148920,16.2637,22.6387
149668,16.4307,22.0654
150420,16.4189,22.1133
151176,15.9512,22.4111
151932,16.3936,22.6631
152692,16.5000,23.0059
153456,16.4932,22.4912
154224,15.6348,21.0449
154996,16.1807,21.9141
155772,15.4795,20.9619
156552,15.7285,21.0918
157336,16.5508,22.8281
158124,17.0469,23.7188
158916,16.0762,22.3223
159712,16.8369,22.9492
160512,17.0469,23.9287
161316,16.8828,22.6777
162124,16.1289,20.8984
162936,16.8643,22.1074
163752,15.9658,21.1113
164572,17.4658,22.5723
165396,16.8340,22.9121
166224,16.1973,21.8398
167056,16.2627,21.5322
167892,15.6318,20.6152
168732,16.2461,22.0283
169576,16.6768,22.5615
170424,17.4229,23.6768
171280,15.7734,20.9844
172140,16.6250,22.3223
173004,15.9189,21.3213
173872,16.2725,22.4961
174744,16.6699,21.6719
175620,16.2813,22.4521
176500,16.1650,22.1309
177384,16.0898,22.4023
178272,16.2490,22.3770
179164,15.3564,21.5225
180060,16.5830,23.6045
180964,17.2607,23.3516
181872,17.0078,23.8682
182784,16.2402,22.4531
183700,16.5186,23.1074
184620,16.6846,23.1152
185544,16.6035,22.9941
186472,16.2861,22.7686
187408,17.2715,25.3438
188348,16.8730,23.3164
189292,16.5713,23.2373
190240,16.6777,23.3955
191192,16.3799,22.8330
192148,16.3594,22.3643
193112,16.0352,21.4639
194080,17.4639,24.8203
195052,15.5977,21.3848
196028,16.6104,23.1660
197012,16.3496,22.3066
198000,15.9326,21.3525
198992,16.5459,23.2275
199988,15.9414,22.5244
200988,15.8301,21.7578
201996,16.1367,22.6328
203008,15.8320,21.8350
204024,15.3623,20.9141
205048,15.9531,22.2383
206076,16.4980,23.2109
207108,16.8350,23.5010
208144,15.7178,21.9395
209188,16.8242,23.9971
210236,16.4277,22.6348
211288,17.6670,23.8623
212348,15.9707,21.9619
213412,16.0576,21.6758
214480,16.3174,22.9180
215556,16.5225,23.0908
216636,16.3721,23.2695
217720,16.5615,23.5537
218812,16.6582,23.2861
219908,16.2002,22.3115
221008,16.2861,21.6875
222116,17.0791,24.0918
223228,16.4658,22.8447
224348,17.3281,24.7783
225472,16.9082,23.7197
226600,16.2129,22.9141
227736,16.2871,23.2451
228876,16.5762,23.4033
230024,16.5664,23.4795
231176,16.9219,23.6660
232332,16.3828,22.5957
233496,16.4648,23.0684
234664,15.2158,20.8291
235840,16.6895,23.3701
237020,16.4355,23.0557
238208,16.3945,23.2676
239400,17.1660,24.5693
240600,16.4316,22.2900
241804,22.5273,24.0029
243016,16.4561,23.0986
244232,16.6143,23.6787
245456,17.1748,24.7158
246684,16.2451,22.2500
247920,16.0918,22.7715
249160,16.3516,23.4678
250408,16.2998,22.5840
251664,15.8564,22.1973
252924,15.8447,21.9727
254192,16.5156,22.4287
255464,16.4004,22.8906
256744,17.1201,24.1777
258028,16.3750,22.6357
259320,16.4785,22.7197
260620,16.6064,23.8721
261924,16.8721,23.5371
263236,18.0400,25.5176
264556,18.1768,24.1172
265880,17.0000,22.1143
267212,17.0322,21.9619
268552,17.9561,24.2002
269896,17.2344,22.7432
271248,18.0400,24.1133
272608,17.9756,24.3740
273972,17.4268,23.7090
275344,18.0078,24.2422
276724,17.4180,23.3730
278108,18.3154,24.8398
279500,18.1475,24.4814
280900,18.2881,25.0537
282308,17.1318,22.6133
283720,17.4971,23.0469
285140,17.4268,23.4248
286568,18.9521,25.0215
288004,17.5664,23.0830
289448,18.4521,24.5039
290896,17.0518,23.0244
292352,17.3047,23.5654
293816,18.1797,24.3027
295288,18.4531,25.0576
296768,17.3564,22.7324
298252,18.0889,24.3184
299744,17.9248,24.0801
301244,17.2734,22.7344
302752,17.7471,23.6016
304268,17.7852,23.4941
305792,17.5615,23.7100
307324,16.5303,21.3691
308864,17.2422,22.9707
310412,17.7275,22.7861
311968,18.0732,24.5049
313528,17.4111,23.4492
315096,17.2900,22.9131
316672,17.1270,22.8105
318256,17.6709,24.4795
319848,17.1846,23.0049
321448,17.8184,24.2471
323056,18.4814,24.8496
324672,27.4697,25.8447
326296,18.2959,24.7412
327928,18.2119,24.7090
329568,16.9834,22.4805
331216,17.9102,25.3154
332876,17.8037,24.0352
334544,18.5146,25.1738
336220,17.0352,22.4248
337904,16.9551,22.4434
339596,17.7676,23.5830
341296,17.8594,23.9844
343004,17.0322,22.8213
344720,17.4756,23.5098
346444,17.5654,23.4258
348180,48.5117,25.5293
349924,17.7793,23.9463
351676,18.2373,25.4131
353436,17.9600,24.6436
355204,17.7529,23.4658
356984,17.2422,22.6553
358772,18.1348,24.7051
360568,18.2197,25.0625
362372,17.1309,23.3906
364184,18.1689,24.1436
366008,17.8389,23.8174
367840,17.9063,23.8877
369680,17.4365,23.1885
371532,17.4209,23.3574
373392,17.3594,23.1270
375260,18.7217,25.9385
377140,17.4814,22.5781
379028,17.3711,23.2939
380924,18.6826,24.7158
382832,18.1846,24.7842
384748,18.1621,25.1387
386672,17.4863,23.7100
388608,17.3184,22.5049
390552,17.4756,22.8848
392508,17.4678,23.1992
394472,18.5137,23.8809
396448,18.0674,24.9521
398432,18.2373,24.2471
400428,17.6260,24.1777
402432,17.5234,23.4434
404448,25.4199,24.2910
406472,17.9707,24.6445
408508,18.0186,25.1768
410552,17.8428,23.8369
412608,18.5049,24.8652
414672,17.3799,22.9805
416748,18.2998,24.8311
418832,17.7656,23.6816
420928,18.5811,25.7988
423036,17.4131,23.7910
425152,19.2568,25.6240
427280,17.7490,24.1504
429420,18.7832,24.8164
431568,18.1787,25.5010
433728,17.6055,28.7305
435900,17.7646,24.7754
438080,17.8740,25.1113
440272,18.3311,24.9287
442476,18.4268,25.1611
444692,16.7705,22.6631
446916,17.7002,24.7266
449152,18.1064,24.7852
451400,18.0781,25.1055
453660,17.9834,24.1240
455932,17.1182,22.7139
458212,17.6270,23.8232
460504,17.3389,23.1016
462808,17.7979,24.5771
465124,17.4980,23.5273
467452,18.3682,24.9404
469792,18.0938,24.5342
472144,18.0879,24.6328
474508,19.3945,25.7783
476884,18.5156,25.5879
479272,19.0518,26.3584
481672,17.9141,25.5107
484084,18.4492,25.9834
486508,17.9570,24.5010
488944,18.1543,25.2109
491392,17.8838,24.3467
493852,17.5420,23.6553
496324,17.9932,25.1611
498808,17.5752,23.4980
501304,18.4033,26.4766
503812,18.9863,26.9990
506332,18.2324,24.7754
508864,17.4834,23.4600
511412,17.2881,22.8164
513972,18.4209,26.5088
516544,17.8623,24.2246
519128,17.9072,23.9170
521724,18.6807,24.9795
524336,22.8457,55.0576
526960,21.1543,25.8838
529596,21.8691,28.1768
532244,20.4297,26.2559
534908,20.6377,26.6611
537584,19.7393,25.3838
540272,18.9453,24.2617
542976,19.1582,24.2783
545692,19.0508,24.1055
548424,20.3066,26.1113
551168,19.9648,26.2988
553924,19.2295,24.4902
556696,19.2754,24.8760
559480,19.5576,25.1602
562280,18.9951,24.4111
565092,24.5244,25.9785
567920,19.5107,25.9531
570760,19.7715,25.4502
573616,18.9082,24.4824
576488,19.7285,25.4219
579372,20.0596,25.4883
582272,19.8955,27.2939
585184,20.0645,25.9277
588112,19.2900,24.9912
591056,19.1602,24.5137
594012,19.3008,24.9004
596984,19.1699,24.8711
599972,19.6592,25.3594
602972,19.5645,24.8945
605988,19.8955,25.6396
609020,19.9795,26.0303
612068,20.5264,27.5439
615132,19.6543,25.5020
618208,19.2705,25.8789
621300,19.7500,24.8936
624408,20.2139,26.3564
627532,19.8379,25.9395
630672,18.4131,23.8027
633828,18.6123,24.2002
637000,20.0889,27.3418
640188,20.3125,26.8828
643392,20.4082,26.0840
646612,20.0674,26.1328
649848,19.2490,24.9678
653100,20.5576,27.1055
656368,19.5557,25.2598
659652,19.2715,24.8975
662952,20.2813,27.6240
666268,20.0508,26.8340
669600,19.8516,27.0684
672948,19.3711,25.6680
676316,20.0283,27.2676
679700,19.3438,25.7783
683100,19.7480,25.6396
686516,20.1758,27.1543
689952,19.3623,25.7979
693404,20.4922,26.7480
696872,19.3711,26.2910
700360,19.3320,25.4229
703864,18.9238,24.9453
707384,19.9375,27.0244
710924,27.6416,27.1309
714480,20.3652,27.0703
718056,19.9961,25.6035
721648,20.2529,26.1943
725260,20.3018,26.5156
728888,20.1436,26.2637
732536,19.7402,25.6299
736200,19.9424,27.1934
739884,20.3037,26.7393
743584,19.6631,25.9180
747304,19.8623,25.8701
751044,19.4258,24.8008
754800,20.0361,26.1143
758576,20.1162,27.4092
762372,20.7656,26.2334
766184,20.1748,27.4541
770016,20.0313,26.9648
773868,19.3838,25.6992
777740,20.4355,26.8340
781632,20.7393,27.0068
785544,20.9902,28.1777
789472,19.8174,25.4238
793420,20.1543,26.7998
797388,19.6572,25.8613
801376,19.8965,26.4736
805384,20.1719,25.9102
809412,19.5889,25.5410
813460,19.5195,26.3232
817528,19.5352,25.2070
821616,20.5088,26.9629
825728,19.7139,27.2969
829860,19.1172,25.4102
834012,20.4902,26.5820
838184,20.1855,26.0898
842376,19.9932,26.1846
846588,19.1826,25.5645
850824,20.1094,27.7646
855080,21.1094,27.3955
859356,20.0215,26.2188
863656,20.4014,26.7734
867976,20.2773,26.3018
872316,19.7070,25.4229
876680,20.8613,27.4756
881064,18.8545,24.9893
885472,21.0225,27.7148
889900,20.3447,26.5801
894352,27.1064,26.1152
898824,20.1172,26.0420
903320,20.8916,26.8740
907840,20.4209,68.1094
912380,21.4922,28.4824
916944,20.8271,27.6182
921532,20.0215,27.1074
926140,21.2988,28.7588
930772,19.8164,26.7090
935428,19.7285,26.3623
940108,19.6826,25.5752
944812,20.0322,28.0205
949540,19.8447,25.5508
954288,24.7314,25.8203
959060,20.0107,26.6709
963856,21.2490,27.6162
968676,20.5195,26.9277
973520,20.3545,25.8428
978388,19.8555,28.0664
983280,20.5762,27.7744
988200,21.0381,28.4209
993144,20.7246,28.0137
998112,19.7207,26.5127
1003104,20.3672,27.5605
1008120,21.1631,28.2275
1013164,20.2520,27.3018
1018232,20.5742,27.5830
1023324,20.7617,28.0352
1028444,21.2295,29.3574
1033588,19.3398,26.0039
1038756,19.6064,26.1670
1043952,21.0947,28.8418
1049172,23.6484,30.5811
1054420,22.1621,28.1387
1059696,21.4736,27.5859
1064996,22.1289,27.9551
1070324,27.1563,30.8027
1075676,21.9990,28.0625
1081056,21.3691,27.3389
1086464,27.9785,27.4326
1091900,22.0234,28.0127
1097360,22.7422,28.1270
1102848,20.5820,25.9805
1108364,22.5898,29.6582
1113908,22.3389,28.3936
1119480,20.9883,26.4141
1125080,20.9619,26.7275
1130708,21.1543,27.4941
1136364,22.3486,28.4414
1142048,22.3125,29.0752
1147760,22.3389,28.5947
1153500,22.1680,28.4463
1159268,22.5645,29.4395
1165068,22.4541,27.4326
1170896,21.6934,27.5840
1176752,21.8184,28.6104
1182636,21.8135,28.1416
1188552,49.2881,26.9785
1194496,22.7900,29.0254
1200472,22.7178,29.6826
1206476,22.0479,28.0166
1212512,21.8086,27.5557
1218576,22.1934,29.1094
1224672,22.2227,29.3945
1230796,22.0527,27.9053
1236952,22.6426,29.6221
1243140,22.5400,27.9795
1249356,21.7305,28.3525
1255604,23.1328,30.3818
1261884,22.7100,29.6348
1268196,22.7373,29.3301
1274540,21.5117,28.5928
1280916,23.7676,30.1289
1287324,22.8105,29.0498
1293764,22.3916,28.6055
1300236,23.0195,30.0205
1306740,22.4570,29.4746
1313276,23.1191,29.3994
1319844,22.1914,28.1680
1326444,22.5605,29.7549
1333080,22.2363,28.7402
1339748,22.3291,28.5928
1346448,22.7031,29.0781
1353184,22.4219,28.5459
1359952,21.7949,28.1592
1366752,23.2041,29.7236
1373588,22.2402,29.0586
1380456,23.1279,30.3008
1387360,22.8643,28.9990
1394300,22.9150,30.3066
1401272,22.0977,28.1260
1408280,23.1367,29.7734
1415324,22.1680,27.7676
1422404,22.7646,28.5996
1429520,23.3359,30.5781
1436668,22.6797,28.6816
1443852,22.3770,28.3438
1451072,23.9854,31.0527
1458328,23.2207,29.2793
1465620,22.2676,28.8203
1472952,23.6270,29.7539
1480320,22.3691,28.5137
1487724,21.9111,28.8896
1495164,23.8203,29.8174
1502640,21.9355,28.1240
1510156,22.7871,27.9697
1517708,23.1836,29.7432
1525300,21.8105,27.2188
1532928,23.0674,29.3584
1540596,22.5225,29.3037
1548300,22.3213,28.7930
1556044,22.0264,27.7549
1563828,21.7402,27.9219
1571648,23.0488,29.7363
1579508,21.7891,27.4355
1587408,22.7744,29.1816
1595348,22.4453,28.5410
1603328,29.2129,33.7051
1611348,23.4268,30.4609
1619408,22.4551,28.1670
1627508,23.1924,29.6240
1635648,25.1943,32.1387
1643828,23.8438,31.0264
1652048,24.7637,32.0029
1660312,23.0156,29.5996
1668616,22.3047,28.6514
1676960,22.2490,28.3057
1685348,23.4385,29.1426
1693776,24.1221,30.5000
1702248,23.9111,30.8369
1710760,21.7754,28.0186
1719316,23.1445,30.2871
1727916,24.7852,31.6631
1736556,22.7568,29.8457
1745240,23.4141,29.7393
1753968,22.8779,28.9717
1762740,23.5654,29.5322
1771556,24.4229,31.6719
1780416,25.0439,49.7510
1789320,24.9385,31.3848
1798268,25.7871,32.9111
1807260,23.5557,30.1592
1816300,24.1279,32.3281
1825384,24.0283,30.6006
1834512,23.3418,30.0410
1843688,23.3154,29.5332
1852908,24.0947,30.6084
1862176,23.8301,30.1855
1871488,23.0254,29.0459
1880848,24.4736,31.6025
1890256,23.9111,70.7988
1899708,24.6162,32.8223
1909208,23.3398,29.6367
1918756,24.1914,30.9619
1928352,24.3105,31.3066
1937996,26.9785,31.8877
1947688,23.9541,31.1240
1957428,24.1934,30.5967
1967216,25.1807,33.1982
1977056,31.9307,32.5889
1986944,24.9580,32.7100
1996880,24.7109,31.5957
2006868,24.3594,31.2842
2016904,25.2217,33.3525
2026992,23.2930,31.9688
2037128,24.4453,86.8232
2047316,23.1172,28.6494
2057556,25.3008,33.2783
2067844,23.8105,30.9551
2078184,24.4072,31.4512
2088576,24.4375,31.4424
2099020,27.7529,34.8301
2109516,26.6475,35.8184
2120064,26.1250,32.6172
2130668,25.2061,32.1270
2141324,26.3047,33.2324
2152032,25.9707,32.9463
2162796,26.1670,33.1357
2173612,25.8535,33.1855
2184484,26.1484,32.7197
2195408,25.4629,32.6133
2206388,25.8809,32.4609
2217420,26.1289,33.7549
2228508,26.3418,33.1787
2239652,25.1074,31.2119
2250852,24.9424,31.6348
2262108,26.9473,35.4805
2273420,26.2109,35.0479
2284788,26.3945,33.9102
2296212,26.0996,33.8184
2307696,27.3701,34.9668
2319236,25.9834,33.6230
2330836,26.0635,33.8613
2342492,24.4893,30.7754
2354208,23.7646,30.8633
2365980,24.8320,31.4854
2377812,27.4580,35.5508
2389704,26.1982,33.0986
2401656,38.7217,32.2217
2413668,24.6240,30.6230
2425740,26.7324,36.1533
2437872,24.0811,31.4824
2450064,25.9414,33.8770
2462316,24.9531,33.1387
2474628,25.4863,33.3115
2487004,25.1240,32.3652
2499440,25.6602,33.9512
2511940,25.0996,31.6494
2524500,24.6934,31.3506
2537124,27.0127,34.4639
2549812,26.2461,34.2588
2562564,24.8584,31.8398
2575380,25.2451,33.3418
2588260,25.5156,34.3047
2601204,25.7471,33.6133
2614212,26.3975,34.8975
2627284,25.8047,33.2607
2640424,24.6621,31.9658
2653628,26.3613,33.7900
2666900,26.1484,34.3213
2680236,26.7080,36.0615
2693640,27.3037,35.5791
2707112,27.5566,36.1650
2720648,26.5303,34.4971
2734252,25.0820,33.1094
2747924,27.2344,35.4072
2761664,25.4443,32.8115
2775476,25.4678,33.1738
2789356,24.9834,32.4043
2803304,26.1338,33.6318
2817324,25.4932,32.8867
2831412,26.3887,34.7451
2845572,26.3418,34.9092
2859800,25.3389,32.3262
2874100,26.6133,35.0928
2888472,26.7607,34.9355
2902916,25.3271,31.9580
2917432,26.3564,33.8613
2932020,26.6445,33.7773
2946684,25.8350,33.5186
2961420,25.4248,32.2246
2976228,26.5391,34.3662
2991112,26.2764,34.0898
3006068,28.0781,37.3672
3021100,25.2461,32.6924
3036208,25.7666,33.4561
3051392,25.0449,31.6182
3066652,25.7471,31.9766
3081988,25.0381,32.8145
3097400,27.1689,35.4766
3112888,25.8496,33.6777
3128456,26.1172,34.0615
3144100,26.3926,34.1143
3159824,34.6172,34.1865
3175624,27.4277,35.9971
3191504,26.1943,33.5781
3207464,27.0186,35.0176
3223504,26.7490,35.7275
3239624,26.1816,35.0820
3255824,27.8428,37.7891
3272104,27.5293,35.2646
3288468,26.8691,35.6738
3304912,27.7246,36.3809
3321440,25.6270,33.4736
3338048,26.5479,34.5801
3354740,25.4512,36.6367
3371516,26.2793,32.9561
3388376,27.0459,34.4648
3405320,27.7959,37.3848
3422348,27.3516,36.0039
3439460,25.8516,33.7012
3456660,26.7480,35.5020
3473944,27.0820,35.4043
3491316,25.3184,31.8711
3508776,25.6104,33.3477
3526320,26.9014,36.0459
3543952,27.7246,36.0840
3561672,26.4736,34.4063
3579484,28.1660,35.7695
3597384,44.6953,39.8398
3615372,28.0713,36.2871
3633452,26.7559,33.9336
3651620,30.3896,39.3223
3669880,29.0527,43.7598
3688232,27.7178,36.2324
3706676,27.2529,35.3340
3725212,28.5957,37.0322
3743840,26.8750,35.1367
3762560,27.7773,34.5479
3781376,29.5352,38.2334
3800284,27.7236,37.8857
3819288,28.7920,37.8613
3838388,27.9092,37.3535
3857580,29.4932,38.3672
3876868,28.0723,36.3408
3896256,27.3906,36.1240
3915740,27.9111,37.9697
3935320,28.8457,38.0459
3955000,28.0820,46.7480
3974776,29.0117,38.1865
3994652,29.1826,38.8984
4014628,28.6016,36.5566
4034704,28.2910,37.3652
4054880,28.7520,38.8975
4075156,29.0283,38.4893
4095532,26.7188,34.8857
4116012,27.5176,34.7373
4136596,28.8018,37.3916
4157280,27.2383,36.4570
4178068,28.6484,38.6201
4198960,29.9990,36.2705
4219956,30.6865,37.1445
4241056,30.6172,38.5811
4262264,31.2285,38.4014
4283576,31.0859,39.8877
4304996,32.8262,40.3311
4326524,30.3926,37.3691
4348160,29.9004,35.6787
4369904,29.2207,35.5000
4391756,30.9854,38.2246
4413716,31.7803,39.5732
4435788,30.2275,37.9297
4457968,30.5273,38.6348
4480260,32.2764,39.9424
4502664,33.4893,41.7119
4525180,29.0693,35.5283
4547808,31.2168,38.0840
4570548,30.6631,37.9844
4593404,31.9863,39.3213
4616372,30.9961,38.3184
4639456,31.1299,38.2783
4662656,30.7197,39.3672
4685972,31.1631,39.0889
4709404,31.2617,38.2061
4732952,28.7842,35.2813
4756620,30.9561,39.9648
4780404,31.5127,37.9678
4804308,29.1250,36.6875
4828332,29.7246,35.8770
4852476,32.7998,40.7119
4876740,31.2334,39.2852
4901124,30.4561,38.6826
4925632,30.1943,36.8447
4950264,30.2285,37.8125
4975016,30.3516,38.6064
4999892,31.9727,40.0195
5024892,29.5195,36.8633
5050020,30.9082,38.5830
5075272,29.8574,37.6787
5100652,29.8564,37.3682
5126156,29.4795,37.3486
5151788,35.9873,37.2441
5177548,29.3076,37.5840
5203436,32.4111,66.1963
5229456,29.2959,36.1221
5255604,28.4971,35.7432
5281884,31.2510,37.9248
5308296,31.6885,39.3574
5334840,30.8789,37.0225
5361516,28.9932,36.1504
5388324,32.2559,40.5752
5415268,32.6436,34.8027
5442348,30.2344,36.6826
5469560,29.3018,36.4639
5496908,29.8135,36.7100
5524396,30.9102,38.2461
5552020,30.8691,48.2197
5579784,30.9824,38.3359
5607684,29.9883,38.0127
5635724,31.0361,37.0146
5663904,31.0205,37.3271
5692224,32.7207,40.3398
5720688,32.0869,38.7461
5749292,32.4063,40.5088
5778040,29.5459,36.1367
5806932,30.1680,36.9141
5835968,30.5684,37.2969
5865148,30.2119,37.0654
5894476,31.4795,37.8154
5923952,30.8008,38.8398
5953572,30.8955,38.1436
5983340,29.9053,37.5742
6013260,31.0742,38.9902
6043328,31.5996,40.1465
6073548,32.8838,40.8818
6103916,30.9033,44.4482
6134436,32.0889,37.7871
6165112,31.7559,39.7773
6195940,30.4600,51.7373
6226920,30.9785,39.1523
6258056,30.9375,39.2266
6289348,31.0645,39.4795
6320796,29.8018,37.9746
6352400,30.2256,38.1055
6384164,30.6650,92.9277
6416088,30.7549,37.2920
6448172,31.4492,40.7129
6480416,31.6416,38.5264
6512820,29.6230,37.5293
6545388,30.2441,37.0781
6578116,29.3174,36.9814
6611008,31.0801,38.2598
6644064,29.9814,36.6064
6677288,30.9404,38.6094
6710676,30.6533,37.3525
6744232,32.4961,40.4463
6777956,30.7666,40.2500
6811848,29.8916,36.4863
6845908,29.6143,37.6309
6880140,31.2080,40.2070
6914544,31.1484,38.6729
6949120,31.0479,39.1074
6983868,31.9658,39.8223
7018788,31.3916,40.4707
7053884,33.7266,41.8115
7089156,31.7129,39.6406
7124604,31.0752,38.8291
7160228,31.9395,40.4375
7196032,30.3398,36.6875
7232016,33.1963,41.4551
7268180,30.2207,39.2070
7304524,32.7646,40.3135
7341048,38.9951,39.6230
7377756,31.7324,40.5801
7414648,36.5684,41.2627
7451724,30.6475,38.1768
7488984,32.5723,41.4063
7526432,31.1484,39.2090
7564068,30.6875,38.4805
7601892,34.7881,42.6953
7639904,31.3809,38.9814
7678104,31.4326,39.9355
7716496,30.0313,37.7832
7755080,31.7080,39.5771
7793856,31.8545,41.3613
7832828,32.1367,39.1875
7871996,32.5752,40.6592
7911356,31.5010,40.7637
7950916,31.4980,39.5205
7990672,31.3877,39.8545
8030628,32.2334,41.0410
8070784,30.3994,39.2949
8111140,59.1787,47.0137
8151696,32.1572,41.0000
8192456,30.5986,39.0635
8233420,29.0020,36.0479
8274588,33.4795,41.2080
8315964,32.1807,40.4268
8357544,37.7500,39.6318
8399332,31.9648,40.7637
8441332,31.6768,39.1650
8483540,33.7852,42.1602
8525960,31.8643,38.4307
8568592,32.6953,40.9883
8611436,31.7402,38.9189
8654496,33.6133,43.4775
8697772,32.6885,39.0791
8741264,31.5654,39.1631
8784972,32.0967,40.3008
8828900,30.1563,40.0391
8873048,31.8848,39.4746
8917416,30.7822,64.5645
8962004,33.5264,41.7734
9006816,32.5869,43.0693
9051852,32.7666,39.5127
9097112,39.9258,70.6133
9142600,32.4365,39.9658
9188316,34.2842,43.5762
9234260,32.6025,40.5928
9280432,32.2607,41.7305
9326836,31.2363,38.3311
9373472,31.0957,39.3232
9420340,30.9619,39.2031
9467444,30.5381,38.5352
9514784,30.7021,38.1113
9562360,32.1914,39.9619
9610172,32.4775,40.5928
9658224,37.2041,40.9287
9706516,33.0596,40.5508
9755052,36.1465,40.3350
9803828,39.6865,42.6904
9852848,37.5674,41.6045
9902116,31.1025,37.7871
9951628,30.6611,39.1230
10001388,32.6309,91.9922
10051396,33.3457,41.9111
10101656,31.0078,39.9609
10152168,32.5674,39.9023
10202932,34.4346,42.5488
10253948,33.3076,41.6836
10305220,35.9023,43.8965
10356748,33.0488,40.2363
10408532,33.2637,42.3877
10460576,33.8066,42.0820
10512880,31.5732,38.3682
10565448,36.6631,45.5850
10618276,31.4063,39.7188
10671368,33.9082,41.4375
10724728,34.1211,42.3672
10778352,33.9990,42.4971
10832244,33.9014,41.9961
10886408,32.1895,38.7266
10940844,35.1113,44.1270
10995552,33.2129,42.2695
11050532,34.3945,41.1973
11105788,36.5361,44.5840
11161320,32.5537,40.0596
11217128,36.7041,46.5439
11273216,36.0811,43.7158
11329584,32.3994,39.7988
11386232,32.7021,39.3330
11443164,33.4727,41.2725
11500380,32.3008,39.3701
11557884,33.4111,54.9092
11615676,35.3408,39.5898
11673756,35.9229,41.0293
11732128,37.1553,44.1299
11790792,35.2217,40.4355
11849748,37.5850,42.8730
11909000,35.3369,44.0400
11968548,37.4951,45.1533
12028392,34.7803,42.7178
12088536,36.1104,43.5947
12148980,63.7412,51.1055
12209728,36.3057,43.6055
12270780,35.8086,43.5918
12332136,34.3643,42.3584
12393800,34.3633,44.3096
12455772,34.1523,43.2139
12518052,39.0664,41.0732
12580644,34.0400,41.6416
12643548,34.0576,42.2783
12706768,32.9502,42.6719
12770304,33.8662,41.6797
12834156,35.1162,46.1035
12898328,32.7998,41.8613
12962820,35.1748,42.8887
13027636,34.2539,42.9482
13092776,34.0703,42.4199
13158240,33.8428,41.6475
13224032,36.2031,45.2969
13290156,47.5313,40.8457
13356608,34.2734,42.8389
13423392,35.6533,44.1621
13490512,32.3672,39.3936
13557968,33.5732,42.5430
13625760,31.3252,39.2480
13693892,33.6738,41.8877
13762364,34.3555,43.4658
13831176,33.9805,41.9229
13900332,33.3809,41.1953
13969836,35.2803,44.3477
14039688,36.2305,44.1807
14109888,34.5869,43.4766
14180440,33.4629,42.0127
14251344,34.2461,42.9072
14322604,64.8418,42.3965
14394220,32.3887,41.5342
14466192,32.4541,40.3828
14538524,35.1875,44.9121
14611220,34.5107,44.0938
14684280,34.7422,43.7188
14757704,34.1191,42.8174
14831496,33.0859,40.7119
14905656,34.0283,43.0879
14980188,35.6758,44.3740
15055092,34.0625,42.0078
15130368,36.3281,44.7998
15206020,34.6855,42.5088
15282052,33.2422,41.5391
15358464,34.8008,43.4834
15435260,35.5371,44.7949
15512440,35.5313,43.9336
15590004,35.8086,44.6572
15667956,33.6914,41.9229
15746296,32.0967,42.7100
15825028,34.1768,43.0068
15904156,34.5146,43.9717
15983680,35.4932,45.1396
16063600,34.0215,42.8506
16143920,32.8145,41.1699
16224640,35.1436,45.2480
16305764,34.9229,44.9033
16387296,34.8818,45.4004
16469236,33.9932,42.0576
16551584,35.4814,46.0703
16634344,35.4912,46.9521
16717516,35.5244,45.6992
16801104,38.2617,45.9326
16885112,36.3896,44.7715
16969540,37.9883,47.0313
17054388,36.0703,44.0049
17139660,37.9375,50.2188
17225360,39.1328,47.8232
17311488,38.3535,46.9492
17398048,37.6934,45.3525
17485040,35.2939,43.1406
17572468,34.7578,42.0469
17660332,38.4414,45.2666
17748636,36.7871,44.7900
17837380,38.7754,47.0635
17926568,37.4033,45.0176
18016204,34.9209,41.9424
18106288,38.0234,47.0010
18196820,36.4902,44.3838
18287808,72.7168,57.1045
18379248,48.3379,50.8945
18471148,46.6855,49.4961
18563504,45.3555,46.8740
18656324,41.9082,45.7949
18749608,45.4941,46.0371
18843360,40.2852,45.9150
18937580,44.5117,49.2217
19032268,47.1289,51.8887
19127432,48.1045,49.9326
19223072,46.0381,47.3516
19319188,44.1963,47.8389
19415784,43.9824,52.8281
19512864,45.4990,49.3262
19610432,45.5947,51.6719
19708488,46.3789,52.1992
19807032,46.6943,55.3291
19906068,53.9951,55.0459
20005600,52.0420,55.1963
20105628,45.5518,49.4600
20206160,48.8213,55.0898
20307192,47.1475,50.8965
20408728,50.1191,51.6240
20510772,48.9102,52.2422
20613328,48.5508,51.9717
20716396,48.1738,54.3203
20819980,46.9014,50.3145
20924080,46.3428,54.9043
21028704,49.8154,54.4199
21133848,50.9619,54.8096
21239520,48.5156,51.3604
21345720,44.3291,50.1816
21452452,47.2334,51.7109
21559716,45.0508,50.6465
21667516,44.2373,48.4590
21775856,48.9658,54.7432
21884736,46.8535,50.0205
21994160,49.6621,49.4121
22104132,48.8506,53.6396
22214656,49.1816,60.9873
22325732,56.4004,57.8760
22437364,53.9209,56.3584
22549552,52.8135,75.0029
22662300,46.5088,53.4805
22775612,46.1182,50.0410
22889492,46.7158,53.1240
23003940,54.5742,56.2793
23118960,53.2900,52.5469
23234556,50.4443,55.0322
23350732,49.5273,49.9043
23467488,50.1855,55.0420
23584828,54.5850,69.3398
23702756,49.3359,48.8877
23821272,53.9902,59.8018
23940380,61.7998,63.7207
24060084,49.5371,55.2012
24180388,57.4629,60.3838
24301292,53.3174,58.8301
24422800,54.9170,57.0195
24544916,54.2109,60.0000
24667644,62.1738,62.4922
24790984,52.8926,54.6250
24914940,59.1221,65.3223
25039516,55.4209,71.0049
25164716,51.1299,53.7744
25290540,106.5830,58.8359
25416996,56.0098,59.4346
25544084,62.0469,65.8877
25671808,56.3594,57.8594
25800168,56.9883,276.7969
25929172,59.0098,61.1396
26058820,65.7285,67.4473
26189116,58.9287,59.0488
26320064,61.0830,60.8428
26451668,61.9551,63.6855
26583928,59.0498,60.0615
26716848,60.6309,62.1406
26850436,52.0820,63.5508
26984692,62.0566,66.8818
27119616,61.2471,60.5029
27255216,63.3262,63.9170
27391496,101.4229,70.0215
27528456,62.4736,68.1484
27666100,55.0049,63.5195
27804432,59.7344,56.0166
27943456,59.1152,60.3408
28083176,66.9160,74.2100
28223592,70.4258,68.5371
28364712,61.4346,62.2842
28506536,61.5840,61.7061
28649072,56.3281,62.8633
28792320,64.6426,75.0186
28936284,57.3613,55.7461
29080968,70.2227,69.0664
29226376,64.2490,60.7451
29372508,60.0088,64.7998
29519372,57.3623,60.8760
29666972,62.4131,97.3076
29815308,67.1436,67.6943
29964388,61.4033,61.3389
30114212,64.2129,59.8789
30264784,65.9629,73.5947
30416108,69.8838,68.9814
30568192,63.6904,66.8535
30721036,94.2686,75.7822
30874644,96.2539,80.0576
31029020,76.3242,117.1973
31184168,77.1348,79.1191
31340092,114.3770,80.6914
31496796,73.6855,62.6299
31654280,66.6172,65.3740
31812552,84.4082,72.4277
31971616,73.3027,70.0723
32131476,85.9453,73.8945
32292136,70.5186,83.7344
32453600,65.7500,63.1484
32615868,69.5586,73.6895
32778948,65.8740,78.6318
32942844,67.5557,78.7529
33107560,71.9766,86.5234
33273100,74.1465,72.4590
33439468,68.5527,70.7930
33606668,77.0986,78.1230
33774704,77.2539,73.0820
33943580,102.3545,69.1592
34113300,73.6201,73.2451
34283868,81.1582,73.2402
34455288,73.2129,80.1172
34627568,96.1885,88.1816
34800708,94.2363,78.6602
34974712,75.3486,68.9492
35149588,74.1299,85.4131
35325336,80.0244,80.3486
35501964,86.9980,78.8965
35679476,80.0820,81.3350
35857876,93.4814,81.3008
36037168,82.8018,81.7676
36217356,75.7520,74.8457
36398444,79.0674,103.2100
36580440,81.8125,81.3555
36763344,81.3691,76.8740
36947164,73.7793,75.3975
37131900,73.2549,70.4209
37317560,86.6904,144.7451
37504148,78.6338,74.8711
37691672,79.8496,73.5850
37880132,80.0313,85.2637
38069536,82.7920,80.1299
38259884,79.2695,75.5088
38451184,81.9307,82.6289
38643440,78.8428,92.7295
38836660,101.6465,79.6592
39030844,84.7119,75.4600
39226000,80.4346,76.5703
39422132,88.3105,87.9346
39619244,79.3818,72.5430
39817344,89.6064,85.5430
40016432,83.7871,92.2275
40216516,96.4395,85.9961
40417600,109.1738,83.2676
40619688,74.8311,205.5547
40822788,95.8145,84.4473
41026904,99.6045,89.2158
41232040,78.0234,78.7734
41438204,83.7344,78.2881
41645396,79.3203,81.9648
41853624,77.7910,81.9443
42062896,74.7783,78.2861
42273212,78.6875,81.1855
42484580,78.2354,79.9336
42697004,90.8613,79.1094
42910492,84.4023,82.3037
43125048,77.4873,72.1865
43340676,83.3418,86.3779
43557380,81.8564,86.5430
43775168,85.2256,87.6953
43994044,87.4268,89.9131
44214016,103.3301,85.2549
44435088,94.4502,85.2490
44657264,79.3867,82.4219
44880552,78.9297,80.0596
45104956,84.8018,83.4756
45330484,83.8291,84.3662
45557140,82.3779,79.8398
45784928,82.5215,82.4277
46013856,82.6221,78.8018
46243928,94.7559,91.6963
46475148,88.8477,91.7393
46707524,83.8340,83.4346
46941064,85.6992,81.8545
47175772,84.4033,83.7373
47411652,77.3965,78.8203
47648712,85.9248,80.9297
47886956,83.3555,80.6689
48126392,92.8008,94.4619
48367024,87.0020,110.2285
48608860,93.6738,90.6973
48851908,81.5918,78.7285
49096168,83.7119,81.2559
49341652,88.6758,88.4756
49588364,100.0977,93.4346
49836308,86.4951,93.0713
50085492,95.4990,90.2969
50335920,85.9619,90.7666
50587600,90.0674,90.2412
50840540,96.8242,91.1641
51094744,98.9443,96.2705
51350220,95.2402,87.0566
51606972,93.0381,91.3438
51865008,93.2236,93.4346
52124336,89.4424,91.2490
52384960,88.9668,90.2734
52646888,95.6250,94.3369
52910124,108.0820,98.7441
53174676,92.9385,89.6543
53440552,103.7070,98.1729
53707756,101.1426,105.6328
53976296,89.4541,83.4004
54246180,91.5713,91.3418
54517412,95.0713,95.4902
54790000,94.9063,93.6182
55063952,92.7607,83.4072
55339272,89.0508,96.3701
55615972,100.4961,105.0566
55894052,102.1553,98.5830
56173524,101.2041,99.9082
56454392,217.5195,99.3262
56736664,101.6416,104.2686
57020348,86.4590,93.1299
57305452,91.3984,90.7588
57591980,99.3047,131.7920
57879940,95.2832,104.0264
58169340,96.9248,97.7793
58460188,102.6660,101.7637
58752492,97.1748,109.0137
59046256,95.6865,97.8818
59341488,105.8037,108.4580
59638196,93.8955,93.8506
59936388,104.7725,107.9482
60236072,100.6406,98.4033
60537256,110.6064,110.6523
60839944,102.2549,98.6875
61144144,102.9463,102.7725
61449868,106.9629,108.2051
61757120,107.3311,105.8516
62065908,112.8066,116.3594
62376240,113.3760,121.0244
62688124,117.2051,105.0908
63001568,98.8701,103.4326
63316576,116.7803,108.5479
63633160,105.9072,105.3311
63951328,101.5400,106.1631
64271088,100.1172,105.2871
64592444,100.4502,105.4785
64915408,113.6387,118.2900
65239988,113.6709,110.0703
65566188,111.3838,106.2988
65894020,98.7734,104.8057
66223492,104.0898,113.7246
66554612,102.2217,114.6670
66887388,106.9873,111.2910
