4,1.0400,1.2324
8,273.2852,1.8379
12,2.2275,1.7236
16,2.2383,2.2705
20,2.8418,2.2510
24,2.8359,2.1914
28,2.8252,2.1191
32,2.8213,2.6377
36,22.3955,2.8340
40,3.2939,3.0195
44,3.2783,2.4990
48,4.0898,2.4502
52,3.2832,2.7705
56,3.2852,2.6680
60,3.2129,2.8555
64,3.3057,3.0801
68,4.8545,3.2842
72,3.8604,3.0068
76,4.1250,3.2256
80,3.9668,3.1406
84,3.9756,3.0225
88,3.9531,3.8848
92,3.8525,3.8652
96,3.7842,3.0039
100,3.8105,3.7920
104,3.7061,2.9014
108,3.6924,2.9980
112,3.7051,2.7754
116,3.7236,2.9570
120,3.7158,2.9287
124,3.6953,3.1904
128,3.7100,3.2930
132,4.2021,3.5283
136,4.2197,3.3428
140,4.2314,3.4346
144,4.2988,3.2227
148,4.3379,3.3486
152,4.2979,3.2471
156,4.3057,3.1807
160,4.3262,3.4922
164,4.2842,3.8428
168,4.3223,3.6768
172,4.3193,3.6787
176,4.3320,3.4395
180,4.3223,4.3506
184,4.4365,3.6094
188,4.3926,3.6563
192,4.5117,3.7295
196,4.4941,3.9492
200,4.4863,3.5869
204,4.5088,4.2676
208,4.2910,4.1074
212,4.2168,3.3164
216,4.2227,3.4697
220,4.3047,3.2354
224,4.3066,3.4326
228,4.3018,3.2373
232,4.2998,3.2500
236,4.2891,3.3604
240,5.0322,3.2324
244,4.2080,3.3545
248,4.2197,3.3691
252,4.2051,3.3203
256,4.2100,3.8906
260,4.8047,3.6787
264,4.8389,3.7393
268,4.8281,3.7559
272,4.8184,3.6416
276,4.8164,3.8262
280,4.8135,3.7549
284,4.8506,3.6201
288,4.7988,3.5879
292,4.8145,3.6895
296,4.8154,3.6826
300,4.8232,3.7949
304,4.8320,3.5518
308,4.8213,3.7988
312,4.8223,3.5342
316,4.8018,3.6299
320,4.8242,3.7598
324,4.8262,3.7559
328,4.8164,3.6523
332,4.8223,3.7520
336,4.8164,3.6182
340,4.8252,3.8691
344,4.8125,3.7012
348,4.8242,3.5449
352,4.8320,3.6641
356,4.8262,3.6465
360,4.8203,3.7695
364,4.8203,3.5439
368,4.8125,3.8887
372,4.8174,3.6885
376,4.8418,3.7402
380,4.8184,3.6943
384,4.8184,3.7422
388,10.4346,4.2041
392,4.7979,3.5928
396,4.8291,3.7217
400,4.8252,3.8809
404,4.8135,3.6016
408,4.8135,3.6240
412,4.8037,3.7510
416,4.7998,3.5830
420,4.8057,3.6934
424,4.8271,3.5693
428,4.7988,3.5410
432,4.8242,3.7285
436,4.8164,3.7383
440,4.8232,3.6992
444,4.8174,3.8242
448,4.8135,3.8311
452,4.8105,3.6602
456,4.8125,3.9541
460,4.8174,3.7871
464,4.8096,3.7666
468,4.8262,3.7275
472,4.8086,3.7695
476,4.8203,3.6992
480,4.8057,3.5840
484,4.8203,3.7158
488,4.8330,3.5400
492,4.8125,3.7891
496,4.8135,3.6123
500,4.8027,3.6631
504,4.8145,3.7549
508,4.8311,3.5205
512,4.8242,4.3896
516,5.3242,4.0332
520,5.2207,4.3066
524,5.2324,3.9580
528,5.2285,4.1660
532,5.2061,3.9063
536,5.2148,3.9170
540,5.1904,3.9961
544,5.2139,14.5830
548,5.4326,4.4570
552,5.2832,3.9941
556,5.3223,4.1631
560,5.3037,4.1270
564,5.3408,4.0781
568,5.3262,4.1582
572,5.3037,4.0781
576,5.3271,4.1074
580,5.2969,4.0615
584,5.3145,4.0127
588,5.3418,4.2070
592,5.2998,4.1045
596,5.3457,4.1670
600,5.3271,4.0576
604,5.3174,3.9619
608,5.3662,4.2988
612,5.3145,4.0068
616,5.2881,3.9824
620,5.3047,4.2744
624,5.3604,4.3477
628,5.3271,4.2119
632,5.2969,4.3418
636,5.3115,3.9834
640,5.3408,4.3936
644,5.3076,4.0127
648,5.3311,4.3398
652,5.3135,4.2988
656,5.3252,4.1133
660,5.3154,4.1318
664,5.3047,4.0244
668,5.3135,3.8613
672,5.3115,4.0313
676,5.3008,4.0264
680,5.3252,4.2021
684,5.3027,3.9258
688,5.3203,4.1260
692,5.3213,4.0264
696,5.3213,3.9863
700,5.2900,4.1689
704,5.2979,4.0313
708,5.3291,4.1719
712,5.2871,4.0498
716,5.2959,4.1025
720,5.3145,3.9854
724,5.3252,4.0713
728,5.2988,4.0313
732,5.3223,4.0781
736,5.3262,4.1221
740,5.3008,10.1816
744,5.3535,4.3613
748,5.3643,4.1836
752,5.3057,4.2012
756,5.3369,4.3809
760,5.3154,3.9785
764,5.3057,4.0566
768,5.3213,4.1719
772,5.3135,3.9824
776,5.3154,4.0762
780,5.3340,4.0586
784,5.3145,4.0820
788,5.3330,4.0371
792,5.3174,4.2949
796,5.3174,4.1143
800,5.3379,4.2725
804,5.3320,4.2031
812,5.3047,3.9971
820,5.3096,3.9697
828,5.3271,4.0859
836,5.3223,4.0244
844,5.3281,4.1885
852,5.3242,4.0186
860,5.3232,4.0781
868,5.3154,4.0537
876,5.3291,4.1572
884,5.3301,4.2529
892,5.3330,4.3525
900,5.3262,4.1465
908,5.3252,4.3594
916,5.3242,4.2441
924,5.3213,4.1738
932,5.3301,4.2920
940,5.3350,4.1865
948,5.2813,4.0186
956,5.3623,4.4150
964,5.2949,4.1992
972,5.3281,4.2246
980,5.3477,4.3721
988,5.2891,4.0674
996,5.3555,4.3594
1004,5.3281,4.1650
1012,5.3633,4.3125
1020,5.3154,4.1826
1028,5.8252,4.9336
1036,5.8096,4.6621
1044,5.8154,4.6182
1052,5.7715,4.4678
1060,5.8105,4.6885
1068,5.8340,4.5986
1076,5.8145,4.6357
1084,5.8037,4.5996
1092,5.8291,4.7295
1100,5.8193,4.6025
1108,5.8213,4.5000
1116,5.8125,4.5947
1124,5.7715,4.4414
1132,5.8506,4.7900
1140,5.7627,4.4463
1148,5.8154,4.7002
1156,5.7314,4.4473
1164,5.7813,4.5400
1172,5.7607,4.5244
1180,5.7832,4.6875
1188,5.7354,4.4863
1196,5.8467,4.6592
1204,5.8096,4.5488
1212,5.7598,4.4990
1220,5.7988,4.5596
1228,5.7578,4.4951
1236,5.7646,4.4746
1244,5.7900,4.5928
1252,5.7393,4.5352
1260,5.8047,4.4922
1268,5.7959,4.5645
1276,5.8008,4.7402
1284,5.7939,4.6865
1292,5.7617,4.3984
1300,5.7627,4.3057
1308,5.7773,4.4951
1316,5.7725,4.3828
1324,5.7949,4.6797
1332,5.7676,4.5928
1340,5.7393,4.5264
1348,5.7988,4.6699
1356,5.7773,4.6416
1364,5.8037,4.6807
1372,5.7754,4.6064
1380,5.7490,4.6279
1388,5.7832,4.5000
1396,5.8262,4.6592
1404,5.7695,4.5576
1412,5.7861,4.4414
1420,5.7168,4.2813
1428,5.8223,4.5479
1436,5.7734,4.4453
1444,5.7676,4.6406
1452,5.7656,4.5137
1460,5.7881,4.4814
1468,5.7627,4.6748
1476,5.8105,4.6885
1484,5.7803,4.6709
1492,5.8037,4.4834
1500,5.7998,4.5986
1508,5.7588,4.6729
1516,5.8271,4.5850
1524,5.8066,4.5664
1532,5.7744,4.5029
1540,5.7441,4.4170
1548,5.7715,4.5469
1556,5.8291,4.5664
1564,5.7998,4.7617
1572,5.7910,4.6016
1580,5.8340,4.6094
1588,5.7734,4.3711
1596,5.7275,4.4229
1604,5.7949,4.6055
1616,5.8135,4.5938
1628,5.8232,4.9033
1640,5.7998,4.5020
1652,5.7725,4.5088
1664,5.7686,4.4668
1676,5.8213,4.4717
1688,5.8721,4.7813
1700,5.7588,4.4834
1712,5.8213,4.6455
1724,5.7461,4.3359
1736,5.8037,4.7764
1748,5.7949,4.5752
1760,5.7646,4.4824
1772,5.8037,4.5693
1784,5.7598,4.6084
1796,5.7686,4.3525
1808,5.8613,4.8789
1820,5.7852,4.5410
1832,5.8125,4.5225
1844,5.7715,4.5732
1856,5.7686,4.5059
1868,5.8564,4.7422
1880,5.7725,4.5303
1892,5.7852,4.5762
1904,5.7969,4.7451
1916,5.7891,4.5654
1928,5.7988,4.5957
1940,5.7910,4.5449
1952,5.7900,4.6211
1964,5.7676,4.5000
1976,5.7764,4.5127
1988,5.7803,4.4727
2000,5.7529,4.4893
2012,5.8340,4.7666
2024,5.7285,4.3203
2036,5.8086,4.6201
2048,5.8662,5.9092
2060,6.2236,5.1367
2072,6.1533,4.9854
2084,6.1807,5.1406
2096,6.1221,4.8994
2108,6.2383,5.3096
2120,6.1357,5.0117
2132,6.1895,5.1172
2144,6.1748,4.9434
2156,6.4229,5.0771
2168,6.1963,5.1865
2180,6.1572,5.0654
2192,6.1260,4.9941
2204,6.1445,5.1309
2216,6.1455,4.8652
2228,6.1016,5.0479
2240,6.1875,5.1670
2252,6.1709,5.0693
2264,6.1504,5.0684
2276,6.1328,4.9600
2288,6.1113,5.0625
2300,6.1152,4.9932
2312,6.1807,5.1992
2324,6.1914,5.0654
2336,6.1797,5.1201
2348,6.2041,5.2402
2360,6.1523,4.9336
2372,6.1680,5.0938
2384,6.1914,5.2324
2396,6.1865,5.2334
2408,6.1699,5.0098
2424,6.1494,5.0498
2440,6.1650,4.9639
2456,6.1777,5.1895
2472,6.2158,5.3262
2488,6.2246,5.0986
2504,6.1611,5.1016
2520,6.1191,4.8252
2536,6.1523,5.0039
2552,6.1953,5.2051
2568,6.1152,4.8779
2584,6.1719,4.9902
2600,6.1309,4.8887
2616,6.2295,5.1787
2632,6.1650,4.9814
2648,6.1787,5.2178
2664,6.1436,4.9707
2680,6.1992,5.1973
2696,6.1787,5.0977
2712,6.1533,5.1641
2728,6.2324,5.2148
2744,6.1357,5.0732
2760,6.1201,5.0576
2776,6.1426,4.8906
2792,6.1504,5.0762
2808,6.1396,4.9678
2824,6.1855,5.0781
2840,6.1279,4.9131
2856,6.1650,5.1250
2872,6.1543,4.9229
2888,6.2734,5.3623
2904,6.1533,5.1182
2920,6.1289,4.9639
2936,6.1973,5.2168
2952,6.2275,5.4600
2968,6.4443,4.8906
2984,6.5342,5.2568
3000,6.1865,5.1074
3016,6.1719,5.0615
3032,6.2178,5.2480
3048,6.1426,5.0928
3064,6.1875,5.1797
3080,6.1572,4.8584
3096,6.1445,5.1523
3112,6.1680,5.1592
3128,6.2100,5.3281
3144,6.1992,5.3076
3160,6.2695,5.4385
3176,6.1895,5.1885
3192,6.1289,5.0020
3208,6.1914,5.2002
3228,6.1777,5.1738
3248,6.1152,5.0566
3268,6.2031,5.3760
3288,6.1807,5.2090
3308,6.1377,5.1563
3328,6.1465,4.9834
3348,6.1914,5.1074
3368,6.1445,5.1172
3388,6.1289,4.8115
3408,6.2002,5.1846
3428,6.1943,5.1133
3448,6.2422,5.2246
3468,6.2217,5.2158
3488,6.1865,5.1035
3508,6.1729,5.0908
3528,6.1064,4.9707
3548,6.0371,4.7510
3568,6.1787,5.2773
3588,6.1963,5.0908
3608,6.1631,5.0723
3628,6.1963,5.0605
3648,6.1191,4.9307
3668,6.1201,5.0342
3688,6.2197,5.3213
3708,6.1426,4.9668
3728,6.1641,5.0947
3748,6.1182,4.9316
3768,6.2188,4.8320
3788,6.1260,4.9375
3808,6.2559,5.3408
3828,6.1973,5.1006
3848,6.0771,4.8389
3868,6.1523,4.9492
3888,6.1445,5.0439
3908,6.1553,5.0996
3928,6.1260,5.0068
3948,6.2344,5.2402
3968,6.1055,4.9883
3988,6.1641,5.2598
4008,6.2012,5.2139
4032,6.1484,5.0322
4056,6.1162,4.8154
4080,6.1611,5.0527
4104,6.7910,5.3711
4128,6.8027,5.5371
4152,6.8887,5.8867
4176,6.7285,5.4063
4200,6.8535,5.8184
4224,6.8057,5.7832
4248,6.7227,5.3096
4272,6.8467,5.9609
4296,6.7637,10.0840
4320,6.7002,5.2646
4344,6.8203,5.7227
4368,6.7764,5.5723
4392,6.7510,5.5098
4416,6.7793,5.4502
4440,6.7061,5.3936
4464,6.7207,5.5566
4488,6.7832,5.5859
4512,6.7354,5.5078
4536,6.7344,5.5713
4560,6.8350,5.9551
4584,6.7471,5.5020
4608,6.7471,5.6465
4632,7.1914,5.8906
4656,6.8281,5.6826
4680,6.7100,5.5137
4704,6.7852,5.6748
4728,6.7324,5.5381
4752,6.7715,5.6318
4776,6.6963,5.5332
4800,6.8516,5.9043
4824,6.9170,6.0244
4852,6.7881,5.7285
4880,6.7295,5.3887
4908,6.9131,6.0508
4936,6.7188,5.4277
4964,6.7383,5.5664
4992,6.8340,5.7705
5020,6.8125,5.8467
5048,6.7363,5.6191
5076,6.6729,5.3975
5104,6.8008,5.6396
5132,6.7520,5.5068
5160,6.7617,5.6475
5188,6.8115,5.7070
5216,6.7412,5.6143
5244,6.7393,5.6836
5272,6.7324,5.4248
5300,6.8311,5.8828
5328,6.7646,5.6963
5356,6.8193,5.7207
5384,6.7422,5.4590
5412,6.8115,5.6963
5440,7.0215,5.6201
5468,6.7842,5.5352
5496,6.7910,5.6094
5524,6.6982,5.3994
5552,6.6982,5.3506
5580,6.8545,5.8770
5608,6.7715,5.9072
5640,6.6934,5.4482
5672,6.7783,5.5938
5704,6.8125,5.9063
5736,6.7725,5.5137
5768,6.7900,5.7871
5800,6.8135,5.5713
5832,6.7715,5.5498
5864,6.7002,5.6045
5896,6.7275,5.4561
5928,6.7324,5.3779
5960,6.6738,5.3584
5992,6.7354,5.6455
6024,6.7256,5.5010
6056,6.7871,5.7334
6088,6.7568,5.5664
6120,6.8174,5.7656
6152,6.7842,5.7363
6184,6.7412,5.6768
6216,6.7773,5.6143
6248,6.7861,5.6924
6280,6.7998,5.7725
6312,6.8018,5.7041
6344,6.6670,5.3408
6376,6.7842,5.7822
6408,6.7393,5.4150
6444,6.7725,5.5781
6480,6.7480,5.6973
6516,6.7295,5.5107
6552,6.7783,5.6025
6588,6.8691,5.7920
6624,6.7295,5.4941
6660,6.7129,5.4297
6696,6.7793,5.5449
6732,6.8301,5.9004
6768,6.6650,5.4971
6804,6.8223,5.6982
6840,6.7549,5.4219
6876,6.7510,5.4717
6912,6.6797,5.3770
6948,6.8701,5.8330
6984,6.8516,5.9258
7020,6.7227,5.4990
7056,6.7549,5.6016
7092,7.1426,5.6143
7128,6.6943,5.6133
7164,6.8291,5.8047
7200,6.8105,5.6357
7236,6.8135,5.8477
7276,6.7441,5.3926
7316,6.7471,5.4561
7356,6.7383,5.4346
7396,6.7295,5.6250
7436,6.7432,5.6279
7476,6.7236,5.3750
7516,6.7891,5.6064
7556,6.7324,5.6406
7596,7.0928,5.5117
7636,6.7637,5.7695
7676,6.8154,5.7959
7716,6.7705,5.5908
7756,6.7266,5.6807
7796,6.7236,5.5039
7836,6.7178,5.5547
7876,6.7256,5.4199
7916,6.8154,6.0371
7956,6.7725,5.7314
7996,6.8027,5.8271
8036,6.7471,5.6992
8080,6.6963,5.4063
8124,6.8389,5.7432
8168,6.7354,5.4453
8212,7.2334,6.4746
8256,7.2930,6.4033
8300,7.1377,5.9951
8344,7.2725,6.1885
8388,7.2949,6.3721
8432,7.1816,6.1162
8476,7.1387,5.8320
8520,7.3184,6.4316
8564,7.1338,5.8730
8608,7.1455,5.8955
8652,7.2832,6.1514
8696,7.3115,6.3213
8740,7.2549,6.4365
8784,7.2627,6.0654
8828,7.1865,5.9785
8876,7.3242,6.4580
8924,7.2969,6.3633
8972,7.3320,6.3271
9020,7.2344,6.0137
9068,7.1650,5.9580
9116,7.1006,5.7285
9164,7.0801,5.8672
9212,13.1338,5.9756
9260,7.1924,6.0186
9308,7.1377,5.8896
9356,7.1074,5.7061
9404,7.2256,6.0342
9452,7.2227,6.0088
9500,7.2363,6.3027
9548,7.1875,6.2002
9596,7.1973,5.9570
9644,7.2773,6.2002
9696,7.2334,6.1357
9748,7.1494,5.7656
9800,7.2930,6.2461
9852,7.1465,5.8154
9904,7.2666,6.0947
9956,7.1963,6.0801
10008,7.1660,5.8525
10060,7.2051,6.0361
10112,7.2070,5.9785
10164,7.1035,5.6113
10216,7.2373,5.9609
10268,7.2461,6.0889
10320,7.1436,5.8809
10372,7.1533,5.8164
10424,7.1777,5.9258
10480,7.3252,6.4141
10536,7.1377,5.8770
10592,7.1738,5.9102
10648,7.3066,6.0537
10704,7.2871,6.2500
10760,7.3115,6.1582
10816,7.1699,5.8682
10872,7.2070,5.7813
10928,7.1484,5.8145
10984,7.1855,5.8955
11040,7.2617,6.0635
11096,7.2598,5.9863
11152,7.3643,6.3789
11208,7.1787,5.8848
11268,7.1543,5.7656
11328,7.2227,6.0049
11388,7.1494,5.8906
11448,7.2813,6.1787
11508,7.2178,6.0986
11568,7.2051,6.0303
11628,7.2900,6.3184
11688,7.1504,6.0420
11748,7.2139,6.0107
11808,7.2217,6.0645
11868,7.3096,6.1641
11928,7.1807,5.8535
11988,7.2461,6.1689
12048,7.2285,6.0156
12112,7.2227,6.1221
12176,7.1924,5.7734
12240,7.1572,5.8203
12304,7.2676,6.1406
12368,7.1689,5.8008
12432,7.2227,5.9209
12496,7.1689,5.8623
12560,7.3213,6.3965
12624,7.1338,5.8584
12688,7.1709,5.9121
12752,7.1182,5.7109
12816,7.1299,5.8398
12884,7.0391,5.6250
12952,7.2207,5.9971
13020,7.2090,5.9961
13088,7.1865,5.8428
13156,7.1934,5.8486
13224,7.2559,6.0479
13292,7.3232,6.1445
13360,7.2490,6.2080
13428,7.2471,6.1270
13496,7.2480,6.1602
13564,7.3066,6.1523
13632,7.1855,5.9277
13704,7.1641,5.8760
13776,7.2793,6.2031
13848,7.1797,5.9609
13920,7.1641,5.8535
13992,7.1719,5.8330
14064,7.1904,5.9365
14136,7.1475,6.0830
14208,7.1563,6.0186
14280,7.3662,6.5205
14352,7.2119,6.0098
14424,7.1357,5.8574
14500,7.3096,6.3760
14576,7.1465,5.9189
14652,7.2002,6.0625
14728,7.3223,6.4219
14804,7.2480,6.2061
14880,7.1885,5.9248
14956,7.1826,5.9590
15032,7.1816,6.1143
15108,7.1621,5.9893
15184,7.1816,6.0352
15260,7.2139,6.0850
15340,7.1836,5.9619
15420,7.2012,6.1631
15500,7.1172,5.7275
15580,7.2109,6.0273
15660,7.1963,6.2256
15740,7.1113,5.6836
15820,7.1260,5.7666
15900,7.2227,6.0625
15980,7.0781,5.6650
16060,7.2842,6.4521
16144,7.1709,5.8506
16228,7.2344,14.9727
16312,9.6836,6.5957
16396,7.8115,6.4160
16480,9.2080,7.2783
16564,7.7207,6.5244
16648,7.7920,6.5391
16732,7.6230,6.6855
16816,7.6182,6.5410
16904,7.7041,6.5010
16992,7.7480,6.5537
17080,7.5557,6.3838
17168,7.4746,6.3398
17256,7.7900,6.8105
17344,7.5742,6.4033
17432,7.7168,6.6611
17520,7.5313,6.3691
17608,7.4678,6.2939
17700,7.5469,6.4111
17792,7.6963,6.4531
17884,7.4727,6.3477
17976,7.4746,6.4365
18068,7.4980,6.3184
18160,7.5059,6.5771
18252,7.7334,6.5430
18344,7.4922,6.2832
18436,7.7617,6.7441
18532,7.6631,6.4932
18628,7.5674,6.3438
18724,7.4668,6.2764
18820,7.5000,6.3242
18916,7.6396,6.7695
19012,7.5537,6.2900
19108,7.5137,6.2451
19204,7.6318,6.4287
19304,7.4980,6.4102
19404,7.6045,6.4463
19504,7.5176,6.3135
19604,7.4922,6.3018
19704,7.6523,6.8262
19804,7.5352,6.4521
19904,7.6689,6.6797
20004,7.5527,6.4795
20108,7.5742,6.4941
20212,7.5811,6.6865
20316,7.4736,6.2275
20420,7.4600,6.2852
20524,7.5000,6.2549
20628,7.6133,6.4395
20732,7.5508,6.3994
20836,7.5654,6.4658
20944,14.0400,6.1670
21052,7.4551,6.1875
21160,7.5918,6.5859
21268,7.7021,6.6777
21376,7.6094,6.5820
21484,7.3936,6.1260
21592,7.5156,6.4150
21700,7.6543,6.8994
21812,7.5586,6.4043
21924,7.4375,6.1377
22036,7.6406,6.6943
22148,7.5088,6.4180
22260,7.4990,6.2891
22372,7.5498,6.4482
22484,7.4395,6.2207
22600,7.5938,6.5742
22716,7.4980,6.3613
22832,7.5469,6.3984
22948,7.5205,6.2031
23064,7.5801,6.3340
23180,7.5635,6.6309
23296,7.4111,6.2734
23416,7.4268,6.1904
23536,7.4033,6.0234
23656,7.5029,6.2041
23776,7.4863,6.3164
23896,7.4873,6.2949
24016,7.3838,6.0713
24140,7.5186,6.3516
24264,7.4600,6.2510
24388,7.4922,6.2871
24512,7.5508,6.5557
24636,7.5166,6.5371
24760,7.5156,6.4170
24884,7.5391,6.3184
25012,7.6465,6.6719
25140,7.5127,6.3408
25268,7.4883,6.3262
25396,7.5146,6.3701
25524,7.4307,6.1309
25652,7.4570,6.2852
25784,14.0635,6.3975
25916,7.5771,6.4678
26048,7.5225,6.4883
26180,7.5791,6.5137
26312,7.5000,6.2715
26444,7.4424,6.2490
26580,7.5186,6.4043
26716,7.4580,6.3350
26852,7.7793,6.8867
26988,7.5889,6.3887
27124,7.4971,6.4063
27260,7.5059,6.3555
27400,7.4404,6.2080
27540,7.5801,6.4805
27680,7.4053,6.0020
27820,7.4932,6.3545
27960,7.5518,6.5840
28100,7.4316,6.1865
28244,7.5430,6.5225
28388,7.4287,6.0947
28532,7.4336,6.1748
28676,7.3574,6.0742
28820,7.5303,6.3828
28968,7.6455,6.3809
29116,7.5430,6.4248
29264,7.5947,6.5635
29412,7.3818,6.0410
29560,7.5293,6.4248
29708,7.5117,6.4746
29860,7.4834,6.3896
30012,7.5010,6.3086
30164,7.5762,6.3926
30316,7.5586,6.3271
30468,7.4990,6.3740
30624,7.4863,6.2383
30780,7.4824,6.3564
30936,7.5137,6.3955
31092,7.4121,6.1592
31248,7.3936,6.1787
31408,7.4775,6.3760
31568,7.4307,6.1025
31728,12.4238,6.2998
31888,7.5000,6.2354
32048,7.5107,6.3203
32212,7.5244,6.3232
32376,7.4648,6.1885
32540,7.5088,6.3701
32704,7.5361,6.4629
32868,7.9736,6.9854
33036,7.9873,6.9297
33204,7.9375,6.9814
33372,7.9082,7.0674
33540,7.8965,6.9453
33708,7.8223,6.8428
33880,8.2100,7.2031
34052,7.9697,7.0342
34224,8.0146,7.1572
34396,7.6592,6.5078
34568,7.8066,6.7949
34744,7.9063,6.8818
34920,8.0391,6.8281
35096,7.9121,6.8604
35272,7.9824,7.1387
35452,7.8740,6.9482
35632,8.0166,7.1123
35812,7.9111,6.9277
35992,7.7832,6.7041
36172,8.0293,7.1992
36356,7.8369,6.7979
36540,7.9541,7.0410
36724,7.8955,6.9336
36908,7.6963,6.5840
37096,7.8369,6.7881
37284,7.9883,7.1475
37472,7.7686,6.6924
37660,7.8320,6.7422
37852,7.8643,6.7891
38044,7.8389,6.7656
38236,7.8633,6.9756
38428,8.0371,7.0801
38624,7.8613,6.7520
38820,7.8721,6.8711
39016,7.9258,6.8613
39212,7.9541,6.9453
39412,7.9609,7.1719
39612,7.9453,7.1230
39812,8.0430,7.1611
40012,7.9258,6.9941
40216,8.0615,7.3877
40420,7.9053,7.0029
40624,8.0010,7.3047
40828,8.0488,7.1602
41036,7.7334,6.7275
41244,7.8311,6.7490
41452,7.8945,7.0107
41660,8.1895,7.0908
41872,8.0293,7.1807
42084,8.1221,7.4502
42296,7.8447,6.7725
42508,7.9434,7.0078
42724,7.9727,6.9844
42940,7.9531,6.9287
43156,7.8818,6.9707
43372,7.9102,6.9932
43592,7.9531,7.1152
43812,7.8330,6.6191
44032,7.8828,6.8174
44256,7.9209,6.9902
44480,7.9004,6.9111
44704,7.9717,7.0469
44928,7.8447,6.8105
45156,7.9297,6.8623
45384,7.8936,6.8955
45612,7.9014,6.9072
45844,7.8496,6.8838
46076,7.9707,7.0781
46308,7.8789,6.8320
46540,7.8584,6.7598
46776,8.0098,7.2002
47012,15.2070,6.9883
47248,7.8994,7.0508
47488,7.9756,6.9707
47728,7.9424,6.9492
47968,7.8418,6.7178
48208,7.9297,6.8633
48452,7.7109,6.4297
48696,7.8701,6.8320
48940,7.8281,6.7998
49188,7.8438,6.8428
49436,7.8271,6.8174
49684,7.8682,6.8271
49936,7.8428,6.7168
50188,7.8545,6.7754
50440,7.8750,6.8994
50696,7.8027,6.7656
50952,7.9688,6.9609
51208,7.9385,7.0391
51468,7.8184,6.6250
51728,7.8818,6.8906
51988,7.9424,7.1865
52248,12.1729,7.0557
52512,7.9307,6.9131
52776,7.8799,6.8838
53040,7.8965,6.8037
53308,7.9258,6.9150
53576,8.0771,7.0713
53844,7.8682,6.9238
54116,7.9502,7.0283
54388,7.9736,7.0508
54660,7.9717,7.0068
54936,8.0215,7.0029
55212,7.8848,6.8359
55492,8.0127,7.1914
55772,7.9492,6.9326
56052,7.8262,6.6787
56336,7.8799,6.8789
56620,7.8994,6.8467
56904,7.9307,6.7373
57192,7.9521,6.9590
57480,7.9980,7.0449
57768,8.0859,7.3447
58060,7.9980,7.2168
58352,7.9404,7.0332
58644,7.7891,6.7471
58940,7.9023,6.8818
59236,7.8965,6.9502
59536,7.8506,6.7998
59836,7.7480,6.6084
60136,7.9170,7.1182
60440,7.9893,7.2500
60744,7.8545,6.7461
61048,7.8271,6.7783
61356,7.8379,6.7920
61664,7.7773,6.6992
61976,7.8838,6.9678
62288,7.9004,6.8916
62600,8.0420,7.3545
62916,7.9756,7.1338
63232,7.9492,7.0107
63552,7.9863,7.1084
63872,7.8818,6.9590
64192,7.9746,7.2295
64516,8.0264,7.3291
64840,7.9023,6.8574
65168,7.9199,6.9531
65496,7.9902,7.0420
65824,8.5117,7.5898
66156,8.2842,7.1309
66488,8.1904,6.9795
66824,8.2920,7.2061
67160,8.4404,7.5596
67496,8.4932,7.6025
67836,8.4121,7.4326
68176,8.4551,7.5439
68520,8.2324,7.0078
68864,8.3174,7.3125
69212,8.2061,7.1855
69560,8.4482,7.6348
69908,8.1885,6.9375
70260,8.2939,7.3379
70612,17.5264,7.4775
70968,11.8408,7.6523
71324,8.5068,7.3818
71684,8.5430,7.3867
72044,8.3916,7.2969
72408,8.5020,7.3691
72772,8.5166,7.6104
73136,8.5654,7.6025
73504,8.7363,7.7363
73872,8.5928,7.6104
74244,8.6416,7.8086
74616,8.5635,7.6592
74992,8.5205,7.4346
75368,8.6230,7.6504
75748,8.6123,7.7227
76128,8.5566,7.5654
76512,8.5820,7.6309
76896,8.4980,7.5332
77284,8.5586,7.7539
77672,8.6650,7.6973
78064,8.5400,7.5400
78456,8.7305,7.4814
78852,8.7646,7.5439
79248,8.6504,7.5615
79648,8.7012,7.4180
80048,8.4424,7.2969
80452,8.5254,7.3936
80856,13.4980,7.4678
81264,8.6992,7.5957
81672,8.6875,7.7471
82084,8.4961,7.4570
82496,8.7705,7.7969
82912,8.7236,8.0439
83328,8.3477,7.2256
83748,8.4209,7.3789
84168,8.5488,7.7070
84592,8.5195,7.5254
85016,8.6162,7.6621
85444,8.5742,7.6758
85872,8.6279,7.8428
86304,8.4941,7.4482
86736,8.5586,7.4961
87172,8.4922,7.3672
87608,8.5684,7.7041
88048,8.5117,7.4014
88492,8.6064,7.7070
88936,8.6074,7.5557
89384,8.5518,7.7148
89832,8.5635,7.8281
90284,8.3564,7.1787
90736,8.5225,7.4180
91192,8.4219,7.2822
91648,8.7783,7.9922
92108,8.6768,7.8945
92572,8.5693,7.3750
93036,8.5762,7.5713
93504,8.5771,7.5635
93972,8.3701,7.2383
94444,8.6865,7.7607
94920,8.6279,7.6113
95396,8.6445,13.1133
95876,8.6885,7.4697
96356,8.6270,7.7285
96840,8.5996,7.7432
97328,8.5381,7.3760
97816,8.4521,7.3008
98308,8.5811,7.6982
98800,8.5996,7.6211
99296,8.6318,7.6387
99796,8.5732,7.4609
100296,8.5791,7.5371
100800,8.6250,7.7002
101304,8.6572,7.6689
101812,8.6641,7.6406
102324,8.4922,7.3994
102836,8.5098,7.4082
103352,8.4746,7.3789
103872,8.5049,7.4961
104392,8.4395,7.1914
104916,8.5938,7.7471
105444,8.3672,7.1553
105972,8.6309,7.6592
106504,8.5420,7.4521
107040,8.7627,7.9365
107576,8.5059,7.3652
108116,8.4512,7.4951
108660,8.6543,7.6582
109204,8.5039,7.4414
109752,8.5059,7.4521
110304,8.4473,7.4473
110856,8.4365,7.3701
111412,8.6816,7.7373
111972,8.3311,7.1602
112532,8.7549,7.9277
113096,8.5664,7.5547
113664,8.6660,7.6436
114236,8.5781,7.7773
114808,8.7217,7.5537
115384,8.6377,7.8184
115964,8.3418,7.1064
116544,8.5352,7.4268
117128,8.6338,7.6250
117716,8.7207,7.6719
118308,8.5820,7.4150
118900,8.5273,7.5391
119496,8.7598,7.8057
120096,8.6689,7.8643
120700,8.6621,7.7578
121304,8.6357,7.8018
121912,8.4746,7.3818
122524,8.5781,7.5586
123140,8.5107,13.5859
123756,8.6729,7.4424
124376,8.4805,7.2813
125000,8.5342,7.4453
125628,8.6143,7.4590
126260,8.4580,7.4238
126892,8.3838,7.1396
127528,8.7744,8.1699
128168,8.5127,7.4951
128812,8.7256,7.9941
129460,8.5781,7.5811
130108,8.5811,7.7227
130760,8.4531,7.6084
131416,8.9697,7.6934
132076,9.1357,8.0469
132740,9.2842,8.4238
133404,9.2061,7.9912
134072,9.1357,7.8096
134744,9.0645,7.8926
135420,9.1074,7.8691
136100,9.4482,8.3369
136784,9.4580,8.4189
137468,9.3145,8.2764
138156,9.3223,8.3691
138848,9.1104,7.9463
139544,9.0127,7.9355
140244,9.0742,7.8965
140948,9.2188,8.0283
141656,9.1260,7.9268
142368,9.0801,7.9502
143080,9.2627,8.1826
143796,9.5186,14.9980
144516,9.3535,8.0479
145240,10.2666,7.8213
145968,9.0811,7.9434
146700,9.0889,7.6211
147436,8.9658,7.9551
148176,9.2832,7.8330
148920,9.1855,8.3184
149668,8.9414,7.9180
150420,8.9619,7.8652
151176,8.7881,7.7402
151932,9.4600,8.0166
152692,8.9863,7.8809
153456,8.9912,7.8818
154224,8.8096,7.6885
154996,8.8662,7.6279
155772,8.9805,7.9502
156552,8.9883,7.6738
157336,8.8867,7.7021
158124,8.9717,7.8652
158916,9.0000,7.6807
159712,9.1465,8.2520
160512,9.2344,8.2578
161316,8.8730,7.6445
162124,8.9854,7.7910
162936,8.8066,7.4688
163752,9.0488,7.9609
164572,9.0654,7.8135
165396,8.9893,7.9844
166224,8.8867,7.7998
167056,8.8418,7.8291
167892,8.8076,7.5996
168732,8.9600,7.8027
169576,9.1182,8.0625
170424,9.0557,8.0518
171280,9.0156,7.8447
172140,8.9063,7.6572
173004,9.1055,7.9912
173872,8.8652,7.7461
174744,9.1094,8.1045
175620,8.8633,7.6768
176500,8.8564,7.8809
177384,8.8564,7.6729
178272,9.1348,8.2881
179164,9.1455,8.1025
180060,9.0908,7.9199
180964,8.9023,7.4590
181872,8.8389,7.6123
182784,9.0117,8.0010
183700,8.8457,7.7793
184620,8.8906,7.5342
185544,8.9277,7.7051
186472,8.9785,7.8369
187408,9.1533,8.2188
188348,9.0117,7.9893
189292,9.2471,8.3037
190240,8.9072,7.9775
191192,8.8936,7.8750
192148,9.2148,8.4141
193112,9.0479,8.0859
194080,9.0459,8.0957
195052,9.0498,8.0498
196028,8.8721,7.8320
197012,9.0713,8.0801
198000,8.9805,8.0430
198992,9.0596,7.8076
199988,9.1221,8.0195
200988,9.2061,8.1660
201996,9.0938,8.1416
203008,9.0313,8.0059
204024,9.0244,7.9414
205048,9.0283,7.9316
206076,8.9307,7.7900
207108,8.8291,7.5791
208144,8.8447,7.7490
209188,8.8916,7.6396
210236,9.0498,7.8613
211288,8.9570,7.8154
212348,8.8555,7.7734
213412,8.9619,7.7461
214480,9.1006,8.2158
215556,9.0352,7.7266
216636,9.0723,8.0850
217720,9.1250,8.0771
218812,9.0557,8.0293
219908,9.1445,8.1553
221008,8.9551,7.8994
222116,13.6240,7.9746
223228,9.1006,8.0576
224348,8.9639,8.1592
225472,9.1504,8.3896
226600,8.9521,7.8379
227736,9.0000,7.9678
228876,8.9775,7.8955
230024,9.1064,8.2266
231176,9.0156,7.9512
232332,8.7959,7.8408
233496,9.0557,8.0938
234664,8.7324,7.4316
235840,8.9717,7.7529
237020,9.0273,7.9229
238208,9.1035,8.2119
239400,8.8447,7.6523
240600,9.0781,8.1777
241804,9.0713,8.0039
243016,8.9717,7.7373
244232,8.9785,7.7852
245456,9.0361,8.2188
246684,8.9199,7.9316
247920,9.1484,8.2188
249160,8.8779,7.7471
250408,8.8340,7.7471
251664,8.8916,7.6865
252924,9.2178,7.8750
254192,8.8438,7.7461
255464,9.0889,7.5771
256744,9.2598,8.2793
258028,9.1953,8.0957
259320,17.4941,8.0781
260620,9.1758,8.1035
261924,9.3809,8.5117
263236,9.5898,8.8682
264556,9.6650,8.7188
265880,9.6621,8.5273
267212,9.5166,8.3447
268552,10.0400,9.3076
269896,9.5742,8.3379
271248,9.9658,8.9707
272608,9.6816,8.5273
273972,9.6680,8.4414
275344,9.8516,8.7217
276724,9.8232,8.6865
278108,9.6719,8.6035
279500,9.6855,8.5820
280900,9.6719,8.3594
282308,9.8125,8.6816
283720,10.0068,8.8857
285140,9.7217,8.6172
286568,9.5674,8.1826
288004,9.7490,8.4502
289448,9.8711,8.9199
290896,9.5029,8.3418
292352,9.5732,8.3926
293816,9.7363,8.6816
295288,9.6377,8.6152
296768,9.7354,8.6055
298252,9.7959,8.5459
299744,9.8350,8.7549
301244,9.6895,8.5674
302752,9.4551,8.2305
304268,9.7979,8.7217
305792,9.8096,8.7773
307324,9.7822,8.7344
308864,9.8516,9.0146
310412,9.7715,8.7998
311968,9.6885,8.6436
313528,9.5713,8.5020
315096,9.9375,9.1318
316672,9.8643,8.9336
318256,9.6270,8.5146
319848,9.8184,8.8877
321448,9.8193,9.0898
323056,9.7236,8.7822
324672,9.7363,8.6826
326296,9.7246,8.8008
327928,9.4688,8.1670
329568,9.5840,8.3789
331216,9.7305,8.6465
332876,9.4395,8.0869
334544,9.5088,8.5996
336220,9.4756,8.1436
337904,9.5156,8.3018
339596,10.1309,9.3027
341296,9.6191,8.5322
343004,9.5859,8.6016
344720,9.6377,8.5449
346444,9.6904,8.4971
348180,9.6621,8.6650
349924,9.7588,8.8047
351676,9.5938,8.7021
353436,9.6260,8.6309
355204,9.6494,8.4023
356984,9.5938,8.4746
358772,9.4521,8.3271
360568,9.7188,8.6152
362372,9.7617,8.6162
364184,9.7617,8.6787
366008,9.6289,8.3232
367840,9.7275,8.6582
369680,9.6465,8.6816
371532,9.5391,8.4795
373392,9.4375,8.2549
375260,9.5518,8.4082
377140,9.4912,8.1943
379028,9.8682,8.8262
380924,9.7969,8.7422
382832,9.6377,8.5479
384748,9.7178,8.6221
386672,9.8535,8.8809
388608,9.6846,8.5215
390552,9.7080,8.7061
392508,9.6338,8.4277
394472,9.6475,8.5947
396448,9.7666,8.5713
398432,9.7373,8.8223
400428,9.5732,8.2969
402432,9.7295,8.8311
404448,9.5352,8.3799
406472,9.3975,8.1318
408508,9.7295,8.7529
410552,9.7959,8.9326
412608,9.7764,8.7441
414672,9.6953,8.6514
416748,9.8291,14.0068
418832,9.5420,8.5615
420928,9.7012,8.6016
423036,9.7598,8.8330
425152,9.6182,8.5273
427280,9.7588,8.9678
429420,9.4111,8.0596
431568,9.5430,8.3232
433728,9.6113,8.6533
435900,9.8594,8.7441
438080,9.7686,8.9111
440272,9.5410,8.3965
442476,9.5947,8.4648
444692,9.4248,8.3848
446916,9.4180,8.2051
449152,9.9297,8.9961
451400,9.5439,8.3818
453660,9.7021,8.7949
455932,9.3174,8.1641
458212,9.5107,8.4033
460504,9.4990,8.6699
462808,9.5723,8.7813
465124,9.6738,8.7480
467452,9.5313,8.6191
469792,9.7959,8.7295
472144,9.9141,8.9873
474508,9.6602,8.5322
476884,9.8936,8.9482
479272,9.6084,8.4678
481672,9.8535,8.9404
484084,9.4902,8.3877
486508,9.5313,8.3135
488944,9.5869,8.4795
491392,9.5557,8.3184
493852,9.6875,8.6543
496324,9.5752,8.2383
498808,9.5752,8.7930
501304,9.5508,8.5049
503812,9.7354,8.7744
506332,9.7275,8.6963
508864,9.6504,8.6865
511412,9.8574,8.9814
513972,9.6182,8.4678
516544,9.7852,8.6416
519128,9.5693,8.4521
521724,9.6533,15.5459
524336,9.8691,9.4375
526960,10.0938,9.0273
529596,9.9580,8.8545
532244,10.2451,9.4844
534908,10.0820,9.0371
537584,10.3447,9.4219
540272,10.0459,9.0596
542976,9.9219,8.8799
545692,10.2197,9.2461
548424,10.0928,8.9863
551168,10.1152,8.9531
553924,10.1758,9.2627
556696,10.1963,9.1768
559480,10.1895,9.1924
562280,10.3369,9.4814
565092,9.8916,8.6914
567920,10.6670,9.3477
570760,10.2334,9.2861
573616,10.4316,9.5391
576488,9.9473,8.8242
579372,10.3848,10.4238
582272,10.0684,8.6904
585184,9.7578,8.5400
588112,9.9580,8.9277
591056,9.9629,9.0254
594012,9.8662,8.8301
596984,10.0439,8.8652
599972,9.9453,8.8477
602972,10.0889,9.1045
605988,9.9619,8.8252
609020,9.6963,8.6445
612068,9.9482,8.9551
615132,10.0020,8.8770
618208,10.0615,9.0918
621300,10.0244,8.8613
624408,9.8232,8.5732
627532,10.0703,8.8057
630672,9.8848,8.5840
633828,9.7979,8.6992
637000,10.3389,9.2002
640188,9.8789,8.7734
643392,10.1514,9.1133
646612,9.7949,8.6484
649848,9.8154,8.7803
653100,9.7637,8.6631
656368,10.0674,8.9893
659652,10.1045,9.0518
662952,10.0820,9.1631
666268,9.7676,8.5615
669600,9.7275,8.6523
672948,9.9063,8.9395
676316,9.7773,8.6729
679700,10.0625,9.1172
683100,9.9707,8.9287
686516,10.2588,9.3477
689952,10.0205,8.9268
693404,9.9053,8.9404
696872,9.9805,8.7090
700360,9.9307,8.8193
703864,9.8555,8.9365
707384,10.1260,9.4121
710924,10.0000,8.9727
714480,10.1660,9.3604
718056,9.9463,8.9170
721648,9.7119,8.4893
725260,9.9492,9.0830
728888,9.7783,8.6885
732536,9.7422,8.6367
736200,10.0596,9.0820
739884,10.0264,8.9023
743584,9.9414,8.7959
747304,10.1445,8.7637
751044,10.0381,8.6514
754800,9.8535,8.7041
758576,9.8477,8.7539
762372,10.1074,9.4619
766184,10.3086,9.2100
770016,10.0430,9.0625
773868,9.8447,8.8037
777740,10.0879,9.1611
781632,10.0840,9.1914
785544,9.7412,8.4941
789472,9.8281,8.6963
793420,9.9688,8.9092
797388,9.9404,9.0430
801376,10.1201,9.0811
805384,9.9404,9.0762
809412,9.8750,8.7637
813460,9.8604,8.8398
817528,9.8145,8.7100
821616,15.4844,8.8076
825728,9.9102,8.8857
829860,10.0566,9.1543
834012,10.0654,9.1084
838184,10.1836,9.2793
842376,9.9746,8.7979
846588,10.2510,9.5186
850824,10.1123,9.0918
855080,9.8311,9.0273
859356,10.0469,9.0488
863656,9.8398,8.7393
867976,9.8594,8.7031
872316,9.6602,8.5986
876680,9.9580,9.0537
881064,9.9043,8.7441
885472,10.2012,9.1914
889900,10.0762,9.2490
894352,10.4463,9.4355
898824,10.0498,9.1152
903320,9.9082,8.6807
907840,10.1123,9.2021
912380,9.8770,8.8525
916944,9.8711,8.9092
921532,9.9951,8.8203
926140,9.9961,8.9385
930772,10.0537,9.1348
935428,10.1719,9.0879
940108,10.0029,9.0869
944812,10.0322,9.0898
949540,9.9307,8.9297
954288,10.0459,9.1826
959060,9.7832,8.5869
963856,9.9844,9.1074
968676,9.9619,9.0078
973520,10.1338,8.9775
978388,10.2285,9.2822
983280,9.9209,8.8291
988200,9.8203,8.7813
993144,9.7627,8.6777
998112,9.8848,8.6768
1003104,10.1230,8.8916
1008120,10.1748,9.2842
1013164,10.2188,8.8096
1018232,9.6953,8.5352
1023324,9.8691,8.8867
1028444,9.9453,8.8506
1033588,10.0664,9.1973
1038756,9.8389,8.6455
1043952,9.7236,8.6689
1049172,10.7441,9.7656
1054420,10.4375,9.3115
1059696,10.4844,9.4717
1064996,10.7139,9.6523
1070324,10.7754,9.2695
1075676,10.7305,9.6182
1081056,10.3135,9.3545
1086464,10.3467,9.1953
1091900,10.5303,9.4111
1097360,10.6865,9.7920
1102848,10.3330,9.2871
1108364,10.8184,9.4434
1113908,10.5840,9.4307
1119480,10.4004,9.2441
1125080,10.4668,9.1162
1130708,10.6865,9.6729
1136364,10.7295,9.8369
1142048,10.8701,9.6982
1147760,10.9111,9.8789
1153500,10.6660,9.5801
1159268,10.6670,9.5527
1165068,10.4248,9.1201
1170896,10.5439,9.4375
1176752,10.7139,9.7637
1182636,10.5088,9.1836
1188552,10.6787,9.6904
1194496,10.8633,9.8379
1200472,10.6699,9.5205
1206476,10.5703,9.6289
1212512,10.6592,9.6348
1218576,10.3828,9.0459
1224672,10.4521,9.4219
1230796,10.6055,9.6914
1236952,10.4248,9.2393
1243140,10.8115,9.6484
1249356,10.6660,9.6885
1255604,10.6172,9.4775
1261884,10.5488,9.5479
1268196,10.5488,9.3223
1274540,10.6602,9.5107
1280916,10.6289,9.4229
1287324,10.3955,9.2314
1293764,10.4785,9.3115
1300236,10.5732,9.4561
1306740,10.6348,9.4980
1313276,10.7100,9.7070
1319844,10.6084,9.5166
1326444,10.6016,9.4385
1333080,10.5449,9.4229
1339748,10.8398,9.8965
1346448,11.0273,10.1309
1353184,10.6279,9.6875
1359952,10.5020,9.3525
1366752,19.3086,9.3389
1373588,10.4697,9.0439
1380456,10.7959,9.9131
1387360,10.6055,9.3730
1394300,10.4277,9.3467
1401272,10.3857,9.1807
1408280,10.2520,9.0078
1415324,10.7871,9.7861
1422404,10.5430,9.2920
1429520,10.4961,9.3926
1436668,10.5049,9.4170
1443852,10.6162,9.4111
1451072,10.3096,15.9863
1458328,10.5576,9.3447
1465620,11.1064,10.1309
1472952,10.4258,9.1992
1480320,10.6221,9.4189
1487724,10.6943,9.5654
1495164,10.7969,9.8291
1502640,10.7129,9.5098
1510156,10.8164,9.7939
1517708,10.7451,9.7295
1525300,10.9189,9.8047
1532928,10.4404,9.3623
1540596,10.5898,9.5918
1548300,10.6396,9.6035
1556044,10.7549,9.9043
1563828,10.7988,9.6885
1571648,10.4072,9.3330
1579508,10.7188,9.4189
1587408,10.8184,9.9365
1595348,10.7422,9.6045
1603328,11.0479,9.9609
1611348,10.5820,9.3633
1619408,10.8418,9.7002
1627508,10.9502,9.7412
1635648,10.6143,9.3594
1643828,10.5225,9.3643
1652048,10.6699,9.3984
1660312,10.6611,9.4531
1668616,10.4844,9.3027
1676960,10.6592,9.4521
1685348,10.3672,8.9990
1693776,11.0439,10.1084
1702248,10.8203,9.9541
1710760,10.7061,9.6689
1719316,10.7227,9.9883
1727916,10.4922,9.4150
1736556,10.5420,9.5889
1745240,10.9102,9.9258
1753968,10.7295,9.6084
1762740,11.0088,9.8174
1771556,11.0127,10.3467
1780416,10.9590,9.9785
1789320,10.7734,9.8105
1798268,10.8223,9.8027
1807260,10.9502,10.0537
1816300,10.3799,9.1846
1825384,10.6182,9.5791
1834512,10.3652,15.9473
1843688,10.7334,9.4688
1852908,10.4922,9.4141
1862176,10.5508,9.4990
1871488,10.9805,9.8740
1880848,10.5156,9.4277
1890256,10.5029,9.1582
1899708,11.0283,9.9287
1909208,10.8613,9.7803
1918756,10.5986,9.2959
1928352,10.5518,9.4365
1937996,10.8232,9.5293
1947688,10.7119,9.6191
1957428,10.9883,9.8545
1967216,10.5303,9.1885
1977056,10.5059,9.3984
1986944,10.7734,9.6846
1996880,10.8643,9.7822
2006868,10.3975,9.2031
2016904,10.5332,9.4971
2026992,10.9258,9.8330
2037128,10.6748,9.5850
2047316,10.8887,9.8828
2057556,10.8145,9.6133
2067844,10.5918,9.4385
2078184,10.4668,9.2168
2088576,11.2920,10.7441
2099020,11.4834,17.3037
2109516,11.2666,10.2627
2120064,11.1406,10.1357
2130668,11.6641,10.8545
2141324,11.1650,10.1074
2152032,11.3584,10.2393
2162796,11.6191,10.7900
2173612,11.2451,10.5127
2184484,11.1748,10.0898
2195408,11.4160,10.6963
2206388,11.0059,9.9092
2217420,11.2119,9.9609
2228508,11.6484,10.6777
2239652,11.2178,10.3223
2250852,11.6982,10.5176
2262108,11.4512,10.5947
2273420,11.2236,10.5605
2284788,11.3281,10.3643
2296212,11.2168,10.1338
2307696,10.8740,9.8408
2319236,11.5967,10.7373
2330836,11.1855,10.6025
2342492,11.5215,10.3291
2354208,11.1035,9.8955
2365980,11.0527,10.0020
2377812,11.0820,10.1914
2389704,11.4609,10.5820
2401656,13.4219,11.2598
2413668,11.7520,23.4365
2425740,11.7412,10.7295
2437872,11.1963,10.0322
2450064,11.0117,9.9180
2462316,11.5869,10.3877
2474628,11.6943,11.2666
2487004,11.5439,10.5674
2499440,11.1064,10.0869
2511940,10.9824,9.6729
2524500,11.7012,10.4941
2537124,10.9941,10.0469
2549812,11.3105,10.2061
2562564,11.2305,10.4063
2575380,10.8535,9.5527
2588260,11.3457,10.2002
2601204,11.0449,10.0068
2614212,11.5557,10.4395
2627284,11.6279,10.5938
2640424,11.5781,10.5742
2653628,11.5967,10.4561
2666900,11.4580,10.4971
2680236,10.9727,9.8574
2693640,10.9961,9.8389
2707112,11.2383,10.0869
2720648,11.2988,10.4004
2734252,10.9180,9.8516
2747924,11.8086,10.6162
2761664,11.3018,10.3760
2775476,11.5615,18.5332
2789356,11.2578,10.2139
2803304,11.5576,10.8027
2817324,11.1729,10.3721
2831412,11.3154,10.3027
2845572,11.9160,10.8145
2859800,11.4531,10.6055
2874100,11.8535,10.8633
2888472,11.5225,10.5615
2902916,11.6396,10.7334
2917432,11.1768,10.1846
2932020,11.0859,9.8838
2946684,11.6943,10.6660
2961420,11.3311,10.1680
2976228,11.6592,10.9648
2991112,12.1182,11.3545
3006068,11.0254,10.0430
3021100,11.4932,16.4482
3036208,12.0713,11.2314
3051392,11.3818,10.0430
3066652,12.3477,11.5967
3081988,11.5244,10.5039
3097400,11.0420,9.8896
3112888,11.8711,11.0850
3128456,11.4170,10.3594
3144100,11.4287,10.6885
3159824,11.9004,11.0645
3175624,11.2051,10.1152
3191504,11.4219,10.3096
3207464,11.5674,10.4668
3223504,11.4951,10.6348
3239624,12.0928,11.5098
3255824,11.7793,10.8135
3272104,10.7949,9.9004
3288468,11.4316,10.4336
3304912,10.9189,9.8672
3321440,11.8896,10.6943
3338048,11.9951,11.1064
3354740,12.0449,11.1094
3371516,11.6387,13.6719
3388376,11.5684,10.6016
3405320,11.6846,10.5313
3422348,11.5361,10.8555
3439460,11.2969,9.8496
3456660,11.1533,9.8701
3473944,11.4121,10.4541
3491316,11.3672,10.3066
3508776,10.9961,9.6641
3526320,11.9131,11.2334
3543952,11.1650,16.4658
3561672,11.6367,10.5850
3579484,11.2725,10.2832
3597384,11.8906,10.7451
3615372,11.5615,10.5410
3633452,11.6094,10.8818
3651620,10.9404,10.1299
3669880,11.5439,10.4717
3688232,12.0605,11.1826
3706676,11.2607,9.9658
3725212,11.1699,17.2119
3743840,19.3955,17.8115
3762560,11.8418,10.8535
3781376,11.3525,10.3418
3800284,11.4551,10.5615
3819288,11.1650,10.0137
3838388,11.7988,11.0703
3857580,11.3047,10.2686
3876868,11.8643,11.2803
3896256,11.6807,10.3389
3915740,11.8320,11.2539
3935320,11.9131,10.8477
3955000,11.5029,9.8672
3974776,11.2520,10.1250
3994652,11.3398,10.2168
4014628,11.4619,10.4248
4034704,11.2549,10.4141
4054880,11.5479,10.5273
4075156,10.7656,9.5996
4095532,11.7578,10.9014
4116012,11.1875,9.9336
4136596,11.7021,10.8994
4157280,11.6484,11.1514
4178068,11.8701,10.6699
4198960,11.8691,10.9619
4219956,12.6777,12.0439
4241056,12.4658,11.3457
4262264,12.4053,11.8711
4283576,11.8037,11.0547
4304996,11.9385,10.9688
4326524,12.7354,11.8496
4348160,14.9268,11.5098
4369904,11.6914,10.6191
4391756,12.7168,11.9209
4413716,12.1377,10.8252
4435788,12.4512,11.4775
4457968,12.3564,11.6650
4480260,12.6113,12.0684
4502664,11.9648,10.7549
4525180,12.1348,11.1660
4547808,11.6689,10.7559
4570548,12.7070,11.8643
4593404,12.5781,11.4131
4616372,12.3643,11.1582
4639456,12.1357,11.1797
4662656,11.9063,10.9023
4685972,12.0176,11.0010
4709404,12.5840,12.0186
4732952,12.3496,11.0830
4756620,11.5117,10.6299
4780404,11.9014,10.7178
4804308,12.2627,11.4111
4828332,12.2988,11.6494
4852476,12.2822,11.3350
4876740,12.2979,11.3330
4901124,13.3389,10.6660
4925632,13.1934,12.6348
4950264,12.7432,12.4482
4975016,12.6680,11.4805
4999892,12.8369,11.6338
5024892,12.1318,11.3535
5050020,12.5488,11.7402
5075272,12.1494,10.8203
5100652,12.5605,11.9844
5126156,11.6309,10.6279
5151788,11.9590,10.9727
5177548,12.8799,11.9893
5203436,13.6328,11.1631
5229456,11.1484,9.9619
5255604,12.5234,11.3086
5281884,11.6113,10.5410
5308296,14.3633,11.3262
5334840,12.2471,10.9570
5361516,12.0459,10.9102
5388324,13.0732,14.7686
5415268,12.3135,10.4141
5442348,11.8447,11.1426
5469560,12.6865,11.9492
5496908,11.4854,10.3984
5524396,11.9346,11.2080
5552020,12.3672,11.3330
5579784,12.6328,11.8877
5607684,12.0635,11.1143
5635724,12.4580,11.7939
5663904,12.7871,12.5313
5692224,12.9072,12.4395
5720688,11.9736,10.7861
5749292,12.3701,11.3145
5778040,12.5469,11.9570
5806932,12.0254,11.1670
5835968,12.3428,11.7988
5865148,12.2520,11.4111
5894476,12.0098,10.8604
5923952,13.8896,11.7793
5953572,11.9600,10.6924
5983340,13.2686,12.4805
6013260,11.3184,12.5566
6043328,12.6826,11.8184
6073548,11.7949,10.4912
6103916,12.2568,11.1455
6134436,12.3896,11.6602
6165112,12.3154,11.4072
6195940,12.9229,12.1563
6226920,15.7695,12.7363
6258056,11.9395,10.8340
6289348,13.1211,12.5684
6320796,12.0889,11.2988
6352400,12.7031,11.9521
6384164,12.7686,11.8164
6416088,12.4902,11.6416
6448172,12.6182,11.9785
6480416,12.5986,11.7598
6512820,12.9785,12.3369
6545388,12.0371,10.8389
6578116,12.4873,11.0986
6611008,12.0068,11.0430
6644064,12.3818,11.3809
6677288,12.8262,11.6533
6710676,12.1895,11.6348
6744232,11.9209,10.6357
6777956,13.1982,11.9004
6811848,12.1035,11.1563
6845908,13.1172,12.3457
6880140,12.7520,11.3652
6914544,12.9277,12.1875
6949120,13.0625,12.1426
6983868,12.8916,11.4277
7018788,12.1143,10.5840
7053884,12.5957,11.5215
7089156,12.7422,11.3291
7124604,12.1074,10.9707
7160228,11.6543,10.6816
7196032,13.3848,12.6982
7232016,12.4307,11.4688
7268180,12.0967,11.2285
7304524,12.7012,11.8164
7341048,12.4170,11.7822
7377756,12.4766,11.4727
7414648,12.1943,11.1230
7451724,12.3408,12.1338
7488984,12.8340,11.7832
7526432,11.9531,10.7695
7564068,12.8467,11.9453
7601892,12.6680,11.6719
7639904,12.3809,11.5723
7678104,12.7139,12.0059
7716496,11.9316,11.1807
7755080,12.3867,11.2109
7793856,12.6318,11.9385
7832828,12.2842,11.2959
7871996,12.3096,11.3076
7911356,12.9541,12.8682
7950916,12.2930,11.0527
7990672,12.0664,10.8623
8030628,12.1270,10.9482
8070784,12.4463,11.8086
8111140,13.6113,11.2090
8151696,13.0068,12.1592
8192456,12.6035,11.4893
8233420,12.6455,11.6943
8274588,12.0557,10.6309
8315964,13.5879,13.5049
8357544,12.5850,11.7803
8399332,12.2803,11.2129
8441332,13.0977,12.3779
8483540,12.7090,12.3271
8525960,12.7021,11.7861
8568592,12.1084,10.8887
8611436,11.6484,10.3838
8654496,12.3379,11.5215
8697772,12.1465,10.6211
8741264,13.1484,12.9492
8784972,13.2568,12.4590
8828900,12.0732,11.2666
8873048,12.0928,11.0645
8917416,12.2031,11.7920
8962004,13.3105,12.3105
9006816,12.5879,12.1279
9051852,12.7461,11.8779
9097112,13.3721,12.7803
9142600,12.7871,11.7480
9188316,12.8174,11.7373
9234260,12.9297,12.1738
9280432,12.5020,11.8633
9326836,12.4053,11.5635
9373472,12.6172,12.1777
9420340,12.0771,11.3486
9467444,12.1025,11.0264
9514784,12.4473,11.6768
9562360,12.3584,11.7871
9610172,12.6650,11.3008
9658224,12.7441,12.1504
9706516,12.4463,11.5498
9755052,12.0215,10.9414
9803828,13.4854,13.6729
9852848,13.8857,13.6357
9902116,12.7930,12.0801
9951628,12.8145,12.1582
10001388,13.6064,12.6309
10051396,14.8701,13.7119
10101656,12.9150,12.8457
10152168,12.7910,12.3086
10202932,13.4512,12.9512
10253948,13.6924,13.9658
10305220,13.2012,12.2080
10356748,13.7158,13.0459
10408532,12.9385,12.6016
10460576,12.7500,12.1279
10512880,12.5586,11.6523
10565448,13.7354,11.9922
10618276,12.7646,12.4854
10671368,12.7578,12.5840
10724728,12.7051,12.2070
10778352,12.1914,18.4766
10832244,12.6621,12.1357
10886408,11.8281,10.9365
10940844,12.3838,11.3379
10995552,13.0938,12.5273
11050532,13.5615,11.2461
11105788,13.1631,13.1055
11161320,12.0742,11.6416
11217128,12.6299,12.5176
11273216,13.5723,13.5996
11329584,12.8398,11.8184
11386232,12.6533,12.0098
11443164,12.8311,12.5391
11500380,12.7422,11.9336
11557884,12.4150,11.7832
11615676,13.2266,13.1318
11673756,12.5615,12.2266
11732128,13.1768,12.6445
11790792,12.4834,11.7051
11849748,12.4072,11.6367
11909000,12.9570,12.1279
11968548,12.1143,11.4023
12028392,12.1807,11.8193
12088536,12.7451,11.8174
12148980,13.0947,11.2695
12209728,12.8311,12.1494
12270780,12.6904,12.1543
12332136,13.0156,12.2305
12393800,12.3066,11.6768
12455772,14.2783,13.7510
12518052,12.2354,11.4268
12580644,13.0127,12.3457
12643548,12.5186,11.4072
12706768,12.3027,11.7725
12770304,13.2627,12.8477
12834156,14.5420,14.1582
12898328,13.3682,13.9355
12962820,13.1729,12.8955
13027636,13.0176,11.8594
13092776,13.3975,12.6563
13158240,12.7871,12.1777
13224032,13.3418,12.7207
13290156,14.0244,11.7441
13356608,12.1816,11.3965
13423392,13.0742,12.5137
13490512,13.1113,12.2500
13557968,12.8643,12.5674
13625760,12.9170,12.4346
13693892,12.4590,11.8906
13762364,13.1982,12.5088
13831176,12.5918,12.0215
13900332,13.1504,11.8281
13969836,14.1689,13.5938
14039688,14.5361,14.3223
14109888,13.5713,12.7773
14180440,12.9873,11.8945
14251344,13.6318,12.8750
14322604,14.4121,13.3408
14394220,13.8818,12.9756
14466192,13.8789,12.8428
14538524,12.9990,12.8857
14611220,14.2393,13.3711
14684280,13.0400,11.8301
14757704,13.1914,12.5059
14831496,14.6777,14.1621
14905656,14.2373,13.5986
14980188,13.7998,13.0273
15055092,13.6357,12.4297
15130368,12.7744,12.3535
15206020,14.8682,14.5029
15282052,14.3613,13.2891
15358464,13.6904,12.9141
15435260,13.4199,12.6963
15512440,12.6055,12.1523
15590004,14.0566,13.1396
15667956,13.3213,12.1934
15746296,12.3135,10.8838
15825028,12.9277,12.3291
15904156,12.6348,11.5713
15983680,12.5850,11.5918
16063600,13.8223,13.6563
16143920,13.0391,12.4404
16224640,12.6660,11.5684
16305764,13.7383,13.4600
16387296,13.0703,12.1787
16469236,13.5645,12.9307
16551584,12.7617,11.8174
16634344,12.9883,12.5371
16717516,13.3516,25.4736
16801104,13.3525,12.7383
16885112,13.9268,12.9512
16969540,14.2021,14.0791
17054388,13.3848,13.0850
17139660,14.3936,13.7207
17225360,14.1650,13.6787
17311488,13.6182,12.4180
17398048,13.6719,13.7607
17485040,12.8652,12.6895
17572468,13.1416,11.9990
17660332,12.7256,12.6191
17748636,13.0527,12.4893
17837380,12.3115,11.7441
17926568,13.7412,13.2988
18016204,13.1553,12.7539
18106288,13.3379,12.5127
18196820,13.8311,13.0078
18287808,15.4150,12.9854
18379248,14.5039,13.5020
18471148,13.4170,14.5938
18563504,12.8740,12.2617
18656324,12.5537,11.9707
18749608,14.0635,13.6367
18843360,14.5020,13.4844
18937580,12.5586,12.0264
19032268,13.2510,12.8389
19127432,12.6787,11.6641
19223072,13.5850,13.0615
19319188,13.3574,12.4961
19415784,13.3682,12.6211
19512864,14.4092,13.3770
19610432,15.1182,14.7822
19708488,12.6553,11.8545
19807032,13.9375,13.0693
19906068,14.5479,12.6748
20005600,13.6709,13.0488
20105628,13.0098,12.4551
20206160,13.2695,12.1064
20307192,13.4023,12.8643
20408728,12.2861,11.3213
20510772,13.2207,12.2803
20613328,13.9053,13.3926
20716396,13.5498,12.7773
20819980,13.3379,15.5381
20924080,12.9531,11.8682
21028704,15.1279,14.0938
21133848,13.2363,12.3447
21239520,13.4297,14.0537
21345720,13.7813,13.0693
21452452,14.4658,13.2461
21559716,12.6680,11.8535
21667516,14.6455,13.9863
21775856,14.1445,12.9346
21884736,14.3164,14.4268
21994160,13.8223,13.2793
22104132,12.2432,11.1045
22214656,13.0410,12.2627
22325732,13.2012,12.2510
22437364,13.0850,12.0664
22549552,13.4736,12.7422
22662300,13.6875,12.8555
22775612,13.7861,12.9834
22889492,14.2725,13.4775
23003940,13.7021,12.9141
23118960,14.3086,13.3701
23234556,14.6768,13.6865
23350732,15.5049,15.1992
23467488,15.2832,13.8984
23584828,15.2559,13.2607
23702756,13.6211,13.3076
23821272,14.1475,13.1572
23940380,14.7207,13.5000
24060084,80.4707,13.0342
24180388,13.4814,12.1250
24301292,14.8066,14.3525
24422800,15.5869,13.7520
24544916,13.8193,13.0049
24667644,14.5420,14.2207
24790984,14.2139,14.0166
24914940,15.2168,13.3887
25039516,14.3965,13.5518
25164716,14.2324,13.1133
25290540,14.9355,13.6523
25416996,14.0469,13.2197
25544084,15.2402,13.6689
25671808,14.0381,12.0615
25800168,13.5889,13.3408
25929172,13.2520,12.4766
26058820,13.8203,12.9902
26189116,16.6533,15.9902
26320064,14.5234,13.4502
26451668,14.9727,13.1396
26583928,13.7227,12.5479
26716848,24.9668,13.2490
26850436,13.2324,12.4365
26984692,14.1875,14.0498
27119616,16.8223,15.6113
27255216,14.6787,13.9941
27391496,19.2627,15.7803
27528456,15.5127,14.3945
27666100,15.2129,13.9512
27804432,15.7715,14.6504
27943456,15.1650,14.6426
28083176,15.4277,13.3359
28223592,13.7314,12.8174
28364712,14.4219,13.3057
28506536,14.8164,13.1348
28649072,15.6523,13.8506
28792320,13.8350,12.2461
28936284,14.3320,13.2783
29080968,14.8096,13.3564
29226376,18.2637,16.0469
29372508,13.7295,12.9180
29519372,14.5771,13.3340
29666972,15.8037,15.0088
29815308,13.2168,11.7490
29964388,15.4189,15.0361
30114212,16.5889,14.2861
30264784,15.8506,14.0742
30416108,13.8135,12.6260
30568192,16.8779,15.0020
30721036,14.2920,12.8037
30874644,17.3916,15.4912
31029020,15.0225,13.2969
31184168,13.4492,12.6143
31340092,16.3184,14.8965
31496796,14.6387,12.8682
31654280,17.5000,14.9111
31812552,16.2314,13.7539
31971616,16.7783,14.8672
32131476,14.3818,13.6104
32292136,13.8301,12.2109
32453600,16.4121,22.7969
32615868,14.1768,12.9834
32778948,15.9434,12.9043
32942844,16.8750,13.8594
33107560,18.7012,15.7500
33273100,16.8857,15.4004
33439468,18.9385,15.1807
33606668,16.6875,15.1074
33774704,17.8232,15.2832
33943580,14.2920,12.6230
34113300,15.7217,14.3320
34283868,16.5186,14.8672
34455288,16.4834,14.2295
34627568,15.3467,14.1025
34800708,17.4717,15.0947
34974712,16.0732,14.2656
35149588,17.3145,16.8525
35325336,14.0186,13.9053
35501964,16.6875,13.7607
35679476,19.0615,15.6836
35857876,14.4180,13.9561
36037168,15.2705,13.5107
36217356,15.2637,13.3105
36398444,14.3555,13.3701
36580440,14.0957,12.2627
36763344,18.0059,15.9375
36947164,17.6553,14.9648
37131900,15.6895,15.3262
37317560,17.7080,15.6953
37504148,31.5391,16.5596
37691672,16.4307,16.3379
37880132,15.5059,14.8965
38069536,15.9736,16.6719
38259884,18.2139,16.2793
38451184,18.1221,17.3545
38643440,17.8555,15.8145
38836660,17.1816,15.7119
39030844,15.6533,13.2100
39226000,16.5742,16.0664
39422132,17.2705,16.4609
39619244,15.7412,15.0537
39817344,18.0977,15.8438
40016432,16.4502,14.0498
40216516,17.2236,16.4150
40417600,15.3623,14.7588
40619688,15.5264,14.1465
40822788,15.1318,14.1260
41026904,15.4131,14.1250
41232040,16.9629,15.7861
41438204,16.6445,13.9951
41645396,18.8359,16.6836
41853624,13.8018,12.0566
42062896,18.3633,15.9258
42273212,17.6328,15.5498
42484580,19.5674,17.5186
42697004,15.2656,13.4912
42910492,14.5391,14.1426
43125048,17.6152,15.9297
43340676,15.8262,14.1504
43557380,16.8740,14.9092
43775168,16.3555,15.9150
43994044,17.7168,15.3066
44214016,16.5957,15.1670
44435088,16.9834,13.8516
44657264,18.8848,17.5420
44880552,16.7627,15.9277
45104956,18.2451,17.1895
45330484,18.9121,17.2695
45557140,17.3828,16.9277
45784928,17.1182,15.1035
46013856,17.8838,16.1885
46243928,18.0342,15.5303
46475148,35.3477,16.3701
46707524,17.9375,16.6680
46941064,20.6074,18.9922
47175772,15.3242,13.6113
47411652,14.6787,12.8828
47648712,19.8652,19.7305
47886956,15.2256,13.7354
48126392,18.1221,16.3486
48367024,16.5947,15.6982
48608860,15.8291,14.6553
48851908,18.0137,15.3877
49096168,14.8730,13.7236
49341652,16.7920,15.0293
49588364,20.9844,18.5537
49836308,18.7744,17.8545
50085492,17.9316,16.1865
50335920,18.3184,18.8867
50587600,19.4434,16.7793
50840540,19.1826,18.4678
51094744,17.9795,17.5439
51350220,15.8320,14.6006
51606972,19.6572,17.6934
51865008,22.3623,20.8271
52124336,16.6465,15.5889
52384960,15.4795,13.9443
52646888,23.5273,22.0098
52910124,15.7705,13.9365
53174676,17.2549,17.5166
53440552,17.9492,15.0703
53707756,17.0420,14.2490
53976296,18.0693,17.6680
54246180,20.1875,18.2988
54517412,18.1162,16.3623
54790000,17.0732,16.1094
55063952,17.6230,16.4150
55339272,20.7285,20.3525
55615972,15.5498,15.1865
55894052,18.0664,16.3545
56173524,19.3887,18.9111
56454392,20.0693,18.6270
56736664,17.7949,15.9932
57020348,15.4541,15.1006
57305452,17.7197,17.6133
57591980,20.1035,19.5186
57879940,19.0176,17.5371
58169340,18.0850,17.6445
58460188,17.4082,26.2422
58752492,18.8770,18.4395
59046256,19.0791,18.1221
59341488,19.8477,18.1328
59638196,21.4160,21.4463
59936388,18.0928,20.7930
60236072,18.6016,18.4023
60537256,20.0039,19.7607
60839944,18.4854,16.4561
61144144,17.7881,16.9990
61449868,17.3896,19.8447
61757120,16.1895,14.4775
62065908,20.3652,19.8340
62376240,21.0410,19.2090
62688124,19.4971,15.2100
63001568,18.7715,20.7109
63316576,22.2852,19.1445
63633160,21.7197,19.2607
63951328,16.9414,14.3447
64271088,17.4727,17.3848
64592444,22.1299,19.7959
64915408,19.3125,16.9766
65239988,15.5781,16.3574
65566188,24.6162,18.9297
65894020,19.2324,17.7891
66223492,16.7715,17.3281
66554612,20.3809,17.4629
66887388,22.3271,19.0420
