4,1.0586,1.2783
8,2.0088,5.9688
12,2.2451,6.2080
16,2.2285,7.3955
20,2.8330,7.6123
24,2.8271,8.2246
28,2.8164,8.9600
32,2.7529,10.1621
36,3.2061,9.1367
40,3.2100,9.7617
44,3.2168,10.3691
48,3.7891,12.4521
52,3.7734,12.5508
56,3.7715,12.9014
60,3.2158,11.6846
64,3.2100,13.3213
68,3.7158,13.4004
72,3.6895,13.1787
76,3.6992,13.0557
80,3.6904,9.7080
84,3.6953,9.3516
88,3.7061,9.2285
92,3.7012,9.7256
96,3.7051,9.1777
100,3.6953,9.4697
104,3.6963,8.6719
108,3.7012,9.9697
112,3.7178,9.7207
116,3.7012,9.7051
120,3.6982,9.8809
124,3.6924,9.6201
128,3.7031,13.0479
132,4.2451,12.2568
136,4.2012,12.3691
140,4.2158,12.0977
144,4.2275,12.2852
148,4.2217,11.7520
152,4.2412,11.9219
156,4.1934,12.0557
160,4.2178,11.6699
164,4.1943,12.1172
168,4.2402,12.1367
172,4.1982,11.9453
176,4.2139,11.8350
180,4.2539,11.7031
184,4.2354,11.7852
188,4.2510,12.2686
192,4.2100,12.4385
196,4.2207,12.0332
200,4.2246,12.3203
204,4.2129,11.8574
208,4.2305,12.1904
212,4.2246,12.0254
216,4.2139,11.4277
220,4.2031,11.1611
224,4.2031,11.3037
228,4.2217,11.9199
232,4.2129,12.1729
236,4.2412,11.3467
240,4.2490,11.8545
244,4.2197,11.6582
248,4.2109,11.7275
252,4.2129,11.9775
256,4.2002,13.7197
260,4.8447,14.0732
264,4.8076,13.1895
268,4.8047,12.8271
272,4.7959,12.7734
276,4.8193,13.1992
280,4.8047,14.0117
284,4.8037,13.3779
288,4.8262,13.6357
292,4.8086,13.6709
296,4.8018,13.6455
300,4.8115,12.9473
304,4.7959,13.7207
308,4.8174,12.6641
312,4.8223,13.1318
316,4.8086,13.6250
320,4.8076,12.9180
324,4.8096,13.1748
328,4.8076,14.0420
332,4.8203,13.4023
336,4.8193,13.6758
340,4.8105,14.0303
344,4.8018,14.3496
348,4.8184,13.6660
352,4.8145,13.8516
356,4.8193,12.4482
360,4.8027,13.4639
364,4.8291,13.4326
368,4.8096,14.0566
372,4.8203,12.7354
376,4.8096,13.1992
380,4.8115,13.8467
384,4.7979,13.5342
388,4.8086,14.5117
392,4.8291,13.4844
396,4.8066,13.3457
400,4.8066,14.3125
404,4.8076,14.1162
408,4.8154,13.8809
412,4.8145,13.7373
416,4.8203,14.1514
420,4.8047,14.1953
424,4.8223,14.4873
428,4.8311,13.6563
432,4.8154,14.7090
436,4.8057,13.8359
440,4.8018,15.0850
444,4.8301,14.4326
448,4.8203,14.1396
452,4.8213,13.9688
456,4.8154,14.7705
460,4.8252,14.1729
464,4.8320,14.8232
468,4.8359,15.2539
472,4.8232,14.8867
476,4.8135,15.8271
480,4.8115,15.8887
484,4.8213,15.1611
488,4.8086,13.9600
492,4.8066,14.0283
496,4.8135,13.2217
500,4.8135,12.9199
504,4.8018,13.8496
508,4.7959,14.5986
512,4.8125,15.6338
516,6.3184,14.8145
520,6.2119,14.7627
524,6.1553,15.3203
528,6.3838,15.8887
532,6.2334,14.6670
536,6.4473,15.8164
540,6.3086,14.8125
544,6.3057,14.8857
548,6.2295,14.4834
552,6.2295,15.1348
556,6.2598,15.1543
560,6.2656,14.9795
564,6.3213,15.2100
568,6.2451,15.6787
572,6.2119,14.4482
576,6.2266,14.8789
580,6.2598,15.2959
584,6.2842,15.5479
588,6.3574,14.8457
592,6.3750,15.5869
596,6.2139,14.7441
600,6.1152,13.8203
604,6.1191,14.1133
608,6.3193,14.8174
612,6.1973,14.6006
616,6.2471,15.0693
620,6.2607,15.8262
624,6.2852,14.4980
628,6.2646,15.2012
632,6.3701,15.0967
636,6.1211,54.6514
640,6.4180,14.4229
644,6.2783,15.0039
648,6.4063,15.9365
652,6.3291,15.8301
656,6.1172,13.8838
660,6.2979,14.2998
664,6.4258,14.1006
668,6.4502,14.9707
672,6.4561,14.6875
676,6.2549,13.6807
680,6.2852,14.1475
684,6.1494,12.9531
688,6.3096,14.8740
692,6.2471,13.3750
696,6.2920,14.4619
700,6.1914,13.5801
704,6.2676,13.9141
708,6.3877,14.1777
712,6.4141,14.5479
716,6.2900,13.6484
720,6.3682,13.3262
724,6.1113,13.7861
728,6.4023,13.8701
732,6.2461,13.9951
736,6.2881,14.1523
740,6.3486,14.4600
744,6.1738,13.8281
748,6.3184,14.4307
752,6.1768,13.5342
756,6.3887,14.5420
760,6.2139,13.8740
764,6.1836,14.4990
768,6.2979,13.7715
772,6.2256,13.8320
776,6.2432,14.3975
780,6.1094,14.3008
784,6.3516,14.4307
788,6.3438,14.4160
792,6.3379,13.5361
796,6.3750,14.8936
800,6.2646,14.3867
804,6.2363,14.2158
812,6.2588,13.8018
820,6.2959,14.5430
828,6.3301,14.7813
836,6.3232,14.8926
844,6.2275,14.0928
852,6.3223,15.7822
860,6.2656,15.2002
868,6.3203,14.2422
876,6.1563,14.7266
884,6.2539,15.4980
892,6.2822,14.5898
900,6.1602,14.8232
908,6.2607,14.3740
916,6.1416,14.7520
924,6.2129,15.0410
932,6.2539,15.1318
940,6.1895,14.7324
948,6.3408,15.0762
956,6.3906,16.4678
964,6.2959,15.5801
972,6.2715,15.7861
980,6.1230,14.8047
988,6.1221,14.6758
996,6.5762,15.2441
1004,6.5352,14.9307
1012,6.4746,15.3857
1020,6.3398,15.5791
1028,7.8496,16.6289
1036,8.6221,17.1143
1044,8.6289,17.3232
1052,8.1211,17.3330
1060,7.7764,16.5010
1068,7.8486,17.0459
1076,7.9590,17.0459
1084,7.8174,16.8574
1092,7.7568,16.5059
1100,7.7158,16.7539
1108,7.9648,16.3252
1116,8.1680,17.1221
1124,8.2871,16.7832
1132,8.1680,16.1318
1140,7.5596,15.3896
1148,8.2773,16.7588
1156,8.4668,16.9678
1164,8.4736,16.7207
1172,8.1045,16.7393
1180,7.6602,16.5947
1188,7.8945,17.1943
1196,8.4531,16.8936
1204,7.7510,16.5342
1212,7.8252,17.5869
1220,7.8330,16.3623
1228,7.9229,15.6729
1236,7.8506,15.4648
1244,7.7656,15.2451
1252,7.8936,15.3545
1260,7.6816,15.6641
1268,8.5957,16.2510
1276,7.7637,15.4629
1284,7.7236,15.9521
1292,7.9053,15.8037
1300,7.8770,15.7998
1308,7.6533,14.7080
1316,8.1055,15.6074
1324,7.8018,15.0098
1332,7.8164,16.1260
1340,7.7979,16.5830
1348,7.7266,16.1475
1356,7.7656,15.4844
1364,7.9795,15.6416
1372,7.5898,14.6475
1380,7.8506,16.4668
1388,7.7451,15.4551
1396,7.7139,15.4141
1404,7.6592,16.1660
1412,7.7402,16.0381
1420,7.9473,16.4219
1428,7.7842,16.4551
1436,7.7354,15.8525
1444,7.9385,16.6514
1452,7.7080,15.9160
1460,7.7266,15.8936
1468,8.3643,16.4961
1476,7.7432,15.3066
1484,7.6602,15.5010
1492,7.8115,16.2090
1500,7.8252,15.9150
1508,8.4229,15.8389
1516,8.6572,15.8340
1524,7.9912,16.1289
1532,7.5566,15.3037
1540,7.7344,15.7813
1548,22.2588,15.8369
1556,7.8145,16.7588
1564,7.6650,16.3047
1572,7.8213,16.2090
1580,7.7510,16.5889
1588,7.7637,16.0029
1596,8.4609,16.5596
1604,8.4980,16.6494
1616,8.2305,16.1406
1628,7.5928,15.8711
1640,7.8535,20.9238
1652,8.1357,17.5928
1664,7.7852,16.0605
1676,7.6875,16.5918
1688,7.7754,15.9277
1700,7.7090,16.3838
1712,8.0742,17.2900
1724,7.9453,15.3828
1736,7.8555,16.2480
1748,7.7734,16.5801
1760,7.9590,16.6719
1772,7.7148,15.9268
1784,8.0967,16.2285
1796,8.1484,17.6563
1808,7.9668,16.6641
1820,8.0176,16.5322
1832,7.7109,16.5049
1844,7.6182,15.6084
1856,7.8779,16.9795
1868,7.9609,17.6094
1880,7.9980,17.7148
1892,7.7188,16.2998
1904,7.5791,15.9307
1916,7.5918,15.9287
1928,7.6787,17.2666
1940,8.6680,17.6201
1952,7.6436,16.7197
1964,7.7012,16.8809
1976,8.2324,16.1465
1988,8.4121,17.4043
2000,8.1221,16.6045
2012,7.6211,17.6650
2024,8.3799,17.1211
2036,8.6133,17.7119
2048,8.1592,20.1553
2060,9.7959,18.7598
2072,9.3926,18.0322
2084,9.7451,18.6543
2096,9.6689,18.1914
2108,9.4756,18.5674
2120,9.6738,18.6396
2132,9.5342,18.4707
2144,9.7783,19.2715
2156,9.7441,19.0664
2168,9.1318,16.9766
2180,9.3252,17.5791
2192,9.5234,18.3125
2204,9.3887,17.8828
2216,9.4658,17.7852
2228,9.3750,18.1211
2240,9.4580,18.5723
2252,9.5527,19.0762
2264,9.3564,18.6650
2276,9.9600,19.5283
2288,9.2891,17.8115
2300,9.4971,18.4883
2312,9.2871,17.6660
2324,9.4902,18.6426
2336,9.4492,18.9951
2348,9.3594,17.2227
2360,9.4971,18.6406
2372,9.6973,18.3447
2384,9.5098,18.4131
2396,9.4551,18.5684
2408,9.2236,17.5703
2424,9.6748,18.7324
2440,9.6006,18.7705
2456,9.2832,18.8740
2472,9.4561,17.8447
2488,9.4150,18.5166
2504,9.9854,19.5400
2520,9.9160,19.6992
2536,9.7539,19.1045
2552,9.4336,19.1113
2568,9.5225,18.4912
2584,9.7695,18.7637
2600,9.2607,17.6650
2616,9.7285,19.5010
2632,9.0352,17.0664
2648,9.4580,18.3730
2664,9.6436,18.5166
2680,9.6094,18.8799
2696,9.4570,18.5059
2712,9.6475,18.4756
2728,9.5596,19.1133
2744,9.6201,18.6289
2760,9.7246,19.5420
2776,9.2148,18.4590
2792,9.7949,19.7422
2808,9.4727,18.3594
2824,9.5557,19.0830
2840,9.7803,19.3955
2856,9.0996,17.7119
2872,9.6660,18.5801
2888,9.5078,19.0137
2904,9.8281,19.4248
2920,9.5205,19.2949
2936,9.6826,18.7197
2952,9.5967,19.6611
2968,9.3652,18.7588
2984,9.6943,19.9307
3000,9.5303,19.1631
3016,9.7383,19.2344
3032,9.5166,19.1182
3048,9.8955,20.2764
3064,9.4922,19.0693
3080,9.2178,17.9658
3096,9.6973,19.6289
3112,9.7686,19.5391
3128,9.3330,19.4277
3144,9.3359,18.5576
3160,9.4951,18.9355
3176,9.7012,19.3945
3192,9.9277,29.3262
3208,9.5400,18.6465
3228,9.5391,19.5840
3248,9.5654,19.5498
3268,9.4355,19.0459
3288,9.4355,18.7705
3308,9.3457,18.6729
3328,9.3135,18.5420
3348,9.3564,19.1201
3368,9.4443,18.7666
3388,9.6025,19.4697
3408,9.2227,18.3105
3428,9.6426,19.7422
3448,9.6719,19.6807
3468,9.6602,19.7031
3488,9.3701,18.9600
3508,9.4180,19.0840
3528,9.4395,19.4297
3548,9.5811,27.1406
3568,9.8252,20.1494
3588,9.7998,19.5693
3608,9.7090,19.7969
3628,9.7412,21.0889
3648,9.8311,20.2744
3668,9.4355,19.1104
3688,9.5049,19.7871
3708,9.6084,20.2910
3728,9.6592,19.7529
3748,9.7344,19.5889
3768,9.7539,20.0762
3788,9.2549,18.3701
3808,9.6367,20.0342
3828,9.0996,18.8613
3848,9.5850,20.0527
3868,9.8945,20.7109
3888,9.4932,19.3457
3908,9.4775,19.0322
3928,9.5527,19.5664
3948,9.5088,20.1475
3968,9.5078,19.4688
3988,9.3848,19.1904
4008,9.5693,20.7520
4032,9.7510,20.5928
4056,10.0156,20.5371
4080,9.6240,19.5986
4104,12.8320,22.9385
4128,12.2285,21.5664
4152,12.8350,22.3398
4176,12.8721,22.2861
4200,13.3613,23.7129
4224,12.0459,21.4609
4248,12.2373,21.5430
4272,12.5107,22.2676
4296,12.6650,22.6416
4320,12.6211,21.5791
4344,12.7969,22.7266
4368,12.3281,22.6084
4392,12.5117,23.0371
4416,12.3486,22.3740
4440,12.7754,23.3418
4464,12.3506,22.4072
4488,11.0957,21.0635
4512,10.8535,20.7305
4536,11.0107,20.9600
4560,11.0107,20.4150
4584,11.3477,21.1406
4608,10.9355,20.3135
4632,11.0361,20.6738
4656,10.8555,20.0195
4680,10.7324,20.1768
4704,10.8389,20.1191
4728,11.3721,22.3896
4752,11.2988,20.8408
4776,10.8750,20.4766
4800,10.9063,19.9805
4824,11.0156,20.1221
4852,10.8281,20.0527
4880,11.2334,21.1074
4908,10.8271,19.8848
4936,10.7432,20.3057
4964,10.8574,20.3926
4992,11.3047,22.5527
5020,11.4092,20.5850
5048,11.0664,20.7080
5076,12.2734,21.1055
5104,10.9063,20.0010
5132,11.2637,21.2178
5160,10.7559,20.9229
5188,11.2021,20.9678
5216,10.8379,20.4512
5244,10.5664,19.3613
5272,10.8926,20.5098
5300,11.3027,20.7119
5328,11.0225,21.5107
5356,10.9785,20.3213
5384,11.0039,20.7031
5412,10.4746,19.6279
5440,11.0918,20.7275
5468,10.6592,20.3389
5496,11.7842,150.0977
5524,11.1191,21.7461
5552,11.3105,22.0850
5580,15.1084,21.5547
5608,10.9990,21.4004
5640,10.9980,21.4053
5672,25.7148,78.3477
5704,10.9961,21.1572
5736,10.8857,20.1211
5768,11.0176,21.1680
5800,10.6875,19.9443
5832,10.8545,20.7539
5864,11.1836,21.5049
5896,11.0449,21.2012
5928,10.7646,20.6270
5960,10.6191,20.6455
5992,10.9561,20.6963
6024,10.9717,21.5107
6056,11.4502,20.7373
6088,10.7861,21.3174
6120,10.5488,19.9365
6152,10.9180,20.9795
6184,10.8604,20.4639
6216,10.6260,20.2100
6248,11.1270,22.1631
6280,10.7959,20.7471
6312,11.1709,20.8945
6344,11.1084,21.3896
6376,10.9248,21.5615
6408,10.7412,20.4502
6444,11.1543,21.5791
6480,10.7676,21.2656
6516,11.1738,21.7451
6552,11.2197,22.8721
6588,11.0068,21.2949
6624,10.9346,20.6309
6660,11.0615,21.8291
6696,10.7988,21.1436
6732,11.1348,22.0664
6768,10.7354,21.1963
6804,10.9414,21.2754
6840,10.8467,21.1631
6876,10.7832,21.4727
6912,11.3252,22.3135
6948,11.2842,21.8320
6984,10.8809,20.9785
7020,10.8262,21.2207
7056,10.9521,21.6387
7092,10.9707,22.3057
7128,11.3643,23.0996
7164,10.7910,20.3506
7200,11.1855,22.3291
7236,11.1602,22.3721
7276,11.0977,22.6846
7316,10.8711,21.4658
7356,11.3291,22.8203
7396,11.4170,22.6074
7436,10.9014,21.1611
7476,10.9414,21.7959
7516,10.6514,20.0830
7556,11.0146,21.2119
7596,10.8105,21.0781
7636,10.6885,19.9189
7676,11.0059,21.9014
7716,10.6006,20.3193
7756,11.0732,22.0342
7796,10.9727,21.9609
7836,10.9404,21.2773
7876,11.0303,21.9102
7916,10.6846,21.1357
7956,11.1318,21.1299
7996,12.1904,23.0000
8036,10.7139,21.5313
8080,10.9639,21.2637
8124,10.9912,22.3027
8168,10.8076,21.3975
8212,14.7959,23.6309
8256,14.0674,22.1611
8300,13.8467,21.3271
8344,14.6572,23.9082
8388,14.8369,24.0029
8432,13.8564,21.9307
8476,14.2627,23.4863
8520,15.0654,24.2490
8564,14.4443,23.1318
8608,14.2256,23.1611
8652,14.3945,23.9482
8696,14.2861,23.0205
8740,14.3516,24.0498
8784,14.1016,22.8105
8828,13.7139,21.9736
8876,14.3301,28.0889
8924,14.4600,23.9717
8972,14.2969,23.1387
9020,14.5615,23.6572
9068,13.7324,21.6777
9116,13.6172,21.8418
9164,14.2715,23.5664
9212,13.1816,23.7588
9260,12.7705,22.8203
9308,12.4463,21.3164
9356,12.3799,21.4346
9404,12.3359,20.8477
9452,12.5049,21.7031
9500,12.7598,21.4365
9548,12.4482,22.2461
9596,12.2705,21.4414
9644,13.2227,21.1465
9696,14.4043,23.5195
9748,13.0234,22.5674
9800,12.2568,21.3691
9852,12.2383,21.6367
9904,12.7930,22.8896
9956,12.5938,21.8164
10008,12.5820,22.3936
10060,12.5625,21.8125
10112,12.1641,21.5742
10164,12.3945,22.2646
10216,12.3604,21.2842
10268,12.8682,23.0889
10320,12.6055,22.9141
10372,12.6699,22.6377
10424,12.3643,22.3584
10480,12.1533,21.2432
10536,12.3711,21.6602
10592,12.3135,21.2021
10648,12.3701,21.7344
10704,12.1475,22.0928
10760,12.7432,23.0889
10816,12.9092,23.5166
10872,12.2998,21.5889
10928,13.0645,22.7109
10984,12.2236,21.6309
11040,12.5820,22.4238
11096,12.3311,22.2109
11152,12.3984,22.3438
11208,12.6426,22.7852
11268,12.5635,22.4756
11328,12.3818,22.5127
11388,12.2227,21.4766
11448,13.1191,24.9697
11508,12.3467,22.5801
11568,12.4287,21.9004
11628,12.2539,22.1289
11688,12.8477,23.2051
11748,12.3623,22.0566
11808,12.0625,21.2637
11868,12.5498,22.1172
11928,12.4063,22.1436
11988,12.5254,22.5410
12048,12.2656,21.7139
12112,12.3486,21.8174
12176,12.1621,21.6826
12240,11.9795,21.2227
12304,12.7129,23.5166
12368,12.0186,21.4131
12432,12.3047,21.7119
12496,12.3457,21.6836
12560,12.5117,22.6426
12624,12.5967,22.9014
12688,12.3818,21.3418
12752,13.0322,24.3760
12816,12.0947,21.8066
12884,12.6445,23.2783
12952,12.4697,23.5166
13020,12.5215,23.0928
13088,12.7129,23.1953
13156,12.4473,21.9258
13224,12.9648,23.7285
13292,12.4043,22.2207
13360,12.7910,22.9766
13428,12.3096,22.1123
13496,12.8223,23.4365
13564,12.4160,22.7295
13632,12.4502,22.1475
13704,12.2988,22.1748
13776,12.4590,23.3184
13848,17.4150,22.4229
13920,13.2412,24.3770
13992,13.0391,24.0947
14064,12.5176,23.3184
14136,12.3125,21.9375
14208,12.5693,22.9131
14280,12.6641,23.1895
14352,12.6152,22.8066
14424,12.3672,21.9092
14500,12.6719,22.8760
14576,12.2500,21.7725
14652,12.0752,21.9229
14728,12.5840,23.0791
14804,12.8291,24.0762
14880,12.8281,24.2666
14956,12.4287,22.1201
15032,12.2490,22.9688
15108,12.2295,22.6230
15184,12.1270,22.2646
15260,12.2949,22.4805
15340,12.9336,24.0518
15420,12.0488,21.9160
15500,12.5918,23.4150
15580,11.8916,22.4551
15660,12.2910,22.4434
15740,12.1387,22.8867
15820,12.7891,23.5098
15900,12.7266,24.0000
15980,12.3096,22.0449
16060,12.1523,23.1279
16144,12.5537,37.0723
16228,12.3984,22.7881
16312,12.8369,23.8096
16396,17.1963,26.7402
16480,16.8926,26.3896
16564,16.4053,25.1201
16648,15.7314,25.5000
16732,16.4746,25.2363
16816,16.3467,25.5371
16904,15.6670,24.7979
16992,15.7656,24.7900
17080,16.7188,26.4707
17168,15.5088,23.4521
17256,14.0098,22.4590
17344,14.4443,24.0244
17432,14.4063,23.6660
17520,14.4883,23.4980
17608,14.3115,23.8691
17700,14.3232,24.5586
17792,13.9795,22.6709
17884,14.2305,23.1475
17976,13.4521,22.3975
18068,14.1338,23.0850
18160,14.2021,23.3301
18252,14.0234,23.4717
18344,14.0215,23.7344
18436,14.1963,23.5234
18532,13.9336,23.2188
18628,13.7373,22.9473
18724,14.5303,24.4863
18820,14.1025,23.9268
18916,13.9268,22.7969
19012,13.9707,23.6553
19108,13.9941,23.3193
19204,13.6758,22.2217
19304,13.4395,22.0303
19404,13.7158,22.7305
19504,13.7402,23.1211
19604,13.6523,22.8369
19704,13.6436,21.7881
19804,15.0439,25.9805
19904,13.3613,22.4980
20004,14.0449,23.8057
20108,14.3828,24.1357
20212,14.5449,24.9912
20316,13.6631,22.8232
20420,13.9600,23.9365
20524,13.3643,22.0693
20628,14.3750,23.8154
20732,13.9678,22.7891
20836,14.1768,23.2500
20944,21.4268,22.9219
21052,13.8945,23.6240
21160,13.9727,23.4971
21268,13.9463,22.8916
21376,14.1348,23.9365
21484,14.4277,24.0039
21592,13.8174,23.7100
21700,13.9707,23.6709
21812,14.2393,23.8760
21924,13.9541,23.3652
22036,14.3672,23.4395
22148,13.7783,22.1182
22260,13.9600,23.1807
22372,14.0420,23.9736
22484,14.2676,24.4385
22600,14.1289,23.6504
22716,13.8486,23.4561
22832,14.5479,24.8164
22948,13.6992,22.9717
23064,14.1738,23.7979
23180,14.7910,25.7539
23296,14.0869,23.1855
23416,14.5410,24.0322
23536,14.6455,24.3047
23656,14.4805,23.7451
23776,13.8047,23.4736
23896,13.9834,23.2695
24016,14.3965,24.8008
24140,13.7314,23.1738
24264,13.7471,23.8477
24388,13.9268,23.8682
24512,13.6123,22.8125
24636,13.9092,23.6777
24760,13.3770,22.4805
24884,13.8594,24.0908
25012,13.9727,23.4639
25140,14.4561,25.1230
25268,14.2529,24.6719
25396,13.9980,24.1543
25524,14.1650,23.5176
25652,13.8750,23.8799
25784,13.6680,23.2949
25916,13.7773,23.9570
26048,13.9346,23.6748
26180,14.3848,77.8838
26312,14.6797,26.0010
26444,13.9121,23.3379
26580,14.3125,24.8535
26716,14.5605,25.2227
26852,14.3281,24.6484
26988,13.8984,23.4023
27124,14.2256,24.6924
27260,14.1846,23.9033
27400,13.2891,22.0967
27540,13.5977,23.2314
27680,14.1055,24.2959
27820,14.3643,24.9297
27960,14.5557,26.1543
28100,14.3125,25.2959
28244,13.8906,23.1436
28388,14.6143,25.6211
28532,13.9727,31.7822
28676,13.6143,22.5068
28820,14.4805,25.3359
28968,13.8213,23.7744
29116,13.4922,23.2412
29264,14.1455,24.5625
29412,13.9102,35.5098
29560,14.5117,25.7783
29708,13.6670,24.1133
29860,14.2490,25.1338
30012,14.0713,23.8652
30164,14.2227,75.1748
30316,14.5273,25.5381
30468,13.8008,23.1211
30624,14.2764,24.3574
30780,14.1846,25.1641
30936,14.2939,25.3027
31092,13.7295,29.6299
31248,14.1348,24.2676
31408,14.0449,24.6563
31568,14.2129,29.5391
31728,14.3838,24.0225
31888,13.4932,22.7695
32048,14.0293,24.3613
32212,13.8799,24.4971
32376,13.4541,23.1172
32540,13.4277,23.4863
32704,13.9551,24.2949
32868,19.7559,27.6563
33036,18.4805,26.8594
33204,18.8418,27.1650
33372,18.8916,27.5303
33540,17.1875,26.0938
33708,15.6338,24.2217
33880,15.5762,25.3633
34052,15.9199,25.4697
34224,15.8359,25.4404
34396,15.7852,24.6221
34568,15.7910,24.8955
34744,16.0254,25.4268
34920,15.7617,25.2588
35096,15.3213,24.0938
35272,15.6563,25.0518
35452,15.5059,24.4336
35632,15.9414,25.1279
35812,16.3457,26.2236
35992,14.9209,23.9941
36172,14.8984,23.2861
36356,15.5762,25.2676
36540,15.5459,25.2939
36724,15.7861,26.5225
36908,15.5371,25.2275
37096,15.3105,37.3906
37284,18.1484,26.9014
37472,17.2168,25.6484
37660,17.8887,26.6885
37852,17.2861,25.7119
38044,16.8896,25.3564
38236,16.8604,24.2656
38428,17.1572,25.1396
38624,17.3760,25.5342
38820,17.3945,26.2676
39016,17.2559,25.3516
39212,17.5371,26.1045
39412,16.7158,25.2012
39612,17.3848,26.1035
39812,17.4805,26.0801
40012,17.6436,26.7061
40216,17.2207,26.5957
40420,17.0820,25.9619
40624,17.1641,25.7480
40828,16.7061,24.8301
41036,16.9131,25.4805
41244,17.6680,26.2148
41452,17.8789,27.3438
41660,17.1563,26.3730
41872,17.2324,26.9424
42084,17.1982,26.4561
42296,16.9844,25.5781
42508,16.9355,25.3477
42724,17.5146,26.6885
42940,16.4814,26.0752
43156,17.0830,25.7461
43372,17.4551,26.9531
43592,17.2256,27.0869
43812,16.9482,25.4180
44032,17.0664,25.8418
44256,17.0078,25.6680
44480,16.8838,25.5430
44704,15.9053,23.9795
44928,17.3047,26.0449
45156,16.6016,25.3096
45384,16.7305,25.3457
45612,16.8652,25.9912
45844,17.6191,27.4131
46076,16.9736,25.6904
46308,17.0410,25.1719
46540,16.7490,25.3037
46776,16.9658,26.1914
47012,16.5977,26.9717
47248,15.9883,25.7900
47488,15.6416,25.2578
47728,15.5459,24.9385
47968,15.9238,26.0039
48208,16.3857,26.6162
48452,16.0908,26.0137
48696,15.6563,25.7578
48940,15.3506,24.5752
49188,15.5703,25.7832
49436,15.4141,24.8574
49684,15.0654,24.5615
49936,15.4561,24.7754
50188,15.7031,25.6143
50440,15.9697,25.8828
50696,15.6084,24.9746
50952,15.8252,25.7607
51208,16.1240,26.9004
51468,15.8525,26.1973
51728,16.0449,25.4893
51988,15.5625,25.3936
52248,15.9268,26.5332
52512,14.9609,23.3076
52776,15.9238,26.1211
53040,15.4609,25.5156
53308,15.2139,24.8057
53576,15.5605,25.4824
53844,15.0430,24.1436
54116,15.5752,25.3252
54388,16.0322,26.5107
54660,15.9092,25.9287
54936,15.4512,25.3955
55212,15.3994,25.3135
55492,15.6016,25.2998
55772,15.3721,24.8154
56052,15.1963,24.7783
56336,15.4746,25.0674
56620,15.7539,26.4912
56904,16.5166,27.2979
57192,15.7803,25.9111
57480,16.5098,26.3164
57768,15.6367,26.3486
58060,15.5430,26.1436
58352,15.6680,26.2803
58644,15.3477,25.7344
58940,15.2080,25.0215
59236,16.0498,26.6650
59536,15.8125,25.9160
59836,16.1475,27.1055
60136,15.1689,24.9980
60440,15.3535,25.5762
60744,15.8721,25.8447
61048,15.6963,26.1592
61356,15.4961,26.1299
61664,15.8955,26.7998
61976,15.6621,26.2539
62288,15.8008,26.3584
62600,15.6318,26.3945
62916,16.8516,27.9014
63232,16.2217,27.6758
63552,15.9629,26.9492
63872,15.7461,26.0264
64192,15.4980,25.9326
64516,16.1025,27.3311
64840,15.7061,25.8828
65168,15.4248,25.3730
65496,15.6504,25.8818
65824,19.7734,29.7334
66156,18.3838,27.7607
66488,18.6279,27.5273
66824,18.2705,27.2734
67160,19.6455,28.9688
67496,18.9424,28.3936
67836,18.9727,28.4980
68176,19.3086,28.4951
68520,17.7324,26.2256
68864,18.4795,27.5732
69212,18.8740,27.9463
69560,17.9834,26.2832
69908,18.6719,28.3008
70260,19.2090,28.4355
70612,20.5566,28.2090
70968,20.1035,27.7539
71324,19.9072,27.8037
71684,18.7725,26.8242
72044,18.5801,26.5977
72408,18.7139,26.4209
72772,19.2568,27.7744
73136,18.7754,26.8633
73504,17.2070,24.5547
73872,18.4883,26.4229
74244,19.1074,28.2422
74616,18.2285,26.4600
74992,19.7598,28.3281
75368,18.7363,27.4033
75748,18.2832,26.9902
76128,17.8594,25.1445
76512,18.6064,27.3896
76896,19.2295,28.2549
77284,19.1016,27.5146
77672,18.5186,26.5439
78064,18.1465,26.2422
78456,18.6504,27.0166
78852,18.7080,28.0850
79248,18.2900,26.8037
79648,18.5938,27.1924
80048,18.4092,26.5254
80452,18.6035,27.1064
80856,18.1895,26.1104
81264,18.3291,27.0225
81672,18.3389,27.1934
82084,17.5791,25.6250
82496,18.9082,27.7803
82912,19.2676,27.6328
83328,18.9307,27.5176
83748,18.9941,35.4580
84168,18.1992,27.3818
84592,17.6250,25.7373
85016,18.4795,27.1309
85444,18.7188,28.0615
85872,16.9453,24.0049
86304,19.0273,28.1357
86736,19.5850,29.3496
87172,18.9063,27.6543
87608,17.8203,26.4912
88048,18.5049,26.7764
88492,18.7559,27.5225
88936,18.5889,27.2324
89384,18.1797,26.7148
89832,18.9434,28.1367
90284,17.4678,25.8994
90736,17.9473,26.8740
91192,19.1191,27.9941
91648,18.0029,26.6631
92108,18.2949,26.9014
92572,18.0957,26.3057
93036,18.1338,83.8779
93504,18.7207,27.5146
93972,18.5449,27.3262
94444,18.8105,28.3145
94920,17.6758,26.7627
95396,18.6328,27.9736
95876,18.9697,28.2305
96356,18.1006,27.2129
96840,18.2793,26.9326
97328,18.2803,27.8008
97816,17.6191,25.6514
98308,18.2197,27.3330
98800,18.0635,26.5596
99296,17.5186,26.3086
99796,19.0146,29.0225
100296,18.0645,26.3252
100800,18.0645,27.4834
101304,18.0752,26.3506
101812,17.2959,25.3760
102324,18.3984,27.8262
102836,18.7705,27.6367
103352,19.2939,28.8037
103872,19.0703,28.6582
104392,19.0361,28.7109
104916,18.8398,27.2861
105444,18.5303,27.2373
105972,18.6152,28.1748
106504,19.2217,28.8887
107040,18.5957,27.1240
107576,18.5576,27.3398
108116,18.6934,28.5303
108660,18.3564,26.9453
109204,18.4727,26.9492
109752,18.9365,28.3760
110304,18.8203,28.9277
110856,18.6025,28.0850
111412,18.0488,26.5059
111972,18.4834,27.7217
112532,18.1182,27.2793
113096,18.3916,27.9873
113664,18.9180,27.6123
114236,18.9893,29.0508
114808,18.4141,27.6006
115384,21.5635,26.8213
115964,17.9658,27.1143
116544,18.9922,28.5752
117128,19.2275,29.2969
117716,18.7178,28.4092
118308,18.3691,28.2197
118900,19.6162,30.3457
119496,18.3545,28.0176
120096,18.8643,28.1934
120700,19.5742,29.8389
121304,18.9189,28.7227
121912,18.5215,28.2305
122524,19.8936,30.3867
123140,18.4619,27.8545
123756,17.9150,28.7568
124376,19.5605,28.6230
125000,19.1016,28.2236
125628,19.3906,28.8828
126260,18.6035,28.0273
126892,18.0439,27.1855
127528,19.5459,29.6035
128168,18.1592,27.1309
128812,18.0723,26.7168
129460,18.2207,27.3555
130108,18.0479,27.1387
130760,18.5469,28.2373
131416,23.0908,30.1396
132076,23.7217,31.1475
132740,22.3096,36.2783
133404,23.0752,30.7578
134072,22.2656,30.2959
134744,23.1240,31.0947
135420,21.9609,29.3457
136100,21.9424,30.0615
136784,22.4717,30.2148
137468,22.7490,30.7646
138156,22.8535,31.7246
138848,22.3115,30.6973
139544,22.3174,30.7109
140244,20.5322,29.1543
140948,20.8223,29.0938
141656,20.5537,29.2070
142368,21.1943,30.7559
143080,21.4053,30.3428
143796,20.1787,28.6533
144516,20.7617,30.5430
145240,19.9521,28.9404
145968,19.6934,29.1357
146700,20.5469,29.4785
147436,19.6504,29.1865
148176,19.1504,26.5479
148920,19.9658,29.3799
149668,19.7949,28.4258
150420,20.6621,30.2393
151176,20.9727,30.2979
151932,19.7861,29.1035
152692,20.8447,30.2305
153456,20.5977,30.1465
154224,20.6650,34.4551
154996,21.1338,31.1943
155772,20.0195,29.8623
156552,19.5752,28.6143
157336,20.8750,30.1904
158124,19.7754,29.3594
158916,20.4160,30.1064
159712,20.3809,28.8916
160512,20.2676,29.2305
161316,21.9326,31.1514
162124,20.1602,29.2764
162936,19.5488,27.8877
163752,20.6738,29.7207
164572,20.1680,29.4658
165396,20.7158,30.2061
166224,20.3613,29.5293
167056,20.8945,30.6436
167892,19.7715,29.2754
168732,19.8359,28.5674
169576,19.0576,28.6953
170424,19.5508,28.4932
171280,20.4424,30.4160
172140,20.4160,29.0508
173004,20.2842,29.0410
173872,20.1025,29.9629
174744,21.7256,31.5605
175620,20.8174,30.2422
176500,19.8877,28.8340
177384,19.4668,27.9775
178272,20.7578,30.3320
179164,19.9893,28.8877
180060,20.5967,30.3398
180964,20.0479,30.1270
181872,20.4814,29.9961
182784,20.0020,30.1299
183700,21.0342,30.5820
184620,24.1387,29.8047
185544,21.4316,31.6357
186472,19.7314,28.8232
187408,19.8174,29.3682
188348,19.4414,28.4229
189292,20.0723,29.5146
190240,20.0645,29.3574
191192,19.2422,28.5371
192148,20.0947,29.6025
193112,20.2539,30.3848
194080,20.7520,30.6797
195052,20.1992,30.2461
196028,19.2539,28.1768
197012,20.1670,29.6816
198000,18.8994,27.6406
198992,21.2617,30.6270
199988,21.0225,30.6260
200988,21.2480,30.9932
201996,20.3857,29.6182
203008,19.9346,28.4277
204024,20.4053,29.7305
205048,24.3652,29.5137
206076,20.8320,31.1006
207108,20.7100,30.7891
208144,19.3369,28.5576
209188,20.3027,29.9785
210236,20.5869,31.0830
211288,19.8564,29.0400
212348,20.5576,30.5176
213412,19.3926,28.3271
214480,20.2031,29.8359
215556,19.4160,28.7207
216636,20.4414,30.6602
217720,19.7783,28.4346
218812,19.5449,28.8643
219908,20.7139,30.9287
221008,20.6338,30.6553
222116,19.5020,28.9268
223228,19.5820,28.8486
224348,20.2168,30.4023
225472,20.1094,29.8799
226600,20.1885,30.1973
227736,20.3428,30.3262
228876,20.3467,30.1709
230024,21.4521,32.3389
231176,19.6973,28.3262
232332,20.3184,30.4707
233496,20.7168,30.8838
234664,20.8350,30.9766
235840,19.7490,29.1221
237020,19.6738,28.9648
238208,20.2920,29.9170
239400,19.9375,29.9434
240600,20.4443,30.3506
241804,20.4668,30.8076
243016,20.4541,30.1455
244232,20.4248,31.0430
245456,19.5752,28.0322
246684,21.1611,30.6299
247920,20.5303,30.5869
249160,20.0645,29.7607
250408,21.0088,31.7754
251664,21.2002,31.1162
252924,20.8135,31.9180
254192,20.4844,30.2861
255464,20.7783,55.8877
256744,20.7686,31.7510
258028,20.7920,31.2656
259320,19.8242,29.4844
260620,19.8682,30.1973
261924,20.6592,30.0430
263236,22.1250,31.3125
264556,22.6260,31.5537
265880,22.6445,32.1504
267212,22.3750,66.1963
268552,22.4053,30.8145
269896,23.0107,31.9814
271248,28.6240,31.2490
272608,22.4102,31.2930
273972,22.1855,29.9375
275344,21.9111,30.1201
276724,22.7510,32.5566
278108,21.5723,30.0459
279500,21.8057,31.2266
280900,22.4150,31.8164
282308,22.9258,32.6074
283720,21.7959,30.1416
285140,21.9043,31.0459
286568,22.9297,32.6279
288004,22.8369,39.9688
289448,21.5557,30.8467
290896,22.4570,31.6006
292352,21.7471,30.9355
293816,23.0654,32.2529
295288,22.1689,31.8291
296768,21.9668,32.2197
298252,21.7490,31.1338
299744,21.7598,30.8896
301244,22.1084,31.6094
302752,22.1807,31.8623
304268,21.8301,31.5723
305792,21.0049,29.5967
307324,27.2725,31.9648
308864,21.7148,31.6230
310412,21.8936,30.1113
311968,21.2021,30.8574
313528,21.6260,30.8613
315096,21.2139,31.0010
316672,21.8750,31.2822
318256,23.3613,34.0928
319848,21.8262,32.2881
321448,20.9805,30.0244
323056,21.3750,30.9463
324672,21.7139,31.9316
326296,29.0068,32.3115
327928,21.8262,31.8955
329568,21.6748,31.3320
331216,21.9668,31.5781
332876,21.2314,31.8926
334544,22.0850,31.5840
336220,22.0195,32.0723
337904,22.0566,31.8818
339596,21.1777,30.5391
341296,22.2813,31.5557
343004,22.8555,32.9775
344720,26.8643,33.4072
346444,22.6641,38.0518
348180,26.1943,31.1748
349924,22.0156,31.6758
351676,21.4180,30.0703
353436,22.3525,32.6094
355204,22.7051,32.8564
356984,21.1943,31.0254
358772,22.8193,32.7080
360568,23.0693,33.9199
362372,21.9961,31.3828
364184,21.5225,31.2432
366008,22.4541,32.5879
367840,23.2217,38.6416
369680,22.2666,32.8779
371532,21.2656,30.7061
373392,20.7676,30.1104
375260,22.2402,31.6846
377140,22.3623,32.3398
379028,23.0850,33.8027
380924,21.8203,31.2764
382832,22.5928,34.5020
384748,22.9492,33.3662
386672,22.4844,32.7773
388608,22.6240,32.8525
390552,22.8721,33.6055
392508,27.8398,31.9521
394472,21.7686,31.4170
396448,22.6406,33.1816
398432,21.8262,32.0361
400428,21.6865,30.9785
402432,22.0547,32.3984
404448,21.9238,32.3721
406472,22.9316,33.7061
408508,21.9912,32.6318
410552,20.5713,29.6660
412608,22.0469,32.2949
414672,22.4531,33.3135
416748,28.1904,33.1396
418832,23.5635,34.5996
420928,22.4365,32.1328
423036,22.3330,32.7383
425152,22.2148,32.6846
427280,22.3955,32.6826
429420,23.0049,33.4297
431568,22.3643,33.0186
433728,21.7324,31.7617
435900,21.5752,30.9805
438080,22.1709,32.8613
440272,21.5361,31.4521
442476,23.0723,33.7432
444692,22.5781,33.3760
446916,22.8525,34.8779
449152,22.8369,33.0928
451400,22.3730,32.3613
453660,23.2822,33.9512
455932,22.7715,32.7979
458212,21.9668,32.5918
460504,22.5771,33.1455
462808,21.5059,32.0869
465124,22.1348,32.4932
467452,21.9121,37.2539
469792,21.1543,30.5420
472144,21.0430,30.9570
474508,22.2568,31.7637
476884,21.6357,32.1104
479272,21.8604,31.5488
481672,22.4463,32.3457
484084,22.6064,34.0654
486508,22.4863,32.4092
488944,21.8887,31.6201
491392,22.8701,33.2803
493852,22.3662,32.3047
496324,30.6182,30.4346
498808,23.0361,33.4697
501304,22.9570,33.9326
503812,22.9590,33.4238
506332,21.9990,31.7119
508864,22.6318,34.1074
511412,23.3135,34.4873
513972,22.7002,33.6113
516544,21.6230,31.9443
519128,23.7148,35.8311
521724,22.2783,32.7402
524336,27.5801,38.3096
526960,25.5176,37.3828
529596,25.8193,38.0811
532244,24.6094,35.9395
534908,25.1963,36.5781
537584,23.8193,41.5410
540272,24.7041,35.5449
542976,24.1484,34.3457
545692,23.4014,31.8193
548424,24.5303,33.5449
551168,24.7119,33.9092
553924,23.7334,32.3779
556696,23.5273,32.4590
559480,24.1201,33.4619
562280,23.9990,34.3555
565092,24.4287,33.7490
567920,24.9482,39.7891
570760,24.8604,34.2490
573616,24.6895,34.3154
576488,24.6357,34.7051
579372,25.2471,34.6123
582272,24.6777,33.4844
585184,24.4824,33.8281
588112,23.9404,33.4346
591056,23.8164,33.5283
594012,25.4834,35.0010
596984,24.0918,33.6904
599972,53.6436,33.9688
602972,23.0254,31.8740
605988,24.5674,36.0420
609020,24.1963,33.0605
612068,25.3008,35.2998
615132,23.7559,36.9150
618208,24.7588,34.9521
621300,25.2539,35.1475
624408,24.1455,32.9082
627532,25.2813,36.0566
630672,24.5361,41.7734
633828,24.8096,33.9688
637000,23.8584,33.1787
640188,24.2881,33.7090
643392,25.0645,34.6943
646612,25.0820,35.7500
649848,24.4785,33.6328
653100,26.3281,39.2627
656368,24.8916,36.0000
659652,25.3428,35.3672
662952,24.0078,47.5166
666268,23.9492,34.2764
669600,25.6885,35.0664
672948,24.1318,34.5566
676316,25.5830,36.0361
679700,23.6709,33.7295
683100,24.2969,33.8936
686516,23.7920,34.0322
689952,25.6855,35.2354
693404,24.9453,35.5195
696872,25.7305,37.0273
700360,24.2930,35.7803
703864,25.3457,35.6826
707384,24.7783,34.6357
710924,24.7568,34.5039
714480,23.8750,33.4834
718056,24.8721,34.8408
721648,23.7207,33.5488
725260,25.7402,37.0039
728888,24.4580,34.1055
732536,24.7871,43.7539
736200,23.1738,32.6738
739884,24.4551,34.9512
743584,23.7891,32.8555
747304,24.8721,34.9746
751044,24.4941,34.6699
754800,24.1484,34.2178
758576,24.3213,34.3838
762372,24.4717,34.9990
766184,23.6436,33.2803
770016,25.4736,36.6309
773868,35.0137,37.7412
777740,25.4805,52.0811
781632,23.2412,33.7090
785544,24.5508,34.4551
789472,23.8604,34.2871
793420,24.7793,34.9863
797388,24.7275,34.5039
801376,24.0752,34.0430
805384,25.3447,35.9951
809412,24.1533,36.9346
813460,23.3105,32.2510
817528,24.0996,33.8574
821616,23.4229,32.9893
825728,23.3701,32.7285
829860,23.7617,32.9697
834012,23.4990,32.4766
838184,23.6064,33.0732
842376,23.9307,33.4639
846588,23.8613,32.7705
850824,24.3086,34.6084
855080,25.2100,33.9141
859356,23.3828,32.7852
863656,23.7422,34.6006
867976,24.8428,34.8281
872316,24.4629,34.9404
876680,24.5557,35.2529
881064,25.2959,36.2188
885472,24.9473,35.3877
889900,24.1953,33.9219
894352,23.9570,33.8750
898824,27.4932,35.4541
903320,25.5742,36.1553
907840,25.6738,35.6543
912380,23.8154,34.3223
916944,24.1807,34.5293
921532,24.4727,34.3711
926140,25.2725,35.5283
930772,25.1182,35.8926
935428,22.9727,32.7305
940108,23.4268,33.1123
944812,25.5762,36.3838
949540,24.2852,34.2422
954288,23.5137,32.9248
959060,24.1025,34.2998
963856,23.7949,34.2217
968676,24.7773,35.0625
973520,25.1641,35.6904
978388,24.3633,34.5889
983280,24.7266,35.3623
988200,24.4434,33.8545
993144,24.6885,34.1836
998112,23.5205,32.7188
1003104,24.9561,34.4512
1008120,25.2734,51.3906
1013164,26.6035,36.2852
1018232,23.9297,33.5342
1023324,25.2998,35.4766
1028444,25.2734,34.4375
1033588,25.9131,35.3203
1038756,24.1689,33.9570
1043952,25.0723,35.0947
1049172,28.2803,37.5078
1054420,27.4033,36.4551
1059696,25.5605,33.8789
1064996,27.3164,35.6055
1070324,34.6260,37.6904
1075676,27.8018,36.7578
1081056,27.2002,36.6074
1086464,26.5391,35.6563
1091900,29.1045,40.4727
1097360,26.0811,34.7070
1102848,27.2803,36.1387
1108364,25.9287,34.7939
1113908,28.0010,39.6846
1119480,26.7607,36.5029
1125080,26.9932,35.9688
1130708,27.8682,38.6221
1136364,27.2764,36.2197
1142048,27.3203,36.4531
1147760,27.5859,36.9170
1153500,27.6270,36.8447
1159268,26.7480,35.8174
1165068,30.1221,38.3115
1170896,27.1631,36.7686
1176752,27.4980,36.9004
1182636,27.6035,44.3906
1188552,25.5469,34.0693
1194496,28.7295,38.7070
1200472,27.4229,37.0811
1206476,26.4268,35.5635
1212512,26.3760,69.9307
1218576,27.9326,39.6143
1224672,27.4238,36.4883
1230796,28.9639,42.3281
1236952,27.8164,36.9766
1243140,27.3408,37.0986
1249356,28.6191,37.8174
1255604,26.2129,35.7383
1261884,30.0615,40.9609
1268196,27.1084,36.0537
1274540,28.0430,37.9951
1280916,26.9385,36.1006
1287324,26.7725,36.4551
1293764,27.8008,37.2793
1300236,28.0088,38.0869
1306740,27.3877,37.1924
1313276,29.8760,40.9746
1319844,28.6699,39.3867
1326444,27.5986,36.8818
1333080,26.8135,36.5352
1339748,28.5049,38.2832
1346448,27.3115,36.6885
1353184,28.7021,38.7080
1359952,27.6289,37.9307
1366752,30.3203,44.5391
1373588,28.2676,38.3594
1380456,28.2725,37.2500
1387360,28.4219,37.2715
1394300,29.3926,39.0225
1401272,27.7471,36.5459
1408280,28.1201,37.2646
1415324,33.6465,39.0723
1422404,27.0811,36.2529
1429520,28.9922,39.2295
1436668,29.5889,40.1533
1443852,30.5674,43.1953
1451072,27.9443,37.1670
1458328,29.2461,39.5264
1465620,27.8564,38.5488
1472952,27.2549,36.0840
1480320,29.2930,38.8838
1487724,27.8740,37.0273
1495164,29.0020,38.9854
1502640,29.2500,39.4922
1510156,27.9688,37.8359
1517708,28.8203,38.8877
1525300,31.1289,44.1523
1532928,27.8818,37.6514
1540596,27.1514,36.5205
1548300,28.4014,38.7373
1556044,26.6064,34.4619
1563828,27.5684,36.4111
1571648,28.4443,39.9482
1579508,29.0771,40.0674
1587408,27.6484,38.0645
1595348,27.8564,37.6367
1603328,33.2969,37.8984
1611348,27.1807,37.2686
1619408,27.4648,39.5635
1627508,31.8438,38.9932
1635648,28.7842,37.9775
1643828,26.8369,36.4580
1652048,29.1328,40.2559
1660312,29.2500,38.7793
1668616,29.2607,39.9766
1676960,28.1621,40.8262
1685348,27.7754,37.3955
1693776,28.4590,38.7783
1702248,29.8984,41.3340
1710760,29.2998,39.5127
1719316,27.5957,37.7881
1727916,28.0498,38.2100
1736556,27.2930,41.3008
1745240,28.0996,38.5264
1753968,27.4961,37.7764
1762740,28.1641,39.5918
1771556,30.5322,42.0547
1780416,29.3018,39.6104
1789320,29.2031,39.6318
1798268,29.0488,39.2637
1807260,30.0869,40.4502
1816300,29.1680,39.6514
1825384,28.8682,38.1641
1834512,29.8613,41.0068
1843688,28.6836,39.1436
1852908,30.0215,41.3125
1862176,30.6504,41.5244
1871488,29.9004,40.8242
1880848,29.4883,40.1484
1890256,30.6982,41.4229
1899708,30.4014,40.8682
1909208,30.2900,41.7822
1918756,40.6455,40.4688
1928352,29.4180,40.2939
1937996,30.9248,42.0908
1947688,29.0732,39.0508
1957428,30.5146,41.5771
1967216,29.7109,41.5127
1977056,29.4385,42.3164
1986944,30.1797,41.2861
1996880,30.0117,41.4004
2006868,30.9014,42.0029
2016904,29.6680,40.1221
2026992,30.4980,69.1611
2037128,30.1299,41.6904
2047316,30.4990,46.5752
2057556,30.6807,43.1230
2067844,30.7549,42.6826
2078184,32.1250,44.8926
2088576,31.0752,42.7207
2099020,34.5088,46.6514
2109516,31.9863,43.2539
2120064,30.3789,40.3545
2130668,33.0352,43.8779
2141324,31.8096,43.0859
2152032,33.6572,44.7383
2162796,32.4561,43.3857
2173612,31.9668,41.9570
2184484,31.7666,42.9189
2195408,34.1494,50.5117
2206388,33.7852,44.7910
2217420,31.6523,43.1045
2228508,31.9375,41.3320
2239652,33.6260,43.1035
2250852,33.8271,44.3838
2262108,34.4844,46.8145
2273420,34.8418,45.9043
2284788,32.9209,45.6348
2296212,33.6133,46.8213
2307696,33.3340,44.7998
2319236,33.3545,56.9238
2330836,32.9805,45.0449
2342492,33.3896,58.3730
2354208,33.7129,45.8320
2365980,31.8838,43.6895
2377812,32.4063,53.7588
2389704,33.8193,45.4609
2401656,48.8037,47.1572
2413668,39.1836,41.9404
2425740,33.3271,45.8320
2437872,33.1641,45.0000
2450064,31.0674,41.9473
2462316,31.7705,43.7988
2474628,41.3779,45.1299
2487004,32.6816,43.8193
2499440,31.3574,41.8730
2511940,32.7188,43.9736
2524500,32.8369,44.0654
2537124,33.8555,45.4121
2549812,31.2998,43.0830
2562564,32.0059,45.6494
2575380,32.4717,44.0967
2588260,33.4707,45.7793
2601204,32.0205,43.5879
2614212,32.1445,49.9609
2627284,41.4258,46.5977
2640424,31.4033,42.7393
2653628,31.2090,42.1260
2666900,32.3350,43.0938
2680236,33.3428,45.4795
2693640,32.3652,43.9150
2707112,31.8145,41.7471
2720648,34.2012,46.5898
2734252,31.5586,42.6689
2747924,31.1748,49.4551
2761664,33.3633,46.3369
2775476,31.2500,42.4629
2789356,34.0859,45.8662
2803304,31.8516,42.6387
2817324,43.0225,47.7715
2831412,32.8359,44.5947
2845572,33.7080,44.9160
2859800,34.2021,46.2129
2874100,32.9639,52.4424
2888472,41.2295,48.5879
2902916,30.9512,42.6221
2917432,32.7969,44.8340
2932020,31.5732,42.9375
2946684,63.9619,44.0371
2961420,33.4189,46.5107
2976228,45.4482,46.6416
2991112,33.0957,45.5371
3006068,31.9980,43.8828
3021100,34.2461,46.4990
3036208,33.0439,46.3516
3051392,32.7275,44.7734
3066652,31.4092,51.7598
3081988,34.0566,46.3379
3097400,33.0459,44.1055
3112888,33.5430,46.3330
3128456,31.7510,42.5938
3144100,34.1455,46.8447
3159824,34.0361,46.0205
3175624,32.1963,44.9854
3191504,32.6191,44.6641
3207464,59.0117,46.7656
3223504,32.8047,45.1113
3239624,31.9736,43.5723
3255824,32.7725,44.2842
3272104,40.4727,44.3721
3288468,32.4688,43.7988
3304912,33.5371,44.6250
3321440,33.6348,45.5156
3338048,32.3672,44.6738
3354740,33.9014,45.1104
3371516,31.4668,43.5313
3388376,33.2402,46.3271
3405320,33.4063,45.8135
3422348,33.8662,47.2803
3439460,34.5498,48.7568
3456660,34.3799,46.5420
3473944,38.1318,47.0996
3491316,33.8945,47.3213
3508776,32.7354,44.3252
3526320,32.4873,45.1563
3543952,32.6465,46.2285
3561672,33.6895,47.0986
3579484,32.9395,44.9434
3597384,41.6709,61.3545
3615372,34.9736,48.2930
3633452,34.9873,48.4863
3651620,33.9990,47.1777
3669880,35.6631,49.0713
3688232,33.6943,47.2383
3706676,33.4727,46.1973
3725212,34.7832,46.8213
3743840,34.3760,48.5654
3762560,33.6768,44.9453
3781376,34.2520,46.7744
3800284,33.8076,47.4531
3819288,35.5215,49.5703
3838388,34.2627,47.2920
3857580,34.1738,46.0479
3876868,36.5342,50.0146
3896256,35.1699,48.0039
3915740,34.6797,47.8691
3935320,34.1934,47.7910
3955000,35.7725,50.3438
3974776,34.1006,47.3887
3994652,34.8271,47.2676
4014628,38.3379,46.6426
4034704,33.5635,45.0723
4054880,35.2500,48.6895
4075156,34.3975,48.9805
4095532,38.0420,57.1270
4116012,34.4287,49.8203
4136596,36.5293,52.2295
4157280,35.2617,47.5898
4178068,35.4131,49.2559
4198960,40.3682,52.0430
4219956,38.9619,50.5684
4241056,38.5156,48.5439
4262264,37.6367,47.8809
4283576,38.5938,48.8525
4304996,36.9316,46.2988
4326524,38.7822,50.2881
4348160,36.7031,45.9756
4369904,39.8584,49.9805
4391756,38.3730,49.3770
4413716,39.2686,49.9229
4435788,37.9404,50.6377
4457968,39.3613,51.5752
4480260,37.5430,50.2900
4502664,39.1816,50.0332
4525180,37.2383,47.4990
4547808,38.1055,48.9961
4570548,47.3887,49.9980
4593404,38.9756,49.8340
4616372,37.6172,49.0762
4639456,38.9863,48.9414
4662656,37.3027,48.0371
4685972,39.6299,51.6035
4709404,38.1836,48.7363
4732952,38.4072,49.2100
4756620,37.4082,48.7344
4780404,37.9922,47.9824
4804308,38.4570,49.8975
4828332,38.5518,50.6650
4852476,39.3389,50.8955
4876740,38.0781,49.8633
4901124,39.0137,50.1445
4925632,38.7617,49.7813
4950264,39.2891,52.2998
4975016,39.1572,50.8555
4999892,38.5391,76.7217
5024892,39.7031,51.0693
5050020,36.6406,47.9463
5075272,39.0029,51.6992
5100652,36.8418,48.0605
5126156,38.5088,51.2285
5151788,39.4893,50.3760
5177548,40.2773,52.7695
5203436,36.0303,47.2510
5229456,38.5576,51.2588
5255604,37.6416,50.9346
5281884,37.8945,49.7070
5308296,38.9590,52.6973
5334840,38.0859,49.4756
5361516,40.1738,54.3184
5388324,39.1426,50.7988
5415268,45.1455,49.2539
5442348,39.0498,50.9385
5469560,38.4326,50.7100
5496908,38.0723,48.4053
5524396,37.8750,49.5410
5552020,38.2227,49.0811
5579784,38.1357,48.9248
5607684,38.7813,51.2021
5635724,37.3369,47.9092
5663904,39.1855,51.8926
5692224,37.5938,49.7773
5720688,37.8184,50.7559
5749292,38.5469,52.0498
5778040,36.7822,50.2275
5806932,39.0352,50.9082
5835968,37.5186,51.3838
5865148,39.0605,50.6689
5894476,39.8994,50.4434
5923952,48.6191,49.0811
5953572,37.4922,48.5361
5983340,39.5088,50.8643
6013260,38.8594,50.4932
6043328,39.5938,51.9619
6073548,40.4941,51.7783
6103916,37.4570,50.1943
6134436,38.4482,52.0352
6165112,40.1387,52.1406
6195940,39.3896,52.3125
6226920,36.6797,48.8301
6258056,39.4434,53.1143
6289348,40.4756,54.1279
6320796,39.1455,57.3604
6352400,38.2188,51.8926
6384164,38.8369,51.1699
6416088,37.5195,50.6777
6448172,38.9746,51.9502
6480416,40.2803,53.5547
6512820,38.0713,50.9248
6545388,37.1904,49.9375
6578116,38.2900,50.7813
6611008,39.7109,53.0820
6644064,81.3096,61.6279
6677288,50.8574,53.1387
6710676,40.2246,54.6094
6744232,38.4980,50.2393
6777956,36.5684,47.5928
6811848,40.9805,54.7832
6845908,39.5820,51.7891
6880140,39.7578,50.8662
6914544,38.5439,49.9922
6949120,38.6543,49.6836
6983868,40.0293,53.3408
7018788,38.5371,50.9824
7053884,38.3721,50.0322
7089156,38.9727,60.1357
7124604,38.7275,51.0000
7160228,39.2607,58.8877
7196032,40.0605,52.7168
7232016,39.3281,52.1113
7268180,38.4258,52.0117
7304524,38.8672,53.1338
7341048,38.3535,52.1836
7377756,37.0332,50.1445
7414648,38.8350,51.9619
7451724,37.9971,79.2461
7488984,38.7461,51.6504
7526432,39.1465,51.4277
7564068,38.1445,50.0957
7601892,40.9229,53.9824
7639904,39.5439,53.1387
7678104,40.3643,54.5820
7716496,38.4229,52.0605
7755080,39.4023,52.3389
7793856,40.6123,54.5859
7832828,37.7051,49.1094
7871996,39.2871,52.3936
7911356,37.4922,49.7471
7950916,40.0879,53.6865
7990672,39.7510,126.7480
8030628,41.6963,53.4121
8070784,41.2646,54.7998
8111140,66.1455,54.4053
8151696,37.4766,51.7598
8192456,38.8994,52.0078
8233420,39.3848,52.2246
8274588,39.5381,52.4248
8315964,39.3438,54.0635
8357544,55.3086,53.2900
8399332,56.6123,52.8467
8441332,42.4570,54.3086
8483540,43.5527,54.2773
8525960,43.6699,56.5098
8568592,41.0771,52.2803
8611436,40.5342,52.1670
8654496,71.9365,52.0029
8697772,41.4336,52.9346
8741264,42.4238,54.4229
8784972,42.5293,53.8027
8828900,42.5166,53.2412
8873048,38.9951,48.7793
8917416,42.0703,52.9199
8962004,41.0811,50.9785
9006816,41.4229,51.7793
9051852,41.2480,53.1689
9097112,41.4609,65.9639
9142600,45.6982,56.1152
9188316,44.7188,55.5693
9234260,41.8955,52.2949
9280432,44.3623,55.7012
9326836,42.3711,51.7188
9373472,43.6182,55.2969
9420340,42.7920,54.3770
9467444,40.8154,51.9922
9514784,40.7559,54.4004
9562360,40.8516,51.9609
9610172,41.3340,53.6377
9658224,44.2422,54.6631
9706516,44.4619,52.9375
9755052,41.2607,53.3613
9803828,43.7363,52.9082
9852848,40.5820,48.4512
9902116,40.6152,77.8379
9951628,43.3369,55.6475
10001388,41.1709,54.3887
10051396,42.0254,53.6992
10101656,40.4180,51.7070
10152168,42.6631,54.7803
10202932,44.7871,57.0977
10253948,42.7090,54.5313
10305220,40.1895,53.2217
10356748,40.8379,52.4531
10408532,40.1670,51.5430
10460576,39.6582,53.6113
10512880,40.0918,53.5713
10565448,41.2529,54.1777
10618276,40.7314,52.5762
10671368,42.0918,55.0811
10724728,41.5225,52.8984
10778352,40.8525,53.5684
10832244,45.2324,59.6602
10886408,41.1621,53.8115
10940844,43.0322,55.0020
10995552,41.7676,52.6064
11050532,43.6748,55.8232
11105788,41.6084,53.9277
11161320,44.1572,55.7939
11217128,42.3057,53.2139
11273216,43.4854,56.5918
11329584,40.2822,51.7051
11386232,43.4541,55.4229
11443164,42.0566,55.0127
11500380,43.9512,56.2090
11557884,40.9941,51.7705
11615676,42.4629,54.8379
11673756,42.1289,53.9453
11732128,45.2451,58.3691
11790792,41.7637,53.2432
11849748,41.2861,52.9717
11909000,40.9717,52.5518
11968548,41.3154,53.2480
12028392,42.9189,55.6738
12088536,41.5313,52.7217
12148980,74.7314,59.3926
12209728,43.3408,55.0859
12270780,43.0723,56.1865
12332136,42.6631,55.5986
12393800,41.0928,53.3945
12455772,40.6299,52.0654
12518052,40.2383,53.0977
12580644,41.6914,55.4941
12643548,42.3320,62.6934
12706768,43.4795,56.7998
12770304,42.1533,54.9463
12834156,41.9072,55.5869
12898328,40.5449,52.6064
12962820,43.0352,55.5244
13027636,42.1621,55.7695
13092776,43.4355,56.0684
13158240,41.7949,53.3584
13224032,42.1016,55.2207
13290156,42.7402,56.7051
13356608,42.5664,55.9639
13423392,44.0762,57.7363
13490512,42.7607,55.4639
13557968,43.7373,57.4814
13625760,42.1201,54.2344
13693892,69.2568,55.9570
13762364,42.0781,55.1074
13831176,44.1572,56.5479
13900332,41.7441,55.1318
13969836,41.0547,52.7832
14039688,42.8447,55.1152
14109888,44.4648,58.6855
14180440,43.5088,58.0430
14251344,43.6094,57.5928
14322604,41.5488,54.0918
14394220,42.6016,55.6611
14466192,42.6240,56.7607
14538524,41.7402,55.0098
14611220,40.8096,53.9873
14684280,41.5811,55.1846
14757704,40.3281,54.2578
14831496,41.5391,55.1084
14905656,41.8291,55.7500
14980188,43.1641,57.0898
15055092,42.1055,98.0195
15130368,42.8770,56.6143
15206020,43.1777,59.2734
15282052,45.3594,58.2500
15358464,50.9922,54.2549
15435260,42.1660,55.7656
15512440,40.8525,53.5342
15590004,40.8994,55.1406
15667956,42.9961,56.1338
15746296,44.6963,59.0293
15825028,42.4609,57.7695
15904156,42.1689,53.8945
15983680,46.5322,56.0869
16063600,51.6025,57.6973
16143920,45.0117,58.3672
16224640,43.7100,58.8457
16305764,45.0254,58.4492
16387296,42.3740,54.6221
16469236,45.3662,58.2959
16551584,42.8730,56.6611
16634344,44.8994,59.0361
16717516,41.6904,56.6904
16801104,48.7041,61.5811
16885112,44.9883,56.4287
16969540,45.9844,56.6348
17054388,47.0391,57.6074
17139660,46.3945,57.2725
17225360,49.8008,63.3301
17311488,45.3154,55.6748
17398048,59.6631,64.3682
17485040,55.8643,65.7246
17572468,53.0732,165.8613
17660332,59.6758,62.5527
17748636,50.7256,60.6465
17837380,46.2246,58.6416
17926568,46.1885,56.8252
18016204,47.2861,59.4443
18106288,45.7422,56.7930
18196820,48.8418,62.2656
18287808,99.2920,80.2080
18379248,66.1201,70.4863
18471148,65.2803,90.6318
18563504,59.3105,65.2598
18656324,63.5186,70.9668
18749608,57.9521,65.9619
18843360,59.0332,69.6084
18937580,60.3135,68.2246
19032268,56.8330,64.2705
19127432,59.6660,70.1533
19223072,62.3955,70.0840
19319188,62.3223,70.6523
19415784,60.2715,67.0840
19512864,59.7275,70.5137
19610432,66.2451,74.5039
19708488,63.4023,70.0771
19807032,61.1006,68.0342
19906068,67.4258,75.1865
20005600,66.0605,85.4531
20105628,66.4697,75.2793
20206160,64.8740,70.0654
20307192,66.2129,70.5986
20408728,63.6992,73.4141
20510772,59.9941,66.6982
20613328,58.1357,65.9512
20716396,63.1768,71.2783
20819980,62.2109,69.9971
20924080,63.9844,75.7637
21028704,62.4775,72.4385
21133848,62.6182,111.6943
21239520,62.8145,78.4795
21345720,63.2373,88.5869
21452452,64.6133,70.9229
21559716,64.0820,72.1025
21667516,61.2900,71.9238
21775856,68.0625,77.4893
21884736,61.5391,73.8672
21994160,81.1621,73.5322
22104132,67.2773,72.2207
22214656,66.9063,74.8838
22325732,62.1523,69.4326
22437364,65.7637,72.5732
22549552,67.7432,74.0176
22662300,79.7637,70.2695
22775612,71.2139,76.1504
22889492,70.5244,80.5342
23003940,63.3643,73.8105
23118960,71.9805,74.6084
23234556,67.1943,82.3760
23350732,67.7598,73.5479
23467488,67.2959,75.4180
23584828,69.8389,95.4619
23702756,70.2549,76.3750
23821272,73.9385,75.5928
23940380,73.8867,80.5137
24060084,71.3447,82.9482
24180388,72.7246,80.6240
24301292,71.4990,76.1904
24422800,70.3789,79.5215
24544916,82.9102,88.0303
24667644,85.7471,86.4795
24790984,460.2920,76.3955
24914940,67.2441,80.7002
25039516,67.0303,75.7793
25164716,71.8145,85.5332
25290540,69.1670,78.5693
25416996,74.4248,81.8711
25544084,74.6963,82.0273
25671808,67.8232,78.0381
25800168,73.5479,84.2021
25929172,75.3740,80.3740
26058820,75.0791,80.9717
26189116,71.8096,79.6641
26320064,86.4082,79.7217
26451668,71.5020,78.3799
26583928,75.3174,82.2471
26716848,74.4092,84.8193
26850436,73.3213,79.9922
26984692,76.1143,86.6367
27119616,78.2842,84.6182
27255216,73.5996,84.1211
27391496,143.9668,94.7266
27528456,88.3662,73.9951
27666100,78.2607,83.9971
27804432,76.3525,81.4063
27943456,76.7041,98.7275
28083176,96.8750,93.8262
28223592,115.7002,98.8311
28364712,91.4023,91.4893
28506536,77.7852,83.4326
28649072,85.6016,103.1475
28792320,78.2139,94.6338
28936284,96.6758,79.2314
29080968,74.4375,81.3184
29226376,71.8682,82.4609
29372508,71.1826,76.5693
29519372,104.0068,92.0225
29666972,79.7197,80.3486
29815308,80.1035,86.3828
29964388,97.7822,90.4346
30114212,78.4629,76.8906
30264784,81.9756,84.3975
30416108,82.1074,90.3467
30568192,117.9131,89.6992
30721036,81.2959,86.6572
30874644,76.2734,99.8584
31029020,89.3086,89.2227
31184168,77.6777,80.9727
31340092,82.1162,84.5146
31496796,91.4678,93.2842
31654280,84.5010,90.5059
31812552,78.6816,86.4102
31971616,83.5029,96.8389
32131476,79.5518,83.7656
32292136,99.1396,84.9258
32453600,87.5625,92.1426
32615868,84.3613,87.3242
32778948,83.4424,88.4531
32942844,83.7236,95.1699
33107560,94.6748,100.7393
33273100,82.9775,91.4414
33439468,89.6484,102.6846
33606668,92.4219,86.0156
33774704,93.6816,95.0283
33943580,93.4697,93.7646
34113300,92.6709,89.3311
34283868,94.3867,97.6533
34455288,98.1563,98.3525
34627568,97.5635,110.8828
34800708,96.4971,96.1719
34974712,90.1729,88.5391
35149588,92.0166,88.6768
35325336,99.7441,94.1699
35501964,101.8643,103.8027
35679476,97.3320,97.5332
35857876,94.2803,99.8916
36037168,92.6914,93.9688
36217356,91.0791,93.8135
36398444,100.9121,105.0791
36580440,98.9746,98.5791
36763344,99.4004,98.8682
36947164,100.5000,95.2207
37131900,100.5254,98.5557
37317560,96.1016,98.5449
37504148,93.9971,92.5078
37691672,97.7266,99.6895
37880132,114.8057,103.6318
38069536,97.3066,99.5674
38259884,98.8389,97.8057
38451184,158.0664,92.2754
38643440,101.8936,101.6953
38836660,103.5049,96.3193
39030844,105.3916,104.6982
39226000,98.6523,100.5732
39422132,110.4307,103.5078
39619244,115.1348,114.7686
39817344,140.8682,104.5195
40016432,110.2773,104.2754
40216516,111.3477,109.6533
40417600,111.7549,104.2324
40619688,104.9570,102.2910
40822788,97.7129,104.9375
41026904,126.4746,107.8643
41232040,106.7813,113.5293
41438204,105.4326,106.0645
41645396,107.6172,104.1299
41853624,100.4219,125.1816
42062896,111.5938,97.2100
42273212,124.0713,104.8877
42484580,99.8828,102.0098
42697004,105.2588,106.2705
42910492,115.1191,102.5469
43125048,107.7891,104.9521
43340676,104.3027,183.9395
43557380,98.1660,100.1729
43775168,106.2002,104.0898
43994044,111.1563,111.4541
44214016,112.8965,110.4883
44435088,102.5225,104.0283
44657264,105.9414,103.4219
44880552,108.1582,111.3906
45104956,112.1016,113.5996
45330484,104.1738,109.0059
45557140,106.4297,108.0889
45784928,106.4346,182.2979
46013856,126.1426,121.9385
46243928,124.2773,125.6152
46475148,114.6377,108.0049
46707524,113.9082,111.8174
46941064,111.4932,117.9443
47175772,116.5850,111.6943
47411652,140.1709,112.8076
47648712,116.3125,115.2139
47886956,120.2051,112.7461
48126392,106.5430,111.4805
48367024,118.8389,120.6553
48608860,107.0518,115.0596
48851908,117.1982,122.0645
49096168,124.3926,118.6367
49341652,117.4697,111.4912
49588364,120.3906,124.7363
49836308,114.8857,113.2061
50085492,114.8154,115.7256
50335920,114.1855,122.6719
50587600,110.0049,161.3066
50840540,111.8350,116.3008
51094744,111.7109,117.7344
51350220,122.1328,128.0713
51606972,115.7422,122.0947
51865008,124.3018,120.8135
52124336,124.2383,123.2109
52384960,121.4736,123.0088
52646888,124.1543,125.3145
52910124,121.9639,120.2432
53174676,119.0713,141.4482
53440552,126.4141,125.5371
53707756,106.9121,109.7246
53976296,116.3691,119.6445
54246180,120.7510,176.5059
54517412,124.4326,125.8516
54790000,123.9385,123.0898
55063952,131.8643,143.5938
55339272,121.0439,119.8262
55615972,134.0537,124.4541
55894052,125.9912,123.6045
56173524,129.3506,133.9443
56454392,129.4590,130.5039
56736664,133.5234,133.1475
57020348,122.3721,124.6895
57305452,118.7285,126.7285
57591980,119.0889,127.3486
57879940,119.3252,128.5254
58169340,120.0273,123.4004
58460188,116.5605,126.6709
58752492,126.0244,133.3018
59046256,200.6982,140.1025
59341488,133.8789,144.3008
59638196,123.0703,126.2100
59936388,121.6777,124.2393
60236072,129.0225,138.1328
60537256,134.5361,134.8877
60839944,142.0859,136.1709
61144144,142.1133,133.2832
61449868,134.4355,131.0977
61757120,128.4688,134.8672
62065908,142.5557,136.5615
62376240,133.5273,132.1035
62688124,134.2334,140.6426
63001568,131.5830,132.9912
63316576,137.0996,139.3750
63633160,135.8398,128.0332
63951328,133.3779,149.1475
64271088,136.9395,161.6445
64592444,132.7432,163.4414
64915408,135.3506,140.8848
65239988,160.8525,139.3809
65566188,132.5313,170.5156
65894020,171.9160,151.2383
66223492,133.3438,145.3965
66554612,134.3271,151.0117
66887388,132.8691,153.2021
