4,1.0410,1.2637
8,1.7617,4.7881
12,2.2373,5.4600
16,2.2451,7.2373
20,2.8145,7.6875
24,2.7041,7.4805
28,2.7080,5.9434
32,2.7158,5.8896
36,3.2168,6.2939
40,3.1582,6.2939
44,3.2266,6.3594
48,3.2148,6.8271
52,3.2109,6.5049
56,3.2158,7.1641
60,3.2207,7.0645
64,3.2119,8.0059
68,3.7441,7.8877
72,3.7002,7.2334
76,3.6943,7.5186
80,3.6943,7.6943
84,3.7373,7.5664
88,3.7061,8.2754
92,3.6943,8.5469
96,3.6855,8.1475
100,3.7002,8.2725
104,3.7002,7.7246
108,3.6943,7.7461
112,3.6855,8.8174
116,3.7139,8.6943
120,3.7119,9.1074
124,3.7734,8.4541
128,3.7842,11.7588
132,4.2979,10.8838
136,4.2920,11.9297
140,4.2139,10.8311
144,4.2197,11.4814
148,4.2393,10.8486
152,4.2080,11.1387
156,4.2295,11.0791
160,4.2266,11.3018
164,4.1992,10.5029
168,4.2344,11.0625
172,4.2373,11.5674
176,4.2432,11.4277
180,4.2500,11.2646
184,4.2119,11.2900
188,4.2080,11.1592
192,4.2402,11.4746
196,4.2344,11.5498
200,4.2363,11.8330
204,4.2129,11.5244
208,4.2090,11.5293
212,4.2510,11.2012
216,4.2549,11.7266
220,4.2334,11.2422
224,4.2041,10.2744
228,4.2031,10.0928
232,4.1826,9.6689
236,4.2119,10.1602
240,4.2207,9.9727
244,4.2100,10.8086
248,4.2070,10.1270
252,4.1992,9.7627
256,4.2334,12.0156
260,4.7910,11.4414
264,4.8154,11.4775
268,4.8320,10.7861
272,4.8291,10.9346
276,4.8125,10.8936
280,4.7959,10.0615
284,4.8184,10.6162
288,4.8066,10.3467
292,4.8232,10.7178
296,4.8184,10.7773
300,4.8066,11.0352
304,4.8271,10.9443
308,4.8115,11.1885
312,4.8105,10.8916
316,4.8291,11.1699
320,4.8057,10.6563
324,4.8145,10.7354
328,4.8164,10.8584
332,4.8184,10.1602
336,4.8242,10.8076
340,4.8066,10.9609
344,4.8203,11.7305
348,4.8145,10.4004
352,4.8223,11.1533
356,4.8174,10.4824
360,4.8174,11.4385
364,4.8145,11.5732
368,4.8184,11.6504
372,4.8154,10.5303
376,4.8076,10.5762
380,4.8086,11.2598
384,4.8232,10.6270
388,4.8193,11.2598
392,4.8301,10.9209
396,4.8232,11.1123
400,4.8232,10.8467
404,4.7988,11.9219
408,4.8086,11.7354
412,4.8086,11.3604
416,4.8174,10.5195
420,4.8135,11.3613
424,4.8057,10.6992
428,4.8242,11.7354
432,4.8213,11.0986
436,4.8135,12.0137
440,4.8096,11.5430
444,4.8096,11.5283
448,4.8018,11.2256
452,4.8105,11.6357
456,4.8027,11.6143
460,4.8184,11.5039
464,4.8252,12.0918
468,4.8193,11.7764
472,4.8271,11.0889
476,4.8125,10.7939
480,4.8047,10.9902
484,4.7959,11.5342
488,4.8213,11.5586
492,4.8047,10.9580
496,4.8203,11.2744
500,4.8076,12.1729
504,4.8193,11.5430
508,4.8105,11.5537
512,4.8096,13.5000
516,6.3467,13.7188
520,5.8428,12.4111
524,6.0127,12.9570
528,5.8760,12.0254
532,6.0566,13.2949
536,6.0469,12.8691
540,6.0977,13.0918
544,6.0879,13.3027
548,5.9824,12.9424
552,5.9141,12.5371
556,6.0303,12.9121
560,5.8955,11.7461
564,6.1191,12.8936
568,6.0557,12.8125
572,5.9551,12.0830
576,5.9424,12.9727
580,5.8682,11.9482
584,6.0752,12.1250
588,6.0801,11.9697
592,5.9346,11.3301
596,6.0664,12.3398
600,5.9854,11.4492
604,5.9873,11.5811
608,5.9873,11.5869
612,6.1016,12.0742
616,6.1182,11.9404
620,5.9805,11.6240
624,6.0586,12.0518
628,5.8525,11.1992
632,5.9355,10.8340
636,5.8916,11.2832
640,6.0928,11.7822
644,6.0020,11.8682
648,5.8105,11.9609
652,5.9961,11.2119
656,5.9629,11.7119
660,15.1641,11.9424
664,6.0918,11.7881
668,6.0303,11.6162
672,5.9277,11.1172
676,6.0000,11.7148
680,5.9814,11.2734
684,6.0830,12.3193
688,5.8066,10.7578
692,6.0107,12.2617
696,5.9873,11.3281
700,6.1260,12.3887
704,6.1104,12.6211
708,5.9834,11.8184
712,5.9443,11.3496
716,6.0576,11.7178
720,5.9063,11.4063
724,5.9736,11.9805
728,5.9541,12.0459
732,6.1875,12.5957
736,5.9170,11.6768
740,5.8691,11.5840
744,6.0117,11.5850
748,6.1250,12.7031
752,5.8867,11.5059
756,6.0400,11.8789
760,5.9180,12.2422
764,6.0889,12.3066
768,5.9980,12.0381
772,6.0664,12.2070
776,6.1455,12.1689
780,6.0156,12.1230
784,5.9775,11.7178
788,6.0625,12.1787
792,5.9297,11.9063
796,6.1670,12.4316
800,6.0117,11.8135
804,5.9912,11.5225
812,6.0010,11.8818
820,6.1436,12.3350
828,5.9805,12.9668
836,5.8750,11.9326
844,6.0146,12.3623
852,6.0176,12.5107
860,6.0264,12.5313
868,5.9561,12.4824
876,6.0039,12.4053
884,6.0156,12.1104
892,6.1123,12.2227
900,6.0195,12.4727
908,6.1357,13.1006
916,6.0195,12.6230
924,5.9971,11.8623
932,6.0615,12.9453
940,6.1230,12.7998
948,6.0488,12.4268
956,5.8965,11.9971
964,6.0059,13.0225
972,5.8740,12.4746
980,6.0244,13.1729
988,5.8662,11.5645
996,6.0068,12.2646
1004,5.9922,12.6377
1012,6.0127,13.1182
1020,5.9482,12.4980
1028,8.1309,15.8047
1036,7.7881,15.1406
1044,7.6201,14.2715
1052,7.5488,14.2490
1060,7.4648,13.1045
1068,7.6592,13.7119
1076,7.2725,13.1670
1084,7.3750,12.8662
1092,7.3721,13.5781
1100,7.2617,12.8965
1108,7.3086,13.0400
1116,7.5557,13.5352
1124,7.3867,13.3574
1132,7.3652,12.9639
1140,7.6309,14.0713
1148,7.4834,13.7842
1156,7.5293,12.7920
1164,7.6553,13.5273
1172,7.9492,13.5527
1180,8.2031,13.7471
1188,7.4238,13.3643
1196,7.5254,13.2451
1204,7.4785,12.3643
1212,7.5625,13.6006
1220,7.4092,13.4727
1228,7.2500,12.7637
1236,7.2432,12.4521
1244,7.2021,12.1904
1252,7.2695,13.5781
1260,7.4053,13.4619
1268,7.4805,13.2246
1276,7.6602,14.4971
1284,7.1660,13.4717
1292,7.3115,13.6191
1300,7.5049,13.6396
1308,7.4658,13.2080
1316,7.3672,14.1572
1324,7.1514,12.7578
1332,7.2227,13.4307
1340,7.1426,52.3984
1348,7.1807,12.6318
1356,7.1914,12.7305
1364,7.3232,13.3086
1372,7.3174,13.6211
1380,7.1846,13.3965
1388,7.2861,13.2686
1396,7.5615,12.7383
1404,7.6426,14.1113
1412,7.1846,12.5215
1420,7.2480,13.6494
1428,7.2510,13.0518
1436,7.2637,13.1504
1444,7.3057,13.9395
1452,7.4033,13.8535
1460,7.0977,13.4902
1468,7.2764,13.4414
1476,7.2031,13.0293
1484,7.1670,12.5176
1492,7.1914,12.8965
1500,7.2803,13.4912
1508,7.2998,14.0117
1516,7.2227,13.2744
1524,7.1797,13.2266
1532,7.4453,14.3203
1540,7.5078,13.9980
1548,7.2197,13.8613
1556,7.5420,104.5947
1564,7.5996,14.0010
1572,7.2959,13.2764
1580,7.3711,14.1816
1588,7.1934,13.6592
1596,7.1855,13.2402
1604,7.1787,13.1914
1616,7.1836,13.4189
1628,7.3838,13.9385
1640,7.6504,13.0947
1652,7.4414,14.1816
1664,7.1904,13.3564
1676,7.2383,13.0625
1688,7.1943,13.7148
1700,7.2129,13.7148
1712,7.1982,13.4014
1724,7.1904,14.2637
1736,7.1904,13.9121
1748,7.2266,13.7695
1760,7.1182,13.0537
1772,7.3760,14.3398
1784,7.3203,14.0332
1796,7.1611,13.1064
1808,7.1660,13.8848
1820,7.2490,13.9482
1832,7.3994,15.1787
1844,7.5371,14.4922
1856,7.2871,14.0186
1868,7.2988,14.0605
1880,7.5166,14.2666
1892,7.3018,13.1484
1904,7.4189,14.3115
1916,7.2373,13.7979
1928,7.3203,13.7266
1940,7.3789,14.5039
1952,18.8867,13.7695
1964,7.5273,13.7100
1976,7.4316,14.0420
1988,7.9775,15.4521
2000,7.5371,14.1250
2012,7.3223,14.0820
2024,7.3848,14.2666
2036,7.2012,13.7930
2048,7.2676,16.8945
2060,9.4023,17.2031
2072,9.1670,17.2061
2084,8.7627,16.1055
2096,8.6426,15.7715
2108,8.5664,15.7354
2120,8.7588,16.1367
2132,8.9766,16.8242
2144,9.0508,17.2275
2156,8.6865,20.6641
2168,9.1299,16.7090
2180,8.5771,15.3213
2192,8.8857,17.0244
2204,8.9365,15.9414
2216,8.9639,16.9336
2228,8.8301,16.4834
2240,9.0068,16.5518
2252,8.8574,16.5596
2264,9.0117,16.2773
2276,8.6514,15.6221
2288,9.0107,16.6826
2300,8.7344,15.6445
2312,9.0010,16.4854
2324,8.9287,16.6846
2336,8.6416,16.2832
2348,8.9863,16.8418
2360,8.9473,16.8193
2372,8.7891,16.2266
2384,8.5986,15.2930
2396,8.5879,15.6514
2408,8.6563,15.7480
2424,8.5000,15.1729
2440,8.7598,16.0088
2456,8.7744,16.2285
2472,8.4482,15.8330
2488,8.8076,16.5938
2504,8.5977,16.0488
2520,9.2285,17.2510
2536,8.7354,16.0762
2552,8.8398,16.8877
2568,8.8896,16.4717
2584,8.6875,15.8418
2600,8.8750,15.9590
2616,8.8330,16.3262
2632,8.8232,16.4033
2648,8.8389,16.4854
2664,8.8057,16.6143
2680,8.5557,15.6406
2696,8.7930,16.2139
2712,8.4268,15.2383
2728,9.0391,16.6963
2744,8.5303,15.7852
2760,8.8662,16.5996
2776,8.7354,16.3770
2792,8.5752,15.2607
2808,8.9795,17.2246
2824,9.3066,17.4502
2840,9.0518,17.4785
2856,8.7598,16.9248
2872,8.5273,15.8203
2888,8.7666,16.3848
2904,8.6270,16.1367
2920,8.9893,17.5166
2936,8.7520,16.1172
2952,8.4941,15.5713
2968,8.8623,16.2871
2984,8.5488,16.5762
3000,8.8066,16.2432
3016,9.0898,16.4121
3032,9.1172,16.6221
3048,9.0625,16.4385
3064,8.9316,16.0713
3080,8.8691,16.8643
3096,8.8906,16.2129
3112,9.0127,16.9668
3128,8.7539,16.4531
3144,8.6445,15.6768
3160,9.0029,16.9697
3176,8.5225,15.2461
3192,8.8174,16.4023
3208,8.8965,16.8789
3228,8.8711,16.4082
3248,8.7920,16.5264
3268,8.8887,16.6943
3288,9.0156,16.7998
3308,8.7061,16.5723
3328,8.8213,16.5039
3348,8.8291,16.9297
3368,8.9932,17.0332
3388,8.8955,16.7061
3408,8.8193,16.9258
3428,8.7803,16.6699
3448,8.9150,16.8408
3468,8.6543,15.5957
3488,8.8184,16.5850
3508,8.9707,17.0342
3528,8.7080,17.1836
3548,8.3867,15.0205
3568,8.7061,16.1133
3588,8.6484,15.7520
3608,8.8936,16.5781
3628,8.3350,15.6006
3648,8.5693,16.0820
3668,9.0664,17.6250
3688,8.5469,16.0439
3708,8.7490,17.2227
3728,8.4697,15.4600
3748,8.6758,16.1943
3768,8.4502,15.5400
3788,8.6084,15.8086
3808,8.6084,16.3574
3828,8.6162,16.7461
3848,8.4971,15.8584
3868,8.7773,16.6865
3888,8.8721,16.9961
3908,8.8076,16.9785
3928,8.6367,16.5752
3948,8.6084,16.1787
3968,8.7432,16.5859
3988,8.8682,16.9873
4008,8.8711,16.7578
4032,8.9297,16.8975
4056,8.5400,16.3047
4080,8.8877,18.0439
4104,10.9717,19.7549
4128,10.6797,18.5273
4152,10.7666,19.0635
4176,11.1328,19.7314
4200,10.9639,19.6729
4224,10.2285,18.3633
4248,10.1904,18.0459
4272,10.2783,18.1445
4296,9.7881,16.8896
4320,10.0361,18.3594
4344,9.7070,16.5850
4368,9.8848,17.2676
4392,9.9434,17.7529
4416,9.9229,17.4199
4440,9.8027,16.4766
4464,9.7813,16.9688
4488,10.1455,17.5039
4512,14.4658,17.6670
4536,9.9922,17.2578
4560,9.8857,17.2178
4584,10.3115,18.2666
4608,10.4600,18.9375
4632,10.2676,17.8613
4656,10.1572,18.3076
4680,10.2031,17.9512
4704,10.0020,17.3604
4728,10.1504,17.3936
4752,10.0459,17.4063
4776,10.0615,17.6768
4800,9.6484,16.6426
4824,10.2002,17.5918
4852,10.0811,17.2324
4880,10.0820,17.8564
4908,9.9141,17.8779
4936,10.3301,17.8242
4964,10.1201,17.9463
4992,10.0020,17.8311
5020,9.9863,17.3799
5048,10.3564,18.6104
5076,10.0508,17.9248
5104,10.0439,17.6855
5132,10.1270,17.7129
5160,9.8096,17.1191
5188,10.0166,17.8086
5216,9.9297,17.8564
5244,10.0342,17.7695
5272,9.9570,17.0176
5300,9.9658,17.3701
5328,9.7373,17.0850
5356,9.7217,16.9707
5384,9.8135,17.5469
5412,10.2158,17.7695
5440,10.4355,18.1504
5468,9.8379,16.5000
5496,9.8584,16.8037
5524,10.0293,17.3926
5552,10.0762,18.2002
5580,10.1660,18.7168
5608,9.9316,18.0791
5640,9.8770,17.2783
5672,10.0889,17.5918
5704,10.1367,18.4043
5736,10.1738,18.6553
5768,9.8730,17.2148
5800,9.9102,17.7822
5832,10.0264,17.6641
5864,10.1475,18.1133
5896,10.3125,18.3203
5928,10.4287,19.2383
5960,9.8066,16.8008
5992,9.9746,17.3232
6024,9.6143,17.0332
6056,10.3389,17.4756
6088,23.7559,17.6602
6120,10.0625,18.0449
6152,9.9697,17.4111
6184,10.1846,18.3418
6216,9.5605,16.6982
6248,10.0088,17.5342
6280,10.0498,18.5215
6312,10.2246,18.5000
6344,9.9814,17.9961
6376,9.9463,18.4131
6408,10.3701,19.2012
6444,9.7998,17.1094
6480,10.2080,19.0771
6516,10.0547,18.1826
6552,9.9951,17.7012
6588,10.1113,18.1641
6624,9.8789,17.4102
6660,9.8477,17.9697
6696,9.7227,17.2891
6732,9.8867,17.7041
6768,10.1416,18.3516
6804,10.1143,17.9170
6840,9.9063,17.3955
6876,9.7227,17.0947
6912,9.8096,17.7793
6948,10.1699,18.9141
6984,9.7227,17.7881
7020,9.9834,18.3125
7056,9.6816,17.7490
7092,9.6377,17.1836
7128,9.8281,17.6182
7164,9.7666,17.3008
7200,10.1563,18.7881
7236,9.7461,18.3379
7276,9.7510,17.6855
7316,9.9355,17.8037
7356,10.0742,19.0986
7396,9.8799,18.1094
7436,9.7412,17.8916
7476,9.9902,18.4873
7516,10.0029,17.9951
7556,10.1465,18.6250
7596,10.1445,19.8643
7636,10.2822,18.7920
7676,10.0654,18.2549
7716,10.1221,19.3838
7756,10.1152,18.4102
7796,10.3789,19.4785
7836,10.0039,18.1299
7876,9.7998,18.5039
7916,9.7900,17.9258
7956,10.1875,18.8984
7996,10.0674,18.5859
8036,10.1699,19.1133
8080,10.1816,19.3662
8124,10.1006,18.8828
8168,10.1484,19.2412
8212,12.2178,21.2637
8256,11.8398,19.5898
8300,12.1484,19.8711
8344,11.4199,18.9199
8388,11.7725,19.1074
8432,11.7217,19.2891
8476,11.9600,19.9463
8520,11.5820,18.7881
8564,11.9209,26.9092
8608,11.7363,19.4746
8652,11.7725,19.2100
8696,11.5127,18.8584
8740,11.2393,18.2783
8784,12.0664,19.5078
8828,11.6807,18.7324
8876,11.4512,18.5703
8924,11.4375,18.3750
8972,11.2256,19.0400
9020,11.3984,19.1484
9068,11.6309,19.0654
9116,11.7012,20.0967
9164,11.3330,18.3975
9212,11.4590,19.0537
9260,11.6602,19.2383
9308,11.5928,19.2334
9356,11.6475,19.8271
9404,11.5342,18.2021
9452,11.8154,19.4805
9500,12.0576,20.1074
9548,11.6035,19.3291
9596,11.5352,18.9600
9644,11.5879,18.6436
9696,11.1514,18.0742
9748,11.8398,19.2158
9800,11.6553,19.3047
9852,11.5752,19.1250
9904,11.5176,19.1035
9956,11.9775,20.0400
10008,11.4912,19.4346
10060,11.8857,20.1328
10112,11.3320,19.2041
10164,11.8633,19.4814
10216,11.7266,19.2275
10268,11.6729,18.9336
10320,11.4951,18.6123
10372,11.3281,18.4521
10424,11.7900,19.6387
10480,11.8408,20.0674
10536,11.8496,19.9961
10592,11.7207,19.3877
10648,11.1592,18.6221
10704,11.1582,17.9854
10760,11.4717,19.0039
10816,11.7607,20.0215
10872,11.8223,20.2549
10928,12.0205,20.2539
10984,11.1631,18.5713
11040,11.5479,19.0703
11096,11.5703,19.3252
11152,11.4775,19.1123
11208,11.8076,20.1475
11268,11.5098,44.9492
11328,11.9004,21.0361
11388,11.3047,18.9043
11448,12.0098,20.2988
11508,11.4541,19.7871
11568,10.8896,18.5605
11628,11.5879,19.1924
11688,11.6699,20.3975
11748,11.7354,19.8389
11808,11.3281,19.2236
11868,11.3369,19.6611
11928,11.1875,18.3984
11988,11.2168,19.0811
12048,11.1611,19.2686
12112,11.7393,20.8125
12176,11.2783,19.2549
12240,11.3193,19.5605
12304,11.7373,20.1436
12368,10.8613,17.9082
12432,11.3975,20.1221
12496,11.0117,18.3135
12560,11.3301,19.1855
12624,73.6279,18.9404
12688,11.4307,19.5547
12752,11.7422,20.5742
12816,11.2559,18.6426
12884,11.1230,18.5244
12952,11.5830,20.0439
13020,11.5771,19.1797
13088,11.7373,19.8955
13156,11.4043,19.8789
13224,11.4609,20.0313
13292,11.4229,19.6504
13360,11.4375,19.7520
13428,11.3623,19.5078
13496,11.1084,18.8672
13564,11.6816,20.6201
13632,11.8594,20.6846
13704,11.3242,19.2822
13776,11.2520,19.0928
13848,11.6455,20.8584
13920,11.4082,20.4961
13992,10.9502,18.5654
14064,11.3682,19.5996
14136,11.1826,18.3154
14208,11.3994,18.9932
14280,11.2529,19.8799
14352,10.8184,19.0439
14424,11.3447,19.7910
14500,11.0156,19.3887
14576,11.1787,19.9277
14652,11.8252,21.6660
14728,11.0645,19.1494
14804,11.4688,19.5459
14880,11.6602,19.8730
14956,11.2490,19.0576
15032,11.5869,20.3809
15108,11.0459,18.6377
15184,11.7002,20.3301
15260,11.4639,20.0889
15340,11.1045,18.3301
15420,11.8154,20.3662
15500,11.0166,19.8701
15580,11.3740,19.0957
15660,11.4004,19.4746
15740,11.2314,18.5654
15820,11.8809,20.7832
15900,11.4385,19.9414
15980,12.0918,20.4229
16060,11.1357,19.0293
16144,11.5830,20.1465
16228,10.7969,18.7461
16312,11.1699,19.5996
16396,14.2412,21.4150
16480,13.7119,21.4785
16564,13.5752,21.1289
16648,13.7520,21.1924
16732,14.4004,22.5830
16816,12.6553,19.4658
16904,12.6875,19.9873
16992,12.5713,19.2344
17080,12.8252,19.9189
17168,12.4473,19.0391
17256,12.6797,20.1406
17344,12.8428,20.4014
17432,12.4863,19.3203
17520,12.3418,19.6846
17608,12.6699,19.2051
17700,12.6758,19.6680
17792,13.1367,21.4648
17884,12.7949,19.9492
17976,12.6299,19.1787
18068,12.6494,19.4922
18160,12.3066,19.5313
18252,12.3838,18.9619
18344,12.5010,19.7471
18436,12.3672,19.6426
18532,12.2959,19.4434
18628,12.7129,19.7900
18724,12.1416,19.0264
18820,12.4463,19.8311
18916,13.1484,20.7393
19012,12.7305,19.6162
19108,12.7617,19.9775
19204,29.1475,24.0713
19304,12.7744,20.9561
19404,12.7500,20.5195
19504,12.3672,19.2080
19604,12.4658,19.8369
19704,12.7002,20.2471
19804,12.5410,19.9961
19904,13.1025,20.4150
20004,12.6660,19.6172
20108,12.2793,19.4414
20212,12.7559,20.1172
20316,13.0654,20.7949
20420,12.4443,19.6045
20524,12.3223,19.4990
20628,12.8271,20.7354
20732,12.1689,18.9551
20836,12.1904,18.5918
20944,12.6230,20.3291
21052,13.1338,20.1035
21160,12.1875,18.7188
21268,12.5225,19.8721
21376,12.4541,19.4912
21484,12.4922,19.7119
21592,12.4775,19.9521
21700,18.5986,20.3311
21812,12.6201,19.3564
21924,12.7959,19.8408
22036,12.7832,20.1563
22148,12.7373,20.2979
22260,12.6738,20.5215
22372,12.6758,19.6641
22484,12.5176,20.1328
22600,12.3438,19.4316
22716,12.9492,19.9648
22832,13.1621,20.6152
22948,12.4189,18.9385
23064,12.9443,20.5342
23180,12.3350,18.9453
23296,12.7686,19.3799
23416,12.6816,19.6406
23536,12.4854,19.6719
23656,13.1563,20.4932
23776,13.2646,20.3496
23896,12.6494,19.1016
24016,12.7461,19.4033
24140,22.0947,21.6084
24264,12.6016,19.9746
24388,12.7686,20.4424
24512,12.8389,20.1719
24636,13.2920,21.2822
24760,12.3350,19.3887
24884,12.9492,20.6826
25012,12.6885,19.4434
25140,12.9863,20.5508
25268,12.5469,19.2256
25396,12.8145,19.4648
25524,13.0977,20.4941
25652,12.3457,18.5029
25784,12.4795,19.2490
25916,12.6719,19.5557
26048,12.6377,19.9570
26180,13.2588,20.8848
26312,13.0156,20.6094
26444,12.4287,19.6816
26580,12.4043,20.1973
26716,12.3613,20.1748
26852,12.4297,19.9922
26988,12.6055,19.9521
27124,12.2197,18.9648
27260,11.9170,18.7793
27400,12.5928,20.6055
27540,12.6719,20.8105
27680,12.6426,20.5205
27820,12.6055,20.4365
27960,12.6279,20.4082
28100,12.6152,20.1475
28244,22.2139,20.3184
28388,12.7979,20.6621
28532,13.2324,21.8096
28676,13.0430,21.4180
28820,12.5293,20.1611
28968,12.4824,19.8320
29116,12.5430,21.3662
29264,12.7139,20.5654
29412,12.4873,29.3193
29560,12.8008,20.9385
29708,12.4258,20.3086
29860,12.3340,20.3584
30012,12.7480,20.9697
30164,12.1514,19.6914
30316,12.4180,20.5840
30468,12.1865,19.4502
30624,12.6621,20.2686
30780,12.2842,19.9209
30936,12.7148,21.0430
31092,12.5518,19.8438
31248,12.4395,20.2549
31408,12.4482,19.9814
31568,13.1475,20.4053
31728,12.4346,20.3574
31888,12.0537,19.5244
32048,12.6543,20.0137
32212,12.8486,20.8027
32376,12.7578,21.2109
32540,13.1162,21.9678
32704,12.0908,19.0029
32868,16.3105,23.6514
33036,16.0068,24.1992
33204,15.7324,22.5400
33372,15.1543,21.8096
33540,15.5410,23.0967
33708,14.2959,21.5107
33880,13.6240,19.9121
34052,13.7061,20.1826
34224,14.2080,21.5352
34396,14.4795,22.4043
34568,14.4102,27.1064
34744,14.2266,21.0889
34920,14.1025,20.6787
35096,13.9521,20.9209
35272,14.7197,21.4990
35452,14.0000,20.5215
35632,13.6602,20.1074
35812,14.4922,21.9912
35992,14.2266,20.9941
36172,13.6406,20.1338
36356,13.8887,20.7607
36540,13.9473,20.4609
36724,14.2305,21.6670
36908,13.9814,20.6436
37096,14.2148,21.5928
37284,13.6641,20.5449
37472,13.9951,20.9707
37660,14.4072,21.1318
37852,13.9502,20.9121
38044,14.2217,21.0449
38236,14.0840,29.8555
38428,13.9277,20.3467
38624,13.7979,20.3613
38820,13.7324,20.1680
39016,13.9961,20.9961
39212,14.0938,20.9756
39412,14.0205,21.2588
39612,14.1963,20.8623
39812,13.8301,20.3574
40012,13.3789,19.8516
40216,13.9531,20.7930
40420,13.4980,19.2656
40624,13.5313,20.5029
40828,14.2217,20.9902
41036,14.4883,21.8232
41244,13.6914,20.9561
41452,13.7705,20.7109
41660,13.7393,20.8477
41872,14.5244,21.8320
42084,13.7256,20.4941
42296,19.1963,21.4316
42508,13.8701,21.1904
42724,13.9248,20.5850
42940,13.9531,20.7373
43156,14.3115,21.9180
43372,14.3096,21.9395
43592,13.7734,20.9824
43812,13.9766,21.1270
44032,13.4697,19.5215
44256,13.9824,21.3242
44480,14.1387,21.2539
44704,14.4102,22.0215
44928,14.4424,21.8096
45156,13.5264,20.5059
45384,13.2305,19.8037
45612,17.9648,22.8340
45844,14.2539,21.8232
46076,14.0420,21.3623
46308,14.6455,22.9863
46540,13.8027,26.4893
46776,14.9307,21.9355
47012,13.7480,20.6230
47248,14.8691,22.9092
47488,14.3281,21.5469
47728,14.3955,22.1611
47968,13.5742,20.3223
48208,13.9033,21.5967
48452,14.0703,21.3584
48696,13.7969,20.7666
48940,14.4824,22.3008
49188,14.4766,22.2666
49436,14.2656,22.3350
49684,14.1865,21.8223
49936,14.0967,21.5811
50188,14.2783,21.9512
50440,14.5186,22.2559
50696,14.4141,22.3828
50952,14.4346,22.3613
51208,14.0449,51.4902
51468,14.3994,21.9121
51728,14.2021,21.6064
51988,13.9424,20.8223
52248,14.5693,22.0859
52512,14.1396,20.9814
52776,13.8975,36.6719
53040,14.6035,22.9258
53308,13.8447,21.2090
53576,14.1426,21.5352
53844,13.5957,20.7305
54116,14.2188,22.0410
54388,13.2725,19.7510
54660,14.1650,22.1865
54936,14.2783,21.6016
55212,14.4512,22.7314
55492,13.5889,20.6787
55772,13.6162,20.9297
56052,14.2822,22.1221
56336,14.4160,21.9268
56620,13.7500,20.8076
56904,13.9453,22.2246
57192,13.9385,21.2363
57480,13.7344,20.8184
57768,14.1387,22.1660
58060,13.8477,21.5078
58352,13.9375,21.6045
58644,13.9082,21.5850
58940,13.8262,21.9590
59236,13.7480,21.6201
59536,14.0283,22.2744
59836,14.2188,21.7813
60136,13.8369,21.6162
60440,14.1611,22.2676
60744,14.1943,22.6064
61048,14.0029,22.1768
61356,14.2832,22.4639
61664,14.2383,22.0010
61976,33.5068,23.2686
62288,13.9775,21.8965
62600,14.0625,21.8506
62916,14.2939,22.6455
63232,13.6465,21.6055
63552,14.3262,22.5957
63872,13.9814,21.5557
64192,14.1621,22.1982
64516,14.1582,22.5645
64840,13.8379,21.2354
65168,14.1768,22.6201
65496,14.4326,22.6709
65824,17.4248,24.9873
66156,17.1201,24.2168
66488,16.4014,23.4922
66824,16.6240,23.3018
67160,15.5859,21.9561
67496,16.4307,23.6641
67836,16.3340,22.8750
68176,15.8828,22.7383
68520,16.3799,23.2441
68864,15.2617,21.8115
69212,16.3496,23.7656
69560,16.2354,23.1191
69908,17.4678,25.3721
70260,15.5000,22.0225
70612,15.9893,23.1670
70968,16.0645,22.8564
71324,15.6084,22.4404
71684,15.8652,22.6914
72044,16.0508,22.8838
72408,16.3721,23.6572
72772,17.0664,25.1123
73136,16.3887,23.6006
73504,16.2813,24.1406
73872,16.2959,29.0420
74244,16.6055,24.8945
74616,15.9102,23.5029
74992,15.6006,22.9404
75368,15.8809,22.7969
75748,15.2500,22.0586
76128,16.5625,23.7979
76512,15.4551,21.9404
76896,16.2676,23.9854
77284,15.7910,22.8037
77672,15.2764,21.4590
78064,15.2598,21.9053
78456,15.4990,22.3672
78852,15.9697,22.9385
79248,16.5742,24.7168
79648,15.3633,22.2578
80048,15.9736,23.2002
80452,15.3311,22.0078
80856,21.6738,22.4990
81264,15.6914,22.4395
81672,16.5400,24.2959
82084,15.7090,22.7910
82496,15.9502,23.5029
82912,15.1328,21.9063
83328,15.7646,22.9697
83748,16.2744,23.3154
84168,15.2637,22.4424
84592,15.3193,22.1074
85016,16.1084,23.9053
85444,15.6045,22.8232
85872,16.2842,23.4521
86304,15.7549,22.9512
86736,15.9570,22.9922
87172,15.5029,22.7266
87608,15.7578,23.3086
88048,16.0889,30.0898
88492,15.1865,21.7041
88936,15.7754,23.1689
89384,15.3076,22.5635
89832,15.3223,22.3555
90284,15.8164,23.2402
90736,15.1719,21.3955
91192,16.1348,23.8975
91648,15.8145,22.9658
92108,15.5449,22.7402
92572,16.0771,23.7773
93036,15.6260,22.9814
93504,15.2334,22.4385
93972,15.6709,22.8271
94444,15.7031,23.0664
94920,16.6523,24.5137
95396,14.5684,20.2998
95876,15.3291,21.8721
96356,27.6982,24.0869
96840,16.0029,23.1445
97328,15.4600,22.6660
97816,15.8965,23.6211
98308,16.1758,23.7920
98800,14.9961,21.7500
99296,15.9434,24.2686
99796,16.7354,24.2607
100296,16.1934,24.1904
100800,15.7148,22.7002
101304,15.8584,22.9160
101812,15.8701,23.2510
102324,15.6631,23.2148
102836,16.0586,23.8896
103352,15.3135,22.2646
103872,16.2393,24.8350
104392,15.9199,23.0850
104916,15.8164,23.2529
105444,15.2822,22.0459
105972,15.5107,23.0537
106504,15.6270,23.0254
107040,15.6367,23.1484
107576,15.5283,23.0205
108116,15.8555,23.5723
108660,15.5801,22.4639
109204,15.8262,23.2158
109752,15.9531,34.5039
110304,15.3711,22.4902
110856,15.4756,22.6221
111412,15.4014,22.6484
111972,16.0381,24.3662
112532,15.0645,21.5146
113096,16.5801,24.6943
113664,16.5156,25.2432
114236,16.3154,24.0928
114808,15.7002,23.1465
115384,16.1680,23.9150
115964,16.2432,24.1719
116544,15.7422,23.5615
117128,16.0234,22.9590
117716,15.9668,24.2080
118308,15.3662,22.5801
118900,15.3379,22.5889
119496,16.0225,23.6455
120096,21.2832,24.9609
120700,15.8701,23.7100
121304,15.0381,21.8877
121912,16.0117,23.8916
122524,15.9883,23.4482
123140,15.9834,23.7021
123756,15.7061,23.9111
124376,16.6611,24.8555
125000,15.3516,22.5938
125628,16.0938,23.7031
126260,16.4258,24.5234
126892,15.6357,22.9639
127528,15.8887,24.1279
128168,16.1016,23.8525
128812,18.7197,25.4639
129460,15.7988,23.0117
130108,15.8789,22.9307
130760,16.1348,24.3330
131416,19.3770,24.6465
132076,18.0957,24.8145
132740,17.2227,23.3047
133404,17.7471,24.0215
134072,16.8154,22.5430
134744,16.7500,22.0986
135420,17.7012,24.2041
136100,18.5557,25.3262
136784,21.1191,23.1533
137468,18.5264,25.4326
138156,18.0977,24.8135
138848,18.0576,24.3145
139544,17.4824,23.4268
140244,17.2842,23.4443
140948,17.8838,24.5146
141656,17.6738,24.2734
142368,18.3691,24.7881
143080,17.8818,23.5391
143796,17.5850,23.3076
144516,17.1299,23.2549
145240,17.2324,24.8281
145968,17.4551,25.1875
146700,17.9150,25.4893
147436,16.8252,23.4746
148176,16.5781,22.8779
148920,17.0313,24.1357
149668,16.4229,23.1934
150420,17.2803,24.4502
151176,17.1543,24.2695
151932,17.0176,23.9785
152692,16.7705,23.5947
153456,17.2256,24.5762
154224,18.2217,24.1055
154996,17.6152,25.3877
155772,18.0195,25.6211
156552,16.9746,23.9766
157336,17.1758,24.9873
158124,17.5869,25.1260
158916,17.1621,23.9346
159712,17.0693,24.7305
160512,17.8213,25.6338
161316,17.7178,25.2090
162124,17.0723,24.0869
162936,17.8252,25.4463
163752,17.7568,25.3555
164572,16.7666,23.8477
165396,16.7393,23.5879
166224,17.3887,25.1191
167056,17.8857,23.6689
167892,17.3916,24.1895
168732,17.2061,23.6748
169576,17.5791,24.3291
170424,17.1455,24.2568
171280,17.2432,24.4609
172140,16.5674,23.3008
173004,17.0498,24.1445
173872,17.9971,23.5771
174744,17.6748,23.9795
175620,17.0078,23.7549
176500,17.8340,25.1563
177384,17.3428,24.5615
178272,17.0703,24.0996
179164,16.9932,24.0869
180060,27.5820,27.0391
180964,17.9404,23.3271
181872,16.6748,23.0967
182784,17.1045,23.8496
183700,18.3467,26.2695
184620,17.7422,24.9697
185544,17.0508,23.8477
186472,17.6016,24.9131
187408,17.4102,26.0449
188348,17.9297,23.9648
189292,17.9619,24.8584
190240,16.2715,23.2734
191192,18.0420,26.7529
192148,17.9697,26.1709
193112,17.2490,24.0957
194080,16.7158,23.8164
195052,17.2393,24.8428
196028,17.0693,24.4609
197012,17.5537,25.0566
198000,16.6533,24.1143
198992,17.4072,25.1006
199988,16.5098,23.8203
200988,17.4287,24.0176
201996,16.8682,24.6816
203008,17.6406,25.5557
204024,17.9482,25.5410
205048,17.0225,24.2178
206076,17.2959,24.7686
207108,16.8838,23.9541
208144,18.0703,26.5977
209188,17.6484,25.5898
210236,17.6162,25.5645
211288,16.9277,23.6777
212348,17.2139,25.6436
213412,16.4658,23.5654
214480,17.4551,24.5049
215556,16.8477,23.6602
216636,17.7051,25.7637
217720,18.1289,26.2559
218812,17.4014,24.9229
219908,17.3389,24.8496
221008,18.1777,25.9658
222116,18.5313,27.1826
223228,17.8154,25.4873
224348,18.3896,26.0898
225472,17.3428,25.7061
226600,16.2852,23.6387
227736,17.5889,24.9229
228876,16.9775,23.7393
230024,17.7217,25.5898
231176,17.2891,24.4219
232332,17.7100,25.3350
233496,17.4570,24.7520
234664,17.2969,24.8125
235840,18.1113,27.1846
237020,17.4844,25.7939
238208,18.0469,26.1660
239400,16.5938,23.7754
240600,17.2246,24.7959
241804,17.2295,25.0527
243016,17.6963,25.1543
244232,17.1660,24.5518
245456,18.0098,26.3389
246684,17.7139,24.9814
247920,17.5674,24.7354
249160,18.5400,27.4600
250408,17.7725,25.1133
251664,17.8066,25.4121
252924,17.9756,25.3994
254192,18.9971,25.4141
255464,17.1270,24.2285
256744,17.2217,24.3936
258028,16.9658,24.1660
259320,17.1162,24.3086
260620,16.5098,23.2285
261924,18.0146,25.9424
263236,20.2246,27.2285
264556,20.3760,26.5342
265880,19.5166,24.5674
267212,19.1172,24.7783
268552,18.8145,24.0635
269896,19.4697,25.0967
271248,19.4307,27.5625
272608,18.6162,26.3643
273972,22.0654,27.8789
275344,18.9199,26.9668
276724,18.6279,30.5137
278108,19.2783,25.8203
279500,19.1836,25.7188
280900,19.6787,26.9941
282308,19.2334,26.8965
283720,18.1729,24.4463
285140,17.7637,24.7480
286568,18.5820,26.0869
288004,18.7266,26.2598
289448,17.8379,24.6934
290896,18.5508,25.3652
292352,18.4736,25.6240
293816,19.1533,26.4580
295288,17.9834,25.5107
296768,19.1699,27.3252
298252,17.8330,25.0771
299744,18.7051,24.9629
301244,18.6777,25.3867
302752,19.6924,26.9307
304268,19.2275,26.4922
305792,26.1572,38.3711
307324,19.0664,25.5938
308864,18.5908,25.5869
310412,18.4707,26.3369
311968,17.8145,24.2822
313528,19.3672,26.4824
315096,18.8086,25.5752
316672,20.3398,27.7256
318256,18.3037,24.9600
319848,18.4521,25.8486
321448,18.9590,26.0771
323056,20.2656,27.9707
324672,17.9404,24.6689
326296,18.0947,25.4834
327928,19.0742,27.2344
329568,18.5439,25.1963
331216,19.1689,26.6885
332876,18.3330,25.1719
334544,19.0078,26.4316
336220,18.9043,25.8086
337904,18.7588,26.9219
339596,18.9004,25.2705
341296,18.8193,25.6094
343004,19.1123,26.5684
344720,18.5527,25.7236
346444,19.0801,26.2637
348180,18.9014,25.9004
349924,19.2930,26.6455
351676,19.2793,26.7266
353436,19.6045,26.6230
355204,18.5576,25.8125
356984,19.0156,26.1641
358772,18.6631,26.3984
360568,19.0879,25.6455
362372,18.4482,25.4932
364184,18.5225,26.2002
366008,19.3672,27.1309
367840,18.8809,25.6914
369680,18.9141,27.3389
371532,19.5967,27.0361
373392,19.1650,26.1924
375260,18.6885,26.1846
377140,18.6797,26.4199
379028,19.7637,27.6709
380924,18.3887,25.0254
382832,18.7217,25.6680
384748,18.9033,25.8535
386672,18.1660,24.1416
388608,18.5088,25.2119
390552,19.2021,26.5352
392508,19.3447,27.3311
394472,19.0986,27.0605
396448,19.9404,27.6465
398432,19.7402,27.8643
400428,20.0439,27.9277
402432,19.1250,27.2236
404448,20.1611,28.1016
406472,19.1631,26.6641
408508,19.4385,27.1221
410552,18.9912,26.7813
412608,19.0635,27.5322
414672,20.1172,28.1602
416748,18.5684,26.4570
418832,20.2705,28.3779
420928,20.6455,29.8154
423036,19.1680,27.3760
425152,19.1572,26.5635
427280,19.0400,26.9414
429420,19.9570,27.8994
431568,19.0010,26.8809
433728,19.4160,27.4053
435900,19.3799,26.6670
438080,19.5752,27.1143
440272,19.6377,31.9951
442476,19.6865,27.8115
444692,19.9961,28.0400
446916,19.7559,27.8711
449152,18.9561,26.5068
451400,19.2305,27.1338
453660,19.0410,26.9053
455932,19.6182,28.4600
458212,19.9551,28.1309
460504,19.7939,27.6328
462808,19.3662,26.5059
465124,19.6904,26.7998
467452,18.9883,25.7402
469792,20.7539,29.7568
472144,19.8193,28.4922
474508,19.5967,26.9883
476884,19.8691,28.0400
479272,19.4707,26.8477
481672,20.2861,28.4678
484084,20.4033,28.4131
486508,18.9785,27.1084
488944,19.3662,27.0098
491392,19.7910,28.0693
493852,19.1846,26.5557
496324,19.1758,26.8516
498808,19.8467,28.1055
501304,19.2041,27.7461
503812,19.2900,28.1094
506332,19.9883,28.1641
508864,20.0371,28.0107
511412,19.0693,27.3848
513972,19.7324,27.4795
516544,19.5576,27.8564
519128,20.1787,28.9150
521724,19.7109,28.4893
524336,23.8613,28.9639
526960,20.4287,26.9609
529596,21.9609,29.4033
532244,21.4004,28.4688
534908,22.1934,30.3604
537584,20.6025,27.1309
540272,25.6768,29.3193
542976,21.1006,28.0234
545692,21.8096,28.7324
548424,21.6963,28.5342
551168,21.6650,28.7119
553924,21.7090,28.9893
556696,20.7285,27.5225
559480,21.1797,27.9990
562280,21.2637,28.5957
565092,20.9775,27.8945
567920,22.2031,29.2344
570760,21.3213,28.8418
573616,21.4766,28.0703
576488,21.0410,27.4658
579372,21.4844,27.4990
582272,20.2588,27.0293
585184,21.7002,29.3115
588112,21.5518,28.5518
591056,21.5088,28.4404
594012,21.3516,28.6504
596984,20.5977,27.4404
599972,21.7832,28.7012
602972,33.2803,31.8906
605988,22.1807,29.5127
609020,21.7510,29.4824
612068,21.9248,30.3701
615132,21.2158,29.2109
618208,21.1777,28.8525
621300,21.8535,77.1230
624408,22.0732,29.6924
627532,22.4023,29.3447
630672,21.4502,28.2217
633828,22.1318,30.2979
637000,21.6309,28.9609
640188,20.8691,28.3525
643392,21.7793,29.5850
646612,21.7910,29.9629
649848,32.2012,29.5273
653100,20.6641,27.3994
656368,21.6143,29.5127
659652,21.1309,28.7266
662952,21.6084,29.9170
666268,20.8447,27.8496
669600,20.5332,27.6699
672948,20.2725,33.2070
676316,21.1826,28.2461
679700,20.8525,27.9844
683100,20.6914,27.9033
686516,20.8164,28.2881
689952,21.5732,29.2002
693404,21.4688,28.6729
696872,20.0684,26.4424
700360,21.6895,29.0156
703864,21.8350,30.1299
707384,20.4229,27.7705
710924,22.2842,29.0947
714480,22.0869,30.6182
718056,21.8018,28.1660
721648,21.7715,30.0674
725260,67.9482,27.0400
728888,22.6699,30.6484
732536,21.4072,29.4170
736200,20.5742,28.5107
739884,20.9512,28.2139
743584,22.1348,30.4189
747304,22.2822,30.1455
751044,29.4131,29.0225
754800,22.2207,30.2627
758576,21.4541,28.9795
762372,22.4355,30.6396
766184,21.3389,29.0781
770016,21.0801,28.1611
773868,21.0273,28.0635
777740,20.9395,28.4922
781632,20.2070,27.2725
785544,21.0049,28.4668
789472,22.1230,30.4805
793420,20.4600,34.0889
797388,22.1514,30.8887
801376,21.4473,29.3291
805384,21.9209,29.3652
809412,22.0371,29.6045
813460,21.1934,29.1260
817528,22.1572,29.9678
821616,21.1963,28.7920
825728,21.9004,29.8564
829860,21.5459,29.9854
834012,20.8574,28.0049
838184,22.0283,40.4717
842376,22.5664,84.2178
846588,20.8408,28.0273
850824,20.9629,28.2871
855080,21.4365,28.7100
859356,22.1758,30.3379
863656,21.9824,30.2969
867976,21.0605,28.0186
872316,20.7002,28.1914
876680,22.3477,31.3740
881064,21.4014,35.6289
885472,21.2119,29.1172
889900,21.7852,29.7793
894352,21.8594,31.3223
898824,22.8945,31.1328
903320,20.2539,27.6094
907840,23.0596,32.1104
912380,21.5703,29.7041
916944,20.9990,28.5967
921532,21.3535,29.0596
926140,21.4248,29.7520
930772,21.9023,30.5537
935428,22.3457,30.0439
940108,21.1514,28.5654
944812,22.5322,30.2031
949540,22.6318,30.7969
954288,23.3662,30.5537
959060,22.0928,29.8906
963856,21.6807,30.0967
968676,22.0576,30.7988
973520,22.3418,81.5283
978388,22.7041,31.2002
983280,22.3027,30.0576
988200,21.4736,29.1357
993144,21.8809,29.9287
998112,21.7490,29.4961
1003104,22.5938,30.1514
1008120,22.6924,30.5410
1013164,22.2246,30.2695
1018232,21.4814,29.7998
1023324,22.6611,31.2295
1028444,22.7979,31.5059
1033588,23.2090,32.3877
1038756,22.3818,30.8672
1043952,22.6777,30.7803
1049172,25.3467,33.4424
1054420,23.8652,31.7979
1059696,24.7725,33.3906
1064996,24.3906,32.0938
1070324,30.6113,33.0547
1075676,23.2529,30.6641
1081056,23.8379,32.0127
1086464,23.8984,31.2559
1091900,23.8838,31.6650
1097360,24.4658,53.9160
1102848,23.8027,30.0059
1108364,23.8311,31.0146
1113908,25.7676,33.0488
1119480,23.9102,30.6631
1125080,25.4336,33.1572
1130708,23.4561,30.3076
1136364,37.2393,33.7891
1142048,22.6924,29.1094
1147760,24.2383,32.1465
1153500,23.7051,31.1357
1159268,23.8281,31.3789
1165068,49.8613,31.8252
1170896,23.1563,29.8877
1176752,23.8867,31.6143
1182636,24.7158,32.3857
1188552,23.3740,30.5801
1194496,22.7031,29.5752
1200472,23.3389,30.7324
1206476,23.1621,29.6475
1212512,23.2471,30.0811
1218576,23.2207,29.6641
1224672,22.6465,30.7705
1230796,22.3086,28.9658
1236952,22.9297,29.4932
1243140,23.4424,30.8877
1249356,22.9150,30.1143
1255604,22.4463,29.9395
1261884,22.8242,29.9766
1268196,22.2314,29.0400
1274540,25.9551,30.9297
1280916,21.5693,27.4307
1287324,22.7197,29.6377
1293764,23.4912,30.1914
1300236,24.9951,33.1309
1306740,23.5654,31.0762
1313276,22.5537,30.0742
1319844,22.9727,30.7266
1326444,25.6387,33.8477
1333080,50.8037,35.9590
1339748,25.8438,33.8291
1346448,24.0488,31.4521
1353184,23.4238,31.3213
1359952,24.6113,31.9873
1366752,24.5518,32.2578
1373588,24.0674,31.5957
1380456,24.0752,33.3809
1387360,23.0264,29.6992
1394300,24.9287,33.2529
1401272,24.6104,33.5811
1408280,23.4697,30.7861
1415324,24.4102,31.4219
1422404,24.1680,32.4521
1429520,24.5820,32.2920
1436668,25.0752,34.2158
1443852,28.7109,31.9863
1451072,24.5908,32.5273
1458328,24.7109,33.0488
1465620,24.6113,32.3711
1472952,25.3711,33.0957
1480320,24.2637,32.0166
1487724,25.4717,34.1064
1495164,25.6055,33.2031
1502640,24.7256,32.4678
1510156,23.0000,30.2646
1517708,25.8682,33.5664
1525300,25.6758,42.5898
1532928,25.4658,34.4160
1540596,24.3838,32.7197
1548300,24.4648,32.7744
1556044,24.9189,32.8936
1563828,26.2715,34.3916
1571648,24.3770,32.2051
1579508,24.2471,32.0771
1587408,26.0713,34.9844
1595348,26.3887,34.1582
1603328,31.3184,33.4814
1611348,25.9248,33.5859
1619408,26.5361,41.5674
1627508,26.1455,33.7227
1635648,25.1406,32.4629
1643828,25.7275,33.5537
1652048,23.6533,30.5273
1660312,26.6318,34.3711
1668616,25.7930,33.9209
1676960,24.7471,32.2393
1685348,36.8740,33.1455
1693776,25.8691,44.3447
1702248,26.3232,33.5430
1710760,25.6250,32.9258
1719316,26.6182,34.8730
1727916,25.2803,32.0137
1736556,25.8594,42.8906
1745240,26.1328,34.2881
1753968,25.4570,32.8975
1762740,26.1094,35.5752
1771556,24.7764,33.1279
1780416,24.2676,32.1309
1789320,26.3027,36.0713
1798268,25.4873,40.0068
1807260,25.0205,31.9912
1816300,25.1016,33.0039
1825384,25.8223,34.4043
1834512,25.2822,32.8369
1843688,25.6943,34.4014
1852908,25.8418,35.3242
1862176,28.0713,37.1553
1871488,25.1611,33.2559
1880848,23.6943,32.0527
1890256,24.1738,31.5693
1899708,24.5332,32.8818
1909208,26.5811,35.6006
1918756,25.5098,33.7402
1928352,25.2588,32.1504
1937996,24.8389,32.8604
1947688,26.4287,35.2607
1957428,24.5674,33.2119
1967216,26.8389,35.4756
1977056,26.2012,35.4893
1986944,25.7539,36.1309
1996880,25.1445,32.7910
2006868,25.2939,32.8828
2016904,25.4463,33.6621
2026992,28.7637,33.9824
2037128,27.2549,36.2461
2047316,25.8105,34.1416
2057556,26.6729,34.1230
2067844,26.1875,33.5146
2078184,26.2598,34.8174
2088576,25.5137,33.8037
2099020,28.5547,36.8730
2109516,27.4023,34.9111
2120064,29.3594,33.9629
2130668,28.9229,37.3887
2141324,27.0381,35.2109
2152032,27.7119,35.9766
2162796,29.6680,38.5039
2173612,27.7148,36.4912
2184484,30.7285,39.5938
2195408,28.1172,37.3154
2206388,27.6826,36.1211
2217420,27.4707,36.7285
2228508,27.0479,35.2920
2239652,28.3721,35.7773
2250852,30.1650,41.0186
2262108,28.7813,36.9736
2273420,29.8896,37.4463
2284788,27.4473,35.5684
2296212,28.6963,37.3467
2307696,38.9297,38.4053
2319236,27.5332,35.3359
2330836,27.8965,35.3359
2342492,28.0820,36.8232
2354208,27.5693,34.3682
2365980,27.2002,46.5410
2377812,28.7109,36.4717
2389704,28.9453,36.8350
2401656,45.0518,41.0889
2413668,25.5586,32.8359
2425740,27.0215,35.0361
2437872,35.8398,36.3525
2450064,26.0420,34.2148
2462316,27.1387,35.4316
2474628,27.6055,37.1328
2487004,27.4873,36.5576
2499440,27.7539,44.4980
2511940,27.7676,36.3506
2524500,27.7813,36.3555
2537124,28.4766,37.7842
2549812,27.5479,36.2490
2562564,27.3613,46.2402
2575380,27.6240,36.0322
2588260,29.0479,38.7754
2601204,28.8555,37.5791
2614212,26.8438,35.3184
2627284,27.9795,36.8154
2640424,27.2285,36.1064
2653628,27.9277,37.4922
2666900,26.5801,34.6670
2680236,27.1963,35.5479
2693640,27.6367,36.2666
2707112,29.4229,39.9277
2720648,28.8896,37.8506
2734252,27.4609,35.5664
2747924,28.6865,38.3896
2761664,28.8076,37.6055
2775476,26.8379,34.9932
2789356,27.3877,36.0479
2803304,28.1016,36.9717
2817324,27.9775,36.5010
2831412,27.8496,38.4375
2845572,28.0371,37.4932
2859800,28.3662,37.7266
2874100,28.7764,38.2393
2888472,26.6719,37.0781
2902916,30.9414,40.7930
2917432,28.8730,37.9648
2932020,28.2480,37.8418
2946684,27.0635,35.5713
2961420,28.9512,39.3643
2976228,26.5859,35.6182
2991112,28.9043,37.5732
3006068,30.4512,48.0449
3021100,29.2793,39.2246
3036208,28.4971,38.3730
3051392,29.4375,40.0918
3066652,28.0869,37.6816
3081988,28.8232,37.4414
3097400,27.6689,36.9531
3112888,29.6201,39.6279
3128456,27.2295,36.4990
3144100,29.2627,39.0293
3159824,28.3867,37.6074
3175624,29.1533,38.3184
3191504,29.2021,38.5537
3207464,29.8418,39.0830
3223504,28.8525,38.6309
3239624,27.7402,38.3398
3255824,27.6719,36.9902
3272104,27.8604,36.6436
3288468,27.8838,37.2246
3304912,29.2559,63.8340
3321440,27.5938,36.2793
3338048,27.4854,37.4473
3354740,28.9355,37.8477
3371516,29.1113,43.0977
3388376,28.1426,38.5010
3405320,29.7520,39.9648
3422348,27.6016,36.8545
3439460,27.4707,39.1221
3456660,27.8271,36.2432
3473944,29.0605,38.1055
3491316,29.5156,40.3174
3508776,28.8418,39.1582
3526320,29.3975,40.4990
3543952,29.5459,39.9463
3561672,33.0205,40.2266
3579484,27.8877,37.2295
3597384,35.4668,40.7119
3615372,30.0439,39.8467
3633452,30.1982,55.5801
3651620,30.1992,41.0137
3669880,31.3291,41.1885
3688232,30.1777,43.1055
3706676,30.3301,41.8213
3725212,28.7275,38.0938
3743840,29.5791,39.7891
3762560,29.3799,44.1963
3781376,30.9033,41.1982
3800284,27.6826,36.9775
3819288,30.5645,39.2432
3838388,31.7461,41.5400
3857580,30.1133,40.6826
3876868,29.3779,38.5908
3896256,29.7422,40.2285
3915740,32.1787,39.8799
3935320,30.9189,41.0840
3955000,28.7588,37.7607
3974776,30.7109,41.2744
3994652,33.2676,38.9141
4014628,30.0977,57.7119
4034704,30.5527,40.9824
4054880,29.9219,42.5566
4075156,29.3594,39.1533
4095532,31.4346,41.8389
4116012,28.7900,38.4600
4136596,28.8418,37.6807
4157280,30.0186,41.0322
4178068,30.1074,40.7295
4198960,33.8047,46.4453
4219956,31.4473,39.8945
4241056,33.6885,42.5732
4262264,30.8818,38.7783
4283576,31.6367,39.8818
4304996,33.4111,42.9785
4326524,30.9717,39.1074
4348160,34.2627,130.3467
4369904,31.9541,39.6699
4391756,33.7119,42.5352
4413716,31.3730,40.6426
4435788,31.9014,39.8652
4457968,33.0684,44.0713
4480260,34.5195,43.4268
4502664,34.0225,40.9258
4525180,34.3428,42.5938
4547808,32.6738,40.5518
4570548,30.7383,38.7061
4593404,33.9980,42.4053
4616372,31.3301,38.8584
4639456,33.4121,41.5068
4662656,33.8574,42.3076
4685972,31.8857,39.7090
4709404,32.5732,41.2168
4732952,33.9873,43.2324
4756620,33.9209,43.1719
4780404,33.9814,42.6650
4804308,32.3047,39.8291
4828332,33.9131,41.3965
4852476,34.7275,43.1748
4876740,32.8379,42.0322
4901124,30.5420,39.3809
4925632,33.0342,41.3047
4950264,31.7920,41.3164
4975016,33.5889,42.7510
4999892,32.0869,41.2119
5024892,33.3760,42.7832
5050020,34.8613,63.6523
5075272,33.9160,42.7002
5100652,40.4990,41.3760
5126156,32.5449,41.4121
5151788,33.4668,41.4580
5177548,32.2607,40.9951
5203436,34.1445,43.3887
5229456,33.3018,43.0732
5255604,32.5361,40.7646
5281884,32.8418,42.7646
5308296,32.2646,40.7900
5334840,32.5850,42.3701
5361516,34.0508,43.5488
5388324,33.0420,42.9375
5415268,40.7354,44.4580
5442348,35.3398,44.6455
5469560,34.2217,43.5938
5496908,34.8125,45.0527
5524396,34.1240,44.0615
5552020,33.7236,43.7109
5579784,33.3018,42.8809
5607684,32.4824,39.6250
5635724,34.6797,43.1162
5663904,33.4580,42.3076
5692224,34.7568,44.0283
5720688,32.4473,41.1143
5749292,34.6113,44.1582
5778040,32.1787,40.5830
5806932,32.2207,40.6982
5835968,33.9297,42.5332
5865148,33.1982,42.9434
5894476,34.3027,40.9883
5923952,34.5820,44.9570
5953572,32.6680,40.4609
5983340,34.5596,43.8701
6013260,31.9326,40.4189
6043328,34.6113,43.6660
6073548,33.7578,43.5000
6103916,33.6670,41.8496
6134436,35.6084,45.4971
6165112,34.0654,43.4492
6195940,34.0186,43.6357
6226920,33.0771,43.4619
6258056,33.5205,43.8418
6289348,35.5273,44.9385
6320796,33.2861,42.0986
6352400,33.0977,41.8203
6384164,37.9980,44.0488
6416088,32.6543,41.7666
6448172,33.4297,44.0186
6480416,33.8262,42.7988
6512820,34.1025,43.1914
6545388,34.5234,44.9912
6578116,33.6572,44.0117
6611008,33.7168,44.0166
6644064,33.8467,43.4219
6677288,33.3535,41.9043
6710676,36.1953,45.5410
6744232,32.3369,39.4336
6777956,32.7773,42.4443
6811848,34.8164,45.5205
6845908,32.8711,40.4102
6880140,35.1768,43.3545
6914544,32.7129,40.7021
6949120,33.0703,42.3867
6983868,34.1816,43.4678
7018788,33.8438,42.6758
7053884,34.5332,44.7793
7089156,33.2266,41.8984
7124604,35.0283,44.4902
7160228,33.6064,43.7842
7196032,33.7109,43.6455
7232016,32.8096,41.8994
7268180,33.7617,43.1162
7304524,33.3154,42.5107
7341048,33.5371,41.4375
7377756,34.4424,44.7686
7414648,34.6104,44.8760
7451724,34.0186,44.1025
7488984,33.6299,43.7617
7526432,33.9473,44.8848
7564068,33.9980,84.2393
7601892,34.5635,43.4453
7639904,34.7793,44.1641
7678104,31.8799,41.0859
7716496,32.5537,41.4883
7755080,33.9668,43.1797
7793856,35.0820,46.2246
7832828,32.3994,42.1094
7871996,34.1650,44.6182
7911356,34.7285,45.5869
7950916,35.7178,46.1504
7990672,36.2090,46.8359
8030628,34.5322,44.1699
8070784,35.2012,45.7578
8111140,59.4219,45.3066
8151696,32.9326,63.9072
8192456,36.3594,46.4492
8233420,33.2549,42.3789
8274588,34.8145,44.9287
8315964,34.4961,44.5195
8357544,35.8271,47.2725
8399332,35.1191,41.9990
8441332,36.8574,46.9375
8483540,36.0068,52.3555
8525960,36.7148,45.2930
8568592,38.2256,47.9551
8611436,33.6064,42.8594
8654496,39.1016,47.8447
8697772,37.2383,47.1455
8741264,34.5303,42.8311
8784972,35.0762,43.4150
8828900,36.9121,45.6523
8873048,35.7676,44.7891
8917416,36.1836,45.5117
8962004,33.2197,41.0059
9006816,34.9424,42.2314
9051852,36.1328,45.3965
9097112,34.1152,42.1104
9142600,36.4414,44.4365
9188316,35.7480,44.6846
9234260,35.4824,45.1611
9280432,34.3857,42.2979
9326836,36.9678,46.2207
9373472,35.0127,43.7871
9420340,35.4082,44.3096
9467444,42.3066,45.1963
9514784,35.6484,44.7754
9562360,38.1064,51.6777
9610172,36.2725,44.5732
9658224,37.4316,44.3740
9706516,38.5576,49.7773
9755052,36.5801,45.4971
9803828,37.2900,46.1309
9852848,37.4043,45.8271
9902116,34.7275,43.2666
9951628,34.5869,43.9883
10001388,35.0713,44.1240
10051396,35.8447,44.6875
10101656,35.3174,49.1025
10152168,37.0576,46.8721
10202932,34.0723,43.8145
10253948,36.0713,45.3281
10305220,38.5137,46.5576
10356748,33.8438,43.8564
10408532,35.3496,45.5605
10460576,33.4434,42.0801
10512880,35.6748,47.0391
10565448,36.7705,66.7979
10618276,36.2520,45.8838
10671368,35.9502,44.6865
10724728,36.8447,46.5977
10778352,38.1104,49.0029
10832244,37.9600,50.4053
10886408,36.4658,47.2344
10940844,37.4355,96.5195
10995552,36.0547,45.7617
11050532,35.5488,41.6465
11105788,36.3838,46.2500
11161320,38.4785,49.1006
11217128,36.9951,50.2988
11273216,36.2139,46.6553
11329584,38.1133,42.9121
11386232,35.3564,46.3145
11443164,36.0771,45.8379
11500380,34.0127,43.4385
11557884,40.6436,44.6738
11615676,36.9805,49.7363
11673756,35.1211,43.7734
11732128,44.5166,44.0938
11790792,37.5713,46.6797
11849748,36.5361,47.3164
11909000,41.2510,46.8320
11968548,37.5088,46.3672
12028392,36.2002,45.3555
12088536,36.7783,45.8389
12148980,67.4248,65.4404
12209728,55.1465,51.8428
12270780,34.5488,44.0898
12332136,35.7949,44.6348
12393800,37.2764,47.1318
12455772,36.0225,46.2637
12518052,37.2588,46.5479
12580644,37.9697,48.3984
12643548,44.3164,49.4697
12706768,36.3799,89.0381
12770304,37.0615,47.8838
12834156,36.8984,46.9658
12898328,37.3135,46.7500
12962820,38.9082,47.8223
13027636,37.0537,46.4395
13092776,39.4316,47.4951
13158240,39.1660,49.4941
13224032,38.0322,47.8242
13290156,39.5762,48.9844
13356608,37.2393,45.3994
13423392,35.9863,44.2617
13490512,37.6309,52.6855
13557968,36.4854,47.6074
13625760,36.2441,45.8438
13693892,36.9756,45.7451
13762364,36.0947,47.0391
13831176,36.1055,46.5166
13900332,36.2695,45.3145
13969836,37.2900,45.7500
14039688,38.1719,49.1123
14109888,38.5313,48.8994
14180440,44.7939,45.5850
14251344,37.3584,46.2539
14322604,36.2383,44.8770
14394220,36.2998,45.1689
14466192,36.8525,46.9805
14538524,38.5869,50.1123
14611220,37.2627,49.3398
14684280,34.5518,44.1035
14757704,38.4453,49.0898
14831496,36.7441,46.8594
14905656,37.0303,46.1504
14980188,66.4502,47.7861
15055092,39.2314,49.9541
15130368,45.6455,47.7705
15206020,39.8486,52.6553
15282052,36.5938,52.0859
15358464,40.4434,59.0850
15435260,36.9043,47.0801
15512440,39.4414,50.1426
15590004,37.1699,47.2793
15667956,37.3848,48.5264
15746296,39.4004,49.2363
15825028,36.3711,45.8711
15904156,37.6221,49.1270
15983680,37.0127,46.8555
16063600,38.3252,48.3115
16143920,39.2461,49.9131
16224640,37.0732,48.5869
16305764,38.3447,49.4814
16387296,36.9600,61.5391
16469236,45.1348,48.2969
16551584,38.8320,49.3906
16634344,38.9082,49.0781
16717516,37.1123,46.9805
16801104,42.6074,61.4404
16885112,40.1680,48.0439
16969540,41.7900,51.1387
17054388,43.5020,52.2881
17139660,39.9854,48.6436
17225360,40.8730,54.8672
17311488,43.1338,51.1162
17398048,59.3975,51.9512
17485040,42.6904,47.7266
17572468,42.4453,51.8906
17660332,43.6367,55.5039
17748636,47.1836,47.1045
17837380,40.5078,50.1465
17926568,64.8545,48.1396
18016204,64.4600,49.0947
18106288,54.3047,53.1885
18196820,40.3877,49.7080
18287808,96.2861,70.8018
18379248,44.5801,49.8711
18471148,46.5557,54.4746
18563504,45.4512,49.0947
18656324,49.0947,51.4727
18749608,46.9873,52.6016
18843360,69.0645,54.8418
18937580,50.9004,53.2520
19032268,42.1680,48.1016
19127432,62.6230,55.0928
19223072,55.1191,53.5293
19319188,51.1846,58.1094
19415784,46.8701,52.6133
19512864,61.6270,53.0059
19610432,51.8574,55.3574
19708488,53.2090,59.0430
19807032,52.8564,55.6387
19906068,73.5205,55.1133
20005600,50.0322,53.5801
20105628,50.0576,52.0771
20206160,53.0088,55.8623
20307192,50.9131,54.3408
20408728,51.6348,54.9941
20510772,55.9824,58.3418
20613328,52.9443,67.5381
20716396,55.9346,59.9111
20819980,52.7852,55.9609
20924080,52.3975,59.4824
21028704,57.8721,63.6182
21133848,54.4678,54.5791
21239520,57.7139,63.5947
21345720,59.3340,60.7441
21452452,58.6279,63.3027
21559716,56.8711,61.6455
21667516,55.2041,61.8018
21775856,54.0195,60.3643
21884736,59.5703,68.3799
21994160,76.5762,62.3994
22104132,57.7568,67.3271
22214656,77.5371,70.7969
22325732,66.1904,64.3584
22437364,62.1475,65.7070
22549552,57.2334,62.2793
22662300,60.0430,62.5664
22775612,57.9766,63.9912
22889492,64.0654,61.9189
23003940,56.7744,59.2383
23118960,58.7217,73.5117
23234556,58.6836,68.3027
23350732,61.2158,65.4580
23467488,58.7109,60.6455
23584828,57.6943,60.1357
23702756,49.9248,56.0967
23821272,68.5479,61.6982
23940380,94.9375,61.8008
24060084,60.2813,62.8340
24180388,59.7480,98.7422
24301292,55.4131,57.4912
24422800,58.7803,75.0850
24544916,56.7627,60.5674
24667644,52.9580,56.1104
24790984,55.6553,84.8047
24914940,57.0098,61.4639
25039516,55.5703,59.7676
25164716,58.5908,69.3281
25290540,56.6836,64.8252
25416996,58.0000,67.7109
25544084,58.2480,63.6553
25671808,59.1553,62.3213
25800168,57.4023,64.0986
25929172,55.5977,62.2012
26058820,57.9824,63.7412
26189116,62.2227,64.1123
26320064,53.9258,61.2891
26451668,54.1172,57.6973
26583928,57.7666,64.4336
26716848,57.9678,76.8584
26850436,60.2490,67.4355
26984692,62.1328,63.8809
27119616,58.2197,66.6074
27255216,57.4521,64.0068
27391496,113.4795,71.1855
27528456,61.2803,64.7627
27666100,65.8057,68.9014
27804432,58.0908,58.4668
27943456,64.3311,67.1553
28083176,65.3740,68.3047
28223592,62.4736,65.1846
28364712,65.9863,68.8154
28506536,66.0684,65.9385
28649072,62.7246,125.4580
28792320,69.8506,65.4473
28936284,63.2773,65.1084
29080968,63.6357,65.7148
29226376,67.0410,72.0713
29372508,66.6182,72.2949
29519372,70.8721,72.2051
29666972,62.6045,65.5068
29815308,76.6631,72.8838
29964388,66.6943,70.7822
30114212,67.1367,71.3535
30264784,64.0576,64.1963
30416108,71.0801,72.5088
30568192,64.6055,70.1406
30721036,87.3721,70.2070
30874644,67.0850,68.9043
31029020,194.2959,68.6787
31184168,72.1377,70.9844
31340092,71.5908,72.5830
31496796,70.5059,73.9590
31654280,70.2324,72.7412
31812552,69.0947,71.2529
31971616,75.9229,75.1016
32131476,70.4180,69.1943
32292136,75.4600,75.3086
32453600,74.6895,80.1953
32615868,75.6387,76.1563
32778948,68.2578,238.5918
32942844,74.0010,71.3525
33107560,73.5518,76.4658
33273100,73.8467,76.6748
33439468,82.6074,81.5557
33606668,80.5811,75.0684
33774704,88.6006,84.4932
33943580,73.5703,75.4814
34113300,108.0439,72.4072
34283868,80.0586,77.4814
34455288,81.3467,76.4082
34627568,81.2188,80.8145
34800708,84.9707,88.2080
34974712,75.3252,72.1191
35149588,77.0010,70.9209
35325336,100.4531,71.5713
35501964,76.4492,80.4063
35679476,85.4756,77.9229
35857876,93.5313,107.0391
36037168,90.9346,81.0977
36217356,82.2080,107.6787
36398444,100.3447,88.3857
36580440,91.9951,86.5889
36763344,101.7236,104.4395
36947164,92.8145,123.1875
37131900,91.1904,85.7734
37317560,90.2939,88.3604
37504148,95.1240,145.1230
37691672,89.3545,86.8975
37880132,83.8096,93.9229
38069536,106.3916,111.9092
38259884,94.6055,85.0791
38451184,88.1943,88.9629
38643440,86.6738,81.5098
38836660,109.3418,95.6641
39030844,92.2549,99.4707
39226000,88.5879,90.1260
39422132,81.9541,80.9316
39619244,98.2471,97.7910
39817344,96.4326,91.1201
40016432,85.6084,78.3838
40216516,88.3604,88.6748
40417600,92.9707,89.6768
40619688,91.5156,87.0537
40822788,89.9248,92.4102
41026904,101.9512,95.3809
41232040,91.5146,95.7725
41438204,94.5293,88.0400
41645396,94.2832,104.8857
41853624,87.9502,92.3672
42062896,138.4434,88.8916
42273212,87.1680,83.5586
42484580,78.5625,87.5059
42697004,91.5313,92.5918
42910492,87.6016,91.0557
43125048,95.1035,92.9395
43340676,89.3965,87.7051
43557380,92.5586,97.4063
43775168,92.4893,89.1572
43994044,93.6006,102.2363
44214016,120.3779,90.3516
44435088,91.1387,103.8262
44657264,96.8096,89.4248
44880552,89.8408,137.3574
45104956,95.9990,89.4102
45330484,98.8887,98.1396
45557140,103.1621,100.3799
45784928,88.8359,88.7480
46013856,105.4541,91.6172
46243928,107.4912,87.1572
46475148,97.3867,108.5410
46707524,95.4512,92.0361
46941064,96.9121,95.5020
47175772,100.7061,108.0928
47411652,93.3105,98.9131
47648712,96.3418,99.6953
47886956,100.5000,100.6299
48126392,95.0186,96.6484
48367024,100.3193,96.1172
48608860,94.9629,95.3887
48851908,92.4580,94.7344
49096168,95.0088,93.4951
49341652,98.4951,92.4531
49588364,100.3887,136.5107
49836308,117.0127,125.4473
50085492,157.1846,132.6836
50335920,102.0947,106.1133
50587600,105.2031,107.6777
50840540,98.6865,102.2275
51094744,97.8691,107.2070
51350220,96.4775,129.0059
51606972,108.4570,116.5430
51865008,106.3291,112.6045
52124336,99.3936,100.4795
52384960,102.0820,100.3359
52646888,213.6084,91.8516
52910124,110.9609,102.1816
53174676,98.2148,123.8721
53440552,110.7314,105.5430
53707756,110.1230,98.9668
53976296,104.9150,102.7480
54246180,115.8066,111.0811
54517412,119.0928,114.0547
54790000,108.7246,111.0547
55063952,133.1240,104.6787
55339272,104.6514,103.1768
55615972,100.3799,103.6846
55894052,101.6807,109.0303
56173524,105.0088,106.6543
56454392,106.4170,111.1318
56736664,106.5303,109.4619
57020348,104.8711,102.8369
57305452,110.2441,104.6719
57591980,106.6904,105.8936
57879940,104.2344,106.2520
58169340,97.0068,101.5391
58460188,105.9785,111.6387
58752492,107.8613,116.3467
59046256,110.9082,128.7988
59341488,102.5635,111.8418
59638196,116.2959,118.7207
59936388,112.4971,109.4932
60236072,108.6348,116.6855
60537256,113.4551,112.5479
60839944,107.8936,108.2891
61144144,124.1777,117.7061
61449868,138.2412,131.1182
61757120,126.2480,118.9961
62065908,123.3057,113.6035
62376240,106.5449,102.6836
62688124,112.2324,114.7109
63001568,115.8984,111.4141
63316576,123.6768,114.5391
63633160,158.1621,108.3857
63951328,105.8838,108.1084
64271088,110.4463,111.5234
64592444,117.9063,125.4238
64915408,121.4736,124.9375
65239988,126.1182,130.2607
65566188,121.0850,113.9609
65894020,121.3682,118.9063
66223492,117.4775,118.0049
66554612,120.1826,121.8262
66887388,124.7891,115.0498
