4,1.0498,1.2881
8,1.7803,2.9277
12,2.2363,3.4307
16,2.2412,4.3164
20,2.8193,4.2783
24,2.8223,4.8115
28,2.8135,4.8281
32,2.8232,5.5420
36,3.2793,6.5342
40,3.2773,5.5068
44,3.2881,5.6846
48,3.2773,6.4766
52,3.2090,5.9014
56,3.2148,6.0352
60,3.2090,5.7393
64,3.2129,8.1729
68,3.7871,7.7471
72,3.7773,7.7012
76,3.8066,7.0176
80,3.7861,6.3252
84,3.7764,6.3945
88,3.6904,6.4785
92,3.7803,6.5234
96,3.7832,6.2295
100,3.7695,6.2725
104,3.7793,5.8701
108,3.7754,6.3760
112,3.7754,6.2178
116,3.7871,5.8203
120,3.7744,6.6328
124,3.7871,6.2842
128,3.7861,7.7334
132,4.2988,12.2168
136,4.3291,7.9258
140,4.3135,7.1270
144,4.2959,7.6650
148,4.3369,7.6836
152,4.3037,7.4951
156,4.3281,7.9668
160,4.3076,7.6914
164,4.3203,7.2256
168,4.2900,7.2861
172,4.3057,7.6230
176,4.3086,7.2236
180,4.2969,7.7148
184,4.3145,7.5586
188,4.2939,7.4717
192,4.2998,7.6523
196,4.3096,7.5615
200,4.2930,7.7324
204,4.3105,7.8369
208,4.2988,8.0156
212,4.3125,7.7578
216,4.2959,8.2891
220,4.2881,7.9297
224,4.3027,7.5918
228,4.3311,8.0654
232,4.3174,7.5156
236,4.3047,8.7910
240,4.3027,8.2070
244,4.3086,7.5068
248,4.3193,8.0371
252,4.3145,8.6494
256,4.3281,10.8193
260,4.9297,9.1357
264,4.9414,8.6436
268,4.9150,8.2188
272,4.8984,7.9258
276,4.9268,7.8174
280,4.9121,7.5352
284,4.9072,7.7822
288,4.9121,7.8545
292,4.9189,7.5283
296,4.9170,7.8506
300,4.9150,7.3945
304,4.9141,7.7920
308,4.9209,7.6934
312,4.9297,7.3008
316,4.9150,7.7373
320,4.9072,7.5977
324,4.9199,8.1367
328,4.9355,7.8008
332,4.9141,7.8965
336,4.9092,7.8223
340,4.9170,7.6172
344,4.9258,8.3096
348,4.9189,7.3809
352,4.9150,7.5732
356,4.9189,7.4160
360,4.9307,7.7129
364,4.9229,7.4932
368,4.9102,7.7148
372,4.9209,7.7852
376,4.9307,8.0088
380,4.9121,7.6494
384,4.9131,7.9121
388,4.9248,7.7998
392,4.9287,8.0850
396,4.9150,7.8145
400,4.9092,7.8438
404,4.9121,7.4434
408,4.9297,7.5508
412,4.9316,8.4277
416,4.9092,7.7852
420,4.9111,7.8320
424,4.9268,8.1357
428,4.9170,8.0664
432,4.9072,7.6826
436,20.3662,8.4463
440,4.9434,9.5352
444,4.8262,7.9541
448,4.8008,7.4180
452,4.8164,7.2090
456,4.8477,7.9365
460,4.8252,8.3877
464,4.8018,7.8975
468,4.8193,7.8301
472,4.8252,7.8721
476,4.8281,7.8682
480,4.8086,8.2334
484,4.7998,7.6621
488,4.8193,8.1357
492,4.8301,8.3750
496,4.8086,7.9697
500,4.8086,8.1846
504,4.8125,8.5479
508,4.8252,7.9707
512,4.8145,9.4131
516,5.7217,8.9551
520,5.6436,8.7783
524,5.6523,8.8164
528,5.7500,9.5225
532,5.7598,9.4307
536,5.6328,9.1807
540,5.6846,9.5313
544,5.5547,8.1523
548,5.6543,9.3330
552,5.6094,8.8447
556,5.7217,9.8887
560,5.5977,9.1943
564,5.6875,8.6494
568,5.7354,8.7197
572,5.7314,8.8477
576,5.8369,9.9326
580,5.8066,9.3525
584,5.7305,9.1396
588,5.7930,9.2666
592,13.6904,9.4775
596,5.7920,8.9600
600,26.1943,9.6260
604,5.9316,9.4229
608,5.7412,9.0078
612,5.8682,9.5352
616,5.7412,8.7686
620,5.7666,8.3223
624,5.7402,8.9688
628,5.7607,8.6123
632,5.8389,8.7324
636,5.7881,8.6035
640,5.6973,8.5322
644,5.8389,9.5371
648,5.8115,8.5664
652,5.7480,8.4961
656,5.8164,9.1211
660,5.7705,8.4971
664,5.7441,8.6094
668,5.9248,9.2646
672,5.8643,9.2813
676,5.7881,8.7939
680,5.7461,8.3193
684,5.6953,8.3965
688,5.6826,8.1182
692,5.7568,8.2236
696,5.8730,8.9697
700,5.7861,8.9160
704,5.7070,8.2266
708,5.8613,8.6396
712,5.7813,8.8740
716,5.8467,8.9766
720,5.8184,8.3564
724,5.7734,8.2949
728,5.8203,8.8740
732,5.7646,8.4834
736,5.8271,8.5352
740,5.8682,16.3320
744,5.8750,7.9971
748,5.8789,9.2158
752,5.8203,8.0352
756,5.8184,8.8506
760,6.0146,9.7295
764,5.8252,9.2373
768,5.7910,8.6113
772,5.8652,9.2139
776,5.8232,8.9902
780,5.7539,8.5439
784,5.7510,8.7402
788,5.7305,9.0957
792,5.8896,9.3301
796,5.7363,8.3096
800,5.7607,8.9365
804,5.7129,8.2861
812,5.8145,9.3301
820,5.7168,8.4609
828,5.7354,8.4707
836,5.7578,8.7480
844,5.8301,13.1592
852,5.9326,8.7158
860,5.9678,9.0986
868,5.8027,8.7383
876,5.8496,9.1660
884,5.8496,9.2383
892,5.7559,8.8613
900,5.8223,9.3398
908,5.6846,8.4033
916,5.8408,8.7578
924,5.7285,9.7314
932,5.7236,9.0898
940,5.8408,9.8320
948,5.7979,9.2490
956,5.8105,9.7236
964,5.8369,9.5791
972,5.7627,9.9854
980,5.7725,15.0488
988,6.1689,9.6758
996,5.9082,10.1348
1004,5.7461,9.3545
1012,5.7920,9.4238
1020,5.7510,9.0713
1028,6.9443,10.0625
1036,6.7998,9.8369
1044,6.8789,9.8291
1052,7.2295,10.3604
1060,6.7520,10.3799
1068,6.7422,9.3467
1076,6.9824,10.8164
1084,6.8896,9.6816
1092,6.7207,9.8906
1100,6.6514,9.3994
1108,6.9170,10.0566
1116,6.8994,10.5801
1124,6.8789,9.8555
1132,6.7656,9.6758
1140,6.8613,9.7773
1148,6.8887,9.8760
1156,6.7607,9.3262
1164,7.0225,9.7949
1172,6.6006,9.3691
1180,6.7441,9.4922
1188,6.9346,10.0908
1196,7.0068,10.7852
1204,6.9434,10.5703
1212,7.0742,9.4912
1220,6.8398,10.0410
1228,6.8418,10.4990
1236,6.7285,9.8916
1244,6.7617,9.6602
1252,6.7842,9.6602
1260,6.7422,15.1768
1268,7.1104,10.8545
1276,6.8975,9.7754
1284,6.7461,10.1943
1292,6.7070,10.0781
1300,6.8809,10.3389
1308,6.8340,10.1445
1316,6.6924,9.2236
1324,6.8438,9.7422
1332,6.6904,9.5166
1340,6.8896,9.4580
1348,6.9014,9.7686
1356,7.0107,10.3682
1364,6.6982,9.4648
1372,6.7070,9.2529
1380,6.7148,9.9893
1388,6.7783,10.1152
1396,6.6250,9.2041
1404,6.6045,9.1406
1412,6.7158,9.5195
1420,6.8711,10.2920
1428,6.7891,9.9248
1436,6.7754,9.8486
1444,6.9375,9.9092
1452,6.7148,9.7734
1460,6.7725,10.1074
1468,6.5742,9.2559
1476,6.7607,9.7705
1484,6.7471,9.7510
1492,6.7715,10.1855
1500,6.8057,9.9092
1508,6.9424,10.4189
1516,6.8311,9.1260
1524,6.7217,9.3291
1532,6.7959,9.2510
1540,6.6094,9.2100
1548,6.9766,10.5508
1556,6.6768,9.1719
1564,6.7959,10.2930
1572,6.7861,9.6973
1580,6.6875,10.1426
1588,6.8311,10.0430
1596,6.7188,9.4980
1604,6.8057,9.8975
1616,6.8398,9.8057
1628,6.7871,10.3652
1640,6.7891,9.7354
1652,7.0098,11.4482
1664,6.7363,9.6738
1676,6.8271,9.9395
1688,6.8154,10.0127
1700,6.7305,9.1807
1712,6.7979,9.8408
1724,6.9424,9.7031
1736,6.9150,9.9814
1748,6.9502,10.7070
1760,6.5996,9.4453
1772,6.7236,10.1367
1784,6.8926,10.5820
1796,6.8193,10.1846
1808,6.6621,10.1924
1820,6.9580,10.0566
1832,6.9951,10.1143
1844,6.8369,9.8369
1856,6.7041,9.7412
1868,6.6836,10.1689
1880,6.7158,10.3477
1892,6.6396,9.4912
1904,6.8457,10.5313
1916,6.5869,9.6904
1928,6.8291,10.4434
1940,6.9570,10.5156
1952,6.7891,10.3818
1964,6.8994,10.0391
1976,6.7676,10.2930
1988,6.7422,10.1436
2000,6.7246,9.5127
2012,6.8701,10.2695
2024,6.8613,9.8936
2036,6.8213,10.4912
2048,6.8408,11.8477
2060,7.9697,11.7373
2072,7.8232,12.0195
2084,8.0000,12.3516
2096,7.6025,11.1543
2108,7.5332,11.3223
2120,7.7041,11.4424
2132,7.6641,11.2021
2144,8.0176,12.3330
2156,7.9463,12.5244
2168,7.5361,11.0430
2180,7.7344,11.3926
2192,7.6670,11.0762
2204,7.6807,11.2178
2216,7.7695,11.4102
2228,7.9717,12.0625
2240,7.5586,10.7363
2252,7.5361,10.8965
2264,7.8018,12.3965
2276,7.7275,23.7744
2288,7.7842,11.9346
2300,7.7832,11.3623
2312,7.8086,11.5371
2324,7.7764,11.9629
2336,7.8213,11.6309
2348,7.6475,11.3291
2360,8.1006,11.6973
2372,8.0234,11.3428
2384,7.6748,11.5762
2396,7.7061,11.9102
2408,7.9814,12.0078
2424,7.6826,11.2852
2440,7.6719,11.0537
2456,7.5781,10.7441
2472,7.6426,11.2266
2488,7.6514,11.2520
2504,7.7656,12.0742
2520,7.9893,12.6387
2536,7.5107,11.0244
2552,7.7324,11.5430
2568,7.4863,10.9844
2584,7.5957,11.4131
2600,7.7646,11.7715
2616,7.8613,11.6768
2632,7.9873,12.6846
2648,7.5996,11.0967
2664,7.8594,12.3672
2680,7.8125,11.7998
2696,7.6289,11.4326
2712,7.6133,11.8379
2728,7.9609,12.9951
2744,61.6445,13.7451
2760,7.8164,13.2754
2776,7.8760,13.2324
2792,7.8428,13.2041
2808,8.0449,13.8457
2824,8.0518,13.4219
2840,7.8047,12.8018
2856,7.4570,11.2275
2872,7.5283,11.7461
2888,7.7510,12.9932
2904,7.7725,13.0225
2920,7.6465,12.1963
2936,7.5313,12.1768
2952,7.7441,13.0830
2968,7.6973,12.9775
2984,7.9053,13.3760
3000,7.7080,11.8877
3016,7.9141,12.7256
3032,7.8330,12.0479
3048,7.8037,11.8906
3064,7.9512,12.2842
3080,7.6309,11.1895
3096,7.6826,11.5352
3112,7.8486,12.0205
3128,7.6855,11.5322
3144,7.8242,11.5439
3160,7.9375,12.2822
3176,7.7813,11.3398
3192,7.6709,11.8750
3208,7.8047,11.9658
3228,7.5527,11.2480
3248,7.9053,12.2490
3268,7.7197,11.4775
3288,8.0732,13.1123
3308,7.7773,11.6006
3328,7.6455,10.8174
3348,7.7119,11.8320
3368,7.7598,11.6729
3388,7.9463,12.1914
3408,7.6895,12.0176
3428,7.7363,11.8828
3448,7.6455,11.4531
3468,7.8613,11.9951
3488,7.7773,11.6279
3508,7.9443,12.8477
3528,7.7900,12.1865
3548,7.7461,11.7725
3568,7.7441,11.9473
3588,7.9189,12.3096
3608,7.9111,12.9922
3628,7.7295,11.9746
3648,7.9307,12.3330
3668,7.8740,12.5254
3688,7.7393,11.7959
3708,7.9668,12.2490
3728,7.6172,12.1123
3748,7.7275,12.7217
3768,8.0352,13.5752
3788,7.8701,12.5449
3808,7.6963,11.6299
3828,7.7686,11.9023
3848,7.5439,11.9395
3868,7.6592,11.7129
3888,7.9922,13.0654
3908,7.8535,12.5635
3928,7.8506,12.1660
3948,7.7100,11.9756
3968,8.1582,12.8145
3988,8.0059,12.6621
4008,7.6699,11.7607
4032,7.6709,11.3193
4056,7.7568,11.8271
4080,7.7461,12.3633
4104,11.7129,15.1406
4128,11.1885,15.3486
4152,11.0059,15.2500
4176,9.1348,13.7627
4200,8.8330,13.1270
4224,8.6572,12.4512
4248,9.1895,14.2393
4272,9.1377,13.5703
4296,9.1572,13.8320
4320,8.5117,11.9775
4344,8.7607,12.6592
4368,8.7871,12.6074
4392,8.8242,12.5928
4416,8.7656,12.0088
4440,8.5078,11.8555
4464,8.8418,12.8184
4488,8.9434,13.3281
4512,8.7188,12.8418
4536,8.8447,12.7910
4560,8.7910,12.5127
4584,13.7041,12.2383
4608,8.4463,11.9082
4632,8.4297,12.3594
4656,8.3936,12.8018
4680,8.8135,13.3213
4704,8.3887,11.9932
4728,13.2451,12.2754
4752,8.7480,13.1348
4776,8.5488,11.9766
4800,8.6953,12.8018
4824,8.5957,12.1582
4852,8.5693,12.2705
4880,8.4658,12.2441
4908,8.6094,12.7402
4936,8.7021,12.8223
4964,8.8076,12.6777
4992,8.5176,12.4258
5020,8.6914,12.9395
5048,8.7656,12.8271
5076,8.4219,12.0928
5104,8.5645,12.1543
5132,8.7549,13.0410
5160,8.7285,12.8164
5188,8.6289,12.5508
5216,8.7344,12.8525
5244,8.8311,12.9189
5272,8.7939,12.8174
5300,8.7197,12.6201
5328,8.7764,13.0117
5356,8.3945,12.2148
5384,8.5449,12.2139
5412,8.9854,13.5967
5440,8.5000,12.0723
5468,8.6250,12.7178
5496,8.4160,11.6514
5524,8.7432,12.9883
5552,8.7412,12.5137
5580,8.3799,11.7676
5608,8.5986,12.3359
5640,8.5107,12.6465
5672,8.7949,13.8760
5704,8.7715,13.0029
5736,8.7930,13.1182
5768,8.6055,12.6201
5800,8.5635,12.7803
5832,8.7637,12.6758
5864,8.5430,11.9746
5896,8.5166,12.1484
5928,8.5781,12.2969
5960,8.5625,12.2578
5992,8.4443,12.2705
6024,8.5225,12.3770
6056,8.4248,12.1738
6088,8.6279,13.0693
6120,8.4219,12.4043
6152,8.4453,12.4658
6184,8.6025,13.2520
6216,8.6592,13.3271
6248,8.5508,12.3701
6280,8.7246,13.3047
6312,8.7666,13.6113
6344,8.7334,12.8027
6376,8.3711,12.1396
6408,8.5977,12.5693
6444,8.6084,12.8838
6480,8.5947,13.0537
6516,8.5430,12.6582
6552,8.6416,12.7383
6588,8.4248,12.0205
6624,8.4824,12.6514
6660,8.5400,12.4023
6696,8.6592,13.0801
6732,8.6924,13.3438
6768,8.9316,13.3389
6804,8.5586,12.7715
6840,8.7969,13.1270
6876,8.6104,12.5449
6912,8.6738,12.4053
6948,8.4814,12.7793
6984,8.5947,13.4561
7020,8.6367,13.1094
7056,8.6504,13.1875
7092,8.6240,12.6729
7128,8.6768,13.0576
7164,8.5488,13.3047
7200,8.9805,13.9658
7236,8.4248,12.7441
7276,8.4121,12.1514
7316,8.5000,12.3691
7356,8.5479,12.4424
7396,8.9189,13.7363
7436,8.8154,13.1289
7476,8.8662,13.6689
7516,8.6309,12.7871
7556,8.5596,12.4775
7596,8.4375,12.9053
7636,8.6729,12.8994
7676,8.7441,13.3223
7716,8.6953,13.3223
7756,8.5898,12.8750
7796,8.7100,12.8848
7836,8.6387,12.5801
7876,8.2725,12.1563
7916,8.6484,13.0977
7956,8.4805,12.7822
7996,8.7432,13.7129
8036,8.7207,14.2402
8080,8.7979,13.4160
8124,8.8301,14.1094
8168,8.8018,13.2695
8212,10.1035,15.1445
8256,9.9326,14.8018
8300,9.9150,14.5303
8344,9.6650,13.8359
8388,9.6846,13.6924
8432,9.5225,13.2656
8476,9.5498,13.3926
8520,9.1494,12.6758
8564,9.4717,13.1104
8608,9.7070,13.7402
8652,9.7490,13.8730
8696,9.1816,13.2959
8740,9.4033,13.6016
8784,9.4824,12.8652
8828,9.4570,13.4141
8876,9.5127,13.4150
8924,9.4395,13.2734
8972,9.4639,13.2451
9020,9.5625,13.6572
9068,9.5752,13.4082
9116,9.3203,12.5117
9164,9.3184,12.9854
9212,9.8027,14.1045
9260,9.5322,13.2295
9308,9.4053,13.2891
9356,9.5527,13.2588
9404,9.7227,13.6338
9452,9.6289,14.0479
9500,9.4873,13.3350
9548,9.1953,12.8359
9596,10.0498,15.2061
9644,9.8057,14.0283
9696,9.5137,13.1475
9748,9.7842,14.1074
9800,9.4473,12.7344
9852,9.2314,12.7979
9904,9.5625,13.4775
9956,9.6318,13.5781
10008,9.4287,13.2363
10060,9.1826,12.8311
10112,9.5166,13.5488
10164,9.5146,13.2490
10216,9.6582,13.6504
10268,9.5459,13.4668
10320,9.4639,13.4014
10372,9.8604,13.9326
10424,9.7324,13.7520
10480,9.6045,13.0527
10536,9.6338,13.6543
10592,9.6914,13.7031
10648,9.6416,13.2734
10704,9.7227,14.1670
10760,9.2021,12.3457
10816,9.6777,13.6758
10872,9.4111,13.1563
10928,9.7832,13.9453
10984,9.3965,12.7080
11040,9.5137,12.5488
11096,9.3672,12.8037
11152,9.6025,19.9707
11208,9.5195,12.8682
11268,9.3516,12.9043
11328,9.4160,13.3896
11388,9.9619,14.2109
11448,9.4580,13.0342
11508,9.7500,13.4307
11568,9.3740,12.8125
11628,9.3242,12.8213
11688,9.1328,12.3721
11748,9.9834,14.1992
11808,9.7100,13.8945
11868,9.6494,14.0273
11928,9.3604,13.1602
11988,9.5986,56.2764
12048,10.0361,14.1758
12112,9.1865,12.5713
12176,9.5088,14.0781
12240,9.2979,12.5088
12304,9.7949,14.3691
12368,9.5723,13.4375
12432,9.5469,13.5078
12496,9.6211,13.8506
12560,9.5303,12.9746
12624,9.1670,12.5684
12688,9.4492,13.0049
12752,9.5957,13.7461
12816,9.4541,12.9541
12884,9.2617,12.5566
12952,9.6641,13.8184
13020,9.5879,13.5049
13088,9.3789,13.1768
13156,9.3867,13.0146
13224,9.1953,13.3594
13292,9.6455,14.1787
13360,9.6895,13.8721
13428,9.5371,13.5479
13496,9.7266,14.1211
13564,9.0596,12.2607
13632,9.4482,13.0137
13704,9.9707,15.1445
13776,9.5742,14.2178
13848,9.6455,13.7666
13920,9.7461,14.2852
13992,9.2559,12.9951
14064,9.2256,12.7813
14136,9.4268,13.8242
14208,9.6055,13.7871
14280,9.6787,13.8613
14352,9.6260,14.2617
14424,9.6094,13.8018
14500,9.5156,13.5840
14576,9.4229,13.7373
14652,9.4590,13.4219
14728,9.4150,13.2764
14804,9.7207,14.4219
14880,9.4785,13.4219
14956,9.6670,13.9121
15032,9.5234,13.6768
15108,10.0244,15.2715
15184,9.5605,14.0518
15260,9.2197,13.0127
15340,9.3643,13.4141
15420,10.0137,15.0879
15500,9.6133,13.8584
15580,10.0811,14.9443
15660,9.3193,13.3418
15740,9.5605,13.6191
15820,9.5313,13.6865
15900,9.3359,13.1123
15980,9.5186,13.9971
16060,10.0518,14.7354
16144,9.5078,13.7686
16228,9.6475,14.4248
16312,9.8516,15.0381
16396,11.1230,15.9229
16480,10.8701,14.4688
16564,10.5039,14.3213
16648,10.3184,13.3086
16732,10.4170,14.0762
16816,10.5771,14.2051
16904,10.9248,15.4727
16992,10.6670,14.6523
17080,10.5752,13.8232
17168,10.1025,13.2920
17256,10.7832,14.8701
17344,10.0781,13.0967
17432,10.4326,14.1943
17520,10.6533,14.5215
17608,10.8799,15.0732
17700,10.5811,55.8438
17792,10.8975,14.5283
17884,10.5293,14.3945
17976,10.2100,14.1211
18068,10.3857,13.6289
18160,10.8164,41.8525
18252,11.1074,14.7021
18344,10.5947,13.9678
18436,10.3701,13.3164
18532,10.4854,13.6738
18628,10.8369,15.1973
18724,10.3740,13.6602
18820,10.4883,14.0195
18916,10.5225,14.3262
19012,10.3525,13.7510
19108,10.3086,13.9424
19204,10.2686,13.6680
19304,10.4082,13.6533
19404,10.3750,13.2344
19504,10.5137,13.8408
19604,10.5352,14.0576
19704,10.9355,19.5498
19804,10.6396,14.8594
19904,10.7129,15.1855
20004,10.3184,13.6846
20108,10.3135,13.5703
20212,10.2129,13.4434
20316,10.5645,14.3906
20420,10.1553,13.4014
20524,11.0830,15.4893
20628,10.4355,14.1309
20732,10.4932,13.6465
20836,10.6035,14.3350
20944,10.4004,14.4619
21052,10.4961,14.3418
21160,10.0361,13.0576
21268,10.2100,13.9043
21376,10.6875,14.7637
21484,10.6309,14.8184
21592,10.4814,14.3896
21700,10.7500,14.7920
21812,10.4746,14.4844
21924,10.5576,14.0146
22036,9.6963,12.7539
22148,10.3652,14.2471
22260,10.5830,14.0566
22372,10.2129,13.9609
22484,10.3018,13.4600
22600,10.3535,14.1250
22716,10.8438,15.3867
22832,10.2119,13.9121
22948,10.3115,13.6406
23064,10.3750,13.9785
23180,10.6230,14.3525
23296,10.0625,13.4268
23416,10.0713,13.2246
23536,10.3604,14.3906
23656,10.4512,14.4561
23776,10.4150,14.5889
23896,10.5361,14.6934
24016,10.2451,13.8496
24140,10.5313,14.8574
24264,10.5146,14.8232
24388,10.5518,14.6094
24512,10.6318,14.8965
24636,10.7314,13.9395
24760,10.7129,14.0410
24884,10.6475,14.0342
25012,10.8496,14.9385
25140,10.4746,14.2754
25268,10.4941,14.4365
25396,10.4092,14.1230
25524,10.3057,14.2158
25652,10.5479,14.5371
25784,10.3223,13.7871
25916,10.1797,14.0723
26048,10.0244,13.4395
26180,10.3408,14.1553
26312,10.3330,14.1748
26444,10.1689,13.8223
26580,10.5762,14.9385
26716,10.4355,14.4131
26852,10.4238,13.9697
26988,10.1563,14.2158
27124,10.6504,14.5332
27260,10.6973,15.2090
27400,10.5234,14.5498
27540,10.5625,15.1543
27680,9.9902,13.2969
27820,10.7021,14.3779
27960,10.6387,14.3486
28100,11.0361,15.7539
28244,10.5391,14.8037
28388,10.0928,13.3525
28532,10.5313,14.8389
28676,10.0215,13.6719
28820,10.1943,20.9707
28968,10.3770,13.7148
29116,10.7354,15.6367
29264,10.4082,14.1592
29412,10.5107,14.8164
29560,10.2578,14.0684
29708,10.3730,14.6904
29860,10.3887,14.3965
30012,10.3770,14.2822
30164,10.4082,14.5078
30316,10.3896,14.2871
30468,10.3906,14.0146
30624,10.3975,14.3496
30780,10.3389,13.9912
30936,10.2539,14.4355
31092,10.3770,14.6348
31248,10.4707,14.5068
31408,10.5205,14.5996
31568,10.0693,13.4219
31728,10.4492,14.7168
31888,10.3457,14.5186
32048,10.2148,14.2383
32212,10.5068,16.0508
32376,10.6514,15.4990
32540,10.0957,14.3701
32704,10.3174,18.8809
32868,12.2139,15.9922
33036,11.8955,15.2852
33204,11.7842,15.2881
33372,11.8223,15.7402
33540,11.3271,14.5078
33708,12.1162,16.0303
33880,12.0225,15.2656
34052,11.4111,14.7334
34224,11.4648,15.0996
34396,11.5430,14.8574
34568,11.6748,14.3320
34744,11.1963,14.1953
34920,11.6914,15.6123
35096,11.6416,14.8525
35272,11.4043,14.4189
35452,11.3857,14.9727
35632,10.9580,14.4404
35812,11.6279,16.2109
35992,10.8271,12.9658
36172,11.6289,15.3516
36356,11.0527,14.2070
36540,11.4873,14.9043
36724,56.3057,15.5313
36908,11.8008,15.3887
37096,11.8506,15.8115
37284,11.3369,14.8936
37472,11.6885,15.5352
37660,11.2041,14.8359
37852,11.4688,15.4424
38044,11.4551,15.0205
38236,11.0566,14.5449
38428,11.6865,15.7920
38624,11.1895,14.0303
38820,11.4189,14.8018
39016,11.2588,14.4746
39212,11.1836,14.3506
39412,11.9180,15.7852
39612,11.3291,15.1201
39812,11.2236,14.7559
40012,10.9854,14.7178
40216,11.4141,14.9902
40420,12.4033,16.4473
40624,11.1533,14.4521
40828,11.4863,15.2754
41036,11.4316,14.4961
41244,11.3086,14.3740
41452,11.5244,15.2129
41660,11.2988,15.1699
41872,11.6133,15.5332
42084,11.4775,15.3496
42296,11.6455,15.5645
42508,11.0635,14.5684
42724,11.3047,15.2637
42940,11.0234,14.7422
43156,11.5195,15.5859
43372,11.1631,14.2969
43592,11.2490,14.7383
43812,11.2324,15.6064
44032,11.4990,15.5625
44256,11.1621,14.4590
44480,11.2949,14.8740
44704,11.6494,15.1094
44928,11.4932,15.0605
45156,11.6221,14.8281
45384,11.1582,14.0293
45612,11.6641,15.3174
45844,11.5107,15.1172
46076,11.1973,14.2637
46308,11.8164,15.3975
46540,11.8486,15.8623
46776,11.7793,16.3584
47012,11.1934,14.3643
47248,11.8555,16.2295
47488,11.8428,16.0020
47728,12.0898,16.2344
47968,11.1279,14.6211
48208,11.6064,15.5029
48452,11.7061,15.4092
48696,11.5986,14.9756
48940,11.3809,15.4990
49188,11.5254,15.6377
49436,11.6172,15.5449
49684,11.5752,16.2178
49936,11.5244,15.9668
50188,11.5508,15.4336
50440,11.3691,15.5928
50696,12.1885,17.1982
50952,11.3633,15.3906
51208,11.1768,14.7734
51468,11.0723,14.8145
51728,11.4512,15.2910
51988,11.5752,15.5166
52248,11.3945,14.4014
52512,11.4248,15.1641
52776,11.6416,15.5254
53040,11.5957,15.6807
53308,11.2861,15.1289
53576,11.5879,15.4600
53844,11.6758,15.5801
54116,10.9492,14.1162
54388,11.6094,15.4072
54660,11.4521,15.8086
54936,11.4063,15.0244
55212,11.3018,15.1494
55492,11.4463,15.6348
55772,11.2373,14.5303
56052,11.4990,15.1328
56336,11.1494,15.1865
56620,11.5664,16.2061
56904,11.6064,15.4043
57192,11.6924,16.1445
57480,11.5088,15.3506
57768,11.2969,15.3145
58060,11.4150,15.6016
58352,11.6689,16.0947
58644,11.1328,13.8643
58940,10.9248,14.0459
59236,11.3770,15.1670
59536,11.3262,15.2451
59836,11.7354,16.1572
60136,11.7607,15.8281
60440,11.5488,15.2324
60744,11.7295,16.7832
61048,11.6895,15.8320
61356,11.1895,15.2373
61664,11.7969,15.6016
61976,11.4863,15.2227
62288,12.0674,15.9014
62600,11.5234,15.2461
62916,11.1689,15.4844
63232,11.7520,15.7539
63552,11.5811,15.9014
63872,11.4805,15.8955
64192,11.6592,15.6904
64516,11.2578,15.1494
64840,11.3203,16.1113
65168,11.2959,15.3652
65496,11.5371,15.7793
65824,14.3252,18.2578
66156,12.8350,15.6631
66488,13.2861,16.7344
66824,12.8262,15.9238
67160,13.7168,18.3633
67496,12.9912,16.4863
67836,12.6475,15.8672
68176,13.5635,17.4707
68520,13.2314,16.5977
68864,12.5078,15.4561
69212,12.6611,15.6084
69560,13.4873,17.9199
69908,13.1660,17.3223
70260,13.6465,17.3477
70612,12.5977,15.7568
70968,12.6221,15.7129
71324,12.6074,15.9385
71684,12.5986,15.8750
72044,12.3936,15.8184
72408,13.1797,16.7568
72772,13.1006,23.6904
73136,13.4072,17.4697
73504,12.2734,15.5020
73872,13.0186,16.6309
74244,12.9395,16.8828
74616,13.1357,17.1025
74992,12.8906,16.8232
75368,13.1631,16.6123
75748,13.0498,16.9063
76128,12.5908,15.7041
76512,12.7559,16.4639
76896,13.2803,16.9814
77284,12.4316,15.2373
77672,12.9678,17.0020
78064,12.4570,16.0234
78456,12.8477,16.7656
78852,13.0664,17.6172
79248,12.9043,16.5518
79648,12.3730,15.6602
80048,12.5938,16.0850
80452,12.2393,15.3848
80856,13.0918,17.2080
81264,11.6563,14.3623
81672,13.1309,17.5420
82084,13.3916,17.7588
82496,13.0156,17.0957
82912,12.2480,15.6289
83328,12.5908,16.6533
83748,12.0459,14.7598
84168,12.6016,16.1582
84592,12.1338,15.3447
85016,12.2832,15.4951
85444,12.9961,16.9424
85872,12.2637,15.5254
86304,12.9482,16.5420
86736,12.7959,16.8271
87172,12.8867,17.3457
87608,12.3584,16.0225
88048,11.9736,15.5781
88492,12.8096,16.3408
88936,11.9482,15.2744
89384,12.6572,16.2764
89832,12.5791,15.8428
90284,12.8955,16.8799
90736,12.2188,16.0146
91192,13.0889,18.0234
91648,12.8555,17.1650
92108,12.7773,16.8418
92572,12.5879,15.8633
93036,12.5811,16.0615
93504,12.8154,16.2871
93972,12.7461,16.0869
94444,12.9873,16.7715
94920,12.5986,16.3555
95396,12.6133,16.7168
95876,12.7070,16.6914
96356,12.5117,16.8018
96840,12.7695,16.4785
97328,12.5039,16.9121
97816,13.0869,17.1484
98308,12.3535,15.7080
98800,13.1768,17.7002
99296,13.0527,16.7705
99796,13.2021,17.8467
100296,12.6895,16.7988
100800,12.7402,16.5752
101304,13.1152,17.2510
101812,12.2959,15.9180
102324,13.3262,17.9980
102836,12.7490,16.8125
103352,12.9219,16.4316
103872,12.5566,16.5469
104392,12.7256,16.7988
104916,12.9600,17.1670
105444,13.0967,17.4834
105972,12.5879,16.3838
106504,13.3125,17.9141
107040,13.1289,14.9453
107576,12.2178,15.7559
108116,12.6211,16.5840
108660,13.0391,17.8916
109204,12.2822,15.9893
109752,12.6494,16.2783
110304,12.6914,16.5889
110856,13.0098,17.4668
111412,12.9463,16.9805
111972,13.0527,17.2744
112532,12.1709,15.1982
113096,12.8955,17.1963
113664,35.0430,17.1797
114236,11.9971,15.3281
114808,12.0664,16.0215
115384,12.6670,16.8857
115964,13.0801,17.5967
116544,13.2285,18.0303
117128,12.7861,16.8320
117716,12.4609,16.5049
118308,12.7686,16.9697
118900,12.2295,15.8848
119496,12.3223,16.4697
120096,12.6230,17.0117
120700,12.4746,16.8535
121304,12.8105,16.9824
121912,13.1436,17.7246
122524,12.1475,16.0146
123140,13.1504,18.2979
123756,12.8994,17.7021
124376,12.6514,16.8945
125000,12.9648,17.3281
125628,12.6914,16.6377
126260,12.5400,16.3242
126892,12.4404,16.3564
127528,12.4912,16.1055
128168,12.9043,17.5322
128812,12.4268,16.2129
129460,13.0264,17.5127
130108,12.8408,17.5508
130760,12.6621,16.8203
131416,14.6104,17.6523
132076,14.5244,17.5820
132740,14.3906,17.7373
133404,14.4688,17.2246
134072,14.2588,18.7656
134744,13.7363,17.1992
135420,13.7432,17.3203
136100,14.0127,18.3633
136784,13.6143,17.0879
137468,12.9766,16.2275
138156,13.9805,17.7852
138848,13.7256,17.0859
139544,13.8965,17.6660
140244,13.6104,17.1963
140948,13.9531,17.1943
141656,14.2803,18.7217
142368,13.8057,17.4463
143080,14.1836,17.8174
143796,13.8516,17.2598
144516,13.6904,17.2930
145240,13.4141,17.0625
145968,13.5918,16.7568
146700,13.9912,17.2080
147436,13.5439,17.2949
148176,14.2275,17.7842
148920,12.6543,15.3320
149668,14.0313,17.4365
150420,13.6064,16.7666
151176,13.9600,18.1729
151932,14.3428,17.3662
152692,18.3105,18.4883
153456,14.5566,18.5713
154224,13.6240,78.2891
154996,14.4092,19.8447
155772,13.8125,18.6035
156552,14.8652,19.0176
157336,13.8242,17.2246
158124,13.3555,16.6797
158916,13.2637,16.5488
159712,13.9033,17.3076
160512,13.3398,16.5879
161316,13.2676,16.5254
162124,13.4746,16.7910
162936,13.8672,17.8008
163752,13.1240,17.0000
164572,13.5859,16.7891
165396,13.3564,16.7363
166224,13.4336,16.6162
167056,13.4365,16.6758
167892,13.5078,17.3877
168732,13.4424,16.4463
169576,21.1045,16.7588
170424,13.4873,17.4111
171280,13.5225,17.0635
172140,13.7402,17.6494
173004,13.9805,17.7842
173872,13.6621,17.6963
174744,13.6670,16.7227
175620,13.9268,17.8408
176500,13.7129,17.5762
177384,12.8975,15.5625
178272,13.1680,15.9570
179164,14.3096,18.7363
180060,13.9990,18.1973
180964,14.8135,18.9688
181872,13.7227,17.3369
182784,13.9424,17.9775
183700,13.9814,17.8604
184620,13.3770,16.6250
185544,13.9570,17.9170
186472,13.8887,17.8203
187408,13.6934,17.7119
188348,13.2510,16.9209
189292,13.8057,16.7949
190240,13.5273,17.7773
191192,13.6660,18.2646
192148,13.4531,17.4189
193112,13.0029,15.8145
194080,13.4209,17.4072
195052,13.3184,16.4111
196028,13.6387,27.1641
197012,14.0869,18.0078
198000,14.3867,18.8389
198992,13.9209,18.5859
199988,13.8701,17.1084
200988,13.9971,17.6855
201996,13.3916,17.1035
203008,14.2090,18.3389
204024,13.8750,17.8730
205048,13.5635,17.8887
206076,14.1045,18.4268
207108,14.0811,17.5742
208144,14.0566,17.8926
209188,14.1357,18.1582
210236,13.8789,17.7588
211288,13.4902,17.2822
212348,14.2168,18.0039
213412,13.6719,17.5244
214480,19.2041,16.9453
215556,13.5850,17.3096
216636,13.9238,17.3096
217720,14.4053,19.9229
218812,14.1201,18.2256
219908,13.7861,17.4648
221008,14.5869,19.1709
222116,13.9639,18.2715
223228,14.0928,17.5781
224348,13.7520,17.2734
225472,13.6504,17.5811
226600,13.5820,17.0605
227736,14.5439,20.0107
228876,14.2500,18.2295
230024,14.1758,17.9707
231176,13.6855,17.4736
232332,13.2256,16.1572
233496,13.8809,18.1621
234664,14.4297,18.9199
235840,13.9355,18.2803
237020,14.6719,19.6846
238208,13.4131,16.4688
239400,13.2637,16.7686
240600,15.1533,18.6924
241804,13.6035,17.9248
243016,14.1553,17.4541
244232,13.9004,17.4941
245456,13.2344,16.7168
246684,14.0938,18.5195
247920,13.5332,18.2305
249160,13.1660,16.7930
250408,14.0332,18.8330
251664,14.3682,19.3037
252924,14.0889,19.2227
254192,13.3018,16.4395
255464,13.6777,17.3984
256744,13.9971,18.5195
258028,18.8252,18.1768
259320,14.2686,18.5049
260620,14.6660,19.3408
261924,14.1357,19.3174
263236,15.4404,20.1514
264556,14.9082,18.4473
265880,15.5615,19.5322
267212,15.3242,18.7813
268552,14.4561,16.7568
269896,14.5059,17.4355
271248,15.5342,19.1641
272608,14.3887,17.1563
273972,15.6113,19.3477
275344,14.7793,17.7969
276724,14.7402,17.9336
278108,14.1992,16.8252
279500,14.8652,18.9463
280900,14.6816,24.3887
282308,14.7861,17.8154
283720,14.2764,21.5439
285140,14.9492,18.1982
286568,14.0781,16.7881
288004,14.6914,18.3594
289448,14.8457,18.5801
290896,15.0566,18.7578
292352,15.0596,19.5469
293816,15.0752,18.6348
295288,14.9775,17.9570
296768,14.9990,18.7236
298252,14.2168,17.5234
299744,14.8525,17.4912
301244,14.5996,17.7168
302752,14.5967,17.8447
304268,14.8525,19.1055
305792,14.8027,18.2842
307324,15.2344,19.0996
308864,15.2051,19.3770
310412,14.0156,16.8174
311968,14.9873,18.3711
313528,15.0957,19.1533
315096,14.6455,18.4805
316672,16.2285,19.0293
318256,14.8994,18.4980
319848,14.7764,18.3789
321448,14.9824,18.6670
323056,14.7793,18.4854
324672,14.7021,18.4141
326296,14.6914,18.4014
327928,14.7871,18.5713
329568,14.7803,18.6016
331216,14.3975,17.5801
332876,14.9395,18.4834
334544,15.3643,19.3770
336220,14.6504,18.2207
337904,14.8809,18.6816
339596,15.1748,19.4189
341296,15.1104,19.8125
343004,14.8662,18.7646
344720,14.7832,18.3838
346444,14.9463,19.3789
348180,15.2998,28.1885
349924,14.6758,18.4033
351676,15.6641,17.6143
353436,15.0732,18.5713
355204,14.7070,18.4834
356984,15.1426,18.5049
358772,14.4150,17.1045
360568,14.6934,18.1660
362372,14.6416,18.0479
364184,15.6270,19.8379
366008,14.3691,17.8809
367840,14.8906,18.0928
369680,14.6846,18.2324
371532,14.7813,19.2480
373392,14.3154,18.1152
375260,15.0918,19.1387
377140,14.8447,18.6631
379028,14.1367,16.8135
380924,14.7383,18.3418
382832,15.0410,18.8320
384748,15.3428,20.0576
386672,14.4854,18.0352
388608,15.0674,20.0283
390552,15.0068,18.7324
392508,14.7666,18.2031
394472,14.9238,19.0576
396448,15.0381,24.0986
398432,15.3447,18.9121
400428,14.7490,18.4824
402432,14.9033,17.9951
404448,14.4629,17.5703
406472,14.2803,17.2480
408508,15.0674,18.9600
410552,15.3838,19.4404
412608,14.7568,18.3799
414672,14.4219,17.8408
416748,14.7920,18.5986
418832,15.3096,19.3525
420928,14.9727,18.7559
423036,15.1221,18.8652
425152,15.2402,19.3799
427280,15.5156,19.6387
429420,14.9521,18.4531
431568,14.9932,18.0703
433728,14.8721,18.5664
435900,15.1572,18.7705
438080,14.6621,18.6641
440272,14.3516,18.6270
442476,14.5654,17.9434
444692,15.2168,19.7139
446916,15.0244,29.0723
449152,15.5654,19.9492
451400,14.3740,18.2314
453660,14.2842,17.4414
455932,14.7510,18.2422
458212,14.3398,17.7363
460504,14.5283,17.9717
462808,15.7744,19.4023
465124,15.9951,20.2402
467452,15.7197,20.3076
469792,54.2002,20.4102
472144,14.7119,18.2754
474508,15.3848,19.2920
476884,14.6484,18.2168
479272,14.8936,18.9502
481672,15.5137,19.5381
484084,14.7471,18.5781
486508,14.5293,18.4229
488944,13.8496,17.1260
491392,14.9180,19.1328
493852,14.5645,17.9150
496324,14.5381,18.4346
498808,14.3623,18.1553
501304,15.5586,19.5996
503812,14.4824,18.7500
506332,15.0430,19.2051
508864,14.9893,19.3301
511412,13.9229,17.3135
513972,14.3086,17.8398
516544,14.7646,18.5420
519128,14.8311,18.5830
521724,15.8867,19.7559
524336,15.7109,19.6660
526960,16.8086,21.9238
529596,16.0400,20.3721
532244,16.2539,20.5762
534908,15.5713,18.8584
537584,15.5352,19.0391
540272,15.9551,19.7207
542976,15.6025,25.9746
545692,16.8750,21.3027
548424,16.6836,20.4492
551168,16.1846,19.6162
553924,16.9141,21.0830
556696,16.4697,21.3232
559480,16.3730,19.7256
562280,15.9023,18.4336
565092,16.2646,19.3525
567920,16.3408,19.9668
570760,15.1826,18.9434
573616,15.5098,18.8652
576488,16.3994,20.0049
579372,16.0439,19.2109
582272,16.2559,99.8320
585184,16.6855,20.5762
588112,16.6279,20.1650
591056,16.0654,19.3857
594012,15.6543,19.0537
596984,16.3594,20.2607
599972,17.6123,21.5498
602972,16.8604,20.4443
605988,16.0410,19.7041
609020,17.0850,21.0195
612068,16.7158,21.2881
615132,16.7529,20.7646
618208,15.9570,19.6816
621300,24.8418,20.6895
624408,17.0908,20.9775
627532,16.2920,19.9883
630672,16.5752,21.0146
633828,16.4004,19.8086
637000,16.0303,19.5684
640188,17.1641,21.6221
643392,16.9717,21.1914
646612,16.7070,21.0020
649848,15.5967,18.8418
653100,16.4678,20.1426
656368,16.2129,19.9375
659652,16.4072,20.0596
662952,17.0205,20.9512
666268,16.0186,19.5000
669600,16.3076,20.0313
672948,16.3506,20.0352
676316,14.9834,17.3691
679700,15.8574,19.2080
683100,16.7051,20.4102
686516,16.5811,20.5879
689952,16.3213,20.2666
693404,17.6592,21.7324
696872,16.5547,20.6279
700360,16.8027,20.7510
703864,17.1055,21.6611
707384,15.9795,20.1865
710924,17.3438,20.9795
714480,16.3262,19.7803
718056,16.8223,20.3486
721648,16.6621,21.4072
725260,15.6943,19.3252
728888,17.1396,21.9199
732536,17.2725,21.2949
736200,16.2383,19.6963
739884,16.9385,21.1709
743584,17.4316,22.7188
747304,15.2773,18.2832
751044,15.9238,20.0654
754800,16.9658,28.2881
758576,16.9688,21.3730
762372,16.4238,20.0654
766184,16.4971,19.8242
770016,16.4668,20.1895
773868,16.2549,19.2207
777740,15.7617,18.8311
781632,16.9814,20.9434
785544,16.7100,21.0576
789472,17.4805,21.3877
793420,16.3623,19.8789
797388,15.9961,18.7900
801376,16.7695,20.5977
805384,16.4404,19.6494
809412,22.3467,21.9707
813460,17.4424,22.7090
817528,16.6504,20.5215
821616,16.3096,20.6367
825728,16.2451,20.2783
829860,16.3066,20.2285
834012,16.6396,19.8857
838184,17.3066,21.5020
842376,17.6621,21.7773
846588,17.2598,21.8730
850824,16.5410,20.1025
855080,16.2188,20.6826
859356,17.0977,21.4922
863656,25.4863,22.5977
867976,17.2432,21.7100
872316,16.8184,20.9688
876680,16.3652,19.8613
881064,17.1162,21.5713
885472,16.5977,21.0498
889900,16.8662,21.0537
894352,16.7822,20.9775
898824,16.1387,19.7891
903320,17.6621,22.5000
907840,17.2725,21.6338
912380,16.7041,19.9229
916944,16.1104,20.0605
921532,17.8936,21.8818
926140,20.6738,22.7852
930772,16.9424,20.8398
935428,16.9951,21.0059
940108,15.7725,19.0791
944812,16.0020,19.3252
949540,24.1924,21.6563
954288,17.4951,22.0498
959060,17.2227,21.0947
963856,17.0361,21.2568
968676,16.6045,20.2764
973520,17.1953,21.3916
978388,16.8330,20.8896
983280,16.8076,21.1992
988200,16.2900,20.3164
993144,16.9961,21.1885
998112,17.0928,21.0137
1003104,16.4629,19.8877
1008120,17.4951,28.3311
1013164,17.4980,22.3975
1018232,16.8066,20.8184
1023324,16.0928,19.7979
1028444,17.7148,23.0479
1033588,16.7324,21.5801
1038756,17.3896,21.7734
1043952,17.0947,21.9033
1049172,18.5039,22.2471
1054420,17.5410,21.3271
1059696,18.6934,22.9658
1064996,18.0244,21.6152
1070324,20.9043,22.7891
1075676,18.6680,22.1074
1081056,18.4707,22.0264
1086464,18.3799,21.9502
1091900,18.8662,23.0996
1097360,19.4238,23.6816
1102848,18.7188,22.5264
1108364,17.7607,21.3350
1113908,18.8594,22.8389
1119480,18.2588,22.0313
1125080,18.4209,22.2520
1130708,18.2432,21.9658
1136364,17.5439,21.6123
1142048,18.8506,22.2832
1147760,18.4766,35.1602
1153500,19.7871,23.4844
1159268,18.6318,23.0361
1165068,18.3672,22.4834
1170896,18.3799,20.9199
1176752,18.9346,22.6699
1182636,18.2070,21.6855
1188552,19.5234,23.4746
1194496,17.9551,21.2129
1200472,17.6387,21.3584
1206476,18.2998,21.6934
1212512,18.0156,21.8711
1218576,28.5137,22.0674
1224672,17.5244,20.9824
1230796,17.3057,20.6113
1236952,17.8574,22.0615
1243140,18.9492,22.7471
1249356,18.2627,21.8965
1255604,17.7793,21.9766
1261884,18.5586,22.5039
1268196,17.8330,21.0342
1274540,19.0078,23.5303
1280916,17.2842,20.4268
1287324,18.4170,21.9912
1293764,18.4814,22.1484
1300236,19.4521,23.7852
1306740,18.1006,22.1973
1313276,18.3965,23.0176
1319844,18.4688,22.1182
1326444,17.8604,22.1553
1333080,18.9121,23.2598
1339748,19.7041,29.3672
1346448,18.8525,23.2090
1353184,17.9121,21.3135
1359952,18.4570,22.1680
1366752,18.5273,22.5752
1373588,18.1904,21.6064
1380456,18.7441,22.7080
1387360,18.6758,22.3916
1394300,18.7344,22.4307
1401272,19.7070,24.5674
1408280,19.4688,23.6377
1415324,18.5303,22.5400
1422404,18.9131,22.3389
1429520,18.7246,23.0273
1436668,18.3867,21.1934
1443852,18.6104,22.7080
1451072,17.5342,20.5303
1458328,18.2920,22.1455
1465620,19.4502,23.3330
1472952,19.2568,22.9414
1480320,19.7266,24.1328
1487724,17.8984,21.4951
1495164,18.6445,21.9053
1502640,19.0313,23.2383
1510156,19.7383,23.9814
1517708,19.2461,23.6416
1525300,18.8193,22.6592
1532928,18.8916,23.4980
1540596,28.6748,25.5723
1548300,22.8428,28.9951
1556044,18.9170,22.7402
1563828,19.8818,24.3867
1571648,19.8779,24.0830
1579508,19.2051,23.0508
1587408,18.1318,21.1318
1595348,18.8311,22.9170
1603328,25.4287,23.5342
1611348,19.6797,23.5645
1619408,19.5498,23.7021
1627508,17.9248,21.7598
1635648,18.4736,22.6543
1643828,19.9766,24.6367
1652048,18.8428,22.9678
1660312,19.4619,24.0605
1668616,19.0020,23.1367
1676960,19.6445,24.5977
1685348,19.0967,23.6709
1693776,19.5605,23.2744
1702248,18.9053,23.4551
1710760,18.9971,23.0723
1719316,19.3340,32.1455
1727916,19.7783,24.1963
1736556,18.6846,22.8906
1745240,19.8379,23.9131
1753968,20.5166,24.3965
1762740,20.3115,25.7393
1771556,19.0898,23.1855
1780416,20.4355,24.5684
1789320,19.5898,38.8340
1798268,19.6328,24.0566
1807260,19.4482,24.2930
1816300,20.0527,24.3174
1825384,19.4072,23.3506
1834512,19.6318,23.9053
1843688,20.4531,25.3311
1852908,20.4746,25.0771
1862176,19.5488,23.6426
1871488,18.9482,22.9434
1880848,19.3076,23.3779
1890256,19.5254,23.2188
1899708,21.1445,25.2881
1909208,19.8809,25.4092
1918756,19.5918,24.1563
1928352,19.3799,24.0410
1937996,21.6660,27.1299
1947688,20.2246,24.7393
1957428,20.4961,23.9902
1967216,19.4473,24.0869
1977056,19.3330,23.7012
1986944,20.4766,25.3916
1996880,19.6924,23.9736
2006868,19.7256,24.1123
2016904,19.9980,24.1934
2026992,19.6826,24.1367
2037128,19.9844,24.3477
2047316,19.3115,23.9463
2057556,19.8721,24.6836
2067844,20.1641,24.8125
2078184,20.5352,25.5527
2088576,19.7783,23.6787
2099020,21.9346,26.6113
2109516,22.5146,27.9551
2120064,22.0771,26.9414
2130668,21.1621,24.9189
2141324,22.1113,27.0117
2152032,21.1650,25.8184
2162796,21.3066,25.3984
2173612,23.0029,26.9756
2184484,20.8418,45.8525
2195408,21.0352,25.3643
2206388,20.9531,25.1943
2217420,22.2695,26.6729
2228508,21.4219,29.6943
2239652,21.8887,27.0518
2250852,21.7969,26.0654
2262108,27.1387,24.2451
2273420,21.7822,26.3027
2284788,20.8506,24.6846
2296212,21.0918,25.3906
2307696,20.6709,25.3125
2319236,20.7041,24.3027
2330836,20.3301,30.8057
2342492,22.0186,27.0947
2354208,20.1855,23.5361
2365980,20.4355,23.9434
2377812,22.4668,27.1865
2389704,20.7773,24.5801
2401656,31.7012,26.2402
2413668,20.0332,24.8047
2425740,20.6797,24.2002
2437872,20.9580,25.1748
2450064,30.6162,24.2549
2462316,20.6260,24.6279
2474628,20.0293,24.2334
2487004,20.5459,24.7070
2499440,21.4170,26.4414
2511940,20.6348,25.5781
2524500,20.8691,25.2021
2537124,21.3584,26.0586
2549812,20.2705,24.3535
2562564,34.8730,26.2627
2575380,21.1396,24.6768
2588260,21.6875,26.2354
2601204,21.7031,26.6572
2614212,20.5781,23.6436
2627284,19.8135,32.4063
2640424,20.5645,24.7822
2653628,21.0742,25.6709
2666900,23.2070,28.7686
2680236,21.5264,26.7998
2693640,20.7393,25.3213
2707112,20.6533,24.7510
2720648,21.3975,25.8604
2734252,20.7461,25.2207
2747924,21.0518,25.2275
2761664,21.8457,26.2500
2775476,20.7354,25.6699
2789356,21.2813,26.3320
2803304,21.8965,26.9463
2817324,21.8828,26.3750
2831412,20.6387,25.4463
2845572,22.4736,28.1553
2859800,21.3525,25.5723
2874100,21.6943,25.9111
2888472,21.7314,25.9844
2902916,21.3516,26.1230
2917432,21.5615,26.0771
2932020,21.6387,25.3418
2946684,20.8340,25.4736
2961420,20.8223,25.2139
2976228,22.6602,27.1699
2991112,21.5596,26.2871
3006068,22.4043,27.9834
3021100,20.0176,24.2910
3036208,22.3691,27.4355
3051392,20.8809,24.3379
3066652,21.3232,25.5479
3081988,22.0801,26.1162
3097400,21.8428,26.3516
3112888,22.3594,27.1895
3128456,22.3047,27.7979
3144100,22.2656,26.6045
3159824,22.7285,27.5264
3175624,21.1123,25.8350
3191504,22.0615,26.6318
3207464,22.8135,29.1299
3223504,21.6904,26.9307
3239624,22.3838,27.3896
3255824,21.7148,26.4941
3272104,22.8506,28.2031
3288468,27.6523,56.5078
3304912,21.8154,26.7070
3321440,21.0527,25.4600
3338048,22.1455,27.2314
3354740,21.4990,26.1230
3371516,33.4307,29.2725
3388376,21.9463,27.0830
3405320,22.5947,27.0781
3422348,21.4277,25.5264
3439460,22.0762,26.6016
3456660,22.9785,28.2861
3473944,22.1416,27.1953
3491316,22.0010,25.9229
3508776,22.5195,27.2881
3526320,21.9805,26.8213
3543952,23.4766,29.0508
3561672,22.6836,28.0684
3579484,22.1016,28.0068
3597384,30.1641,29.6992
3615372,22.5693,28.7568
3633452,23.9697,29.3096
3651620,23.5801,28.3379
3669880,22.5625,28.1865
3688232,24.2861,29.7598
3706676,41.2646,28.5918
3725212,23.9326,28.3496
3743840,21.5703,26.1064
3762560,20.9453,25.5078
3781376,22.0244,26.1094
3800284,23.1855,27.8232
3819288,23.3770,29.0420
3838388,23.7656,29.3574
3857580,22.4580,28.3320
3876868,23.0361,27.2578
3896256,23.4473,28.6729
3915740,22.0039,26.7480
3935320,24.0078,33.1689
3955000,22.5303,28.0254
3974776,22.4199,26.9434
3994652,21.6240,26.9883
4014628,23.5342,32.7441
4034704,21.8271,27.0049
4054880,21.1934,25.3789
4075156,22.7061,30.0469
4095532,25.4268,27.5068
4116012,23.0254,29.0283
4136596,23.5205,28.9102
4157280,23.4639,29.5781
4178068,24.3691,31.4229
4198960,26.0186,32.4326
4219956,23.6123,27.7793
4241056,23.7217,27.6338
4262264,27.3877,29.6826
4283576,24.9951,30.3750
4304996,23.5186,29.0898
4326524,25.5000,31.2090
4348160,23.4043,28.7051
4369904,25.4336,30.3545
4391756,23.3428,27.7900
4413716,23.2119,28.6777
4435788,24.2900,28.8936
4457968,24.1631,28.3818
4480260,24.4717,29.3975
4502664,25.1338,29.1973
4525180,24.0479,29.3721
4547808,25.4990,30.3867
4570548,24.3770,36.1270
4593404,24.2021,29.0830
4616372,24.6924,29.2393
4639456,23.9609,28.2979
4662656,24.8525,29.9990
4685972,25.6045,30.4258
4709404,23.9502,27.5996
4732952,24.8525,29.0684
4756620,24.3926,32.5244
4780404,22.9346,27.4678
4804308,22.3750,26.0342
4828332,23.3047,27.4824
4852476,23.6436,28.1250
4876740,24.3301,27.9922
4901124,23.5039,27.7305
4925632,25.2490,30.7402
4950264,23.8643,28.8604
4975016,23.8291,28.3535
4999892,27.9209,30.2988
5024892,23.6465,28.4541
5050020,25.4863,30.6416
5075272,24.2529,29.7666
5100652,23.7539,28.5791
5126156,24.2744,28.5039
5151788,24.5879,30.0645
5177548,25.7041,30.1006
5203436,23.4873,28.6377
5229456,24.8936,30.2969
5255604,27.1396,32.9121
5281884,24.6074,29.4248
5308296,26.0430,31.2852
5334840,25.1680,30.0439
5361516,24.1982,29.4678
5388324,25.4854,30.3506
5415268,52.5244,31.1064
5442348,24.4287,29.5137
5469560,24.5039,28.0498
5496908,24.5459,28.8369
5524396,24.5586,29.4766
5552020,27.1279,33.2910
5579784,26.1240,31.6201
5607684,24.2275,28.7695
5635724,24.6152,29.3037
5663904,25.3467,29.5898
5692224,24.9463,29.5791
5720688,24.7871,27.8887
5749292,24.7764,29.5752
5778040,25.7373,30.7031
5806932,25.2461,29.8740
5835968,25.8652,44.2725
5865148,27.1816,32.1982
5894476,26.3818,28.8330
5923952,24.8262,29.8535
5953572,23.8467,28.0576
5983340,26.0215,39.1875
6013260,25.0908,30.2637
6043328,25.7061,31.2910
6073548,24.7979,29.4639
6103916,24.0811,28.9932
6134436,25.6611,31.3779
6165112,23.4063,27.6855
6195940,25.5645,31.0664
6226920,25.7373,31.4414
6258056,24.2295,29.2002
6289348,25.3125,30.4883
6320796,24.4082,48.8447
6352400,25.2490,31.1846
6384164,23.1865,27.6689
6416088,25.0674,30.8750
6448172,24.2969,30.2305
6480416,25.5996,30.5635
6512820,23.3730,27.4727
6545388,26.2617,31.1572
6578116,24.5234,29.0420
6611008,25.5400,30.9268
6644064,24.1543,28.3340
6677288,26.2939,31.1621
6710676,25.3467,39.1553
6744232,23.9668,28.2188
6777956,25.6611,31.2393
6811848,23.4209,28.0664
6845908,24.4736,29.6436
6880140,24.6572,29.5996
6914544,24.6016,29.2637
6949120,23.6143,27.9951
6983868,24.3516,29.1836
7018788,24.1045,29.1787
7053884,25.7402,31.7832
7089156,26.0527,31.6191
7124604,27.5986,33.2705
7160228,25.0977,30.4834
7196032,23.8506,35.2725
7232016,25.1758,30.7764
7268180,23.4980,28.1543
7304524,25.0908,30.5146
7341048,26.0771,32.6650
7377756,23.8750,28.4707
7414648,33.1895,31.9219
7451724,25.4121,30.3105
7488984,27.5195,32.5352
7526432,25.6367,30.9951
7564068,31.2246,30.4941
7601892,25.2939,30.7822
7639904,26.0420,31.1846
7678104,25.7695,31.4756
7716496,28.6006,30.1748
7755080,25.4570,31.0459
7793856,25.7451,37.3018
7832828,25.2939,31.0547
7871996,22.9414,26.9785
7911356,26.1279,34.8838
7950916,26.9014,31.7949
7990672,27.9541,34.1836
8030628,25.3320,30.0498
8070784,25.0449,29.5596
8111140,51.7510,38.7393
8151696,25.5293,30.5391
8192456,26.7861,31.4287
8233420,25.3906,30.8525
8274588,25.4492,28.6416
8315964,25.7861,31.4648
8357544,26.4951,33.5537
8399332,28.0020,31.7617
8441332,26.3984,31.8984
8483540,24.4141,28.0322
8525960,27.9756,33.1416
8568592,26.7969,30.2373
8611436,26.6104,30.3613
8654496,34.0029,31.6807
8697772,26.1680,31.2031
8741264,25.1221,30.5850
8784972,26.0703,30.6895
8828900,26.4775,31.3574
8873048,27.2402,32.4697
8917416,26.1191,32.5264
8962004,26.0078,30.1416
9006816,25.8623,30.5195
9051852,25.6807,29.8779
9097112,24.6758,32.9121
9142600,26.7813,31.7607
9188316,25.6484,150.6006
9234260,25.1279,29.1953
9280432,26.2148,31.2480
9326836,28.0967,33.5498
9373472,26.8057,30.5752
9420340,25.8193,30.9707
9467444,26.7900,32.1699
9514784,28.6104,49.8203
9562360,29.0039,33.7744
9610172,27.3926,33.1846
9658224,28.5752,32.1572
9706516,27.8926,32.3447
9755052,26.6621,36.3457
9803828,27.9414,31.8926
9852848,25.7197,29.6318
9902116,25.4160,36.4473
9951628,27.3887,32.9111
10001388,28.0273,34.0186
10051396,28.0605,33.0039
10101656,26.5586,30.4814
10152168,27.4717,32.1465
10202932,28.0566,32.6787
10253948,28.0527,32.7041
10305220,27.8193,33.1816
10356748,27.7900,32.3271
10408532,27.2500,42.4336
10460576,27.9336,33.0713
10512880,26.0713,31.7549
10565448,27.7246,32.9170
10618276,27.2959,31.1719
10671368,29.2578,33.8896
10724728,28.4863,33.4707
10778352,26.7246,31.7393
10832244,26.0928,29.5869
10886408,28.6299,33.6426
10940844,29.1445,32.5117
10995552,28.4668,32.9385
11050532,27.6260,32.5723
11105788,26.7891,31.7158
11161320,25.6436,30.8516
11217128,26.2119,31.1563
11273216,25.0127,29.3291
11329584,29.3545,33.7324
11386232,26.1094,29.1426
11443164,28.1143,34.1035
11500380,27.4307,31.8682
11557884,25.3496,30.5098
11615676,26.5215,31.3926
11673756,27.6865,34.3350
11732128,26.0244,30.5869
11790792,27.9043,32.4092
11849748,28.2881,33.9922
11909000,26.6152,31.9932
11968548,28.4092,33.5137
12028392,28.7100,36.0391
12088536,28.8564,31.8086
12148980,51.9834,37.8438
12209728,36.1182,31.4688
12270780,23.5029,28.3203
12332136,27.2549,33.2002
12393800,26.8809,33.0869
12455772,26.7100,33.6074
12518052,27.3906,34.8740
12580644,28.1670,34.8428
12643548,26.9072,38.1367
12706768,28.0400,33.9707
12770304,27.8887,33.9521
12834156,27.0908,32.9512
12898328,25.4482,29.7314
12962820,29.6553,34.6250
13027636,32.0059,34.1182
13092776,28.4316,34.2090
13158240,32.2314,33.6641
13224032,27.0996,33.2598
13290156,29.4434,33.6045
13356608,28.8174,41.2080
13423392,25.5352,30.8213
13490512,30.2295,36.8613
13557968,28.0781,32.8877
13625760,28.1787,33.0293
13693892,28.9990,31.6904
13762364,30.0156,34.9219
13831176,28.1221,32.6992
13900332,28.8828,33.3887
13969836,29.2910,32.5566
14039688,27.8506,32.8408
14109888,30.3418,33.1855
14180440,28.7783,33.8564
14251344,30.7227,35.8984
14322604,29.6504,32.8525
14394220,29.1846,33.9521
14466192,28.6709,33.9688
14538524,31.0186,35.6777
14611220,31.8711,37.8828
14684280,27.0352,32.6514
14757704,29.1680,34.1191
14831496,28.0957,29.7588
14905656,31.8467,36.5586
14980188,29.7969,33.9131
15055092,31.3955,32.6885
15130368,27.6084,31.5576
15206020,27.9268,32.7764
15282052,31.8320,34.7871
15358464,29.8877,34.7666
15435260,26.6924,32.8643
15512440,32.6055,48.1445
15590004,28.9014,31.9756
15667956,27.7910,33.9619
15746296,30.3535,34.7158
15825028,27.8125,31.3535
15904156,31.1758,34.8877
15983680,30.9932,35.6504
16063600,31.9990,46.6680
16143920,31.7021,41.3008
16224640,30.4590,35.7295
16305764,30.6123,33.5215
16387296,29.7666,32.0215
16469236,31.3252,33.3398
16551584,31.8105,37.0977
16634344,31.0713,35.5645
16717516,30.5156,46.7061
16801104,33.3145,36.9229
16885112,31.8926,35.7949
16969540,34.8828,38.2061
17054388,32.1982,35.1523
17139660,32.5273,35.8203
17225360,28.9219,32.4941
17311488,33.3447,37.4229
17398048,35.1328,36.7461
17485040,33.4531,38.8174
17572468,31.5566,35.4668
17660332,32.7314,35.8262
17748636,34.6797,38.8750
17837380,31.9902,40.0391
17926568,51.3145,42.3232
18016204,42.1719,35.7559
18106288,36.4980,38.6201
18196820,46.2861,38.4229
18287808,65.7002,45.6016
18379248,30.3818,33.2588
18471148,30.7109,35.8975
18563504,30.1357,32.8652
18656324,30.5859,35.8506
18749608,28.7813,34.2295
18843360,33.2939,38.1621
18937580,26.2646,32.1309
19032268,36.0713,41.2646
19127432,41.0596,43.6924
19223072,32.4092,34.8506
19319188,33.3506,40.4004
19415784,35.9092,39.1611
19512864,29.8389,32.8477
19610432,33.6328,38.4307
19708488,32.2793,36.9844
19807032,31.1299,34.1143
19906068,31.6660,41.1924
20005600,32.3379,36.4766
20105628,31.8613,38.9082
20206160,33.2871,36.8311
20307192,31.7988,36.3496
20408728,29.6631,36.8291
20510772,46.8633,36.3809
20613328,33.5879,37.5840
20716396,31.9678,36.8125
20819980,30.0645,34.9434
20924080,33.6172,35.8867
21028704,32.8594,36.7705
21133848,33.3643,36.7852
21239520,33.5518,35.7100
21345720,32.7949,36.2529
21452452,32.8096,35.6357
21559716,31.9863,49.4502
21667516,31.8789,36.9111
21775856,30.0547,60.9756
21884736,35.4551,38.6523
21994160,36.4502,38.1357
22104132,31.7822,35.2041
22214656,35.1787,36.9258
22325732,32.8193,35.5322
22437364,30.9346,32.7363
22549552,34.3164,37.8281
22662300,31.9805,32.7109
22775612,34.8916,48.0947
22889492,35.5938,37.5840
23003940,32.5908,33.6113
23118960,64.9707,36.5371
23234556,36.5400,44.1611
23350732,37.3105,39.6338
23467488,36.9961,39.1826
23584828,33.8330,36.0859
23702756,38.0859,39.7061
23821272,33.6377,37.3525
23940380,36.2080,39.9980
24060084,33.3672,38.3672
24180388,41.9189,41.5625
24301292,38.7109,38.0381
24422800,36.9775,39.7266
24544916,38.8477,51.0664
24667644,39.0830,39.6973
24790984,35.7363,37.9795
24914940,37.9092,38.3076
25039516,40.0830,42.9004
25164716,38.6689,43.8857
25290540,36.0205,37.4775
25416996,38.7744,42.2031
25544084,36.5459,37.3408
25671808,35.7715,69.9922
25800168,36.4453,38.4609
25929172,43.1172,45.6348
26058820,39.1221,41.5313
26189116,36.0127,39.1289
26320064,35.4971,36.4014
26451668,38.8633,39.4375
26583928,36.0352,59.3193
26716848,36.9775,39.2266
26850436,39.5137,39.8955
26984692,39.8682,42.9365
27119616,34.9023,37.1104
27255216,38.1934,39.7129
27391496,79.7373,55.3467
27528456,50.4209,57.8945
27666100,54.2627,55.3945
27804432,52.5029,52.3506
27943456,49.7070,49.1787
28083176,50.8223,66.7051
28223592,54.3174,53.7686
28364712,45.4072,48.4121
28506536,56.8721,57.3652
28649072,50.9824,49.2285
28792320,54.9121,50.9697
28936284,51.2627,61.2031
29080968,55.3936,55.5869
29226376,55.1260,51.6455
29372508,47.9004,64.5195
29519372,54.6299,65.0996
29666972,52.7178,66.0859
29815308,56.0537,55.6240
29964388,54.1963,61.5947
30114212,72.0098,56.1514
30264784,54.5703,51.6387
30416108,58.6377,56.8789
30568192,56.7559,57.9297
30721036,54.2646,54.8906
30874644,61.1621,61.5303
31029020,51.7246,55.1992
31184168,56.4033,58.4063
31340092,55.9551,57.8682
31496796,53.2070,54.9150
31654280,56.3691,56.9150
31812552,60.7813,64.3496
31971616,64.4307,58.4912
32131476,58.0195,56.0000
32292136,53.6777,55.1455
32453600,56.0742,56.5967
32615868,56.1143,56.3799
32778948,58.0127,61.3145
32942844,68.8789,60.0176
33107560,57.8320,60.6436
33273100,62.1943,65.9170
33439468,64.9131,72.2100
33606668,88.6084,61.0020
33774704,74.2090,65.7031
33943580,69.6299,70.6445
34113300,57.1650,63.3086
34283868,62.1182,58.3672
34455288,64.6201,62.5039
34627568,58.0967,58.4717
34800708,57.6436,54.1133
34974712,59.4063,57.8506
35149588,57.6670,53.1982
35325336,61.8721,88.0352
35501964,57.9346,59.3350
35679476,64.8965,61.3369
35857876,64.2236,56.1875
36037168,67.7754,71.6309
36217356,68.8359,60.3643
36398444,59.2061,59.8535
36580440,115.1855,73.6758
36763344,62.0986,58.0752
36947164,64.6543,68.6357
37131900,69.9033,63.5117
37317560,59.2607,64.6943
37504148,76.0518,65.1533
37691672,63.6123,65.3438
37880132,66.5967,57.7881
38069536,64.4092,68.4238
38259884,70.8701,64.4785
38451184,61.1260,59.3174
38643440,66.9033,61.2324
38836660,65.2666,61.9365
39030844,63.4717,80.4082
39226000,80.3154,170.4092
39422132,69.2930,64.1758
39619244,59.9121,55.2695
39817344,62.1807,62.9590
40016432,67.0928,61.2363
40216516,72.9063,68.3037
40417600,68.0371,66.2832
40619688,69.1006,68.6504
40822788,73.3809,69.1494
41026904,96.5078,77.5957
41232040,84.4551,63.3926
41438204,62.6191,56.8281
41645396,65.1914,68.6982
41853624,61.5869,61.4590
42062896,63.1104,64.3369
42273212,61.1904,65.3154
42484580,66.4863,58.8584
42697004,59.7979,59.7832
42910492,72.5400,61.5566
43125048,69.2969,69.5049
43340676,58.4424,58.3193
43557380,70.1992,69.0566
43775168,71.0225,69.1787
43994044,62.1484,58.1768
44214016,137.2275,65.9834
44435088,81.9980,70.1455
44657264,64.6494,63.9473
44880552,65.2949,67.2139
45104956,77.7021,68.3174
45330484,70.9766,57.8184
45557140,69.9160,63.2939
45784928,72.8242,75.0605
46013856,67.0625,63.2100
46243928,65.4355,65.0020
46475148,76.9219,69.8594
46707524,67.1230,69.9785
46941064,61.9668,57.1572
47175772,64.0225,65.9697
47411652,60.7725,60.4160
47648712,69.4688,67.6367
47886956,70.0146,69.8350
48126392,72.4385,67.8164
48367024,74.8896,64.5420
48608860,70.6846,65.9570
48851908,60.7959,67.6113
49096168,67.4102,72.8330
49341652,72.0811,65.9316
49588364,66.6543,59.5508
49836308,68.3105,69.2568
50085492,64.1904,70.0605
50335920,82.4043,73.4648
50587600,93.0537,78.5498
50840540,72.8037,68.4404
51094744,72.3369,69.1182
51350220,74.6797,73.7598
51606972,84.5049,70.3359
51865008,68.9131,69.4443
52124336,78.5293,83.0625
52384960,75.3135,78.8379
52646888,72.3379,70.9316
52910124,71.6406,68.9727
53174676,67.6016,68.0313
53440552,73.0508,75.3594
53707756,88.7598,86.9238
53976296,73.3877,71.8955
54246180,84.7441,83.4355
54517412,89.1396,86.6875
54790000,78.1455,83.0049
55063952,85.3135,85.2861
55339272,72.9316,76.2471
55615972,74.6436,70.2803
55894052,74.5068,72.9063
56173524,75.9639,80.1963
56454392,73.7764,73.5166
56736664,79.3721,79.2842
57020348,79.3271,94.9492
57305452,79.3525,82.6367
57591980,74.0615,75.3408
57879940,77.6602,80.5244
58169340,73.8945,76.7881
58460188,74.7676,79.7217
58752492,79.3955,78.5361
59046256,74.7803,76.5801
59341488,93.8633,78.2373
59638196,79.0859,80.7979
59936388,79.1563,72.8564
60236072,86.4854,84.3330
60537256,84.9893,84.4492
60839944,79.7520,183.8672
61144144,106.1641,81.6074
61449868,81.5898,83.2578
61757120,83.3174,82.9600
62065908,87.5723,81.7588
62376240,81.1719,78.2363
62688124,76.0859,82.2656
63001568,75.2080,74.8193
63316576,82.0322,80.0605
63633160,80.8096,83.8115
63951328,85.4355,85.1250
64271088,76.7881,73.8535
64592444,89.0156,86.8154
64915408,82.5322,78.0713
65239988,84.1523,79.2725
65566188,81.8789,79.1982
65894020,81.4248,81.9658
66223492,87.6914,80.8516
66554612,86.3115,82.5527
66887388,90.8828,90.2471
