4,1.0352,1.6631
8,1.7754,5.3438
12,2.2383,5.1045
16,2.2275,7.7656
20,9.5576,6.4316
24,2.7627,7.0127
28,2.7539,7.3447
32,2.7666,7.5664
36,3.2119,7.2002
40,3.2129,7.8994
44,3.2002,8.7568
48,3.2129,8.8555
52,3.2158,8.8779
56,3.2178,9.3633
60,3.2188,9.2441
64,3.2100,10.8047
68,3.6953,10.6855
72,3.6973,10.1846
76,3.7373,10.7617
80,3.7383,10.4785
84,3.7070,10.7930
88,3.7012,11.3359
92,3.7012,11.1299
96,3.7266,11.5625
100,3.6914,11.1875
104,3.6973,12.0674
108,3.6982,12.1895
112,3.6943,11.9004
116,3.7080,12.0615
120,3.7041,12.3271
124,3.7031,13.3369
128,3.7393,15.5186
132,4.2197,15.4727
136,4.2090,15.1621
140,4.2412,14.8164
144,4.1982,15.6650
148,4.1934,15.5039
152,4.2227,15.3076
156,4.2139,14.6260
160,4.2100,14.7705
164,4.1973,15.0693
168,4.2119,15.3047
172,4.2070,14.8350
176,4.2070,15.4023
180,4.2158,15.3174
184,4.2168,15.4551
188,4.2139,14.9414
192,4.2188,15.8193
196,4.2139,15.1719
200,4.2158,15.7119
204,4.2256,13.3457
208,4.1904,12.9756
212,4.1982,12.3818
216,4.2324,12.9629
220,4.2363,12.8867
224,4.2363,12.8262
228,4.2471,12.8594
232,4.2158,12.9961
236,4.2217,12.7227
240,4.2129,13.2969
244,4.2100,13.3242
248,4.2139,13.3525
252,4.2090,13.5059
256,4.2197,15.0195
260,4.8379,15.0605
264,4.8252,14.6064
268,4.8213,15.2451
272,4.8154,14.7305
276,4.8135,15.2285
280,4.8066,14.8867
284,4.8066,15.2959
288,4.7979,14.6152
292,4.8037,15.0146
296,4.8037,14.4297
300,4.8232,14.3936
304,4.8213,14.6660
308,4.8281,14.4531
312,4.8184,14.5107
316,4.8369,15.1709
320,4.8223,15.2402
324,4.8301,15.0938
328,4.8086,14.5156
332,4.8203,14.9297
336,4.8115,15.9307
340,4.8174,14.1533
344,4.8145,14.7354
348,4.7969,15.1650
352,4.8018,15.3711
356,4.8135,13.4766
360,4.8232,14.0391
364,4.8076,14.2695
368,4.8750,14.6514
372,4.8193,14.8389
376,4.8145,13.7461
380,4.8066,13.2295
384,4.8232,13.6504
388,4.8330,14.4609
392,4.8213,13.5303
396,4.8340,13.7744
400,4.8203,14.6875
404,4.8105,14.0850
408,4.8125,13.8750
412,4.8164,14.0000
416,4.8242,14.7725
420,4.8203,13.8320
424,4.8018,14.5498
428,4.8262,14.3828
432,4.8047,13.9307
436,4.7939,14.2314
440,4.8164,14.5801
444,4.7998,14.5811
448,4.7998,15.0742
452,4.8125,14.5801
456,4.8154,15.3906
460,4.8232,15.6729
464,4.8262,14.6992
468,4.8271,15.0957
472,4.8369,14.8193
476,4.8164,14.3652
480,4.8203,14.2373
484,4.8223,15.4609
488,4.8037,15.9277
492,4.8164,15.3926
496,4.8037,15.5195
500,4.8135,14.9277
504,4.8057,15.0518
508,4.8076,16.5684
512,4.8271,18.2852
516,6.6680,18.1221
520,6.6563,18.3887
524,6.6543,18.0068
528,6.4170,16.5889
532,6.4492,17.1016
536,6.6064,17.6318
540,6.4707,17.4746
544,6.4482,17.8789
548,6.4590,18.1152
552,6.5215,18.0586
556,6.4180,17.2168
560,6.5693,18.6670
564,6.4941,17.8232
568,6.4561,17.6729
572,6.3486,15.4863
576,6.3193,15.1484
580,6.2598,15.1016
584,6.4053,15.6641
588,6.5830,16.3428
592,6.4238,16.2168
596,6.6064,16.2754
600,6.3623,15.3848
604,6.5527,15.1836
608,6.6025,15.7148
612,6.4141,15.3262
616,6.3525,15.3506
620,6.6113,15.3496
624,6.5361,15.9492
628,6.1934,14.9199
632,6.3818,15.6836
636,6.4814,15.7578
640,6.6055,20.5049
644,6.7754,16.5771
648,6.5205,15.6797
652,6.3857,15.4990
656,6.3828,14.9395
660,6.5283,16.3330
664,6.6797,15.7754
668,6.6807,16.0449
672,6.5000,14.8828
676,6.5049,15.6133
680,6.5137,15.4639
684,6.3975,16.3857
688,6.5674,15.5000
692,6.2773,15.2148
696,6.4307,15.7900
700,6.4873,15.7871
704,6.4268,14.9541
708,6.4492,15.7129
712,6.4629,16.5850
716,6.5352,15.2549
720,6.6729,16.3857
724,6.4580,15.8721
728,6.5762,16.5127
732,6.3271,16.0088
736,6.5703,16.6875
740,6.3945,15.5557
744,6.5117,16.8223
748,6.4014,16.0742
752,6.5127,16.6211
756,6.8447,16.8027
760,6.4434,16.4326
764,6.4287,16.2334
768,6.5254,16.2881
772,6.4082,16.3223
776,6.4424,15.7471
780,6.5146,16.4395
784,6.4248,15.9570
788,6.4395,16.0850
792,6.5957,16.8145
796,6.6455,17.1221
800,6.5225,16.6758
804,6.3213,16.5947
812,6.5703,16.9189
820,6.4053,16.2627
828,6.4971,16.8516
836,6.5859,16.3867
844,6.5234,16.3887
852,6.4004,16.0107
860,6.4238,16.3076
868,6.4219,16.5371
876,6.5020,16.6895
884,6.4609,16.8008
892,6.5342,17.3857
900,6.4248,16.7715
908,6.4229,16.9668
916,6.4121,16.5508
924,6.5342,17.2148
932,6.4102,16.8857
940,6.4121,17.1182
948,6.6133,17.1807
956,6.5273,17.0078
964,6.4980,17.8662
972,6.7197,17.4346
980,6.6162,17.6201
988,6.4141,17.0898
996,6.5059,16.8770
1004,6.4902,17.7627
1012,6.4121,17.2080
1020,6.3877,17.4736
1028,9.8809,20.6602
1036,9.8145,20.8037
1044,9.3379,20.6328
1052,8.9248,19.5000
1060,9.2305,20.5615
1068,8.9824,18.3691
1076,8.3770,18.6953
1084,8.2773,18.0322
1092,8.5430,18.5742
1100,8.4932,17.9834
1108,8.4971,18.4521
1116,8.2568,17.4971
1124,8.6025,17.6660
1132,8.2354,18.7666
1140,8.8125,17.2979
1148,8.9189,18.0049
1156,8.4463,17.3867
1164,8.2910,17.8066
1172,8.0225,16.9883
1180,8.1836,18.0586
1188,8.2988,18.1465
1196,8.2705,17.3594
1204,8.1777,17.5713
1212,8.5518,18.3594
1220,8.0586,17.2393
1228,8.3066,17.5059
1236,8.4639,17.7041
1244,8.1826,17.4492
1252,8.4941,17.6592
1260,16.7920,18.2822
1268,8.3438,17.6934
1276,8.3281,17.8086
1284,8.1162,17.3945
1292,8.3604,17.7246
1300,8.4053,18.7715
1308,8.1221,17.7930
1316,8.2529,18.0674
1324,8.2266,18.2568
1332,8.4014,18.3604
1340,8.3408,18.5508
1348,15.9941,18.5361
1356,8.4932,18.4580
1364,8.4346,17.8320
1372,8.3135,18.3174
1380,8.1553,17.3125
1388,8.1855,18.6436
1396,8.2861,18.0244
1404,8.2979,18.3369
1412,8.2744,17.5107
1420,8.1494,17.2158
1428,8.5986,18.2793
1436,8.1504,17.7119
1444,8.2158,17.6045
1452,8.4297,17.6982
1460,8.5107,18.0508
1468,8.2373,17.5459
1476,8.5020,18.3633
1484,8.4229,17.8623
1492,8.6504,18.2471
1500,8.3477,18.1230
1508,8.3301,18.4707
1516,7.9990,17.3896
1524,8.1084,17.7139
1532,8.2705,18.6055
1540,9.0898,18.7939
1548,8.6279,18.0381
1556,8.0684,17.8018
1564,8.4229,17.9678
1572,8.3564,17.4912
1580,8.3281,17.8359
1588,8.2139,18.4385
1596,8.3740,18.9258
1604,8.1182,17.5586
1616,8.1172,18.1064
1628,8.0586,18.2002
1640,8.1426,19.5088
1652,8.3203,19.2295
1664,8.2852,19.1494
1676,9.0352,18.9736
1688,8.2881,17.8721
1700,8.3154,19.0713
1712,8.4033,19.8203
1724,8.4463,19.5254
1736,8.2793,18.6973
1748,8.1406,18.4141
1760,9.0811,18.9648
1772,8.8770,19.6191
1784,8.8164,19.3564
1796,7.9980,18.3174
1808,8.2578,19.1494
1820,8.2520,18.8379
1832,8.0332,18.9014
1844,8.2461,18.5781
1856,8.0898,19.3516
1868,8.1826,18.2939
1880,8.3135,19.0889
1892,8.1787,19.1211
1904,8.1162,18.0850
1916,8.3262,19.5303
1928,8.1699,19.3174
1940,8.3018,18.8037
1952,9.0371,19.0684
1964,8.5625,18.6621
1976,8.3633,19.5557
1988,8.3701,18.6895
2000,7.9863,18.6895
2012,7.9219,18.3994
2024,8.1143,18.7119
2036,8.1465,18.6934
2048,8.0771,22.0498
2060,12.3887,21.8252
2072,11.8857,21.5723
2084,12.2158,22.7861
2096,12.5967,22.4570
2108,12.2568,22.8975
2120,11.8564,20.7285
2132,12.5186,22.5029
2144,11.6299,20.6982
2156,10.5605,21.8369
2168,9.9492,21.4668
2180,10.3193,21.5039
2192,10.4912,21.9092
2204,10.3789,21.1992
2216,10.0986,21.2461
2228,10.2080,20.9277
2240,10.4512,22.0459
2252,10.5264,21.3594
2264,10.0391,20.5684
2276,10.1445,21.1543
2288,10.2998,21.7051
2300,10.4365,21.9063
2312,10.5889,22.5693
2324,10.2832,21.1357
2336,10.2607,21.6113
2348,10.1162,20.9639
2360,10.1621,20.2773
2372,10.3193,21.6465
2384,9.9922,21.0088
2396,9.8633,20.6211
2408,10.0898,20.6426
2424,9.9824,20.9121
2440,10.1406,21.0781
2456,10.3633,21.2021
2472,10.2295,20.8574
2488,10.5098,21.8662
2504,10.4150,22.2559
2520,10.0234,21.2871
2536,10.2607,22.0391
2552,10.1807,21.4385
2568,10.0732,21.1621
2584,10.0049,21.7051
2600,9.9951,20.6045
2616,10.2188,20.6426
2632,10.1094,21.3457
2648,10.2813,21.5605
2664,10.2412,20.6367
2680,10.7773,22.4434
2696,10.3467,21.4463
2712,10.1816,21.4336
2728,10.1416,21.0527
2744,10.0996,21.4141
2760,10.2500,21.3574
2776,10.5957,22.4619
2792,10.5430,22.0186
2808,9.7236,29.4131
2824,10.3301,21.4717
2840,10.2500,21.2568
2856,9.7451,20.6514
2872,10.5068,21.4063
2888,9.9785,20.2959
2904,10.5332,21.7949
2920,10.2256,21.4727
2936,10.1318,20.8740
2952,10.2734,22.2588
2968,10.3721,21.6514
2984,44.8486,21.3184
3000,9.9434,20.7344
3016,10.0830,21.0098
3032,9.9854,20.7813
3048,9.9385,21.0205
3064,10.3428,21.9922
3080,10.3086,21.2471
3096,17.0684,20.9531
3112,10.2871,21.8457
3128,10.3203,22.3828
3144,10.3447,21.5049
3160,10.0107,21.1465
3176,10.1074,21.4629
3192,10.4639,21.5996
3208,10.1328,21.4531
3228,10.1768,21.5576
3248,9.8643,21.3818
3268,10.2334,23.0166
3288,10.0957,21.6016
3308,10.0088,21.2852
3328,10.2061,22.2461
3348,10.1025,21.7520
3368,10.6553,22.6484
3388,10.3271,21.6045
3408,10.1787,22.1250
3428,9.8379,20.2520
3448,10.0332,21.3926
3468,9.9941,21.0273
3488,10.0195,21.6025
3508,10.3223,21.5986
3528,10.2090,21.4375
3548,9.8379,21.1436
3568,10.0117,21.7998
3588,10.4697,23.2305
3608,9.8096,21.0928
3628,10.2197,21.9971
3648,10.5127,23.4688
3668,10.6162,23.3574
3688,10.1104,22.2646
3708,10.4766,22.6738
3728,10.2539,22.0449
3748,10.0449,21.7441
3768,10.4033,22.9941
3788,10.2031,22.1494
3808,10.3066,22.0498
3828,10.0342,21.7236
3848,10.1123,22.5225
3868,10.1387,22.9883
3888,10.2480,22.0059
3908,10.2285,22.2900
3928,10.3965,23.3018
3948,10.4600,22.5732
3968,10.1465,26.5176
3988,10.5068,23.8164
4008,10.5703,22.6982
4032,9.9912,22.0762
4056,9.9980,22.2090
4080,10.0352,21.8545
4104,13.7402,24.3926
4128,13.3154,24.8652
4152,13.0078,23.2666
4176,12.7842,23.0557
4200,13.6514,24.0850
4224,13.5859,24.7559
4248,13.7266,24.7871
4272,13.3027,24.2354
4296,13.3936,24.3623
4320,13.4385,24.3516
4344,13.1377,23.7979
4368,13.7842,24.7920
4392,13.4629,24.9424
4416,13.2764,24.5215
4440,13.0898,24.2549
4464,13.2793,24.8594
4488,13.8408,25.5889
4512,13.3301,24.7266
4536,13.1348,23.9707
4560,13.3262,24.1455
4584,12.9570,23.5703
4608,13.1709,24.7295
4632,13.4229,25.3262
4656,13.3555,23.7109
4680,13.1494,24.2012
4704,12.5303,23.1816
4728,12.3408,24.4678
4752,11.9609,23.6387
4776,11.7139,23.8027
4800,12.1494,23.8564
4824,11.8115,22.6719
4852,12.0811,23.6836
4880,11.4688,22.4160
4908,12.1934,24.6260
4936,12.0811,23.6777
4964,11.9785,23.9424
4992,12.1270,23.8486
5020,12.0488,23.2363
5048,12.2334,24.1338
5076,12.0430,24.1318
5104,11.7715,23.5908
5132,11.7344,22.5635
5160,11.7520,23.5830
5188,11.6641,22.7773
5216,11.4375,22.7480
5244,12.1826,24.4277
5272,11.8203,23.0957
5300,11.6445,22.5508
5328,11.6709,23.3555
5356,11.7842,23.1445
5384,11.6563,23.0391
5412,11.9219,23.7080
5440,11.7939,23.4512
5468,11.8340,23.9336
5496,11.9121,23.5000
5524,11.5225,22.1777
5552,12.1855,24.9600
5580,12.1104,24.3799
5608,11.5361,22.7607
5640,12.0957,24.3730
5672,11.7070,23.8584
5704,11.6240,23.1074
5736,11.8105,24.1152
5768,12.1592,23.4746
5800,12.1055,23.6396
5832,11.5361,23.9316
5864,11.7773,23.1221
5896,11.8359,23.7813
5928,11.8975,24.2373
5960,11.8018,23.7881
5992,11.9951,23.2432
6024,11.8105,23.0859
6056,11.7793,23.6914
6088,11.7822,23.4063
6120,12.0840,24.5586
6152,11.8887,23.7666
6184,12.1738,24.4922
6216,11.5137,22.7656
6248,11.8760,28.5215
6280,11.7246,24.5605
6312,12.1641,24.2344
6344,11.4932,23.3564
6376,11.9990,24.7275
6408,12.1807,24.4590
6444,11.7773,24.2256
6480,11.6182,23.8047
6516,11.9258,24.6309
6552,12.0781,24.4102
6588,11.4678,23.3594
6624,11.7764,24.0068
6660,11.5566,22.6182
6696,12.0049,24.4834
6732,11.6836,23.6182
6768,11.4297,23.1289
6804,11.9717,25.2666
6840,11.8975,24.5293
6876,11.8828,24.1182
6912,12.2266,25.0879
6948,11.6260,23.6992
6984,11.9414,23.9033
7020,11.7998,24.2705
7056,11.5859,23.8145
7092,11.7441,24.3203
7128,12.0518,24.7871
7164,11.9414,24.1973
7200,11.8848,25.0576
7236,11.7637,24.2217
7276,11.8916,24.6914
7316,11.4150,23.3789
7356,12.4326,25.0684
7396,12.0850,25.7324
7436,11.7441,24.0967
7476,11.9668,24.8721
7516,11.9082,25.1709
7556,12.0820,24.9619
7596,11.9170,24.4551
7636,12.0938,25.1035
7676,11.9111,24.5205
7716,12.0205,25.1436
7756,11.6533,23.7275
7796,11.6250,24.6416
7836,12.0996,25.5303
7876,12.0928,25.2510
7916,11.8965,25.4795
7956,11.7061,25.1230
7996,11.7734,24.4912
8036,11.4629,24.5205
8080,12.1270,25.0459
8124,11.9580,25.3340
8168,11.8945,24.3711
8212,16.1445,26.6318
8256,15.0947,25.0898
8300,15.5732,25.7227
8344,16.0645,26.5703
8388,15.6406,25.8994
8432,15.6045,25.2900
8476,16.1836,25.9893
8520,16.8945,28.0146
8564,16.2607,31.1982
8608,15.8955,26.0713
8652,16.0469,26.5801
8696,15.4180,25.8037
8740,16.5215,27.0518
8784,15.8799,26.0215
8828,14.2686,26.2861
8876,13.3896,24.2480
8924,13.4092,24.1787
8972,13.8438,24.7422
9020,14.2949,26.2188
9068,14.0605,25.7627
9116,13.8066,25.4063
9164,13.0313,23.1436
9212,13.4980,24.5391
9260,13.2100,24.2285
9308,13.5889,25.4688
9356,13.4160,24.9111
9404,14.1289,26.0723
9452,14.0938,26.7744
9500,13.3320,30.4609
9548,13.6797,25.5508
9596,13.3672,25.0098
9644,13.3975,24.2842
9696,13.8193,24.9170
9748,13.5762,24.6475
9800,13.5879,25.6338
9852,13.7129,25.3623
9904,13.5938,24.9824
9956,13.7832,25.5029
10008,14.1582,27.0645
10060,13.5527,24.7803
10112,13.6250,25.2646
10164,13.6895,25.4961
10216,13.2051,24.5781
10268,13.9043,25.0049
10320,13.4941,25.0342
10372,13.6162,24.4189
10424,13.6201,25.4189
10480,13.2041,24.0850
10536,13.0557,23.4004
10592,13.4824,24.8223
10648,13.4170,24.4043
10704,14.0908,24.9482
10760,14.1504,25.4863
10816,13.0713,23.9277
10872,13.3193,24.8730
10928,13.3564,25.1504
10984,13.4463,25.4609
11040,13.0811,23.8779
11096,14.2764,27.3320
11152,13.1768,24.3594
11208,13.8154,25.9639
11268,13.3652,25.4512
11328,13.7500,24.9277
11388,13.7324,25.5928
11448,13.8203,25.4639
11508,13.7021,25.5576
11568,13.9688,25.6084
11628,13.8115,25.9326
11688,13.6309,25.3076
11748,13.3135,25.0518
11808,13.4199,25.1182
11868,13.5205,24.6572
11928,13.6514,25.4678
11988,14.1611,24.5732
12048,13.8809,26.2080
12112,13.9453,26.4717
12176,13.7305,25.3643
12240,13.4785,24.5166
12304,13.8594,25.7285
12368,13.3662,24.9902
12432,13.4951,25.5664
12496,13.4668,25.1904
12560,13.4990,25.1436
12624,13.3320,24.8389
12688,13.2119,24.4443
12752,13.5986,26.0322
12816,14.0781,26.3906
12884,13.6143,26.1514
12952,13.4971,25.1543
13020,13.5566,25.6045
13088,12.9453,23.5146
13156,13.5449,25.1992
13224,13.7422,26.2539
13292,13.6621,25.9785
13360,13.5596,25.1602
13428,13.2402,25.2656
13496,13.4004,25.6045
13564,13.4961,25.9854
13632,13.7383,25.8252
13704,13.9746,26.3857
13776,13.4258,25.2939
13848,13.1689,25.4004
13920,13.2852,25.0225
13992,13.7129,25.4199
14064,13.6953,26.0225
14136,13.9375,27.6270
14208,13.8955,26.7803
14280,17.4414,26.2705
14352,13.1563,25.1836
14424,13.7969,26.6299
14500,13.8105,25.8096
14576,13.2998,25.1855
14652,13.9482,26.7510
14728,13.4082,26.3350
14804,13.5049,25.5420
14880,13.5068,26.2080
14956,13.8643,27.1631
15032,13.5156,26.1279
15108,13.5254,25.9629
15184,13.5898,27.1377
15260,13.7930,26.4111
15340,13.6553,26.0693
15420,13.4326,24.9980
15500,19.5518,26.9756
15580,13.9688,27.0547
15660,13.3945,26.5459
15740,13.7256,26.2354
15820,13.9561,26.5527
15900,13.4785,26.4307
15980,13.5918,24.9785
16060,13.7705,26.5518
16144,13.4258,25.6455
16228,13.5957,26.5830
16312,13.2490,24.5869
16396,18.0361,28.5615
16480,17.1270,27.8262
16564,16.9102,27.0371
16648,16.5449,26.2480
16732,17.0928,26.8242
16816,16.7354,26.2305
16904,17.5234,28.8887
16992,17.5088,28.2900
17080,17.5410,29.0146
17168,17.4170,28.7852
17256,17.6670,28.8203
17344,17.0195,27.5547
17432,17.0176,27.8955
17520,16.8154,27.0107
17608,17.2871,28.1357
17700,16.9033,27.6045
17792,16.7256,27.2432
17884,16.9092,27.2285
17976,16.7305,28.0391
18068,17.2617,27.6924
18160,17.2324,27.7773
18252,17.1924,27.7676
18344,17.4014,28.2979
18436,16.8193,27.2734
18532,15.8613,29.2158
18628,15.4990,27.1045
18724,15.6729,27.2451
18820,14.9746,26.1201
18916,15.6787,26.9707
19012,15.3291,26.0957
19108,15.7129,27.3213
19204,15.2607,26.4492
19304,15.1953,26.2197
19404,15.5859,26.7334
19504,15.1982,26.7334
19604,15.3975,26.1689
19704,15.7920,27.8984
19804,15.1582,25.7383
19904,15.5498,26.3408
20004,15.4980,27.9023
20108,14.9873,26.0537
20212,15.1465,26.7451
20316,15.4902,26.5928
20420,19.1699,27.0879
20524,15.1006,26.6152
20628,15.3799,27.3848
20732,14.8594,25.4756
20836,15.1152,25.9678
20944,14.6621,25.5703
21052,14.9707,25.8721
21160,15.4365,31.2598
21268,16.4658,27.7207
21376,15.4795,26.8682
21484,15.1113,27.0127
21592,14.7881,26.2793
21700,15.3555,26.7988
21812,15.1104,26.6914
21924,15.5000,26.4980
22036,15.1426,26.6094
22148,15.4893,28.0332
22260,15.3252,27.2168
22372,14.9463,25.9795
22484,15.1143,26.5547
22600,15.1943,27.5557
22716,15.4766,27.0254
22832,15.1748,26.3945
22948,15.7930,27.7207
23064,14.9102,25.9541
23180,14.6953,26.0996
23296,15.0762,26.6436
23416,15.2451,27.0723
23536,15.5596,27.7969
23656,15.8750,27.4766
23776,15.4697,27.2207
23896,15.7637,27.7471
24016,15.8730,27.3311
24140,15.6230,26.8525
24264,15.4707,27.4014
24388,14.7842,26.0713
24512,14.9570,26.2412
24636,15.0137,26.9160
24760,14.6924,25.9463
24884,15.5596,28.0557
25012,14.9824,26.2520
25140,15.2158,27.2949
25268,15.4414,27.6924
25396,15.5996,27.7080
25524,15.1123,26.7832
25652,14.9160,26.1846
25784,15.2979,27.4678
25916,15.3945,27.2646
26048,15.0654,27.8740
26180,15.2266,42.3232
26312,15.3721,27.4053
26444,15.4346,27.5254
26580,15.7588,27.7188
26716,14.9453,26.4209
26852,15.1992,27.0449
26988,15.5527,27.3818
27124,15.0537,26.8770
27260,14.8506,26.8477
27400,15.4600,28.3594
27540,15.3076,28.2002
27680,15.3135,27.4434
27820,15.4648,28.1006
27960,15.5000,27.9814
28100,15.2900,27.3574
28244,15.0439,27.0234
28388,15.1318,27.5078
28532,15.3887,27.5801
28676,15.4111,27.6797
28820,15.5664,27.7627
28968,16.0039,31.4404
29116,15.4668,27.7295
29264,15.8467,28.0244
29412,15.1484,26.4170
29560,15.5781,29.0283
29708,15.3623,27.9053
29860,16.0234,28.4121
30012,15.1914,27.8408
30164,15.2148,27.0127
30316,15.3965,27.7344
30468,15.7422,28.5889
30624,15.6533,28.2764
30780,15.2402,28.8213
30936,15.7520,28.4941
31092,15.3145,28.5127
31248,15.3740,27.6992
31408,15.7783,29.3184
31568,14.9736,27.5098
31728,15.0430,27.3760
31888,15.0244,27.2275
32048,15.2432,27.5088
32212,15.3125,28.2266
32376,14.9014,27.7158
32540,15.6094,28.5859
32704,15.1748,28.8057
32868,18.8613,29.0596
33036,17.6279,28.8379
33204,17.4395,28.8564
33372,17.5840,28.3477
33540,17.3242,27.7168
33708,17.9834,29.6475
33880,17.4121,27.9287
34052,17.5303,28.0371
34224,17.7529,28.4424
34396,18.3301,29.1240
34568,17.6777,28.3320
34744,17.6963,27.7432
34920,17.3955,28.4102
35096,17.3828,27.6553
35272,17.7246,27.9932
35452,17.4971,28.3311
35632,17.4873,28.7598
35812,17.7305,27.9619
35992,18.4775,29.9688
36172,17.8672,29.0664
36356,17.0654,27.4736
36540,17.2783,27.7959
36724,17.1055,27.9121
36908,17.2578,28.5527
37096,16.7471,27.8418
37284,17.7363,29.6045
37472,16.8906,27.3701
37660,17.3262,28.8037
37852,17.4531,28.7568
38044,17.2764,28.4551
38236,17.0020,27.8252
38428,17.3027,28.5410
38624,17.7012,28.9971
38820,17.5371,28.9414
39016,17.4043,28.3359
39212,16.9424,27.5186
39412,17.0840,28.6240
39612,17.9883,29.2734
39812,18.1992,30.1797
40012,17.4482,28.5186
40216,17.8740,29.2139
40420,17.6670,37.3320
40624,17.7803,30.0586
40828,17.0518,28.6494
41036,17.2109,28.5605
41244,17.3281,28.5771
41452,17.0459,28.7568
41660,17.4316,29.0635
41872,17.1035,27.9150
42084,17.1611,28.3750
42296,17.4805,28.5869
42508,17.3057,28.7910
42724,16.9941,28.2207
42940,17.4570,29.1582
43156,16.4326,27.5098
43372,17.3516,28.6797
43592,16.4053,27.2705
43812,16.6855,27.2852
44032,16.6660,27.7441
44256,16.8164,27.6895
44480,17.5449,29.7412
44704,17.0615,28.8418
44928,17.2529,29.2998
45156,17.3984,28.8545
45384,17.0742,28.1191
45612,17.3936,29.1992
45844,16.1963,26.7178
46076,16.4785,26.5801
46308,16.5342,48.6953
46540,17.5127,29.3369
46776,17.4189,29.3555
47012,17.6211,30.0654
47248,16.5137,28.8096
47488,17.4111,29.1182
47728,17.0391,28.9502
47968,17.6592,29.0244
48208,16.5273,27.4355
48452,17.5010,28.7900
48696,17.4268,29.2627
48940,17.3965,28.9072
49188,17.0986,28.4658
49436,17.0322,28.2598
49684,16.8711,28.3096
49936,17.1592,28.9912
50188,17.0391,28.7197
50440,17.2637,29.5957
50696,17.2871,29.4463
50952,17.0449,29.1670
51208,17.4150,28.4746
51468,17.9424,29.6758
51728,17.4453,29.5703
51988,16.8232,28.4512
52248,17.1270,28.8477
52512,17.2109,29.7383
52776,16.6191,28.1738
53040,17.3027,29.8027
53308,16.7197,27.9980
53576,17.6152,30.7969
53844,16.9482,28.4551
54116,16.7520,27.9961
54388,17.1729,29.5273
54660,17.1387,28.5957
54936,16.8877,28.8711
55212,17.3555,30.3047
55492,17.6563,30.3135
55772,16.0127,27.5576
56052,20.8955,29.2432
56336,17.6260,30.8076
56620,16.8613,28.3057
56904,16.8867,29.5020
57192,17.8359,31.1650
57480,17.4229,30.2432
57768,17.4287,36.2354
58060,17.4375,29.9941
58352,17.0752,29.0420
58644,17.0039,28.3516
58940,16.9131,29.0313
59236,17.6289,29.9170
59536,16.6152,28.4111
59836,16.6807,27.7158
60136,17.3848,30.0996
60440,17.4980,30.1738
60744,17.6729,31.2393
61048,17.6846,30.6572
61356,17.0176,29.4336
61664,17.3145,29.4629
61976,17.0850,29.2627
62288,17.7715,31.0781
62600,17.2412,29.3809
62916,17.5361,30.3066
63232,17.3779,29.3926
63552,17.3965,30.1973
63872,17.5566,30.9355
64192,17.0586,29.5195
64516,17.0996,29.7412
64840,17.3359,30.0615
65168,17.2363,29.3037
65496,17.0508,29.2256
65824,21.1113,31.1045
66156,21.1367,31.4824
66488,21.0664,30.6289
66824,21.2852,31.4375
67160,20.5449,30.3652
67496,21.4668,32.3008
67836,21.4854,31.7168
68176,20.8916,30.5762
68520,20.0439,29.6348
68864,21.2754,31.7217
69212,20.4336,30.5723
69560,21.1465,31.3613
69908,22.0801,33.0195
70260,22.4766,32.8877
70612,20.3594,30.8535
70968,20.8018,30.7676
71324,21.0244,30.8408
71684,20.8545,31.6641
72044,20.8174,30.8418
72408,21.1797,31.0332
72772,20.5020,30.4434
73136,20.9697,31.7275
73504,21.6387,31.3447
73872,21.5527,31.7764
74244,20.7715,31.2988
74616,21.0908,31.4775
74992,20.7207,35.3672
75368,22.5732,33.7734
75748,21.4111,31.3984
76128,21.4414,31.6563
76512,21.2617,31.4961
76896,21.2227,31.7852
77284,21.1338,31.4902
77672,21.2461,31.5488
78064,20.3223,30.8418
78456,20.0742,30.6396
78852,19.1758,29.4863
79248,19.5303,30.0166
79648,19.1631,29.7900
80048,20.7031,31.9492
80452,20.0205,31.0059
80856,19.6611,30.2383
81264,19.4189,29.2021
81672,18.8330,28.7666
82084,19.3809,30.7412
82496,19.6523,30.5195
82912,19.7646,31.2998
83328,20.5146,32.4375
83748,19.5098,30.7139
84168,19.7822,29.6035
84592,19.6494,31.2646
85016,19.6816,30.0361
85444,19.5967,30.4268
85872,19.9521,31.5820
86304,19.4785,30.4111
86736,19.8750,30.6387
87172,18.9385,29.1621
87608,19.2900,30.7158
88048,20.3320,32.3379
88492,20.5029,32.8926
88936,19.4033,29.9854
89384,19.4023,29.8994
89832,19.1738,30.0918
90284,20.0156,30.8857
90736,20.5176,32.3994
91192,20.1172,31.6729
91648,19.7842,31.2930
92108,19.5879,30.7969
92572,19.6592,31.1875
93036,19.5625,30.2256
93504,19.4980,31.1006
93972,19.9902,31.4297
94444,19.8262,31.3623
94920,19.8838,31.4141
95396,20.1250,31.2080
95876,20.6211,32.3242
96356,19.2910,30.4336
96840,20.0957,32.5547
97328,20.1279,31.3936
97816,20.1377,32.1885
98308,19.4092,31.3096
98800,19.0264,29.9648
99296,23.9541,32.6387
99796,20.3906,32.8975
100296,19.5449,30.6035
100800,18.8281,29.5039
101304,20.5107,33.1240
101812,19.8164,31.1270
102324,19.1621,30.2598
102836,19.1689,29.6699
103352,19.7383,31.8760
103872,19.4512,30.6279
104392,20.3457,32.3047
104916,21.0098,32.9893
105444,18.9961,30.0615
105972,19.9463,31.8438
106504,20.4092,31.9590
107040,19.0693,31.0381
107576,19.0693,30.4932
108116,19.9131,31.2666
108660,20.5850,33.3945
109204,20.7676,34.3643
109752,21.0020,34.3984
110304,20.0684,32.2119
110856,19.7471,30.5869
111412,20.0361,31.5977
111972,19.7490,30.9443
112532,20.2217,33.3389
113096,20.2031,32.4961
113664,19.6670,30.7607
114236,20.0752,32.9043
114808,19.5947,31.0303
115384,19.8555,31.6055
115964,20.9600,33.3887
116544,20.1689,33.1914
117128,18.7578,30.1064
117716,19.4971,32.3828
118308,19.1016,31.1758
118900,19.8135,32.0273
119496,19.7344,32.5693
120096,19.9600,32.1309
120700,20.0850,32.2734
121304,20.4580,33.0352
121912,20.1260,32.9111
122524,20.4473,32.3926
123140,19.0977,31.2598
123756,20.2588,33.4336
124376,19.1611,31.2715
125000,19.4883,32.0020
125628,19.9072,32.0645
126260,19.9170,32.2344
126892,20.2402,32.7383
127528,19.9092,32.4473
128168,19.8789,32.2930
128812,20.1387,32.4004
129460,19.8086,31.8994
130108,19.8799,32.7305
130760,20.0557,39.4375
131416,25.4326,35.4424
132076,23.7197,33.9492
132740,23.4922,34.5195
133404,23.2139,34.1514
134072,23.2920,34.4463
134744,23.4707,34.2051
135420,23.4922,33.8623
136100,23.7217,34.5225
136784,23.3037,34.6533
137468,22.9072,32.7598
138156,22.3457,32.7236
138848,22.6631,33.4785
139544,22.4150,54.6641
140244,22.5098,32.5391
140948,22.3271,32.4980
141656,22.2305,32.1094
142368,22.0332,32.7090
143080,22.6064,33.6670
143796,22.7852,33.2969
144516,22.4766,33.4893
145240,23.5293,34.8467
145968,22.5684,32.4883
146700,22.0908,32.4814
147436,22.5752,32.7412
148176,22.1055,32.8516
148920,21.8096,32.2930
149668,21.9834,32.3223
150420,21.9727,32.5039
151176,22.2324,32.6279
151932,21.9316,32.5625
152692,21.7207,31.7422
153456,22.2900,32.5889
154224,22.0186,31.7402
154996,22.6680,34.0928
155772,21.0859,31.2734
156552,23.1387,35.6113
157336,23.5615,34.6074
158124,21.6426,32.3594
158916,21.1855,32.3672
159712,21.6104,32.0645
160512,22.9385,34.4072
161316,23.2773,35.0547
162124,21.2920,32.5234
162936,22.3516,33.6846
163752,22.3799,34.2090
164572,21.9873,33.2744
165396,23.4141,33.8711
166224,21.2090,31.1670
167056,21.5898,32.6807
167892,22.0781,32.4014
168732,21.7285,33.4209
169576,21.9600,32.8867
170424,21.2949,32.1885
171280,21.9922,33.3105
172140,22.0928,33.5107
173004,21.6406,32.3555
173872,21.9170,33.4844
174744,22.9951,34.5488
175620,21.8799,33.1787
176500,22.5518,34.1758
177384,22.1660,34.4795
178272,23.4844,36.4639
179164,21.7646,32.6680
180060,22.6035,35.0986
180964,22.2607,34.7715
181872,22.4385,33.5439
182784,21.1533,31.5352
183700,21.2549,32.4395
184620,22.3691,34.9863
185544,22.4326,34.4639
186472,21.7666,34.2217
187408,22.4287,33.6924
188348,22.0957,33.8525
189292,22.2441,33.7490
190240,22.6348,36.9346
191192,22.2627,32.2842
192148,22.9951,34.5977
193112,23.1494,35.5996
194080,22.7891,34.1572
195052,23.2188,35.1641
196028,22.0586,34.6689
197012,22.7549,34.5283
198000,21.8740,33.8789
198992,22.6963,34.7949
199988,22.0684,33.8574
200988,21.9092,33.9502
201996,21.9102,33.6523
203008,21.6133,32.5703
204024,22.1396,32.9395
205048,23.0234,34.3721
206076,22.3955,35.0537
207108,20.9648,32.4316
208144,22.0879,34.3242
209188,21.9668,33.8281
210236,22.4971,34.9180
211288,21.7910,32.7588
212348,21.6973,33.2295
213412,22.2100,34.1201
214480,22.4150,34.6113
215556,21.0889,32.8916
216636,21.9834,34.3359
217720,22.0332,33.9883
218812,27.1689,36.4375
219908,23.0176,35.9766
221008,23.6250,37.4424
222116,21.7988,33.3350
223228,22.1670,34.4912
224348,22.4482,34.7979
225472,22.5166,35.6221
226600,22.6611,35.1221
227736,22.6045,36.2256
228876,22.1484,33.7012
230024,21.8301,33.6357
231176,23.5889,36.0273
232332,21.9277,33.8564
233496,22.0176,33.6211
234664,22.0498,33.4219
235840,22.4346,34.9707
237020,22.5781,34.3525
238208,22.6729,34.8418
239400,22.0811,33.8809
240600,21.4727,32.4414
241804,99.6543,38.9404
243016,24.2988,37.4785
244232,23.5049,37.0527
245456,22.1631,33.0996
246684,22.8564,34.5596
247920,22.4131,34.6934
249160,22.9590,35.3438
250408,22.3857,34.1729
251664,23.0654,34.8691
252924,22.3760,34.2979
254192,22.8301,34.9854
255464,29.6289,34.2588
256744,21.7842,34.5322
258028,22.6592,34.5068
259320,22.0635,33.9863
260620,22.6211,35.0166
261924,24.0264,37.2637
263236,26.1123,37.6367
264556,26.2559,36.3867
265880,25.9668,36.7363
267212,25.7002,35.7080
268552,25.3154,35.2666
269896,26.0947,46.1543
271248,24.8213,34.4336
272608,24.6973,34.6973
273972,25.8008,36.4570
275344,25.1162,34.9443
276724,25.1602,35.9688
278108,32.7305,36.7109
279500,25.9531,36.4824
280900,29.8027,36.0088
282308,25.1426,35.6025
283720,25.0137,35.2295
285140,24.6953,34.5664
286568,24.9590,34.8613
288004,25.7295,36.5908
289448,24.9814,35.1777
290896,26.7725,38.1816
292352,25.1016,35.3760
293816,25.3877,50.5986
295288,25.4619,36.9678
296768,25.5059,36.4805
298252,24.8496,34.9131
299744,25.0049,35.6162
301244,25.2451,35.9502
302752,25.7188,36.6182
304268,25.2227,35.8691
305792,25.0674,36.0645
307324,24.7256,35.0469
308864,24.7578,36.2598
310412,24.7510,41.7949
311968,24.6309,35.5010
313528,24.4150,35.2549
315096,25.7207,37.3242
316672,25.4551,36.0488
318256,24.4590,34.7715
319848,24.6025,35.7480
321448,23.9961,35.0557
323056,24.3916,35.2002
324672,25.7188,37.4541
326296,24.2656,36.4229
327928,59.3379,36.5459
329568,24.6357,36.0352
331216,24.8574,36.9609
332876,24.1104,35.2402
334544,24.7148,35.8096
336220,25.2832,41.2344
337904,25.8477,38.2764
339596,23.9912,35.4004
341296,25.5625,37.4033
343004,25.6543,36.8281
344720,25.2803,37.4346
346444,24.4111,37.2383
348180,25.2979,37.2969
349924,24.3848,35.6748
351676,34.9297,38.6172
353436,24.7012,34.9795
355204,23.7646,34.1689
356984,24.4229,35.5977
358772,25.3408,36.4346
360568,24.8398,36.2314
362372,24.4521,36.3145
364184,25.5732,37.7432
366008,31.2529,35.4463
367840,23.8848,34.0723
369680,23.9863,34.8037
371532,24.5215,35.3613
373392,24.4873,35.6807
375260,25.2324,36.6670
377140,24.6631,36.0195
379028,25.1992,36.9404
380924,23.9453,34.9199
382832,24.6689,36.8203
384748,25.3623,36.7012
386672,30.3037,36.7168
388608,25.2100,36.8496
390552,25.0332,36.9727
392508,25.2656,37.5596
394472,25.4717,36.6504
396448,25.6133,37.4844
398432,26.0107,39.1494
400428,25.0947,37.0039
402432,24.2744,35.5703
404448,24.8428,36.7314
406472,25.0156,36.4580
408508,31.4863,35.8213
410552,24.5215,35.8408
412608,25.0049,36.8428
414672,24.2773,36.0215
416748,24.8223,36.2080
418832,24.6104,45.5361
420928,24.7979,36.1445
423036,24.5488,47.4844
425152,24.7988,37.0449
427280,25.2090,37.2402
429420,24.8887,36.7314
431568,24.7998,38.0820
433728,24.5566,36.9043
435900,24.5010,37.4912
438080,24.7363,38.2393
440272,24.1074,37.0000
442476,24.5928,36.7451
444692,24.8242,38.2314
446916,24.4736,36.5771
449152,23.6797,35.8789
451400,24.5264,36.4668
453660,24.3057,36.7832
455932,24.4912,36.6055
458212,24.7500,37.2656
460504,24.1904,37.5049
462808,25.3584,38.0830
465124,23.5508,35.0127
467452,25.8154,39.4600
469792,24.3965,36.7139
472144,31.9727,38.3984
474508,24.9297,37.2578
476884,23.2852,36.5107
479272,24.5098,37.1816
481672,24.4268,37.7188
484084,25.5264,38.7139
486508,25.0527,38.0908
488944,25.6826,38.8789
491392,25.0283,37.1992
493852,24.8457,38.4707
496324,24.9346,38.2207
498808,25.9521,39.3438
501304,25.6787,39.2607
503812,24.4326,36.6035
506332,24.2900,37.4014
508864,24.7480,37.2773
511412,24.4131,37.9844
513972,25.2061,37.4248
516544,26.1104,39.5615
519128,24.8652,37.5195
521724,25.8184,45.9355
524336,32.8877,43.6523
526960,28.6738,39.8584
529596,28.1953,39.2744
532244,29.0859,40.9971
534908,27.5537,38.9277
537584,29.4014,40.6523
540272,27.6055,37.8516
542976,28.1064,38.7520
545692,27.1660,38.1309
548424,27.5654,46.7734
551168,26.8115,36.7256
553924,26.7119,39.0518
556696,27.2246,38.4883
559480,27.3975,38.2383
562280,27.6699,39.1563
565092,27.2012,38.9082
567920,48.4531,40.4326
570760,27.8135,38.0557
573616,30.7412,39.2598
576488,24.9951,35.1348
579372,27.9600,39.7334
582272,25.6553,36.2637
585184,27.6719,38.7471
588112,26.7881,37.1074
591056,27.0049,38.5098
594012,28.5547,39.7939
596984,27.6709,37.9844
599972,26.3584,37.7236
602972,27.4033,39.1777
605988,26.2207,36.6367
609020,26.3164,37.1270
612068,25.7422,35.7793
615132,26.2520,41.7461
618208,25.9590,36.0215
621300,26.8818,37.6582
624408,26.0889,37.1621
627532,26.7100,38.0117
630672,26.4424,37.6006
633828,26.1191,36.5410
637000,26.3330,36.5723
640188,26.2793,36.9492
643392,27.2744,38.5615
646612,27.3447,38.7402
649848,29.2119,40.2344
653100,26.4551,36.7480
656368,25.4893,36.2559
659652,26.9102,37.7500
662952,27.6826,38.8145
666268,28.2939,39.4141
669600,27.0039,37.7002
672948,26.8066,38.5166
676316,27.4111,41.7383
679700,30.2314,37.4443
683100,27.6992,39.5273
686516,26.9229,35.5566
689952,26.6211,37.3555
693404,28.1670,39.5586
696872,26.2900,36.9082
700360,26.0859,36.7646
703864,26.9971,38.3066
707384,26.4365,38.2842
710924,29.6787,39.9805
714480,26.8223,38.2256
718056,27.2256,38.3916
721648,27.0313,38.3311
725260,27.1543,36.8662
728888,27.3213,39.6348
732536,26.6240,36.8047
736200,27.5039,39.1836
739884,30.0938,40.8525
743584,26.6455,37.6230
747304,26.8047,38.9805
751044,26.7979,38.9414
754800,27.3125,39.3184
758576,25.9551,37.1797
762372,28.1631,39.4316
766184,28.0879,40.5986
770016,27.7441,39.2666
773868,25.9727,36.6270
777740,31.2412,45.9473
781632,27.4922,38.2813
785544,28.3564,40.2803
789472,28.7617,41.6074
793420,27.3008,38.7715
797388,27.5459,38.8545
801376,27.4961,39.0664
805384,26.3242,37.8076
809412,26.6885,39.2813
813460,27.2266,38.7813
817528,26.7646,38.0156
821616,28.9141,41.6367
825728,28.3721,40.6533
829860,28.5879,40.2725
834012,28.9922,41.2852
838184,28.6299,41.1055
842376,27.6309,40.1865
846588,28.6357,40.9160
850824,28.0898,40.9326
855080,28.3008,40.5635
859356,27.8965,40.3359
863656,26.7246,38.8926
867976,28.7715,42.4443
872316,28.5234,41.8057
876680,27.9531,39.4355
881064,28.0850,39.9385
885472,28.6045,42.0879
889900,27.7568,43.3496
894352,29.0537,41.6318
898824,29.2256,41.1982
903320,28.3145,40.2080
907840,27.8975,41.3135
912380,27.9385,39.9102
916944,28.4082,40.2725
921532,29.1055,40.4512
926140,29.0869,41.0840
930772,27.8203,38.9854
935428,28.3994,40.2939
940108,28.7520,41.1133
944812,28.2959,40.1836
949540,27.8389,40.5791
954288,28.9941,41.7676
959060,28.2354,39.5439
963856,28.1387,39.4648
968676,28.2314,39.7344
973520,27.8896,48.6367
978388,28.9795,42.5313
983280,28.4033,41.0449
988200,28.0039,42.4990
993144,28.4609,40.5723
998112,28.3340,41.4521
1003104,28.8867,42.1387
1008120,27.3643,39.4424
1013164,28.1914,41.4639
1018232,29.0547,42.8027
1023324,27.6523,40.6992
1028444,28.6416,41.9209
1033588,29.7637,43.4014
1038756,28.8232,42.9346
1043952,27.6689,40.2227
1049172,32.8760,44.5049
1054420,30.9922,42.2471
1059696,30.5762,41.3477
1064996,31.5586,43.2148
1070324,33.7559,42.1738
1075676,30.8828,126.7813
1081056,30.8789,42.0898
1086464,30.4561,42.1484
1091900,39.3809,43.3232
1097360,31.8047,43.9629
1102848,30.1475,40.6699
1108364,30.6992,41.3398
1113908,30.8457,42.2393
1119480,30.0830,41.0459
1125080,29.7266,41.3379
1130708,29.2305,40.4043
1136364,32.2090,43.8076
1142048,29.0010,40.4102
1147760,29.1807,39.6211
1153500,30.9229,42.2695
1159268,29.9248,41.0977
1165068,30.9150,42.2891
1170896,31.2227,43.0752
1176752,30.1465,41.6475
1182636,30.7471,41.6533
1188552,35.8818,42.2373
1194496,31.4951,43.4492
1200472,30.7881,42.1748
1206476,29.2637,41.1953
1212512,30.6201,42.3252
1218576,31.5693,44.6582
1224672,31.1035,42.4219
1230796,31.1504,42.6875
1236952,30.6719,42.4434
1243140,31.2637,42.0254
1249356,29.6104,39.3330
1255604,31.4287,42.7861
1261884,30.5479,41.3291
1268196,33.0859,46.1953
1274540,31.1289,42.7354
1280916,31.1201,42.7109
1287324,32.8428,44.0869
1293764,31.5459,42.0615
1300236,30.7568,44.1006
1306740,30.7822,46.3916
1313276,31.1719,42.6211
1319844,31.4902,42.9541
1326444,32.4150,44.6621
1333080,32.7734,44.5264
1339748,32.1455,44.0566
1346448,31.4707,42.8740
1353184,32.4072,43.7939
1359952,32.0234,44.0283
1366752,31.0527,44.0029
1373588,30.9736,41.9473
1380456,33.4951,45.7441
1387360,30.5205,41.3779
1394300,33.6357,45.6543
1401272,31.8213,44.2646
1408280,32.0918,43.9189
1415324,32.1240,43.7949
1422404,31.2617,43.9307
1429520,31.7744,43.6152
1436668,37.7910,44.3877
1443852,32.4160,45.2568
1451072,32.4785,44.7920
1458328,30.6680,42.3838
1465620,31.7002,43.8125
1472952,33.2539,45.9287
1480320,33.9238,46.0381
1487724,32.8789,45.2236
1495164,32.5859,44.7090
1502640,31.6523,43.7617
1510156,32.9004,45.4551
1517708,31.1084,43.2939
1525300,33.8701,46.0596
1532928,32.3975,45.0967
1540596,30.9092,42.6895
1548300,30.8340,42.5488
1556044,32.7520,46.4805
1563828,32.7725,46.3740
1571648,32.0156,45.1035
1579508,31.9775,44.7070
1587408,31.1328,43.1875
1595348,32.8369,46.8408
1603328,41.0967,46.5742
1611348,33.8164,47.8232
1619408,33.4004,46.8740
1627508,33.3164,46.4883
1635648,31.5967,44.1152
1643828,32.7168,45.8594
1652048,32.2451,44.8125
1660312,34.4775,48.8887
1668616,32.6221,44.6934
1676960,32.5449,45.2100
1685348,40.5264,47.8379
1693776,32.9980,45.6553
1702248,30.9873,44.1729
1710760,32.7510,47.0732
1719316,33.5723,46.9326
1727916,31.3623,42.6084
1736556,32.5771,44.7568
1745240,34.1064,47.3496
1753968,33.8359,46.8643
1762740,32.8447,46.3057
1771556,33.0449,46.8564
1780416,32.5283,46.0137
1789320,33.7695,48.0918
1798268,34.3398,47.6680
1807260,32.5215,44.9277
1816300,32.9707,46.0283
1825384,33.6318,47.3682
1834512,33.5322,47.3799
1843688,33.0244,45.4287
1852908,34.0947,47.0938
1862176,33.0342,46.1416
1871488,41.1035,45.2813
1880848,33.6523,46.9717
1890256,33.7236,47.4551
1899708,32.9785,46.0586
1909208,33.1475,46.7402
1918756,33.6504,47.6221
1928352,32.3252,45.4805
1937996,34.7520,49.1904
1947688,32.1514,44.4727
1957428,35.6289,50.1709
1967216,42.7471,45.7100
1977056,34.2813,48.8184
1986944,32.3281,46.6660
1996880,33.4961,47.8281
2006868,34.1221,47.9121
2016904,33.1963,46.9043
2026992,35.2773,49.2061
2037128,32.5986,45.6416
2047316,31.1807,43.0293
2057556,33.0615,46.0771
2067844,33.8604,49.6895
2078184,33.1650,47.2930
2088576,33.6543,48.2861
2099020,74.3848,51.2754
2109516,37.2227,50.1445
2120064,36.8271,49.9121
2130668,35.9590,48.1348
2141324,35.3027,46.7051
2152032,36.2207,49.0127
2162796,36.8662,48.7676
2173612,36.0156,48.3271
2184484,33.6846,45.1787
2195408,37.3994,51.1006
2206388,37.2539,49.3398
2217420,35.0068,48.1592
2228508,35.8281,48.4297
2239652,38.3770,50.6738
2250852,36.5381,49.4775
2262108,41.0371,47.2910
2273420,36.2920,48.9434
2284788,36.5166,49.5430
2296212,36.4941,49.1572
2307696,37.0215,49.3955
2319236,34.9043,46.5576
2330836,36.6777,49.5039
2342492,35.8086,48.3604
2354208,35.8848,48.5703
2365980,37.8418,50.5801
2377812,36.8330,50.8193
2389704,35.5000,49.1895
2401656,52.1201,53.6494
2413668,35.8301,48.4424
2425740,37.4219,51.6855
2437872,36.9941,48.7715
2450064,37.4199,50.5000
2462316,35.7939,48.4795
2474628,36.3271,49.5977
2487004,36.0127,49.5000
2499440,36.2178,48.9688
2511940,36.7100,50.1523
2524500,37.4033,49.9043
2537124,37.5371,48.8848
2549812,35.1787,48.6475
2562564,37.3516,50.1328
2575380,35.7354,49.2891
2588260,35.8652,49.1270
2601204,36.8516,50.9375
2614212,36.4160,50.5225
2627284,36.1563,50.1172
2640424,36.8867,50.2578
2653628,35.5117,48.8086
2666900,34.7236,47.1826
2680236,38.0518,52.3037
2693640,36.0771,48.8525
2707112,38.3164,51.2217
2720648,37.2354,52.3428
2734252,36.5674,49.2002
2747924,37.6748,50.5039
2761664,35.9473,50.0508
2775476,36.1016,49.5752
2789356,35.9414,49.5498
2803304,38.0625,51.8691
2817324,36.7676,50.4600
2831412,36.7549,56.0352
2845572,35.0723,47.5791
2859800,38.1211,53.5801
2874100,35.0000,48.4248
2888472,38.1016,52.2949
2902916,36.3613,50.2988
2917432,35.8359,48.4023
2932020,36.0830,76.2256
2946684,37.8555,52.5264
2961420,35.3232,46.9316
2976228,36.3408,49.1113
2991112,35.8379,48.0713
3006068,35.9111,52.3389
3021100,35.1260,50.1045
3036208,37.2832,51.7969
3051392,36.4121,50.9902
3066652,35.8613,49.8105
3081988,36.3652,51.4600
3097400,36.8242,51.7070
3112888,45.7246,51.4805
3128456,36.8418,52.2646
3144100,36.8340,50.9443
3159824,36.0830,50.2783
3175624,37.2930,51.8027
3191504,36.4951,50.5957
3207464,36.3682,51.5938
3223504,36.7695,51.4404
3239624,36.9844,51.3652
3255824,36.8760,51.2119
3272104,37.1055,52.3066
3288468,35.9902,50.8252
3304912,36.4150,51.5635
3321440,37.0156,52.3936
3338048,37.6191,52.9316
3354740,37.1436,52.9111
3371516,37.2285,51.2832
3388376,37.0928,50.9932
3405320,36.9854,52.2305
3422348,37.5859,53.0645
3439460,35.5771,49.6436
3456660,36.7100,50.7393
3473944,37.5957,51.1211
3491316,36.9346,51.5410
3508776,38.9746,53.6855
3526320,37.5313,51.3955
3543952,38.5176,55.2402
3561672,35.8018,50.5625
3579484,36.4238,50.0186
3597384,45.0967,52.6787
3615372,38.1670,51.1230
3633452,38.8574,54.3730
3651620,36.9932,51.5469
3669880,41.1621,57.3096
3688232,36.7354,51.5918
3706676,39.7227,53.6064
3725212,39.7363,54.8818
3743840,38.6963,62.6641
3762560,40.1533,54.4424
3781376,38.6943,54.7656
3800284,37.9590,52.5869
3819288,40.4707,56.1445
3838388,39.0352,52.8965
3857580,38.6318,54.9502
3876868,39.3467,54.3232
3896256,39.9580,57.4482
3915740,39.8154,55.6074
3935320,39.0576,53.9893
3955000,40.7539,55.6934
3974776,40.2051,55.4297
3994652,39.9199,55.3721
4014628,38.4951,53.9141
4034704,39.3965,54.4883
4054880,37.9883,52.8613
4075156,40.1299,58.3086
4095532,39.2891,55.5605
4116012,39.9482,56.5010
4136596,40.3008,56.2607
4157280,40.3232,57.5703
4178068,39.4805,56.0723
4198960,48.8105,58.8711
4219956,44.1357,58.3877
4241056,44.4707,58.7529
4262264,43.9004,58.3809
4283576,43.8701,58.6064
4304996,42.8496,57.1328
4326524,42.2734,56.2822
4348160,42.2344,55.9863
4369904,43.9863,57.9150
4391756,45.6982,59.2119
4413716,41.8320,54.8135
4435788,43.1328,55.6973
4457968,43.8008,58.2051
4480260,44.1904,58.0771
4502664,42.8857,55.9736
4525180,43.3027,56.6201
4547808,49.2656,56.5869
4570548,40.8242,51.9502
4593404,42.0996,54.9375
4616372,45.4658,59.4297
4639456,305.3809,57.7754
4662656,54.7344,58.0244
4685972,40.2021,51.9961
4709404,41.2949,55.9961
4732952,44.1816,56.7109
4756620,42.4463,55.7148
4780404,278.2783,62.6914
4804308,47.6895,62.5469
4828332,50.5439,57.3320
4852476,45.7627,59.8164
4876740,56.8662,61.0732
4901124,44.4736,59.0986
4925632,45.6797,59.8271
4950264,44.1318,60.1719
4975016,42.6699,58.2422
4999892,45.3564,60.0088
5024892,43.7598,59.7217
5050020,44.7051,59.9990
5075272,45.7852,59.4307
5100652,43.9736,57.8203
5126156,47.7500,63.6191
5151788,46.5000,60.3994
5177548,45.3066,61.2227
5203436,43.0996,56.8330
5229456,46.1104,60.1895
5255604,45.2822,61.4883
5281884,43.9375,57.5342
5308296,44.9834,59.4902
5334840,44.6377,59.8535
5361516,44.3174,59.1709
5388324,44.9619,67.7041
5415268,55.9824,61.0088
5442348,44.0977,58.5869
5469560,42.9727,58.0049
5496908,44.5000,58.9199
5524396,44.7539,57.3721
5552020,45.2744,59.0527
5579784,47.3232,60.9229
5607684,46.5283,58.8740
5635724,44.8643,57.3350
5663904,43.7373,58.5039
5692224,47.5137,61.7783
5720688,46.4600,61.7920
5749292,44.5039,58.3340
5778040,43.5049,57.6641
5806932,44.4688,58.4072
5835968,44.4473,57.8135
5865148,44.4990,61.4512
5894476,46.3008,57.4756
5923952,45.0928,57.0625
5953572,43.2305,56.8555
5983340,41.8086,57.4180
6013260,43.2012,57.8252
6043328,43.2656,57.9932
6073548,44.0176,59.5264
6103916,43.9473,58.6572
6134436,43.3945,57.3379
6165112,41.1436,54.9453
6195940,43.8271,59.4219
6226920,42.5107,57.2158
6258056,44.1045,59.8809
6289348,51.2910,58.4482
6320796,42.1865,56.9980
6352400,42.4102,56.0547
6384164,44.1338,57.9121
6416088,42.3496,56.7070
6448172,42.6035,58.0166
6480416,43.0078,57.4561
6512820,42.2988,57.3203
6545388,44.4570,60.7793
6578116,42.7764,56.0645
6611008,44.0674,60.5322
6644064,44.0254,59.6758
6677288,41.7490,56.4580
6710676,46.4434,61.4648
6744232,42.5947,56.5781
6777956,43.0127,58.5869
6811848,45.2178,59.4932
6845908,41.8242,56.3008
6880140,44.0859,59.0645
6914544,43.1953,61.5811
6949120,41.7588,56.1318
6983868,43.1689,58.2129
7018788,43.3145,58.9814
7053884,43.0078,58.1797
7089156,43.1992,60.6279
7124604,43.7031,63.2783
7160228,52.7393,59.7842
7196032,45.8711,62.9160
7232016,41.8145,57.6104
7268180,44.3330,60.3125
7304524,42.7715,57.0566
7341048,41.4131,56.3076
7377756,43.0635,58.9248
7414648,42.9424,59.4248
7451724,43.3096,59.2588
7488984,43.3916,58.5264
7526432,46.0039,56.0938
7564068,43.4941,59.1816
7601892,43.2900,59.5762
7639904,44.1045,60.6777
7678104,42.1172,59.3066
7716496,43.7314,59.5869
7755080,44.1152,62.2266
7793856,43.2314,58.4102
7832828,41.6279,57.3086
7871996,42.9600,57.9336
7911356,42.1475,58.6064
7950916,43.9023,60.8574
7990672,43.0801,59.6318
8030628,42.8818,57.9355
8070784,43.6592,61.8369
8111140,74.9951,67.2930
8151696,44.6133,64.2900
8192456,44.0137,58.3047
8233420,43.8076,59.7617
8274588,42.4209,56.0518
8315964,57.5781,61.5352
8357544,43.3398,58.5361
8399332,51.1143,61.5264
8441332,47.8184,67.7754
8483540,46.7803,58.5117
8525960,49.2686,58.8438
8568592,47.5420,58.9160
8611436,49.3291,59.7559
8654496,47.7256,58.6563
8697772,46.9541,61.1895
8741264,49.0771,62.0938
8784972,47.3887,59.7568
8828900,48.1074,61.8320
8873048,46.6982,60.6934
8917416,47.0996,62.2324
8962004,45.3018,60.0010
9006816,45.3789,59.4990
9051852,46.0957,59.0029
9097112,45.8408,60.0684
9142600,46.2637,59.2803
9188316,43.5371,57.1465
9234260,46.3896,61.3125
9280432,47.7178,63.4033
9326836,46.3750,60.0664
9373472,45.6328,58.7109
9420340,59.1436,59.8320
9467444,44.5801,59.3506
9514784,45.9600,58.4121
9562360,46.5791,61.4766
9610172,45.7139,59.8564
9658224,46.5244,60.7471
9706516,47.4033,61.2480
9755052,45.0781,57.6514
9803828,47.2432,61.1846
9852848,46.0059,59.9629
9902116,47.3398,60.9521
9951628,47.8105,62.6992
10001388,45.9395,61.1426
10051396,43.4463,57.8672
10101656,44.5791,59.8281
10152168,48.4844,118.2256
10202932,45.7988,61.3750
10253948,47.4297,61.0029
10305220,48.5723,63.1748
10356748,46.9639,61.6465
10408532,100.8447,58.7080
10460576,47.8594,62.2861
10512880,46.3467,60.2188
10565448,49.0283,63.6533
10618276,45.4404,60.1426
10671368,47.3936,62.5410
10724728,86.0322,62.8359
10778352,46.6270,61.7266
10832244,51.7236,62.9346
10886408,48.0498,64.3623
10940844,49.4590,64.0029
10995552,46.8594,60.4053
11050532,48.9551,64.0518
11105788,48.0811,61.9297
11161320,45.5830,64.6445
11217128,50.9932,65.8057
11273216,42.9424,56.9170
11329584,45.8057,59.8564
11386232,47.3174,61.8174
11443164,46.2988,62.4863
11500380,46.0361,61.3242
11557884,45.9160,60.2139
11615676,45.8057,59.5508
11673756,46.0479,62.3057
11732128,47.0527,63.3965
11790792,47.5332,62.3477
11849748,47.8750,63.4990
11909000,48.8066,64.0313
11968548,47.3789,108.7334
12028392,46.9844,60.3232
12088536,50.6377,66.3320
12148980,86.7021,77.0977
12209728,47.1553,62.6152
12270780,47.6631,62.8447
12332136,46.5586,62.0664
12393800,46.7920,60.6523
12455772,47.8887,65.1768
12518052,46.1895,62.7139
12580644,47.7246,61.4912
12643548,44.3066,60.0098
12706768,49.4873,65.4492
12770304,46.6484,60.5400
12834156,44.8555,58.3809
12898328,47.8750,63.3340
12962820,50.4287,66.2949
13027636,46.6719,63.7852
13092776,46.4023,62.3594
13158240,48.2197,63.6426
13224032,48.7549,60.1328
13290156,46.8154,61.2295
13356608,44.9863,60.4414
13423392,48.2129,64.2354
13490512,49.0205,64.8301
13557968,46.7725,62.1416
13625760,47.9043,62.9561
13693892,48.9502,64.5781
13762364,48.4141,64.4307
13831176,47.8057,63.4160
13900332,48.1582,63.4375
13969836,47.5283,63.7588
14039688,49.0039,64.5332
14109888,49.3359,65.7920
14180440,46.9336,63.3203
14251344,46.5596,62.1250
14322604,49.1719,64.3291
14394220,46.8066,62.0039
14466192,46.3936,61.7549
14538524,47.5381,63.6914
14611220,46.4893,60.9160
14684280,45.5898,62.5332
14757704,48.9941,65.6016
14831496,45.2402,61.6904
14905656,47.7900,63.1299
14980188,47.4746,63.0625
15055092,51.9990,64.0518
15130368,49.1904,63.0059
15206020,49.6670,66.0518
15282052,49.6914,64.9404
15358464,61.3496,65.9854
15435260,50.4531,63.9424
15512440,53.0107,66.8438
15590004,48.3027,63.2412
15667956,48.8047,60.8359
15746296,54.5410,66.4492
15825028,55.5830,71.3955
15904156,53.1807,67.9512
15983680,55.7217,66.6641
16063600,57.2373,69.8799
16143920,57.3750,70.8672
16224640,58.3906,70.5703
16305764,58.3311,70.5918
16387296,56.3418,71.2764
16469236,54.8789,70.5332
16551584,55.5615,73.3506
16634344,77.0068,69.8223
16717516,54.0254,94.9375
16801104,57.7598,67.4385
16885112,61.7529,70.8525
16969540,61.9219,67.5684
17054388,59.9688,67.4717
17139660,68.3691,70.1641
17225360,65.1348,116.5439
17311488,70.3008,79.8496
17398048,77.4463,87.2305
17485040,74.0254,85.6416
17572468,75.6270,80.0801
17660332,65.9180,76.0439
17748636,69.6230,75.0186
17837380,66.0361,67.6816
17926568,58.7344,70.7529
18016204,62.8369,69.1689
18106288,67.4668,76.7246
18196820,63.3154,81.6240
18287808,118.6582,95.2861
18379248,54.0732,63.2852
18471148,50.9678,64.8027
18563504,50.8340,64.7783
18656324,49.5908,63.7900
18749608,49.9082,77.9180
18843360,51.9707,66.2246
18937580,49.2246,64.7920
19032268,52.7646,69.3750
19127432,51.2441,67.3701
19223072,51.2471,64.2480
19319188,51.8428,67.0273
19415784,50.5283,64.7852
19512864,51.3027,65.1035
19610432,52.9688,74.2344
19708488,58.4316,69.9453
19807032,58.9092,68.2617
19906068,72.7441,69.5430
20005600,56.6377,69.3652
20105628,55.4854,65.1396
20206160,54.2578,68.1191
20307192,56.5586,83.0156
20408728,51.6465,67.4463
20510772,51.5635,64.3369
20613328,54.0977,66.4688
20716396,51.7578,65.9756
20819980,53.1553,66.6035
20924080,51.7539,67.2217
21028704,57.3037,73.4326
21133848,53.6943,77.1924
21239520,55.1143,67.7422
21345720,53.8086,68.6768
21452452,66.8750,83.3037
21559716,55.2393,68.4492
21667516,59.9238,69.4824
21775856,56.8652,69.9219
21884736,56.0059,67.7988
21994160,59.2559,122.2129
22104132,58.1475,69.4766
22214656,56.9482,69.1836
22325732,58.3760,69.3848
22437364,62.8174,90.9863
22549552,58.4043,72.2021
22662300,56.2803,70.1777
22775612,55.0049,69.4707
22889492,55.1768,96.6563
23003940,59.7139,71.2676
23118960,56.8926,70.6826
23234556,57.5293,68.4150
23350732,53.6338,68.8682
23467488,57.8408,69.7832
23584828,57.6807,69.5420
23702756,70.9277,69.6807
23821272,62.7354,77.6611
23940380,57.6084,71.1064
24060084,65.6621,67.0879
24180388,63.0791,88.9912
24301292,57.9922,64.9424
24422800,56.0244,68.1309
24544916,59.3936,72.2686
24667644,62.5176,93.3252
24790984,62.4355,72.1377
24914940,59.7842,72.1309
25039516,58.8047,92.8838
25164716,75.1191,82.7705
25290540,74.3643,73.0781
25416996,60.8145,95.3213
25544084,74.1699,75.0088
25671808,62.7646,73.5293
25800168,64.2813,74.0986
25929172,67.7422,76.9336
26058820,65.3574,76.3037
26189116,69.1299,79.3018
26320064,65.0693,77.4990
26451668,67.7715,75.0879
26583928,68.7061,74.3799
26716848,71.5967,78.2041
26850436,69.2236,75.2520
26984692,73.1445,75.3760
27119616,90.5732,76.2227
27255216,71.1709,74.4131
27391496,152.9492,95.9922
27528456,79.6738,82.4346
27666100,83.5283,91.9961
27804432,80.5586,84.1123
27943456,94.4102,89.0195
28083176,78.7988,97.4775
28223592,81.3242,84.5918
28364712,85.5508,94.8604
28506536,83.0313,95.5449
28649072,82.5898,86.0830
28792320,83.0742,93.3477
28936284,77.5195,90.8584
29080968,79.8105,101.5439
29226376,89.2656,99.3828
29372508,84.0703,98.9287
29519372,83.4980,93.8848
29666972,87.4717,95.5791
29815308,85.8389,97.2920
29964388,91.4365,96.2764
30114212,84.4463,94.6367
30264784,87.4121,93.5625
30416108,89.3662,99.6123
30568192,91.5459,95.8672
30721036,94.5479,101.3379
30874644,89.5195,97.7451
31029020,94.5283,102.7354
31184168,91.4844,97.7109
31340092,91.5752,92.5361
31496796,92.8857,97.7207
31654280,92.8721,98.6025
31812552,89.8604,104.2734
31971616,94.8857,107.4150
32131476,96.2881,105.2920
32292136,96.6279,102.2402
32453600,102.5195,109.0430
32615868,94.7188,100.7012
32778948,96.1064,105.1416
32942844,103.9863,106.1230
33107560,99.4961,170.5898
33273100,100.8584,103.9600
33439468,88.9268,132.2803
33606668,105.0254,107.6201
33774704,105.8857,111.1504
33943580,111.5869,114.8809
34113300,104.7988,106.4746
34283868,100.8359,104.1846
34455288,106.4268,113.0664
34627568,133.5762,111.1523
34800708,107.9375,117.4814
34974712,113.7881,113.6318
35149588,117.7832,122.3984
35325336,111.6211,113.1738
35501964,129.3613,115.9326
35679476,131.5586,117.2178
35857876,119.2188,113.7891
36037168,114.7139,116.3164
36217356,108.7051,137.1367
36398444,120.1299,120.9014
36580440,113.1934,114.2773
36763344,185.1543,115.5400
36947164,114.3223,117.6826
37131900,114.3252,111.5117
37317560,112.4287,113.4043
37504148,111.7813,115.8457
37691672,117.5986,144.8721
37880132,116.4316,117.9297
38069536,112.7295,109.3291
38259884,110.5557,111.2334
38451184,115.7930,115.8076
38643440,121.8926,123.7412
38836660,117.7871,120.6064
39030844,113.1758,109.7617
39226000,117.7773,128.5215
39422132,114.4619,122.4199
39619244,120.0996,120.8242
39817344,116.9775,121.1328
40016432,119.1963,140.4434
40216516,117.7324,119.5918
40417600,116.4873,114.9492
40619688,117.1055,119.3232
40822788,121.6191,119.7324
41026904,131.3457,123.3525
41232040,116.8906,114.2559
41438204,116.1309,110.0781
41645396,120.2822,123.8799
41853624,117.9209,122.5313
42062896,113.7725,120.5684
42273212,115.9893,117.6113
42484580,178.3545,124.6514
42697004,137.4912,121.8330
42910492,123.7881,124.6670
43125048,115.9385,117.2686
43340676,142.3926,125.6621
43557380,135.6660,112.0410
43775168,164.6133,110.3096
43994044,125.2383,118.2090
44214016,118.4355,130.3574
44435088,118.3369,121.9854
44657264,188.8682,133.7236
44880552,119.0703,116.2686
45104956,127.2041,123.7217
45330484,115.4912,114.2178
45557140,111.3271,109.8809
45784928,123.0088,130.1572
46013856,121.1670,118.2529
46243928,116.5820,177.4141
46475148,127.5859,123.6982
46707524,128.6465,135.7529
46941064,125.8916,127.2549
47175772,130.4814,127.2197
47411652,122.2441,124.5889
47648712,137.3350,129.6523
47886956,130.0332,137.6680
48126392,125.1152,126.8486
48367024,134.8125,136.7422
48608860,118.2715,151.7959
48851908,143.4844,128.9219
49096168,129.1543,141.7354
49341652,133.0869,186.9688
49588364,161.5459,193.9824
49836308,140.4004,138.3174
50085492,126.9834,132.4209
50335920,126.8164,140.1846
50587600,129.6250,140.6025
50840540,151.6973,141.9609
51094744,136.6865,156.4004
51350220,132.6211,139.0605
51606972,129.7969,132.9541
51865008,130.0576,154.8516
52124336,131.9375,140.0322
52384960,142.8438,161.7256
52646888,127.4824,142.8242
52910124,137.1855,140.6592
53174676,135.1621,136.9092
53440552,143.7324,137.7588
53707756,123.9336,135.6914
53976296,140.1953,156.5684
54246180,138.0498,143.6992
54517412,134.8154,136.7813
54790000,143.9785,136.0557
55063952,142.9258,140.8115
55339272,134.6807,128.9619
55615972,143.9033,142.4717
55894052,138.3896,145.7061
56173524,144.6719,142.7861
56454392,136.7402,140.9639
56736664,139.1377,137.3604
57020348,144.2393,143.4111
57305452,139.6436,131.2314
57591980,139.1035,681.9023
57879940,182.3516,155.5713
58169340,147.6670,150.2568
58460188,146.5703,139.1465
58752492,143.2754,150.3262
59046256,144.8828,148.1563
59341488,146.2051,192.7588
59638196,144.1143,145.9736
59936388,146.0176,148.5850
60236072,137.6895,138.4453
60537256,140.4189,145.8174
60839944,151.5049,150.7246
61144144,182.3564,143.7568
61449868,150.1436,166.9404
61757120,145.7969,144.6211
62065908,153.1455,174.6289
62376240,148.9834,151.7217
62688124,141.9648,199.1377
63001568,140.2441,153.2002
63316576,153.3604,157.5215
63633160,141.0361,166.6133
63951328,150.5039,168.7334
64271088,137.0283,144.3887
64592444,150.6143,158.2520
64915408,149.3389,151.7627
65239988,156.5830,155.9365
65566188,155.6396,158.1670
65894020,152.7236,162.2490
66223492,150.8701,163.2783
66554612,143.7197,141.6240
66887388,145.1768,160.2090
