4,1.0352,1.2588
8,1.7461,5.3467
12,2.1934,6.3271
16,2.2402,8.4883
20,3.4883,9.0723
24,2.8223,11.7021
28,2.7637,10.8545
32,2.7656,11.6631
36,3.2744,11.3086
40,3.2217,11.7832
44,3.2188,12.4443
48,3.2188,12.8740
52,3.2139,13.3252
56,3.2129,13.9668
60,23.6895,14.2275
64,3.2109,14.9590
68,3.7061,15.2119
72,3.6953,15.0977
76,3.6992,15.1250
80,3.7285,14.9834
84,3.7383,15.0537
88,3.7354,15.2207
92,3.7061,15.3076
96,3.6982,15.6494
100,3.7119,16.0908
104,3.7080,15.8359
108,3.6914,16.4209
112,3.7002,16.1680
116,3.7773,14.7324
120,3.7734,14.2002
124,3.7598,14.2383
128,3.7715,15.4365
132,4.3125,14.9590
136,4.3145,15.9355
140,4.2100,14.3447
144,4.2275,14.5957
148,4.2236,14.3574
152,4.2070,21.6895
156,4.2549,14.5703
160,4.2373,15.1689
164,4.2422,14.1416
168,4.2314,14.9063
172,4.2158,14.6318
176,4.2061,14.6074
180,4.2021,15.1533
184,4.2051,15.1016
188,4.2266,15.7715
192,4.2246,15.0889
196,4.2158,15.1670
200,4.2227,15.6104
204,4.2305,15.8760
208,4.2363,16.4678
212,4.2168,16.3633
216,4.2529,15.8545
220,4.2197,16.3711
224,4.2188,16.2666
228,4.2100,16.8057
232,4.2012,17.0508
236,4.2324,17.0166
240,4.2305,16.0986
244,4.2334,16.9258
248,4.2139,17.0664
252,4.2168,18.0186
256,4.2217,19.0254
260,4.8291,19.0215
264,4.8057,20.1387
268,4.7129,25.8369
272,4.8174,18.8955
276,4.8037,18.7979
280,4.7080,18.4443
284,4.7227,17.9375
288,4.7139,17.5381
292,4.7129,18.4746
296,4.7100,18.6045
300,4.6973,18.8154
304,4.7168,18.5264
308,4.7285,17.7861
312,4.7197,18.8926
316,4.7100,18.5703
320,4.7148,17.6143
324,4.7119,18.6064
328,4.7051,17.9678
332,4.7295,17.9473
336,4.7168,18.2646
340,4.7031,18.8359
344,4.7031,18.9395
348,4.7070,18.9883
352,4.7217,18.9336
356,4.7129,18.2393
360,4.7119,17.9531
364,4.7031,17.4980
368,4.7070,16.1396
372,4.6729,16.8184
376,4.7178,21.4834
380,4.7344,16.4258
384,4.7178,16.4541
388,4.7061,17.2383
392,4.7021,16.3877
396,4.7197,17.1123
400,4.7168,16.7412
404,4.7188,16.6963
408,4.8037,16.1709
412,4.8340,17.0264
416,4.8096,16.7158
420,4.7969,17.2070
424,4.8105,17.5156
428,4.8232,17.8193
432,4.8164,18.0078
436,4.8174,17.3838
440,4.8076,18.2139
444,4.8037,17.7666
448,4.7979,17.1396
452,4.8066,17.5430
456,4.8115,18.5684
460,4.8174,17.7188
464,4.8135,17.8447
468,4.7949,17.4268
472,4.7988,17.4980
476,4.8145,18.1494
480,4.8223,18.6680
484,4.8242,18.3916
488,4.8867,19.6084
492,4.8252,17.8848
496,4.8018,18.7139
500,4.8379,18.3037
504,4.8047,18.3379
508,4.8164,18.6934
512,4.8047,21.4131
516,7.5127,20.5635
520,7.2236,20.3320
524,7.3330,21.0977
528,6.8838,20.7422
532,6.9082,20.9092
536,6.8613,19.6758
540,6.8242,20.2031
544,6.6494,19.2939
548,6.9688,21.2012
552,2068.4229,22.7793
556,7.1113,21.7012
560,6.8623,20.3916
564,6.9160,21.2949
568,6.9033,20.7695
572,6.8389,20.5137
576,6.7627,20.6553
580,6.8594,21.3809
584,6.7578,21.3145
588,6.7871,20.4580
592,6.9336,21.1914
596,6.9453,19.2383
600,6.8555,18.8867
604,7.0322,19.9902
608,6.7461,18.1650
612,6.6387,17.7266
616,6.8643,19.3115
620,6.9609,19.2539
624,7.3711,18.9775
628,6.9746,18.8252
632,6.8838,18.3916
636,7.0469,18.8506
640,7.1387,18.6885
644,6.9336,18.8516
648,6.9590,18.5869
652,7.0322,18.6904
656,6.8760,18.2578
660,6.7861,17.9600
664,6.8281,18.9707
668,6.9785,19.5625
672,7.0537,19.2930
676,6.7090,18.7568
680,7.0752,19.2891
684,6.6201,18.4658
688,6.6934,54.2510
692,6.9365,18.1699
696,6.9219,18.7266
700,6.9053,18.9834
704,7.0928,19.1016
708,6.7588,19.3887
712,6.8174,18.6738
716,6.9229,18.6924
720,6.9746,18.6738
724,6.9570,18.9912
728,6.7109,18.6045
732,6.8770,68.7236
736,7.3252,18.8730
740,7.1475,19.7725
744,6.9893,20.4082
748,6.7461,19.0811
752,6.9795,19.4141
756,7.0752,19.9707
760,6.9033,19.6611
764,6.8975,19.4082
768,6.8633,19.0400
772,6.6738,18.9512
776,6.7539,19.6084
780,6.9258,19.2266
784,6.7910,19.5693
788,6.8926,19.6230
792,6.8398,20.6406
796,6.7090,20.2129
800,6.8096,19.4473
804,6.7207,19.4990
812,6.8896,19.6689
820,6.9307,20.3438
828,7.0625,20.4717
836,6.9814,20.3242
844,6.8359,19.5439
852,6.9297,20.9385
860,7.0537,20.8848
868,6.8271,19.6973
876,6.8516,20.6777
884,6.9248,21.8115
892,6.8711,62.8555
900,7.7500,22.9531
908,6.7500,21.9639
916,6.7363,21.7930
924,6.7324,21.5801
932,6.7070,21.6201
940,6.6787,20.8770
948,6.7773,21.4834
956,6.8301,21.8281
964,6.7432,21.4658
972,6.9482,30.7188
980,6.9717,22.0830
988,6.8311,22.6904
996,6.7061,21.7529
1004,6.8535,22.0020
1012,6.6865,19.8652
1020,6.8213,20.2598
1028,8.8604,21.6924
1036,8.8574,21.2607
1044,8.8643,20.9463
1052,9.0166,21.8252
1060,8.8125,21.0283
1068,9.0859,22.1455
1076,8.8447,21.4883
1084,9.2070,21.1113
1092,9.3896,21.6582
1100,9.1816,21.2988
1108,8.9023,19.7764
1116,9.2500,21.9766
1124,8.8711,20.9902
1132,8.9277,20.7188
1140,9.3838,21.8594
1148,9.1787,28.3311
1156,9.1367,21.7080
1164,9.5938,22.2295
1172,9.1201,21.4082
1180,9.0059,20.4785
1188,9.3848,22.1875
1196,9.1748,21.3906
1204,9.0273,21.4150
1212,9.0898,21.6123
1220,9.0850,21.5430
1228,8.8916,22.0537
1236,8.9141,22.0293
1244,8.9014,21.9375
1252,8.7148,21.0811
1260,8.8604,22.2783
1268,8.7227,20.3691
1276,8.6309,20.9922
1284,9.5059,21.7891
1292,9.1162,20.6230
1300,9.0078,21.4424
1308,8.9414,21.3633
1316,8.8623,20.9590
1324,8.9541,25.9697
1332,9.2227,21.4277
1340,9.1543,21.5098
1348,8.9658,21.4492
1356,9.0957,21.2246
1364,8.9541,20.9580
1372,8.7441,20.8730
1380,8.9648,21.0166
1388,8.7930,21.3633
1396,8.9082,20.6260
1404,9.0264,20.5313
1412,8.7793,21.0078
1420,8.7246,21.4922
1428,8.6602,20.7451
1436,8.8135,21.5205
1444,9.0361,21.4541
1452,8.8359,20.9063
1460,8.8086,20.9805
1468,8.6943,20.9639
1476,8.9238,21.8389
1484,9.0576,21.2949
1492,9.0068,21.2773
1500,8.7207,25.8086
1508,9.0762,22.0908
1516,8.9180,22.2764
1524,9.1943,21.8125
1532,8.9980,21.5938
1540,9.0557,22.0234
1548,8.7510,21.6641
1556,9.0264,22.6260
1564,8.8496,21.4619
1572,8.8389,22.0205
1580,8.8379,21.5273
1588,8.8672,21.8574
1596,8.7373,21.3887
1604,8.9990,22.4287
1616,8.7031,21.3516
1628,8.7598,21.6143
1640,8.9326,22.4668
1652,8.9746,21.6465
1664,10.1240,25.9414
1676,8.9121,21.9590
1688,8.8887,22.0537
1700,8.8467,21.4873
1712,8.8389,22.1855
1724,9.0449,22.2568
1736,8.4434,21.4482
1748,8.6338,21.9258
1760,8.8242,22.6133
1772,8.9648,22.3496
1784,8.8633,22.3701
1796,8.8867,21.5283
1808,9.6787,23.0527
1820,8.7412,22.5361
1832,9.2539,23.7793
1844,8.7529,21.8711
1856,8.8369,22.2090
1868,8.7783,21.8945
1880,8.7109,21.6982
1892,8.6777,22.3682
1904,8.6416,21.7441
1916,8.9619,22.6582
1928,9.0264,22.2520
1940,8.6865,22.6875
1952,8.8203,22.3789
1964,8.8008,22.6660
1976,8.7969,23.0586
1988,8.7510,23.2725
2000,8.9668,22.9482
2012,8.8125,22.3428
2024,8.7822,22.5420
2036,8.9219,23.2686
2048,9.5889,25.5537
2060,11.8662,24.4404
2072,11.4668,24.7607
2084,11.5508,33.3457
2096,12.0293,25.4180
2108,11.5469,24.3486
2120,11.4648,23.7871
2132,11.3691,25.1084
2144,11.4385,24.7373
2156,11.5449,24.6680
2168,11.3555,24.4873
2180,11.7646,24.9990
2192,11.5957,25.3809
2204,11.5518,24.7100
2216,11.5615,24.7500
2228,11.3809,24.8545
2240,11.2598,24.3906
2252,11.5781,24.2305
2264,11.1230,24.1553
2276,10.9932,24.8750
2288,10.9980,24.4160
2300,11.0938,23.9639
2312,11.7090,30.8184
2324,11.4248,25.0635
2336,12.1826,25.1855
2348,11.2959,25.1592
2360,11.1973,24.8018
2372,10.7236,23.4385
2384,12.4600,25.2988
2396,11.0078,24.6133
2408,11.0801,24.5898
2424,11.0127,24.6514
2440,10.8252,24.3936
2456,10.9043,23.6885
2472,11.1182,23.4512
2488,10.9912,24.3984
2504,11.4170,25.1328
2520,10.7695,23.8301
2536,11.2715,24.9043
2552,11.1973,25.1533
2568,10.8320,23.3486
2584,10.7979,23.9443
2600,18.0752,24.7891
2616,11.3975,26.3545
2632,10.6885,24.1660
2648,10.9033,24.5781
2664,11.1045,24.6904
2680,11.2490,25.1094
2696,11.3984,25.3867
2712,11.1357,25.0723
2728,11.2363,24.7002
2744,10.8916,24.0273
2760,11.1436,24.8135
2776,10.7832,24.1621
2792,10.9746,28.5596
2808,11.1709,25.3154
2824,11.0225,24.9951
2840,11.0762,24.4697
2856,10.9922,24.6904
2872,11.2119,24.9443
2888,11.3008,25.6338
2904,11.3066,25.8389
2920,11.4756,25.6963
2936,11.3057,25.0176
2952,11.0986,24.4648
2968,11.3691,26.0459
2984,11.6494,26.2988
3000,11.3506,26.1016
3016,10.8867,24.6699
3032,10.9395,24.5576
3048,10.9521,24.8906
3064,11.2002,25.0010
3080,11.1533,24.5381
3096,12.1846,25.5234
3112,11.2871,25.6943
3128,11.2295,26.6191
3144,11.4873,26.5488
3160,11.3438,26.3369
3176,10.7910,25.0244
3192,11.3457,25.7236
3208,41.4297,26.8330
3228,11.2500,25.6221
3248,11.5400,26.0830
3268,11.1025,25.4668
3288,11.2217,26.3877
3308,11.3994,26.2715
3328,11.1387,25.4531
3348,11.4063,26.6533
3368,11.2012,25.4775
3388,11.5371,27.2920
3408,11.5508,27.1719
3428,11.5068,25.4063
3448,11.1885,26.0674
3468,11.3193,26.3477
3488,11.6143,26.8721
3508,11.8564,25.6094
3528,10.7207,24.8936
3548,10.8652,25.4346
3568,11.0713,31.2422
3588,11.3154,26.1250
3608,11.4541,26.8320
3628,11.3154,27.0850
3648,11.2256,26.4287
3668,11.3398,26.4043
3688,11.1543,25.9063
3708,11.2744,26.2910
3728,11.1611,26.4844
3748,11.2627,25.5781
3768,11.3447,26.9932
3788,11.2871,27.0313
3808,11.1816,26.6514
3828,11.3330,26.5664
3848,11.3066,26.6064
3868,11.4385,26.8369
3888,11.3105,26.7588
3908,11.5117,26.5146
3928,11.2412,26.2197
3948,11.4395,26.3799
3968,11.2734,27.4893
3988,11.0703,25.4150
4008,10.9668,26.8203
4032,11.1631,26.2139
4056,10.7334,25.7910
4080,10.9941,26.5986
4104,17.2207,28.0371
4128,17.5938,28.7002
4152,17.9141,29.4824
4176,18.3750,29.1006
4200,13.5410,27.9590
4224,13.2305,27.7510
4248,13.6572,27.4434
4272,12.8770,26.9893
4296,13.3867,27.6045
4320,22.7002,27.2168
4344,12.6650,26.4678
4368,12.7383,26.6641
4392,12.9707,27.7334
4416,13.0645,26.6025
4440,13.0420,26.4033
4464,12.9014,27.0586
4488,12.9150,26.5869
4512,12.9766,26.9697
4536,12.8877,26.5137
4560,12.6592,26.5938
4584,13.5527,28.2002
4608,13.0332,27.0918
4632,13.3213,27.4277
4656,12.9795,27.4883
4680,12.7021,26.5059
4704,13.4277,27.6582
4728,13.3398,27.2051
4752,17.5635,27.2217
4776,13.2158,27.7344
4800,13.4248,27.3535
4824,13.4141,28.2852
4852,13.0713,28.1074
4880,12.9785,27.1387
4908,13.0928,27.3115
4936,12.7422,27.2178
4964,12.8525,27.1504
4992,13.1621,27.6455
5020,12.8965,26.7568
5048,13.1309,26.6553
5076,13.2979,28.3037
5104,13.3379,27.7939
5132,13.7881,28.6621
5160,12.7344,26.2051
5188,12.8633,26.4297
5216,12.8809,33.2197
5244,13.3018,28.6592
5272,14.3379,27.5674
5300,13.1084,27.9746
5328,13.3623,28.2725
5356,12.9414,27.6816
5384,13.2031,28.2080
5412,13.6152,28.4854
5440,13.1836,27.7969
5468,13.2861,28.3008
5496,13.3018,27.8857
5524,13.2480,28.0029
5552,13.2549,28.2871
5580,12.8721,26.9932
5608,13.2227,28.2402
5640,13.1943,26.9834
5672,12.9736,28.2783
5704,13.0967,27.6582
5736,18.9414,28.1592
5768,13.0566,27.2061
5800,12.9893,27.2607
5832,13.0176,27.7324
5864,13.0947,27.3975
5896,13.1289,27.6914
5928,13.1543,27.8096
5960,12.8486,27.8330
5992,12.8877,27.7725
6024,12.7441,27.0410
6056,13.1748,27.6611
6088,13.2080,27.8750
6120,13.0742,27.8750
6152,13.1758,28.5664
6184,12.9512,27.4990
6216,13.5186,28.4727
6248,12.8350,27.7451
6280,13.2178,32.9375
6312,13.2080,28.4238
6344,12.8281,27.2139
6376,12.8340,28.0078
6408,13.3711,28.7725
6444,13.2891,28.1475
6480,13.0557,31.2617
6516,12.9814,27.3604
6552,12.8184,26.5215
6588,13.3389,28.0176
6624,13.2539,28.7393
6660,13.5469,29.6357
6696,13.3760,28.5518
6732,13.0527,27.9785
6768,12.9326,27.7227
6804,12.9189,28.1328
6840,12.6934,27.7568
6876,13.0732,27.5811
6912,13.3457,28.0166
6948,13.6299,29.5469
6984,13.4043,29.1533
7020,13.3779,29.3936
7056,13.7373,30.0586
7092,14.1152,28.2695
7128,12.8574,28.8613
7164,13.0889,28.2422
7200,13.4678,28.9570
7236,13.1807,28.2422
7276,13.2871,29.4102
7316,13.4766,30.0352
7356,13.5801,29.9512
7396,13.3457,29.4463
7436,13.1104,27.9219
7476,13.2754,29.8906
7516,13.1709,28.9600
7556,13.5176,29.1113
7596,13.8770,30.6885
7636,14.0557,29.8223
7676,13.3125,29.5078
7716,13.4980,29.8057
7756,13.1250,29.1465
7796,13.3564,29.8027
7836,13.3086,29.2363
7876,13.3799,29.8135
7916,13.5957,30.5654
7956,13.4873,29.5859
7996,13.3223,29.1924
8036,13.3398,29.8213
8080,13.5078,29.9873
8124,13.5186,29.1514
8168,13.3945,29.1748
8212,18.7900,46.3623
8256,18.8252,34.9043
8300,18.1416,30.3174
8344,18.7500,30.9277
8388,18.4463,29.9980
8432,18.2139,30.5293
8476,18.5381,29.9814
8520,17.7236,29.8828
8564,19.1094,29.5459
8608,17.6572,29.4648
8652,18.4727,30.6631
8696,17.5166,29.8428
8740,17.7754,30.5029
8784,17.8076,29.6143
8828,18.0049,29.6631
8876,18.4688,35.9082
8924,18.6357,31.2051
8972,15.5977,30.5186
9020,15.0156,28.5215
9068,14.7354,28.2314
9116,15.2959,28.8994
9164,15.5381,29.9580
9212,15.5186,29.9805
9260,15.2598,29.8672
9308,15.1318,28.7529
9356,15.0420,29.1904
9404,14.6494,29.0400
9452,14.8623,29.4688
9500,14.6602,28.2842
9548,14.8252,29.3770
9596,15.2617,28.9531
9644,15.5205,34.8809
9696,15.3574,29.6016
9748,14.9678,29.1504
9800,14.9521,29.4600
9852,15.4873,29.2490
9904,15.2451,29.8320
9956,14.7813,28.9434
10008,14.9414,29.2266
10060,14.3916,27.1572
10112,15.0654,28.7314
10164,15.3359,29.9541
10216,15.1250,29.9346
10268,15.0938,29.1973
10320,15.2354,29.8867
10372,14.4639,28.1221
10424,14.7900,29.3652
10480,15.7402,29.0742
10536,20.9277,30.0146
10592,14.9932,29.6514
10648,14.5781,28.5898
10704,14.9482,28.9600
10760,14.9121,29.2109
10816,15.3799,30.4033
10872,16.2490,29.8271
10928,14.7217,29.0342
10984,14.8369,29.5430
11040,14.5742,28.1484
11096,15.1982,30.2520
11152,15.8066,31.1719
11208,15.4951,30.0518
11268,15.4834,29.4844
11328,14.9824,29.7012
11388,15.2070,29.3857
11448,15.0732,29.7266
11508,14.9414,28.9541
11568,15.0410,29.6758
11628,14.7451,29.5791
11688,14.8496,28.8076
11748,14.8965,28.5352
11808,15.4844,29.3174
11868,14.9131,28.9473
11928,15.0449,87.8145
11988,15.4414,30.7695
12048,15.2588,30.4014
12112,15.4063,30.5713
12176,15.7754,30.7246
12240,15.7842,30.5137
12304,15.3457,30.9424
12368,15.2422,30.1680
12432,15.3008,30.9863
12496,15.3311,30.7363
12560,15.3770,29.6924
12624,15.7676,31.4023
12688,14.7461,28.5859
12752,15.9229,31.6484
12816,15.4473,29.7617
12884,15.4834,30.5908
12952,15.2148,29.3574
13020,14.9951,29.4902
13088,15.2588,29.5527
13156,14.5469,29.0283
13224,15.5908,30.9766
13292,15.5986,31.3418
13360,15.8154,31.0127
13428,16.1377,31.6514
13496,15.9443,30.7871
13564,20.7285,30.9844
13632,15.3672,30.9736
13704,15.4600,30.6230
13776,15.1563,30.8994
13848,15.0156,30.1221
13920,15.4893,30.8877
13992,15.3613,30.0732
14064,15.4346,31.1787
14136,15.6484,31.2891
14208,15.6563,31.5439
14280,15.5381,32.1201
14352,15.5869,31.3145
14424,15.0303,30.9561
14500,15.8086,31.6250
14576,15.4951,31.0615
14652,15.0586,30.3711
14728,15.2686,31.2188
14804,15.4941,31.3086
14880,15.5801,31.0449
14956,15.2607,30.8984
15032,15.8457,32.4102
15108,15.3535,31.2451
15184,15.6611,32.3330
15260,15.3760,32.1436
15340,15.6543,32.3574
15420,15.3232,30.9707
15500,15.7793,32.5283
15580,14.9941,31.4932
15660,16.2598,32.8154
15740,15.5576,31.3105
15820,15.2998,31.0654
15900,15.8145,31.7842
15980,16.0732,31.5547
16060,15.2686,30.4658
16144,15.8340,31.0879
16228,15.2021,30.4717
16312,15.4570,39.9902
16396,20.8486,33.6787
16480,19.8438,33.4209
16564,19.2871,32.3164
16648,17.5527,31.4316
16732,17.9141,31.5283
16816,17.6494,32.1602
16904,17.6504,31.2881
16992,17.4785,30.4219
17080,17.8496,32.5098
17168,17.9512,32.9746
17256,17.1943,73.4482
17344,17.9004,32.7412
17432,17.1328,30.8906
17520,17.3867,32.1162
17608,29.8828,34.8506
17700,17.5996,31.4189
17792,16.8955,29.9141
17884,17.4531,31.2207
17976,17.4590,30.8447
18068,17.3701,31.5283
18160,16.9170,31.3154
18252,17.3525,31.0313
18344,21.7783,32.3350
18436,17.1865,32.5742
18532,16.8848,30.9688
18628,17.0742,31.2480
18724,17.3115,31.0742
18820,16.8369,30.6582
18916,16.9824,37.2500
19012,18.3398,31.3965
19108,17.8398,30.6299
19204,16.9082,31.6689
19304,17.2178,30.8154
19404,17.2139,31.4014
19504,17.0537,30.9512
19604,17.1719,31.7041
19704,16.7744,30.2842
19804,16.8984,31.0645
19904,17.0342,31.0684
20004,16.9854,31.6143
20108,17.4160,30.9805
20212,17.3477,32.2334
20316,17.7217,31.5088
20420,17.4707,38.1797
20524,17.3135,31.0342
20628,17.1553,31.3936
20732,17.0635,30.5771
20836,17.3760,31.6406
20944,17.3652,31.8037
21052,17.1738,31.1318
21160,17.3271,32.1191
21268,17.6133,32.1807
21376,17.3994,31.1865
21484,17.7441,33.3721
21592,16.8223,31.1650
21700,17.2266,31.1123
21812,17.1104,30.9668
21924,17.2139,31.2314
22036,17.1133,31.0869
22148,17.6943,32.1064
22260,17.1406,31.5020
22372,16.9307,31.6680
22484,17.1670,32.1787
22600,17.3242,32.0117
22716,17.3232,31.7266
22832,17.0186,30.4482
22948,17.0957,32.1201
23064,17.3867,31.8623
23180,17.3213,32.4990
23296,17.3672,31.9473
23416,17.3760,31.8154
23536,16.8975,31.4170
23656,17.5684,32.6260
23776,27.2451,31.7871
23896,17.1904,31.0459
24016,17.3232,31.3340
24140,16.9785,31.6465
24264,17.2070,30.9492
24388,17.4883,31.1709
24512,18.0430,33.6719
24636,16.7568,30.9463
24760,16.7969,31.4756
24884,17.3398,32.2891
25012,16.8730,31.6846
25140,17.0645,32.4189
25268,16.6533,31.5039
25396,16.8809,31.3848
25524,16.4834,31.0684
25652,58.5732,32.5518
25784,17.2441,32.6133
25916,17.5879,32.9180
26048,17.2295,32.4766
26180,17.0898,31.6260
26312,17.9297,32.9922
26444,17.1191,32.7891
26580,17.3408,32.6221
26716,16.5098,30.2031
26852,18.0439,33.4102
26988,17.5967,33.1816
27124,17.3799,32.2617
27260,16.8350,30.7168
27400,17.1191,31.7402
27540,17.4092,33.0254
27680,16.7109,31.0088
27820,17.6602,33.0928
27960,17.0586,32.3730
28100,17.1836,31.7158
28244,17.0605,32.1230
28388,16.9082,31.1758
28532,16.9375,31.2363
28676,16.8574,31.5684
28820,17.4424,32.7852
28968,17.4209,32.9971
29116,16.8037,31.6494
29264,17.0029,31.4199
29412,17.0322,32.5244
29560,17.0283,33.1992
29708,22.1563,32.0430
29860,16.8584,31.9063
30012,17.6191,32.9199
30164,17.1895,32.7549
30316,17.1338,32.4951
30468,17.0459,33.2598
30624,16.7803,30.9873
30780,17.3564,32.9102
30936,17.4561,33.5303
31092,17.1689,32.5674
31248,16.9170,32.7891
31408,17.6504,32.4277
31568,17.1270,32.4844
31728,17.2510,32.8770
31888,17.2246,31.9893
32048,22.1963,33.3506
32212,16.5107,30.8643
32376,17.2783,33.2705
32540,17.0820,31.3086
32704,17.6016,33.3857
32868,23.6045,34.8623
33036,22.5645,35.0156
33204,22.2061,34.1494
33372,22.6240,33.5342
33540,22.5254,33.7480
33708,21.3506,32.6680
33880,21.4092,32.1943
34052,21.4355,32.8623
34224,22.0771,33.8242
34396,21.7959,34.2656
34568,22.2080,43.3945
34744,22.1465,34.5928
34920,21.8525,34.3008
35096,21.7725,33.4316
35272,21.9961,33.5449
35452,21.4473,33.1455
35632,22.1084,34.8926
35812,21.3047,32.5977
35992,21.8779,33.9590
36172,21.9854,33.2461
36356,21.7373,33.9307
36540,22.1367,34.3848
36724,21.4209,34.4961
36908,20.5361,36.6475
37096,19.3184,33.1836
37284,19.1143,33.9033
37472,19.2617,33.5156
37660,19.2061,33.3652
37852,19.1973,34.4033
38044,18.5547,32.0391
38236,19.4990,34.1875
38428,20.0273,45.6777
38624,20.3760,34.3213
38820,19.5215,32.7002
39016,19.4561,34.3691
39212,18.8838,33.2607
39412,61.0625,44.3027
39612,19.5293,34.1318
39812,19.2549,34.1377
40012,19.1543,33.7627
40216,19.8477,34.8096
40420,19.6855,34.4717
40624,18.9131,32.8223
40828,20.2080,34.8115
41036,19.4863,33.6602
41244,19.7686,34.6816
41452,19.5098,33.8936
41660,20.0850,35.2344
41872,20.0430,35.4629
42084,19.2861,33.8301
42296,19.3252,33.9463
42508,19.2070,33.4561
42724,19.6523,35.4648
42940,19.1660,33.9609
43156,19.1250,33.7637
43372,19.7432,33.4424
43592,29.6494,34.7764
43812,19.3867,33.6348
44032,19.5840,34.8984
44256,19.0000,32.9336
44480,19.5186,34.9248
44704,19.2275,34.4053
44928,19.5234,34.3906
45156,19.6025,35.0605
45384,20.0078,34.7061
45612,19.1807,34.0840
45844,19.2646,33.8535
46076,19.3564,34.3643
46308,18.8301,33.4912
46540,19.2480,39.6416
46776,19.4189,34.4434
47012,19.7188,34.1279
47248,19.1162,34.0889
47488,18.8086,32.7529
47728,19.0957,34.1348
47968,20.3877,34.6895
48208,19.7930,34.6563
48452,24.4551,34.8291
48696,20.2539,35.3721
48940,20.1357,35.4990
49188,19.2998,33.7930
49436,20.9609,36.4072
49684,19.4072,33.6729
49936,20.4160,42.3652
50188,20.5723,35.7695
50440,20.0195,34.9131
50696,20.4033,34.3613
50952,51.3760,34.4639
51208,19.5293,34.8184
51468,19.8115,35.0391
51728,18.6553,32.6787
51988,18.9248,33.3721
52248,19.5840,35.0938
52512,19.6553,34.7998
52776,19.9199,35.0176
53040,19.4375,34.7402
53308,19.0625,39.6895
53576,19.3213,34.3105
53844,19.7803,35.0908
54116,19.7988,35.3994
54388,18.8994,33.9316
54660,19.3799,34.0225
54936,19.1973,34.1338
55212,19.0957,34.5791
55492,19.6230,36.0049
55772,19.5488,34.9004
56052,19.0391,34.8154
56336,19.5029,35.7061
56620,19.6211,35.5957
56904,19.3877,36.0645
57192,24.7422,35.4922
57480,20.5146,33.7568
57768,18.6338,32.5596
58060,18.6074,33.4316
58352,18.8408,34.1025
58644,19.2158,34.8877
58940,19.4834,36.1260
59236,19.6260,36.5039
59536,18.6396,33.7139
59836,19.1816,35.1855
60136,18.6885,32.8877
60440,19.2178,34.7422
60744,19.2900,34.9609
61048,18.8135,35.5088
61356,20.5137,36.3096
61664,19.1943,33.6846
61976,19.3516,34.8193
62288,20.5508,36.1963
62600,20.3828,35.9404
62916,19.5830,34.7393
63232,19.6807,34.8516
63552,19.1436,33.8154
63872,19.6816,35.4434
64192,20.1650,35.7354
64516,19.7002,34.9414
64840,19.0107,34.5615
65168,18.9863,34.4531
65496,24.8164,36.0967
65824,24.7666,36.2998
66156,25.1055,37.1006
66488,24.0605,35.9521
66824,24.8604,36.9180
67160,24.6025,36.6523
67496,24.7773,47.9404
67836,24.8994,37.1084
68176,24.9805,37.2422
68520,25.4072,38.9512
68864,25.2158,37.7148
69212,24.2510,36.5283
69560,25.2979,37.6357
69908,24.9541,36.9707
70260,24.4482,36.8486
70612,24.1074,35.9775
70968,25.2393,37.1680
71324,24.1016,36.4922
71684,24.2871,64.0645
72044,24.9346,37.0723
72408,25.1748,38.2764
72772,24.9248,37.1328
73136,25.3574,38.1289
73504,24.5596,37.8672
73872,24.0977,36.6221
74244,26.9150,36.1035
74616,24.0068,36.2559
74992,23.0654,36.0869
75368,23.5322,35.9375
75748,23.8086,37.6885
76128,23.9717,44.1885
76512,24.2080,36.9766
76896,24.1738,37.3154
77284,23.0088,36.3525
77672,24.5635,36.0303
78064,22.6123,34.6631
78456,23.2275,36.2881
78852,23.4238,35.9746
79248,23.0293,36.2900
79648,23.1563,35.6953
80048,23.2090,35.7266
80452,22.9609,35.9346
80856,22.9824,50.0547
81264,22.9453,35.2129
81672,23.3887,35.9990
82084,22.3652,35.0801
82496,22.4795,34.9502
82912,22.6514,35.8896
83328,23.0303,35.4541
83748,22.3936,35.2236
84168,23.2861,36.5430
84592,23.7344,36.5205
85016,23.5996,36.7324
85444,22.6426,35.4951
85872,23.4482,37.1328
86304,28.8330,36.6650
86736,23.4629,35.2432
87172,22.8223,35.5381
87608,23.8096,37.5391
88048,23.0449,36.3750
88492,23.4551,37.8652
88936,23.0645,37.1465
89384,22.6270,37.0518
89832,23.1680,36.8242
90284,22.6162,41.2969
90736,22.6318,36.9053
91192,23.3701,38.0850
91648,28.0371,36.7041
92108,22.9619,37.7344
92572,22.5752,36.3867
93036,22.5127,36.4082
93504,23.0869,36.6465
93972,23.1768,37.7666
94444,22.9033,37.4199
94920,22.3037,36.7109
95396,22.6162,36.2705
95876,22.1865,35.9160
96356,22.2295,36.6211
96840,22.7490,36.6494
97328,21.9326,40.8350
97816,21.8906,35.6592
98308,23.2168,38.0869
98800,23.3926,37.3682
99296,24.0088,38.7393
99796,22.9316,37.6377
100296,22.4531,36.0283
100800,21.8818,35.1514
101304,22.2275,37.0322
101812,22.4102,35.9609
102324,22.6328,37.0664
102836,22.4795,37.2998
103352,22.6465,37.3682
103872,26.8184,36.7158
104392,22.1387,35.9365
104916,22.9785,37.6133
105444,22.3359,36.8965
105972,22.2930,36.7412
106504,22.3682,37.0400
107040,22.6709,37.1055
107576,22.9580,37.8633
108116,21.9785,36.1396
108660,22.1738,36.8252
109204,22.9414,38.1748
109752,22.7861,37.8838
110304,22.1348,127.7686
110856,24.1182,37.3301
111412,22.6621,38.1904
111972,22.7588,37.9404
112532,22.0645,36.6436
113096,23.1396,38.3428
113664,21.4404,35.1670
114236,23.1123,38.9619
114808,22.3057,37.0020
115384,21.9531,36.1553
115964,22.0947,36.6143
116544,23.6953,45.6338
117128,22.8975,38.1846
117716,22.1699,36.7598
118308,22.3008,37.6729
118900,22.9434,37.4385
119496,23.1074,38.6279
120096,22.9307,39.2637
120700,33.5010,40.3066
121304,22.7461,38.6797
121912,23.2148,39.4180
122524,22.3496,37.0830
123140,21.9043,36.2246
123756,21.6387,41.8564
124376,22.8301,37.8750
125000,22.4023,37.3711
125628,22.9092,39.3643
126260,22.9111,40.0566
126892,23.2773,39.3174
127528,22.4805,37.1963
128168,22.5977,37.8594
128812,22.0215,37.3213
129460,22.7959,39.5117
130108,23.1182,39.6709
130760,22.4600,37.6377
131416,28.0615,48.7598
132076,28.1006,40.5742
132740,26.3076,38.6689
133404,25.7686,38.6689
134072,25.3496,39.2158
134744,25.3643,38.5684
135420,31.5107,38.9063
136100,24.6025,37.6602
136784,25.3262,38.3145
137468,25.1719,38.6016
138156,24.9482,37.8389
138848,24.8135,38.1816
139544,24.7598,37.7520
140244,25.1377,38.8672
140948,25.3281,38.9873
141656,24.2295,37.2998
142368,25.6641,39.1680
143080,25.3779,45.8047
143796,27.5176,39.7129
144516,25.6113,38.2715
145240,25.7783,38.3037
145968,26.9688,39.2412
146700,26.5381,39.2021
147436,26.9473,41.4004
148176,25.3447,37.7861
148920,25.1123,39.1475
149668,26.3477,39.6709
150420,25.7646,39.7656
151176,25.4473,44.4775
151932,25.9219,40.8291
152692,24.6621,37.9014
153456,25.6689,40.0000
154224,25.0889,39.0938
154996,24.5449,37.8174
155772,23.9111,36.6963
156552,25.4570,38.6816
157336,25.9893,40.6563
158124,25.2568,43.9688
158916,25.3906,39.5957
159712,24.7930,44.1318
160512,25.3857,39.9346
161316,27.2051,41.4697
162124,24.5859,39.6982
162936,25.3418,38.1650
163752,26.0820,37.9258
164572,26.4678,39.3086
165396,26.3711,39.5234
166224,25.4111,38.5244
167056,25.4238,38.8604
167892,26.0771,39.8096
168732,25.5186,46.0664
169576,27.2393,43.3076
170424,25.2598,39.8506
171280,25.3398,39.7080
172140,26.0723,40.9111
173004,26.0684,40.6035
173872,25.9639,39.4336
174744,27.0029,42.2529
175620,25.0869,39.9170
176500,25.8262,40.6621
177384,25.2666,39.5137
178272,24.2158,63.0947
179164,24.6074,39.7461
180060,24.7236,39.8672
180964,25.5322,39.9834
181872,25.4502,39.6777
182784,26.2354,40.2998
183700,27.1875,40.9033
184620,26.4561,40.0645
185544,24.8135,38.2607
186472,25.8848,40.0078
187408,25.4053,39.1133
188348,30.7266,39.1191
189292,26.6123,41.4756
190240,25.4834,38.5459
191192,26.2871,39.9482
192148,25.9707,42.2090
193112,26.1006,40.5195
194080,25.8545,41.2422
195052,25.1895,40.1729
196028,25.5557,40.2686
197012,25.7158,41.1016
198000,25.7939,40.1416
198992,31.3691,41.4717
199988,25.2383,39.8848
200988,26.2939,41.6475
201996,25.5439,41.0859
203008,24.1797,38.4102
204024,26.0000,41.5146
205048,25.5566,40.2354
206076,25.7256,40.9131
207108,25.5166,39.9023
208144,25.4766,39.7334
209188,25.3672,40.3701
210236,25.4590,40.4688
211288,26.3115,42.4033
212348,25.0693,39.7666
213412,26.0029,41.5342
214480,24.9238,41.3564
215556,26.2666,42.2734
216636,31.7939,40.6338
217720,26.5596,41.1885
218812,26.1787,43.4600
219908,26.0400,41.1113
221008,25.8838,40.8564
222116,27.5791,44.0225
223228,25.5537,41.1895
224348,26.6973,42.5586
225472,26.6191,42.6025
226600,26.7852,42.2031
227736,26.3730,47.6836
228876,26.2715,42.4668
230024,26.2295,42.6104
231176,26.0703,41.9775
232332,26.2217,44.8887
233496,26.2344,42.4678
234664,27.5020,43.5605
235840,26.4189,40.2295
237020,26.0234,40.0908
238208,25.9199,40.6699
239400,25.8164,46.3496
240600,26.9023,41.9238
241804,27.2002,42.5176
243016,26.8916,42.9961
244232,25.3984,40.6875
245456,24.8320,38.9990
246684,26.9658,42.1719
247920,25.2471,39.4082
249160,25.4375,39.9678
250408,26.6426,42.7744
251664,26.6279,41.7471
252924,36.3926,44.2754
254192,27.0566,43.5029
255464,27.3965,44.4658
256744,26.7334,42.5156
258028,25.5830,41.3867
259320,26.5303,42.5986
260620,26.1035,41.9150
261924,26.5430,41.7275
263236,28.7188,49.6113
264556,29.5371,43.8467
265880,29.8691,43.9463
267212,28.5918,41.7246
268552,28.6357,42.8760
269896,29.0498,42.3760
271248,28.7646,42.9727
272608,29.3359,43.6602
273972,28.7393,43.5010
275344,28.7607,43.2637
276724,28.8613,43.7295
278108,29.2344,43.8018
279500,29.7158,44.5566
280900,28.8066,43.4150
282308,29.3564,43.2617
283720,28.4932,42.2686
285140,29.3418,43.9414
286568,27.4492,40.4922
288004,28.5781,42.0439
289448,28.3623,41.7832
290896,28.0615,42.1035
292352,28.0615,65.5146
293816,30.4102,41.8408
295288,28.2559,42.0234
296768,29.9570,44.4678
298252,28.7686,41.1377
299744,29.4541,42.1338
301244,28.0732,41.8740
302752,27.6191,40.2529
304268,28.7441,42.8379
305792,27.9941,40.7598
307324,30.3086,44.8760
308864,29.8330,43.8877
310412,30.1367,42.6133
311968,28.1191,42.1504
313528,28.3535,42.3027
315096,29.2021,43.1504
316672,29.1279,42.3027
318256,28.4512,41.8828
319848,28.2402,40.8975
321448,33.5615,41.0977
323056,28.9707,41.8584
324672,28.5098,42.7686
326296,29.2891,43.0566
327928,28.2285,41.1895
329568,29.7744,43.9238
331216,29.2646,42.3975
332876,28.9307,42.5313
334544,28.8115,42.5225
336220,29.0889,43.0059
337904,33.5410,42.5635
339596,29.0107,42.9980
341296,28.4541,42.2764
343004,28.9355,42.7314
344720,27.6533,41.7559
346444,28.1406,41.1377
348180,27.8447,41.5020
349924,29.6387,44.0098
351676,28.3857,42.4941
353436,28.0068,42.5205
355204,53.0439,42.9346
356984,28.8896,42.8945
358772,28.2158,42.1182
360568,28.4053,42.5615
362372,28.8730,42.1270
364184,29.3711,43.1445
366008,30.2383,44.2197
367840,29.9199,44.4482
369680,29.8389,44.2529
371532,29.9863,44.3516
373392,30.5322,44.5420
375260,29.4063,42.9434
377140,29.7109,43.7529
379028,28.8281,46.9736
380924,29.0459,78.9199
382832,27.8701,40.4160
384748,28.4854,42.9414
386672,28.5459,42.1406
388608,28.6221,42.4443
390552,28.7402,42.3613
392508,29.1543,43.9814
394472,27.8252,41.8721
396448,28.5068,42.3027
398432,29.1582,43.7598
400428,28.8701,45.9502
402432,29.0859,44.2959
404448,29.8271,45.2500
406472,28.4531,43.0273
408508,28.7314,44.2617
410552,28.8262,43.6387
412608,29.6699,43.5605
414672,29.5713,45.2021
416748,28.3203,43.6611
418832,28.2695,50.7715
420928,30.5557,44.2051
423036,28.1182,43.6240
425152,27.2305,41.9512
427280,28.2178,44.2627
429420,29.0137,45.3867
431568,28.0967,42.3994
433728,29.1543,44.0596
435900,28.9756,44.4570
438080,30.1689,45.2354
440272,37.8770,44.5244
442476,28.8652,43.1445
444692,29.6191,44.3193
446916,29.0938,44.2412
449152,28.9238,43.8340
451400,28.4551,43.1094
453660,28.7715,43.8164
455932,29.1504,44.4980
458212,28.5693,52.5840
460504,28.3936,43.5371
462808,28.4600,43.2119
465124,29.2588,45.0381
467452,29.5693,42.7744
469792,30.0430,44.1748
472144,28.8496,43.7012
474508,30.2188,43.5518
476884,29.2139,43.1123
479272,30.3867,45.2178
481672,29.6963,44.1416
484084,29.7754,45.2148
486508,28.6055,43.6172
488944,29.4756,44.5381
491392,28.8262,44.0215
493852,27.5469,41.8232
496324,28.7637,44.4111
498808,28.0215,43.0205
501304,28.9463,44.9834
503812,29.9756,46.6729
506332,28.9355,44.4063
508864,28.5928,44.2051
511412,28.7920,44.7021
513972,28.4072,44.7002
516544,28.8242,44.4990
519128,29.5977,46.2861
521724,29.0957,44.0693
524336,37.0439,168.2637
526960,32.6338,46.7207
529596,34.0264,46.1162
532244,31.5371,45.1279
534908,30.8672,42.9863
537584,32.3379,46.7715
540272,30.9443,43.9639
542976,31.4736,45.9365
545692,48.1602,45.4990
548424,31.4902,44.6182
551168,32.1387,45.6641
553924,29.9639,42.3525
556696,31.7129,46.0479
559480,31.6152,49.0576
562280,31.5889,45.7275
565092,30.9688,44.1416
567920,31.6641,52.0635
570760,32.5361,44.8984
573616,31.3926,45.5264
576488,30.5742,44.0195
579372,31.6904,46.5166
582272,31.2871,44.7656
585184,31.6104,45.2852
588112,30.9922,44.7402
591056,32.2363,45.2715
594012,31.5098,47.6934
596984,30.6494,45.2168
599972,32.2988,46.7197
602972,31.4238,45.6475
605988,32.5537,46.7861
609020,31.2666,46.2373
612068,31.4668,45.7998
615132,31.7861,46.4199
618208,35.7393,44.6924
621300,31.6152,47.3486
624408,32.9121,48.4521
627532,32.3213,47.1602
630672,29.9697,43.7041
633828,32.3740,46.2754
637000,30.3145,44.5879
640188,30.5693,44.0537
643392,31.0576,50.8535
646612,32.2705,47.0889
649848,31.7598,47.1250
653100,30.5703,45.6152
656368,32.5801,47.4063
659652,32.7656,48.0313
662952,31.2305,45.6436
666268,30.2754,44.8076
669600,31.2139,55.8633
672948,32.2217,46.4141
676316,31.0000,49.9189
679700,32.0840,47.2109
683100,30.7061,44.5869
686516,31.0117,45.7119
689952,31.8760,45.5410
693404,31.0400,46.4512
696872,32.6875,53.5078
700360,32.2676,46.9072
703864,31.4023,44.9990
707384,30.2988,44.9541
710924,33.0615,46.5273
714480,31.6914,46.7012
718056,31.9639,46.8066
721648,31.2861,46.3643
725260,31.1787,45.6699
728888,31.4209,45.9844
732536,30.5732,45.0684
736200,30.7588,44.9707
739884,30.6279,45.6914
743584,32.2393,45.2998
747304,30.9033,45.2354
751044,30.6270,44.4063
754800,32.1816,48.3223
758576,32.9199,46.7549
762372,33.6816,47.0898
766184,34.5254,48.9922
770016,33.6094,47.8457
773868,32.0156,45.3662
777740,33.4092,48.1494
781632,32.7002,46.3867
785544,33.2578,46.5645
789472,33.8066,48.1738
793420,32.6016,47.4141
797388,33.3945,47.7930
801376,35.2158,47.5273
805384,33.7861,50.9482
809412,31.7041,46.6436
813460,32.1396,47.7295
817528,33.5449,49.3740
821616,31.3047,46.7246
825728,32.0615,47.7686
829860,32.4922,47.8926
834012,31.8359,52.8408
838184,31.7402,47.1445
842376,31.4756,45.7207
846588,31.0869,45.3691
850824,31.9424,47.6543
855080,31.9414,49.5430
859356,32.2363,48.0654
863656,33.9219,48.0645
867976,32.6787,55.5000
872316,34.3818,48.7744
876680,33.1084,46.0400
881064,33.8857,48.5283
885472,32.6455,49.8818
889900,34.8408,50.0625
894352,31.7695,45.3496
898824,34.5596,48.6592
903320,33.4961,53.9814
907840,32.5000,47.0303
912380,32.7822,47.4307
916944,32.9570,48.0352
921532,33.3301,48.0947
926140,32.6768,46.8945
930772,33.2920,48.0488
935428,33.5547,46.7637
940108,32.9766,64.9063
944812,33.6592,50.0635
949540,33.3018,50.2793
954288,33.1025,49.4063
959060,32.7627,48.5723
963856,32.7852,49.7471
968676,32.7920,49.2607
973520,103.9746,51.6689
978388,33.3447,48.6104
983280,34.0283,49.6260
988200,34.2168,69.3828
993144,32.6514,49.3896
998112,32.6104,49.1914
1003104,33.5996,51.1973
1008120,43.6631,61.4414
1013164,81.5410,54.4707
1018232,32.5283,49.8525
1023324,32.6064,49.9434
1028444,33.6680,61.6982
1033588,35.2871,51.1260
1038756,40.2188,49.3506
1043952,33.0547,49.7578
1049172,38.1709,51.8906
1054420,37.2441,50.6953
1059696,37.0225,50.8955
1064996,36.9824,50.5684
1070324,43.5928,51.8193
1075676,37.9512,61.4482
1081056,36.0732,49.4482
1086464,35.9297,49.9424
1091900,38.1943,52.4971
1097360,36.4463,50.5049
1102848,36.3926,56.8545
1108364,36.7705,52.4316
1113908,35.7617,49.3887
1119480,59.2656,295.0420
1125080,37.5303,50.2090
1130708,37.0186,60.1055
1136364,37.1855,52.2021
1142048,38.0693,52.3896
1147760,36.8799,52.0244
1153500,37.6953,52.4219
1159268,37.2109,52.5586
1165068,40.0537,51.6094
1170896,37.1650,51.0732
1176752,35.8662,48.9971
1182636,34.5586,46.8086
1188552,35.6006,49.7686
1194496,36.7764,51.4033
1200472,36.4521,53.2852
1206476,39.5127,95.9111
1212512,35.7031,48.9326
1218576,37.2402,51.7129
1224672,36.6172,51.3057
1230796,35.4580,49.6973
1236952,35.7822,51.0332
1243140,36.1484,50.2627
1249356,42.1973,50.5977
1255604,35.0039,49.3545
1261884,38.6465,54.0186
1268196,38.8516,51.7920
1274540,34.9902,49.6035
1280916,34.5352,49.5869
1287324,35.9893,51.0254
1293764,35.7627,50.6367
1300236,34.4707,48.9150
1306740,35.3428,50.4229
1313276,36.0488,50.7793
1319844,35.8027,50.0371
1326444,36.1123,51.6367
1333080,35.7510,64.3936
1339748,41.3047,51.6309
1346448,35.3594,49.8135
1353184,35.8789,51.2295
1359952,36.2949,52.1777
1366752,36.9277,50.9912
1373588,36.7354,52.0586
1380456,37.0635,52.8496
1387360,37.2158,52.9189
1394300,36.1104,52.0625
1401272,35.5537,65.8809
1408280,36.4404,52.1230
1415324,36.3096,50.6133
1422404,35.2783,49.1064
1429520,42.2656,51.9688
1436668,37.9766,52.7207
1443852,37.4785,53.2256
1451072,36.1387,50.6631
1458328,36.5479,50.0049
1465620,36.7100,50.9551
1472952,36.6904,52.9805
1480320,38.0313,53.6074
1487724,36.9316,51.2910
1495164,45.6250,51.7656
1502640,37.4893,53.2930
1510156,38.0352,53.1084
1517708,37.7988,52.9150
1525300,38.2705,53.0732
1532928,37.8115,54.9443
1540596,46.8828,56.7959
1548300,37.7559,53.2588
1556044,36.9541,51.8281
1563828,37.3027,51.1025
1571648,36.1445,51.4678
1579508,37.4502,52.1035
1587408,58.9033,54.1680
1595348,38.7393,55.5801
1603328,47.3457,54.2686
1611348,37.9961,91.9092
1619408,41.7549,54.8301
1627508,38.2979,52.4189
1635648,37.8252,53.6064
1643828,37.8174,53.6504
1652048,38.3916,61.6836
1660312,38.5781,54.5391
1668616,37.2031,52.4854
1676960,38.4180,54.0596
1685348,36.2334,51.0117
1693776,37.5439,62.3857
1702248,37.4355,53.6494
1710760,39.0898,55.5361
1719316,37.6318,53.2520
1727916,38.5625,54.6094
1736556,38.3730,54.4150
1745240,39.5322,55.8184
1753968,38.4814,54.3848
1762740,39.0918,54.3574
1771556,37.4717,51.5234
1780416,37.6533,53.8613
1789320,38.6855,53.2070
1798268,37.7012,53.4092
1807260,37.5684,52.6504
1816300,37.9004,54.5352
1825384,37.1211,53.4990
1834512,37.7881,55.2646
1843688,37.0332,53.6738
1852908,38.1016,54.5723
1862176,38.3682,55.2637
1871488,37.6709,55.2646
1880848,37.8369,54.7676
1890256,38.3311,54.9404
1899708,38.2783,55.3955
1909208,38.3926,55.0410
1918756,36.7910,53.6201
1928352,37.3340,54.3623
1937996,38.9600,56.6992
1947688,37.1680,53.3223
1957428,39.9404,56.5439
1967216,38.2051,54.7793
1977056,40.5225,57.6465
1986944,38.6162,54.3203
1996880,49.5176,59.0020
2006868,38.2266,55.1172
2016904,38.3721,55.1914
2026992,38.2930,54.4844
2037128,39.5137,56.6436
2047316,37.9971,54.5566
2057556,39.8760,56.6016
2067844,39.4043,55.6270
2078184,38.2666,56.1543
2088576,40.0625,57.8115
2099020,45.5420,60.4121
2109516,42.1807,57.7441
2120064,41.1475,56.4297
2130668,41.1934,60.3613
2141324,42.3916,57.5303
2152032,42.6924,58.2393
2162796,41.7354,56.9473
2173612,41.6064,56.5322
2184484,43.0352,57.6416
2195408,43.1191,58.5332
2206388,39.7725,55.2510
2217420,42.7861,59.9258
2228508,43.0908,69.1729
2239652,43.0957,56.7510
2250852,44.4736,59.9053
2262108,44.5049,58.4180
2273420,43.3232,57.3389
2284788,42.8926,57.9268
2296212,45.4912,60.1680
2307696,42.5625,56.6260
2319236,44.3564,58.7988
2330836,42.9688,58.0234
2342492,44.7432,58.3359
2354208,44.6123,60.0781
2365980,43.4219,59.3945
2377812,43.2529,57.8447
2389704,42.6230,58.1914
2401656,64.1768,59.6738
2413668,44.4336,76.2646
2425740,42.0127,56.8760
2437872,43.1943,58.6357
2450064,41.4697,55.1221
2462316,41.4229,59.0527
2474628,44.7051,60.0869
2487004,42.8633,59.1709
2499440,40.3584,55.4521
2511940,42.0420,57.5508
2524500,49.5713,58.8916
2537124,42.2109,58.1797
2549812,42.6240,58.9941
2562564,40.8301,58.7021
2575380,41.1484,56.4805
2588260,41.0488,56.3564
2601204,40.4297,56.0498
2614212,42.9531,59.9912
2627284,40.8408,91.0713
2640424,40.9717,61.1426
2653628,40.8535,58.7314
2666900,46.1865,59.9189
2680236,40.6494,64.8525
2693640,42.4551,61.1230
2707112,40.9766,59.2813
2720648,41.0703,58.7373
2734252,40.9043,68.2441
2747924,41.4131,58.5576
2761664,41.2627,58.0830
2775476,41.9482,58.1475
2789356,44.0752,70.1729
2803304,43.1895,58.5938
2817324,43.3428,60.9561
2831412,44.2041,62.6846
2845572,42.0146,66.5654
2859800,41.4082,58.5586
2874100,42.1074,59.4961
2888472,40.4463,58.2529
2902916,42.4990,68.8613
2917432,42.9980,60.8213
2932020,42.6650,60.4570
2946684,41.8535,59.1006
2961420,41.8018,62.9678
2976228,42.7432,59.4570
2991112,42.0234,58.2031
3006068,41.9961,59.0303
3021100,42.0664,59.7256
3036208,41.2383,58.5596
3051392,55.3760,60.3633
3066652,43.2285,59.7861
3081988,43.4971,62.4648
3097400,41.5869,59.8877
3112888,42.7305,60.8242
3128456,40.6318,58.3672
3144100,41.1221,58.5439
3159824,42.2314,75.2803
3175624,46.3516,60.6680
3191504,41.3066,60.1104
3207464,41.2051,60.8672
3223504,42.8623,61.7871
3239624,42.9580,61.8281
3255824,41.0566,59.5742
3272104,43.0244,61.9717
3288468,44.7910,61.8574
3304912,42.9756,60.7998
3321440,42.0752,60.3398
3338048,42.6094,69.3232
3354740,43.3916,60.9238
3371516,42.2637,59.8672
3388376,42.4619,61.4824
3405320,49.7520,61.8174
3422348,52.0439,59.9590
3439460,42.7559,61.3770
3456660,43.7393,70.1426
3473944,41.9629,59.4033
3491316,42.5947,61.8447
3508776,42.9141,61.5674
3526320,43.2891,60.6611
3543952,43.4951,61.9707
3561672,42.2500,61.8955
3579484,46.5547,63.8633
3597384,59.8213,70.7285
3615372,45.1592,64.5049
3633452,46.1592,66.4395
3651620,44.3086,64.6289
3669880,46.8066,67.0039
3688232,45.2549,73.5703
3706676,44.5791,63.8682
3725212,43.2334,61.6523
3743840,43.3691,63.5010
3762560,44.3418,62.5674
3781376,43.9971,64.7129
3800284,43.1855,61.3955
3819288,62.3174,74.6055
3838388,47.1436,67.0459
3857580,46.0576,65.5723
3876868,46.4834,65.4854
3896256,46.8906,66.2109
3915740,45.6563,64.9336
3935320,45.7363,66.6504
3955000,45.7266,65.2734
3974776,44.8428,64.9922
3994652,44.8711,73.5898
4014628,47.3545,67.1299
4034704,46.3896,66.5391
4054880,43.8467,62.0088
4075156,45.3525,64.0244
4095532,47.1953,67.8574
4116012,46.3008,66.3955
4136596,46.4150,66.6699
4157280,45.3838,67.4707
4178068,44.3672,65.9463
4198960,52.4033,68.9775
4219956,54.6787,66.3262
4241056,47.9824,64.6807
4262264,48.3516,64.4775
4283576,49.1807,65.3096
4304996,48.6064,64.1104
4326524,46.8984,63.1514
4348160,47.6650,66.7344
4369904,49.1689,64.8584
4391756,49.2695,66.2813
4413716,50.1846,67.5322
4435788,48.9150,65.0713
4457968,50.7939,66.7070
4480260,62.0361,66.6689
4502664,48.9150,65.1191
4525180,49.5869,66.7275
4547808,50.6113,67.8467
4570548,51.1748,69.1299
4593404,51.1260,68.6436
4616372,50.2148,67.4951
4639456,49.8340,67.3506
4662656,49.9209,74.2168
4685972,49.7314,66.3936
4709404,48.3857,64.3438
4732952,49.2852,73.8604
4756620,50.0107,65.4189
4780404,49.6055,68.4980
4804308,47.8994,66.6758
4828332,48.5361,64.1553
4852476,51.6035,70.2598
4876740,62.9639,66.5254
4901124,49.8350,66.9092
4925632,49.7842,65.9424
4950264,49.7510,66.4902
4975016,49.4629,65.3145
4999892,49.8320,66.4609
5024892,50.4434,68.0146
5050020,49.1182,66.1270
5075272,60.6748,69.3193
5100652,50.2227,253.1035
5126156,54.6826,71.2305
5151788,54.8135,69.5674
5177548,51.2275,68.5283
5203436,48.6475,64.0107
5229456,49.6152,67.2861
5255604,54.2998,65.2578
5281884,47.6455,65.4717
5308296,50.6729,78.9404
5334840,51.2295,75.6592
5361516,50.4258,69.2451
5388324,98.9102,68.8291
5415268,58.4033,67.6338
5442348,48.3174,67.3867
5469560,50.3359,68.9072
5496908,47.0410,69.0938
5524396,50.3457,68.9512
5552020,48.9521,67.2002
5579784,54.7959,65.7031
5607684,50.5869,68.8184
5635724,49.8096,68.8574
5663904,49.2783,67.8301
5692224,49.0869,67.1416
5720688,48.3105,65.6289
5749292,47.0361,64.9873
5778040,55.2070,70.6660
5806932,48.7188,66.5107
5835968,46.5566,62.8701
5865148,49.8789,69.1377
5894476,49.8145,65.6025
5923952,50.7959,69.1523
5953572,49.6260,68.0244
5983340,48.7549,66.6523
6013260,52.5400,69.6885
6043328,50.8486,68.5654
6073548,50.0283,68.9326
6103916,49.4600,67.3691
6134436,49.7295,66.5586
6165112,220.7373,69.4590
6195940,244.2002,71.8604
6226920,49.8135,67.9316
6258056,48.6602,67.0508
6289348,52.4395,71.5762
6320796,51.3320,69.6592
6352400,49.9834,74.5723
6384164,51.5361,70.8691
6416088,49.6299,66.8457
6448172,49.4521,66.6367
6480416,48.5898,67.4639
6512820,49.0439,69.3252
6545388,47.7256,66.0781
6578116,48.1250,66.8535
6611008,50.0674,69.5020
6644064,50.5811,70.9160
6677288,50.0527,68.7549
6710676,51.3096,77.4727
6744232,49.8232,68.6777
6777956,47.7031,65.9004
6811848,58.9854,66.5195
6845908,48.9258,68.7393
6880140,49.5264,69.9414
6914544,49.1221,68.2432
6949120,50.7256,87.4932
6983868,51.0586,71.3916
7018788,50.2832,71.4424
7053884,48.9844,68.2881
7089156,48.0859,65.8115
7124604,48.7383,68.4209
7160228,49.2480,69.2266
7196032,48.0254,76.1289
7232016,49.1592,69.1387
7268180,48.8740,67.5176
7304524,49.4346,75.7617
7341048,46.4063,67.1504
7377756,121.1387,71.6211
7414648,50.1543,70.9814
7451724,49.6387,71.0967
7488984,51.7373,72.8955
7526432,49.7041,69.2588
7564068,48.8584,69.0791
7601892,50.3281,71.7822
7639904,49.6084,70.9268
7678104,49.1045,74.1191
7716496,49.5166,69.7988
7755080,50.2383,79.7773
7793856,50.8174,71.6006
7832828,49.2637,67.9707
7871996,47.7207,65.8984
7911356,48.4482,66.9268
7950916,50.9111,72.0469
7990672,55.1191,75.5166
8030628,51.6221,72.5215
8070784,53.6592,68.6455
8111140,91.8516,79.6826
8151696,49.7979,71.0635
8192456,50.5830,78.8623
8233420,48.0596,68.1162
8274588,48.8770,69.2490
8315964,48.9785,68.9414
8357544,49.7783,70.5332
8399332,55.4785,72.0723
8441332,53.8047,70.9883
8483540,53.6074,70.0068
8525960,55.5059,69.0674
8568592,54.6416,71.4219
8611436,56.3867,73.0020
8654496,55.0801,83.8262
8697772,55.2910,70.4609
8741264,55.7939,76.5088
8784972,56.0225,71.8115
8828900,54.6172,70.7393
8873048,57.7529,74.2969
8917416,54.3682,70.7451
8962004,53.3193,70.5684
9006816,52.5752,69.2510
9051852,55.4365,72.1211
9097112,52.2715,69.5146
9142600,51.0527,68.2578
9188316,51.3545,67.9668
9234260,52.9951,70.6787
9280432,53.4912,75.2842
9326836,50.9658,67.9941
9373472,53.1621,79.4668
9420340,54.3105,72.6943
9467444,53.0830,72.1201
9514784,60.7754,70.8486
9562360,51.9854,69.6533
9610172,51.9756,68.3662
9658224,50.7520,74.9785
9706516,55.8818,71.8955
9755052,54.9248,71.5586
9803828,53.8672,70.8047
9852848,56.4424,72.3418
9902116,55.7715,87.9043
9951628,53.5713,70.8057
10001388,53.2930,68.8584
10051396,53.6221,71.8096
10101656,54.6016,73.7646
10152168,51.6445,69.2764
10202932,52.0371,77.6055
10253948,52.8594,71.3916
10305220,53.3633,71.8730
10356748,52.6816,70.9941
10408532,53.0342,72.1621
10460576,52.0068,74.3818
10512880,53.1436,74.0020
10565448,54.2090,72.8066
10618276,54.3936,73.6904
10671368,53.6484,71.1221
10724728,55.7734,74.0654
10778352,54.8418,81.4277
10832244,53.0625,70.9893
10886408,54.4717,71.3408
10940844,54.3096,74.3184
10995552,52.2588,69.8086
11050532,52.8096,70.0957
11105788,54.1357,73.8877
11161320,55.3271,73.5996
11217128,53.5566,69.3467
11273216,63.7793,74.4834
11329584,52.7100,69.9668
11386232,55.1172,82.6055
11443164,58.0352,72.2510
11500380,53.2129,71.8477
11557884,52.9863,72.8184
11615676,55.1563,73.8877
11673756,53.4805,70.0430
11732128,55.7949,74.6416
11790792,54.8193,79.8838
11849748,54.5078,72.5811
11909000,53.7158,70.9336
11968548,55.4873,79.1426
12028392,55.7090,74.1816
12088536,55.4131,73.1846
12148980,96.3398,89.5342
12209728,72.8135,314.3467
12270780,63.0449,78.4131
12332136,57.3857,77.4648
12393800,56.4072,79.6523
12455772,68.7783,72.5449
12518052,55.1162,73.9766
12580644,55.1855,74.7090
12643548,53.8477,75.1191
12706768,77.1582,81.6611
12770304,53.6055,76.5781
12834156,53.1133,71.5518
12898328,54.2627,74.8467
12962820,53.5547,72.6260
13027636,55.2842,76.1113
13092776,53.6758,74.1797
13158240,52.8555,72.2705
13224032,52.5879,73.0264
13290156,55.1230,73.9541
13356608,53.0391,71.9121
13423392,58.3623,85.4209
13490512,55.2959,74.3662
13557968,52.4990,70.1172
13625760,58.7793,71.5127
13693892,53.1875,74.8936
13762364,55.9199,74.9316
13831176,53.3652,78.1592
13900332,54.2422,79.9941
13969836,53.1348,72.4248
14039688,54.9043,74.5391
14109888,69.0830,73.5166
14180440,54.8477,74.8174
14251344,55.8799,78.8691
14322604,55.1523,75.3779
14394220,53.0068,74.7236
14466192,54.4102,73.3135
14538524,54.7910,74.9795
14611220,53.2109,71.5264
14684280,52.9873,73.3799
14757704,54.8174,76.6445
14831496,53.2188,73.7813
14905656,54.4912,74.3662
14980188,55.2793,76.8281
15055092,56.6309,73.2285
15130368,54.5557,75.3672
15206020,54.1699,73.2070
15282052,54.8730,85.1572
15358464,53.7988,72.5654
15435260,57.0127,75.3086
15512440,53.9063,73.9004
15590004,55.4570,77.0283
15667956,53.8115,73.8271
15746296,54.1494,73.2529
15825028,66.7803,76.4092
15904156,78.9619,73.8086
15983680,54.0244,73.3330
16063600,55.2158,75.0938
16143920,56.6836,81.0107
16224640,58.2783,77.3301
16305764,57.9014,77.5000
16387296,57.4922,101.0313
16469236,55.5215,75.7998
16551584,57.0625,77.3135
16634344,56.7090,75.5889
16717516,54.1787,73.5713
16801104,63.9375,79.4189
16885112,64.6260,78.4121
16969540,61.8223,77.7363
17054388,61.1133,74.1162
17139660,62.1670,103.1836
17225360,61.3340,74.1436
17311488,62.9951,80.8340
17398048,65.7734,84.2939
17485040,63.3311,90.0430
17572468,67.6816,80.2080
17660332,65.9365,82.9570
17748636,61.6973,74.6152
17837380,62.3584,77.4297
17926568,60.9258,78.7520
18016204,91.4521,84.7705
18106288,66.7148,77.9209
18196820,66.3271,75.9170
18287808,126.1113,102.8760
18379248,69.9170,82.0645
18471148,70.6924,80.3193
18563504,64.5654,77.5322
18656324,61.0576,78.6104
18749608,59.2598,77.4336
18843360,59.6123,76.3184
18937580,58.7686,75.0830
19032268,57.0850,89.7471
19127432,60.2646,78.3789
19223072,62.9473,80.5664
19319188,62.4170,78.5439
19415784,58.9912,76.2441
19512864,61.3145,77.0996
19610432,59.6709,76.8281
19708488,61.9111,79.7451
19807032,60.3691,78.1924
19906068,69.9141,82.3623
20005600,63.2422,79.5850
20105628,60.8975,77.0723
20206160,64.4697,81.6895
20307192,66.0244,81.3965
20408728,61.8213,77.9111
20510772,62.9668,79.7646
20613328,61.6338,78.2207
20716396,63.6582,79.9551
20819980,61.2979,78.9756
20924080,61.8086,81.5332
21028704,62.6064,77.5195
21133848,64.4141,79.4775
21239520,75.0879,85.4014
21345720,63.5820,77.7109
21452452,63.7734,79.4072
21559716,72.8594,82.3535
21667516,64.5957,83.8428
21775856,69.2861,78.8057
21884736,67.2393,84.2227
21994160,73.9854,113.5225
22104132,68.8975,82.6289
22214656,82.9951,117.4004
22325732,75.9258,118.3242
22437364,74.2988,84.2266
22549552,70.6436,83.6621
22662300,70.1807,90.1445
22775612,89.1650,84.9531
22889492,73.1689,89.4131
23003940,72.8721,86.1973
23118960,74.4580,82.3174
23234556,74.5107,85.4346
23350732,71.4639,85.5977
23467488,69.1709,84.7100
23584828,73.6523,83.0410
23702756,72.3594,88.4375
23821272,75.8340,83.6240
23940380,89.9492,92.6025
24060084,81.6875,88.9229
24180388,90.0127,94.4063
24301292,82.2412,88.7080
24422800,84.4121,95.2441
24544916,78.4365,90.0654
24667644,93.7959,89.8887
24790984,80.9922,99.1084
24914940,80.7373,95.5938
25039516,80.0166,93.6787
25164716,94.0557,102.7998
25290540,85.9863,100.3037
25416996,90.7627,99.1455
25544084,86.0225,98.5371
25671808,86.5977,99.7090
25800168,86.8066,132.8887
25929172,87.4902,107.3232
26058820,86.3252,103.8408
26189116,93.4648,102.6963
26320064,92.4678,110.4961
26451668,88.0479,97.7061
26583928,82.5488,97.3555
26716848,90.6133,106.7344
26850436,90.4717,102.8691
26984692,100.2832,125.0254
27119616,93.1084,114.4170
27255216,95.1006,119.6934
27391496,175.4932,121.3574
27528456,110.6758,99.7725
27666100,103.5156,111.1143
27804432,110.3076,108.9326
27943456,104.2959,109.1572
28083176,96.1660,109.2725
28223592,107.4648,111.6680
28364712,99.1680,113.6465
28506536,100.1846,109.8584
28649072,101.9668,111.0850
28792320,101.4443,115.6406
28936284,93.5938,115.2510
29080968,118.9033,115.1025
29226376,103.1914,115.2832
29372508,135.7510,117.9746
29519372,102.3652,117.4785
29666972,101.1797,110.9316
29815308,103.1475,155.4365
29964388,109.8779,113.1094
30114212,112.5029,113.8770
30264784,134.8330,111.3379
30416108,108.7744,116.1348
30568192,206.1045,118.1963
30721036,108.6445,121.2881
30874644,118.8535,120.5781
31029020,118.4590,121.3457
31184168,111.6230,120.9238
31340092,117.2793,116.7744
31496796,127.4189,127.0156
31654280,116.3203,124.8838
31812552,114.1074,123.7031
31971616,160.0303,119.1094
32131476,117.4600,134.7402
32292136,113.2227,124.6602
32453600,116.0313,126.4824
32615868,116.9277,128.5811
32778948,112.7949,142.4023
32942844,132.7725,128.5088
33107560,118.1641,132.0723
33273100,112.3760,123.9590
33439468,119.3594,133.2178
33606668,114.7246,126.3477
33774704,120.3740,123.9736
33943580,132.6875,143.9258
34113300,120.0430,155.1738
34283868,131.1260,126.2461
34455288,126.8545,129.7871
34627568,125.3311,127.4492
34800708,128.7734,131.8193
34974712,126.1406,133.6904
35149588,127.2080,123.2705
35325336,202.4111,172.9648
35501964,133.8750,130.2236
35679476,131.2539,138.2070
35857876,131.2383,159.8828
36037168,138.2656,134.6328
36217356,146.9121,128.1982
36398444,152.0840,147.4355
36580440,141.7393,148.7988
36763344,133.1123,133.5674
36947164,138.7910,128.5205
37131900,129.4434,142.0850
37317560,141.0430,147.1621
37504148,150.2627,128.9170
37691672,135.7852,135.5391
37880132,132.3223,286.6768
38069536,136.4609,133.2383
38259884,135.8584,137.6699
38451184,139.2969,135.6270
38643440,145.4902,136.2881
38836660,138.1260,136.1123
39030844,135.8828,134.2217
39226000,138.4268,130.7695
39422132,143.4463,150.0947
39619244,134.6689,149.1084
39817344,128.8359,131.3818
40016432,135.4248,135.4727
40216516,129.0107,131.8350
40417600,135.2617,146.4785
40619688,146.6865,145.1797
40822788,163.9199,135.4434
41026904,149.9863,146.8379
41232040,151.6436,165.0361
41438204,188.1172,141.2080
41645396,138.5410,137.0586
41853624,136.4580,146.0635
42062896,142.7188,149.7520
42273212,161.9893,137.5576
42484580,137.5322,142.4395
42697004,149.5850,141.2471
42910492,136.2334,145.6094
43125048,148.2354,144.3418
43340676,152.3750,143.0156
43557380,164.5977,148.5938
43775168,137.4766,136.6162
43994044,138.8848,142.6924
44214016,138.4941,168.8652
44435088,135.4580,167.4053
44657264,149.0967,464.3945
44880552,147.0361,146.5713
45104956,158.4678,149.4004
45330484,168.7119,144.0029
45557140,147.4902,147.5713
45784928,146.8525,166.7158
46013856,303.5225,141.5205
46243928,137.7129,141.8408
46475148,135.5107,136.4541
46707524,141.7598,152.2119
46941064,148.0342,229.9570
47175772,153.9814,171.0469
47411652,140.8330,138.9658
47648712,152.5557,164.6953
47886956,153.2627,162.7285
48126392,164.2715,160.9922
48367024,154.6689,153.5156
48608860,165.8115,156.5293
48851908,147.2773,150.4688
49096168,164.8477,157.1602
49341652,161.4092,154.7891
49588364,142.6982,157.3926
49836308,149.9434,162.1719
50085492,197.3721,159.7109
50335920,151.9492,169.2754
50587600,145.8350,160.7617
50840540,143.9902,148.7158
51094744,166.1162,157.1406
51350220,168.8369,151.9785
51606972,151.5742,196.4941
51865008,164.1738,199.8105
52124336,161.9541,173.2334
52384960,171.9814,176.3037
52646888,179.2686,162.7441
52910124,165.7773,163.6826
53174676,153.8389,154.0527
53440552,163.8818,167.6641
53707756,149.7666,153.9180
53976296,156.2480,174.4521
54246180,201.0459,147.2930
54517412,147.4883,161.9102
54790000,155.5342,163.7676
55063952,163.9404,168.4658
55339272,153.7227,166.3291
55615972,166.4170,489.5977
55894052,151.3643,158.9238
56173524,179.0459,362.8281
56454392,175.5654,191.4951
56736664,176.6592,177.2725
57020348,168.5527,166.6406
57305452,169.9463,174.5137
57591980,171.1768,173.7441
57879940,251.2461,173.0186
58169340,166.2383,175.6152
58460188,157.1533,169.0039
58752492,163.1162,170.5791
59046256,161.6816,173.2871
59341488,162.2803,177.0469
59638196,159.0088,166.9639
59936388,162.6709,171.6221
60236072,163.3916,171.0400
60537256,165.4443,178.6875
60839944,175.4746,199.2471
61144144,180.2920,174.0010
61449868,168.4111,171.4854
61757120,175.6211,176.1357
62065908,169.4502,172.9375
62376240,211.8691,178.7646
62688124,221.8730,182.9053
63001568,171.5010,172.5762
63316576,184.5254,183.6504
63633160,171.9639,185.2549
63951328,198.4258,192.0645
64271088,175.8389,183.7246
64592444,173.9951,179.3623
64915408,176.9775,186.1572
65239988,182.7598,193.4688
65566188,176.7910,193.9951
65894020,174.9463,203.0947
66223492,171.1660,180.5107
66554612,285.5244,203.6504
66887388,172.9912,207.1465
