4,1.0420,1.3105
8,1.7773,6.8652
12,2.2324,6.9834
16,2.2402,7.5898
20,2.7920,10.3945
24,2.7734,12.1221
28,2.7207,12.2695
32,2.7529,59.1826
36,3.2969,13.1631
40,3.2891,14.2549
44,3.2871,49.8291
48,3.3105,15.1729
52,3.2871,16.3096
56,3.2871,16.7461
60,68.7275,17.4150
64,3.2725,94.7168
68,3.8154,15.4385
72,3.7803,15.5801
76,3.7695,15.2617
80,3.7695,15.3652
84,3.7695,15.5293
88,3.7793,15.9541
92,3.7783,16.1143
96,3.8086,16.5420
100,3.7744,16.8203
104,3.7715,17.6348
108,3.7646,17.2813
112,3.7666,17.8115
116,3.7705,18.2725
120,3.7813,18.2188
124,3.7852,18.5176
128,3.7822,19.4668
132,4.3340,20.0225
136,4.3018,20.0625
140,4.3223,19.7422
144,4.3242,20.3896
148,4.3223,20.0176
152,4.3242,19.9502
156,4.3047,19.7158
160,4.2910,20.3447
164,4.2920,20.7461
168,4.2969,20.3916
172,4.3027,20.3477
176,4.3008,20.7930
180,4.2871,20.5547
184,4.2852,21.1816
188,4.2939,20.9922
192,4.3398,21.3037
196,4.3184,21.6416
200,4.2979,21.6816
204,4.3125,22.1816
208,4.3037,22.0566
212,4.3242,22.6826
216,4.3193,22.7178
220,4.3320,23.2578
224,4.3242,22.7920
228,4.3223,23.5957
232,4.2969,23.5781
236,4.3311,23.5635
240,4.2891,26.0947
244,4.3008,24.2891
248,4.3242,24.2637
252,4.2861,24.1973
256,4.2949,24.4814
260,4.9258,24.6396
264,4.9072,24.9131
268,4.9199,24.6924
272,4.9121,25.2236
276,4.9131,24.7949
280,4.9248,24.9238
284,4.9092,25.5293
288,4.9287,24.5205
292,4.9111,24.3320
296,4.9150,24.9688
300,4.9277,24.6924
304,4.9268,24.1865
308,4.9121,25.1465
312,4.9209,25.1182
316,4.9131,24.7666
320,4.9063,24.5371
324,4.9404,25.0879
328,4.9102,24.7051
332,4.9219,25.0332
336,4.9111,25.2373
340,4.9297,25.2539
344,4.9307,25.1436
348,4.9111,25.1289
352,4.9229,25.5664
356,4.9141,25.2041
360,4.9072,25.3301
364,4.9238,25.6445
368,4.9092,25.4834
372,4.9180,25.8164
376,4.9082,25.0986
380,4.9092,25.6572
384,4.9355,25.5957
388,4.9111,26.1611
392,4.9268,25.6973
396,4.9307,26.1914
400,4.9189,26.1279
404,4.9268,26.7119
408,4.9033,26.5332
412,4.9229,26.9023
416,4.9121,26.8252
420,4.9219,26.4072
424,4.9365,25.8145
428,4.9063,25.0850
432,4.9102,24.7793
436,4.9170,25.0332
440,4.9180,25.2041
444,4.9053,24.6318
448,4.9043,25.0381
452,4.9297,25.0449
456,4.9238,25.0596
460,4.9238,25.2305
464,4.9043,24.6211
468,4.9082,25.7598
472,4.9346,25.7646
476,4.9092,25.7422
480,4.9385,24.9082
484,4.9180,26.2285
488,4.9063,25.8242
492,4.9238,25.4727
496,4.9043,26.0811
500,4.9170,26.4053
504,4.9102,55.8633
508,4.9316,26.1191
512,4.9229,27.2871
516,8.3604,26.9902
520,7.9004,27.5029
524,7.7422,27.1934
528,7.8633,26.8340
532,7.7686,27.8643
536,7.7090,27.5283
540,8.0029,27.6699
544,7.8037,27.5088
548,7.7246,27.4902
552,7.8799,28.3389
556,7.7930,27.3984
560,7.8691,27.9639
564,7.6279,27.4434
568,7.8184,27.8525
572,7.8525,27.7012
576,7.6436,27.4551
580,7.7598,28.2168
584,7.7578,27.5498
588,7.7559,27.3848
592,7.7373,27.8008
596,7.8037,27.5625
600,7.6992,27.9033
604,7.6152,27.7666
608,7.8633,27.9854
612,7.7598,27.9688
616,7.7822,27.9980
620,7.6729,28.2920
624,7.7480,28.3867
628,7.7715,28.4170
632,7.7236,28.4014
636,7.7109,28.4756
640,7.8848,28.7285
644,7.5303,28.4043
648,7.6914,28.4893
652,7.8535,28.5049
656,7.7676,28.3760
660,8.0010,28.8525
664,7.6543,28.3633
668,7.8330,28.9424
672,7.7646,28.4199
676,7.8809,29.0664
680,7.6611,28.7139
684,7.7598,29.4072
688,7.6357,28.6699
692,7.5801,29.1416
696,7.6328,28.9365
700,7.6768,29.3789
704,7.7676,28.6699
708,7.6045,29.2793
712,7.6914,28.7920
716,7.8350,28.9746
720,7.8281,29.2461
724,7.6660,28.7959
728,7.8125,29.3047
732,7.8340,29.1680
736,7.7441,29.5332
740,7.7627,29.4434
744,7.6426,29.2236
748,7.6885,29.8369
752,7.7354,29.5127
756,7.9238,29.9209
760,7.9404,28.9863
764,7.7686,29.2598
768,7.7100,29.7803
772,7.8184,29.6836
776,7.7314,30.4297
780,7.6709,29.7002
784,7.8750,29.9922
788,7.7227,30.0293
792,7.7832,29.4268
796,7.4990,29.6699
800,7.8096,29.8691
804,7.8760,29.7393
812,7.5195,29.8564
820,7.6406,30.0439
828,7.8799,30.4053
836,7.7422,30.3574
844,7.5566,29.6924
852,7.6074,29.6006
860,7.4951,29.2949
868,7.9111,29.3633
876,7.7598,28.7598
884,7.7822,29.1338
892,8.0088,29.1943
900,7.7197,29.3574
908,7.7363,28.3779
916,7.7959,29.3516
924,7.8018,66.0596
932,7.9004,29.1904
940,7.7871,28.8682
948,7.8662,28.9414
956,7.5967,29.2402
964,7.7520,28.5625
972,7.8906,29.1484
980,7.8301,28.3936
988,7.7480,28.8447
996,7.8662,29.0684
1004,7.6445,28.8281
1012,7.7285,29.1240
1020,7.5889,29.7871
1028,11.4199,30.3857
1036,11.1631,30.4268
1044,11.2773,30.6348
1052,11.4531,30.4209
1060,11.7568,30.3945
1068,10.9834,30.6484
1076,11.1836,30.9092
1084,11.1885,31.2207
1092,11.1006,31.5146
1100,10.9209,31.2520
1108,10.8633,31.0098
1116,11.0889,30.0176
1124,11.0264,30.4502
1132,11.0059,29.7871
1140,11.2676,29.9795
1148,10.9170,30.5537
1156,10.8496,29.6650
1164,11.2256,30.2051
1172,11.3945,29.9551
1180,10.8467,29.4795
1188,11.0469,30.2139
1196,11.1152,30.8125
1204,10.8125,29.7891
1212,11.1729,29.8555
1220,11.0088,30.6045
1228,10.7764,30.1719
1236,11.0693,30.4561
1244,10.9043,29.8877
1252,10.5293,30.5205
1260,10.8184,30.8223
1268,10.9248,30.4502
1276,11.6807,29.0889
1284,10.6797,29.8877
1292,10.8301,30.5508
1300,10.8301,30.5000
1308,10.8945,30.6367
1316,10.8535,30.5498
1324,10.8506,29.8467
1332,10.6875,30.4805
1340,10.6729,30.4443
1348,10.8389,29.4063
1356,10.9893,29.9375
1364,11.2041,30.1006
1372,10.7461,30.7168
1380,10.7197,31.0566
1388,11.2412,30.4346
1396,11.2480,31.4521
1404,11.1104,30.9424
1412,11.2197,30.9482
1420,11.2139,30.4238
1428,11.2539,30.5098
1436,10.8887,30.4238
1444,11.2598,31.0283
1452,11.2041,30.8223
1460,11.1025,30.5967
1468,11.2334,31.1660
1476,10.8867,40.3320
1484,12.6094,32.0088
1492,10.9326,31.3916
1500,10.7734,31.1523
1508,10.8223,31.9082
1516,10.9063,31.6758
1524,10.7998,31.4307
1532,11.2334,31.2744
1540,12.0771,32.4844
1548,10.9326,30.6885
1556,10.9072,31.2930
1564,10.9580,31.7549
1572,10.9941,31.3848
1580,11.1299,31.5195
1588,11.0098,32.3760
1596,11.0859,31.2793
1604,11.0303,32.2012
1616,11.2002,32.4102
1628,11.2773,31.4756
1640,11.3135,98.3242
1652,11.0381,35.0869
1664,11.2002,34.6445
1676,10.9971,34.2832
1688,10.7930,33.1396
1700,10.6484,33.2500
1712,10.4727,33.6016
1724,10.8799,39.5303
1736,10.8115,33.8584
1748,10.8320,34.3945
1760,11.0703,34.1201
1772,10.7979,34.1934
1784,11.0889,35.2930
1796,10.7861,33.9326
1808,11.0723,33.5176
1820,11.1035,34.1240
1832,10.9922,33.7129
1844,11.1064,33.8662
1856,10.7471,33.4219
1868,11.1582,34.4014
1880,10.9092,33.1719
1892,10.8154,32.7637
1904,10.9795,32.4355
1916,10.8887,32.9092
1928,10.8398,32.7383
1940,10.6914,31.5576
1952,11.0479,33.0840
1964,10.8838,32.9561
1976,11.0605,32.3359
1988,10.9277,33.5000
2000,10.9395,32.9551
2012,10.8359,32.3750
2024,10.9580,32.8301
2036,10.8828,33.5420
2048,10.9404,34.8584
2060,15.0869,34.0117
2072,14.6465,33.5381
2084,14.8721,33.4199
2096,14.6064,34.2617
2108,14.9238,34.1484
2120,14.4004,34.1807
2132,14.5410,33.2090
2144,74.1836,33.8477
2156,14.7031,33.3594
2168,14.7217,33.8457
2180,14.6670,33.8994
2192,14.6709,33.6719
2204,14.4590,34.1182
2216,14.0430,34.8145
2228,14.2080,33.7051
2240,14.6035,34.5586
2252,13.6270,34.4600
2264,13.9805,34.4082
2276,13.9600,34.5791
2288,14.0869,34.7598
2300,13.8760,33.8369
2312,14.2559,34.7305
2324,14.1738,34.2959
2336,14.2686,34.3369
2348,13.9717,34.1133
2360,13.8389,33.2490
2372,14.1670,34.5391
2384,13.5898,33.1855
2396,13.9482,62.0664
2408,15.5098,34.8994
2424,14.1553,34.1855
2440,13.7588,34.4414
2456,14.0605,34.1025
2472,24.7725,34.1055
2488,14.0889,34.1328
2504,14.0576,32.5303
2520,13.8613,33.2715
2536,13.7793,33.6230
2552,13.4814,33.7813
2568,13.8105,33.5381
2584,13.5742,33.5137
2600,13.7080,33.6416
2616,13.8193,33.2305
2632,13.5205,33.7207
2648,13.7627,34.7334
2664,13.4932,34.0088
2680,13.9863,33.7998
2696,18.1094,34.0137
2712,14.3193,34.2227
2728,13.9873,91.8447
2744,14.9971,33.6855
2760,14.0068,33.6299
2776,13.9785,33.5967
2792,13.7793,33.9102
2808,13.5146,33.2695
2824,13.7842,34.8262
2840,13.5635,34.0781
2856,13.4141,33.9629
2872,13.5703,34.5703
2888,13.5938,44.2441
2904,14.3291,36.2939
2920,13.9004,34.7354
2936,13.9268,34.5693
2952,14.0654,35.4561
2968,13.9004,34.5820
2984,14.0938,34.5410
3000,13.6797,34.6221
3016,13.8213,34.2959
3032,13.6494,34.6133
3048,13.7188,34.4072
3064,13.4766,34.3350
3080,13.6953,34.0117
3096,13.8037,34.4824
3112,13.6670,34.6221
3128,13.6104,34.8779
3144,13.7559,34.2998
3160,13.6504,34.3125
3176,13.4404,34.8379
3192,13.8086,34.5645
3208,13.8018,35.0625
3228,13.5352,35.4883
3248,13.4883,34.4766
3268,13.8359,34.7266
3288,13.5889,35.0898
3308,13.7012,35.2373
3328,13.5674,35.0576
3348,13.7441,35.0166
3368,13.5010,34.9951
3388,13.8584,35.3486
3408,15.9072,36.6602
3428,13.8535,36.4766
3448,13.8682,90.2939
3468,14.3291,37.1074
3488,13.8760,36.2686
3508,14.2793,36.8584
3528,13.9785,36.8320
3548,14.0029,36.5410
3568,13.8916,36.5869
3588,13.7646,35.6758
3608,13.9043,36.4834
3628,14.0586,37.2617
3648,14.0635,35.7109
3668,13.8018,35.8945
3688,14.0498,36.1445
3708,14.1035,37.0254
3728,13.9570,36.3906
3748,14.2412,36.4248
3768,14.0625,36.9658
3788,14.0264,36.6211
3808,14.1289,36.8604
3828,13.9990,37.2422
3848,14.0391,36.8428
3868,13.8623,36.4912
3888,14.6299,37.1641
3908,13.9971,36.5273
3928,14.4170,36.5127
3948,14.0088,36.5586
3968,14.0967,36.8203
3988,13.6455,37.1982
4008,13.9590,37.6846
4032,14.1875,36.8584
4056,14.2881,37.1982
4080,14.3135,37.6572
4104,17.4258,37.6514
4128,17.4268,37.9727
4152,29.6680,38.0322
4176,40.2188,38.2627
4200,16.8926,36.3105
4224,16.7471,36.3447
4248,17.1826,36.9619
4272,16.9795,36.2246
4296,16.9590,78.0801
4320,16.9609,37.4561
4344,16.9619,37.1758
4368,16.4844,36.3340
4392,16.6084,36.0381
4416,16.8682,37.0244
4440,16.6348,36.9268
4464,16.6602,36.7432
4488,16.7412,36.8662
4512,16.9961,36.1543
4536,16.7119,36.6240
4560,16.5342,36.2861
4584,16.8018,37.7139
4608,16.5664,36.6162
4632,16.8516,37.4912
4656,16.5605,36.4893
4680,16.5176,37.2285
4704,16.7393,38.0371
4728,16.5313,37.4287
4752,16.5352,36.8477
4776,16.7627,36.4541
4800,16.9365,37.0430
4824,16.4463,37.8174
4852,17.1523,37.9150
4880,16.3994,37.3047
4908,16.3516,37.0508
4936,16.5664,36.5508
4964,16.8975,37.6748
4992,16.5049,36.8301
5020,16.9219,37.5166
5048,16.7637,37.2773
5076,16.8682,37.8770
5104,16.6289,37.1416
5132,16.7920,37.2705
5160,16.7510,37.7881
5188,16.6699,37.7695
5216,16.7949,38.1152
5244,16.5967,37.3799
5272,16.8115,37.9189
5300,16.4551,79.8594
5328,16.9590,37.1289
5356,16.6025,36.9180
5384,16.7061,37.3174
5412,16.9268,37.5059
5440,16.6240,37.5479
5468,16.4150,37.3516
5496,16.6689,37.7344
5524,16.4492,37.2246
5552,16.8320,38.3086
5580,16.7598,37.6992
5608,16.3730,37.1377
5640,16.5352,37.4004
5672,16.5166,37.5654
5704,16.3701,38.0430
5736,16.7129,38.6104
5768,24.5195,38.4590
5800,17.2842,38.4248
5832,16.6621,37.8750
5864,16.5244,37.8672
5896,16.6904,37.9980
5928,16.6729,38.4082
5960,16.7148,38.6152
5992,16.4932,38.1035
6024,16.5781,38.1660
6056,16.6650,91.0488
6088,17.6455,41.0156
6120,17.1270,39.4678
6152,16.4805,47.6973
6184,17.3213,47.0400
6216,17.1094,39.5244
6248,17.0547,56.4824
6280,17.7598,59.3301
6312,17.4199,38.8984
6344,16.8369,37.9033
6376,41.7754,92.9287
6408,17.5557,39.2080
6444,17.0264,39.6865
6480,17.3193,40.0313
6516,16.8848,39.0586
6552,16.8027,39.2246
6588,16.7910,38.7383
6624,17.0977,39.1357
6660,16.8447,39.3379
6696,16.8379,38.8389
6732,16.5586,38.2881
6768,17.0996,39.0039
6804,17.2764,39.6367
6840,17.1094,39.8711
6876,16.8281,72.0713
6912,16.6270,39.2139
6948,16.9443,39.1230
6984,17.0967,39.7344
7020,16.8271,39.2139
7056,16.9336,40.3828
7092,17.1025,39.3389
7128,17.0654,41.0439
7164,16.9229,40.1523
7200,16.9619,39.8770
7236,16.8770,39.7686
7276,16.7188,39.7119
7316,16.8252,40.0439
7356,16.9414,39.9648
7396,16.7529,40.3604
7436,16.9766,39.4678
7476,17.0137,40.2598
7516,16.6367,39.5391
7556,16.9092,40.0752
7596,17.3096,40.0840
7636,17.1055,40.9189
7676,17.4570,41.6904
7716,17.3887,40.6279
7756,17.0801,83.0146
7796,17.3281,40.6533
7836,17.2725,41.2803
7876,17.0098,40.0293
7916,17.1865,40.3828
7956,17.2881,40.1631
7996,17.1484,40.7900
8036,21.2852,41.1494
8080,17.2656,40.6836
8124,17.2607,40.8340
8168,17.1934,40.7334
8212,23.3701,40.9863
8256,19.9443,40.2822
8300,19.8525,40.2295
8344,20.2871,40.4111
8388,20.0146,50.2998
8432,20.5391,39.3965
8476,19.6475,40.1387
8520,19.7715,39.8506
8564,19.2559,39.1191
8608,19.8496,40.2861
8652,19.2861,39.5098
8696,19.3086,39.2275
8740,19.9551,40.6299
8784,19.5459,39.7627
8828,19.3799,39.9766
8876,19.2656,39.4463
8924,19.0625,39.1846
8972,20.0684,39.6904
9020,19.7373,40.0801
9068,19.0625,39.5361
9116,19.5439,40.0674
9164,19.6064,39.8574
9212,19.2119,39.6182
9260,19.8193,40.0518
9308,19.3105,40.9854
9356,20.3887,85.8584
9404,19.6865,40.1963
9452,19.7803,39.8506
9500,19.9268,40.3311
9548,19.9365,40.8633
9596,19.4297,40.2451
9644,19.8096,40.7559
9696,20.0127,40.3721
9748,19.6211,39.9102
9800,19.8770,40.7324
9852,19.6709,40.5381
9904,19.5107,40.7637
9956,19.7314,39.8818
10008,19.6563,39.6807
10060,19.7910,39.9238
10112,19.3369,40.3760
10164,19.4902,40.2910
10216,19.4014,40.5781
10268,19.8896,40.3008
10320,19.7559,40.9287
10372,19.9570,41.2900
10424,19.7559,39.9707
10480,19.3486,40.4160
10536,19.4541,40.0527
10592,19.3496,40.8496
10648,19.7432,40.6172
10704,20.6260,40.8740
10760,20.0273,41.0557
10816,19.9463,40.6611
10872,20.2979,40.6230
10928,19.5283,39.8457
10984,19.7207,44.2480
11040,19.9932,41.1455
11096,19.7969,40.8418
11152,20.1113,40.8379
11208,19.8193,41.0088
11268,19.5781,40.7100
11328,20.0498,41.2881
11388,19.7559,40.6797
11448,19.8506,40.9727
11508,19.4668,40.5801
11568,19.7500,41.2861
11628,19.4619,40.3643
11688,19.7920,41.3408
11748,19.7813,40.9277
11808,19.6699,40.6963
11868,19.8662,41.1992
11928,19.5850,41.4561
11988,19.7529,41.1973
12048,19.5039,40.6582
12112,19.3818,76.8750
12176,19.7939,41.0586
12240,19.6494,41.5439
12304,19.5967,41.8857
12368,19.9424,42.5176
12432,20.0801,42.1318
12496,20.4502,42.6055
12560,20.2285,42.5801
12624,19.5811,41.5918
12688,20.0303,42.8936
12752,19.8779,41.9990
12816,20.2529,42.4551
12884,20.4834,42.8379
12952,19.6299,42.6855
13020,20.0869,42.7002
13088,20.5293,42.9482
13156,19.8457,42.4746
13224,20.1309,42.7139
13292,19.9775,41.9424
13360,20.2295,43.2725
13428,62.8916,43.5068
13496,20.4111,43.0244
13564,20.2598,43.9238
13632,19.7373,41.8350
13704,20.0117,43.2236
13776,19.5820,41.6250
13848,19.9863,42.1729
13920,20.0449,43.3223
13992,19.9111,42.3184
14064,20.1445,42.0762
14136,19.7490,43.2246
14208,20.4170,42.9951
14280,20.1533,43.0586
14352,19.7891,43.3145
14424,20.2451,43.4229
14500,20.1533,43.4248
14576,20.3564,43.3379
14652,20.7432,43.8262
14728,20.5479,44.2578
14804,19.8975,43.6396
14880,19.8604,47.3301
14956,20.7090,43.8145
15032,20.4727,43.2979
15108,19.9863,42.6592
15184,20.3242,43.5195
15260,20.2861,43.8857
15340,20.2871,42.9795
15420,20.3672,43.3613
15500,19.9287,44.2695
15580,20.4092,43.8359
15660,20.4912,43.5430
15740,20.3467,43.6416
15820,19.8604,43.4932
15900,20.6699,43.9600
15980,20.2490,47.0361
16060,20.1074,43.5850
16144,20.2090,44.1152
16228,19.9297,43.1318
16312,20.5918,43.5000
16396,26.0361,43.1455
16480,25.9160,43.2334
16564,23.6904,44.1152
16648,23.4336,43.9355
16732,30.7881,43.8262
16816,23.4727,44.5566
16904,23.1211,43.6377
16992,22.6670,43.1494
17080,22.8389,43.5508
17168,22.4277,43.7012
17256,22.7715,43.9453
17344,22.6768,43.1279
17432,22.9795,43.4932
17520,23.0342,44.6836
17608,23.2393,44.2910
17700,23.0811,44.3535
17792,22.7705,43.7217
17884,23.0713,43.8105
17976,22.8496,44.1973
18068,22.9795,44.3750
18160,22.6133,44.2109
18252,22.8164,43.8486
18344,23.2305,44.4082
18436,23.0488,44.7822
18532,22.5527,43.8076
18628,22.5869,43.2656
18724,22.5557,43.6826
18820,23.2783,43.7969
18916,22.7422,43.7637
19012,23.4541,44.9658
19108,22.6035,44.7295
19204,22.8652,44.7275
19304,22.7207,50.7471
19404,22.6074,44.1260
19504,23.0820,43.4395
19604,22.6670,43.9111
19704,22.8408,44.0557
19804,22.6201,44.5850
19904,22.8076,43.5830
20004,23.3838,45.0352
20108,23.2402,44.5850
20212,22.7979,43.3828
20316,22.7803,43.3379
20420,23.3682,45.0107
20524,22.6172,44.2832
20628,23.1221,44.5674
20732,22.6768,43.5078
20836,23.4707,45.5664
20944,23.0313,43.9521
21052,23.1602,45.3271
21160,22.5791,43.5967
21268,22.7031,43.6494
21376,22.7168,44.1738
21484,22.8105,44.3789
21592,22.3564,43.7188
21700,23.0293,44.7783
21812,22.8242,44.0439
21924,22.4844,45.5020
22036,22.9766,45.3652
22148,22.6631,45.0781
22260,23.0469,45.9375
22372,23.5400,45.1025
22484,22.9658,44.3828
22600,23.0088,44.4824
22716,23.0244,45.2012
22832,22.6396,44.5771
22948,22.9824,45.1074
23064,22.4229,44.3633
23180,22.2266,43.7227
23296,23.0967,45.2969
23416,23.5869,44.8105
23536,23.0293,45.2900
23656,23.0049,45.4346
23776,22.9902,44.5781
23896,22.8418,45.3574
24016,23.0400,45.0615
24140,23.1006,45.5654
24264,23.0322,44.9658
24388,22.5986,44.2021
24512,23.1729,46.0176
24636,22.9961,45.2559
24760,22.9521,45.4844
24884,22.7695,45.7021
25012,22.8770,45.6475
25140,22.5840,45.2461
25268,23.0313,46.1611
25396,23.0684,46.1133
25524,22.8467,46.0566
25652,22.7090,45.3408
25784,23.2197,45.7451
25916,23.0410,45.1162
26048,23.2266,46.7207
26180,23.1416,45.6846
26312,23.0205,46.4990
26444,22.6533,44.9834
26580,22.9863,44.8457
26716,22.8281,45.3076
26852,23.1211,45.8945
26988,22.6250,46.4814
27124,22.9629,46.6768
27260,23.2822,45.9863
27400,22.6299,45.7627
27540,22.8477,46.1592
27680,23.3262,46.3408
27820,23.5762,46.2236
27960,23.2207,46.7334
28100,23.5225,46.9570
28244,22.6260,67.8887
28388,23.3037,46.0342
28532,23.5791,47.1045
28676,23.5332,47.1689
28820,23.3311,45.5947
28968,23.9512,46.8535
29116,23.0117,46.5273
29264,23.1064,46.4502
29412,23.5381,46.5283
29560,22.2266,45.8271
29708,23.3867,46.6260
29860,22.7041,45.8457
30012,22.7344,46.5137
30164,23.5127,47.7744
30316,22.8467,46.0205
30468,22.9072,46.3486
30624,24.3994,45.7881
30780,23.0205,46.6719
30936,23.6523,46.4619
31092,23.3652,47.2656
31248,23.0928,45.4092
31408,22.6260,45.8809
31568,22.6592,46.1025
31728,23.2842,47.2217
31888,22.3682,45.9873
32048,23.0625,46.0840
32212,22.9961,47.3701
32376,23.0625,47.1992
32540,23.1289,47.4180
32704,22.9424,46.2002
32868,30.9355,46.7988
33036,30.0176,46.0381
33204,27.6592,46.7344
33372,30.5352,48.0322
33540,26.2930,45.9551
33708,25.9385,47.0342
33880,26.2334,46.9043
34052,25.8408,47.8398
34224,26.5176,47.7090
34396,25.9736,47.3750
34568,25.6270,46.4482
34744,26.0195,47.2354
34920,26.1270,47.0127
35096,25.9844,47.3623
35272,25.7695,46.8604
35452,25.7305,46.8779
35632,25.8135,46.8564
35812,25.7520,46.8975
35992,25.9238,121.6631
36172,25.8262,46.5898
36356,25.5469,47.1572
36540,26.7773,47.1387
36724,26.0146,46.6689
36908,25.6875,47.2480
37096,26.0186,46.6436
37284,25.9971,46.8027
37472,26.6543,47.7109
37660,26.1738,46.2412
37852,26.7021,47.7744
38044,25.4688,46.4043
38236,26.0928,46.3711
38428,26.5010,47.8086
38624,26.3877,48.0586
38820,25.9482,47.0303
39016,26.2012,47.4102
39212,26.6348,48.0283
39412,25.8984,48.2744
39612,26.1895,48.3506
39812,25.4473,46.6621
40012,26.3242,47.9639
40216,26.3447,48.1162
40420,26.1748,48.0596
40624,25.3164,47.6924
40828,26.8242,49.3535
41036,27.0439,50.6416
41244,27.5566,48.0430
41452,25.9971,47.3223
41660,26.0293,47.9229
41872,25.7236,47.8125
42084,25.3340,51.5957
42296,26.0283,48.1094
42508,26.4219,48.8672
42724,27.1289,47.3271
42940,25.0967,46.3945
43156,25.2559,46.1162
43372,25.4023,47.0098
43592,25.0049,46.3818
43812,25.4756,46.8604
44032,25.7969,47.1553
44256,25.6250,45.9502
44480,25.1953,46.7354
44704,25.5830,47.4346
44928,25.3545,47.0332
45156,25.4014,47.8184
45384,26.0518,47.7148
45612,25.3115,46.6426
45844,25.1201,46.6025
46076,25.1602,47.1162
46308,25.5098,47.4336
46540,25.2900,46.9922
46776,24.7891,46.3438
47012,25.6396,47.5645
47248,27.0352,48.0283
47488,26.2227,47.6992
47728,25.9443,47.1357
47968,25.7148,46.9609
48208,26.5010,47.7754
48452,25.6934,47.4854
48696,26.5039,47.5967
48940,26.2842,48.1797
49188,25.7998,46.6279
49436,26.2520,47.4131
49684,25.8545,47.4668
49936,25.3242,48.4971
50188,25.6045,46.8896
50440,25.2529,46.9883
50696,26.1973,48.2305
50952,25.4609,46.8662
51208,25.4414,47.3291
51468,26.0547,48.2529
51728,26.0303,47.3730
51988,25.6396,47.5840
52248,25.9531,48.3789
52512,25.8379,48.0869
52776,26.0742,48.7080
53040,26.0469,48.2529
53308,26.0508,717.4756
53576,27.9209,69.9814
53844,28.5527,75.8398
54116,27.2949,50.2617
54388,27.7539,51.0332
54660,27.6631,51.3145
54936,26.8145,49.9316
55212,26.1113,49.2334
55492,26.5361,49.8809
55772,25.7949,48.3174
56052,26.4629,50.0469
56336,26.3486,56.5186
56620,26.2344,49.9297
56904,25.7041,49.3330
57192,25.8916,50.2061
57480,26.1445,50.9053
57768,25.9619,49.7539
58060,25.6445,50.0635
58352,25.8066,49.4795
58644,26.2373,50.1875
58940,26.0791,50.6133
59236,25.8320,56.0078
59536,25.6309,49.0303
59836,26.2578,50.5508
60136,25.8623,50.4648
60440,25.7529,50.2324
60744,26.6045,50.5029
61048,26.1553,50.7910
61356,26.9111,49.8809
61664,26.5898,49.7979
61976,26.1641,49.3652
62288,25.1074,47.9492
62600,43.8955,48.8926
62916,27.4717,49.3652
63232,25.5654,48.9756
63552,25.6494,49.1377
63872,26.1748,49.4971
64192,25.8193,48.3779
64516,25.2871,48.2188
64840,25.4756,48.9404
65168,25.5293,48.6748
65496,26.3486,49.7422
65824,65.2979,52.2383
66156,29.7344,48.9688
66488,29.9795,49.5029
66824,30.3789,48.9102
67160,30.7363,49.3594
67496,30.8193,50.6045
67836,29.8945,48.8906
68176,30.0928,50.1172
68520,30.1943,49.5674
68864,30.9326,51.5215
69212,30.1836,49.7129
69560,30.4512,51.4268
69908,30.4688,49.7959
70260,29.6631,49.9170
70612,29.9951,50.4424
70968,31.0137,49.5889
71324,31.1152,50.2393
71684,30.7881,50.1553
72044,30.7324,50.9697
72408,31.0859,55.3691
72772,30.1797,49.5879
73136,31.2432,50.4922
73504,30.8760,49.7822
73872,30.5547,49.8818
74244,30.8037,50.1963
74616,31.1836,51.6104
74992,30.4424,50.0166
75368,30.6709,50.3633
75748,30.7695,51.3896
76128,35.0508,50.2646
76512,30.7285,50.5742
76896,30.5605,50.6904
77284,30.4844,50.8643
77672,30.1367,51.2803
78064,30.3320,50.7871
78456,29.8613,55.0850
78852,30.4854,50.1572
79248,30.0195,49.6250
79648,30.5537,61.1465
80048,43.5322,53.1973
80452,30.8428,51.7617
80856,31.4541,53.1885
81264,30.3604,51.8428
81672,30.3926,51.7246
82084,30.8965,52.1035
82496,30.4258,50.2373
82912,30.8135,52.4238
83328,31.5146,53.2510
83748,31.2520,53.8516
84168,30.7051,51.7139
84592,30.5020,51.9326
85016,30.4346,50.8984
85444,31.2051,53.0703
85872,31.0537,52.4248
86304,31.3037,53.8955
86736,32.2373,52.3564
87172,31.8828,53.2021
87608,30.9531,51.3936
88048,31.3984,52.2861
88492,31.7988,52.7852
88936,30.8525,51.0811
89384,30.5244,51.2588
89832,31.1709,112.9346
90284,31.9561,52.8984
90736,31.6426,52.6504
91192,32.0508,53.7119
91648,31.5967,52.7861
92108,31.4746,52.3965
92572,31.5645,52.2959
93036,31.7080,53.0430
93504,31.2178,52.0850
93972,31.6563,53.1914
94444,31.2666,52.1973
94920,31.7031,53.1943
95396,32.3857,53.8682
95876,31.5840,52.5146
96356,31.4580,52.1885
96840,31.5576,52.9727
97328,31.5986,53.4854
97816,31.8799,52.7471
98308,30.6318,51.3809
98800,31.0527,51.8496
99296,30.9248,51.7900
99796,31.2490,52.9541
100296,31.6035,52.9404
100800,30.8232,52.7578
101304,30.9785,52.3457
101812,30.3818,52.2500
102324,32.1807,53.2705
102836,31.6279,54.9883
103352,31.8262,54.2393
103872,31.0635,63.2832
104392,32.8066,55.6826
104916,32.4111,55.1826
105444,31.5205,54.0771
105972,31.2627,53.6660
106504,31.2822,60.2764
107040,32.3662,56.6641
107576,31.4990,54.3701
108116,30.9229,53.4033
108660,31.1563,53.6172
109204,30.9727,52.8926
109752,30.8779,53.5371
110304,31.7773,53.9561
110856,31.3037,54.7715
111412,31.1953,54.2656
111972,31.9209,55.3828
112532,31.2148,60.3779
113096,31.6006,54.9619
113664,31.8438,54.7188
114236,31.3799,54.7344
114808,31.8750,66.2773
115384,31.2090,54.9072
115964,31.3633,54.1436
116544,31.7031,54.6191
117128,31.0195,53.9980
117716,30.9629,54.2598
118308,31.2471,55.3662
118900,31.3389,54.6953
119496,31.2734,54.3389
120096,30.7236,54.5586
120700,32.5635,54.8760
121304,46.1738,60.2695
121912,33.9932,55.4893
122524,33.2461,54.9297
123140,32.6816,55.0127
123756,31.7129,54.4229
124376,31.5400,53.6494
125000,32.0117,54.1289
125628,32.1543,61.9717
126260,32.4600,54.5830
126892,32.7295,55.1328
127528,32.2275,54.9033
128168,32.5127,55.6475
128812,32.6006,56.7715
129460,32.0195,55.6328
130108,31.9238,53.9307
130760,31.3887,55.2813
131416,38.6455,55.5400
132076,37.6582,55.6094
132740,37.4004,55.5811
133404,37.2354,56.1406
134072,36.4023,54.7646
134744,36.1982,55.6758
135420,36.1240,55.6035
136100,35.5459,54.9795
136784,36.3594,55.2695
137468,36.2588,55.1699
138156,36.2607,55.0254
138848,35.5645,55.2627
139544,36.6846,54.9492
140244,35.8545,56.1631
140948,35.8857,55.3926
141656,36.2764,55.0049
142368,35.1279,55.2471
143080,35.4131,54.6738
143796,36.2725,56.8555
144516,36.0459,54.9531
145240,35.3545,54.9141
145968,36.2139,56.1592
146700,36.5166,57.1885
147436,37.1064,56.1709
148176,37.0977,56.4385
148920,37.4893,57.8262
149668,36.6631,55.9160
150420,36.3271,55.1924
151176,36.6846,56.5068
151932,36.4746,56.0967
152692,36.3486,55.9082
153456,36.3145,55.7617
154224,36.4375,56.0518
154996,35.3242,54.9912
155772,36.2324,66.0479
156552,35.7520,55.4541
157336,35.2324,54.3701
158124,36.8623,55.9609
158916,35.7197,56.2930
159712,36.0381,57.0986
160512,35.9697,56.6807
161316,37.4639,58.5566
162124,36.2803,57.4746
162936,36.6035,57.1279
163752,36.9424,57.1484
164572,36.2236,56.9014
165396,35.7422,56.8369
166224,36.6875,57.0781
167056,35.3252,56.3359
167892,36.0850,57.1455
168732,36.5166,57.2930
169576,36.7393,57.7051
170424,36.1826,57.1875
171280,35.9736,56.4199
172140,36.3066,57.4199
173004,36.0635,56.5000
173872,36.3975,57.3555
174744,38.6240,57.9717
175620,36.9404,58.7832
176500,35.8730,90.9648
177384,72.2080,80.5889
178272,36.5986,55.6465
179164,36.2822,57.3018
180060,34.7373,56.6533
180964,34.8223,54.7949
181872,35.1152,56.0732
182784,35.2539,63.9551
183700,35.3223,57.2607
184620,36.2510,57.6406
185544,35.6650,56.2734
186472,36.0186,56.1934
187408,35.0957,55.9531
188348,36.5654,56.6953
189292,34.6445,55.8770
190240,35.2402,75.4434
191192,35.6592,57.1611
192148,35.9531,56.6631
193112,35.9404,57.7080
194080,35.9209,56.5869
195052,36.6826,58.5537
196028,35.4980,57.0918
197012,36.1777,57.8271
198000,36.8428,58.4619
198992,40.9326,57.1211
199988,37.0039,58.6680
200988,36.1670,57.2891
201996,35.7920,57.0928
203008,35.8740,57.5352
204024,35.9258,57.7285
205048,36.6572,59.7813
206076,36.1631,57.0225
207108,42.7285,57.7236
208144,36.7529,58.7861
209188,36.5400,57.2900
210236,36.8789,58.1260
211288,37.1064,64.2168
212348,36.4150,59.2764
213412,36.4648,58.9131
214480,36.2256,57.8486
215556,36.1016,57.5938
216636,37.5752,58.6689
217720,36.2500,58.8818
218812,36.8711,57.5313
219908,36.5283,58.2061
221008,36.7266,59.5039
222116,36.1494,58.4844
223228,35.6660,57.5742
224348,37.7754,59.4434
225472,36.9922,58.5850
226600,37.7754,60.2148
227736,37.1855,78.5371
228876,37.2744,59.6045
230024,37.4287,59.0215
231176,37.2119,59.1113
232332,36.9131,59.8252
233496,37.4043,58.9492
234664,36.3760,57.8701
235840,36.8848,58.5000
237020,36.5986,63.8184
238208,37.6748,57.8818
239400,37.2549,58.3457
240600,37.1836,58.7637
241804,37.6240,59.3516
243016,38.3398,60.7334
244232,45.4111,58.9238
245456,37.2285,59.4521
246684,38.1221,64.8555
247920,36.6787,58.4580
249160,38.8154,59.3867
250408,37.6826,59.9150
251664,38.9551,59.7207
252924,37.5186,59.2119
254192,38.5293,61.0869
255464,36.9629,59.7520
256744,42.6211,60.5986
258028,35.2588,56.2549
259320,36.8281,58.1924
260620,36.4219,58.0264
261924,36.9209,58.7842
263236,40.3320,58.8203
264556,38.9141,58.5098
265880,38.2100,57.2549
267212,42.0537,56.3320
268552,38.7588,58.5420
269896,38.4268,57.8975
271248,37.5020,56.9746
272608,38.9883,58.7334
273972,38.6943,58.3369
275344,38.4609,58.3672
276724,39.1787,65.7080
278108,38.9854,59.0635
279500,38.4980,58.5391
280900,38.9727,59.5186
282308,40.4170,60.0391
283720,39.8604,61.2559
285140,38.8594,60.6260
286568,43.5957,60.6221
288004,39.5557,60.3916
289448,39.6162,61.1338
290896,39.5332,60.1348
292352,40.4951,61.3848
293816,39.8691,59.8145
295288,39.4990,60.3906
296768,41.1807,60.7354
298252,41.3213,60.6973
299744,41.5557,61.0645
301244,41.2393,61.5244
302752,41.4287,60.1299
304268,40.2520,59.5918
305792,41.1729,60.4883
307324,40.9980,60.3076
308864,41.2285,60.6904
310412,45.6328,60.1436
311968,41.3516,60.5693
313528,40.6152,59.9072
315096,40.1279,62.3799
316672,40.0371,61.3545
318256,41.5801,60.4658
319848,40.3027,60.7188
321448,86.1289,62.3184
323056,39.9404,61.5527
324672,40.5742,61.2256
326296,39.8154,61.1924
327928,39.4229,61.2256
329568,40.3506,60.1914
331216,41.1504,60.8955
332876,40.8838,67.8975
334544,41.1299,61.5938
336220,39.9863,61.0254
337904,39.6367,61.1865
339596,40.7715,60.8145
341296,39.2246,59.5801
343004,39.5547,60.8818
344720,40.5352,65.6699
346444,38.1543,60.0869
348180,39.2559,59.9902
349924,40.5596,61.0098
351676,40.1084,60.8857
353436,39.1592,59.7461
355204,39.4219,60.4258
356984,39.4980,60.3311
358772,39.7061,65.4473
360568,38.6406,59.3486
362372,39.6240,60.7842
364184,39.7617,61.3477
366008,40.3037,61.2529
367840,40.2842,60.3545
369680,40.4355,62.3320
371532,39.4209,59.3320
373392,39.1943,59.9326
375260,39.5439,61.0859
377140,48.1172,60.7939
379028,39.7314,60.7393
380924,39.3105,61.0879
382832,38.5205,59.1523
384748,43.3721,60.7090
386672,40.0469,66.3594
388608,39.3564,60.4121
390552,39.2539,59.7637
392508,40.1768,60.6191
394472,39.4297,60.6367
396448,39.4082,62.0293
398432,39.3311,60.0615
400428,41.2734,62.7842
402432,41.3340,63.7881
404448,38.3135,60.1992
406472,39.5742,61.9980
408508,39.7275,61.4385
410552,39.5273,62.3945
412608,38.5947,61.0000
414672,38.9111,61.0498
416748,44.7412,62.3965
418832,38.7197,60.8096
420928,38.8711,60.1484
423036,38.6729,61.6465
425152,39.8711,62.8154
427280,40.6533,62.6777
429420,41.0176,63.1543
431568,40.0039,66.7285
433728,39.9502,61.2090
435900,40.0781,62.0986
438080,39.1699,59.7354
440272,39.8037,62.2266
442476,40.1045,61.6289
444692,40.4404,62.1650
446916,39.7822,62.3301
449152,44.9619,62.2178
451400,39.5723,62.3350
453660,39.1123,62.5908
455932,40.1514,63.8037
458212,39.0811,61.2168
460504,40.3652,63.9092
462808,38.8086,61.6592
465124,39.9658,61.8428
467452,39.8984,62.5771
469792,40.4678,62.2783
472144,39.2959,61.0088
474508,38.5889,62.2383
476884,40.3965,63.1074
479272,41.0977,63.4189
481672,40.2480,72.5498
484084,41.0127,62.8623
486508,40.3330,62.9014
488944,40.0430,61.7891
491392,39.8623,62.5117
493852,40.6084,67.3828
496324,40.3096,63.0684
498808,40.5791,63.1514
501304,49.3555,62.4004
503812,39.9844,61.7979
506332,40.3945,72.4336
508864,40.3770,65.1387
511412,40.9736,63.3838
513972,40.9551,63.1934
516544,40.3398,64.2119
519128,40.3369,64.4141
521724,41.2734,64.6777
524336,50.7852,74.6953
526960,44.1650,63.2285
529596,44.5713,64.9316
532244,43.9844,62.8750
534908,44.6816,65.1143
537584,44.7334,64.2461
540272,44.5059,64.5850
542976,49.2920,63.6973
545692,44.2305,63.3838
548424,43.7666,63.5488
551168,43.8184,63.9287
553924,44.7207,64.9229
556696,44.8486,65.1719
559480,44.5664,107.5166
562280,48.8799,64.1191
565092,43.4844,62.7676
567920,42.0430,61.6670
570760,43.0889,62.8223
573616,41.6553,61.1650
576488,42.5498,68.4063
579372,44.5967,62.9014
582272,42.5898,62.4414
585184,43.8887,63.2598
588112,43.7842,64.2783
591056,43.7969,62.3584
594012,43.1563,62.4971
596984,43.7842,65.1504
599972,47.2295,62.8193
602972,48.6826,64.0049
605988,43.7412,63.6270
609020,43.5000,63.1689
612068,44.1904,63.5352
615132,44.0703,64.0391
618208,43.6836,65.0459
621300,43.6494,63.2383
624408,43.5225,63.2246
627532,43.0508,62.5557
630672,43.6094,62.4229
633828,43.9053,64.8223
637000,43.4922,63.9854
640188,45.0127,64.5039
643392,44.2314,63.4541
646612,44.2910,64.6172
649848,43.1689,63.0234
653100,43.6035,62.2998
656368,42.8320,63.7471
659652,43.9541,66.9824
662952,43.7910,64.7803
666268,44.5869,63.4453
669600,43.6084,64.6826
672948,43.1533,64.2852
676316,44.6436,64.3730
679700,43.6670,63.7656
683100,91.5938,63.0693
686516,43.6104,63.7344
689952,43.5146,64.1201
693404,43.8887,64.7012
696872,44.3125,63.9248
700360,44.5332,63.7637
703864,44.9912,64.7080
707384,43.5977,65.1035
710924,46.7021,64.8682
714480,44.5625,65.4336
718056,43.9590,64.5664
721648,43.6240,65.0059
725260,44.1807,66.0479
728888,43.7314,65.1602
732536,43.4619,65.4346
736200,43.1113,64.3955
739884,42.4141,64.0088
743584,42.0537,64.1719
747304,42.4590,66.1855
751044,43.9707,66.7666
754800,43.4570,65.6074
758576,44.8662,65.7822
762372,44.4531,65.2031
766184,44.9043,65.1807
770016,43.8213,64.4014
773868,46.7842,65.6182
777740,45.4756,65.8457
781632,44.4316,64.6602
785544,43.8057,64.2168
789472,43.5088,63.4336
793420,44.6113,68.7314
797388,44.5693,66.5859
801376,45.0039,66.8516
805384,44.1445,65.6221
809412,44.7764,66.1807
813460,46.4736,68.2080
817528,43.3379,65.9766
821616,44.3643,66.2109
825728,47.4795,65.3535
829860,44.1318,64.5420
834012,44.2168,66.2666
838184,44.7529,66.6807
842376,44.1025,65.4707
846588,45.0947,67.3779
850824,46.7227,69.5938
855080,44.2471,66.6328
859356,44.0742,67.0605
863656,45.4951,66.4502
867976,45.6641,67.0215
872316,45.3496,67.8125
876680,45.2832,69.3135
881064,45.5391,67.1133
885472,44.3477,67.9150
889900,43.7461,64.2451
894352,45.9980,67.6475
898824,45.4365,66.8691
903320,44.7090,68.0557
907840,53.2256,70.8926
912380,46.0371,70.6309
916944,45.1191,68.5156
921532,45.3887,69.8174
926140,46.0752,137.8867
930772,50.2783,105.4482
935428,47.1162,71.5254
940108,46.5898,69.0488
944812,46.9980,69.8896
949540,46.6631,69.9912
954288,54.2529,70.8994
959060,48.1006,73.0850
963856,46.3594,69.4990
968676,71.7666,68.1563
973520,45.8740,69.4512
978388,46.5518,70.3984
983280,47.1816,70.5977
988200,45.9326,69.2188
993144,45.6563,77.6387
998112,45.3359,67.5352
1003104,46.9805,70.7002
1008120,44.8926,68.6387
1013164,46.0137,69.8486
1018232,45.9785,69.3828
1023324,44.9570,76.2393
1028444,48.6797,68.7109
1033588,46.9658,71.2881
1038756,45.8672,68.5371
1043952,45.9395,67.7988
1049172,53.5928,73.6963
1054420,71.4414,74.4648
1059696,49.4883,70.3037
1064996,52.7617,76.5527
1070324,51.8760,69.1914
1075676,57.0107,69.5244
1081056,49.1484,69.3516
1086464,48.4209,69.0850
1091900,49.0625,69.3477
1097360,47.3320,68.0918
1102848,47.8857,68.9785
1108364,53.6104,71.9541
1113908,48.4746,69.1367
1119480,48.3223,69.3184
1125080,48.2061,67.8164
1130708,49.0000,69.4814
1136364,49.6201,76.2764
1142048,50.5000,68.9512
1147760,49.5430,68.8027
1153500,50.8633,69.3555
1159268,50.2578,69.9893
1165068,51.5996,70.5127
1170896,61.4033,68.3779
1176752,47.9014,68.6113
1182636,49.6494,70.5605
1188552,48.3926,69.6426
1194496,48.4756,70.7871
1200472,49.2412,91.5098
1206476,48.6084,70.0820
1212512,48.1572,68.8691
1218576,48.5752,68.8652
1224672,48.4150,69.0801
1230796,48.6465,69.8125
1236952,55.5215,69.7441
1243140,49.8203,70.3457
1249356,49.7246,70.4492
1255604,50.7314,71.3633
1261884,50.1377,69.9932
1268196,48.8535,96.7041
1274540,53.6416,69.7295
1280916,48.2520,70.2090
1287324,50.0410,71.7607
1293764,48.4580,69.5225
1300236,49.0928,77.1836
1306740,48.5957,70.1035
1313276,49.3096,71.0713
1319844,49.9404,72.6748
1326444,49.2520,70.7285
1333080,49.6406,70.7129
1339748,56.5186,71.0752
1346448,50.0469,71.6680
1353184,49.0283,71.4434
1359952,49.2256,70.1377
1366752,50.2383,71.4746
1373588,102.4648,79.2305
1380456,50.3564,72.1162
1387360,51.1055,70.7285
1394300,51.1807,73.0859
1401272,50.1582,72.0176
1408280,61.8652,71.3652
1415324,51.4023,72.6934
1422404,50.2578,71.8311
1429520,50.6729,72.1582
1436668,50.3682,72.3975
1443852,63.3477,80.0615
1451072,48.4922,71.3047
1458328,50.7510,72.8184
1465620,50.2842,71.6768
1472952,49.8213,73.3750
1480320,52.4512,74.2900
1487724,49.9277,72.3135
1495164,50.8672,84.0215
1502640,48.9551,72.2324
1510156,49.3096,72.7383
1517708,51.3027,74.5322
1525300,51.6611,83.0635
1532928,49.3379,73.7529
1540596,49.4883,72.5381
1548300,49.1436,73.0547
1556044,49.7109,72.9092
1563828,49.6709,73.3867
1571648,54.5107,75.2188
1579508,51.3154,74.1934
1587408,50.6758,73.8213
1595348,50.8516,74.2529
1603328,60.7334,78.3564
1611348,50.7236,74.7188
1619408,57.8604,74.8594
1627508,50.9854,74.5830
1635648,49.9053,73.4043
1643828,51.4883,74.8750
1652048,50.8818,75.1123
1660312,52.2627,77.0771
1668616,50.5107,74.2598
1676960,51.4854,75.1514
1685348,49.3516,72.9873
1693776,50.0928,73.4375
1702248,50.8896,82.2891
1710760,51.4453,76.3076
1719316,49.3027,72.9814
1727916,50.8359,75.2861
1736556,50.9482,79.5645
1745240,59.3887,80.5635
1753968,49.6465,74.6650
1762740,50.2559,74.8887
1771556,49.6416,73.4922
1780416,49.5938,81.9189
1789320,51.4688,75.5186
1798268,52.1641,76.6953
1807260,51.2900,91.7754
1816300,54.7920,76.9346
1825384,50.8730,75.5449
1834512,52.3242,78.4385
1843688,51.7373,76.3887
1852908,57.7666,77.0176
1862176,51.9658,76.8965
1871488,51.0557,76.7090
1880848,52.3066,77.6924
1890256,50.6758,84.3750
1899708,51.0645,76.0762
1909208,51.5703,77.0410
1918756,51.3594,77.3184
1928352,52.1729,78.2520
1937996,56.3613,77.6699
1947688,52.3232,77.8984
1957428,51.2080,75.3252
1967216,52.6768,79.4531
1977056,55.5010,77.3496
1986944,51.9375,78.3213
1996880,50.8223,77.0527
2006868,50.9326,78.0732
2016904,60.0947,78.9600
2026992,54.9521,76.6211
2037128,51.6143,79.3418
2047316,56.3691,77.9355
2057556,51.3311,78.7764
2067844,52.6904,78.1299
2078184,52.1250,78.7969
2088576,51.8643,77.8398
2099020,60.1143,91.7012
2109516,57.9893,80.7930
2120064,56.8779,79.2139
2130668,55.5928,78.4795
2141324,56.5400,108.1270
2152032,58.1514,80.6006
2162796,56.2539,78.7539
2173612,58.7363,81.0049
2184484,59.4814,92.9199
2195408,66.5059,85.0166
2206388,58.1191,82.1328
2217420,59.9541,84.3496
2228508,71.3965,83.7109
2239652,60.9668,83.0889
2250852,60.5000,89.8623
2262108,59.7031,82.5020
2273420,60.0078,84.0381
2284788,60.6563,90.3203
2296212,60.6865,84.4131
2307696,60.7051,83.6904
2319236,59.2959,82.1963
2330836,59.7646,84.3018
2342492,60.6543,84.0254
2354208,58.8223,84.1699
2365980,61.7656,86.2871
2377812,71.4902,81.4170
2389704,59.0479,83.3291
2401656,103.5205,88.8486
2413668,57.3760,83.2666
2425740,58.5166,82.9785
2437872,59.0273,90.9121
2450064,65.9189,82.4492
2462316,58.1455,82.5518
2474628,58.1016,82.2070
2487004,67.0752,84.5049
2499440,58.0449,82.6836
2511940,57.5898,82.7607
2524500,57.9473,92.5869
2537124,57.7578,82.0068
2549812,56.7676,81.7637
2562564,57.6309,81.5566
2575380,57.9844,90.3047
2588260,54.9346,78.3643
2601204,54.6709,80.5625
2614212,56.4141,79.0898
2627284,56.3682,80.3037
2640424,55.0195,79.3574
2653628,56.4775,79.9268
2666900,55.5439,88.2441
2680236,57.3320,81.4209
2693640,56.4014,80.1143
2707112,55.3613,81.7783
2720648,65.2119,80.7227
2734252,55.2178,78.5205
2747924,56.4189,80.5547
2761664,55.1992,79.8252
2775476,56.0625,80.1943
2789356,56.5264,81.6689
2803304,57.3223,83.2676
2817324,55.0420,96.5176
2831412,58.5234,84.1064
2845572,56.7168,83.1797
2859800,58.3955,84.5742
2874100,56.5674,82.9463
2888472,55.7676,87.5176
2902916,57.0020,88.9668
2917432,56.4824,88.5244
2932020,58.5869,86.9951
2946684,56.9824,82.8936
2961420,57.0352,83.7754
2976228,57.5967,84.3867
2991112,58.7148,84.4297
3006068,58.5205,84.0010
3021100,61.7969,84.5977
3036208,57.3740,82.5303
3051392,61.9766,83.4492
3066652,68.8145,84.3125
3081988,57.8682,83.8135
3097400,58.4307,85.6924
3112888,57.5840,83.2979
3128456,56.9668,83.9561
3144100,59.0391,85.2451
3159824,56.7568,90.6504
3175624,58.2285,84.2441
3191504,57.5684,83.5908
3207464,58.2451,85.3447
3223504,58.3955,85.3936
3239624,56.3291,83.9375
3255824,57.4570,84.8350
3272104,67.3975,84.2832
3288468,57.7695,84.8125
3304912,58.0381,86.5039
3321440,56.4883,88.9766
3338048,56.6133,85.1504
3354740,63.3750,85.4492
3371516,58.4580,113.6250
3388376,58.9609,88.9541
3405320,58.5342,84.4238
3422348,58.7998,94.2012
3439460,60.2666,86.3994
3456660,62.4053,88.5898
3473944,61.3750,88.4453
3491316,61.3760,87.6279
3508776,62.5791,88.0303
3526320,62.0078,87.8799
3543952,58.3584,87.1074
3561672,58.9443,92.5430
3579484,59.0762,88.9004
3597384,73.4111,97.9346
3615372,61.2861,90.5732
3633452,60.6221,89.5898
3651620,62.2842,92.6855
3669880,63.6377,93.9209
3688232,61.7158,91.1748
3706676,61.9521,90.2041
3725212,61.3906,90.9492
3743840,61.0859,91.1982
3762560,64.0869,92.3545
3781376,62.0283,92.6680
3800284,66.8311,91.4834
3819288,61.7432,91.1289
3838388,62.6426,91.4541
3857580,63.7627,92.6855
3876868,63.3291,92.4668
3896256,62.7246,92.2715
3915740,61.4932,90.8818
3935320,62.2490,93.4688
3955000,63.7529,93.0479
3974776,62.9453,92.3457
3994652,63.6689,93.5381
4014628,64.0352,100.7744
4034704,62.1670,91.9346
4054880,62.8457,92.5537
4075156,62.9736,93.7666
4095532,62.6582,98.9336
4116012,62.5078,91.8633
4136596,63.7988,93.3623
4157280,63.8623,93.7432
4178068,63.3584,93.5527
4198960,72.6914,110.2129
4219956,71.9336,95.2891
4241056,71.1240,94.8633
4262264,69.9590,93.6104
4283576,70.0469,93.3203
4304996,70.4922,94.5117
4326524,69.4551,93.1260
4348160,67.2363,92.8457
4369904,93.4805,95.2510
4391756,68.7295,93.3369
4413716,69.0000,95.0029
4435788,70.0898,94.3672
4457968,68.3496,94.9150
4480260,69.6748,95.8848
4502664,70.6299,95.6211
4525180,70.4463,111.3838
4547808,68.4004,93.2803
4570548,69.2881,92.5723
4593404,68.6895,94.4395
4616372,67.9277,92.2422
4639456,83.3633,93.0107
4662656,68.4238,93.0381
4685972,68.9326,93.5020
4709404,67.1582,92.2480
4732952,65.6113,91.1133
4756620,85.6387,92.2930
4780404,67.3633,93.8262
4804308,67.2451,91.8018
4828332,68.7373,94.9834
4852476,66.8008,92.2822
4876740,68.5000,94.7725
4901124,67.8584,94.2373
4925632,68.2969,93.2949
4950264,69.8535,93.6006
4975016,68.7383,94.8369
4999892,67.7373,92.8018
5024892,68.1670,93.9209
5050020,68.1064,95.3311
5075272,66.9209,92.3555
5100652,69.3545,100.7480
5126156,70.8018,94.1631
5151788,68.9883,95.2188
5177548,68.5742,93.3193
5203436,65.5967,92.3359
5229456,68.7568,95.6426
5255604,66.4990,92.8799
5281884,71.7354,121.5635
5308296,69.0977,96.0801
5334840,67.7295,93.8213
5361516,66.1914,93.1816
5388324,69.3525,96.4824
5415268,79.2676,96.7637
5442348,64.9277,93.1436
5469560,66.5693,92.6514
5496908,67.5938,94.0098
5524396,66.2344,93.5215
5552020,65.4990,93.5820
5579784,67.2480,93.5811
5607684,67.8613,94.1807
5635724,66.4033,93.3936
5663904,67.9326,96.1426
5692224,68.7695,96.5996
5720688,67.6807,93.4199
5749292,67.2148,93.5225
5778040,67.5859,93.6406
5806932,67.6123,94.8574
5835968,68.5879,94.2598
5865148,67.8955,95.1162
5894476,67.6816,95.3037
5923952,66.3594,93.8438
5953572,67.1299,95.3398
5983340,67.2197,92.6855
6013260,67.8740,95.5762
6043328,67.6045,96.8877
6073548,67.3281,95.1719
6103916,66.1152,94.5049
6134436,68.6650,98.8867
6165112,67.5225,94.2021
6195940,65.1973,96.3350
6226920,64.3369,92.5166
6258056,63.7188,93.1426
6289348,65.4600,93.5137
6320796,64.5146,99.5879
6352400,66.7969,94.0459
6384164,64.7246,101.1328
6416088,65.6104,94.8418
6448172,65.2266,95.0352
6480416,64.2178,92.9951
6512820,63.8564,91.7910
6545388,74.1201,101.3574
6578116,64.1484,92.8125
6611008,66.8184,94.7793
6644064,65.6025,94.5566
6677288,64.3486,93.4268
6710676,68.2070,97.9209
6744232,72.6748,95.6035
6777956,69.5459,95.5010
6811848,75.2988,94.1836
6845908,69.3643,92.8623
6880140,73.5361,94.4951
6914544,68.7822,92.7715
6949120,66.7637,94.6123
6983868,65.1045,93.6484
7018788,72.7227,94.7969
7053884,66.5664,95.5898
7089156,75.0801,100.1504
7124604,65.0898,94.5166
7160228,70.2705,92.8838
7196032,64.2920,92.8457
7232016,172.7236,94.2588
7268180,64.2549,93.5723
7304524,67.2813,92.1621
7341048,65.2139,95.2295
7377756,67.2305,93.5420
7414648,70.7412,94.8838
7451724,65.1035,94.5137
7488984,67.8467,92.3877
7526432,63.5342,92.3857
7564068,67.5635,94.9238
7601892,64.5117,94.3291
7639904,69.7490,96.4336
7678104,65.7627,96.2021
7716496,67.3760,96.8135
7755080,64.6475,94.2861
7793856,64.8818,96.0674
7832828,68.1484,93.8027
7871996,63.6982,95.5361
7911356,65.4717,115.1211
7950916,64.5576,95.1357
7990672,70.8877,102.1309
8030628,65.3604,96.2246
8070784,66.8916,94.3750
8111140,107.7295,98.9189
8151696,63.7676,96.0830
8192456,64.6934,97.9863
8233420,65.0508,103.1162
8274588,148.1660,101.1494
8315964,66.6758,100.8809
8357544,66.9463,100.1914
8399332,75.4707,100.8652
8441332,72.9736,100.1602
8483540,73.2686,97.9961
8525960,74.4600,98.7891
8568592,77.5869,101.2666
8611436,73.0723,100.6768
8654496,75.7559,100.6143
8697772,73.8721,101.6406
8741264,88.2432,100.9678
8784972,83.3213,100.9961
8828900,85.8027,102.5986
8873048,84.4609,98.4932
8917416,81.6553,98.9990
8962004,82.0547,100.0566
9006816,76.6895,101.8389
9051852,77.1094,101.0420
9097112,76.8906,101.4238
9142600,75.2354,101.0908
9188316,72.7803,98.8652
9234260,75.4639,100.3213
9280432,74.9932,99.0107
9326836,75.5293,101.7842
9373472,74.6660,101.5303
9420340,87.2422,137.1816
9467444,71.3818,106.7295
9514784,70.7979,99.6602
9562360,71.7949,100.2520
9610172,71.7002,98.5576
9658224,72.4668,100.8633
9706516,75.4248,102.5459
9755052,72.2500,100.3770
9803828,74.0400,99.6865
9852848,73.1709,97.6299
9902116,74.6904,101.6543
9951628,71.7109,99.1045
10001388,73.0586,99.2676
10051396,72.5947,98.9014
10101656,72.8262,98.4131
10152168,74.0322,100.5371
10202932,72.0029,99.9512
10253948,74.7031,101.2500
10305220,71.6221,98.3359
10356748,71.5879,98.6016
10408532,73.4219,99.6484
10460576,71.9707,97.8281
10512880,71.4600,98.2227
10565448,72.8232,99.6602
10618276,77.2920,100.2979
10671368,74.3027,99.4727
10724728,74.2705,100.5391
10778352,72.6064,98.1914
10832244,81.3291,102.2422
10886408,76.1982,101.9756
10940844,72.5947,98.9619
10995552,72.6865,100.8701
11050532,75.5293,101.3242
11105788,72.5010,99.9053
11161320,76.1553,103.7129
11217128,74.1143,101.0938
11273216,75.8320,102.0996
11329584,75.1865,103.2451
11386232,73.4785,100.6084
11443164,73.0977,99.1807
11500380,73.9414,100.6719
11557884,74.5439,100.7471
11615676,74.4268,102.0596
11673756,75.9863,101.4756
11732128,74.5166,99.9629
11790792,87.8896,102.6279
11849748,75.3262,104.0820
11909000,73.5449,102.1318
11968548,75.3281,104.2490
12028392,75.3975,102.1426
12088536,72.9678,100.5576
12148980,124.5205,123.2275
12209728,72.0898,102.7031
12270780,75.0244,104.9072
12332136,74.1016,102.0117
12393800,72.7285,101.8066
12455772,73.4199,100.5400
12518052,71.8672,100.1494
12580644,75.7939,103.3145
12643548,71.6074,100.1006
12706768,74.2891,103.6709
12770304,71.7275,100.7354
12834156,72.7539,102.5840
12898328,74.0693,101.0977
12962820,73.8516,102.0967
13027636,74.2266,103.4795
13092776,74.2383,102.7246
13158240,72.7520,102.0850
13224032,72.8877,101.2617
13290156,74.6396,102.9287
13356608,73.7158,100.3877
13423392,80.1689,103.9795
13490512,72.5518,103.0977
13557968,72.7764,101.4033
13625760,72.7539,108.8955
13693892,72.2734,100.6436
13762364,73.4033,103.3008
13831176,109.1230,102.2383
13900332,74.5391,102.7461
13969836,71.8682,101.5977
14039688,73.3867,104.3809
14109888,72.7539,104.4121
14180440,140.0645,104.0801
14251344,71.3076,102.2285
14322604,73.5566,104.0020
14394220,73.2266,111.2607
14466192,71.0762,102.7725
14538524,72.7490,104.1074
14611220,71.2881,100.8740
14684280,78.5010,101.1123
14757704,72.7480,103.0547
14831496,72.6582,150.0420
14905656,72.0107,99.8682
14980188,73.6875,112.5830
15055092,73.6543,103.2969
15130368,90.4072,105.1660
15206020,73.5527,103.9121
15282052,74.6875,106.2422
15358464,72.8936,108.1338
15435260,84.9619,107.9463
15512440,81.8633,110.6797
15590004,82.0850,110.7861
15667956,79.9775,106.0518
15746296,79.7734,105.7246
15825028,80.1533,106.1133
15904156,73.0342,104.7031
15983680,75.9512,111.5771
16063600,77.2500,121.0918
16143920,76.2949,116.2939
16224640,75.5664,151.4150
16305764,74.9873,107.4043
16387296,75.5107,107.8291
16469236,78.3887,111.6094
16551584,77.5020,121.2236
16634344,75.3809,106.3789
16717516,73.8916,106.2344
16801104,82.0762,106.2803
16885112,78.1348,105.4434
16969540,79.4717,102.2988
17054388,104.7852,105.5850
17139660,79.6406,112.0254
17225360,91.2119,108.8887
17311488,89.6055,110.0459
17398048,88.1934,107.9805
17485040,90.4365,108.9766
17572468,85.0361,119.5742
17660332,87.5762,124.4766
17748636,83.3828,107.4033
17837380,83.2715,108.9766
17926568,82.4346,107.7666
18016204,100.2197,109.4697
18106288,85.4932,107.3857
18196820,82.7969,108.3760
18287808,153.1895,141.2666
18379248,90.6162,102.4902
18471148,109.5176,105.9736
18563504,82.6387,107.7891
18656324,87.1719,106.7305
18749608,84.3701,109.4912
18843360,114.0752,113.6875
18937580,86.1025,107.9463
19032268,83.1484,109.8164
19127432,82.9082,112.0371
19223072,82.4209,109.8418
19319188,88.9629,108.3408
19415784,84.7188,106.0078
19512864,84.4443,107.3135
19610432,87.0703,114.0869
19708488,86.2861,107.7266
19807032,85.6602,106.9111
19906068,93.2803,108.2139
20005600,88.5615,110.8877
20105628,83.1943,106.7949
20206160,82.6074,107.9307
20307192,90.4629,119.1318
20408728,85.6025,111.7285
20510772,121.6943,111.3408
20613328,84.6055,105.4170
20716396,85.8174,138.6201
20819980,93.0605,113.6445
20924080,87.7256,108.1270
21028704,85.0225,107.2305
21133848,90.9160,140.3740
21239520,91.1191,111.8955
21345720,96.3799,116.4561
21452452,91.5684,116.0703
21559716,105.0723,130.1738
21667516,94.4541,145.3799
21775856,96.3125,114.9033
21884736,110.6299,115.1445
21994160,98.3838,117.5107
22104132,109.1553,115.6758
22214656,96.5635,117.3809
22325732,97.5000,120.8408
22437364,105.4590,114.3926
22549552,103.7959,128.7559
22662300,108.2129,117.0635
22775612,104.3730,133.4258
22889492,109.6641,119.7588
23003940,102.9463,117.3711
23118960,109.1768,122.8516
23234556,99.9004,124.4697
23350732,93.4639,115.1533
23467488,97.1826,147.1660
23584828,93.9951,118.8350
23702756,92.1953,119.6768
23821272,92.8965,136.4541
23940380,104.9785,159.1631
24060084,100.2129,116.8398
24180388,104.4131,121.9775
24301292,110.7354,120.7832
24422800,111.0830,120.2598
24544916,101.3750,134.5537
24667644,96.9922,117.7910
24790984,96.6367,119.4619
24914940,118.0371,122.2402
25039516,105.0752,123.4492
25164716,98.9395,124.7080
25290540,111.0566,116.6240
25416996,107.8330,123.3057
25544084,106.4941,126.4844
25671808,100.0479,124.2930
25800168,104.4551,141.0098
25929172,98.4443,121.7227
26058820,102.9512,125.3701
26189116,167.3242,133.6523
26320064,114.1719,133.4023
26451668,160.0908,128.1445
26583928,107.1611,125.8115
26716848,110.8906,129.4238
26850436,104.4912,126.9453
26984692,107.2246,124.0859
27119616,105.9238,125.3096
27255216,106.8975,145.4355
27391496,231.8018,154.4619
27528456,169.1250,147.5479
27666100,138.1318,137.4336
27804432,170.9297,161.1777
27943456,160.8232,157.3604
28083176,143.7969,329.5488
28223592,180.8535,152.5713
28364712,133.2305,150.4229
28506536,139.8613,157.9971
28649072,133.3262,166.5527
28792320,140.9160,150.3984
28936284,124.6797,145.7246
29080968,166.0469,210.2383
29226376,146.5547,163.9648
29372508,129.4209,155.7539
29519372,126.6475,149.3369
29666972,224.1748,169.1934
29815308,131.3613,153.1465
29964388,160.7734,158.4453
30114212,135.4033,158.5469
30264784,137.0313,163.0996
30416108,138.0313,157.9063
30568192,133.1191,170.6670
30721036,133.9756,157.0742
30874644,130.4775,341.1611
31029020,146.0967,178.4492
31184168,151.6016,149.9082
31340092,141.1670,158.0898
31496796,150.6475,158.5332
31654280,134.7891,157.3643
31812552,155.8652,163.2207
31971616,136.9844,167.5459
32131476,143.4941,164.2158
32292136,146.2529,163.7988
32453600,144.9033,173.6270
32615868,156.6494,162.3369
32778948,157.4346,184.7715
32942844,141.9541,189.9736
33107560,144.9766,164.9902
33273100,161.2998,185.6299
33439468,142.5117,169.1357
33606668,162.2637,173.5244
33774704,181.7588,179.3984
33943580,166.5479,168.2070
34113300,178.7666,159.2070
34283868,320.7207,170.2529
34455288,184.7803,178.2988
34627568,171.2148,170.6182
34800708,176.9941,166.9482
34974712,175.3779,172.5156
35149588,172.7227,174.3359
35325336,175.5371,202.7002
35501964,162.5918,165.0313
35679476,179.4570,180.5332
35857876,174.5479,177.0615
36037168,185.6250,170.8203
36217356,165.7773,183.7578
36398444,176.1367,180.8291
36580440,173.3311,168.2480
36763344,174.4238,174.0967
36947164,164.1680,171.0752
37131900,182.7930,183.1475
37317560,175.5010,164.7363
37504148,175.1807,180.4834
37691672,164.6494,168.4590
37880132,172.6943,172.0225
38069536,168.8789,182.1826
38259884,166.6992,206.5732
38451184,174.1729,192.2207
38643440,184.1797,181.7188
38836660,207.3936,167.9619
39030844,174.5107,187.0332
39226000,251.6025,216.1240
39422132,190.8379,203.2012
39619244,182.3701,238.7930
39817344,178.2979,186.7529
40016432,187.9580,190.5059
40216516,178.7178,181.0615
40417600,215.7373,195.8633
40619688,179.0430,212.0127
40822788,176.5205,179.7275
41026904,195.7480,195.4580
41232040,201.7354,202.8223
41438204,179.6689,194.1172
41645396,179.0518,185.4189
41853624,179.1689,177.0781
42062896,201.6885,183.3613
42273212,176.2295,201.2109
42484580,186.1113,186.5166
42697004,198.5898,181.6475
42910492,175.5264,192.6563
43125048,186.5850,198.5313
43340676,180.7275,211.3145
43557380,190.2305,194.5830
43775168,188.1758,197.8594
43994044,180.8535,232.6299
44214016,183.3896,190.0156
44435088,202.7412,200.8330
44657264,195.4736,196.6992
44880552,185.6182,187.0908
45104956,182.2705,185.7100
45330484,180.7393,183.3008
45557140,192.9199,194.0762
45784928,176.7471,192.7031
46013856,175.7432,193.2510
46243928,287.0527,200.0117
46475148,190.5801,203.0732
46707524,184.7471,184.9609
46941064,186.9727,226.2461
47175772,200.7549,184.0840
47411652,193.9531,199.0859
47648712,219.5293,201.1738
47886956,229.6914,208.2207
48126392,207.1084,236.1621
48367024,208.9385,209.1387
48608860,194.9570,200.7676
48851908,211.0293,199.0381
49096168,199.1064,286.7256
49341652,225.4404,206.3027
49588364,210.0088,212.2568
49836308,200.7773,253.6270
50085492,194.2031,212.6162
50335920,199.7822,214.3115
50587600,184.9473,208.4238
50840540,183.1602,249.5996
51094744,231.5068,204.6621
51350220,222.8311,216.4170
51606972,306.7246,273.2588
51865008,229.0596,252.6406
52124336,220.0664,228.9580
52384960,289.9072,223.9717
52646888,216.0938,222.0918
52910124,197.6250,220.3252
53174676,204.6650,210.0430
53440552,208.9189,213.3027
53707756,219.6113,239.0215
53976296,217.9014,211.8428
54246180,211.4219,211.6885
54517412,211.7607,219.1406
54790000,201.2344,208.3984
55063952,224.3203,317.0244
55339272,206.4346,221.9609
55615972,207.4482,215.1113
55894052,206.9854,346.2686
56173524,269.7627,220.9219
56454392,221.3945,264.8574
56736664,225.0723,229.4248
57020348,215.2852,249.0254
57305452,268.2178,249.8115
57591980,196.8301,224.1318
57879940,208.4336,239.7266
58169340,207.1533,219.9219
58460188,211.9902,224.9766
58752492,207.6709,224.2881
59046256,208.3799,259.0557
59341488,211.6113,433.1123
59638196,211.1523,238.4873
59936388,204.3037,248.7090
60236072,224.4619,234.5234
60537256,223.2920,233.6924
60839944,221.8682,235.4043
61144144,226.9463,232.8740
61449868,230.0674,232.3164
61757120,223.2432,229.0762
62065908,227.3271,233.2383
62376240,228.9150,238.7695
62688124,247.5459,242.4443
63001568,226.7549,238.5186
63316576,265.9678,234.7236
63633160,231.6230,231.4727
63951328,234.2031,247.6123
64271088,225.4092,318.5967
64592444,244.9912,244.7383
64915408,221.3037,250.2158
65239988,253.8613,257.1533
65566188,242.4531,248.8232
65894020,231.8457,239.1924
66223492,219.0713,271.4404
66554612,219.9219,273.4893
66887388,216.2002,254.3818
