4,1.0654,1.2695
8,1.7676,6.7129
12,2.2354,8.3467
16,2.2344,9.9414
20,2.8223,24.6494
24,2.8506,24.5498
28,2.8496,11.6650
32,2.8311,11.7842
36,3.2881,13.1650
40,3.2227,12.7012
44,3.2129,13.7207
48,3.2031,14.4648
52,3.4561,15.3027
56,3.2900,16.1973
60,3.2822,17.5850
64,3.2119,17.2881
68,3.7471,17.3779
72,3.7041,17.6367
76,3.8213,18.3174
80,3.7920,18.3291
84,3.7832,19.0898
88,3.7832,18.5098
92,3.7764,19.1348
96,3.7822,19.6445
100,3.7490,20.6006
104,3.7646,20.5117
108,3.7793,21.3223
112,3.7822,21.2080
116,3.7744,21.5615
120,3.7725,21.9600
124,3.7813,21.3613
128,3.7891,20.0703
132,4.3623,19.7197
136,4.3691,48.5039
140,4.3770,19.8818
144,4.3691,19.5781
148,4.4053,19.3008
152,4.3848,20.0625
156,4.3828,20.3203
160,4.3760,20.4023
164,4.3730,20.2666
168,4.3672,20.0664
172,4.3857,21.2520
176,4.3691,20.7861
180,4.3691,20.7842
184,4.3682,21.4316
188,4.3848,21.4063
192,4.3887,21.4023
196,4.3896,21.5176
200,4.3672,21.6387
204,4.3965,22.1807
208,4.3896,22.0234
212,4.3867,22.5625
216,4.3779,22.9902
220,4.3975,22.6484
224,4.3848,23.2148
228,4.3691,23.4395
232,4.3770,23.7705
236,4.3887,23.9092
240,4.3770,23.7871
244,4.3818,24.2646
248,4.3877,24.4375
252,4.3906,24.7490
256,4.3701,25.5781
260,5.1143,25.2256
264,5.0527,25.6113
268,5.0869,25.2021
272,5.0576,25.0820
276,5.0605,25.3057
280,5.0771,25.4668
284,5.0508,25.4463
288,5.0938,26.0752
292,5.0479,25.0488
296,5.0566,24.8916
300,5.0605,25.7285
304,5.0508,26.7090
308,4.9658,25.4385
312,4.9600,24.9531
316,4.9551,25.0781
320,4.9551,24.7256
324,4.9463,25.0635
328,5.2197,25.7598
332,5.0547,25.4004
336,4.9609,25.3496
340,5.0527,25.4922
344,5.0557,25.7246
348,5.0664,26.1182
352,5.0625,25.9082
356,5.0684,25.6475
360,5.0664,26.2510
364,5.0439,26.2637
368,5.0723,26.1670
372,5.0479,26.5039
376,5.0625,25.2646
380,5.0732,26.9854
384,5.0625,26.2334
388,5.0605,26.6318
392,5.0625,26.3809
396,5.0605,27.0029
400,5.0566,27.1084
404,5.0693,27.0742
408,5.0586,27.3154
412,5.0938,27.9063
416,5.0723,27.4736
420,5.0537,27.8711
424,5.0605,27.4746
428,5.0781,28.3262
432,5.0615,27.4971
436,5.0654,28.1680
440,5.0723,28.2100
444,5.0518,28.4531
448,5.0713,28.3721
452,5.0684,27.5527
456,5.0596,28.3027
460,5.0557,28.9131
464,5.0488,28.7520
468,5.0547,28.3760
472,5.0684,28.7197
476,5.0547,28.8594
480,5.0547,29.0166
484,5.0518,29.1670
488,5.0635,28.0049
492,5.0635,27.5508
496,5.0547,26.8311
500,5.0723,27.6582
504,5.0742,27.0449
508,5.0469,27.1846
512,5.0654,27.6279
516,8.1895,27.3486
520,7.9238,27.3770
524,7.8164,27.4561
528,7.7793,27.8945
532,8.1582,27.6553
536,8.0449,27.5684
540,8.1895,27.7227
544,8.1113,27.1631
548,8.0713,27.4355
552,8.0488,27.7500
556,8.0605,27.8564
560,8.1484,69.9316
564,8.0518,28.1445
568,8.0664,27.7900
572,7.9316,27.9063
576,7.8779,28.1523
580,7.7988,28.0059
584,7.7988,28.0361
588,7.7646,28.0186
592,7.7402,28.1963
596,7.7568,28.0010
600,7.8516,28.2783
604,7.7705,28.2178
608,7.8389,28.3975
612,8.0117,28.8477
616,7.9248,28.4141
620,7.8564,28.1709
624,7.9609,28.8174
628,7.8525,28.3271
632,7.8594,28.8203
636,7.9355,28.9346
640,7.7588,28.0039
644,7.7998,29.0557
648,7.7686,28.7100
652,7.7490,28.8828
656,7.9297,28.8486
660,7.7080,28.9541
664,7.7822,28.8633
668,7.7881,29.5254
672,7.7441,29.0107
676,8.7363,28.7939
680,7.8643,29.4902
684,7.9395,29.3027
688,8.0283,29.5049
692,7.8662,28.7871
696,7.9365,30.0156
700,7.8252,29.4199
704,7.8750,29.2139
708,7.8350,29.4150
712,7.7061,30.0488
716,7.7930,29.3281
720,7.7207,30.1006
724,7.6973,30.3018
728,7.9609,29.5771
732,7.6904,30.1475
736,7.7813,29.5469
740,7.9063,30.3447
744,7.6035,29.4307
748,7.8906,29.8848
752,8.3457,30.1494
756,7.7256,29.6943
760,7.9326,30.6211
764,7.8672,30.7324
768,7.9512,30.8711
772,7.7891,30.3506
776,7.9131,30.0283
780,7.9189,30.2451
784,7.9229,30.7988
788,7.9717,30.4971
792,7.7539,30.1338
796,7.8389,30.9629
800,7.8848,30.6611
804,7.9082,30.6211
812,7.8789,30.1689
820,8.0449,31.1133
828,8.1699,30.7129
836,7.7715,30.7959
844,8.1484,31.6455
852,8.3311,30.6943
860,7.6768,30.8857
868,8.0859,30.9971
876,7.7510,31.3145
884,8.2354,36.3799
892,8.0801,31.5635
900,7.8574,31.3945
908,8.0957,31.2461
916,7.7588,31.4365
924,7.7832,32.0977
932,7.9004,31.5068
940,8.0039,31.0869
948,7.8125,30.2764
956,7.9639,30.7197
964,7.9131,30.6094
972,8.8760,30.5332
980,8.1836,30.7725
988,8.7148,31.0586
996,7.9492,30.7305
1004,8.0391,31.4355
1012,8.6104,31.0166
1020,7.9111,31.2422
1028,11.8467,31.3828
1036,11.3906,31.4150
1044,11.5176,31.5420
1052,11.4824,31.2744
1060,11.6084,31.2148
1068,11.5107,31.9951
1076,11.5254,31.2793
1084,11.8740,32.3389
1092,11.5850,32.6572
1100,11.5186,32.1387
1108,11.3125,32.6006
1116,11.0771,35.0762
1124,10.9570,32.0781
1132,11.2617,30.8428
1140,11.0127,31.6592
1148,11.3711,31.7197
1156,11.1768,31.4072
1164,11.0850,30.8477
1172,11.4297,31.0195
1180,10.9707,31.1094
1188,11.4600,31.0459
1196,11.2061,31.1260
1204,12.0693,31.3242
1212,11.1768,31.9893
1220,11.3320,31.7744
1228,10.8135,30.5469
1236,11.0928,32.0674
1244,11.1309,31.9648
1252,11.2900,31.4609
1260,11.0693,31.3506
1268,11.3594,31.6230
1276,11.2607,30.9033
1284,11.4043,48.0049
1292,11.3623,34.1846
1300,10.9785,33.6953
1308,11.1563,34.2666
1316,11.1553,33.2607
1324,10.8896,34.2324
1332,11.1670,33.7090
1340,11.3096,34.4160
1348,11.0703,33.6484
1356,11.2451,34.1045
1364,11.1162,34.2285
1372,11.1885,33.7646
1380,10.8623,33.6572
1388,11.1250,33.1738
1396,11.2510,33.7959
1404,11.3604,32.4785
1412,11.1104,32.3662
1420,11.1914,32.4111
1428,11.1035,32.1318
1436,11.1201,32.9570
1444,10.8584,32.7510
1452,11.3447,82.3662
1460,11.1396,32.3154
1468,11.0029,32.9365
1476,11.0029,31.9521
1484,11.0430,32.9131
1492,11.0625,32.8027
1500,11.0850,32.6396
1508,11.0391,32.9072
1516,11.1445,33.2021
1524,10.9854,32.1943
1532,11.2080,32.8975
1540,11.7959,32.9023
1548,11.1660,32.9092
1556,11.1787,33.1514
1564,11.2715,33.2393
1572,11.2051,33.4395
1580,11.2178,33.6436
1588,11.1240,33.5674
1596,11.1328,32.7793
1604,11.2021,32.8799
1616,10.9365,32.5479
1628,11.1924,33.0068
1640,11.1611,33.6406
1652,11.1953,33.6504
1664,11.0068,33.2734
1676,11.0879,33.9736
1688,11.0313,33.4658
1700,11.2275,34.2207
1712,11.0742,34.2852
1724,11.2568,34.0088
1736,11.2285,34.1660
1748,11.0059,32.8291
1760,11.3008,34.0967
1772,11.2305,33.6650
1784,11.2910,34.0771
1796,11.3057,33.8105
1808,11.2949,33.9561
1820,10.9775,33.1563
1832,10.9922,33.9619
1844,11.1758,34.1514
1856,10.9063,34.2939
1868,11.1357,33.9170
1880,11.3320,34.9912
1892,11.2754,34.0420
1904,11.3877,34.7578
1916,11.4150,35.2852
1928,65.9209,35.0283
1940,11.3154,34.3818
1952,10.9258,34.3438
1964,11.2930,33.9424
1976,11.2334,34.7383
1988,11.2559,34.7529
2000,11.4238,34.0322
2012,11.3242,34.4395
2024,11.1855,34.6699
2036,11.1602,33.5205
2048,11.2080,35.6523
2060,16.2803,35.0283
2072,15.9824,34.7568
2084,15.5303,34.6914
2096,15.3037,34.8779
2108,15.3535,34.7617
2120,15.6084,35.1924
2132,15.7207,34.8965
2144,15.6133,35.2227
2156,15.4619,35.2334
2168,15.0332,35.1650
2180,15.3613,35.6104
2192,15.5068,35.7256
2204,15.6494,34.6680
2216,15.3604,35.2207
2228,15.5098,35.2539
2240,15.5703,35.5820
2252,15.4033,34.9229
2264,15.1416,35.3438
2276,15.3701,35.8936
2288,15.4824,35.5156
2300,15.0977,35.2471
2312,15.7275,35.7861
2324,15.3789,35.7148
2336,15.3760,35.9092
2348,14.9639,35.2910
2360,15.2324,36.4873
2372,14.4385,35.1895
2384,14.1465,35.3818
2396,14.1582,35.8535
2408,14.0723,35.7861
2424,14.5322,35.6045
2440,14.0840,77.8691
2456,14.4355,35.7539
2472,14.3535,36.1533
2488,14.2734,35.8057
2504,14.5146,36.3643
2520,14.2080,35.7100
2536,14.4609,35.5820
2552,14.2900,35.4707
2568,14.3184,36.1543
2584,14.4346,35.9189
2600,14.4658,35.4170
2616,14.2705,36.1309
2632,14.0010,35.5781
2648,14.1855,35.4424
2664,13.9482,35.6992
2680,14.4053,36.6572
2696,14.5391,35.9463
2712,14.4004,36.0879
2728,14.3955,36.7871
2744,13.9131,36.2393
2760,14.3301,36.5518
2776,14.2822,36.9463
2792,19.0361,37.4063
2808,14.5713,36.5039
2824,14.2061,36.8896
2840,14.4824,36.4053
2856,14.1631,36.0557
2872,14.4033,36.4629
2888,14.2568,36.7520
2904,14.0205,51.0898
2920,14.4268,36.4443
2936,13.8184,36.3799
2952,14.3535,64.6846
2968,14.6563,37.0811
2984,14.5332,36.3037
3000,14.1611,36.8682
3016,14.5303,37.2539
3032,14.3770,37.5332
3048,14.0459,35.8057
3064,14.1689,35.7090
3080,14.0088,36.1963
3096,14.3379,35.9424
3112,14.3379,35.7344
3128,14.0986,36.3623
3144,13.9746,36.4375
3160,13.9209,35.7773
3176,14.0537,36.1328
3192,14.1650,36.9199
3208,14.1045,36.8057
3228,13.8271,36.2344
3248,14.0811,36.9668
3268,13.8145,36.3320
3288,13.7666,36.3428
3308,14.1641,36.8105
3328,14.1113,36.4287
3348,14.1367,36.4834
3368,14.2656,36.6025
3388,13.7373,36.0771
3408,14.3408,36.7627
3428,13.8496,36.9375
3448,13.9199,37.0088
3468,14.1367,36.8037
3488,14.1289,36.9277
3508,14.0635,37.2119
3528,14.0586,37.0557
3548,14.1367,37.0332
3568,14.1143,37.0742
3588,13.9629,37.3438
3608,14.1152,37.0264
3628,13.9443,37.1123
3648,13.8516,35.9463
3668,14.2764,36.4678
3688,14.1250,37.7852
3708,14.0049,37.6758
3728,14.2451,37.5742
3748,14.1465,37.2314
3768,13.7764,37.1777
3788,14.0254,37.1445
3808,14.0078,37.4492
3828,13.7119,37.2490
3848,14.1973,37.3867
3868,14.6426,37.5752
3888,14.0703,37.7158
3908,14.0527,38.1396
3928,13.9512,42.3135
3948,13.8350,37.1172
3968,14.1797,37.5859
3988,14.0645,38.2793
4008,14.1777,37.3057
4032,14.1318,37.5010
4056,14.1650,38.2217
4080,13.9199,37.5527
4104,22.1152,37.8574
4128,22.4805,37.4121
4152,22.6152,38.2158
4176,22.1416,38.0850
4200,22.0264,37.5654
4224,20.9346,38.7227
4248,17.0059,37.8008
4272,17.1045,38.0830
4296,16.8379,38.1768
4320,17.2490,38.3848
4344,16.8555,38.2852
4368,17.0137,38.6445
4392,17.1084,38.4785
4416,17.2129,38.4863
4440,17.1660,38.6309
4464,17.1787,38.0029
4488,17.0244,38.2910
4512,17.1797,38.2432
4536,16.8994,38.3379
4560,17.3291,38.8320
4584,17.2344,38.5215
4608,16.7598,38.1787
4632,16.7109,37.8291
4656,16.9580,38.4531
4680,16.8984,38.1650
4704,17.2510,38.5498
4728,17.2588,38.5557
4752,17.0781,82.5410
4776,17.0674,38.0410
4800,16.9766,38.1934
4824,17.0527,39.0156
4852,17.0059,38.9678
4880,17.0527,38.7998
4908,17.1279,38.2461
4936,16.7129,38.5020
4964,17.0508,37.9502
4992,16.7656,38.2100
5020,16.7627,38.4053
5048,17.2588,45.7100
5076,17.1445,39.0352
5104,17.3838,39.0605
5132,17.1152,39.1855
5160,17.5107,38.4209
5188,16.9795,38.4688
5216,16.8916,38.7900
5244,17.3105,39.7910
5272,17.0771,39.0127
5300,17.0439,38.3018
5328,17.0107,38.1865
5356,17.2305,38.7852
5384,17.8057,39.2354
5412,21.3594,39.8486
5440,17.3906,39.2510
5468,17.0996,38.6699
5496,17.1689,38.6816
5524,16.9883,39.4326
5552,17.3828,38.7861
5580,16.9668,38.9082
5608,16.9873,38.8457
5640,16.7090,38.8984
5672,17.0771,38.5225
5704,16.7432,38.9580
5736,17.1865,38.5195
5768,17.2910,39.2695
5800,17.1631,39.0420
5832,17.0439,38.7607
5864,16.9639,39.2285
5896,17.2813,38.7783
5928,17.0234,39.2979
5960,17.2061,39.3574
5992,17.0371,39.5469
6024,17.1162,39.8789
6056,16.6904,38.5283
6088,17.1299,39.5400
6120,16.9883,39.5732
6152,16.9189,39.6836
6184,17.3047,39.6426
6216,17.0879,45.0850
6248,17.1426,39.2490
6280,16.5645,38.9629
6312,17.1416,39.5498
6344,17.4717,40.1162
6376,17.3203,40.4697
6408,16.9971,40.0635
6444,17.2324,39.4824
6480,17.2725,40.5986
6516,17.4521,40.1816
6552,16.7559,40.0430
6588,17.2002,40.5244
6624,17.0527,40.5186
6660,17.2285,41.1201
6696,17.2090,40.1553
6732,16.9873,40.3936
6768,16.8076,39.7959
6804,17.1934,40.3135
6840,17.2344,40.2930
6876,17.0029,40.7256
6912,16.9990,40.0508
6948,16.8115,39.6162
6984,17.0830,40.0518
7020,16.9648,40.7959
7056,17.2344,40.5049
7092,17.1182,41.1338
7128,17.2939,41.2402
7164,17.0820,40.9141
7200,17.0889,40.7813
7236,16.8203,41.0068
7276,17.0898,41.2939
7316,16.7783,41.8076
7356,24.8486,41.4541
7396,17.2432,40.8955
7436,16.9180,40.8994
7476,17.1826,40.5566
7516,17.0371,40.4395
7556,16.8184,40.7051
7596,17.0732,41.8564
7636,17.0732,40.9404
7676,16.5840,40.8350
7716,17.3887,41.3643
7756,17.1357,41.0244
7796,17.0244,41.7197
7836,16.9834,41.1553
7876,16.8066,40.9482
7916,17.2549,41.2139
7956,17.1299,41.6328
7996,17.1748,41.2227
8036,17.0801,41.0908
8080,16.7959,41.2109
8124,17.1582,41.7715
8168,16.6563,40.7627
8212,24.7861,41.2686
8256,22.8213,41.1914
8300,20.1191,40.9316
8344,20.2480,41.9824
8388,19.9902,41.4775
8432,20.2959,40.6563
8476,19.6602,41.0576
8520,20.0527,41.1123
8564,20.1416,40.8252
8608,20.3516,41.2969
8652,20.0781,42.5732
8696,20.3555,41.8701
8740,20.0234,41.1992
8784,20.3369,41.3066
8828,20.2715,41.8164
8876,19.9873,41.6504
8924,20.2119,42.1436
8972,19.7803,41.2959
9020,20.2891,42.1484
9068,20.3740,41.6826
9116,20.5840,41.2686
9164,20.1729,41.9551
9212,20.0605,41.6563
9260,20.4131,41.0020
9308,20.1172,41.5762
9356,20.1240,41.6211
9404,20.4365,41.6465
9452,20.0273,41.9238
9500,20.1172,41.5469
9548,20.4277,41.3740
9596,20.1475,41.6221
9644,20.2295,42.0713
9696,20.3076,41.7461
9748,19.9043,42.2705
9800,24.1211,42.3496
9852,19.9346,41.5859
9904,19.9775,41.8789
9956,20.0527,41.6758
10008,20.5371,42.2412
10060,20.0654,42.1279
10112,19.7832,41.2793
10164,20.1641,41.8779
10216,20.1904,42.3330
10268,20.1299,42.5244
10320,20.0078,41.6641
10372,20.0098,42.4063
10424,20.2910,41.7549
10480,20.3389,43.0107
10536,19.9717,41.9854
10592,20.2900,42.7949
10648,20.1768,42.4795
10704,20.0566,42.1377
10760,20.2021,42.0303
10816,20.1064,42.6387
10872,20.3320,42.8428
10928,20.4502,43.1270
10984,20.3164,42.1465
11040,20.0771,42.2715
11096,20.1660,41.8193
11152,19.4492,40.7861
11208,20.1074,43.0273
11268,20.0146,42.0127
11328,20.2031,42.5000
11388,20.0654,42.7119
11448,20.3516,42.5449
11508,20.1846,41.6484
11568,20.1934,42.2021
11628,19.9004,41.7041
11688,19.7666,41.2939
11748,20.4746,42.8262
11808,20.4180,42.6816
11868,20.0840,42.7666
11928,19.8398,43.0195
11988,20.4756,43.5195
12048,20.5195,43.3311
12112,20.7217,42.7354
12176,20.1494,43.0215
12240,20.0088,42.5283
12304,20.3750,42.5400
12368,20.3350,42.9893
12432,20.2666,43.1650
12496,20.1250,42.9551
12560,20.1826,42.5625
12624,20.2949,43.1729
12688,31.3359,42.8330
12752,20.2461,42.7178
12816,19.9824,43.4326
12884,20.4014,47.9580
12952,20.4316,42.9434
13020,20.3486,43.1602
13088,20.0811,43.2256
13156,20.1152,43.3643
13224,20.0332,43.3301
13292,20.3047,43.2305
13360,20.4443,43.4629
13428,20.1777,43.9102
13496,20.4609,43.6553
13564,20.8623,44.1943
13632,72.8662,46.0488
13704,20.7090,44.5479
13776,20.9053,45.0508
13848,20.7412,44.4648
13920,20.6992,45.2900
13992,20.2090,44.5576
14064,20.6299,44.4883
14136,20.6055,44.0342
14208,20.5850,44.8701
14280,20.9932,44.4678
14352,20.4658,45.0576
14424,20.8369,44.0557
14500,20.6719,45.4131
14576,20.5586,45.6934
14652,20.6270,44.4072
14728,20.8721,44.7354
14804,20.6973,45.4570
14880,20.7529,45.3789
14956,20.4902,44.4854
15032,20.5195,45.0234
15108,20.3027,44.3564
15184,20.3037,45.3740
15260,20.5293,44.7295
15340,20.4814,44.6572
15420,20.5771,45.5947
15500,21.0693,45.5156
15580,20.7266,44.3916
15660,20.3584,44.8594
15740,20.2725,44.4346
15820,20.6973,44.9307
15900,20.6025,45.8379
15980,20.9492,45.2871
16060,20.7734,45.5625
16144,20.7324,45.1670
16228,20.7207,46.0762
16312,20.1807,45.6709
16396,29.0488,45.1572
16480,28.4238,44.8848
16564,28.1797,45.0928
16648,28.5439,45.3027
16732,34.4043,44.9971
16816,28.2148,45.8281
16904,23.7988,45.5146
16992,23.8984,45.6035
17080,23.4316,45.3369
17168,23.8652,45.8486
17256,23.5908,45.3086
17344,23.3965,45.8887
17432,24.0391,46.2881
17520,23.8291,46.4102
17608,23.6582,45.3037
17700,23.4629,45.0908
17792,23.3320,45.4150
17884,23.7881,45.7930
17976,23.8926,45.4316
18068,23.8613,46.5254
18160,23.2656,45.8311
18252,23.6260,45.2373
18344,23.4434,45.7256
18436,23.5986,46.1162
18532,23.6289,46.1445
18628,23.7158,46.2275
18724,23.9922,46.6914
18820,23.8076,45.8730
18916,23.1045,44.7813
19012,23.4219,46.8848
19108,23.4932,46.3486
19204,23.7725,46.2197
19304,23.4590,46.1992
19404,23.8936,46.2402
19504,24.0625,46.0400
19604,23.2354,45.6807
19704,23.4609,45.3750
19804,23.8457,46.5010
19904,23.2158,46.1377
20004,23.6885,46.1465
20108,23.9189,46.5137
20212,24.0078,46.7207
20316,23.4600,47.1123
20420,24.0186,47.3604
20524,23.2764,45.6387
20628,23.3115,46.2080
20732,23.9082,46.5020
20836,23.8936,46.3809
20944,23.1309,46.4873
21052,23.4219,46.0732
21160,23.4033,45.8008
21268,23.7832,46.0166
21376,23.5840,46.6738
21484,23.9434,47.2041
21592,23.7168,46.8320
21700,23.2168,46.6504
21812,23.3125,46.0215
21924,23.5869,46.7939
22036,23.7539,47.4258
22148,23.7031,47.2168
22260,23.7617,46.6641
22372,23.8799,47.2500
22484,54.7266,47.2217
22600,23.6396,47.3604
22716,24.0605,46.5508
22832,23.5039,46.1777
22948,23.5410,47.2930
23064,23.8594,47.2734
23180,23.8203,46.5098
23296,23.5723,47.1563
23416,23.5195,47.0479
23536,23.6152,46.9043
23656,24.0820,47.0186
23776,23.8496,48.1553
23896,23.7158,47.1270
24016,23.4111,46.5840
24140,23.9199,47.9277
24264,23.5029,46.7754
24388,23.8184,47.6729
24512,23.5771,47.0752
24636,24.1787,47.5605
24760,24.0742,57.1748
24884,23.7871,47.5762
25012,23.7979,47.7305
25140,24.1748,47.3760
25268,23.9121,48.2256
25396,24.1494,48.1729
25524,24.0342,47.9629
25652,23.7529,47.5879
25784,23.5068,47.8906
25916,23.9395,47.9775
26048,23.5332,48.3301
26180,23.8340,47.2471
26312,23.8809,47.8975
26444,23.8271,48.2754
26580,23.8008,47.6973
26716,24.2510,47.7656
26852,23.8516,47.4355
26988,23.4297,47.1758
27124,23.8193,47.3320
27260,24.0488,48.4141
27400,23.5586,48.0518
27540,23.6211,47.6680
27680,23.6025,48.5430
27820,24.0020,47.9502
27960,23.0303,47.4541
28100,24.2490,47.9053
28244,24.0107,48.1133
28388,23.8408,47.5977
28532,23.7793,48.7754
28676,23.2764,46.6494
28820,23.1318,47.6563
28968,23.0146,46.7480
29116,23.1846,46.4023
29264,22.9023,47.2129
29412,23.0127,46.9238
29560,23.2461,46.7441
29708,22.9941,47.2891
29860,22.9424,46.8047
30012,23.0215,46.7881
30164,23.3389,47.8975
30316,23.4854,47.7842
30468,23.2031,47.1152
30624,23.3799,47.7930
30780,23.0283,47.4434
30936,23.2197,46.9814
31092,23.2539,47.6572
31248,23.6201,47.2451
31408,23.4248,47.7217
31568,23.3252,47.6602
31728,23.2744,46.8701
31888,23.2217,47.5752
32048,22.8262,47.2666
32212,23.5088,48.0674
32376,23.0127,47.6523
32540,22.8457,47.2773
32704,23.4619,47.6504
32868,31.5703,47.6924
33036,31.2686,48.1826
33204,31.5313,48.0566
33372,30.4111,48.7607
33540,26.7949,48.2246
33708,26.1113,47.8574
33880,26.3223,48.6963
34052,26.3613,48.2490
34224,26.3779,47.5195
34396,25.4697,46.9063
34568,26.2930,47.3232
34744,26.1807,47.9844
34920,25.8799,47.7910
35096,26.1162,47.9229
35272,26.8115,47.8701
35452,26.2539,48.2715
35632,25.9277,47.6113
35812,26.5469,47.4775
35992,26.1816,48.3857
36172,26.2979,48.1553
36356,32.1250,48.3926
36540,26.1865,47.8486
36724,25.8799,47.4629
36908,26.2422,47.5537
37096,26.5791,48.7861
37284,26.0449,47.9971
37472,26.5811,48.7529
37660,26.0869,48.3750
37852,26.3496,47.5479
38044,26.0488,49.3086
38236,26.5986,50.3945
38428,26.0322,48.4570
38624,33.0977,49.2041
38820,26.9463,50.1396
39016,26.6230,49.3125
39212,26.7861,48.4375
39412,28.7520,49.7109
39612,26.9619,49.5234
39812,26.7676,48.8809
40012,27.0977,49.4092
40216,26.7061,49.1367
40420,26.5430,48.8301
40624,26.7842,49.9326
40828,27.2891,48.7686
41036,26.9033,49.4170
41244,27.0928,48.5723
41452,26.6563,48.4990
41660,26.9609,49.8564
41872,26.9277,49.6836
42084,26.4209,49.5059
42296,27.3115,50.0967
42508,26.6992,49.9834
42724,27.1367,49.8965
42940,27.5488,49.1211
43156,27.7031,49.9141
43372,27.1172,49.7871
43592,28.5322,50.0596
43812,27.7813,50.5625
44032,27.6787,50.1338
44256,28.0156,49.8398
44480,27.3555,48.9697
44704,27.5313,50.2197
44928,27.6172,50.2256
45156,27.2881,49.8330
45384,27.7852,50.7715
45612,27.2695,49.7969
45844,27.3828,49.6045
46076,27.0078,50.4238
46308,28.0469,49.9697
46540,27.6826,50.5938
46776,27.7168,50.1123
47012,27.7363,50.3076
47248,27.5449,50.5498
47488,28.2852,50.7441
47728,28.1035,50.7725
47968,27.5283,52.3555
48208,26.3887,48.8096
48452,26.6416,49.7246
48696,26.6191,49.4561
48940,27.5801,50.3320
49188,26.5195,49.3584
49436,26.2881,49.2920
49684,27.1963,49.4238
49936,26.2725,49.8730
50188,26.8105,50.0928
50440,26.9404,79.9736
50696,26.9805,51.3447
50952,26.7617,49.4814
51208,26.3789,50.2305
51468,26.5615,49.9961
51728,26.9092,49.9775
51988,26.7529,49.9482
52248,26.2422,48.9873
52512,26.7910,50.2666
52776,31.0742,50.6416
53040,26.6426,49.7695
53308,26.0684,50.2617
53576,26.6504,50.3477
53844,26.6113,49.4580
54116,26.8242,50.8506
54388,27.1270,50.6953
54660,26.8672,50.7588
54936,27.6211,50.3857
55212,27.4590,51.0732
55492,27.0195,50.7100
55772,26.6318,49.5801
56052,26.7168,49.9541
56336,26.9502,49.6240
56620,27.5439,50.8057
56904,27.0381,50.7373
57192,27.1748,50.0791
57480,26.5303,50.4043
57768,26.5977,50.5420
58060,26.8721,50.4922
58352,27.3516,51.2520
58644,26.6172,51.1211
58940,27.0225,50.9766
59236,26.7871,49.9844
59536,26.6953,51.4141
59836,27.5469,51.8945
60136,27.2803,51.3721
60440,27.6924,51.0332
60744,26.9463,51.1572
61048,26.6563,50.9775
61356,27.1611,51.9941
61664,26.9717,51.9932
61976,27.0693,50.4600
62288,26.2275,51.3496
62600,26.4482,51.3770
62916,26.6230,51.2832
63232,26.4053,50.4990
63552,26.6621,51.7080
63872,26.7471,52.1348
64192,26.7588,51.7021
64516,26.4033,54.1846
64840,26.8232,51.0859
65168,26.9551,51.9434
65496,26.5654,51.8564
65824,35.7959,51.7783
66156,31.7256,51.3848
66488,32.0527,51.8145
66824,32.1201,51.7031
67160,31.4092,51.3984
67496,31.5420,52.2598
67836,31.7373,52.1416
68176,32.3037,51.6826
68520,32.3604,51.5742
68864,31.7979,51.5215
69212,31.6660,51.3965
69560,31.4736,51.6387
69908,32.8848,52.7119
70260,31.4951,51.8643
70612,31.4424,51.3838
70968,31.3857,51.7568
71324,31.5830,51.4766
71684,32.2949,53.1797
72044,31.5762,51.9395
72408,31.2920,51.7646
72772,31.9053,52.6875
73136,31.4521,51.2461
73504,31.5977,52.0801
73872,31.8936,51.9248
74244,32.2217,53.0000
74616,31.5840,52.8711
74992,31.9375,61.9707
75368,32.6338,92.4551
75748,33.7949,53.7676
76128,31.8027,101.5986
76512,31.1406,52.0879
76896,30.9775,51.6162
77284,31.0654,51.2754
77672,31.0205,51.5498
78064,30.7842,51.4316
78456,30.4814,52.3193
78852,31.1943,51.9658
79248,30.4404,51.1201
79648,30.7666,51.4375
80048,30.3789,51.7949
80452,31.4609,52.9307
80856,30.5752,51.4727
81264,30.7607,52.2715
81672,30.9082,51.4297
82084,31.0586,51.9375
82496,30.3193,51.6768
82912,31.1826,52.2744
83328,30.9746,52.5459
83748,30.4873,52.9395
84168,31.0615,53.2773
84592,31.0137,52.9795
85016,30.9922,52.4004
85444,30.7637,52.2715
85872,30.7490,52.5254
86304,31.1523,53.3506
86736,30.1064,50.9707
87172,30.5381,52.1621
87608,29.7627,51.5244
88048,30.5127,52.3076
88492,30.6221,52.8848
88936,30.3525,52.7266
89384,30.0781,52.2344
89832,30.0117,51.9443
90284,31.2324,53.1191
90736,31.0410,52.9902
91192,30.8945,53.3730
91648,30.1885,52.7939
92108,30.1729,53.3613
92572,31.8789,53.4141
93036,31.4521,52.9512
93504,31.9287,53.0557
93972,31.9922,53.4326
94444,31.2080,53.1367
94920,31.3389,53.0820
95396,31.9658,52.9912
95876,31.3047,52.7051
96356,31.4473,51.9307
96840,31.8291,53.1475
97328,31.6836,53.5010
97816,31.3936,53.3779
98308,31.2773,53.1738
98800,31.9063,98.0010
99296,31.6064,69.8906
99796,41.8701,55.3457
100296,31.4150,54.9551
100800,32.1162,55.4844
101304,31.5488,54.9844
101812,31.3818,54.5498
102324,31.7324,68.8301
102836,31.3271,53.7666
103352,31.8311,79.2354
103872,31.5293,55.2080
104392,31.2148,53.9795
104916,32.3789,55.7676
105444,31.1436,63.7764
105972,31.4980,55.1465
106504,31.6777,55.0537
107040,31.0596,54.2441
107576,31.0977,55.8701
108116,31.8535,55.2188
108660,30.9150,55.4863
109204,32.1074,53.1670
109752,31.4268,54.6084
110304,31.1240,54.6582
110856,31.5410,55.6670
111412,32.4219,56.1611
111972,77.2422,55.3369
112532,32.0566,55.9072
113096,31.9941,56.1484
113664,32.3848,55.1611
114236,31.7705,55.8613
114808,31.7373,56.0879
115384,31.3428,55.2744
115964,33.0566,55.6182
116544,33.0947,56.9014
117128,31.7705,56.5928
117716,32.1533,56.1895
118308,32.1904,56.2598
118900,31.1660,55.1572
119496,31.2969,55.4063
120096,31.8154,56.1396
120700,31.2881,56.0420
121304,32.0332,56.9121
121912,30.5303,54.8965
122524,30.5166,54.0732
123140,30.6563,54.2637
123756,30.8242,55.0938
124376,31.4404,55.7070
125000,30.6113,54.5664
125628,30.6328,54.8096
126260,31.8223,55.4434
126892,73.5547,55.7227
127528,32.9063,59.1553
128168,32.2080,55.8633
128812,31.1426,54.9160
129460,32.3271,55.2871
130108,31.6133,55.5479
130760,30.8154,54.3896
131416,37.5244,55.3447
132076,38.0176,56.0566
132740,37.2686,55.1240
133404,37.2002,55.7871
134072,37.1338,55.2520
134744,36.6631,55.2227
135420,35.5166,54.5566
136100,36.0088,55.3076
136784,35.7012,54.9238
137468,34.7178,54.3066
138156,35.6592,56.0811
138848,36.1309,54.8193
139544,35.6719,56.0332
140244,36.8682,55.9346
140948,35.6055,54.9102
141656,36.3691,56.0664
142368,35.8232,55.9404
143080,35.6074,56.3223
143796,35.1396,55.6396
144516,35.4766,56.9590
145240,34.5176,55.3916
145968,35.1367,56.4697
146700,35.5020,56.2090
147436,35.7295,56.0986
148176,35.5889,56.2246
148920,35.4043,56.3818
149668,37.6230,57.1797
150420,36.4854,56.9629
151176,36.9805,57.2715
151932,36.2998,55.9082
152692,36.6045,56.2871
153456,36.6211,56.4541
154224,36.5830,63.9189
154996,36.3438,57.2227
155772,36.3799,56.9404
156552,36.2051,57.0156
157336,36.5479,56.0557
158124,36.1221,64.9238
158916,39.7100,56.2412
159712,36.8838,57.2168
160512,37.1514,57.3965
161316,38.1494,58.3750
162124,35.3242,56.9043
162936,35.1572,55.9980
163752,35.7539,59.1797
164572,36.8105,56.7676
165396,35.7314,56.5527
166224,34.9600,56.2197
167056,35.2139,56.6143
167892,35.5508,57.0576
168732,35.5400,56.7871
169576,35.4307,56.3164
170424,35.4160,56.6416
171280,36.3105,58.7188
172140,35.9209,58.0879
173004,35.6641,56.5625
173872,36.2607,57.7100
174744,38.4111,59.7813
175620,36.4346,56.5225
176500,36.5449,56.3711
177384,36.2891,57.0586
178272,36.8760,58.5459
179164,35.7852,56.5127
180060,36.3008,57.4990
180964,36.3281,57.3350
181872,36.3174,57.7822
182784,36.7676,58.1250
183700,36.6133,57.9141
184620,36.6084,57.4951
185544,36.9756,57.5313
186472,38.1904,59.3564
187408,36.6504,57.7217
188348,37.1768,58.5322
189292,36.9150,57.4434
190240,36.3916,56.9160
191192,36.9590,57.5156
192148,36.9268,57.1406
193112,35.8242,56.6904
194080,60.8066,57.7607
195052,36.9600,58.2256
196028,37.0684,58.0059
197012,41.5713,58.3174
198000,36.8418,57.5273
198992,36.6748,58.2617
199988,36.5283,58.4229
200988,36.4746,57.4092
201996,36.9961,57.8779
203008,36.0195,56.9541
204024,37.0254,57.9570
205048,36.7197,57.8730
206076,36.9922,57.2529
207108,36.2969,58.6777
208144,36.1484,59.4424
209188,36.1299,59.0791
210236,36.4434,59.3867
211288,35.7383,58.4658
212348,35.5010,58.6016
213412,35.5098,58.1191
214480,35.4160,57.8896
215556,35.9424,58.7734
216636,35.8252,58.6631
217720,35.8154,58.9893
218812,35.4531,58.6699
219908,35.9805,59.8037
221008,35.8496,58.5771
222116,36.1865,58.1318
223228,34.6807,56.6289
224348,35.4365,59.3789
225472,35.7783,59.9092
226600,34.9492,57.6689
227736,35.1143,58.8633
228876,37.1826,58.9414
230024,34.0820,57.3535
231176,35.2363,57.6563
232332,35.3789,58.2725
233496,35.2695,59.1016
234664,36.1348,57.9404
235840,36.3643,58.6836
237020,36.5029,58.5527
238208,35.7803,59.7412
239400,37.5352,59.7754
240600,39.1592,58.5918
241804,35.3389,59.1631
243016,36.2725,65.4121
244232,36.0371,59.6963
245456,35.8594,58.9805
246684,36.8984,60.2236
247920,35.9551,60.1035
249160,37.5488,61.3037
250408,35.6045,58.3008
251664,36.6602,60.2256
252924,36.1836,59.3643
254192,36.6592,60.1416
255464,35.5840,60.1113
256744,35.9463,59.2773
258028,35.2285,59.2256
259320,35.9854,59.7285
260620,35.7627,58.6514
261924,36.3975,59.9883
263236,39.8887,61.4844
264556,39.7256,60.6641
265880,39.5811,59.9023
267212,39.4570,60.0273
268552,39.2188,59.7695
269896,38.5869,59.7793
271248,41.1650,60.1982
272608,40.7773,60.2285
273972,42.1934,61.2461
275344,40.9746,59.9648
276724,40.0127,59.7129
278108,40.7266,60.1934
279500,41.5742,61.1260
280900,39.9502,59.6641
282308,40.9102,61.0107
283720,40.2656,61.3828
285140,41.9023,61.6807
286568,42.7666,62.2324
288004,41.5586,61.7139
289448,40.6025,62.3574
290896,40.7900,60.5947
292352,40.3545,61.3721
293816,39.8203,61.2715
295288,40.2793,62.6387
296768,40.5439,60.9521
298252,43.7373,61.2813
299744,40.0605,61.5947
301244,40.8252,61.9297
302752,39.3770,61.3770
304268,39.4688,61.5674
305792,38.9512,60.5664
307324,39.8760,61.7217
308864,39.6406,61.7930
310412,40.5479,61.4502
311968,39.6406,62.3818
313528,40.0820,60.9922
315096,39.4756,61.2979
316672,39.9268,61.2598
318256,41.7930,61.1250
319848,39.3428,60.8975
321448,39.6221,60.9990
323056,39.4473,60.5898
324672,40.2871,60.9824
326296,39.8672,61.2959
327928,39.7969,61.2988
329568,39.6719,61.0850
331216,39.6377,61.3154
332876,39.2686,61.1641
334544,40.6328,61.3906
336220,40.7441,61.0352
337904,40.8809,61.1084
339596,40.6094,61.4063
341296,39.9434,61.6709
343004,40.9932,64.4746
344720,40.9971,60.8848
346444,40.5195,61.2080
348180,41.2256,62.4492
349924,41.3242,63.1611
351676,40.9990,65.0049
353436,40.3877,60.7568
355204,39.7598,86.9502
356984,40.0762,61.7881
358772,39.9561,61.7305
360568,39.1934,60.6523
362372,39.4111,61.9746
364184,39.9941,62.3018
366008,41.6025,62.3047
367840,39.4521,62.2295
369680,39.0791,61.8496
371532,39.3389,61.8740
373392,39.1309,60.8389
375260,39.9043,61.7725
377140,41.5420,63.3027
379028,40.5859,61.9795
380924,40.1279,61.5625
382832,39.6240,62.2158
384748,39.8154,61.6494
386672,39.7646,62.1895
388608,40.1289,62.8916
390552,39.5156,61.6719
392508,40.7803,64.4541
394472,40.0039,62.1777
396448,39.6836,61.5264
398432,40.4014,63.7959
400428,40.1533,63.1748
402432,40.1631,62.3828
404448,40.1621,63.0957
406472,40.2441,62.8037
408508,40.3770,63.6768
410552,40.1406,63.0811
412608,39.6338,63.4121
414672,40.8584,62.8037
416748,39.9424,63.1836
418832,39.8184,62.8525
420928,39.4951,63.0762
423036,40.4922,62.6455
425152,40.6875,62.6025
427280,40.7285,62.1650
429420,38.8330,63.8027
431568,40.3262,63.2119
433728,40.2334,64.1094
435900,40.1240,63.4219
438080,40.3408,62.9658
440272,40.5898,64.2422
442476,41.3682,64.1133
444692,40.9629,63.6865
446916,39.9941,62.8145
449152,40.8711,63.9795
451400,40.5713,63.2236
453660,40.3809,63.3193
455932,41.5664,65.2832
458212,41.5537,63.5430
460504,40.8838,64.3672
462808,40.5566,62.2705
465124,40.1768,64.3916
467452,41.0186,63.2607
469792,41.2256,64.1025
472144,41.2822,64.4219
474508,42.3750,64.6875
476884,41.5029,64.1621
479272,41.1826,65.1592
481672,40.1777,62.3711
484084,42.3164,65.0049
486508,39.6855,63.2764
488944,40.9697,64.2793
491392,40.7813,63.9521
493852,40.9922,116.7920
496324,41.8838,64.2920
498808,41.6523,65.3730
501304,40.7900,64.4639
503812,41.1895,64.7998
506332,41.1514,69.2900
508864,40.3174,65.2217
511412,40.6895,65.4570
513972,40.7051,65.5557
516544,40.9307,64.6885
519128,41.3721,64.1631
521724,41.6953,65.2842
524336,52.5928,72.0166
526960,45.1494,66.7725
529596,51.1367,72.2617
532244,45.4268,64.9893
534908,120.0059,66.3359
537584,44.4697,64.8770
540272,44.9209,64.8027
542976,45.0342,64.4180
545692,45.1621,64.6348
548424,44.6641,64.0176
551168,45.7285,65.2285
553924,45.3428,64.8145
556696,46.7012,65.9365
559480,45.5049,65.7051
562280,45.7715,66.3643
565092,45.3740,66.7051
567920,45.3379,65.6865
570760,44.8691,65.9717
573616,44.8633,66.9346
576488,46.0820,65.0020
579372,45.2275,66.7559
582272,44.4658,65.0127
585184,45.5615,66.7070
588112,45.4434,65.6563
591056,45.0352,66.2051
594012,70.3691,66.7236
596984,44.9648,65.7627
599972,46.1816,67.0195
602972,44.9541,66.3408
605988,44.6348,66.6670
609020,44.7227,66.2539
612068,45.4111,67.3750
615132,44.7295,75.2617
618208,44.8750,66.6787
621300,45.0156,67.1543
624408,44.6416,66.0020
627532,45.0566,67.4297
630672,45.0000,67.1025
633828,45.1094,67.1104
637000,45.0703,67.1553
640188,44.7021,66.7822
643392,44.0156,66.0107
646612,45.1133,67.8721
649848,44.7568,66.6563
653100,44.9033,66.0400
656368,45.0234,66.8066
659652,44.3506,66.3398
662952,45.0635,67.1113
666268,45.9932,65.9756
669600,45.3848,66.0752
672948,46.4502,67.5313
676316,46.6885,69.9248
679700,45.9482,67.3496
683100,46.7197,67.3398
686516,44.8604,66.3887
689952,46.1445,66.8535
693404,46.2295,66.9102
696872,45.8652,67.2207
700360,46.9023,68.5488
703864,45.7510,67.1377
707384,45.6572,68.6963
710924,46.4561,68.1201
714480,51.5254,68.0645
718056,46.1055,68.0127
721648,45.6875,66.9199
725260,44.6201,66.7422
728888,45.7822,69.1221
732536,45.2109,67.8779
736200,45.3652,66.5537
739884,45.3555,67.8613
743584,45.7129,68.5264
747304,45.3447,65.7783
751044,45.8203,67.6367
754800,44.8086,66.9268
758576,45.7607,67.4219
762372,45.9258,68.4092
766184,45.5850,68.2705
770016,45.4199,67.4512
773868,45.6748,67.6465
777740,45.1240,67.4268
781632,44.9609,68.6807
785544,46.1328,69.1836
789472,45.1377,67.1436
793420,46.7451,70.1572
797388,45.7705,68.9785
801376,45.4199,67.7842
805384,46.8535,68.4863
809412,46.2529,68.8574
813460,45.1074,68.2842
817528,46.7168,155.7549
821616,49.3223,70.6318
825728,56.4658,70.1123
829860,49.3506,71.1260
834012,49.5176,71.0781
838184,50.0869,71.3428
842376,49.3809,71.1104
846588,49.6934,71.8223
850824,48.8164,70.3408
855080,48.1016,71.5859
859356,48.5107,70.6650
863656,49.5342,71.1895
867976,48.4443,70.6895
872316,47.6035,70.0869
876680,48.3438,70.4512
881064,48.6387,70.9531
885472,47.1230,70.2070
889900,48.5029,71.4668
894352,47.6748,70.4580
898824,49.7686,72.8838
903320,47.8818,73.0352
907840,47.9746,72.1875
912380,47.9678,70.1445
916944,46.4834,69.7881
921532,47.3545,71.1289
926140,48.1816,72.3496
930772,48.2598,72.8350
935428,47.8496,71.5498
940108,47.9092,71.5293
944812,48.0693,72.1865
949540,46.8389,71.6201
954288,46.7588,77.9307
959060,46.8721,71.9316
963856,46.8008,71.9297
968676,46.9482,71.2256
973520,46.8555,71.2842
978388,45.7715,77.7061
983280,47.2412,71.0527
988200,47.7227,73.2051
993144,46.8252,71.8789
998112,46.8350,71.9824
1003104,46.7031,72.0332
1008120,46.8271,72.6455
1013164,46.6455,70.8721
1018232,46.7510,74.0977
1023324,46.7871,72.9707
1028444,47.4297,71.6885
1033588,47.5557,72.5264
1038756,47.7090,71.8711
1043952,48.9443,72.5664
1049172,56.0127,77.9844
1054420,52.3574,73.3779
1059696,51.4238,72.0088
1064996,52.1924,72.7939
1070324,55.3740,76.1133
1075676,52.1777,74.3486
1081056,51.5869,73.9502
1086464,51.5508,73.6445
1091900,51.5107,73.9170
1097360,52.8457,75.0332
1102848,52.4492,74.7988
1108364,52.5547,74.6865
1113908,52.0479,74.0459
1119480,52.0791,74.4824
1125080,51.9707,75.4805
1130708,51.1475,72.8389
1136364,52.1709,75.0020
1142048,52.4531,89.5518
1147760,53.0557,75.5986
1153500,53.3301,75.8037
1159268,52.4736,75.4512
1165068,53.7109,77.3740
1170896,51.7979,75.0527
1176752,53.0820,75.0342
1182636,51.9990,75.2314
1188552,52.4131,76.3467
1194496,51.7002,76.4395
1200472,53.3477,74.7217
1206476,52.8760,75.5439
1212512,53.1152,74.3936
1218576,52.7051,74.2842
1224672,53.8369,75.5859
1230796,54.7295,76.8975
1236952,53.9102,75.7012
1243140,53.3281,81.2607
1249356,52.0566,111.4443
1255604,55.2178,77.1504
1261884,52.5820,76.5029
1268196,53.1982,78.9199
1274540,55.4707,73.4141
1280916,55.4316,74.0830
1287324,56.8408,77.1416
1293764,54.1641,74.0654
1300236,56.5752,75.9912
1306740,54.3887,74.2783
1313276,55.9443,75.5156
1319844,55.2324,74.3467
1326444,57.7373,75.5352
1333080,51.0625,75.2539
1339748,52.4199,75.6006
1346448,51.0596,74.8555
1353184,52.0303,75.2881
1359952,51.1162,74.3633
1366752,51.8779,75.5352
1373588,51.7461,75.6406
1380456,51.6865,76.0459
1387360,53.5596,75.4404
1394300,55.3379,77.3877
1401272,53.7471,75.0371
1408280,52.9590,75.2500
1415324,53.3525,78.9512
1422404,52.9824,75.1289
1429520,53.1543,76.6045
1436668,53.2686,77.2441
1443852,52.9990,76.3262
1451072,53.4893,76.0430
1458328,53.4717,76.5723
1465620,52.9814,76.1240
1472952,54.1758,77.5303
1480320,54.7129,77.7373
1487724,53.1797,76.8789
1495164,54.2148,77.7734
1502640,53.0039,76.5977
1510156,52.5205,77.0342
1517708,54.4805,78.7393
1525300,55.3633,77.7520
1532928,53.0527,78.2451
1540596,52.8467,76.9385
1548300,52.8145,77.1240
1556044,52.3896,77.2432
1563828,52.7725,76.6680
1571648,53.3506,78.0703
1579508,52.2021,77.9854
1587408,52.9805,83.7207
1595348,52.5830,78.6240
1603328,60.8730,81.0732
1611348,52.3838,76.3633
1619408,52.9873,76.7939
1627508,53.8818,79.5469
1635648,52.8320,87.5996
1643828,54.0244,77.1504
1652048,52.9873,78.2871
1660312,54.6318,77.6992
1668616,54.1045,78.9961
1676960,53.6465,78.7627
1685348,53.6338,78.8613
1693776,53.5459,78.9453
1702248,52.5264,80.0176
1710760,55.2158,79.1729
1719316,52.0625,78.2598
1727916,53.3467,80.1123
1736556,54.5088,81.9258
1745240,52.1914,78.6328
1753968,52.7900,79.7275
1762740,52.4854,79.6113
1771556,54.2793,141.2744
1780416,55.2871,81.4141
1789320,55.3086,82.0449
1798268,55.0166,83.4678
1807260,54.8545,81.9434
1816300,61.6865,81.7568
1825384,55.4277,81.7061
1834512,54.3457,82.7012
1843688,55.0391,81.5547
1852908,54.3281,82.7070
1862176,54.3154,82.0732
1871488,54.1602,81.5557
1880848,55.2441,82.7148
1890256,55.5957,81.5215
1899708,54.8076,81.8506
1909208,56.2617,81.1836
1918756,55.3281,82.1572
1928352,55.3359,81.6084
1937996,56.1934,82.3955
1947688,56.9219,84.1182
1957428,55.5811,106.1855
1967216,54.9307,124.2109
1977056,54.8154,83.2441
1986944,55.0537,83.7197
1996880,54.8037,83.3174
2006868,55.8867,92.6182
2016904,53.8525,94.8037
2026992,56.0225,83.3320
2037128,56.6191,84.0703
2047316,56.0908,83.5059
2057556,55.6816,82.8613
2067844,54.8301,83.5098
2078184,56.7246,83.8604
2088576,55.8057,85.2080
2099020,63.2373,86.6455
2109516,61.9600,85.7402
2120064,60.8457,83.3164
2130668,60.6514,84.6152
2141324,62.4541,83.8096
2152032,60.9238,83.5586
2162796,61.9756,86.0869
2173612,61.4063,85.6104
2184484,62.5225,87.4902
2195408,63.8223,86.4316
2206388,62.1953,85.7744
2217420,62.1094,84.7529
2228508,62.5186,86.0811
2239652,60.5537,84.1084
2250852,61.3379,85.1934
2262108,61.4873,85.7510
2273420,61.1035,85.8193
2284788,64.0322,86.1016
2296212,64.1631,85.3613
2307696,62.3789,86.8242
2319236,63.7070,86.1631
2330836,63.6455,87.0195
2342492,62.7949,87.4756
2354208,62.0752,87.7744
2365980,60.8330,100.6641
2377812,63.0850,87.5469
2389704,61.4971,86.0127
2401656,76.2168,89.2871
2413668,60.6885,86.0391
2425740,61.5771,87.0635
2437872,61.4727,86.0742
2450064,62.5020,87.2119
2462316,62.5273,88.7021
2474628,62.2432,86.9941
2487004,60.6553,86.8643
2499440,59.8848,86.7529
2511940,61.5752,88.0273
2524500,60.2744,86.5859
2537124,61.1338,87.6211
2549812,60.5703,86.1650
2562564,93.4707,88.2217
2575380,60.2607,88.7500
2588260,60.0713,87.4414
2601204,60.8633,87.9131
2614212,59.4248,85.3701
2627284,59.9434,86.3633
2640424,60.1123,86.8135
2653628,70.7773,85.6787
2666900,60.2852,86.3438
2680236,59.5801,86.1143
2693640,60.5273,92.9990
2707112,59.9287,87.4854
2720648,61.0273,87.6689
2734252,60.0254,86.9629
2747924,59.9121,86.7266
2761664,60.7607,88.1436
2775476,60.4307,88.0625
2789356,61.0957,87.0820
2803304,67.2861,87.7500
2817324,62.1934,88.3574
2831412,60.1748,87.8633
2845572,61.3242,88.1455
2859800,61.7021,89.9697
2874100,61.2393,87.7451
2888472,61.7236,87.7031
2902916,60.3467,86.3809
2917432,60.8018,87.6357
2932020,59.8701,87.4629
2946684,60.5967,88.5234
2961420,59.3496,87.7568
2976228,60.4775,90.5488
2991112,61.4102,96.3154
3006068,59.8438,88.8242
3021100,60.5264,89.6396
3036208,59.6104,88.1299
3051392,61.1016,89.2676
3066652,59.5361,88.7197
3081988,60.8564,88.5059
3097400,61.3271,89.0439
3112888,63.0088,90.5361
3128456,60.4766,90.0234
3144100,61.3906,91.1504
3159824,60.6270,90.5840
3175624,61.3516,89.7588
3191504,61.3223,93.0859
3207464,62.3604,92.4297
3223504,60.3799,91.0693
3239624,59.8555,89.7813
3255824,62.1787,92.9717
3272104,60.3164,90.3711
3288468,61.4121,92.0146
3304912,63.2646,91.3252
3321440,62.1846,92.3096
3338048,62.6904,92.0303
3354740,61.0869,92.4551
3371516,62.8984,95.0752
3388376,61.3271,92.3760
3405320,61.1592,92.9902
3422348,62.7090,95.4697
3439460,61.3086,92.5039
3456660,61.0273,92.7031
3473944,62.2080,92.6846
3491316,61.9219,94.3438
3508776,61.7949,93.5850
3526320,61.9590,92.0811
3543952,68.7783,94.2070
3561672,61.1973,93.7734
3579484,61.7500,93.8174
3597384,71.7461,96.0215
3615372,65.4102,96.1055
3633452,64.1592,97.9053
3651620,64.7461,95.7842
3669880,66.5605,99.7100
3688232,65.7422,95.3857
3706676,65.4033,95.2402
3725212,65.6748,96.8828
3743840,64.2266,95.6191
3762560,65.2617,97.5205
3781376,65.6523,98.4258
3800284,66.0020,98.9756
3819288,65.9863,96.7842
3838388,66.0996,98.1982
3857580,65.9033,98.5459
3876868,156.1182,95.8652
3896256,65.3975,97.2178
3915740,64.0908,96.9336
3935320,63.6338,94.5430
3955000,64.7012,95.0283
3974776,63.1162,98.0830
3994652,65.7607,95.9580
4014628,65.8066,95.1934
4034704,63.8145,107.8291
4054880,63.4336,94.4346
4075156,63.2793,96.2861
4095532,65.0869,93.4756
4116012,64.0283,95.6650
4136596,63.6855,95.1084
4157280,64.9248,96.0137
4178068,63.3506,95.6572
4198960,70.9922,99.0068
4219956,72.2090,98.2813
4241056,70.7529,96.8320
4262264,71.0313,97.2012
4283576,71.1934,98.5908
4304996,70.7051,95.7842
4326524,75.0732,93.1328
4348160,70.1670,96.5635
4369904,69.9727,103.8389
4391756,70.8457,97.1914
4413716,71.9150,96.0098
4435788,74.4023,99.1924
4457968,70.6709,96.8779
4480260,71.7773,98.0107
4502664,72.8418,97.3965
4525180,72.9648,99.0342
4547808,72.4492,97.7266
4570548,72.5479,99.7246
4593404,69.9834,97.9375
4616372,70.4434,96.6309
4639456,70.2002,95.4873
4662656,72.3320,96.7324
4685972,71.0127,98.1768
4709404,70.5430,95.0752
4732952,70.5010,97.7383
4756620,69.5498,97.9629
4780404,72.0654,97.7715
4804308,70.7744,97.6953
4828332,70.8994,98.8604
4852476,72.3369,99.2998
4876740,71.1260,99.9727
4901124,71.1992,98.6865
4925632,70.6943,100.2549
4950264,71.2744,99.4658
4975016,70.8203,98.7939
4999892,71.9580,98.0859
5024892,70.0742,98.2285
5050020,69.8350,98.8242
5075272,69.8320,110.7568
5100652,70.6572,100.5322
5126156,76.1914,96.3379
5151788,69.4727,97.4473
5177548,73.8584,96.9023
5203436,68.2441,96.1729
5229456,68.6143,100.4023
5255604,67.1846,95.4346
5281884,69.2314,96.5146
5308296,70.2344,99.6270
5334840,71.3359,99.2031
5361516,71.2227,97.5547
5388324,71.0010,100.2842
5415268,81.3936,99.1240
5442348,69.6953,98.1748
5469560,70.7207,97.4971
5496908,70.1338,96.5459
5524396,68.6563,95.9355
5552020,69.8652,99.1836
5579784,71.4609,98.8672
5607684,70.8652,97.9619
5635724,69.0791,98.1357
5663904,71.6436,98.0391
5692224,75.4463,99.0693
5720688,70.8438,98.2305
5749292,67.6875,95.9229
5778040,69.4883,104.1504
5806932,68.3184,96.0488
5835968,70.8779,99.4482
5865148,68.8438,99.3311
5894476,70.2686,98.0459
5923952,70.1533,99.7510
5953572,69.2656,98.4717
5983340,69.6309,98.4609
6013260,68.6484,97.9307
6043328,67.6084,95.7588
6073548,68.7646,97.5156
6103916,71.6816,100.5713
6134436,69.9756,99.4971
6165112,71.6348,99.5693
6195940,79.0313,97.5762
6226920,69.1436,98.9531
6258056,69.1602,97.5117
6289348,74.5508,99.9551
6320796,69.4980,99.4092
6352400,68.1953,98.6338
6384164,68.8154,100.9199
6416088,68.5254,100.4209
6448172,69.8906,105.6348
6480416,67.7119,98.9697
6512820,69.5664,97.9648
6545388,69.2344,99.2539
6578116,68.3633,98.8857
6611008,70.6025,101.5518
6644064,72.5947,171.6465
6677288,72.3750,103.3125
6710676,77.3320,113.0938
6744232,71.6133,101.7178
6777956,70.9990,103.2920
6811848,70.1592,134.3623
6845908,69.6475,102.2666
6880140,71.9307,104.0684
6914544,72.0459,103.1143
6949120,71.2646,107.5420
6983868,71.0752,102.4238
7018788,71.0371,106.8779
7053884,78.5107,103.8525
7089156,72.3125,111.9463
7124604,71.1895,102.2822
7160228,69.3311,102.8623
7196032,71.1348,104.4531
7232016,69.4717,102.1738
7268180,69.5879,101.6094
7304524,70.0020,103.2549
7341048,68.5752,101.7012
7377756,68.9336,100.9346
7414648,69.1816,101.7451
7451724,70.1309,103.4727
7488984,71.0488,104.1152
7526432,68.7852,101.6738
7564068,71.9355,103.1162
7601892,73.0488,105.5596
7639904,70.0498,103.1240
7678104,71.1084,102.4629
7716496,73.8779,104.2168
7755080,72.0742,172.4648
7793856,70.8359,101.1768
7832828,69.7168,105.2500
7871996,77.5752,102.6396
7911356,86.4766,101.5957
7950916,84.8955,103.0439
7990672,80.5498,102.3271
8030628,75.9326,111.2373
8070784,78.3662,102.3291
8111140,107.9932,114.1396
8151696,72.5488,101.4385
8192456,69.2627,113.1934
8233420,68.2441,100.9844
8274588,77.6729,105.9756
8315964,67.2109,100.0420
8357544,68.1816,101.4775
8399332,77.8154,109.8887
8441332,76.6611,101.5430
8483540,77.0850,100.9336
8525960,76.4463,100.6787
8568592,76.7344,102.9561
8611436,76.4551,114.9277
8654496,76.9141,101.2666
8697772,78.1729,102.6475
8741264,79.1953,229.6953
8784972,79.5889,101.3613
8828900,76.9414,115.3418
8873048,77.6387,103.0020
8917416,76.5498,100.5547
8962004,90.0459,101.9463
9006816,82.4043,110.0918
9051852,78.3760,101.5781
9097112,76.9814,102.9814
9142600,78.7451,102.3604
9188316,79.0146,101.4111
9234260,75.9961,107.9150
9280432,74.3242,98.8896
9326836,93.4912,100.6631
9373472,74.2314,100.6592
9420340,72.8086,106.8398
9467444,73.3936,103.2344
9514784,74.9502,113.3887
9562360,73.3027,99.5605
9610172,74.3418,100.8691
9658224,73.6523,100.0273
9706516,75.7031,103.4844
9755052,75.4150,101.4199
9803828,74.2148,101.2139
9852848,75.6826,268.2910
9902116,74.9688,108.4727
9951628,78.3506,106.9570
10001388,76.1699,106.5107
10051396,78.2900,106.5322
10101656,76.3096,102.6953
10152168,98.2842,103.3545
10202932,74.4932,109.6885
10253948,74.5781,101.9209
10305220,112.9238,101.6953
10356748,74.5244,104.3555
10408532,72.2842,100.0986
10460576,72.4590,98.7637
10512880,73.6377,101.0947
10565448,73.4063,101.4590
10618276,75.5400,111.7197
10671368,74.9658,103.7402
10724728,78.3271,102.8770
10778352,74.1797,102.0537
10832244,74.5664,101.9375
10886408,75.3584,103.6729
10940844,74.8105,102.2725
10995552,73.4424,201.8428
11050532,76.4951,104.3447
11105788,76.7139,102.7813
11161320,84.2490,104.2813
11217128,77.4414,106.6182
11273216,77.4941,105.4912
11329584,77.8145,104.6064
11386232,77.6016,106.7100
11443164,75.9395,103.7617
11500380,76.6680,105.4150
11557884,76.7373,105.8486
11615676,77.6455,104.5049
11673756,78.2295,107.0342
11732128,79.9678,107.2295
11790792,81.2568,108.0244
11849748,81.1572,107.6953
11909000,81.5293,108.3701
11968548,77.3613,108.2959
12028392,79.6855,107.6084
12088536,77.9111,107.3916
12148980,129.5771,128.3643
12209728,77.5059,105.0938
12270780,78.1943,106.2979
12332136,76.8486,104.9395
12393800,76.9424,106.0479
12455772,75.9863,106.9248
12518052,75.1084,104.1523
12580644,75.7461,136.0967
12643548,76.5586,111.6611
12706768,81.5078,106.8496
12770304,85.5186,104.5752
12834156,77.4248,103.7715
12898328,78.9287,106.5156
12962820,76.7900,106.7256
13027636,74.7832,102.8623
13092776,73.8125,103.4492
13158240,74.0146,103.0967
13224032,76.1973,104.7334
13290156,91.0234,104.7754
13356608,74.8701,105.4004
13423392,74.9512,119.5508
13490512,78.1514,103.4482
13557968,74.2432,104.9551
13625760,89.3164,102.4160
13693892,72.7471,103.8711
13762364,74.5186,104.6807
13831176,76.7334,105.6504
13900332,81.4570,105.4893
13969836,74.4072,106.1543
14039688,80.5654,103.9502
14109888,74.3691,103.9824
14180440,74.4551,106.3545
14251344,72.5127,103.3789
14322604,74.7842,105.8633
14394220,74.5049,105.3096
14466192,74.0068,117.3037
14538524,73.3320,104.9863
14611220,74.0107,104.4541
14684280,72.2744,107.8857
14757704,74.4668,105.9082
14831496,73.6270,112.4893
14905656,74.8975,105.9512
14980188,76.0879,104.4590
15055092,79.8945,105.4658
15130368,91.6279,131.6963
15206020,74.0361,105.2178
15282052,74.5205,126.1016
15358464,77.2148,106.5283
15435260,73.9150,109.5762
15512440,74.3018,108.0957
15590004,75.8945,106.1152
15667956,73.5947,106.5635
15746296,75.6777,106.0811
15825028,73.2246,104.1729
15904156,90.9785,115.7432
15983680,86.1582,122.6338
16063600,87.7295,114.9414
16143920,79.4688,122.4170
16224640,80.2148,109.7461
16305764,78.4170,109.2422
16387296,75.5225,106.5576
16469236,78.8164,116.3057
16551584,77.5469,109.3477
16634344,77.6289,109.8955
16717516,77.6689,110.8174
16801104,89.3340,111.2578
16885112,86.9580,110.6162
16969540,86.6348,110.6533
17054388,86.4590,113.1094
17139660,175.5283,111.5654
17225360,87.7080,110.6123
17311488,102.7646,111.8750
17398048,86.8613,121.7998
17485040,86.6123,112.0889
17572468,108.2568,111.0781
17660332,94.3936,114.6602
17748636,86.4316,111.0732
17837380,87.4531,110.0156
17926568,92.0938,109.4248
18016204,88.1016,125.8232
18106288,91.7510,112.8164
18196820,88.2334,111.7676
18287808,169.4629,167.7832
18379248,110.6162,116.7344
18471148,106.7930,116.7383
18563504,104.3564,121.0518
18656324,95.5303,116.1748
18749608,95.9023,124.9785
18843360,109.0547,114.4502
18937580,97.5527,118.7646
19032268,98.7246,117.7988
19127432,99.4170,118.4580
19223072,99.8350,138.5479
19319188,102.2783,122.0488
19415784,104.4453,139.1016
19512864,107.4043,122.0000
19610432,105.5420,123.3545
19708488,103.1797,118.8770
19807032,104.1621,123.8574
19906068,120.2871,120.5264
20005600,104.4717,141.8506
20105628,103.3418,124.0596
20206160,103.6650,126.6465
20307192,113.2764,127.5957
20408728,104.6426,125.8730
20510772,104.2021,139.3682
20613328,104.4219,126.7881
20716396,102.4287,124.3359
20819980,104.6133,125.3809
20924080,109.3301,141.7705
21028704,102.0039,127.1494
21133848,116.7676,124.5332
21239520,100.1621,172.1563
21345720,99.9824,126.6338
21452452,102.1953,125.1494
21559716,103.6553,126.2471
21667516,117.4844,127.4092
21775856,113.7578,135.5107
21884736,109.6768,127.3213
21994160,160.9756,129.8359
22104132,106.9502,126.2451
22214656,110.1865,127.1113
22325732,109.4824,127.6055
22437364,119.2178,129.8018
22549552,108.3145,128.2783
22662300,143.0303,162.6211
22775612,109.7813,143.1406
22889492,126.3330,154.5859
23003940,121.7871,130.7529
23118960,118.5742,180.2148
23234556,130.8076,135.5957
23350732,119.4688,134.2871
23467488,114.9150,150.7773
23584828,113.7832,136.9043
23702756,113.0068,142.3682
23821272,113.2881,220.1709
23940380,116.2871,139.9365
24060084,116.1553,153.9189
24180388,125.6104,135.2842
24301292,117.5986,146.4385
24422800,120.1260,144.5439
24544916,121.9277,147.5381
24667644,118.8125,140.0293
24790984,175.6260,153.3467
24914940,121.1182,162.4961
25039516,136.1914,149.0459
25164716,126.4424,150.3516
25290540,123.3750,147.0742
25416996,158.6123,154.2275
25544084,127.9600,161.7363
25671808,126.0303,145.0283
25800168,126.5225,150.7998
25929172,128.1123,144.9160
26058820,126.8789,160.9043
26189116,147.5928,165.9102
26320064,188.0146,183.5801
26451668,134.3701,154.6289
26583928,127.1035,148.6289
26716848,165.2314,152.5908
26850436,137.9668,160.9912
26984692,151.3936,145.0918
27119616,147.9023,150.3379
27255216,130.4072,176.7529
27391496,281.8936,270.8447
27528456,220.8926,182.5156
27666100,149.2266,152.2031
27804432,168.1416,162.7266
27943456,142.5635,171.6680
28083176,141.3906,159.0625
28223592,134.5107,154.1914
28364712,134.9883,177.4023
28506536,145.1914,167.6582
28649072,136.7754,162.3984
28792320,195.0322,188.9717
28936284,135.6025,161.1729
29080968,168.6807,180.5879
29226376,135.7344,160.7949
29372508,129.7520,162.6113
29519372,131.3047,160.8613
29666972,133.3047,233.3779
29815308,143.4844,164.2520
29964388,134.0977,166.0752
30114212,140.5469,162.1279
30264784,151.0225,176.6602
30416108,142.1523,203.1367
30568192,153.6738,166.7461
30721036,152.2139,168.6230
30874644,155.5293,172.7070
31029020,138.8438,161.5576
31184168,146.2207,176.2197
31340092,143.4883,231.5244
31496796,194.9395,237.1943
31654280,154.2979,183.1553
31812552,171.2334,218.1748
31971616,156.2324,174.7793
32131476,180.9238,176.9531
32292136,165.0752,180.7920
32453600,147.9541,170.7646
32615868,279.5850,175.8320
32778948,144.9365,173.8242
32942844,143.9482,175.8301
33107560,206.0986,173.7793
33273100,147.0527,173.4932
33439468,147.3223,180.0898
33606668,161.0303,180.4648
33774704,164.7666,181.6064
33943580,292.9023,202.0078
34113300,169.0361,180.9854
34283868,166.9785,181.0430
34455288,170.3369,177.2295
34627568,169.6992,175.8604
34800708,181.4561,176.0537
34974712,181.8369,175.4893
35149588,165.3613,175.2939
35325336,170.6982,210.7471
35501964,171.3389,188.9365
35679476,172.1367,204.4863
35857876,179.4658,222.4902
36037168,185.6611,177.4746
36217356,187.8154,224.9736
36398444,173.4160,250.4414
36580440,183.6045,184.5908
36763344,179.4912,187.6924
36947164,200.6543,206.5674
37131900,179.0762,181.5381
37317560,172.3096,216.7012
37504148,182.9307,177.3496
37691672,180.5068,184.0723
37880132,186.5020,186.7627
38069536,173.1963,190.6787
38259884,174.3672,191.0010
38451184,173.8174,207.9072
38643440,193.0654,191.2344
38836660,187.1436,195.1221
39030844,200.9951,195.1123
39226000,195.2178,194.2617
39422132,192.6514,209.2695
39619244,192.3096,189.1445
39817344,212.6709,207.9492
40016432,193.6963,199.3438
40216516,192.6436,192.7988
40417600,203.0605,202.6836
40619688,183.9023,192.1279
40822788,193.6406,194.9648
41026904,231.5605,191.3457
41232040,184.3135,196.0352
41438204,215.8906,203.3672
41645396,177.1660,201.2080
41853624,186.5322,199.9980
42062896,171.7363,206.9971
42273212,189.1729,199.8291
42484580,181.3076,195.0420
42697004,178.0518,195.4736
42910492,187.9883,202.6211
43125048,196.2119,202.6514
43340676,184.7031,222.8086
43557380,193.5654,193.4443
43775168,197.6094,190.9824
43994044,184.9141,198.6396
44214016,188.2451,202.3623
44435088,194.1602,196.0889
44657264,185.1152,207.4600
44880552,186.1582,199.7471
45104956,284.9346,216.2783
45330484,196.7021,198.2373
45557140,183.8027,200.1133
45784928,315.2578,197.5586
46013856,194.5186,194.4941
46243928,224.6514,208.4102
46475148,195.2676,234.5264
46707524,194.1572,194.9219
46941064,199.0527,211.8008
47175772,249.7500,201.4102
47411652,200.9482,213.7275
47648712,223.5156,207.0186
47886956,203.7432,212.1338
48126392,203.4727,215.2227
48367024,199.0547,233.7764
48608860,203.8262,227.2217
48851908,205.9189,218.3008
49096168,184.0381,197.4355
49341652,204.6641,214.3867
49588364,184.9492,210.5195
49836308,199.8887,221.6533
50085492,202.1484,218.4180
50335920,222.0645,220.2402
50587600,209.1338,221.0273
50840540,197.9512,206.2695
51094744,195.1807,246.6494
51350220,205.2217,224.2705
51606972,195.8115,219.8682
51865008,261.4746,212.6865
52124336,208.2715,227.4238
52384960,201.1328,220.7432
52646888,202.8008,225.1514
52910124,204.6094,221.0859
53174676,201.0322,236.3154
53440552,255.3486,225.2939
53707756,216.1074,254.8252
53976296,230.4346,222.3975
54246180,210.4639,228.5547
54517412,212.3037,242.6816
54790000,217.8779,226.5186
55063952,240.2539,252.5459
55339272,234.1758,229.1914
55615972,216.9258,229.9531
55894052,209.5059,224.1563
56173524,228.2178,230.5781
56454392,245.8457,230.6152
56736664,221.8984,247.2158
57020348,212.7852,231.6289
57305452,217.7891,350.3203
57591980,210.7070,240.4023
57879940,216.2539,257.3779
58169340,214.4648,244.3955
58460188,217.1152,246.8594
58752492,244.7529,271.6035
59046256,222.8359,238.3496
59341488,213.0156,235.5195
59638196,215.3223,236.3828
59936388,227.8945,264.7881
60236072,219.7852,258.0137
60537256,253.6221,270.7373
60839944,237.2402,263.3408
61144144,235.1768,244.3682
61449868,227.6172,228.5801
61757120,247.5264,244.4180
62065908,245.3838,271.2129
62376240,239.1211,241.1895
62688124,234.0605,241.7773
63001568,222.5645,253.8174
63316576,243.3135,244.3340
63633160,226.9688,228.7148
63951328,233.5752,256.6250
64271088,230.1006,287.0576
64592444,242.6543,254.4404
64915408,236.1504,258.3457
65239988,245.9141,273.0420
65566188,241.6064,247.5244
65894020,254.3408,253.2070
66223492,235.1729,260.5107
66554612,217.3613,336.0791
66887388,239.3096,252.4072
