4,1.0391,1.2393
8,1.7539,5.0342
12,2.2422,15.9678
16,2.1865,18.2178
20,2.8330,9.5195
24,2.8135,10.3701
28,2.8721,11.5010
32,2.8174,12.1426
36,3.2871,12.3926
40,3.2842,13.2734
44,3.2852,13.7070
48,3.2910,14.3076
52,3.2900,15.1924
56,3.2949,16.1201
60,3.2852,16.8877
64,3.2900,17.8906
68,3.8477,18.0498
72,3.7773,49.9434
76,3.7383,28.5791
80,3.7002,16.6377
84,3.7363,16.9033
88,3.7461,16.5244
92,3.7363,17.4102
96,3.7461,17.7383
100,3.7002,17.9844
104,3.6953,18.2021
108,3.7041,18.4570
112,3.6895,18.5215
116,3.6924,19.3496
120,3.6953,19.2197
124,3.7100,19.3975
128,3.7021,19.0908
132,4.2148,19.7002
136,4.2002,19.9854
140,4.2080,19.5537
144,4.2129,19.6934
148,4.2178,20.0273
152,4.2090,19.8984
156,4.2158,19.4082
160,4.2334,20.0010
164,4.2354,20.3135
168,4.2451,20.2373
172,4.2412,20.2559
176,4.2148,20.0068
180,4.2109,20.3223
184,4.2139,19.4014
188,4.2188,20.7793
192,4.2266,20.5811
196,4.2168,20.6836
200,4.2236,21.5127
204,4.2363,21.5293
208,4.2441,21.8438
212,4.2373,21.8496
216,4.2354,22.4258
220,4.2305,22.4600
224,4.2432,22.6621
228,4.2236,21.2930
232,4.2021,19.9863
236,4.2051,20.5762
240,4.2168,20.7461
244,4.2080,20.0215
248,4.2051,20.2705
252,4.2041,20.5225
256,4.1992,21.4805
260,4.8682,21.0215
264,4.7754,21.4551
268,4.8184,22.3105
272,4.8164,21.2529
276,4.8271,21.2471
280,4.8193,22.0977
284,4.7949,21.3555
288,4.8154,21.0645
292,4.8281,22.0928
296,4.8066,20.8701
300,4.8320,22.1924
304,4.8242,21.9922
308,4.8125,21.5693
312,4.8242,21.6807
316,4.8145,21.8545
320,4.8291,22.2422
324,4.8047,22.3682
328,4.8057,22.4658
332,4.8213,22.2471
336,4.8340,22.3330
340,4.8154,22.0625
344,4.8301,22.7656
348,4.8223,22.6748
352,4.8203,22.2910
356,4.8125,22.8242
360,4.8193,22.1455
364,4.8223,22.3467
368,4.8096,22.6221
372,4.8105,22.6875
376,4.8301,22.9297
380,4.8037,22.8281
384,4.8408,23.1592
388,4.8320,23.0869
392,4.7998,23.9678
396,4.8213,22.7314
400,4.8252,23.5557
404,4.8135,23.7910
408,4.8086,23.6191
412,4.8262,23.3799
416,4.8242,23.4883
420,4.8135,23.4668
424,4.8262,24.1963
428,4.7979,24.5049
432,4.8242,24.7480
436,4.8115,23.8105
440,4.8047,24.2412
444,4.8252,24.3701
448,4.8145,24.3379
452,4.8271,23.9854
456,4.8301,24.3545
460,4.8057,24.4453
464,4.8115,25.1123
468,4.8379,24.4922
472,4.8037,24.2119
476,4.8252,23.7061
480,4.8125,23.5898
484,4.8135,23.3359
488,4.8379,23.6865
492,4.8145,24.0059
496,4.8145,23.3975
500,4.8271,24.0166
504,4.8174,23.9043
508,4.8125,24.0967
512,4.8203,25.4131
516,7.7246,24.7832
520,7.2598,24.7588
524,7.4980,25.2285
528,7.6152,24.7334
532,7.4160,25.2266
536,7.4600,25.1846
540,7.4209,25.2617
544,7.3438,24.5752
548,7.5420,25.9521
552,7.4102,25.6494
556,7.5459,25.6006
560,7.3535,25.6670
564,7.4629,25.3516
568,7.4805,26.2461
572,7.4590,25.6982
576,7.5107,25.7500
580,7.5430,25.3271
584,7.3271,25.6729
588,7.6084,26.2168
592,7.4199,26.0332
596,7.4990,26.1855
600,7.5615,25.8320
604,7.5518,25.7988
608,7.3887,25.8232
612,7.3965,26.0938
616,7.5264,25.8408
620,7.4102,25.9600
624,7.6514,66.7910
628,7.8711,27.8516
632,7.4707,25.6807
636,7.3154,26.1699
640,7.5215,26.1602
644,7.7695,26.5195
648,7.4287,26.3867
652,7.4697,26.6074
656,7.4805,26.5186
660,7.5557,26.3965
664,7.5781,26.3223
668,7.3125,26.6016
672,7.5029,26.1094
676,7.4385,26.1973
680,7.4570,26.3652
684,7.3760,26.0537
688,7.5166,26.9492
692,7.4541,26.6748
696,7.6426,26.4297
700,7.4199,26.8975
704,7.4941,26.8242
708,7.2383,26.2461
712,7.3320,27.3486
716,7.2754,26.7402
720,7.4951,27.2061
724,7.3359,27.0527
728,7.6182,26.9912
732,7.6885,26.6523
736,7.4844,27.7236
740,7.4834,27.0898
744,7.4805,26.9619
748,7.5049,27.1592
752,7.6660,31.6416
756,7.7559,26.5781
760,7.5967,27.7627
764,7.5049,27.0840
768,7.6455,27.1143
772,7.5859,27.4746
776,7.5654,27.3262
780,7.6094,27.2021
784,7.4014,26.9111
788,7.6924,28.1846
792,7.3516,27.2607
796,7.4404,27.5645
800,7.5527,27.4736
804,7.5127,27.6504
812,7.5469,27.9375
820,7.4414,28.1631
828,7.5830,27.8193
836,7.4863,27.5156
844,7.5850,27.7305
852,7.4385,28.2744
860,7.3379,27.6328
868,7.5166,28.6328
876,7.2793,28.5664
884,7.7832,28.6758
892,7.4375,28.4131
900,7.3584,28.1182
908,7.4170,28.4453
916,7.3828,28.6338
924,7.3535,28.3672
932,7.4248,28.5225
940,7.5029,28.7656
948,7.5605,28.9502
956,7.4023,28.2539
964,7.7197,29.4746
972,7.5850,29.2607
980,7.5391,28.2695
988,7.5586,27.3750
996,7.5420,26.9189
1004,7.4785,27.5332
1012,7.4375,27.0303
1020,7.6865,26.9932
1028,10.9424,28.9688
1036,10.8740,27.9287
1044,10.6494,27.6201
1052,10.5615,27.8838
1060,10.5313,27.6875
1068,10.7188,28.6055
1076,10.4541,27.7383
1084,10.5010,27.8174
1092,11.1631,27.8477
1100,10.6025,28.2959
1108,10.5957,28.3535
1116,10.3193,28.1504
1124,10.1357,27.9609
1132,10.6777,28.6699
1140,10.8936,29.0391
1148,11.0117,30.4658
1156,11.0166,28.9521
1164,10.8506,29.1914
1172,11.2373,29.2881
1180,10.9023,28.7197
1188,10.6924,28.5947
1196,10.8291,28.3389
1204,10.7158,28.8682
1212,10.7500,28.1025
1220,10.8242,29.0645
1228,10.6406,28.9775
1236,10.4102,27.6992
1244,10.7529,29.0537
1252,10.7715,28.9980
1260,10.6338,28.5801
1268,10.8320,28.5391
1276,10.6494,28.9180
1284,10.8574,28.4834
1292,10.6328,29.1680
1300,10.5576,28.5137
1308,10.8936,29.1641
1316,10.6162,28.9131
1324,10.9707,28.5186
1332,10.7842,28.4795
1340,11.1006,28.3604
1348,10.6973,28.4795
1356,10.8691,29.3262
1364,10.5391,28.5732
1372,10.5215,28.5029
1380,10.4102,29.0283
1388,10.3955,29.0430
1396,10.3184,29.0313
1404,10.4941,28.4883
1412,10.7500,28.3564
1420,10.5078,28.8154
1428,10.4365,28.6719
1436,10.7910,29.9355
1444,10.9238,29.5410
1452,10.8555,28.5654
1460,10.9980,30.3320
1468,10.7061,29.9150
1476,10.9180,29.5078
1484,10.4912,28.6152
1492,10.9395,28.8135
1500,10.6885,30.1572
1508,10.6494,29.7236
1516,10.9844,30.3906
1524,10.7256,30.0186
1532,10.7266,30.1133
1540,10.3105,29.0986
1548,11.1494,30.1367
1556,10.5332,29.9395
1564,10.2705,29.7744
1572,10.6592,29.5596
1580,10.3906,30.2012
1588,10.9063,29.9805
1596,10.7324,30.8408
1604,10.8682,29.7695
1616,10.4873,29.3496
1628,10.4277,30.0195
1640,11.2773,29.9355
1652,10.7646,30.5176
1664,10.5527,30.3340
1676,10.6543,30.2178
1688,10.6816,29.4512
1700,10.7031,29.7666
1712,10.7432,29.9297
1724,10.5986,31.4502
1736,10.6357,29.8867
1748,10.6387,30.3350
1760,10.5576,30.3770
1772,10.4814,30.2861
1784,10.8770,30.1279
1796,10.7246,30.9121
1808,10.4941,30.5850
1820,10.4512,30.1182
1832,10.7051,31.1377
1844,10.0098,29.9023
1856,10.6475,30.8535
1868,10.7686,31.2393
1880,10.4639,30.4658
1892,10.7988,31.6006
1904,10.5049,30.2295
1916,10.1260,30.4619
1928,10.7480,31.4014
1940,10.9727,30.5762
1952,11.2363,30.3174
1964,10.4941,30.6768
1976,10.7676,31.5313
1988,10.5938,30.3848
2000,10.6934,30.5498
2012,10.5371,31.5918
2024,10.5830,31.2588
2036,10.7949,30.8037
2048,10.6650,32.3652
2060,14.7480,32.6035
2072,13.7119,32.4775
2084,13.7617,31.9932
2096,13.2725,32.0107
2108,13.8350,38.9805
2120,13.7949,31.7549
2132,13.1387,31.7314
2144,13.4961,31.9551
2156,13.6582,32.5674
2168,13.5605,32.3281
2180,13.5820,31.5674
2192,13.2656,31.8066
2204,13.3711,32.0469
2216,13.5098,32.6631
2228,13.5029,31.6748
2240,13.4707,32.1953
2252,13.5508,32.2129
2264,13.5537,32.0938
2276,13.4121,32.3535
2288,13.7959,32.3994
2300,13.5283,32.2539
2312,13.4844,31.7002
2324,13.0176,31.3770
2336,13.8379,32.8477
2348,13.7139,32.1113
2360,13.5771,31.8818
2372,13.2285,32.5811
2384,13.4316,31.9385
2396,13.4766,32.3213
2408,13.6416,33.0732
2424,13.3613,32.7354
2440,13.5762,32.5645
2456,14.0244,32.8438
2472,13.4053,32.4951
2488,13.5371,32.7900
2504,13.5391,32.3037
2520,13.3701,32.5732
2536,13.1123,32.1055
2552,13.4346,32.9414
2568,13.2207,32.3662
2584,13.6328,33.4014
2600,13.8438,33.3682
2616,13.3828,32.5713
2632,13.9961,33.2568
2648,13.5254,32.6885
2664,13.4570,33.3926
2680,13.2568,31.8203
2696,13.3945,33.0088
2712,13.7188,32.5430
2728,13.4844,33.0488
2744,13.4316,32.9287
2760,13.2305,32.8760
2776,14.0781,33.4971
2792,13.2324,32.7773
2808,13.2471,32.9609
2824,13.9092,33.8799
2840,13.4961,33.0781
2856,13.5713,33.7129
2872,13.5986,33.2305
2888,13.2646,33.2979
2904,13.4893,33.0557
2920,13.8779,33.4268
2936,13.4502,33.0742
2952,13.5029,33.0049
2968,13.4189,33.0146
2984,13.3975,33.0615
3000,13.4668,33.3779
3016,13.4521,33.3926
3032,13.2881,32.6475
3048,13.4170,33.5283
3064,13.5029,33.2070
3080,13.4297,33.1357
3096,13.6992,34.3086
3112,13.3711,33.3154
3128,13.4219,34.0479
3144,13.4678,33.5850
3160,13.4453,34.1211
3176,13.5313,32.9326
3192,13.6475,34.1475
3208,13.7725,34.5430
3228,13.1377,33.6553
3248,13.5576,33.4160
3268,13.4590,34.1074
3288,13.2451,33.4004
3308,13.4141,33.8906
3328,13.4150,33.7891
3348,13.3311,33.7695
3368,13.4854,33.3672
3388,13.5635,34.2275
3408,13.5908,34.2686
3428,13.6191,34.3213
3448,13.7803,35.3750
3468,13.3975,34.3223
3488,13.4336,33.7520
3508,13.7959,34.5645
3528,22.1787,35.3994
3548,14.0840,36.9033
3568,13.4902,33.9688
3588,13.7246,34.7969
3608,13.5859,34.1904
3628,13.2412,34.6816
3648,13.3564,35.4092
3668,13.3760,34.5303
3688,13.4893,34.6807
3708,19.9824,37.0557
3728,13.8262,35.9238
3748,13.6006,35.6338
3768,13.6689,35.4326
3788,13.8477,35.6299
3808,13.4688,34.7930
3828,13.5205,34.6855
3848,13.1963,34.5059
3868,13.5225,35.4268
3888,13.4951,35.3184
3908,13.7168,34.5449
3928,13.4072,34.6396
3948,13.3750,34.6064
3968,13.4199,33.8496
3988,13.3076,34.4141
4008,13.4326,34.8066
4032,13.6484,34.6074
4056,13.4834,34.4053
4080,13.4717,35.5596
4104,19.7100,35.9092
4128,19.5244,35.9111
4152,19.1406,35.9570
4176,19.2119,36.7529
4200,16.6289,36.2813
4224,16.5791,35.6768
4248,16.1514,48.1494
4272,16.4316,36.0869
4296,16.2813,35.7432
4320,16.7383,35.6592
4344,16.4912,35.1211
4368,16.2334,35.2471
4392,16.1729,35.8438
4416,16.7334,36.3447
4440,16.4111,36.2080
4464,16.6963,35.9854
4488,16.3057,36.5566
4512,15.7793,35.2617
4536,16.2061,35.0117
4560,16.3623,36.2275
4584,16.7900,35.2949
4608,15.9775,35.6396
4632,16.2178,36.3672
4656,24.3027,50.4756
4680,16.4092,41.5430
4704,17.0586,36.9121
4728,16.4590,35.9570
4752,62.1787,37.2402
4776,16.2939,36.0195
4800,16.2129,35.7979
4824,16.2197,35.8271
4852,16.5703,35.6494
4880,16.0986,36.0801
4908,16.1729,69.7344
4936,16.9795,69.7676
4964,16.0557,38.2959
4992,16.1035,37.9287
5020,16.4434,37.2891
5048,16.3721,37.9482
5076,16.1445,38.0205
5104,16.5020,37.7197
5132,16.1416,35.3262
5160,16.1855,36.4072
5188,16.1123,35.9063
5216,16.4482,36.8564
5244,16.3867,54.2637
5272,16.4805,38.1064
5300,16.1494,37.1338
5328,16.0430,36.7998
5356,15.9834,36.6641
5384,15.8379,36.5791
5412,69.8311,38.4717
5440,16.1270,36.6982
5468,16.2148,37.1074
5496,16.4297,37.9111
5524,16.5313,38.3213
5552,16.5205,37.6729
5580,17.1299,36.6240
5608,15.6504,37.0732
5640,16.2773,37.0576
5672,15.8857,35.7988
5704,16.3018,36.4600
5736,15.5605,35.6836
5768,16.2334,35.7295
5800,15.9971,35.2871
5832,15.9248,36.1729
5864,16.2969,36.7490
5896,16.0313,36.0811
5928,15.5557,36.0420
5960,16.4229,35.8730
5992,15.9795,36.3682
6024,15.7939,36.1191
6056,16.2158,36.3945
6088,16.0352,36.1162
6120,15.6445,35.4629
6152,15.4951,35.6846
6184,16.0127,36.2803
6216,16.1553,36.1670
6248,16.4414,36.3789
6280,15.8770,37.0977
6312,16.0723,35.8760
6344,15.5078,35.1113
6376,16.1426,36.1680
6408,16.3584,36.9492
6444,16.2314,36.2412
6480,15.7910,36.4766
6516,16.2930,37.4600
6552,15.8037,36.4326
6588,15.9355,36.2100
6624,15.5039,35.9043
6660,15.8359,36.3115
6696,15.9590,36.8486
6732,16.1553,36.7236
6768,16.0078,36.9482
6804,15.9287,36.8887
6840,16.2939,36.9414
6876,16.1299,37.5332
6912,16.0664,36.2510
6948,16.3242,37.2637
6984,15.9658,37.0332
7020,16.3271,36.8799
7056,16.0420,37.5049
7092,16.1035,36.9082
7128,15.9160,36.4170
7164,15.9004,36.3232
7200,15.8018,37.1172
7236,15.9502,36.8535
7276,16.0244,36.9395
7316,15.5273,36.5537
7356,16.1738,37.2539
7396,16.2061,37.8037
7436,16.1250,37.6016
7476,16.2236,37.2871
7516,15.6904,36.3027
7556,15.9424,37.8076
7596,15.5977,36.9043
7636,15.9980,36.5410
7676,16.1367,37.6572
7716,15.8623,37.4775
7756,15.8828,38.0664
7796,15.8281,37.3643
7836,15.4580,37.3525
7876,15.8789,37.1670
7916,16.1084,38.1152
7956,16.2666,38.1152
7996,15.8291,37.4170
8036,15.8867,37.6963
8080,16.0205,37.8174
8124,15.8027,37.4902
8168,15.6514,37.4395
8212,20.3252,37.9307
8256,20.2725,38.0518
8300,20.0361,38.5342
8344,20.1270,38.2246
8388,19.3066,37.4717
8432,19.0908,37.7959
8476,18.7930,37.3682
8520,19.1680,38.9824
8564,19.4150,38.0215
8608,18.5820,38.3105
8652,18.2773,37.5918
8696,18.7471,38.0410
8740,18.7109,37.7002
8784,19.1904,38.1309
8828,19.0068,38.3018
8876,18.8018,38.2139
8924,18.7432,38.1934
8972,18.4463,37.9531
9020,18.1104,37.1494
9068,19.0703,38.1436
9116,18.6992,37.6914
9164,18.8506,38.2607
9212,19.1133,38.7412
9260,18.8467,38.6592
9308,18.9600,37.5508
9356,18.7461,38.0176
9404,18.6240,38.5977
9452,18.8779,38.6162
9500,19.2148,38.3086
9548,18.6338,38.3936
9596,18.7959,38.2451
9644,18.8076,39.3193
9696,19.1572,37.7461
9748,18.8516,38.5830
9800,18.7119,37.6797
9852,18.9238,39.1807
9904,19.2051,38.3369
9956,18.6572,37.9609
10008,18.8711,38.3604
10060,18.8721,38.2754
10112,18.6592,37.9609
10164,18.7510,47.2734
10216,19.2930,38.8643
10268,19.1328,38.4785
10320,18.3330,37.5420
10372,18.9463,38.6318
10424,18.7295,38.3203
10480,18.7578,38.0127
10536,18.7002,38.5039
10592,19.0732,39.0088
10648,18.8516,38.6250
10704,18.6299,38.2754
10760,18.6982,38.2451
10816,19.0352,38.8506
10872,18.6670,38.7637
10928,18.9600,38.5293
10984,18.7021,38.0205
11040,18.5605,37.9238
11096,18.7891,38.3271
11152,18.5439,38.7959
11208,18.6650,39.1494
11268,18.6201,38.6680
11328,18.7041,37.9961
11388,18.6816,39.1035
11448,18.5459,38.7783
11508,18.5225,38.2520
11568,18.8105,38.7217
11628,18.1006,38.4639
11688,18.5488,38.6230
11748,18.4023,38.6016
11808,19.2373,39.8330
11868,18.5615,38.3711
11928,18.7529,39.5459
11988,18.5791,38.9668
12048,18.4355,38.4541
12112,18.7197,38.8076
12176,18.5732,38.8818
12240,18.7305,38.7969
12304,18.9941,39.3545
12368,18.7617,38.9648
12432,18.6689,39.1270
12496,18.8818,39.3799
12560,18.7549,39.4023
12624,18.6963,38.7617
12688,18.1973,38.4707
12752,18.6904,48.8594
12816,18.5938,39.2910
12884,18.5635,39.1680
12952,18.8203,40.1016
13020,18.7666,39.1396
13088,18.6602,39.7646
13156,18.6504,39.4395
13224,18.9111,39.4980
13292,18.3936,40.1416
13360,18.0391,38.2910
13428,18.7744,39.9912
13496,19.3867,40.1367
13564,18.3105,39.4453
13632,19.1738,40.0889
13704,19.3398,40.5400
13776,18.9941,68.9434
13848,19.2275,40.3242
13920,18.7100,39.4893
13992,18.3936,39.4209
14064,18.7783,40.9248
14136,18.9863,39.3896
14208,18.9580,39.2598
14280,19.1934,40.5596
14352,18.7617,40.0420
14424,19.3037,40.1104
14500,19.1924,40.4375
14576,19.0508,40.2686
14652,18.7393,40.4414
14728,18.5908,97.1963
14804,19.7695,41.9609
14880,19.4111,41.7432
14956,19.3184,41.5967
15032,19.5176,41.8916
15108,19.2168,40.7881
15184,19.1279,41.3311
15260,19.0996,40.9414
15340,19.1309,41.3506
15420,19.1279,41.4053
15500,19.1357,40.9229
15580,18.8164,40.4482
15660,18.9229,41.0898
15740,18.9502,41.1230
15820,19.3066,41.7129
15900,19.3994,41.7178
15980,19.7949,42.1406
16060,19.2129,41.9082
16144,19.1406,41.3467
16228,18.9902,41.0117
16312,19.3662,42.0801
16396,24.2646,42.2988
16480,23.6348,41.9014
16564,23.8574,41.5605
16648,23.4678,42.2383
16732,23.4180,41.8652
16816,23.1074,41.3887
16904,23.2158,42.0957
16992,22.6602,41.8721
17080,22.7070,41.2227
17168,22.3340,41.7217
17256,21.8936,41.0615
17344,21.8672,41.8184
17432,22.2422,42.1055
17520,22.2598,41.5752
17608,21.8330,42.2393
17700,21.8096,41.5742
17792,22.0723,42.6064
17884,21.8027,41.8994
17976,22.0654,42.0166
18068,21.9697,48.3057
18160,22.0342,42.1563
18252,21.7158,41.5078
18344,21.6543,41.8545
18436,22.8281,42.3779
18532,22.0361,40.4404
18628,22.2041,42.2246
18724,22.1895,41.9912
18820,22.1523,42.0273
18916,21.8145,40.7510
19012,22.2129,42.1777
19108,22.5234,42.7744
19204,22.1738,41.9414
19304,22.5225,42.2822
19404,21.5664,40.8330
19504,21.3232,41.5430
19604,21.6426,68.7441
19704,22.3457,43.1514
19804,21.7822,42.7666
19904,21.6973,41.5078
20004,21.9844,41.8994
20108,22.0527,43.5410
20212,21.4561,42.2207
20316,22.3213,43.7666
20420,21.7002,41.8164
20524,22.1113,42.7188
20628,20.8115,40.7227
20732,21.6094,42.9971
20836,20.9014,41.5264
20944,21.5068,41.9023
21052,21.3652,42.0361
21160,22.1455,41.6289
21268,22.6162,43.5156
21376,22.1631,42.9922
21484,22.0303,42.2939
21592,21.9971,41.6963
21700,22.0986,42.6719
21812,21.3164,40.9268
21924,21.4170,41.7832
22036,21.6162,41.6377
22148,21.5303,41.6738
22260,21.6387,42.5664
22372,21.5615,41.5977
22484,21.7715,42.7871
22600,21.7061,42.7285
22716,21.2246,42.0176
22832,21.6338,41.7471
22948,21.9688,43.3799
23064,21.7373,42.2139
23180,21.8848,42.4834
23296,21.7217,42.7676
23416,22.8145,43.5439
23536,22.0254,42.5234
23656,22.0439,43.0430
23776,21.3203,41.6689
23896,22.0273,42.1367
24016,21.6152,42.0947
24140,21.9883,42.3828
24264,21.8486,42.3633
24388,21.6348,42.3281
24512,21.4229,41.8398
24636,21.9453,43.2266
24760,22.0391,42.8350
24884,21.9746,43.3008
25012,22.5225,43.7002
25140,22.3457,43.3770
25268,21.8301,43.6484
25396,22.1260,42.7910
25524,21.9541,43.7002
25652,22.0742,43.2168
25784,21.9336,42.8682
25916,21.9551,42.8672
26048,21.5889,48.8652
26180,22.2764,43.8008
26312,21.7012,42.3955
26444,21.9141,43.2939
26580,22.0840,43.1104
26716,21.8760,42.8271
26852,21.6338,43.4521
26988,21.7422,43.3652
27124,22.3584,43.4053
27260,21.9912,43.6211
27400,22.2012,44.2334
27540,21.8770,43.2568
27680,22.3105,43.4658
27820,21.7627,44.2246
27960,22.4063,44.4463
28100,22.1484,42.4248
28244,22.2969,43.9004
28388,21.6328,43.3545
28532,22.2295,43.6299
28676,22.5029,44.5898
28820,22.0879,44.5537
28968,21.7930,43.7324
29116,22.2773,44.7402
29264,21.7344,43.3916
29412,21.8721,43.9131
29560,21.9238,43.8418
29708,21.8584,43.1846
29860,21.3359,42.5127
30012,21.8506,43.1445
30164,21.9570,44.5127
30316,21.7529,43.1045
30468,21.6025,43.3584
30624,21.8643,43.9385
30780,22.2676,44.3301
30936,21.7988,43.9219
31092,22.3018,44.6729
31248,22.2646,45.4238
31408,22.2344,44.2803
31568,22.5381,44.9648
31728,22.3887,44.5215
31888,21.9072,44.4766
32048,21.6807,43.9590
32212,22.5654,45.3945
32376,21.6709,44.7666
32540,22.1797,44.8975
32704,22.0039,45.0244
32868,28.8867,45.5762
33036,25.6221,44.7051
33204,24.6250,44.2412
33372,24.2891,43.6426
33540,24.1914,43.6934
33708,24.4326,44.4932
33880,24.7979,44.9561
34052,25.7158,45.3740
34224,25.0195,45.4258
34396,24.4648,43.6357
34568,23.9990,43.0527
34744,24.5723,44.3320
34920,24.3809,43.3965
35096,24.3848,44.2676
35272,25.0596,44.4355
35452,23.8350,43.0059
35632,24.1719,73.2188
35812,28.3623,44.7139
35992,24.5029,44.5596
36172,24.3311,43.4990
36356,24.6748,44.3994
36540,24.5430,44.7256
36724,25.3438,45.6973
36908,26.9385,44.0186
37096,44.5137,45.9063
37284,25.6162,44.1094
37472,24.9570,44.1152
37660,24.9121,44.1719
37852,24.8125,43.6260
38044,24.5771,42.8516
38236,25.2617,44.3359
38428,24.6123,44.9385
38624,24.9238,109.2061
38820,25.8105,46.1289
39016,24.9111,44.3271
39212,24.4229,43.5068
39412,24.2393,43.4570
39612,24.4580,43.2266
39812,25.3164,45.2979
40012,66.6221,43.2041
40216,24.6191,44.6748
40420,24.3867,42.9844
40624,24.7031,44.2607
40828,24.4580,44.2373
41036,24.5439,44.5850
41244,24.1484,44.2422
41452,24.2129,44.2432
41660,24.5635,44.9502
41872,24.0664,43.6738
42084,24.5693,44.4971
42296,23.9434,43.6143
42508,25.8955,44.5918
42724,24.2705,44.2539
42940,24.6523,44.7900
43156,24.2383,44.6484
43372,23.5117,42.7510
43592,26.0342,43.6504
43812,24.1973,43.8311
44032,24.1152,45.2939
44256,24.0869,44.7559
44480,25.4834,45.2002
44704,25.0684,44.9893
44928,24.9141,44.8203
45156,24.5771,44.7578
45384,24.3174,44.0879
45612,24.5527,43.9551
45844,24.5508,44.9590
46076,24.7998,44.1035
46308,24.2803,43.9600
46540,24.0391,43.3281
46776,25.0273,45.4805
47012,25.2607,46.5479
47248,25.8223,44.7051
47488,24.6387,44.7705
47728,24.9531,45.1416
47968,24.3281,44.0410
48208,23.9121,42.9385
48452,25.0225,45.8301
48696,25.3125,46.0586
48940,24.8271,45.2930
49188,24.7520,44.4395
49436,23.7354,43.6895
49684,25.2334,47.8281
49936,23.7646,43.7100
50188,24.2832,45.2764
50440,24.9668,45.7256
50696,68.7246,45.4775
50952,24.3682,46.0723
51208,24.5703,45.7490
51468,24.3193,45.8203
51728,24.7402,51.2822
51988,24.4268,44.7852
52248,24.3379,45.9199
52512,23.6016,45.4365
52776,25.1855,44.7129
53040,24.4355,45.8193
53308,24.1973,45.8662
53576,25.6504,45.6650
53844,24.6846,45.7803
54116,25.0996,45.9297
54388,25.1826,45.7109
54660,25.4199,45.9971
54936,24.4453,45.0068
55212,24.7285,45.4590
55492,24.1572,44.4609
55772,25.4365,45.9561
56052,25.2148,46.0752
56336,24.8760,46.0088
56620,24.7520,45.7529
56904,25.2129,46.1445
57192,24.3838,45.6494
57480,24.9561,45.8105
57768,25.0420,46.6855
58060,25.0957,46.0166
58352,24.8525,46.7061
58644,24.4453,46.9932
58940,24.8467,45.3223
59236,24.9355,46.2246
59536,24.5762,45.2646
59836,24.5166,46.6152
60136,25.1104,46.9619
60440,24.8496,47.0293
60744,24.3994,46.6211
61048,24.1406,45.6289
61356,24.7949,46.7266
61664,24.7813,47.5605
61976,25.7471,46.2686
62288,25.2480,51.1943
62600,27.0781,47.7861
62916,25.9258,47.5547
63232,25.2822,46.4111
63552,24.6758,98.0908
63872,25.8418,47.9346
64192,25.7764,46.6611
64516,26.0938,48.0303
64840,25.5908,46.9404
65168,25.3848,47.3311
65496,25.1221,47.0205
65824,29.6426,47.3145
66156,29.5322,47.7295
66488,33.5039,47.3506
66824,29.5801,47.0889
67160,29.0010,46.1553
67496,29.0771,47.2393
67836,29.4727,46.5156
68176,29.1465,46.7891
68520,28.8604,47.4580
68864,29.1709,47.8379
69212,29.5195,46.6250
69560,29.3008,47.5313
69908,30.3633,47.6953
70260,29.4580,47.8633
70612,29.5117,47.9199
70968,28.4814,46.3750
71324,29.2031,47.3711
71684,29.4141,48.8896
72044,27.8301,46.2236
72408,29.0879,47.3926
72772,28.7051,47.4521
73136,28.2266,47.0898
73504,28.0342,46.6865
73872,29.0674,47.3760
74244,28.5039,47.1162
74616,27.5762,46.6318
74992,29.0918,59.8926
75368,29.4043,49.0039
75748,29.4658,47.7539
76128,29.7334,47.9863
76512,29.1826,47.5166
76896,28.6230,46.2891
77284,29.2480,48.1875
77672,29.2393,47.7451
78064,60.3281,50.2090
78456,28.9580,48.9092
78852,28.9434,48.3809
79248,28.9844,47.3799
79648,29.4063,48.6006
80048,29.2529,49.2744
80452,28.5254,48.3467
80856,28.9814,48.0859
81264,28.8564,47.9258
81672,29.3945,48.7588
82084,29.2188,48.0322
82496,29.4102,48.6953
82912,29.2217,48.6807
83328,29.9717,49.0527
83748,100.0547,67.1777
84168,68.8916,49.0439
84592,29.5420,49.0508
85016,29.3887,48.7725
85444,29.1494,49.1211
85872,28.3281,48.4063
86304,29.1348,49.9258
86736,30.4668,50.8672
87172,30.4912,50.1885
87608,30.2236,49.4629
88048,30.1895,50.2148
88492,29.9971,50.1992
88936,30.0986,49.2334
89384,29.5850,49.4971
89832,30.1533,50.9189
90284,28.7764,49.2139
90736,29.5566,50.5283
91192,29.5879,50.5078
91648,29.0420,49.3613
92108,29.2295,48.8877
92572,29.3789,50.0449
93036,29.7734,50.0820
93504,29.5811,50.3652
93972,29.9189,50.9385
94444,29.4766,50.7764
94920,28.7520,49.4180
95396,29.0850,49.5840
95876,29.8818,49.6611
96356,29.2734,50.5430
96840,29.6133,50.7793
97328,29.3682,51.3506
97816,33.6025,51.3857
98308,31.2734,49.8789
98800,31.1758,49.8594
99296,31.3965,49.7256
99796,32.5264,51.0020
100296,32.0732,51.5967
100800,31.6377,50.3311
101304,31.5117,50.2246
101812,31.6016,50.6807
102324,30.9131,50.2666
102836,31.8193,51.5039
103352,36.2031,50.8740
103872,30.7559,49.9316
104392,30.9541,50.7822
104916,31.9814,51.4502
105444,30.6221,50.5430
105972,30.4736,50.8955
106504,29.8154,50.2910
107040,29.9883,51.4961
107576,30.3164,51.3486
108116,30.4473,50.1924
108660,30.4648,51.4248
109204,30.2334,51.6230
109752,30.7021,51.8564
110304,29.7314,48.9756
110856,30.1084,50.9941
111412,30.4990,51.8271
111972,30.3555,51.8066
112532,30.6377,50.7422
113096,30.5107,51.7881
113664,30.3564,51.6514
114236,31.8584,51.0752
114808,30.8164,51.2734
115384,30.4707,50.3184
115964,30.0371,51.2461
116544,31.7715,52.1689
117128,30.6084,51.0059
117716,30.0215,50.4297
118308,30.5684,51.5391
118900,29.8506,51.7266
119496,29.8330,50.4082
120096,30.8496,51.8389
120700,31.1523,52.5898
121304,30.6494,53.3574
121912,31.7832,51.7422
122524,31.2930,52.2002
123140,31.4219,51.7441
123756,30.6533,51.2822
124376,30.9502,52.0703
125000,32.0713,53.1064
125628,30.8730,51.9297
126260,31.6699,52.0088
126892,31.3633,52.6641
127528,35.7188,51.6182
128168,30.4805,50.9023
128812,30.7119,51.6162
129460,30.6807,51.4482
130108,31.2295,52.0352
130760,31.2178,51.8281
131416,39.3076,53.6084
132076,38.2256,53.0098
132740,35.9893,53.6025
133404,34.9639,52.4775
134072,34.1494,52.4854
134744,35.4014,53.4863
135420,35.4717,51.5645
136100,33.9043,51.0303
136784,34.2529,51.3350
137468,32.8809,50.1396
138156,34.0479,51.4980
138848,33.1992,51.3223
139544,32.9658,49.4766
140244,33.9814,52.1006
140948,33.1387,51.7070
141656,32.5723,50.8828
142368,33.2520,51.7422
143080,33.5234,50.7354
143796,33.5020,51.9443
144516,33.5156,53.4922
145240,34.1543,52.5020
145968,33.1943,51.3066
146700,32.6133,50.9014
147436,33.7617,52.5469
148176,33.3682,52.5322
148920,33.9795,52.4307
149668,34.9492,52.9209
150420,33.9365,52.2617
151176,32.3828,51.5723
151932,33.9609,53.0410
152692,33.2832,52.7598
153456,32.8447,52.1143
154224,32.9434,52.4893
154996,33.5176,52.8623
155772,33.6689,53.4248
156552,33.5127,52.2090
157336,33.3076,53.1201
158124,33.5508,52.5723
158916,33.0840,52.5508
159712,33.9287,54.2051
160512,34.3955,76.2100
161316,38.9922,53.9727
162124,34.6563,53.8301
162936,33.5859,51.8604
163752,34.8271,53.5459
164572,33.9268,52.7598
165396,34.3398,51.5918
166224,33.6387,53.0303
167056,34.2773,53.5400
167892,33.8672,53.0313
168732,33.6172,51.5518
169576,33.2871,52.0020
170424,33.9385,53.2373
171280,32.3174,50.8809
172140,33.1455,52.4131
173004,32.9580,52.8750
173872,33.4902,53.7510
174744,35.9805,56.4199
175620,35.3564,53.5967
176500,34.4258,54.1689
177384,33.5430,52.5898
178272,32.8633,52.4668
179164,33.7295,53.1758
180060,34.0732,53.0244
180964,33.5771,53.4541
181872,33.2266,53.0488
182784,33.5762,52.9609
183700,32.0898,51.6475
184620,33.6836,51.8008
185544,32.6621,52.5684
186472,33.2061,51.3271
187408,34.0439,52.8779
188348,41.1113,52.3906
189292,34.3008,53.9092
190240,33.6318,52.0439
191192,33.8193,52.8555
192148,33.3535,53.3428
193112,33.8301,52.7188
194080,34.0713,53.5771
195052,33.3428,53.1885
196028,33.5381,52.6318
197012,33.5420,54.5254
198000,32.7422,52.9180
198992,33.5762,53.6924
199988,32.7051,53.0742
200988,33.7227,53.1182
201996,33.8213,54.7266
203008,33.8652,55.0508
204024,32.7373,53.2852
205048,33.2158,53.1074
206076,33.1768,53.3555
207108,33.4600,53.8848
208144,32.9053,52.1504
209188,33.3770,53.4951
210236,33.9150,54.9189
211288,33.6289,54.0273
212348,33.0020,53.7920
213412,33.5400,54.7764
214480,32.2246,53.1104
215556,32.2061,52.6943
216636,32.8359,54.1992
217720,33.7178,54.7695
218812,33.8047,54.7617
219908,33.5859,55.0527
221008,33.5820,53.6768
222116,32.5879,53.9375
223228,32.7988,53.1475
224348,33.1934,54.8525
225472,33.2793,54.2100
226600,33.7432,53.5352
227736,37.9277,52.8223
228876,33.4268,53.7637
230024,33.7188,54.2744
231176,33.6875,54.1533
232332,34.0469,54.4219
233496,33.6133,54.1602
234664,33.4668,54.0352
235840,33.4824,54.6016
237020,34.9727,54.6074
238208,34.3857,55.1299
239400,34.2178,55.1152
240600,33.7783,54.2480
241804,34.0645,54.2383
243016,33.1787,53.5508
244232,33.4561,55.1631
245456,33.7275,55.1387
246684,34.3457,56.7539
247920,33.5527,58.6367
249160,34.1924,55.3721
250408,33.7236,54.3311
251664,34.4092,54.3008
252924,35.2705,55.8340
254192,33.9170,54.4365
255464,33.6436,54.6348
256744,32.7109,53.8516
258028,33.7578,55.0459
259320,33.3076,54.5928
260620,33.7354,55.6123
261924,35.2500,55.9053
263236,36.7998,54.9746
264556,38.3340,56.7959
265880,37.5000,55.8271
267212,36.3594,54.7646
268552,37.3896,55.1758
269896,36.9502,55.6309
271248,37.6982,56.4521
272608,37.2246,55.9150
273972,41.3848,57.0332
275344,37.3652,55.5977
276724,36.2910,54.2637
278108,37.1973,56.7471
279500,38.6338,56.5771
280900,39.0977,56.1045
282308,38.7969,56.5273
283720,37.7070,55.3643
285140,36.4395,53.1416
286568,37.6406,54.6777
288004,38.1768,55.4365
289448,37.9453,56.1992
290896,38.5869,56.5801
292352,39.2227,58.8984
293816,36.8008,55.3926
295288,37.5010,56.0615
296768,36.8105,56.4150
298252,36.5186,56.4463
299744,37.5322,56.0957
301244,37.8652,56.7783
302752,37.7559,80.1670
304268,37.3398,54.9219
305792,37.9033,57.0361
307324,37.6396,56.6924
308864,39.1816,57.1455
310412,36.3936,54.9385
311968,36.6133,54.6465
313528,37.9160,57.0869
315096,37.8848,57.6768
316672,36.8848,55.0615
318256,36.8037,56.7412
319848,37.0820,55.7012
321448,35.2656,54.1807
323056,36.0420,54.4414
324672,36.5400,55.5674
326296,36.8496,55.1045
327928,36.5088,55.0342
329568,37.8379,57.2383
331216,37.9668,57.2754
332876,36.8008,57.1240
334544,37.3740,57.6123
336220,37.2588,58.2139
337904,36.0137,56.5840
339596,37.0068,56.7578
341296,43.0596,56.0811
343004,36.6318,56.2354
344720,36.7275,57.3604
346444,36.9678,57.6475
348180,36.5928,57.3574
349924,37.9834,57.9414
351676,37.8408,57.3496
353436,38.1338,57.9199
355204,38.2158,57.4434
356984,37.3926,56.3975
358772,37.7002,57.3047
360568,37.9219,58.0029
362372,38.2832,57.1221
364184,37.4492,56.6709
366008,36.9189,55.5762
367840,37.9893,60.2383
369680,37.4297,56.0332
371532,37.4990,57.8896
373392,37.0830,57.5703
375260,36.9502,57.4941
377140,36.6113,56.9180
379028,36.1221,56.5732
380924,36.4219,56.5957
382832,36.8330,58.4756
384748,37.0166,56.8438
386672,37.1787,58.2676
388608,37.9160,57.5000
390552,81.2100,58.2861
392508,37.3359,57.6162
394472,37.3721,58.4014
396448,36.3779,56.9395
398432,37.2080,58.5176
400428,36.6846,57.1963
402432,38.2734,57.6602
404448,39.8623,59.4014
406472,38.2129,59.9346
408508,37.8506,57.7256
410552,37.8623,57.9395
412608,38.0205,57.2959
414672,37.5342,57.3848
416748,38.3623,57.5869
418832,38.7461,59.0547
420928,36.8359,58.5117
423036,37.6904,58.1377
425152,37.4121,58.5967
427280,37.4346,58.4531
429420,37.5322,59.2090
431568,37.5098,58.1582
433728,36.9063,103.2158
435900,37.6328,58.6895
438080,37.0107,58.0273
440272,38.2227,59.3350
442476,37.9170,59.1787
444692,38.2510,58.8652
446916,36.9688,58.7754
449152,38.7637,58.9287
451400,38.6602,59.7568
453660,37.3711,58.1807
455932,38.9570,59.0781
458212,38.9150,63.0674
460504,39.7109,59.9023
462808,39.1035,59.5020
465124,37.6494,58.6396
467452,38.1846,58.3574
469792,38.5361,59.4160
472144,38.8369,58.4932
474508,38.1289,58.3662
476884,37.7725,57.7949
479272,38.2441,58.5830
481672,85.2715,59.3818
484084,38.0068,59.2715
486508,38.3164,58.2764
488944,38.5029,60.0850
491392,38.2832,58.7979
493852,37.6309,58.7461
496324,38.1689,58.7979
498808,38.2969,58.7363
501304,39.0811,59.7344
503812,38.4258,58.7510
506332,38.2764,59.7334
508864,38.4775,60.7715
511412,37.9502,58.9375
513972,37.9375,58.9775
516544,37.5303,58.3262
519128,38.7275,60.2119
521724,39.9326,63.0898
524336,72.5361,65.9150
526960,42.3896,59.9346
529596,42.3896,103.1523
532244,42.2979,63.2275
534908,41.3945,59.3359
537584,42.6895,59.9160
540272,42.1016,60.3994
542976,43.2373,61.9932
545692,42.5879,59.2266
548424,42.7246,61.0166
551168,40.7041,59.3330
553924,41.6602,59.8818
556696,42.5918,60.3193
559480,41.5742,59.5957
562280,42.5938,60.9258
565092,42.1729,62.2441
567920,42.6211,61.4355
570760,41.4111,59.9453
573616,41.3535,60.4150
576488,41.1963,59.3535
579372,39.9590,58.5078
582272,40.7549,105.5420
585184,40.9492,61.1143
588112,43.1748,104.6992
591056,42.1563,61.4658
594012,41.5488,60.5967
596984,41.3701,60.4473
599972,41.4521,61.0479
602972,41.6992,60.5049
605988,41.6494,60.9854
609020,42.1191,61.3887
612068,42.1904,61.8340
615132,40.3174,59.5859
618208,40.9014,59.6875
621300,42.5488,63.8164
624408,42.9951,63.1514
627532,41.6172,66.6289
630672,42.3213,62.5391
633828,40.4580,60.7090
637000,41.5225,61.2646
640188,41.9395,61.9307
643392,42.2139,62.8652
646612,40.3467,60.0645
649848,41.2715,62.8594
653100,41.8223,63.2197
656368,42.8799,72.4063
659652,42.0986,61.3135
662952,42.5762,61.9922
666268,42.4092,61.5117
669600,41.2607,60.1553
672948,41.4951,61.2119
676316,42.5391,61.8271
679700,41.7031,61.1787
683100,42.5439,60.9824
686516,42.7598,62.8398
689952,42.3125,62.6602
693404,42.5225,70.0498
696872,41.8643,63.1104
700360,42.3291,62.5537
703864,42.1260,61.1680
707384,40.7197,60.4482
710924,43.1514,61.1855
714480,42.1895,61.5557
718056,42.7969,61.4932
721648,42.1924,62.3418
725260,42.3164,61.4150
728888,82.1309,62.9385
732536,42.4111,61.6543
736200,43.6064,63.6768
739884,42.3955,66.1855
743584,42.5850,63.1016
747304,42.6465,62.9131
751044,43.1484,62.1572
754800,44.1641,63.8271
758576,41.9941,62.6143
762372,42.7891,109.8076
766184,43.4287,64.3438
770016,41.6953,60.7969
773868,45.0381,62.4072
777740,46.2715,64.2139
781632,44.2412,61.5283
785544,44.6104,63.0186
789472,44.9258,63.2754
793420,53.1982,63.7510
797388,42.2324,63.3643
801376,40.9150,62.4258
805384,41.4756,62.4834
809412,41.6055,62.2236
813460,41.6943,63.0137
817528,42.8066,64.8799
821616,41.5215,61.9707
825728,41.9990,62.5576
829860,41.4805,62.6455
834012,42.1299,64.6094
838184,42.4854,64.4551
842376,42.9043,63.2744
846588,42.2646,61.7881
850824,43.4268,64.1396
855080,66.4932,63.3242
859356,43.1875,64.1895
863656,43.2041,63.0732
867976,42.4414,64.2705
872316,41.5518,64.1553
876680,42.7627,65.8496
881064,42.7773,64.2139
885472,42.7471,63.6514
889900,42.4199,64.2168
894352,42.2422,64.2881
898824,46.1914,66.5820
903320,43.2070,64.5244
907840,54.4902,65.3496
912380,43.1016,64.5020
916944,41.7637,63.0908
921532,47.0488,63.5547
926140,41.9688,64.1094
930772,43.5234,65.5684
935428,43.2344,65.1211
940108,43.1768,64.5498
944812,43.3398,65.8027
949540,42.9971,64.5645
954288,42.5605,64.1162
959060,41.8525,64.2783
963856,42.3574,64.6875
968676,43.4170,83.7920
973520,42.8447,65.0693
978388,43.3506,64.7090
983280,42.2852,63.4502
988200,43.7861,64.4629
993144,42.6025,65.1816
998112,43.4180,69.8076
1003104,43.1611,65.4785
1008120,43.0664,65.1553
1013164,43.3135,69.5820
1018232,42.4551,65.6650
1023324,42.8467,65.5615
1028444,43.1543,65.6465
1033588,42.4648,65.2158
1038756,42.7559,65.0967
1043952,44.4805,66.0205
1049172,50.2256,69.1719
1054420,48.0762,68.2480
1059696,48.5156,67.1699
1064996,48.3564,67.3223
1070324,49.9658,66.5234
1075676,47.1006,66.4004
1081056,47.8945,66.9463
1086464,48.5420,66.9521
1091900,47.1191,66.8027
1097360,46.9551,66.7871
1102848,47.5020,67.2314
1108364,46.7568,67.2451
1113908,46.9863,65.9287
1119480,46.4863,67.3242
1125080,47.7490,67.0586
1130708,45.7861,65.8125
1136364,46.5518,67.2402
1142048,46.4971,64.3887
1147760,46.5381,66.7471
1153500,48.4648,67.4287
1159268,46.8760,66.2100
1165068,48.6152,68.6719
1170896,48.0029,66.2080
1176752,46.1855,64.9131
1182636,47.2188,65.7871
1188552,47.1084,66.1074
1194496,46.0313,66.2793
1200472,49.7119,68.1172
1206476,48.1504,66.7959
1212512,46.9092,66.0176
1218576,47.8994,67.7061
1224672,49.4043,68.1875
1230796,49.2705,68.9834
1236952,47.2773,66.6553
1243140,48.2715,68.1045
1249356,47.8955,67.3008
1255604,47.6250,67.9658
1261884,48.2451,67.9434
1268196,49.2568,69.7217
1274540,47.8945,67.9746
1280916,48.3623,69.3477
1287324,48.4609,68.7891
1293764,49.8271,70.1592
1300236,48.3027,68.1563
1306740,66.3682,67.5674
1313276,47.8350,66.4883
1319844,50.7676,69.7363
1326444,48.7471,68.5186
1333080,48.8438,67.2012
1339748,48.1709,77.9980
1346448,47.7617,67.9072
1353184,48.4727,70.4658
1359952,48.3398,69.7939
1366752,48.8730,76.3223
1373588,46.8574,67.8369
1380456,48.8721,69.8311
1387360,47.6523,68.4814
1394300,47.9805,68.8213
1401272,48.7471,69.2988
1408280,48.2139,69.5420
1415324,47.5664,69.3516
1422404,47.8477,68.6260
1429520,47.6523,68.8486
1436668,48.2871,70.2910
1443852,48.0420,68.6152
1451072,48.3760,68.4824
1458328,48.1611,69.9902
1465620,50.2295,70.9639
1472952,47.8467,67.5615
1480320,49.1895,71.3398
1487724,53.0742,149.6230
1495164,47.8662,68.7617
1502640,48.9834,69.6982
1510156,49.1934,70.9033
1517708,49.0430,70.1865
1525300,50.2227,69.9727
1532928,47.8037,69.2666
1540596,47.8682,80.6631
1548300,49.1758,70.7266
1556044,48.5703,70.3115
1563828,47.8047,69.2930
1571648,48.0664,69.7607
1579508,48.4131,71.3613
1587408,48.0918,71.1133
1595348,48.1299,70.3555
1603328,54.1270,69.9414
1611348,48.8105,71.3457
1619408,48.3154,71.7021
1627508,48.1738,70.4014
1635648,48.1348,70.5645
1643828,47.6992,70.6729
1652048,48.1338,71.8408
1660312,50.0713,71.5029
1668616,50.6299,74.2695
1676960,50.0459,71.5117
1685348,49.9189,72.3154
1693776,50.2393,72.0986
1702248,49.7246,71.8906
1710760,48.4463,76.6240
1719316,59.0781,71.1211
1727916,50.8516,74.4502
1736556,50.0625,72.3545
1745240,48.8818,72.0029
1753968,48.5986,72.0518
1762740,49.4678,72.8652
1771556,49.3164,72.1768
1780416,49.4551,72.9883
1789320,49.5742,73.3467
1798268,49.9014,73.5830
1807260,50.4746,72.5273
1816300,50.3936,73.4658
1825384,50.8135,73.1924
1834512,50.6045,72.6201
1843688,50.0928,73.4600
1852908,50.1719,73.5664
1862176,50.1191,73.7666
1871488,49.8926,73.8125
1880848,50.4580,73.5732
1890256,50.7881,73.3252
1899708,49.5391,100.9844
1909208,50.0977,82.9727
1918756,50.9414,74.7412
1928352,49.5947,72.5420
1937996,50.0381,73.9492
1947688,50.2686,73.7676
1957428,50.1992,74.5713
1967216,51.3604,75.3018
1977056,50.8672,73.4824
1986944,50.8506,75.3496
1996880,50.1563,74.0850
2006868,52.6865,76.4941
2016904,50.5625,76.0107
2026992,50.4521,74.9053
2037128,50.0947,75.0752
2047316,51.5342,76.1807
2057556,50.2266,75.8174
2067844,50.5186,75.5166
2078184,49.6631,74.6670
2088576,49.9854,74.4932
2099020,57.8428,84.6582
2109516,56.5986,77.4775
2120064,56.0244,150.3535
2130668,64.3408,78.0391
2141324,62.5449,76.9541
2152032,63.7471,78.2275
2162796,64.8037,78.1279
2173612,65.4424,79.7354
2184484,65.4961,80.2705
2195408,62.7031,77.7012
2206388,56.8242,79.4795
2217420,59.3252,80.7354
2228508,56.4346,79.4795
2239652,57.2275,79.4873
2250852,56.4805,77.8379
2262108,56.8916,78.4395
2273420,56.0664,79.3184
2284788,59.0898,81.8887
2296212,58.3730,80.8896
2307696,58.1963,81.5557
2319236,56.0361,78.0371
2330836,58.2559,79.0654
2342492,58.2588,82.0762
2354208,56.0254,79.9336
2365980,54.4375,77.3291
2377812,57.2979,81.1533
2389704,56.4121,80.2930
2401656,78.2480,83.9639
2413668,56.2295,80.9893
2425740,56.3809,79.6299
2437872,56.1543,80.1563
2450064,56.1924,80.0547
2462316,56.1709,80.9014
2474628,56.7764,82.2080
2487004,56.7998,80.7051
2499440,55.4014,79.1768
2511940,56.7510,81.0059
2524500,55.8779,79.9453
2537124,55.8438,79.7861
2549812,54.9287,78.1104
2562564,56.2480,79.3486
2575380,54.9971,78.3682
2588260,55.4873,80.1221
2601204,54.6973,78.5088
2614212,55.1660,80.8965
2627284,54.4502,79.6934
2640424,57.0928,81.2900
2653628,56.4004,81.6260
2666900,54.0977,78.3643
2680236,56.7217,81.0840
2693640,56.6592,82.2568
2707112,55.9678,81.1992
2720648,57.2910,82.6982
2734252,54.7695,78.8984
2747924,55.9648,103.9648
2761664,55.6807,80.3965
2775476,54.7656,77.3408
2789356,55.6055,80.1582
2803304,59.4219,83.6680
2817324,56.4668,79.1650
2831412,56.9346,81.1484
2845572,56.1602,80.2705
2859800,56.7314,214.2031
2874100,60.3076,78.9297
2888472,55.7344,77.7393
2902916,55.5039,77.9756
2917432,57.2910,79.1025
2932020,56.1445,83.8652
2946684,56.4717,81.0039
2961420,56.5068,79.3252
2976228,54.7061,77.1680
2991112,55.4922,80.2676
3006068,54.6641,78.6035
3021100,61.3418,80.0771
3036208,55.4971,83.6094
3051392,54.1885,78.6377
3066652,53.2734,77.6846
3081988,54.6240,87.6152
3097400,53.3047,79.1172
3112888,54.9951,80.5059
3128456,53.0137,78.9453
3144100,54.6016,80.0811
3159824,52.8789,78.3125
3175624,53.7031,79.4443
3191504,57.2305,79.6914
3207464,53.4824,79.2021
3223504,52.5449,78.0615
3239624,54.6191,80.4746
3255824,54.3486,80.6924
3272104,53.7305,80.3447
3288468,56.0430,109.8750
3304912,56.0449,80.1953
3321440,57.2939,80.1865
3338048,55.9844,79.3896
3354740,57.4102,81.4922
3371516,56.3564,81.2588
3388376,55.7100,80.4170
3405320,54.2910,79.3457
3422348,56.2432,82.0830
3439460,55.2031,79.8320
3456660,56.6982,82.2871
3473944,55.9248,81.2617
3491316,55.5166,86.8330
3508776,54.6680,81.1367
3526320,54.6055,79.8389
3543952,56.3066,81.9570
3561672,67.3711,80.4082
3579484,55.6074,81.1777
3597384,66.4502,86.1328
3615372,58.4941,84.2344
3633452,56.6563,83.4209
3651620,57.7080,85.0293
3669880,59.9658,87.2500
3688232,57.7275,86.7744
3706676,57.0674,83.9609
3725212,57.8066,84.8770
3743840,57.0771,85.3076
3762560,58.8389,86.5928
3781376,56.6074,82.5752
3800284,58.7285,87.4121
3819288,56.9365,83.0889
3838388,58.6387,85.9648
3857580,57.4365,84.3887
3876868,59.0459,84.4502
3896256,58.3613,84.5752
3915740,59.5713,86.2588
3935320,58.8311,84.2520
3955000,58.3164,85.5098
3974776,58.2158,85.4131
3994652,58.8457,85.7891
4014628,59.2461,85.0527
4034704,58.5664,85.0352
4054880,58.8496,87.0654
4075156,59.3896,87.2188
4095532,57.6016,85.2451
4116012,60.5771,87.4385
4136596,57.3359,85.3369
4157280,59.5889,86.8926
4178068,59.9404,87.8916
4198960,66.9609,88.9775
4219956,74.0898,88.9160
4241056,63.8535,87.3262
4262264,66.5596,89.1846
4283576,64.8174,87.7188
4304996,64.4160,87.8496
4326524,63.9521,85.5488
4348160,65.1699,87.1650
4369904,67.0566,88.5469
4391756,65.3984,87.0596
4413716,65.4365,90.5771
4435788,64.9414,94.5762
4457968,71.7568,87.6807
4480260,66.3613,89.4131
4502664,65.4590,88.6348
4525180,65.4180,90.4619
4547808,64.7188,88.4219
4570548,65.4316,89.0693
4593404,64.7334,86.1836
4616372,64.7783,88.6475
4639456,65.2334,88.2373
4662656,63.9385,86.0742
4685972,64.1328,87.5156
4709404,64.5586,88.7158
4732952,63.3721,87.2607
4756620,64.9766,89.0371
4780404,64.6201,88.5723
4804308,64.8594,85.6113
4828332,65.9512,89.9297
4852476,64.5957,88.3770
4876740,65.3281,90.0869
4901124,64.8408,89.1445
4925632,64.8037,88.5977
4950264,65.1367,89.9746
4975016,63.0410,102.6797
4999892,65.6455,88.8525
5024892,64.0244,88.6113
5050020,65.6758,89.7266
5075272,64.1289,88.9639
5100652,64.2803,87.0840
5126156,65.4287,98.4922
5151788,67.1953,90.8584
5177548,67.9561,98.5186
5203436,65.9063,89.6699
5229456,64.7236,90.9238
5255604,63.6182,88.1582
5281884,76.9854,87.1719
5308296,65.8408,90.1963
5334840,64.7666,102.0020
5361516,69.0752,94.0830
5388324,70.4766,94.2842
5415268,74.9707,91.4082
5442348,69.2539,94.1738
5469560,67.2422,91.6836
5496908,68.5420,92.8867
5524396,69.6807,93.6699
5552020,67.1162,92.0781
5579784,68.7627,93.2822
5607684,65.9629,91.5605
5635724,69.4590,97.4697
5663904,65.6318,92.5713
5692224,64.0918,91.0596
5720688,64.6484,94.8389
5749292,65.3789,91.1660
5778040,62.6377,90.4775
5806932,65.5488,93.0195
5835968,67.5801,93.7715
5865148,66.6553,93.4932
5894476,67.9863,95.1621
5923952,67.8027,94.1777
5953572,67.6787,94.5830
5983340,65.5713,92.5244
6013260,65.8164,93.7813
6043328,65.8154,91.9023
6073548,66.5928,93.7412
6103916,66.4717,106.4551
6134436,68.5596,95.7402
6165112,69.1055,94.4521
6195940,67.3809,91.1807
6226920,67.6484,94.3936
6258056,78.2695,89.7422
6289348,64.1455,90.4863
6320796,143.7197,91.4932
6352400,60.9834,88.5859
6384164,72.0215,88.5547
6416088,63.8232,91.2480
6448172,62.9561,90.3975
6480416,64.8408,91.0078
6512820,64.2666,100.0332
6545388,64.8242,93.7148
6578116,62.7900,90.4912
6611008,63.2500,91.4922
6644064,63.0664,90.3184
6677288,62.9717,88.4629
6710676,70.3340,97.1563
6744232,74.0557,92.4014
6777956,62.7129,89.9453
6811848,62.6006,90.8730
6845908,62.5703,89.9053
6880140,64.1240,91.7100
6914544,63.4082,125.0732
6949120,64.1318,90.9707
6983868,65.9072,101.6182
7018788,63.5254,88.0557
7053884,63.0850,89.2422
7089156,63.5918,95.3154
7124604,63.7705,91.5469
7160228,63.6807,90.8496
7196032,64.6387,92.3643
7232016,63.3828,91.2871
7268180,64.2637,91.4414
7304524,62.1650,88.5576
7341048,63.7500,92.0537
7377756,79.0947,91.6904
7414648,62.2480,91.7490
7451724,83.4941,93.7148
7488984,64.7070,92.6055
7526432,72.9932,92.1084
7564068,64.1152,91.6660
7601892,63.7813,91.8604
7639904,64.6572,94.2725
7678104,64.7012,93.4424
7716496,63.2686,89.3018
7755080,70.3076,92.5166
7793856,63.6816,92.9775
7832828,71.2217,92.3174
7871996,63.0488,90.2539
7911356,70.1016,90.7109
7950916,65.8877,93.9492
7990672,73.4023,93.5576
8030628,65.7793,93.4893
8070784,64.8848,92.5088
8111140,111.9756,112.2461
8151696,65.0869,90.2949
8192456,64.9033,90.7637
8233420,65.0459,91.1934
8274588,63.8262,91.0391
8315964,61.2627,108.7803
8357544,61.4404,94.4219
8399332,68.9434,92.1982
8441332,67.9863,90.1572
8483540,69.7031,111.7949
8525960,73.1016,92.2930
8568592,69.2266,93.6406
8611436,68.8223,88.3457
8654496,67.4092,87.7881
8697772,70.6006,89.9150
8741264,77.8232,90.8213
8784972,71.8994,90.4854
8828900,70.6250,92.6445
8873048,65.9033,91.8428
8917416,67.1553,92.3340
8962004,67.4893,90.4824
9006816,71.0439,91.4033
9051852,69.4033,92.5195
9097112,67.7246,95.3398
9142600,69.5654,91.2842
9188316,77.2197,89.5947
9234260,68.1309,94.7900
9280432,67.0400,89.7920
9326836,67.1641,93.4043
9373472,66.2148,91.0225
9420340,70.9521,96.3457
9467444,67.6855,91.7188
9514784,66.2764,88.1748
9562360,67.7607,96.6689
9610172,67.2520,92.1611
9658224,115.5020,96.6113
9706516,68.3789,94.1836
9755052,70.3271,94.5811
9803828,69.4854,94.1113
9852848,70.4775,95.2012
9902116,67.8066,95.5127
9951628,64.8418,90.9375
10001388,66.9141,147.7939
10051396,69.1221,95.0918
10101656,65.9873,91.1201
10152168,70.2734,95.7588
10202932,76.0166,96.5352
10253948,68.7480,95.0605
10305220,65.3174,90.7891
10356748,66.5059,92.1855
10408532,67.3896,94.1582
10460576,68.8438,93.2393
10512880,67.1172,94.1553
10565448,66.5918,92.2744
10618276,67.9961,93.6895
10671368,118.6230,95.1016
10724728,147.2168,94.1162
10778352,67.3184,92.4170
10832244,69.5859,96.7549
10886408,76.4834,96.1631
10940844,68.0264,116.2832
10995552,66.5645,92.8145
11050532,73.3359,94.0439
11105788,69.0693,95.3154
11161320,80.8018,95.5254
11217128,71.8643,103.0371
11273216,69.5420,91.8477
11329584,72.1484,94.2070
11386232,70.6270,94.8555
11443164,72.8457,97.0713
11500380,70.7656,99.5479
11557884,77.2217,94.1963
11615676,69.2490,92.9805
11673756,68.2979,94.2959
11732128,67.6240,97.6924
11790792,82.0332,96.7373
11849748,73.1953,99.6045
11909000,74.9629,96.4473
11968548,72.4619,95.0996
12028392,71.4385,94.7129
12088536,73.1318,99.6602
12148980,122.4727,112.4893
12209728,68.1982,124.2959
12270780,68.6191,94.0449
12332136,68.0674,110.6953
12393800,104.6357,95.6445
12455772,68.0010,94.7686
12518052,68.5029,95.6982
12580644,69.2227,97.5771
12643548,66.8184,93.7227
12706768,69.3789,96.6123
12770304,74.2383,99.7012
12834156,70.9473,95.8018
12898328,70.3447,94.3516
12962820,72.0771,95.4570
13027636,72.0732,97.1836
13092776,71.8867,146.8740
13158240,68.7041,96.3301
13224032,69.3584,96.4053
13290156,76.2529,96.2070
13356608,70.0273,97.2324
13423392,67.0391,101.4502
13490512,67.7354,95.2412
13557968,69.2451,96.9795
13625760,65.0400,94.7275
13693892,68.4775,97.2900
13762364,72.7480,111.7529
13831176,68.7305,102.5186
13900332,70.5957,96.9443
13969836,71.9307,99.4219
14039688,69.9707,95.4131
14109888,71.1348,97.7979
14180440,78.5771,96.2549
14251344,70.7764,95.4521
14322604,71.2568,99.6025
14394220,68.3486,96.9746
14466192,69.0645,96.3633
14538524,70.4053,108.7207
14611220,68.1836,96.3574
14684280,67.5938,96.1025
14757704,68.4668,95.6621
14831496,75.3271,96.3047
14905656,68.9600,99.4473
14980188,70.2158,99.1572
15055092,71.6465,100.0723
15130368,68.7607,98.4385
15206020,76.7490,96.7881
15282052,70.5234,101.6328
15358464,69.1172,96.1289
15435260,75.1387,95.6211
15512440,70.5488,107.8730
15590004,68.2266,97.8828
15667956,69.3867,100.9707
15746296,69.5068,99.3594
15825028,68.0078,97.3623
15904156,68.7813,99.4424
15983680,73.6777,97.5605
16063600,69.1992,97.0811
16143920,68.7891,98.3350
16224640,69.4268,96.9648
16305764,70.1133,97.6367
16387296,69.3213,101.5352
16469236,69.1113,102.2207
16551584,71.3418,102.5576
16634344,68.3398,99.3359
16717516,68.2881,97.6162
16801104,78.3262,100.4492
16885112,75.8721,98.9287
16969540,77.0703,98.6846
17054388,75.9443,100.2979
17139660,78.8574,100.4521
17225360,76.0615,99.2715
17311488,81.2549,99.7490
17398048,80.3809,98.2070
17485040,80.5381,101.6025
17572468,81.6553,100.3213
17660332,87.9824,107.6152
17748636,78.5566,99.2656
17837380,79.6006,98.9268
17926568,79.9287,103.5166
18016204,79.2881,100.5742
18106288,80.3008,100.8193
18196820,80.6055,102.9063
18287808,167.2363,130.7715
18379248,82.7188,101.2979
18471148,79.2617,102.6533
18563504,77.7402,101.1982
18656324,79.4697,102.5918
18749608,75.7510,99.1396
18843360,79.0068,100.8467
18937580,78.4492,99.4590
19032268,78.8711,102.2715
19127432,81.6865,103.9629
19223072,79.2422,102.7344
19319188,82.7207,105.8145
19415784,78.8164,100.4746
19512864,81.6445,101.0576
19610432,81.8115,102.6621
19708488,80.9785,102.7158
19807032,82.0781,106.6377
19906068,91.5361,105.3750
20005600,83.2061,105.0391
20105628,82.0039,103.7861
20206160,80.5703,103.5176
20307192,89.8906,109.8594
20408728,83.7871,105.1826
20510772,83.8926,106.3086
20613328,81.8809,105.3252
20716396,84.9434,109.0059
20819980,94.0596,105.4160
20924080,83.7363,124.2090
21028704,82.8418,103.0078
21133848,88.0928,109.1533
21239520,86.1201,108.0107
21345720,87.2559,107.7139
21452452,86.6270,109.5049
21559716,89.8428,107.8037
21667516,92.6221,106.9072
21775856,92.1445,107.7783
21884736,90.6953,109.7119
21994160,92.9473,112.0645
22104132,99.0420,117.5605
22214656,96.3359,116.2549
22325732,155.8750,122.9053
22437364,100.0928,119.5605
22549552,96.7979,113.9268
22662300,97.3750,116.9746
22775612,93.7998,113.8203
22889492,93.9814,123.9229
23003940,92.4648,109.8682
23118960,87.3652,109.9570
23234556,88.0117,121.4951
23350732,114.9014,130.7861
23467488,125.0654,135.4170
23584828,102.2471,120.6475
23702756,96.6875,119.1240
23821272,97.7510,117.0879
23940380,96.7871,118.9063
24060084,94.0938,120.2080
24180388,111.1699,125.0283
24301292,93.8164,110.8721
24422800,92.0527,132.6729
24544916,112.1738,190.6982
24667644,100.5693,119.1104
24790984,102.8408,119.9180
24914940,97.6191,117.1982
25039516,96.4004,117.6416
25164716,102.8994,122.5313
25290540,117.6650,117.6133
25416996,100.6455,118.0781
25544084,98.6816,131.6475
25671808,100.9922,150.9443
25800168,102.8828,117.3701
25929172,100.7793,122.2764
26058820,100.8564,121.1436
26189116,110.4961,128.4121
26320064,107.2734,126.0439
26451668,99.4912,122.6309
26583928,102.0410,118.6475
26716848,108.6563,127.4629
26850436,110.7002,132.5615
26984692,114.8799,124.4980
27119616,109.5723,122.3750
27255216,107.0400,127.8213
27391496,210.4834,155.0303
27528456,124.6582,142.6963
27666100,128.2852,145.7510
27804432,119.4463,161.9912
27943456,123.4678,168.1709
28083176,129.3145,146.5869
28223592,128.3184,145.0713
28364712,128.7344,146.5381
28506536,124.7607,145.6445
28649072,122.9951,148.2871
28792320,119.0059,153.3740
28936284,125.8496,148.9854
29080968,125.4961,146.7715
29226376,134.1055,155.2881
29372508,127.7783,147.1270
29519372,139.2813,143.5078
29666972,125.0820,150.7607
29815308,136.4854,148.9570
29964388,124.0957,153.0869
30114212,136.2578,175.7764
30264784,131.8740,154.0947
30416108,133.8750,152.5723
30568192,138.6455,162.4619
30721036,137.5498,248.0264
30874644,141.4834,177.8057
31029020,127.8975,150.8779
31184168,129.4287,152.9551
31340092,139.0918,169.7373
31496796,125.7510,149.0273
31654280,126.1553,152.1426
31812552,194.6855,179.8486
31971616,189.2676,154.9785
32131476,138.6299,143.1523
32292136,138.4004,161.2822
32453600,134.3125,347.5771
32615868,141.3037,175.6338
32778948,139.2549,154.1328
32942844,133.8311,159.2070
33107560,129.6230,173.4873
33273100,139.5703,158.4434
33439468,150.9541,192.3330
33606668,166.2891,172.8809
33774704,176.2617,156.3223
33943580,149.2773,161.5078
34113300,151.0869,159.6572
34283868,189.1914,171.7451
34455288,158.9502,170.6982
34627568,177.6260,160.7021
34800708,163.5371,163.3867
34974712,163.7803,167.4375
35149588,169.5801,167.8330
35325336,162.5322,164.4639
35501964,164.0322,167.7363
35679476,162.4180,168.3643
35857876,166.1436,158.1631
36037168,177.2891,169.0820
36217356,168.4873,183.2363
36398444,164.3379,174.2920
36580440,166.8740,171.5488
36763344,161.9004,170.8408
36947164,173.5967,174.2949
37131900,162.5537,175.5898
37317560,160.7842,183.7891
37504148,161.3037,183.5762
37691672,165.2080,175.1719
37880132,164.3008,173.6064
38069536,153.0596,176.1387
38259884,170.6680,168.8574
38451184,178.9990,180.2344
38643440,169.2559,173.0127
38836660,179.3857,177.1836
39030844,175.3105,195.6768
39226000,176.3369,185.7715
39422132,164.1611,173.7803
39619244,171.3320,183.5762
39817344,162.0049,180.5088
40016432,167.6943,175.1436
40216516,168.7773,185.1777
40417600,166.2627,183.7012
40619688,174.4893,183.1191
40822788,186.7813,181.8887
41026904,187.0625,173.4443
41232040,164.1455,182.7344
41438204,159.3223,187.7197
41645396,157.2490,190.2051
41853624,159.7080,190.0225
42062896,155.9463,170.4639
42273212,159.1055,175.6006
42484580,162.8486,172.5713
42697004,169.3760,165.9346
42910492,162.7246,180.3701
43125048,177.7568,171.8799
43340676,167.6094,168.1807
43557380,173.2881,179.5752
43775168,172.4580,214.4746
43994044,184.9072,181.1104
44214016,175.8936,191.2363
44435088,176.2080,181.7061
44657264,176.4902,196.4521
44880552,171.9453,181.7109
45104956,196.6924,180.9785
45330484,183.8584,185.5703
45557140,174.0225,189.6934
45784928,263.3467,194.5615
46013856,198.9512,196.2939
46243928,242.8457,230.2549
46475148,201.5420,196.8018
46707524,190.7529,217.9219
46941064,193.8096,205.9063
47175772,180.3506,187.3701
47411652,186.4834,196.4521
47648712,212.7109,189.5537
47886956,196.2324,196.3896
48126392,194.7832,198.5264
48367024,188.7549,221.7441
48608860,233.9434,203.6631
48851908,181.4043,193.2949
49096168,176.3574,210.1016
49341652,183.3125,188.4883
49588364,175.1973,195.9346
49836308,194.6719,217.4219
50085492,199.0371,197.1689
50335920,192.6025,198.6133
50587600,197.0352,200.1787
50840540,213.7471,217.4102
51094744,238.5781,254.4131
51350220,251.4004,220.8643
51606972,213.7012,220.3818
51865008,207.8545,241.6094
52124336,213.9814,217.8242
52384960,207.6807,268.5303
52646888,220.7910,209.0811
52910124,201.6270,320.8613
53174676,187.7139,198.0918
53440552,195.8428,205.3262
53707756,189.6982,193.5732
53976296,203.1318,209.4307
54246180,202.8613,201.8486
54517412,202.7930,207.8496
54790000,199.7100,216.4766
55063952,211.6260,223.6357
55339272,195.9697,217.5898
55615972,202.2451,200.0693
55894052,198.8818,208.7783
56173524,204.2080,206.9873
56454392,208.2461,232.3848
56736664,207.4746,220.8086
57020348,243.2520,211.6318
57305452,209.8662,211.5420
57591980,198.7061,202.6699
57879940,200.4473,204.7266
58169340,202.6396,212.4580
58460188,192.4219,204.0723
58752492,196.0801,212.2637
59046256,195.5293,218.6543
59341488,198.3467,215.5625
59638196,201.3516,205.3184
59936388,199.8730,438.4150
60236072,210.8320,211.2021
60537256,211.3359,219.4971
60839944,211.0342,222.7568
61144144,209.5518,221.5078
61449868,205.8242,210.8535
61757120,207.1719,225.5000
62065908,210.8008,231.0381
62376240,208.2012,233.8125
62688124,211.1221,229.8467
63001568,236.8975,216.9941
63316576,220.9336,230.1650
63633160,205.3633,222.3115
63951328,218.4248,230.0996
64271088,250.2969,222.2041
64592444,214.4268,218.0547
64915408,214.0039,242.6465
65239988,240.1641,240.1543
65566188,226.4766,226.7686
65894020,215.0313,238.3623
66223492,215.4561,226.9063
66554612,232.2529,229.8730
66887388,258.5410,225.6641
