4,1.0439,1.2227
8,1.7715,4.5713
12,2.2461,6.2314
16,2.2500,6.6680
20,2.8301,8.8330
24,2.7891,36.7773
28,2.8223,9.4023
32,2.7646,9.0811
36,3.2168,9.7354
40,3.2119,9.8701
44,3.2129,10.8320
48,3.2178,11.2783
52,3.2158,11.7002
56,3.2168,12.2646
60,3.2139,12.7490
64,3.2129,14.0166
68,3.6963,14.0830
72,3.6846,14.0215
76,3.7080,14.2529
80,3.6885,14.6748
84,3.6865,15.1660
88,3.6914,14.5010
92,3.6992,15.0439
96,3.6865,15.5762
100,3.6992,15.4609
104,3.7002,16.7129
108,3.7031,16.3896
112,3.7070,17.0469
116,3.7178,18.0303
120,3.6514,17.5137
124,3.7051,17.9023
128,3.7012,19.3193
132,4.2393,18.4727
136,4.2041,18.6055
140,4.2041,18.7979
144,4.1973,18.9385
148,4.2197,18.8955
152,4.2100,19.5137
156,4.2363,19.3506
160,4.2168,19.1289
164,4.2139,19.4824
168,4.2441,19.3281
172,4.2148,18.5234
176,4.2031,19.5615
180,4.2246,19.8809
184,4.2217,18.9160
188,4.2139,19.5674
192,4.2344,20.1387
196,4.2090,20.0322
200,4.2031,20.4424
204,4.2158,20.6230
208,4.2119,20.7168
212,4.1943,20.9443
216,4.2002,21.1367
220,4.2041,20.6152
224,4.2197,22.1729
228,4.2129,20.9248
232,4.2109,22.3525
236,4.1445,21.3916
240,4.1553,21.9492
244,4.2070,21.8447
248,4.2129,23.0459
252,4.1465,21.6455
256,4.1162,25.9951
260,4.7383,18.2295
264,4.7061,18.2646
268,4.7295,18.3789
272,4.7305,17.9590
276,4.7031,17.8486
280,4.7109,17.2363
284,4.7188,17.5527
288,4.7188,18.0527
292,4.7148,17.4814
296,4.7266,17.1641
300,4.7246,18.5410
304,4.7207,17.1328
308,4.7061,17.0303
312,4.7178,17.6328
316,4.7266,17.7100
320,4.7168,16.7705
324,4.7266,18.0684
328,4.7344,17.4932
332,4.7158,18.0137
336,4.7158,18.2520
340,4.7109,17.9424
344,4.7188,18.0391
348,4.7393,18.0781
352,4.7529,18.6250
356,4.7998,18.8594
360,4.8018,20.0488
364,4.7305,17.8838
368,4.7236,18.0029
372,4.7285,18.5127
376,4.7129,18.3223
380,4.7109,18.3701
384,4.7090,18.7100
388,4.7109,18.5449
392,4.7314,18.8262
396,4.7363,19.1406
400,4.7236,19.4268
404,4.7041,19.1553
408,4.7119,19.4502
412,4.7070,19.7598
416,4.7227,20.1680
420,4.8252,20.0566
424,4.8232,19.9053
428,4.8291,19.9395
432,4.8271,20.9043
436,4.7246,19.4727
440,4.7168,19.8047
444,4.7236,19.7949
448,4.7246,19.7051
452,4.7246,20.6465
456,4.7139,20.0254
460,4.8320,20.9453
464,4.8262,22.0127
468,4.7344,20.0557
472,4.7061,20.9023
476,4.7090,20.5957
480,4.7158,19.6279
484,4.7207,20.8359
488,4.7158,20.8828
492,4.7217,21.2852
496,4.7334,20.6416
500,4.7139,21.0938
504,4.7139,20.5420
508,4.7100,20.1240
512,4.7275,20.8301
516,7.1699,20.6943
520,7.9580,20.8486
524,7.5957,21.6113
528,6.9287,21.4414
532,6.9248,20.7822
536,7.0000,21.2441
540,6.7666,20.9922
544,7.1396,20.9199
548,6.9346,20.8486
552,7.0273,21.0713
556,6.8906,21.1924
560,6.8242,20.7461
564,6.8701,21.7178
568,6.9141,21.0117
572,6.9258,21.5889
576,6.8936,20.7168
580,6.9385,21.1611
584,7.0225,20.4746
588,7.0811,22.1836
592,7.1006,22.0703
596,6.9492,21.9609
600,6.9346,21.4453
604,6.9033,21.1055
608,7.0713,21.7070
612,7.0078,22.7080
616,7.1152,22.8525
620,6.8906,21.3389
624,6.8770,20.8047
628,6.8867,21.0781
632,7.1230,21.9727
636,7.0684,22.3066
640,7.4268,22.0547
644,6.8916,21.7480
648,6.9521,21.7178
652,6.9189,21.0918
656,7.0107,21.7500
660,7.0068,21.4004
664,6.8096,21.6689
668,6.9092,22.2803
672,6.9736,22.4795
676,6.8877,21.4395
680,6.7656,21.6152
684,6.9023,21.6650
688,7.0059,21.8262
692,7.2617,22.3145
696,7.0713,23.0479
700,7.1240,22.0488
704,7.1182,22.6367
708,8.1064,22.6758
712,6.9365,23.0869
716,6.9521,22.9307
720,7.0967,22.5840
724,7.0117,22.6855
728,6.9463,22.4561
732,6.7793,22.0225
736,6.7627,21.7803
740,6.9092,23.2461
744,6.9023,22.4912
748,6.8740,22.5664
752,6.9639,23.3672
756,6.9990,23.2031
760,6.8740,22.7637
764,6.8291,21.9736
768,6.9814,27.8682
772,7.0977,23.1025
776,6.9980,22.3203
780,7.1104,22.8936
784,7.0117,23.0498
788,7.0098,22.8643
792,7.0352,23.7793
796,7.0352,22.9932
800,6.9697,23.1006
804,8.0068,23.3496
812,7.1055,23.9434
820,6.8945,24.0410
828,6.9463,23.2891
836,7.0713,23.5596
844,6.9688,22.9385
852,7.0645,23.5234
860,6.8262,22.5068
868,6.9932,23.6035
876,7.1260,23.7285
884,7.0791,33.1914
892,7.3477,24.2129
900,7.2236,24.9463
908,7.3125,24.2109
916,7.2344,23.3594
924,6.9619,23.4561
932,7.4063,23.5195
940,7.2178,22.7783
948,7.2119,23.9766
956,7.0693,22.2373
964,7.1689,65.6943
972,7.2539,23.3164
980,7.8799,22.7793
988,7.1865,24.4004
996,7.2188,49.1006
1004,7.4297,23.8984
1012,7.2852,22.6670
1020,7.2266,22.6025
1028,10.8145,25.2207
1036,10.1650,24.9873
1044,10.4082,25.6318
1052,10.1768,25.0107
1060,10.1924,24.6592
1068,10.1797,26.1963
1076,10.0645,25.7793
1084,9.9697,25.4590
1092,10.0986,25.3467
1100,10.3418,26.0000
1108,9.9775,25.7979
1116,9.9502,25.3408
1124,10.0322,25.3350
1132,9.7813,26.2412
1140,9.6992,25.6680
1148,9.9375,26.0605
1156,9.6084,25.2354
1164,9.6992,24.5547
1172,9.5000,23.7324
1180,9.7637,24.4697
1188,9.8457,24.4121
1196,9.8252,24.2705
1204,9.6240,24.4951
1212,9.2275,24.3252
1220,9.3906,23.0430
1228,9.6816,24.1406
1236,9.5430,23.9629
1244,9.7422,24.3545
1252,9.2686,23.7061
1260,9.4834,23.0645
1268,9.1885,23.5205
1276,9.5049,24.8682
1284,9.7930,24.1973
1292,9.4648,23.6670
1300,9.3613,23.1758
1308,9.5830,24.6416
1316,9.5254,25.3525
1324,9.7656,23.7979
1332,9.5781,24.3379
1340,9.4053,23.5781
1348,9.6475,24.0439
1356,9.5527,24.6797
1364,9.7314,24.7354
1372,9.9180,25.0859
1380,9.4863,24.4971
1388,9.3408,23.2217
1396,9.7471,25.0684
1404,9.3857,24.8818
1412,9.7070,25.3672
1420,9.6621,24.6885
1428,9.5830,25.2207
1436,9.6875,24.4404
1444,9.6191,25.3340
1452,10.2324,24.2139
1460,9.5986,31.2207
1468,9.8730,26.9922
1476,10.3105,27.7207
1484,9.3770,24.1914
1492,9.6162,24.6084
1500,9.6650,24.9863
1508,9.5566,24.6309
1516,9.9023,25.0996
1524,9.5439,24.6230
1532,9.7813,25.2461
1540,9.5459,24.5928
1548,9.6553,24.6270
1556,9.4902,24.9863
1564,9.6777,24.4404
1572,9.2334,23.6855
1580,9.3896,34.2520
1588,10.0596,26.4531
1596,10.3047,27.9814
1604,9.5088,25.2764
1616,9.6064,24.6582
1628,9.6660,25.7188
1640,9.4756,25.9873
1652,9.8643,26.3984
1664,9.2891,24.2871
1676,9.2529,24.5225
1688,9.3057,24.2764
1700,9.1592,24.4180
1712,9.4092,24.7373
1724,9.9121,26.2588
1736,9.6719,24.7354
1748,9.4023,25.3125
1760,9.3193,25.3857
1772,9.6016,25.6729
1784,9.9141,26.6260
1796,9.4912,25.2910
1808,9.5283,26.5010
1820,9.5107,25.6895
1832,9.4004,25.8340
1844,9.6299,25.5215
1856,9.6533,26.4502
1868,9.6113,25.8320
1880,9.4424,24.8135
1892,9.5332,25.3906
1904,9.3115,25.6963
1916,9.4063,26.2705
1928,9.7852,26.6621
1940,9.5869,26.5928
1952,9.3721,26.6084
1964,9.7471,26.1426
1976,9.6709,26.1309
1988,9.7705,27.2002
2000,9.5654,26.1641
2012,9.6943,26.6211
2024,9.7939,25.4521
2036,9.7051,26.8750
2048,9.8008,27.9063
2060,12.8848,27.1641
2072,12.6240,27.3955
2084,12.4141,27.6104
2096,12.4639,27.1494
2108,12.9766,27.7139
2120,13.1240,27.5605
2132,12.8975,27.8516
2144,12.8018,28.1895
2156,12.5928,28.5498
2168,12.7285,27.5625
2180,12.9805,28.8379
2192,12.4053,27.5762
2204,12.4014,27.4844
2216,12.5957,27.6523
2228,12.0859,27.1465
2240,12.3945,26.7910
2252,12.4883,27.9443
2264,12.5830,27.8838
2276,12.5420,27.9531
2288,12.2217,28.3301
2300,12.7148,27.9492
2312,12.1084,27.7734
2324,12.1680,27.0264
2336,12.4326,27.7178
2348,12.7842,28.2510
2360,12.3906,27.7510
2372,12.4082,28.0967
2384,12.6543,28.0752
2396,12.5293,28.4639
2408,12.8047,28.5322
2424,12.1514,28.5215
2440,11.9355,28.2383
2456,12.2773,28.3232
2472,11.8340,27.1807
2488,12.0391,27.7051
2504,11.6875,27.5684
2520,12.2539,27.9854
2536,12.2529,27.9502
2552,11.8057,27.3477
2568,12.2168,28.0508
2584,12.0439,28.4082
2600,12.1084,27.7217
2616,11.9932,28.6631
2632,11.9268,27.7227
2648,11.8838,27.8096
2664,12.3906,28.1650
2680,12.1816,28.3652
2696,12.1162,27.6084
2712,11.7754,26.9434
2728,12.1289,27.7803
2744,12.2471,27.9736
2760,11.7217,27.1543
2776,12.1924,28.0479
2792,12.2861,29.4902
2808,12.1660,28.7148
2824,12.6416,29.1123
2840,12.0908,29.1074
2856,12.0400,27.8145
2872,12.2734,28.5254
2888,12.4492,27.9141
2904,12.0547,29.0332
2920,12.2188,28.9375
2936,12.0898,28.1172
2952,12.0869,27.7432
2968,12.0547,28.7568
2984,12.0557,27.6650
3000,12.4023,29.0645
3016,11.7822,28.1846
3032,13.2061,28.9248
3048,12.3740,29.2939
3064,11.9922,28.2852
3080,11.9971,27.4170
3096,12.3662,28.9248
3112,12.5244,29.3125
3128,12.0879,27.4492
3144,12.0674,28.1992
3160,11.9004,35.5459
3176,12.1016,29.0615
3192,12.1963,29.1055
3208,12.0840,29.1836
3228,11.9053,28.6064
3248,12.1514,28.7813
3268,12.0205,28.1563
3288,11.9092,29.0215
3308,12.0391,29.0557
3328,11.8906,28.7656
3348,12.4766,29.8096
3368,12.0703,28.7021
3388,12.1357,29.4893
3408,12.0947,30.4248
3428,12.1191,29.9893
3448,12.1543,28.7881
3468,12.0176,29.4844
3488,12.2334,28.7764
3508,11.7529,28.6221
3528,12.0078,29.4805
3548,12.0176,28.6299
3568,11.9961,29.2813
3588,12.2676,29.2988
3608,11.9434,29.2383
3628,12.2734,29.3496
3648,12.0225,29.5723
3668,12.3115,30.2568
3688,12.1699,29.3066
3708,12.4297,30.3936
3728,11.9512,29.7607
3748,11.9189,29.5449
3768,12.1523,29.8750
3788,12.0303,29.6016
3808,12.4346,30.1377
3828,12.0684,29.7441
3848,11.8301,29.3047
3868,11.7920,29.4697
3888,12.3740,30.2764
3908,11.8018,29.0557
3928,11.8574,28.6943
3948,12.0557,29.4043
3968,11.9404,29.2715
3988,11.9297,28.7607
4008,12.0537,30.4346
4032,12.1494,29.6934
4056,12.4590,31.0557
4080,12.1230,29.9434
4104,17.6406,31.7139
4128,17.0889,30.6748
4152,17.2783,31.6162
4176,17.4668,31.5049
4200,17.1172,30.9443
4224,17.7549,31.7539
4248,17.0410,30.3652
4272,17.3428,32.1563
4296,16.8584,30.7725
4320,17.4883,35.6328
4344,16.8242,31.9971
4368,17.2695,30.5977
4392,17.2539,31.0410
4416,17.3027,31.5938
4440,17.2598,31.4580
4464,16.9092,30.9482
4488,17.5332,31.5430
4512,17.4346,31.6836
4536,16.8877,31.2461
4560,17.0215,30.0801
4584,16.8828,31.0596
4608,17.0381,31.5410
4632,14.6113,31.2080
4656,14.6699,31.4932
4680,14.5830,31.2109
4704,14.5322,30.9473
4728,14.3340,31.1348
4752,14.9141,31.3486
4776,14.3525,30.4160
4800,14.4600,29.6426
4824,14.7119,31.0400
4852,14.3838,31.1230
4880,14.0029,30.0547
4908,14.3936,31.3369
4936,14.2090,30.3594
4964,14.4922,30.6865
4992,14.8398,31.8613
5020,14.4688,30.6484
5048,14.4629,30.4844
5076,14.3262,31.0400
5104,14.3838,30.9053
5132,39.5918,30.8896
5160,14.5527,30.1455
5188,14.6563,31.0352
5216,14.7578,31.5547
5244,14.1992,30.5137
5272,14.5527,30.7598
5300,14.7344,31.2021
5328,14.1924,29.9561
5356,14.1182,32.1973
5384,14.8447,31.8066
5412,14.7246,32.1504
5440,14.0967,30.3975
5468,14.3281,31.5205
5496,14.1719,31.1963
5524,14.6074,31.0908
5552,13.6094,29.7275
5580,14.3848,32.2529
5608,14.6602,32.0576
5640,14.4414,31.4658
5672,14.2227,31.2480
5704,13.8096,29.8613
5736,14.5234,31.4023
5768,14.5303,31.8213
5800,14.2656,31.1143
5832,14.6436,30.0791
5864,13.8916,30.6758
5896,14.4180,30.5020
5928,14.8193,31.8291
5960,14.2393,30.8291
5992,14.2002,30.9639
6024,14.2695,31.5225
6056,14.9492,33.1064
6088,14.3359,31.2969
6120,14.4717,31.8662
6152,14.3877,31.2393
6184,14.5645,32.1982
6216,14.8301,32.8164
6248,14.8604,32.4785
6280,14.6104,32.1533
6312,14.6162,32.5381
6344,14.6689,33.3125
6376,15.3477,33.4609
6408,14.2988,32.2744
6444,14.3330,31.6260
6480,14.3096,31.8916
6516,14.3896,31.7236
6552,14.3721,32.0273
6588,14.5947,32.3477
6624,14.5000,32.8184
6660,14.5234,31.9756
6696,14.2920,32.2754
6732,14.6699,33.1172
6768,14.2959,31.7168
6804,14.5029,32.0752
6840,14.5244,33.4063
6876,14.4463,32.1035
6912,14.5400,32.2119
6948,14.2100,31.8525
6984,14.9014,33.7012
7020,14.2686,31.8086
7056,14.4199,32.5723
7092,14.4063,32.0234
7128,14.2744,31.1045
7164,14.3027,31.9004
7200,14.3516,32.5293
7236,14.1387,32.2588
7276,14.4775,32.5313
7316,14.4082,31.8428
7356,14.5068,31.6787
7396,14.3730,33.3311
7436,14.4648,32.4395
7476,14.3486,32.9199
7516,14.5547,33.6338
7556,14.6201,33.2227
7596,14.4219,33.7295
7636,14.2080,34.6230
7676,15.0322,33.7705
7716,14.9287,33.5879
7756,14.2998,32.2412
7796,14.2686,32.8613
7836,14.6055,33.0361
7876,14.4063,33.1133
7916,14.6025,33.2832
7956,14.5566,33.6533
7996,14.5654,33.6514
8036,14.1357,32.8408
8080,14.1504,32.2354
8124,14.2197,33.2510
8168,13.9531,31.9063
8212,18.7568,32.4375
8256,19.8105,33.6152
8300,19.4668,33.7109
8344,19.7344,33.9482
8388,19.8008,33.2393
8432,19.6592,33.7295
8476,19.5635,33.8232
8520,19.4863,32.6357
8564,19.4570,33.7100
8608,18.7783,32.3467
8652,18.4697,33.2002
8696,17.1104,33.7061
8740,17.2441,33.5957
8784,16.6895,32.1230
8828,17.0039,33.1758
8876,16.7881,32.3701
8924,16.6729,32.9365
8972,16.7734,33.1367
9020,16.6006,32.7549
9068,16.5908,33.1885
9116,16.2256,32.4873
9164,16.5400,40.7139
9212,16.6006,32.8535
9260,17.1660,34.1475
9308,16.3291,33.0400
9356,16.7139,33.4160
9404,16.4551,33.4141
9452,16.4404,32.5713
9500,16.9043,34.0947
9548,16.9170,34.1572
9596,17.1992,33.8457
9644,16.5703,32.9775
9696,16.5781,33.4746
9748,16.6436,33.6191
9800,16.3291,32.3711
9852,16.3320,32.9141
9904,16.9482,33.4248
9956,16.4141,32.7021
10008,16.8477,33.6660
10060,17.0762,33.9111
10112,16.2930,32.9453
10164,16.5127,32.7246
10216,16.7500,34.4668
10268,16.7305,32.9854
10320,16.7598,33.1875
10372,16.8105,33.0957
10424,16.6143,33.6260
10480,16.5049,33.2109
10536,16.9395,33.4971
10592,16.8018,33.1914
10648,16.3535,32.4170
10704,17.2178,34.7607
10760,16.3506,32.2861
10816,16.7246,33.6572
10872,16.5332,32.6279
10928,16.9473,33.1738
10984,16.6445,32.9092
11040,16.1670,33.2295
11096,16.6025,33.2031
11152,15.9854,31.9375
11208,16.8203,33.6523
11268,16.4629,33.9277
11328,16.7900,34.3867
11388,16.5195,33.4639
11448,17.2109,34.5947
11508,16.8887,33.8242
11568,17.2119,34.2246
11628,16.4697,32.5742
11688,16.7988,33.4287
11748,16.1113,32.9492
11808,17.1094,33.3037
11868,16.7324,34.5654
11928,16.7627,33.7441
11988,16.9141,34.3955
12048,17.0215,34.1455
12112,16.8555,32.7285
12176,16.5781,34.3301
12240,16.8594,34.4697
12304,16.8438,33.8125
12368,16.4629,32.8096
12432,16.6260,34.3643
12496,17.0508,34.8154
12560,17.1152,34.5039
12624,16.4951,33.6436
12688,16.8301,33.8779
12752,16.4707,34.0479
12816,16.7197,34.4570
12884,17.3428,34.5840
12952,17.2197,39.3428
13020,16.9229,33.9375
13088,16.7988,34.2783
13156,17.2988,34.8643
13224,16.9375,34.7656
13292,17.5850,35.1895
13360,17.0020,34.1943
13428,17.6816,36.4277
13496,17.0176,34.4707
13564,17.4971,34.3447
13632,16.8037,33.1611
13704,17.1289,34.3506
13776,16.8779,34.0303
13848,16.8047,34.9678
13920,16.5586,33.7744
13992,16.7646,34.1445
14064,16.3955,33.5635
14136,16.8301,34.9980
14208,16.7520,34.8418
14280,16.8145,34.6426
14352,16.9082,34.7852
14424,16.8779,35.1426
14500,16.9844,34.6689
14576,16.8125,34.3887
14652,17.0322,36.1289
14728,16.6660,34.6406
14804,16.6201,34.8486
14880,16.7979,33.4951
14956,16.6240,34.8467
15032,16.7910,34.3135
15108,17.5254,35.7734
15184,16.8955,35.0469
15260,16.8271,34.4922
15340,16.9072,35.2051
15420,16.2422,34.3184
15500,16.6855,35.2217
15580,16.7529,34.8301
15660,16.8740,34.8398
15740,16.9102,34.4854
15820,17.0498,35.1094
15900,16.8398,35.2959
15980,16.7510,34.5195
16060,16.9092,35.3193
16144,16.7041,35.3926
16228,16.6094,34.7783
16312,16.7275,34.8340
16396,23.1787,40.8184
16480,23.4678,37.2363
16564,23.4219,35.9141
16648,23.0391,57.5869
16732,23.2178,36.7256
16816,23.3301,36.8154
16904,23.6602,36.5459
16992,23.9512,37.2666
17080,23.1191,35.2383
17168,22.9414,35.6807
17256,22.5859,35.4697
17344,23.3838,35.7549
17432,23.6084,37.3848
17520,19.3682,35.8486
17608,23.8145,35.7842
17700,19.9805,36.6318
17792,19.5625,35.5498
17884,19.5459,35.5830
17976,19.0518,35.8730
18068,18.8809,34.8135
18160,19.4482,36.0488
18252,19.2471,35.2598
18344,19.4668,36.0977
18436,18.9863,35.3740
18532,19.1943,36.0342
18628,19.3730,36.1670
18724,19.1709,35.3496
18820,19.2432,36.7529
18916,18.8242,36.0957
19012,19.1211,35.3047
19108,18.8115,34.7295
19204,18.9990,36.6572
19304,19.2178,35.9482
19404,18.9785,35.4766
19504,19.1611,36.3906
19604,19.2422,35.5752
19704,18.6201,34.9199
19804,18.8711,35.3506
19904,19.0615,35.0029
20004,19.1904,35.6572
20108,18.9121,36.2588
20212,19.6465,36.4287
20316,18.8652,35.2969
20420,19.3506,36.8809
20524,19.0898,35.7949
20628,19.4209,36.4082
20732,19.1934,36.0166
20836,19.3115,35.5723
20944,19.0059,35.6641
21052,19.0195,35.5078
21160,18.8398,35.4453
21268,68.6719,40.2090
21376,19.0859,38.2568
21484,19.7266,40.1572
21592,19.2266,37.9365
21700,20.0732,38.8066
21812,19.5977,37.9043
21924,19.0449,37.5459
22036,19.3652,38.4639
22148,19.5615,37.5947
22260,19.5313,37.1797
22372,19.0313,35.6836
22484,19.3652,36.1963
22600,19.2813,43.3340
22716,18.7500,35.9805
22832,19.5283,36.6484
22948,18.9912,35.9541
23064,19.4297,36.2734
23180,19.1953,35.9697
23296,18.7041,34.8086
23416,18.6885,35.6924
23536,18.9902,41.0322
23656,19.2764,37.1738
23776,19.5195,36.9307
23896,18.8955,35.6045
24016,19.1172,36.1426
24140,19.2920,36.7852
24264,19.5469,37.0889
24388,18.8506,35.5039
24512,19.3691,36.6670
24636,19.8096,37.6846
24760,18.8818,36.0322
24884,19.0674,37.6357
25012,18.7148,35.4746
25140,19.4658,37.2471
25268,19.2275,36.0352
25396,19.3994,37.0088
25524,20.2598,36.5000
25652,19.2295,35.7861
25784,19.2051,43.7256
25916,19.6553,36.5547
26048,19.2354,36.0283
26180,19.5898,36.0547
26312,18.8906,35.4717
26444,18.6650,35.6631
26580,18.9150,35.8311
26716,19.7822,37.6650
26852,19.1055,37.0020
26988,19.5732,37.4248
27124,19.1074,36.1035
27260,19.6299,37.0723
27400,18.8701,35.1592
27540,18.5527,35.6924
27680,25.3281,35.7324
27820,19.0693,36.5459
27960,19.1572,36.3340
28100,19.1719,37.4883
28244,20.0273,37.1846
28388,19.3135,38.4990
28532,19.4170,37.3271
28676,19.3730,36.9561
28820,19.0352,35.9736
28968,19.2529,36.2080
29116,18.2959,35.0469
29264,18.3467,35.7500
29412,19.5840,37.3047
29560,18.9834,50.0029
29708,19.0742,36.5029
29860,19.0313,36.5508
30012,19.4141,37.0371
30164,19.4365,38.0098
30316,18.7627,37.2910
30468,18.8164,36.6748
30624,18.8740,83.9668
30780,19.4023,36.9424
30936,19.1914,38.2598
31092,19.2852,37.5596
31248,20.0439,46.3096
31408,19.3682,36.5791
31568,24.5674,37.3506
31728,19.2549,36.3027
31888,18.8779,36.5615
32048,19.3428,50.6230
32212,19.0039,35.4678
32376,18.7412,37.0293
32540,18.9717,36.0898
32704,18.9814,38.0039
32868,28.5322,37.7607
33036,28.2314,38.7695
33204,27.0947,38.1484
33372,26.6211,38.6836
33540,27.4609,44.3301
33708,27.5186,39.4551
33880,27.1738,38.0049
34052,27.0840,38.6025
34224,27.0244,37.9502
34396,27.4189,39.7432
34568,26.6357,38.1260
34744,27.5430,39.1221
34920,27.3066,39.1650
35096,23.1406,38.8613
35272,22.0244,37.4609
35452,21.8965,38.0176
35632,21.4893,42.9707
35812,21.1719,36.9980
35992,21.8369,37.4502
36172,22.0840,38.9111
36356,21.8389,83.1045
36540,21.9570,38.2148
36724,30.3740,38.0049
36908,21.6768,37.7656
37096,21.8516,38.1631
37284,21.5010,37.6768
37472,21.3633,38.1602
37660,21.2295,37.5400
37852,21.6162,43.9102
38044,20.6396,37.0361
38236,21.3828,37.4365
38428,21.2959,37.2207
38624,22.1563,38.6074
38820,21.7070,36.8838
39016,21.6777,37.7803
39212,21.7480,37.4170
39412,20.9707,37.5449
39612,22.4580,39.0225
39812,21.3193,36.6904
40012,21.8574,38.5771
40216,21.8594,38.3623
40420,21.1816,42.8057
40624,22.0117,37.8740
40828,21.3330,37.7588
41036,21.8379,37.8535
41244,21.4746,37.6895
41452,21.5674,38.2725
41660,21.7744,38.1807
41872,21.6377,38.0742
42084,22.0176,39.1836
42296,21.6680,39.1025
42508,20.7764,37.1016
42724,22.0811,38.3438
42940,21.7441,38.8711
43156,38.7920,80.3008
43372,22.0117,38.8652
43592,22.0459,38.5146
43812,21.0596,37.5313
44032,21.4854,38.5791
44256,21.4814,38.1748
44480,21.2988,38.4551
44704,21.5205,39.4609
44928,21.4668,38.6943
45156,21.5928,39.7314
45384,22.6543,38.4385
45612,21.1064,37.5342
45844,21.6855,37.5703
46076,21.2129,37.3057
46308,21.6270,38.6924
46540,22.4434,39.1611
46776,22.1602,39.5273
47012,21.9980,39.0283
47248,21.2236,37.3145
47488,21.7275,38.4678
47728,21.1162,37.4609
47968,21.5723,38.4404
48208,21.3008,37.3633
48452,21.9014,38.6631
48696,21.4492,43.2246
48940,20.9219,37.0859
49188,21.8291,39.0928
49436,22.2373,39.9248
49684,22.2598,38.6279
49936,21.7588,39.4688
50188,21.6729,39.8945
50440,21.2422,38.4873
50696,21.5352,39.8105
50952,21.6631,39.0225
51208,21.2285,39.3613
51468,63.5049,39.4629
51728,21.9346,47.2461
51988,21.8232,40.5664
52248,21.8369,39.7871
52512,21.6406,39.1982
52776,21.7344,39.5586
53040,21.6602,45.0254
53308,21.5635,39.6475
53576,21.3232,40.0566
53844,21.5264,39.2031
54116,21.2217,39.7881
54388,21.2354,40.0254
54660,21.2920,39.9648
54936,21.3525,46.9404
55212,22.4678,39.3330
55492,21.8438,39.5557
55772,21.5342,39.7725
56052,21.6660,39.6875
56336,21.7959,39.3291
56620,21.1748,38.7549
56904,21.6797,39.8369
57192,21.6787,39.9111
57480,21.3828,39.4551
57768,21.8340,39.8271
58060,21.8926,40.2920
58352,21.9043,39.6035
58644,301.3926,185.2051
58940,21.8184,40.7734
59236,21.9941,40.2773
59536,22.3945,41.1982
59836,78.2344,42.2852
60136,23.1455,60.6797
60440,21.6641,39.8564
60744,20.8643,39.1055
61048,21.6279,40.5381
61356,21.9004,39.6025
61664,22.5254,41.4277
61976,24.6709,41.5342
62288,21.7852,40.3867
62600,21.4600,39.8447
62916,21.5830,39.7832
63232,21.4385,40.1924
63552,21.9307,41.0146
63872,21.0801,39.1729
64192,20.7295,38.9072
64516,21.2744,40.3018
64840,21.3428,40.5898
65168,21.6113,41.4033
65496,21.4229,40.0752
65824,29.1113,41.4092
66156,28.2285,41.5830
66488,27.9180,40.5313
66824,27.9551,42.0479
67160,27.3818,42.0596
67496,25.3506,40.6016
67836,25.0605,40.5889
68176,26.2979,42.3047
68520,26.1777,42.1133
68864,26.3135,43.0186
69212,25.4219,40.1494
69560,25.5586,40.7813
69908,26.2461,43.0127
70260,25.8926,42.3262
70612,25.6670,41.5088
70968,25.8281,42.4971
71324,25.2871,40.6357
71684,25.8301,41.6104
72044,25.8916,42.0654
72408,26.3193,41.7783
72772,26.1748,41.8936
73136,25.8047,43.1338
73504,25.6797,41.6592
73872,25.7158,42.5361
74244,25.0430,41.3135
74616,31.5732,41.1934
74992,25.3242,41.5156
75368,25.9824,41.2842
75748,25.7432,41.9678
76128,25.0791,41.7559
76512,25.7666,41.0264
76896,25.6523,41.8398
77284,25.4492,42.3936
77672,25.6045,41.8477
78064,25.3066,40.8252
78456,25.2266,41.3789
78852,25.1387,41.9209
79248,25.3115,41.6611
79648,25.8057,43.0605
80048,26.3076,42.8418
80452,25.4404,42.2031
80856,25.5254,43.0469
81264,27.2197,42.0850
81672,26.5479,41.9658
82084,25.7510,41.6787
82496,26.5244,42.1328
82912,26.4150,42.6143
83328,25.9678,41.9355
83748,26.4424,42.2656
84168,26.4785,42.7539
84592,26.5752,43.5742
85016,25.6309,41.9326
85444,26.1748,41.9961
85872,26.0889,41.8066
86304,26.0469,42.8213
86736,26.3887,42.9600
87172,25.5527,42.5107
87608,25.6377,41.7080
88048,26.5117,43.0664
88492,26.0859,41.8154
88936,25.9932,42.0742
89384,26.5313,42.2246
89832,26.6504,43.4619
90284,26.2490,42.9287
90736,25.8418,41.7842
91192,25.8145,41.8936
91648,26.2852,43.1309
92108,26.3389,43.7393
92572,27.1934,44.9141
93036,25.6016,41.8770
93504,26.0049,42.7822
93972,26.1543,44.1523
94444,25.0439,41.8516
94920,25.1436,42.8564
95396,25.8652,41.8936
95876,25.7285,42.0176
96356,26.3662,43.6123
96840,25.4580,42.7930
97328,25.8584,43.7275
97816,25.7881,43.3896
98308,25.7021,42.5391
98800,25.6992,340.3672
99296,27.7119,49.1621
99796,27.0098,44.1338
100296,27.2959,44.0117
100800,26.6279,43.4492
101304,27.4639,44.0908
101812,26.2236,44.3047
102324,26.7119,42.9375
102836,27.1436,44.7295
103352,27.0830,44.7422
103872,26.2988,42.2617
104392,25.5840,41.4111
104916,27.7373,44.5254
105444,26.3359,43.1426
105972,26.1396,42.9131
106504,25.6768,42.7803
107040,26.8467,42.8027
107576,26.0225,42.9385
108116,25.2471,43.1270
108660,26.7734,44.0752
109204,26.0459,43.0811
109752,26.1943,43.0938
110304,26.5693,44.0020
110856,26.3379,43.5664
111412,26.8223,44.9463
111972,26.3574,44.6650
112532,27.1074,44.3105
113096,25.8037,43.5264
113664,26.7090,44.3291
114236,27.0488,44.9053
114808,26.6328,45.7373
115384,25.7471,44.5918
115964,25.8125,43.2705
116544,27.4570,46.0576
117128,26.1191,43.9912
117716,25.1182,42.5996
118308,24.5996,41.4043
118900,25.7510,43.5977
119496,26.6855,45.5771
120096,26.2754,45.1396
120700,26.1992,44.7402
121304,26.0557,44.2705
121912,25.7881,43.8545
122524,27.1201,45.9863
123140,25.5732,43.8770
123756,25.3066,43.1172
124376,26.6396,44.8779
125000,26.8379,43.5547
125628,27.4072,45.1182
126260,26.4004,45.0322
126892,27.0762,45.1152
127528,26.7695,43.8047
128168,27.0488,43.7334
128812,26.7646,44.2715
129460,26.5586,43.9854
130108,26.2217,43.6738
130760,26.9746,44.6855
131416,32.6582,44.1855
132076,32.9248,81.4814
132740,30.8750,45.3496
133404,29.5195,61.3916
134072,33.7441,46.2412
134744,31.7441,44.4912
135420,32.3936,44.1406
136100,32.7119,44.8613
136784,32.0420,44.2734
137468,32.5996,46.7617
138156,30.2109,45.8564
138848,31.0234,45.8721
139544,30.1836,45.5332
140244,29.6104,44.2119
140948,29.4434,43.1240
141656,29.7891,44.8037
142368,29.8750,45.9648
143080,29.7783,46.0703
143796,31.0225,46.0078
144516,30.1641,46.1680
145240,29.6113,45.2373
145968,30.2119,46.6807
146700,29.2715,43.8418
147436,28.9219,44.2148
148176,29.8955,51.8115
148920,28.4551,44.4648
149668,29.7061,44.9482
150420,28.5596,44.4219
151176,29.4482,46.0342
151932,28.6055,44.8105
152692,28.4980,45.5439
153456,29.0762,44.9248
154224,29.0225,45.8291
154996,29.0635,45.7236
155772,92.3154,55.2676
156552,37.3281,50.1289
157336,29.4854,44.9297
158124,29.3936,45.7959
158916,28.6865,43.8184
159712,42.0420,45.5742
160512,28.5781,43.9531
161316,30.3477,45.7305
162124,28.6777,43.9219
162936,29.7021,45.0049
163752,29.5215,45.5703
164572,30.4648,44.5078
165396,28.6230,52.0889
166224,31.1201,48.6152
167056,28.7266,56.4395
167892,30.5957,47.0635
168732,30.4375,47.4736
169576,30.4268,47.6357
170424,29.2324,45.6006
171280,36.8320,46.9990
172140,29.3701,46.7646
173004,29.2266,45.8145
173872,29.8125,46.5596
174744,32.0371,50.4355
175620,29.4971,46.6006
176500,29.4463,46.8477
177384,28.8359,45.5732
178272,29.6201,46.4912
179164,28.4863,45.5635
180060,35.2588,48.3750
180964,30.5244,47.1943
181872,29.7354,46.9922
182784,28.2676,43.8789
183700,28.3789,46.0381
184620,27.5156,44.2373
185544,28.1865,44.8926
186472,28.8613,46.6787
187408,28.5537,91.8223
188348,29.5586,53.1133
189292,29.1572,48.2949
190240,29.8525,46.0850
191192,30.6475,47.9160
192148,28.7549,45.5723
193112,30.1680,46.3135
194080,28.7148,45.5459
195052,28.6416,46.5752
196028,30.3027,47.2285
197012,29.7803,45.9678
198000,36.0137,45.8604
198992,29.3311,46.0283
199988,29.4990,46.5146
200988,29.7285,46.1992
201996,29.6006,48.6299
203008,29.7080,47.8809
204024,29.5303,46.6211
205048,29.6865,47.9102
206076,29.7842,47.5166
207108,29.2637,46.8701
208144,28.5723,46.2246
209188,29.2520,46.0420
210236,28.9805,45.7656
211288,29.2920,46.4746
212348,28.5078,44.9219
213412,28.5840,46.0146
214480,28.8457,46.1416
215556,28.0381,45.7637
216636,33.4893,51.4727
217720,28.4775,44.7559
218812,28.9189,46.2617
219908,29.9932,47.4365
221008,39.1582,47.9531
222116,29.0850,47.0508
223228,27.9570,44.7617
224348,29.2607,47.8818
225472,28.7656,46.5195
226600,29.7559,48.1768
227736,34.7969,48.0703
228876,29.6426,47.9238
230024,29.0186,46.9131
231176,28.7305,46.2705
232332,29.1533,47.8311
233496,29.4678,46.9541
234664,28.0645,45.9570
235840,28.9834,46.6533
237020,29.8750,48.4033
238208,28.8555,52.2100
239400,28.6582,47.1953
240600,28.5117,47.5361
241804,30.3848,48.1660
243016,31.3398,89.2285
244232,29.2764,46.5898
245456,30.1035,56.3984
246684,32.1543,48.0449
247920,30.3623,47.8740
249160,29.7998,55.5391
250408,30.1670,47.9424
251664,30.3945,47.4658
252924,29.6660,45.9932
254192,29.0371,45.7422
255464,29.5605,47.2764
256744,29.5947,46.6045
258028,30.0918,48.1934
259320,29.7373,46.7598
260620,28.8652,46.5029
261924,29.8262,48.1992
263236,34.2793,48.3594
264556,32.2188,51.2842
265880,32.1924,48.5703
267212,33.2354,59.0713
268552,33.4912,51.0576
269896,32.9902,48.4121
271248,32.7910,48.8154
272608,33.5781,48.8887
273972,31.5654,47.0156
275344,32.5654,47.6113
276724,31.2100,46.4482
278108,31.8887,46.5830
279500,31.7764,68.0967
280900,39.8535,47.7041
282308,32.5918,47.5371
283720,31.0000,46.0352
285140,31.5654,46.0410
286568,31.4854,46.8438
288004,31.2939,57.0234
289448,31.2295,46.9961
290896,31.8428,47.8447
292352,31.9961,47.8916
293816,31.7568,47.9951
295288,32.1377,47.9863
296768,31.9014,47.6279
298252,31.8818,48.1484
299744,32.0225,49.0107
301244,33.8193,56.0342
302752,31.7559,48.2549
304268,31.8662,47.8711
305792,32.2188,50.1934
307324,32.1729,49.2373
308864,30.7598,46.2764
310412,31.6914,48.3848
311968,86.5146,49.8086
313528,33.0010,55.5059
315096,33.8018,49.8896
316672,32.1133,48.6133
318256,31.8105,48.3320
319848,30.6807,46.6934
321448,32.3896,48.8418
323056,31.7666,48.9121
324672,32.3252,49.7549
326296,30.7305,47.1631
327928,37.4033,48.9248
329568,32.3037,49.0928
331216,32.5801,49.3809
332876,30.5947,47.3887
334544,31.6650,48.5107
336220,31.3350,47.4014
337904,30.5664,47.3438
339596,31.6914,48.5557
341296,32.2070,49.4219
343004,31.1260,53.2256
344720,32.4434,50.7813
346444,32.3271,49.5820
348180,32.8613,48.1250
349924,32.9443,49.7012
351676,76.8848,50.4297
353436,32.2754,47.9902
355204,31.9482,46.6572
356984,30.7695,46.0352
358772,36.0391,47.7100
360568,30.6719,46.8379
362372,31.3633,58.8682
364184,36.6963,49.2939
366008,31.4932,47.9736
367840,31.2705,48.6533
369680,31.1934,47.8955
371532,31.0537,49.0986
373392,31.9932,49.0918
375260,36.2334,47.9912
377140,32.6045,49.4111
379028,31.8584,48.0059
380924,31.7158,47.1543
382832,32.1523,48.8105
384748,31.0869,46.0586
386672,32.8789,49.0244
388608,31.8672,47.6797
390552,31.8965,47.8535
392508,37.2402,48.4111
394472,33.3154,48.4365
396448,31.1035,48.6563
398432,32.4502,49.7754
400428,31.7061,49.0205
402432,31.4434,48.3350
404448,30.3867,46.9492
406472,31.8203,49.3408
408508,31.0020,93.7568
410552,31.7236,48.1836
412608,30.5527,47.1885
414672,31.7910,49.0371
416748,31.2715,48.0283
418832,32.1875,49.6025
420928,31.9482,48.5410
423036,31.9834,49.9912
425152,31.3232,49.1230
427280,32.5117,49.0977
429420,32.4131,48.0986
431568,32.7666,50.3350
433728,34.0195,51.3262
435900,32.3389,57.4141
438080,32.6875,47.8770
440272,31.6318,48.8584
442476,31.0293,48.7900
444692,33.1982,50.7578
446916,34.4277,95.0273
449152,31.4209,48.5039
451400,32.9141,50.1006
453660,31.8232,49.4922
455932,37.0742,49.3965
458212,32.2969,48.8301
460504,32.9893,50.2930
462808,31.4365,48.5986
465124,31.3887,48.9824
467452,34.2207,51.5879
469792,33.0205,50.1318
472144,31.4883,48.4736
474508,31.6807,58.1592
476884,32.9014,50.5791
479272,32.2607,49.6729
481672,31.4736,47.1416
484084,33.4482,51.4727
486508,31.8633,49.2109
488944,30.8037,47.6504
491392,32.6113,50.3398
493852,32.7881,50.1982
496324,37.3281,52.1045
498808,32.7441,50.1016
501304,30.6621,47.8281
503812,33.2988,52.4795
506332,32.6162,51.0313
508864,32.5508,50.4316
511412,32.1367,51.5693
513972,32.4648,50.4199
516544,32.6572,50.4648
519128,30.8027,48.0195
521724,32.0781,49.7617
524336,41.2842,55.7412
526960,35.4551,50.2354
529596,36.7725,51.4434
532244,35.9268,50.5986
534908,36.0059,50.6494
537584,36.5098,106.6309
540272,38.1592,54.0449
542976,38.4121,54.5166
545692,37.1670,53.2080
548424,37.8926,53.9043
551168,38.4844,54.6270
553924,37.8105,54.4355
556696,38.1641,60.9980
559480,38.0547,53.6152
562280,37.4541,53.5098
565092,37.4346,52.4736
567920,37.9365,53.5186
570760,37.4502,53.6416
573616,38.0361,54.0869
576488,38.0400,54.0732
579372,35.6719,98.7061
582272,36.7412,52.1396
585184,35.2793,51.9766
588112,35.1172,57.3643
591056,36.4082,50.8213
594012,35.4170,52.1826
596984,35.7500,51.9121
599972,35.7490,58.3174
602972,36.5498,52.3037
605988,36.0615,52.6582
609020,36.0889,53.3457
612068,37.0742,57.8877
615132,35.1797,51.9385
618208,35.8301,53.5313
621300,36.0850,52.4189
624408,42.8633,55.5498
627532,35.1689,51.2217
630672,38.6953,52.8789
633828,34.9492,50.7627
637000,36.0430,52.4863
640188,36.3623,52.1445
643392,36.1563,53.0400
646612,35.5391,58.4072
649848,35.7441,50.1064
653100,34.8320,50.8350
656368,36.1064,52.9316
659652,35.9385,51.8945
662952,36.8525,53.5615
666268,36.3086,55.0039
669600,35.9160,52.0947
672948,36.0361,58.1670
676316,36.4287,52.2432
679700,36.0322,51.9092
683100,35.0410,50.3760
686516,36.5459,52.8154
689952,37.8955,53.4668
693404,36.1699,51.8135
696872,36.0313,52.3164
700360,38.4805,54.2813
703864,35.9570,50.8740
707384,36.4170,51.8281
710924,36.6279,51.9258
714480,37.1094,53.8242
718056,35.3164,53.3008
721648,35.0723,51.2119
725260,76.5674,56.5430
728888,36.2051,53.5859
732536,33.5762,50.4063
736200,35.8936,52.4443
739884,34.1289,51.3086
743584,36.4326,56.4893
747304,35.9238,53.9775
751044,35.5947,58.3154
754800,35.2100,52.1455
758576,37.1738,54.9668
762372,36.4180,66.5596
766184,86.4365,53.3330
770016,36.5703,54.1963
773868,34.9248,51.9531
777740,36.3418,59.0752
781632,35.6738,53.4668
785544,36.0381,54.6797
789472,35.7852,52.6416
793420,36.6270,54.3643
797388,35.4883,52.2871
801376,35.6719,52.9678
805384,35.7236,52.6377
809412,45.8867,59.8389
813460,34.5273,51.4102
817528,35.4141,52.3223
821616,35.2314,58.2822
825728,35.7988,53.8096
829860,35.6025,52.8906
834012,36.3184,55.4014
838184,36.5010,66.2480
842376,41.0596,56.2451
846588,35.8545,56.7383
850824,35.0352,60.0547
855080,35.9287,54.4316
859356,34.3789,51.9902
863656,35.6279,54.4180
867976,35.5527,53.2568
872316,37.6143,56.1768
876680,36.4727,53.9355
881064,34.9990,52.8281
885472,45.0195,54.2920
889900,35.7715,56.6475
894352,38.3213,52.6563
898824,37.4404,53.5850
903320,35.6592,52.6064
907840,35.9736,53.8174
912380,36.2764,54.2246
916944,36.3643,55.3711
921532,36.0039,53.2764
926140,36.1641,54.0752
930772,35.3770,53.7217
935428,36.7969,55.1689
940108,36.2744,54.1816
944812,36.8730,55.2793
949540,76.7412,57.8652
954288,37.0840,55.3281
959060,37.2256,55.4336
963856,36.3730,54.8027
968676,37.3135,55.2393
973520,36.5811,54.7754
978388,35.2959,54.5547
983280,36.2725,53.6299
988200,37.0811,56.8906
993144,36.6953,56.0469
998112,36.0049,54.4121
1003104,34.6152,52.1045
1008120,36.1738,55.2959
1013164,36.8369,55.3262
1018232,36.5156,55.3613
1023324,35.9541,53.1367
1028444,83.8740,56.0752
1033588,36.3477,54.8613
1038756,35.9600,54.6641
1043952,36.4238,54.9551
1049172,44.0527,62.3145
1054420,41.4150,57.3174
1059696,41.4561,57.5107
1064996,40.3984,55.5928
1070324,41.5811,54.2754
1075676,39.3496,75.8789
1081056,41.4795,57.3262
1086464,40.1045,54.3691
1091900,40.8750,57.2109
1097360,39.8428,54.4521
1102848,41.0918,57.1865
1108364,41.2207,56.4873
1113908,47.6563,106.3623
1119480,39.7373,55.1377
1125080,39.4805,54.9150
1130708,40.1445,56.1670
1136364,39.7920,55.2275
1142048,39.1543,54.8750
1147760,64.2129,58.2920
1153500,40.4453,56.5205
1159268,39.7012,55.4287
1165068,41.9121,59.1777
1170896,39.4502,55.3516
1176752,40.1025,56.6768
1182636,39.6240,62.7559
1188552,40.8848,59.2363
1194496,41.2686,59.5029
1200472,40.0693,55.5615
1206476,39.8320,55.7305
1212512,39.8643,55.8184
1218576,84.0459,98.1943
1224672,40.8418,57.6367
1230796,41.9502,58.3809
1236952,39.7285,55.1035
1243140,42.5918,58.9141
1249356,39.2490,56.4834
1255604,41.1113,64.8105
1261884,40.7422,58.2686
1268196,40.7021,57.8184
1274540,41.0850,56.7773
1280916,40.5674,57.3945
1287324,40.5176,57.5791
1293764,40.5625,77.3838
1300236,39.5957,56.4658
1306740,40.4365,56.8428
1313276,42.5283,58.5820
1319844,39.7344,104.1455
1326444,40.7607,56.0205
1333080,48.4990,57.2852
1339748,40.5781,56.6846
1346448,41.5439,59.0000
1353184,39.9014,56.7471
1359952,41.6680,58.8887
1366752,39.9912,56.5693
1373588,41.6172,60.3008
1380456,39.3945,55.4531
1387360,41.2705,57.3955
1394300,40.7627,58.3027
1401272,41.0244,58.4531
1408280,42.0469,58.6025
1415324,48.6455,58.6895
1422404,41.0313,57.9463
1429520,41.0195,119.2324
1436668,44.7715,60.3623
1443852,40.7461,59.1523
1451072,40.6299,65.8574
1458328,41.6035,59.1436
1465620,39.8086,58.4814
1472952,41.1563,60.5977
1480320,40.8613,58.0410
1487724,40.3555,58.8604
1495164,43.4766,59.9775
1502640,41.2852,59.1553
1510156,41.0186,59.3965
1517708,42.6719,61.9980
1525300,42.2266,59.7568
1532928,49.6445,62.2402
1540596,45.6201,63.8779
1548300,40.0010,58.6758
1556044,41.4727,60.5859
1563828,40.6240,58.9766
1571648,41.2881,71.8877
1579508,40.5850,60.3604
1587408,40.8887,59.4395
1595348,39.8252,58.9688
1603328,55.9824,57.5703
1611348,41.2939,60.5762
1619408,41.5293,64.5869
1627508,41.5684,59.6621
1635648,41.3467,58.0273
1643828,42.5674,61.5215
1652048,41.7568,61.1406
1660312,43.1465,60.5908
1668616,48.8594,60.3027
1676960,44.2139,63.6162
1685348,42.0166,61.8281
1693776,43.1738,59.4668
1702248,43.5986,62.3613
1710760,51.0361,64.0166
1719316,41.1523,58.7217
1727916,42.0469,60.6133
1736556,41.1602,59.5176
1745240,43.1563,63.2832
1753968,42.1719,61.2793
1762740,41.4248,60.5938
1771556,42.2559,59.8604
1780416,41.4609,59.5586
1789320,42.2090,59.9541
1798268,48.6504,92.8652
1807260,41.4746,61.4043
1816300,41.6094,58.9248
1825384,40.8193,60.7852
1834512,43.1211,61.3447
1843688,43.2842,63.2764
1852908,46.1025,65.0264
1862176,43.8662,62.3164
1871488,44.8721,64.2002
1880848,43.1631,63.5664
1890256,42.4854,64.8555
1899708,42.7852,62.6357
1909208,43.7041,62.4629
1918756,41.9023,60.5146
1928352,42.8232,61.8164
1937996,50.7207,63.9053
1947688,43.7607,63.9531
1957428,42.9648,61.0371
1967216,43.6396,63.5146
1977056,42.1064,61.1484
1986944,44.1211,61.9883
1996880,43.2500,62.7500
2006868,42.3164,62.8428
2016904,42.0977,74.4756
2026992,43.4102,63.4639
2037128,42.5332,63.4316
2047316,43.1426,63.5361
2057556,43.5811,64.4346
2067844,48.8955,62.9736
2078184,41.8242,66.0645
2088576,42.0479,63.2441
2099020,48.6504,65.6201
2109516,46.5127,70.9229
2120064,45.1045,61.7686
2130668,47.6152,65.4541
2141324,46.2158,63.8896
2152032,47.1709,65.4521
2162796,55.2881,66.5742
2173612,47.8623,66.0264
2184484,49.1768,67.9932
2195408,48.3721,66.3916
2206388,48.0742,167.6865
2217420,47.6846,63.6797
2228508,48.6738,67.0186
2239652,48.1250,65.8281
2250852,52.8906,72.4551
2262108,47.9258,66.4229
2273420,47.7666,66.3496
2284788,46.6719,64.3115
2296212,48.0635,66.6982
2307696,46.8359,64.9082
2319236,46.1133,64.8945
2330836,46.9180,66.0049
2342492,45.6504,65.7041
2354208,54.2598,66.9609
2365980,46.5254,65.3799
2377812,46.5391,65.6934
2389704,48.2607,68.3340
2401656,67.9951,67.3857
2413668,46.0791,65.9922
2425740,46.9717,80.6191
2437872,44.4746,64.0420
2450064,44.6143,63.4805
2462316,45.6338,71.0576
2474628,46.2637,74.0605
2487004,46.9619,65.4512
2499440,47.1025,64.7832
2511940,48.1152,71.5996
2524500,46.4023,65.1016
2537124,46.1543,63.8389
2549812,50.0039,73.8779
2562564,44.9912,62.3799
2575380,46.7305,65.4541
2588260,46.0498,63.7256
2601204,46.7598,66.1348
2614212,46.9414,65.0664
2627284,48.5801,68.1396
2640424,47.4375,65.6777
2653628,45.9785,63.4326
2666900,49.9336,66.3301
2680236,47.4619,64.5381
2693640,46.9453,64.0918
2707112,46.0938,63.2227
2720648,52.2783,66.3555
2734252,48.0156,66.7627
2747924,46.2051,66.3340
2761664,44.4844,64.4570
2775476,46.6855,66.1035
2789356,46.3584,66.1748
2803304,45.1035,63.8809
2817324,45.4785,72.1299
2831412,46.3096,66.2949
2845572,46.4980,66.8574
2859800,47.1660,67.8916
2874100,46.9941,74.4893
2888472,45.2578,64.1807
2902916,45.7852,65.0898
2917432,45.8906,65.6904
2932020,46.6396,68.6240
2946684,46.9404,66.5430
2961420,47.3184,67.9551
2976228,48.2891,68.3896
2991112,121.8027,69.2061
3006068,46.5068,68.3115
3021100,46.3584,68.6826
3036208,46.7539,70.4775
3051392,45.4404,68.6768
3066652,46.6816,68.0039
3081988,47.5361,69.3730
3097400,62.8828,67.2080
3112888,44.1484,65.1270
3128456,44.5898,63.9980
3144100,47.0469,68.7861
3159824,50.5791,66.9121
3175624,45.3691,73.7832
3191504,46.7813,67.5205
3207464,47.1816,69.6895
3223504,46.5381,66.2676
3239624,46.9150,67.6602
3255824,47.4990,68.9248
3272104,47.4131,72.7080
3288468,47.6797,68.1006
3304912,47.7676,69.2910
3321440,48.0039,69.9531
3338048,77.4678,71.0732
3354740,46.0527,66.4277
3371516,47.7578,67.8994
3388376,46.7588,71.3477
3405320,45.2539,65.7988
3422348,46.9072,69.2178
3439460,47.8867,67.5615
3456660,47.0977,69.4199
3473944,47.0332,69.8838
3491316,49.6143,67.8398
3508776,51.0615,69.8496
3526320,48.8955,70.5488
3543952,46.0684,67.0625
3561672,47.3027,68.8887
3579484,46.6826,68.0918
3597384,53.6230,71.2178
3615372,49.5840,72.0264
3633452,47.2969,69.7754
3651620,49.7227,74.4668
3669880,50.4053,72.6523
3688232,49.6836,75.9102
3706676,46.6982,68.9492
3725212,54.2129,72.8281
3743840,48.5898,69.2129
3762560,49.5928,71.7539
3781376,49.7129,71.4375
3800284,50.0762,73.3330
3819288,49.8115,72.9707
3838388,49.6055,75.4082
3857580,49.0264,72.1348
3876868,50.2725,71.8701
3896256,51.8711,77.5459
3915740,51.7275,77.9209
3935320,58.1914,71.0811
3955000,50.0098,72.2344
3974776,48.7334,70.7617
3994652,49.9678,72.0977
4014628,51.0830,80.3174
4034704,52.7637,74.6006
4054880,51.2793,73.2363
4075156,52.0498,75.4248
4095532,49.3203,74.5645
4116012,52.4404,77.6064
4136596,49.8643,73.2451
4157280,49.7256,72.7500
4178068,49.2686,72.8984
4198960,56.2441,75.0488
4219956,83.4854,74.3594
4241056,57.9834,76.9648
4262264,56.5576,75.6426
4283576,56.4482,76.3281
4304996,56.8965,75.5068
4326524,54.8623,73.6543
4348160,57.1133,75.4971
4369904,58.2148,76.7490
4391756,56.2119,75.1885
4413716,56.7295,75.3438
4435788,57.3340,76.9512
4457968,57.6201,75.1113
4480260,57.5459,78.0498
4502664,58.1191,78.4238
4525180,56.2266,74.2295
4547808,55.9531,76.0313
4570548,56.0605,76.2656
4593404,54.9863,75.4932
4616372,55.9883,76.5400
4639456,58.7490,78.8604
4662656,55.2119,73.2285
4685972,57.7666,77.1162
4709404,55.8809,75.8252
4732952,55.3662,75.2021
4756620,58.5234,78.2383
4780404,56.4424,75.1318
4804308,55.2041,73.4678
4828332,56.4639,76.1289
4852476,56.9590,77.0713
4876740,55.4951,139.0625
4901124,57.3398,76.2549
4925632,56.4014,84.4668
4950264,55.3672,76.7871
4975016,56.3818,77.5996
4999892,54.8496,75.1406
5024892,55.4043,76.2285
5050020,55.5439,78.7520
5075272,56.0498,77.8340
5100652,54.8457,76.8926
5126156,55.9023,75.9385
5151788,56.2256,75.6143
5177548,56.7002,77.1484
5203436,56.2617,75.7393
5229456,55.3506,75.7061
5255604,55.5742,78.1426
5281884,57.4922,78.5459
5308296,57.7412,78.3945
5334840,57.3555,79.0361
5361516,56.5166,77.2705
5388324,56.0459,75.8477
5415268,63.6201,76.3574
5442348,55.4277,76.9902
5469560,54.3896,75.0664
5496908,56.2773,78.0234
5524396,55.5195,78.1670
5552020,54.6396,75.1357
5579784,55.8145,77.0068
5607684,55.3955,76.4746
5635724,53.3760,73.6855
5663904,55.5947,76.5557
5692224,56.3789,77.7275
5720688,57.3945,79.0488
5749292,53.7588,74.5322
5778040,53.2393,74.7051
5806932,53.1445,74.8359
5835968,56.0508,78.5635
5865148,56.0244,76.9268
5894476,59.1943,113.0283
5923952,55.7051,77.2393
5953572,56.4580,78.6953
5983340,57.2578,81.9639
6013260,54.6240,75.4785
6043328,54.3828,75.5781
6073548,55.0898,76.0098
6103916,55.4092,75.8662
6134436,55.3184,75.1250
6165112,55.3398,77.5391
6195940,54.9404,77.7998
6226920,55.2969,78.4453
6258056,58.2969,88.5020
6289348,56.7188,79.9512
6320796,55.9268,79.5479
6352400,52.6387,74.7129
6384164,54.7012,77.2070
6416088,55.0352,77.0781
6448172,54.9463,78.6416
6480416,55.4238,78.4902
6512820,55.4150,78.4180
6545388,54.7637,77.3867
6578116,56.4238,78.4424
6611008,57.0029,78.3428
6644064,57.4072,79.8418
6677288,55.8994,79.6543
6710676,61.2783,83.2061
6744232,57.2061,78.3154
6777956,54.7461,77.0029
6811848,55.7832,78.6553
6845908,54.4414,77.1035
6880140,55.1885,77.9746
6914544,57.4893,79.1123
6949120,54.7578,76.8613
6983868,81.3633,77.8301
7018788,56.9980,80.7705
7053884,58.4814,78.9199
7089156,56.1914,79.0547
7124604,63.8682,78.2910
7160228,54.9033,77.6045
7196032,57.1064,78.8867
7232016,55.5859,78.1543
7268180,54.4834,75.6875
7304524,55.7578,78.9492
7341048,57.0752,79.4023
7377756,54.7617,76.8818
7414648,55.4365,77.1445
7451724,56.0908,78.8867
7488984,60.1865,79.7363
7526432,56.1846,80.5771
7564068,56.4023,80.6826
7601892,55.3652,77.6279
7639904,56.2383,79.7412
7678104,55.1650,77.9922
7716496,56.1123,79.6738
7755080,56.2451,80.3125
7793856,56.6875,77.8389
7832828,55.9463,87.7256
7871996,55.5313,78.4990
7911356,56.0225,79.1973
7950916,56.2793,77.5420
7990672,59.4639,82.8721
8030628,54.7881,76.6807
8070784,58.1650,80.8467
8111140,94.9600,85.5547
8151696,52.9785,76.1572
8192456,52.0967,76.1201
8233420,54.3457,80.5107
8274588,55.3691,79.6240
8315964,53.8047,78.0264
8357544,54.3525,80.6064
8399332,61.2979,78.4277
8441332,60.3057,78.9746
8483540,61.8691,81.2871
8525960,62.8301,80.5908
8568592,61.6045,78.6621
8611436,61.4658,78.0332
8654496,63.0039,79.3350
8697772,60.6865,78.9980
8741264,64.3916,81.7031
8784972,62.8525,79.8398
8828900,61.8271,79.0420
8873048,61.4697,78.5684
8917416,63.2188,77.7324
8962004,61.0967,79.9814
9006816,61.3984,79.9756
9051852,63.5859,81.4424
9097112,61.4893,80.5957
9142600,63.2119,83.2129
9188316,61.5762,79.5762
9234260,59.6143,79.3545
9280432,59.5283,77.5332
9326836,60.6934,80.3652
9373472,58.9629,80.3008
9420340,57.1533,78.2246
9467444,59.3887,81.4990
9514784,57.5332,77.5508
9562360,59.3174,81.2715
9610172,58.9346,81.1797
9658224,59.4727,79.2256
9706516,59.1426,80.7168
9755052,58.8369,79.5674
9803828,60.0400,80.2959
9852848,64.8477,80.7051
9902116,59.3564,79.3955
9951628,60.6563,81.3848
10001388,57.8311,79.8330
10051396,58.9248,81.3379
10101656,58.8115,79.3799
10152168,59.9883,82.2510
10202932,60.1885,81.1318
10253948,59.1865,81.4736
10305220,61.0332,85.5430
10356748,59.5039,80.3887
10408532,59.3281,80.4678
10460576,59.3154,81.0146
10512880,57.7344,79.3301
10565448,61.0693,82.4482
10618276,61.7969,82.7734
10671368,59.8164,81.4746
10724728,61.4521,84.1982
10778352,60.2510,82.3877
10832244,96.8955,90.0459
10886408,61.2510,82.5439
10940844,62.2529,83.1016
10995552,59.0166,80.7334
11050532,62.6777,83.4531
11105788,59.6377,79.1367
11161320,63.0488,91.8145
11217128,62.1680,83.9795
11273216,62.3916,84.5557
11329584,59.4727,79.6357
11386232,59.4346,79.3330
11443164,61.1689,83.0918
11500380,62.1475,84.1553
11557884,58.4238,79.8760
11615676,60.6455,82.6455
11673756,60.7070,82.9727
11732128,62.0000,84.2568
11790792,61.9365,84.9785
11849748,62.4814,83.5088
11909000,61.3379,82.3945
11968548,62.6953,84.5596
12028392,62.4707,94.4268
12088536,60.2275,82.8037
12148980,106.4473,100.0146
12209728,61.1084,82.4746
12270780,61.3945,84.5693
12332136,61.1436,84.1211
12393800,67.9863,80.2646
12455772,59.5977,80.7236
12518052,59.6377,79.9990
12580644,62.0557,85.1074
12643548,60.0947,82.4219
12706768,60.2939,88.8262
12770304,60.8271,81.3545
12834156,60.2559,82.0547
12898328,60.2246,81.6084
12962820,61.8711,82.7422
13027636,61.0889,82.7217
13092776,60.5850,80.4590
13158240,111.6680,79.6670
13224032,59.6826,88.8506
13290156,62.6035,81.1514
13356608,61.8359,82.4893
13423392,61.7803,82.9775
13490512,66.8193,88.1992
13557968,61.5801,86.2129
13625760,59.3428,82.1084
13693892,61.0859,85.9268
13762364,59.8789,81.3145
13831176,60.6494,84.2354
13900332,58.4141,79.9248
13969836,60.6943,83.5400
14039688,58.2324,81.3193
14109888,59.6572,82.9912
14180440,58.5850,81.0127
14251344,58.2461,79.4922
14322604,60.7402,83.0439
14394220,62.4063,85.2803
14466192,230.8799,85.7627
14538524,63.0898,92.9834
14611220,76.8057,88.8994
14684280,61.6738,85.3008
14757704,57.1104,80.6348
14831496,59.0000,82.9463
14905656,61.1729,86.2656
14980188,62.2783,88.2490
15055092,59.8242,81.4355
15130368,60.5117,84.9102
15206020,59.9463,83.1406
15282052,62.7754,85.6631
15358464,61.9971,84.6416
15435260,62.2871,84.1787
15512440,60.7988,87.0078
15590004,60.9160,84.8369
15667956,59.1748,182.9004
15746296,60.3105,85.4355
15825028,60.2461,84.7910
15904156,60.5234,83.5410
15983680,63.5879,93.0742
16063600,60.2412,85.9863
16143920,60.5117,86.6494
16224640,61.3848,86.1533
16305764,61.7559,86.6641
16387296,61.5762,88.1475
16469236,60.3682,84.8330
16551584,63.6582,88.6309
16634344,60.5098,88.4502
16717516,60.5088,85.5459
16801104,66.4395,86.5967
16885112,66.9131,85.5352
16969540,69.0732,88.4502
17054388,69.3652,92.9424
17139660,65.7109,91.3809
17225360,66.1729,85.4668
17311488,65.6563,84.7832
17398048,73.4873,93.7119
17485040,68.2119,89.9229
17572468,67.1406,88.6602
17660332,69.7178,89.7432
17748636,67.9443,102.7578
17837380,75.3193,85.8594
17926568,70.8213,87.0508
18016204,70.4277,87.3340
18106288,70.9473,87.6094
18196820,70.0049,86.2266
18287808,128.4121,119.7109
18379248,94.0771,93.4453
18471148,67.5342,86.9355
18563504,66.4561,88.4766
18656324,68.0479,88.8301
18749608,65.7656,87.6260
18843360,67.7461,89.1963
18937580,68.6260,89.0527
19032268,69.5420,88.5674
19127432,66.1436,87.9160
19223072,67.3252,89.7031
19319188,75.6143,90.9863
19415784,73.5537,87.5693
19512864,78.1563,92.1201
19610432,72.8486,87.7148
19708488,72.1865,88.7969
19807032,70.9102,88.2686
19906068,75.7939,85.9854
20005600,67.2998,87.3223
20105628,70.8408,89.5215
20206160,72.2881,91.3125
20307192,75.0615,92.7539
20408728,72.0273,90.1963
20510772,71.0156,89.3984
20613328,73.1064,98.3594
20716396,72.6699,90.0889
20819980,196.3066,98.4092
20924080,66.3125,85.2090
21028704,73.0664,93.0205
21133848,75.6670,93.8076
21239520,80.5811,149.4473
21345720,92.1641,106.6514
21452452,97.1846,104.8428
21559716,105.2002,110.1055
21667516,155.6318,97.4844
21775856,78.8770,93.5527
21884736,76.2432,92.2705
21994160,85.8994,101.0693
22104132,79.1836,96.2402
22214656,84.5938,97.4932
22325732,76.5957,95.0625
22437364,76.7764,94.5615
22549552,81.9668,98.7236
22662300,78.8213,97.8291
22775612,80.9229,98.1943
22889492,75.4805,96.5938
23003940,76.2568,152.7842
23118960,90.3672,97.0254
23234556,80.8721,100.5039
23350732,80.9258,96.3184
23467488,95.4922,97.6230
23584828,100.8750,94.6982
23702756,80.7256,98.6240
23821272,81.7354,97.4287
23940380,80.6973,100.7617
24060084,79.6348,98.6387
24180388,91.1875,100.0742
24301292,92.4434,100.5039
24422800,84.3291,101.3926
24544916,100.7207,101.0313
24667644,88.1270,98.2354
24790984,88.3955,97.5137
24914940,89.7041,102.7734
25039516,83.5537,129.0293
25164716,91.1299,106.6514
25290540,90.3340,106.5488
25416996,88.9014,103.4287
25544084,85.2783,102.4893
25671808,89.1943,103.1289
25800168,83.4951,107.4102
25929172,85.4531,101.2715
26058820,86.7383,107.8467
26189116,93.2529,109.7568
26320064,90.6113,108.9082
26451668,89.8887,109.8135
26583928,92.0293,105.6934
26716848,87.1914,119.6816
26850436,95.0449,108.0332
26984692,93.3535,110.4180
27119616,92.8896,109.5479
27255216,92.1836,105.3311
27391496,190.4053,133.6797
27528456,104.2158,115.9121
27666100,100.6318,172.1934
27804432,105.8154,120.1191
27943456,107.6738,121.9521
28083176,132.5625,142.3711
28223592,129.2646,117.8467
28364712,108.8623,122.2080
28506536,109.6973,127.3125
28649072,104.5840,123.4092
28792320,107.4063,126.5771
28936284,103.4521,118.1904
29080968,108.6797,138.5605
29226376,110.4697,139.6338
29372508,104.8701,131.7305
29519372,107.2715,118.6934
29666972,107.1504,129.2666
29815308,117.8633,124.1348
29964388,113.4961,123.7441
30114212,115.3105,128.7695
30264784,129.7520,164.0547
30416108,126.2158,133.8672
30568192,120.1924,135.3662
30721036,117.8096,155.3760
30874644,120.4033,131.7686
31029020,115.2139,129.8555
31184168,118.8350,136.4941
31340092,119.0586,130.7168
31496796,116.5703,132.9150
31654280,115.8281,129.8340
31812552,127.9814,138.4795
31971616,118.5918,131.0674
32131476,122.1641,145.7051
32292136,119.6846,135.6670
32453600,122.4932,138.3857
32615868,122.7090,141.7979
32778948,115.5986,135.0537
32942844,119.2461,158.0371
33107560,122.0977,196.4736
33273100,142.1709,150.1484
33439468,122.0791,151.5156
33606668,187.0830,144.3750
33774704,135.9541,142.6777
33943580,129.2568,136.8418
34113300,137.5957,160.5078
34283868,140.3721,147.3496
34455288,203.8320,141.8096
34627568,135.1572,138.8838
34800708,138.1279,146.4111
34974712,137.6465,162.7207
35149588,137.3682,150.3027
35325336,141.2715,160.7793
35501964,151.1338,161.3945
35679476,144.0898,148.0127
35857876,150.2891,145.4434
36037168,143.7354,146.1357
36217356,144.3184,147.1338
36398444,142.1289,145.1729
36580440,140.5146,148.3857
36763344,142.9424,158.1191
36947164,142.9893,142.9863
37131900,148.8613,156.8330
37317560,141.6084,147.3945
37504148,142.4590,147.8271
37691672,141.1729,149.1953
37880132,147.4629,235.2578
38069536,146.6846,152.9121
38259884,145.8945,159.7344
38451184,142.9453,152.6143
38643440,158.6084,153.6885
38836660,143.7471,147.2920
39030844,143.8242,151.5742
39226000,147.2070,149.2959
39422132,148.3457,169.0098
39619244,153.1484,159.0137
39817344,149.5889,150.9492
40016432,155.7988,161.1982
40216516,152.5615,158.9326
40417600,152.6289,169.7051
40619688,167.3750,162.9668
40822788,155.6074,159.6367
41026904,180.0615,168.6338
41232040,163.7959,159.9102
41438204,415.8027,175.0889
41645396,177.6123,160.7051
41853624,152.8672,160.5947
42062896,201.3174,155.9316
42273212,151.7617,162.4502
42484580,145.6797,152.0156
42697004,139.6602,147.1758
42910492,146.0322,154.2090
43125048,152.2021,170.0146
43340676,148.5049,156.7637
43557380,165.1592,162.0693
43775168,162.8789,157.6006
43994044,145.6533,160.7725
44214016,160.8203,165.0547
44435088,157.8672,156.9502
44657264,170.4775,155.1299
44880552,154.2881,168.4014
45104956,161.7344,159.9521
45330484,151.7109,166.8994
45557140,155.6484,166.9473
45784928,152.5244,158.8486
46013856,162.8906,167.2979
46243928,158.9707,168.5479
46475148,162.3857,241.4570
46707524,189.1992,154.9834
46941064,171.2949,200.2383
47175772,171.2656,160.5508
47411652,162.2607,171.5205
47648712,176.6201,183.9541
47886956,169.5117,166.7744
48126392,177.2256,171.9727
48367024,172.7813,178.2549
48608860,157.2197,169.0078
48851908,161.2012,170.1475
49096168,157.6729,168.5264
49341652,188.8535,170.5049
49588364,159.6738,169.5469
49836308,166.7861,178.0898
50085492,172.7783,176.2383
50335920,174.8965,174.9707
50587600,164.2881,171.8828
50840540,159.7354,174.1807
51094744,177.8789,177.9854
51350220,172.6973,185.0654
51606972,164.0234,176.6055
51865008,175.9775,170.9756
52124336,172.2158,167.9648
52384960,180.5928,184.6875
52646888,178.6699,183.8770
52910124,183.5889,177.8750
53174676,168.2373,173.7764
53440552,175.8564,188.4717
53707756,178.1973,176.0674
53976296,176.8965,190.2080
54246180,183.9355,197.8848
54517412,173.9785,184.2178
54790000,193.4502,198.5459
55063952,202.7344,212.7510
55339272,183.6260,178.1367
55615972,174.0215,172.2217
55894052,182.3018,173.3291
56173524,183.7129,186.9619
56454392,189.1953,189.2871
56736664,193.3877,197.7119
57020348,181.4453,178.7119
57305452,182.0342,178.6201
57591980,179.1133,185.0439
57879940,186.2012,178.0566
58169340,180.4531,187.5439
58460188,175.9063,227.6406
58752492,174.6455,185.8994
59046256,180.7871,189.3379
59341488,193.3701,186.4238
59638196,182.4434,189.7520
59936388,177.7637,191.7793
60236072,188.1602,188.1709
60537256,197.5576,198.8516
60839944,194.1211,202.3213
61144144,187.8164,181.8438
61449868,186.3906,203.9316
61757120,193.3184,283.0684
62065908,185.3955,190.7725
62376240,182.9785,198.7324
62688124,200.5879,190.8447
63001568,225.4209,186.3975
63316576,195.6709,197.0146
63633160,188.5234,194.6445
63951328,204.7070,213.4678
64271088,192.8545,191.0381
64592444,190.1621,207.0410
64915408,191.2646,209.3701
65239988,198.6055,195.2363
65566188,195.2109,234.0791
65894020,186.7510,239.3389
66223492,198.4834,199.2676
66554612,234.1182,217.6426
66887388,189.3242,212.8604
