4,1.0352,1.2832
8,1.7539,5.7031
12,2.2402,6.3428
16,2.2432,8.6055
20,2.8252,9.4453
24,2.7617,10.2500
28,2.7803,10.7813
32,2.7686,11.6182
36,3.2207,11.2988
40,3.2236,11.4492
44,3.2119,11.9072
48,3.2041,12.5625
52,3.2080,12.8154
56,3.2090,13.4619
60,3.2051,13.2168
64,3.2109,14.4746
68,3.6934,15.1943
72,3.6943,14.9180
76,3.6885,14.5938
80,3.6895,13.6553
84,3.7158,11.2900
88,3.6836,11.3584
92,3.6914,11.0605
96,3.7012,10.8027
100,3.6953,11.2197
104,3.7119,11.0527
108,3.7041,10.8203
112,3.7383,11.6094
116,3.6973,11.5811
120,3.6973,11.9834
124,3.6885,12.1143
128,3.6943,14.4316
132,4.2266,13.6924
136,4.2246,13.6377
140,4.2031,22.0293
144,4.2422,13.5664
148,4.2266,13.6172
152,4.2139,13.3389
156,4.2178,13.8281
160,4.2490,13.8682
164,4.2129,13.7324
168,4.2178,13.3896
172,4.2070,13.4170
176,4.2148,14.2471
180,4.2168,14.3496
184,4.2197,13.8525
188,4.2207,13.9590
192,4.5713,13.5908
196,4.2197,13.0947
200,4.2139,13.0303
204,4.2129,12.8350
208,4.2334,12.9268
212,4.2158,13.7852
216,4.2207,13.5293
220,4.2227,13.5830
224,4.2217,13.5752
228,4.2295,13.5117
232,4.2207,13.5439
236,4.2197,13.8525
240,4.2275,13.5957
244,4.2080,14.4355
248,4.2129,14.0186
252,4.2246,13.3037
256,4.2139,16.3428
260,4.8125,16.0605
264,4.8184,16.4629
268,4.7988,16.2686
272,4.7959,15.8984
276,4.8252,16.7744
280,4.8301,15.8955
284,4.8154,16.4043
288,4.8223,15.6592
292,4.8184,15.5342
296,4.8105,16.0752
300,4.8174,15.3301
304,4.8008,15.8965
308,4.8057,16.1113
312,4.8105,16.1729
316,4.8047,16.4648
320,4.8223,15.5068
324,4.8203,15.8506
328,4.8291,16.3525
332,4.8203,15.5273
336,4.8174,15.5059
340,4.8115,15.9463
344,4.8027,16.3945
348,4.8096,15.4111
352,4.8105,16.3877
356,4.8223,16.1904
360,4.8223,16.5820
364,4.8232,16.5850
368,4.8301,15.5156
372,4.8164,14.1602
376,4.8145,15.2393
380,4.8184,15.4043
384,4.8047,14.1797
388,4.8018,14.4033
392,4.8135,15.7881
396,4.8213,14.5723
400,4.8096,14.4834
404,4.8232,15.0020
408,4.8330,15.1631
412,4.8223,15.3984
416,4.8115,14.8340
420,4.8115,15.8516
424,4.8105,15.2861
428,4.8086,15.4336
432,4.8164,15.8262
436,4.8125,15.5420
440,4.8047,15.7207
444,4.8301,16.0811
448,4.7979,16.1660
452,4.8076,16.7529
456,4.8262,15.5566
460,4.7979,16.4395
464,4.8018,15.9922
468,4.8125,15.6221
472,4.8193,15.8652
476,4.8213,16.1641
480,4.8232,15.7734
484,4.8281,16.3525
488,4.8086,15.8799
492,4.8135,16.0977
496,4.8193,17.2441
500,4.8105,16.4912
504,4.8145,17.3574
508,4.8174,17.1602
512,4.8232,17.7236
516,6.5723,36.1895
520,6.6807,17.1270
524,6.7549,17.3623
528,6.7764,17.7646
532,6.5938,17.5898
536,6.4600,17.1016
540,6.7344,16.9238
544,6.4971,16.7188
548,6.6826,17.3896
552,6.5908,16.9063
556,6.6826,17.5420
560,6.4209,16.3975
564,6.3281,16.3154
568,6.4189,16.1699
572,6.5176,16.7148
576,6.4688,17.3174
580,6.5684,17.3623
584,6.5225,16.5234
588,6.6016,17.6904
592,6.6201,16.8525
596,6.5947,16.8691
600,6.3965,16.5039
604,6.5957,17.8105
608,6.5664,17.5107
612,6.5059,17.2705
616,6.3486,17.1914
620,6.5527,16.8066
624,6.5352,16.9121
628,6.8018,17.7734
632,6.6035,17.6318
636,6.6211,17.0742
640,6.3916,16.4492
644,6.5820,17.3896
648,6.6172,17.2773
652,6.6680,17.6670
656,6.7158,17.1709
660,6.5732,17.2813
664,6.7959,17.2627
668,6.4268,17.8721
672,6.3877,16.6104
676,6.4502,16.5664
680,6.5703,17.6592
684,6.6406,17.3691
688,6.5469,17.0664
692,6.5703,17.7461
696,6.5166,17.9629
700,6.6191,17.2334
704,6.8535,18.3711
708,6.6084,17.7783
712,6.7061,17.7861
716,6.5732,17.3857
720,6.5420,17.0049
724,6.6729,16.2148
728,6.5996,17.5195
732,6.5361,16.8467
736,6.7607,16.8496
740,6.5596,17.2148
744,6.7158,16.7598
748,6.5459,16.4766
752,6.8291,17.3828
756,6.4521,16.1914
760,6.6377,16.3623
764,6.6729,17.7441
768,6.6816,16.9180
772,6.6416,17.2920
776,6.7021,18.2256
780,6.6592,18.0430
784,6.5205,17.3203
788,6.6514,17.6943
792,6.6055,17.4873
796,6.7383,17.9912
800,6.4316,16.9502
804,6.4736,17.4063
812,6.4668,16.5215
820,6.7158,17.2764
828,6.3750,17.3096
836,6.5537,17.6094
844,6.6299,18.0137
852,6.6309,18.2910
860,6.6523,17.5957
868,6.6357,17.9209
876,6.5391,17.9590
884,6.4688,17.5996
892,6.8340,18.2637
900,6.4746,17.9883
908,6.7236,18.1465
916,6.6387,18.1973
924,6.7529,18.7334
932,6.6494,19.1543
940,6.6182,18.2500
948,6.5615,18.5293
956,6.6182,18.3467
964,6.7393,19.0371
972,6.6113,18.4805
980,6.6914,19.2168
988,6.6348,18.5107
996,6.7021,27.1377
1004,6.6455,18.5664
1012,6.7471,18.8057
1020,6.5137,17.7168
1028,10.8203,22.6094
1036,10.3428,21.9736
1044,9.8936,21.7393
1052,10.0918,21.2305
1060,10.0381,21.6465
1068,9.5820,21.2891
1076,9.8750,21.4053
1084,9.8271,22.0420
1092,9.6143,21.6406
1100,9.9453,22.0654
1108,9.4902,21.3008
1116,9.6543,21.4902
1124,9.4746,21.5557
1132,9.5430,21.6182
1140,9.7686,21.6631
1148,9.5918,21.6572
1156,9.6045,21.7930
1164,9.9492,21.6211
1172,9.2158,20.6953
1180,9.6045,22.0078
1188,9.3408,20.3398
1196,9.2588,20.7559
1204,9.7148,22.4004
1212,9.1973,21.7754
1220,9.4033,21.1670
1228,9.9912,21.9521
1236,9.3027,19.5254
1244,8.6904,19.9395
1252,8.6875,19.7520
1260,8.4287,18.6650
1268,8.4639,18.6748
1276,8.3486,19.1289
1284,8.5723,19.3223
1292,8.4961,19.2959
1300,8.4570,19.3652
1308,8.5107,19.3135
1316,8.5234,18.8652
1324,8.5176,19.5869
1332,8.4805,19.2744
1340,8.3145,18.9561
1348,8.5830,19.2471
1356,8.4541,19.7930
1364,8.3711,18.0762
1372,8.3018,18.5293
1380,8.6035,18.9746
1388,8.6084,18.2432
1396,8.4053,18.7109
1404,8.4609,19.4121
1412,8.4551,18.9463
1420,8.3506,18.8037
1428,8.5625,19.5557
1436,8.7314,19.6396
1444,8.4854,18.9814
1452,8.4170,19.7900
1460,8.4785,18.4824
1468,8.3623,18.6523
1476,8.3945,18.8965
1484,8.6865,20.3379
1492,8.2363,18.4219
1500,8.2168,19.6025
1508,8.5938,19.1748
1516,8.3594,18.2305
1524,8.3008,19.5020
1532,8.4180,19.6943
1540,8.5010,19.6533
1548,8.4229,19.1035
1556,8.3369,19.0283
1564,8.2344,18.8496
1572,8.3594,19.9463
1580,8.5293,20.1875
1588,8.4922,20.6670
1596,8.5137,19.7129
1604,8.3135,19.4365
1616,8.7471,20.4053
1628,8.7656,20.6709
1640,8.6133,19.9932
1652,8.3447,19.6680
1664,8.4053,19.1572
1676,9.0322,19.7695
1688,8.5186,20.1514
1700,8.4707,20.5039
1712,8.3467,19.3096
1724,8.6943,20.5791
1736,8.4541,19.6689
1748,8.5264,20.2578
1760,8.4600,20.3242
1772,8.5850,20.3057
1784,8.4033,20.4668
1796,8.3623,19.8828
1808,8.3672,19.4688
1820,8.5205,19.8330
1832,8.4873,20.6738
1844,8.5049,20.6719
1856,8.3418,20.5527
1868,8.1963,19.7197
1880,8.3203,19.5430
1892,8.6934,21.3857
1904,8.2705,19.5742
1916,8.3350,20.1680
1928,8.3447,20.2285
1940,8.3398,24.4570
1952,8.6045,20.4082
1964,8.4434,20.4980
1976,8.3467,20.4688
1988,8.6191,21.2119
2000,8.2871,20.3389
2012,8.5986,21.8604
2024,8.2158,19.7900
2036,8.4688,21.2188
2048,8.3320,22.2695
2060,10.7529,22.6260
2072,10.8262,22.9336
2084,10.6152,22.1875
2096,10.8477,22.8428
2108,10.5127,21.9238
2120,10.4873,22.8936
2132,10.4209,21.6914
2144,10.6426,22.6514
2156,10.6201,22.0234
2168,10.3408,21.9404
2180,10.5781,23.0322
2192,10.5342,22.2891
2204,10.6943,22.3379
2216,10.7979,23.5469
2228,10.4619,21.9961
2240,10.5801,23.0283
2252,10.4326,22.3975
2264,10.4629,21.8828
2276,10.5527,22.2109
2288,10.3320,22.0889
2300,10.0830,20.8477
2312,10.5518,22.1484
2324,10.5059,23.0137
2336,10.6494,23.0059
2348,10.4463,21.1514
2360,10.7207,22.2314
2372,10.8291,25.9912
2384,10.4863,22.4707
2396,11.2656,22.5117
2408,10.2510,22.6279
2424,10.7295,22.8584
2440,10.6865,22.2070
2456,10.3662,22.7500
2472,10.3916,22.0176
2488,10.3809,22.1621
2504,10.5518,22.6963
2520,10.5244,22.1621
2536,10.7939,22.6514
2552,10.7637,22.7197
2568,10.4678,22.5293
2584,10.5625,22.6035
2600,10.5811,22.1260
2616,10.3652,22.0859
2632,10.6943,23.1670
2648,10.8770,23.4170
2664,52.0381,22.3594
2680,10.6475,22.3643
2696,10.5947,22.1074
2712,10.3682,21.7021
2728,10.5293,22.4551
2744,10.4521,22.2480
2760,10.8643,22.9990
2776,10.8047,23.8359
2792,10.4805,22.3389
2808,10.4922,23.8086
2824,10.5010,22.7793
2840,10.4717,22.6621
2856,10.1914,21.7539
2872,10.4307,22.1934
2888,10.6240,23.5303
2904,10.3379,22.7520
2920,10.4492,23.1084
2936,10.5986,22.7637
2952,10.4805,22.3164
2968,11.1885,23.8115
2984,10.7852,23.3467
3000,10.3281,22.2139
3016,10.6953,23.0000
3032,10.6982,22.6406
3048,10.7383,23.0771
3064,10.6367,22.7344
3080,10.3369,22.3105
3096,10.7568,24.0234
3112,10.6338,23.1260
3128,10.5518,23.1973
3144,10.1563,22.6299
3160,10.6631,23.3984
3176,10.7627,23.1113
3192,10.5576,22.9004
3208,10.5928,23.4980
3228,10.4736,22.7451
3248,10.5977,22.4609
3268,10.3838,22.4502
3288,10.4766,23.4150
3308,11.0928,23.6885
3328,10.4766,22.8428
3348,10.3652,22.1992
3368,10.4014,22.7666
3388,10.7051,23.9570
3408,10.1094,21.8594
3428,10.7217,22.8887
3448,10.8320,23.4854
3468,11.0469,24.3242
3488,10.3975,23.2939
3508,11.0137,23.9551
3528,10.7031,23.2070
3548,10.6943,23.4531
3568,10.8047,23.6016
3588,11.0693,24.3867
3608,10.4873,22.8896
3628,10.4912,23.1406
3648,10.6289,23.6758
3668,10.5684,23.6162
3688,10.5605,22.8457
3708,10.4395,23.7354
3728,10.7295,24.2783
3748,21.6006,23.4619
3768,10.9014,24.9443
3788,10.6250,24.0010
3808,11.0342,24.5391
3828,10.3252,23.2334
3848,10.4775,23.2285
3868,10.5850,23.2627
3888,10.7021,24.2178
3908,10.2490,23.1162
3928,10.4004,23.0811
3948,10.2764,22.8018
3968,10.3398,23.5781
3988,10.1621,22.8818
4008,10.4033,24.1709
4032,10.6260,24.2422
4056,10.5273,23.7266
4080,10.6357,23.8076
4104,15.0566,26.3262
4128,14.2148,25.9961
4152,14.1377,26.2207
4176,14.0322,25.3262
4200,14.1689,26.2500
4224,14.3311,26.6650
4248,13.7686,25.3301
4272,14.0967,25.9258
4296,14.2246,26.6289
4320,13.8125,25.2471
4344,13.8799,25.8613
4368,14.0527,25.8770
4392,12.6094,25.0176
4416,12.3633,24.6846
4440,12.0479,23.2764
4464,12.4961,24.3828
4488,12.2139,24.4961
4512,12.0371,24.7900
4536,12.5664,25.0527
4560,11.8525,23.7578
4584,12.4160,25.2607
4608,12.4268,25.0693
4632,12.5225,25.0176
4656,12.8154,25.7939
4680,12.8672,25.8975
4704,12.5107,24.9629
4728,12.2158,24.6309
4752,12.3496,24.5381
4776,12.4844,25.1172
4800,12.4658,24.6074
4824,12.1240,23.5957
4852,12.2793,24.9639
4880,11.8564,23.7412
4908,12.1270,24.3623
4936,12.6162,25.5645
4964,12.1514,24.3730
4992,12.2139,24.5156
5020,12.0527,24.3398
5048,12.2910,24.5557
5076,12.3740,24.4629
5104,12.4268,24.6084
5132,12.0908,24.6777
5160,12.6377,25.8525
5188,12.3145,24.4043
5216,12.4775,24.9287
5244,12.3828,25.5635
5272,12.1123,24.6680
5300,12.2842,25.5664
5328,12.6055,25.5117
5356,12.3252,25.0381
5384,12.3652,25.3398
5412,12.5947,25.2451
5440,12.6416,25.2832
5468,12.4082,25.5713
5496,12.4883,25.3906
5524,12.4326,25.6182
5552,12.1895,24.8936
5580,12.4092,25.4502
5608,12.2715,25.1689
5640,12.0781,24.3223
5672,12.3086,25.1113
5704,12.2539,25.0059
5736,12.3174,26.0439
5768,12.6582,25.6729
5800,12.6426,27.4063
5832,12.2383,24.6416
5864,12.3525,25.2900
5896,12.3496,25.3623
5928,12.7041,25.7881
5960,11.9072,24.6299
5992,12.5518,26.2295
6024,12.5654,25.6592
6056,12.1162,25.1250
6088,12.3535,25.1221
6120,12.2959,24.9092
6152,12.7422,25.6650
6184,12.2969,25.1494
6216,12.1738,24.2490
6248,12.4336,25.3730
6280,12.5283,25.8955
6312,11.9619,24.5771
6344,12.5508,26.2109
6376,12.1055,25.0557
6408,12.5479,24.9209
6444,12.3418,25.1133
6480,12.3232,25.3447
6516,12.4756,25.2285
6552,12.2275,25.8203
6588,12.1973,24.9912
6624,12.3105,25.1445
6660,12.3301,26.2295
6696,12.2197,25.1113
6732,12.2188,25.6836
6768,12.5479,26.4521
6804,12.3193,25.3848
6840,12.1133,25.7939
6876,12.7813,26.7295
6912,16.2393,26.8477
6948,12.0049,24.9805
6984,12.0244,25.7324
7020,12.0771,26.1367
7056,12.5332,26.7090
7092,12.3838,26.1113
7128,12.3643,25.8115
7164,12.2393,25.7178
7200,12.4795,26.2129
7236,12.3672,25.0176
7276,12.4629,27.1807
7316,12.6670,26.3877
7356,12.2227,26.5449
7396,12.5039,26.9033
7436,12.2588,25.6924
7476,12.1807,25.6270
7516,12.3838,25.7012
7556,12.6318,26.6895
7596,12.4482,26.0547
7636,12.2510,25.3018
7676,11.8154,25.3232
7716,11.8604,24.1533
7756,12.2949,26.6289
7796,12.5752,26.6816
7836,12.2393,26.0088
7876,12.2188,26.2549
7916,12.9688,27.6338
7956,13.0293,27.3398
7996,12.2734,26.0410
8036,12.2695,26.5400
8080,12.5137,26.4463
8124,12.5479,26.7939
8168,12.1094,26.8223
8212,15.5908,28.3193
8256,15.3506,27.4736
8300,15.0635,26.9678
8344,15.3711,27.7734
8388,15.5566,28.5420
8432,15.4316,28.6885
8476,15.1104,27.8691
8520,14.6162,26.5986
8564,15.1670,27.8965
8608,14.7383,27.1309
8652,14.8135,27.1689
8696,15.2168,28.5352
8740,15.4238,28.2295
8784,15.1143,29.0508
8828,13.8809,25.8369
8876,14.6045,27.3389
8924,13.8975,26.0508
8972,13.8975,25.6006
9020,14.4033,27.1953
9068,14.3496,26.4814
9116,14.8281,27.0195
9164,14.6064,27.2891
9212,13.9150,25.2070
9260,14.4102,27.8770
9308,14.3467,27.3926
9356,14.5010,26.6182
9404,14.2217,25.9268
9452,14.3086,26.6641
9500,14.3613,26.6006
9548,13.8535,25.5303
9596,14.1816,26.3916
9644,14.3271,26.5088
9696,14.1094,26.5664
9748,13.8154,25.9053
9800,13.9053,25.8125
9852,14.1006,26.1523
9904,13.9834,26.3330
9956,14.1602,27.2676
10008,13.8193,25.3184
10060,14.0859,26.6836
10112,14.3477,27.8672
10164,14.2246,26.6846
10216,13.6943,25.5322
10268,14.6865,28.4463
10320,14.3418,27.3936
10372,14.4131,27.6963
10424,14.5244,27.0498
10480,14.2568,26.8350
10536,14.2275,26.8682
10592,14.1309,26.8906
10648,14.5039,27.9775
10704,14.2383,27.3594
10760,14.4131,27.0410
10816,14.1465,26.3398
10872,14.0654,26.5703
10928,13.6992,25.9414
10984,13.9229,26.7080
11040,14.2520,27.2754
11096,13.8350,25.8760
11152,14.5635,28.0566
11208,14.0264,26.6807
11268,14.6416,27.7402
11328,14.3809,27.2676
11388,14.6699,27.8877
11448,13.9258,27.1719
11508,14.0342,26.5352
11568,14.4473,27.3945
11628,13.9639,26.4580
11688,13.5020,26.0859
11748,14.2637,26.8115
11808,14.4707,28.2803
11868,14.6045,27.5723
11928,14.2441,26.4336
11988,14.4326,28.0186
12048,13.7383,25.6484
12112,13.9980,26.5039
12176,14.1318,27.0977
12240,14.4814,28.6611
12304,14.0771,26.1406
12368,16.3066,80.7559
12432,14.6465,28.6904
12496,14.1855,197.2295
12560,14.4824,27.7529
12624,14.7012,28.0439
12688,14.1387,27.6250
12752,13.9072,27.4658
12816,13.9385,27.1104
12884,13.8213,26.5098
12952,14.5166,28.3760
13020,14.7012,28.7490
13088,14.9170,28.9600
13156,14.0117,26.9697
13224,13.8164,34.3174
13292,14.4404,27.9756
13360,14.0664,27.5244
13428,14.3311,28.4844
13496,14.2686,27.6982
13564,14.3213,27.9707
13632,14.0547,27.1904
13704,14.0293,27.4619
13776,14.4570,28.5537
13848,13.8643,27.7412
13920,14.0342,27.8838
13992,14.0732,27.6699
14064,13.7041,26.2539
14136,14.3291,29.0078
14208,13.7930,27.0547
14280,14.3311,28.2002
14352,14.2402,28.3369
14424,14.0215,33.6641
14500,14.1816,27.1563
14576,14.3223,28.5176
14652,13.9082,27.5850
14728,14.1475,27.6240
14804,14.6270,28.7979
14880,13.7744,27.0361
14956,14.3701,265.6367
15032,16.0801,28.9561
15108,15.9355,29.3379
15184,14.0469,28.6865
15260,13.7910,26.4756
15340,196.2236,29.5127
15420,13.7090,26.7393
15500,14.6240,28.4268
15580,14.7002,29.2178
15660,14.1289,28.8740
15740,33.2998,29.3311
15820,14.7373,28.9150
15900,14.4141,28.4609
15980,14.2314,28.3896
16060,14.3398,27.7178
16144,14.2930,28.6855
16228,14.4502,28.0684
16312,14.4287,32.2988
16396,18.0098,29.1865
16480,17.5703,29.5654
16564,17.8096,29.5693
16648,17.5908,29.0098
16732,18.6191,30.7402
16816,70.0840,30.9346
16904,16.3633,29.6113
16992,16.4736,29.6348
17080,16.4404,29.4883
17168,16.4072,29.2813
17256,15.8965,28.8848
17344,16.2920,29.3682
17432,16.2852,28.9063
17520,16.7930,29.3936
17608,16.1240,28.7471
17700,15.9551,28.9502
17792,16.9814,30.6113
17884,15.9434,42.0322
17976,17.0527,30.7549
18068,16.8184,30.7314
18160,16.4053,30.0244
18252,16.2373,29.0498
18344,16.3135,29.2646
18436,16.0000,29.3164
18532,15.6572,27.8311
18628,16.3496,29.4688
18724,15.8408,28.1270
18820,16.3281,29.5801
18916,16.2539,29.5537
19012,15.4902,28.1611
19108,16.1182,28.7617
19204,15.5439,27.3105
19304,16.1650,27.8955
19404,16.4414,38.0410
19504,16.9033,29.7012
19604,16.6680,28.5244
19704,15.9619,27.0186
19804,16.8369,28.1016
19904,16.2129,27.7910
20004,15.7520,27.8252
20108,16.0049,28.2080
20212,16.0225,28.4395
20316,16.2314,28.5381
20420,15.7803,27.9170
20524,15.7715,27.3809
20628,16.3633,29.4053
20732,16.1748,28.9707
20836,16.2607,28.1641
20944,16.2979,29.4063
21052,15.4932,26.6475
21160,15.5059,27.0898
21268,15.8311,28.4805
21376,16.3125,29.1162
21484,16.2734,28.6943
21592,16.3311,28.7959
21700,16.2334,28.3896
21812,16.1289,29.2813
21924,16.3242,28.4990
22036,15.7598,27.7393
22148,16.2803,29.5986
22260,15.7461,28.2441
22372,15.6436,27.7568
22484,15.9473,28.2939
22600,15.3105,27.1816
22716,15.8701,29.2266
22832,15.7861,28.6982
22948,16.2090,29.3242
23064,16.0439,28.4844
23180,15.9482,28.3037
23296,15.8555,27.5947
23416,15.7480,28.0273
23536,16.1836,28.6846
23656,15.8857,28.9268
23776,15.9873,28.4922
23896,15.7764,28.5957
24016,16.0713,28.1523
24140,16.0879,28.9961
24264,16.0693,28.9189
24388,16.2686,30.0859
24512,16.0898,28.7305
24636,15.9033,28.2324
24760,15.5576,27.5625
24884,16.4033,29.4844
25012,16.0498,28.4229
25140,16.2100,28.6602
25268,16.6680,30.1934
25396,16.0996,29.3838
25524,16.5293,29.8379
25652,16.1035,28.8047
25784,16.1611,28.9512
25916,16.1104,28.7852
26048,15.8955,29.7021
26180,16.4014,28.7900
26312,16.1270,29.0498
26444,16.2148,29.1172
26580,16.1582,29.2578
26716,15.7412,28.9463
26852,16.0391,28.8438
26988,16.2178,29.6660
27124,16.0264,29.3223
27260,15.7080,28.6006
27400,15.5654,28.6328
27540,16.0957,29.3975
27680,16.2793,30.5010
27820,15.9512,29.4434
27960,16.0869,29.3711
28100,15.3838,28.6533
28244,16.1309,29.9463
28388,16.3271,30.0732
28532,16.1250,29.3994
28676,16.1152,29.9365
28820,15.5850,28.4014
28968,15.7959,28.8994
29116,16.5840,29.8916
29264,16.4395,29.7813
29412,16.5605,29.7676
29560,15.8838,29.5811
29708,15.9150,28.8789
29860,15.9004,29.2891
30012,15.9014,29.6631
30164,16.0771,29.6729
30316,15.8896,29.4619
30468,15.8154,29.2588
30624,16.0918,29.6318
30780,16.0313,29.3164
30936,16.1592,29.6553
31092,16.3965,30.5098
31248,16.3340,29.4844
31408,16.0693,29.5449
31568,16.0645,30.4209
31728,15.9404,35.3682
31888,16.3477,30.2910
32048,15.9209,29.1611
32212,15.9209,30.1084
32376,15.7832,29.0723
32540,16.6523,30.6377
32704,16.2383,31.1855
32868,21.0518,30.9385
33036,21.0586,30.9854
33204,20.8105,30.5225
33372,21.0850,31.4717
33540,20.8779,30.5693
33708,21.7637,33.1592
33880,20.7422,30.9492
34052,20.9434,31.4365
34224,20.8506,31.1416
34396,20.3760,30.3516
34568,18.2393,29.4277
34744,17.8369,29.4824
34920,18.5156,30.9141
35096,18.0430,29.5342
35272,18.0137,29.8135
35452,17.7100,29.2920
35632,18.6416,30.8926
35812,18.5527,31.6641
35992,18.0088,30.4443
36172,17.5615,29.7480
36356,18.3145,29.7393
36540,18.1699,30.2627
36724,18.1738,30.8994
36908,18.0791,30.5479
37096,17.6895,28.9688
37284,17.8184,29.2285
37472,18.5967,31.0967
37660,17.5664,28.7959
37852,17.9307,30.0273
38044,18.3398,30.0967
38236,18.0566,29.8809
38428,18.0957,29.8506
38624,17.6553,29.6133
38820,17.8193,29.6641
39016,17.9912,29.8535
39212,17.6348,30.0703
39412,19.1494,38.2979
39612,18.6172,29.4092
39812,18.4443,30.8232
40012,18.8721,30.5576
40216,18.5342,30.9316
40420,18.8770,30.6914
40624,18.5850,30.7607
40828,18.0938,30.1191
41036,19.1152,31.3496
41244,17.7266,29.1406
41452,17.5342,28.3115
41660,17.8730,29.7402
41872,18.8867,31.3496
42084,18.3115,30.2100
42296,18.4219,31.1221
42508,18.4404,30.7568
42724,18.6045,30.8926
42940,18.0508,29.7217
43156,18.0781,29.9063
43372,17.6982,29.3203
43592,18.4854,30.8652
43812,17.8311,29.3584
44032,18.6172,30.9912
44256,17.6846,29.0020
44480,18.5361,30.9365
44704,17.8428,29.8105
44928,17.7158,28.9004
45156,19.0459,31.0811
45384,18.6621,29.5654
45612,18.6572,30.8105
45844,18.1484,30.3555
46076,19.2217,31.7988
46308,17.7178,30.4883
46540,18.5186,31.5361
46776,17.7480,29.9375
47012,18.3701,31.0889
47248,18.3770,31.1553
47488,19.5576,31.3477
47728,18.6074,31.0107
47968,19.0010,32.4600
48208,18.2461,30.4336
48452,18.1465,30.5625
48696,18.5010,30.8359
48940,18.2754,29.6982
49188,18.0830,30.0723
49436,18.4648,31.2773
49684,18.8770,31.7041
49936,17.9932,29.8711
50188,18.7168,31.4531
50440,18.4902,31.2041
50696,18.0967,30.2900
50952,18.0762,30.5664
51208,18.3467,31.2871
51468,18.6787,31.6270
51728,18.4375,31.1367
51988,18.7070,30.9883
52248,18.3145,30.5400
52512,18.2764,31.2432
52776,17.6943,30.4336
53040,18.6035,31.4121
53308,17.9893,29.5410
53576,18.2344,30.4609
53844,18.7891,31.8984
54116,22.9609,32.2383
54388,18.8887,32.3281
54660,18.2568,31.0850
54936,18.2578,31.1641
55212,18.2031,30.6504
55492,17.9248,30.2061
55772,18.3662,32.1934
56052,18.5371,31.7051
56336,18.4766,31.6436
56620,18.3926,32.1689
56904,18.4150,31.7295
57192,18.4561,32.1650
57480,18.1133,31.2441
57768,18.1895,31.0527
58060,18.1064,31.3633
58352,18.0391,30.3584
58644,18.1924,31.4941
58940,19.6914,31.8252
59236,18.7598,30.6260
59536,18.9941,31.7725
59836,18.3193,31.1963
60136,18.3721,31.1680
60440,19.1484,31.6006
60744,18.9053,31.4697
61048,17.9385,30.4902
61356,19.4229,33.3018
61664,18.7412,30.7432
61976,18.3486,30.6826
62288,19.1074,32.9258
62600,19.1172,32.8574
62916,18.8018,31.5527
63232,18.7627,31.4326
63552,18.9932,32.1777
63872,18.3467,30.9961
64192,18.4590,30.5566
64516,18.6582,31.0801
64840,18.2393,30.3535
65168,18.3613,32.2588
65496,18.8857,32.5117
65824,28.7480,35.7881
66156,26.5576,33.1992
66488,25.2656,32.8994
66824,26.2363,33.3066
67160,27.7988,35.2090
67496,27.3438,34.4590
67836,25.8467,32.9727
68176,25.7168,32.6973
68520,26.2334,33.8984
68864,21.2295,32.2852
69212,21.6855,33.8369
69560,20.8955,31.7061
69908,20.8691,32.4609
70260,20.9688,32.6445
70612,20.7637,32.6260
70968,25.5332,34.2129
71324,21.2510,32.7012
71684,20.9160,32.6309
72044,20.4619,31.2539
72408,19.9170,30.9463
72772,20.6777,32.5244
73136,20.3643,32.1133
73504,21.2705,32.9766
73872,21.7402,34.6924
74244,21.4971,33.2490
74616,20.4414,31.6748
74992,20.9756,32.9043
75368,20.1045,31.5762
75748,20.9375,32.2920
76128,21.1172,33.3145
76512,20.6904,31.8428
76896,21.4551,33.8643
77284,19.4375,29.5703
77672,20.3760,32.3330
78064,21.4883,34.4277
78456,21.5322,34.4521
78852,20.4971,32.1543
79248,20.9453,32.9443
79648,20.0371,32.3301
80048,20.9756,33.7158
80452,21.1025,33.4277
80856,20.2012,32.4395
81264,20.8662,33.3418
81672,20.1836,32.6172
82084,20.3008,32.7373
82496,21.0635,33.3428
82912,20.1836,32.7715
83328,20.7949,33.1621
83748,21.1133,34.6465
84168,20.8252,33.4561
84592,20.8398,34.1201
85016,21.1973,33.6943
85444,20.6172,32.8369
85872,20.7656,32.6602
86304,21.3242,34.6211
86736,21.1650,33.8623
87172,19.8604,32.1152
87608,21.3467,34.0938
88048,21.1680,33.4346
88492,20.2227,32.5059
88936,20.3818,32.7100
89384,21.0889,32.5186
89832,20.8740,33.6270
90284,20.6064,32.7783
90736,19.5625,30.9258
91192,20.8066,33.6074
91648,21.2822,34.3242
92108,24.6572,33.4102
92572,21.2285,33.6904
93036,20.4854,32.9258
93504,20.9629,33.5332
93972,20.6133,33.0088
94444,20.5840,33.1963
94920,20.3018,31.6846
95396,21.1396,32.7871
95876,21.0410,34.4023
96356,22.0596,35.0273
96840,21.5283,34.6426
97328,20.9521,33.8613
97816,20.8076,33.2432
98308,21.1426,34.1924
98800,20.1211,32.0439
99296,20.8076,34.3271
99796,21.2988,34.7666
100296,20.5039,33.2549
100800,20.8447,33.6250
101304,20.2568,32.6641
101812,20.8525,33.4229
102324,21.2607,34.1602
102836,20.6709,34.2607
103352,19.8643,31.9063
103872,20.1377,33.2236
104392,20.6514,33.7178
104916,21.4580,34.1104
105444,20.6143,33.8105
105972,21.2539,34.6787
106504,20.9932,34.9297
107040,21.0137,34.6182
107576,21.6582,35.0322
108116,20.6953,34.2568
108660,20.2676,33.6914
109204,21.1895,34.4023
109752,19.8555,32.8662
110304,20.6816,34.5303
110856,22.7207,33.5625
111412,23.0957,34.9863
111972,22.0537,33.2773
112532,22.2998,34.2871
113096,21.1396,32.7588
113664,22.5342,35.2207
114236,22.0605,34.6602
114808,22.5107,35.7168
115384,22.4766,35.0078
115964,22.3730,34.4287
116544,22.4209,34.8545
117128,21.6475,35.1357
117716,20.9844,33.0762
118308,22.0693,35.3887
118900,28.7910,34.3828
119496,22.2441,35.0654
120096,21.7598,35.1377
120700,21.7119,33.9014
121304,21.2627,33.7988
121912,21.5752,34.3086
122524,21.9502,34.5625
123140,21.5537,34.7061
123756,21.8662,34.9258
124376,21.2676,34.1172
125000,20.9580,33.8623
125628,22.8174,36.1045
126260,21.9648,34.9824
126892,21.8096,34.8760
127528,22.8164,36.1670
128168,21.7793,34.1318
128812,21.3623,33.9346
129460,20.7734,33.2461
130108,21.5146,34.7510
130760,21.2236,33.5322
131416,28.8281,37.9404
132076,28.2441,37.1084
132740,26.6436,37.5254
133404,24.9697,35.3896
134072,23.7109,33.1152
134744,24.1582,33.8594
135420,23.7578,34.1924
136100,23.3672,33.9561
136784,24.3906,35.8076
137468,24.3848,36.2031
138156,23.9326,35.2363
138848,23.3857,35.5127
139544,23.8574,34.3516
140244,25.1680,35.9414
140948,25.2598,36.2422
141656,24.2295,34.1885
142368,24.7646,35.8594
143080,24.5283,36.2119
143796,23.5996,35.0293
144516,24.2217,35.5566
145240,23.7061,34.5498
145968,23.7158,34.2373
146700,23.8457,34.4443
147436,23.7598,35.2480
148176,23.1113,34.0000
148920,23.0234,34.4619
149668,23.8271,34.3682
150420,23.9756,37.2236
151176,23.9043,34.7979
151932,24.9072,35.8623
152692,24.1357,35.8408
153456,24.3906,35.8418
154224,24.9072,36.8486
154996,24.3867,37.0137
155772,25.8291,38.5684
156552,23.5732,35.4951
157336,24.4219,36.0977
158124,23.9521,36.0869
158916,23.6709,35.1514
159712,22.6855,34.0850
160512,24.0811,35.3320
161316,25.6982,37.3584
162124,24.0166,36.3965
162936,23.9033,36.7305
163752,24.0059,35.9678
164572,23.2803,35.6279
165396,23.0762,34.4023
166224,23.5938,36.0127
167056,24.4629,36.4395
167892,24.8691,37.3623
168732,24.4326,38.1807
169576,23.9316,35.5313
170424,23.9551,36.4648
171280,23.6338,35.0967
172140,23.7813,35.5723
173004,23.4932,34.8203
173872,24.3994,37.5967
174744,25.3408,37.0811
175620,24.4375,36.4932
176500,23.1143,35.2900
177384,22.4805,34.7168
178272,24.2920,37.0010
179164,23.6465,36.2295
180060,22.5010,34.1221
180964,23.6436,36.5342
181872,23.4717,35.4277
182784,24.2559,37.0322
183700,23.9160,42.5166
184620,24.1172,35.0947
185544,24.1904,36.3535
186472,24.3545,37.0342
187408,23.5127,35.2734
188348,24.0361,35.9141
189292,24.1992,40.4307
190240,24.8076,37.5557
191192,24.9912,37.7764
192148,24.3691,37.8086
193112,22.8320,34.5908
194080,23.9922,37.4385
195052,23.9492,37.4346
196028,25.7100,37.9756
197012,25.0879,37.3896
198000,24.5771,36.6289
198992,23.5615,35.0166
199988,24.2139,36.7256
200988,25.3174,37.1289
201996,23.3691,34.6426
203008,23.1260,33.5039
204024,24.4834,36.4336
205048,23.8594,35.6104
206076,24.0977,36.0586
207108,23.7168,36.2520
208144,24.4678,36.8379
209188,24.1279,35.7773
210236,23.9238,35.8916
211288,25.7012,38.1123
212348,23.8154,36.3340
213412,24.4717,35.2627
214480,24.6045,35.8330
215556,24.6113,35.9502
216636,24.5986,35.9365
217720,24.9443,36.6689
218812,23.3604,35.7227
219908,24.7168,37.4092
221008,23.5537,36.0010
222116,23.8330,36.4414
223228,23.9893,38.1953
224348,48.1699,35.7139
225472,24.7266,36.7773
226600,25.6436,38.2393
227736,25.1211,38.2148
228876,25.0947,37.9395
230024,25.3545,37.5889
231176,24.0967,35.9463
232332,24.6260,37.0898
233496,24.1689,37.3633
234664,23.5098,35.5186
235840,23.1025,40.2734
237020,24.1504,37.1963
238208,23.4795,35.2734
239400,23.8096,36.9521
240600,23.8506,37.4141
241804,24.2422,37.1025
243016,24.3564,36.9834
244232,23.8262,36.9248
245456,23.7139,36.0801
246684,23.8887,35.7070
247920,23.6904,36.2813
249160,24.3301,37.8213
250408,23.6016,36.5068
251664,24.6240,37.7207
252924,24.5313,38.3809
254192,24.6670,37.7363
255464,24.4932,36.9404
256744,23.8564,36.6982
258028,23.9541,37.2002
259320,24.3057,36.0313
260620,23.8965,36.4600
261924,24.4404,37.2891
263236,27.4316,38.9111
264556,27.1455,37.9834
265880,28.0410,38.6904
267212,27.3428,38.5176
268552,26.4463,36.6221
269896,26.9951,38.6934
271248,27.3242,38.7969
272608,28.4365,40.2627
273972,26.7393,37.6660
275344,26.7627,37.2969
276724,26.9258,37.9043
278108,26.3809,37.6045
279500,28.7568,40.4521
280900,26.9609,37.6846
282308,27.2061,38.9609
283720,25.6162,36.9277
285140,26.5840,37.7803
286568,25.7100,36.7568
288004,26.7139,37.1611
289448,26.1279,37.1465
290896,26.8711,42.7305
292352,25.4854,35.8223
293816,27.5723,41.3828
295288,26.1094,38.2422
296768,26.5488,38.5293
298252,25.6182,38.0303
299744,26.9883,39.3438
301244,26.1943,38.0752
302752,26.3350,39.3496
304268,26.2979,37.2676
305792,26.2422,39.0801
307324,26.1387,38.0205
308864,26.3496,39.0635
310412,25.8096,38.4375
311968,26.5117,38.7490
313528,26.1055,38.8740
315096,25.5371,37.8408
316672,25.2012,36.2217
318256,25.1240,37.3691
319848,25.4170,36.8008
321448,26.5791,39.8223
323056,26.7402,39.2783
324672,26.1572,38.3809
326296,25.0098,37.3848
327928,24.9014,37.5293
329568,27.2783,40.2695
331216,25.9541,38.3516
332876,25.0117,37.2354
334544,26.9766,40.0313
336220,26.1309,39.1270
337904,25.9570,38.7393
339596,25.9219,39.1953
341296,27.1172,40.5430
343004,25.8320,39.1885
344720,25.3350,38.4492
346444,25.7656,38.5938
348180,25.3779,38.2559
349924,25.4023,37.3262
351676,26.4688,38.3887
353436,26.2793,38.7168
355204,25.5400,38.8887
356984,25.5830,47.3193
358772,25.8916,38.7627
360568,26.0010,39.2012
362372,26.0547,39.2266
364184,26.0020,38.8604
366008,25.8486,38.4414
367840,25.2900,38.4785
369680,26.2031,40.2471
371532,25.7754,40.1221
373392,26.0078,38.8506
375260,25.8604,39.5127
377140,26.1064,38.3018
379028,26.8408,39.0332
380924,26.1982,38.2490
382832,26.4297,39.2627
384748,25.3857,36.9180
386672,26.4922,39.0234
388608,25.6494,37.5146
390552,25.8486,38.3506
392508,25.9844,38.6475
394472,25.7314,42.9932
396448,26.1309,38.3027
398432,26.2676,38.7354
400428,26.6348,39.7842
402432,26.0518,38.7803
404448,26.6650,39.4463
406472,25.7725,38.9141
408508,25.9980,39.0674
410552,25.9756,39.6963
412608,25.7822,38.1348
414672,27.2021,40.9502
416748,27.4082,40.8545
418832,27.1895,40.6553
420928,26.1182,39.1572
423036,26.1846,38.3389
425152,26.9199,41.0967
427280,26.8096,40.8271
429420,26.1855,39.6406
431568,25.7168,38.9170
433728,26.2539,39.1201
435900,25.7881,47.1787
438080,26.4473,44.7119
440272,27.1338,41.4775
442476,25.7939,39.6162
444692,26.5410,39.8828
446916,27.3008,41.0146
449152,26.0859,39.2891
451400,25.7227,39.3633
453660,26.5820,41.1191
455932,25.9951,40.3350
458212,27.6816,41.7734
460504,25.7666,38.8213
462808,27.3232,41.1104
465124,26.6143,39.2939
467452,25.4150,37.9150
469792,25.6182,38.2959
472144,26.3887,39.9844
474508,27.1045,39.7334
476884,26.5156,39.8799
479272,26.1465,40.8633
481672,26.2578,40.2061
484084,27.0293,40.3496
486508,25.7969,39.6523
488944,26.2705,40.2256
491392,25.4717,39.3545
493852,26.2617,40.5986
496324,26.0977,39.9023
498808,26.2744,39.7373
501304,25.8203,39.0342
503812,26.9102,40.9121
506332,54.7803,42.1875
508864,26.7637,40.6914
511412,25.6426,39.8691
513972,26.1904,39.4365
516544,25.6826,39.5146
519128,26.4443,39.8555
521724,25.3945,38.6426
524336,32.9268,43.8564
526960,30.2324,41.6240
529596,29.9150,46.0273
532244,30.0654,41.2041
534908,28.9160,39.7227
537584,28.7412,39.1631
540272,29.0527,40.7197
542976,28.3994,39.1494
545692,29.7461,41.8438
548424,29.8945,41.4258
551168,30.9863,43.6543
553924,28.6875,39.6055
556696,28.5107,38.7852
559480,28.9502,40.3115
562280,29.6455,41.0811
565092,30.4580,42.5166
567920,29.4248,39.8770
570760,29.4375,42.0430
573616,29.4951,40.8838
576488,29.1855,43.0127
579372,28.8828,40.9434
582272,26.1143,37.5596
585184,28.8115,42.0654
588112,29.4043,42.7715
591056,27.9150,40.5010
594012,28.4072,40.7080
596984,28.4609,43.0127
599972,30.8799,42.7734
602972,29.0820,42.0039
605988,28.2324,52.8359
609020,33.5322,44.3223
612068,29.2051,41.0898
615132,28.9648,40.6309
618208,28.1318,39.5459
621300,29.7227,41.5469
624408,30.5518,42.1064
627532,28.3818,39.6211
630672,29.2031,69.0957
633828,29.1074,40.9346
637000,29.4678,42.1826
640188,28.3252,40.7305
643392,29.4512,41.8955
646612,29.4346,41.7275
649848,29.8379,43.9434
653100,28.0713,39.9063
656368,29.7627,42.5137
659652,28.9365,41.0391
662952,30.1621,43.5264
666268,29.8027,43.7178
669600,29.0029,41.5322
672948,29.4238,41.5918
676316,28.9189,41.9492
679700,27.0332,38.8369
683100,28.7285,41.5166
686516,28.2705,40.3750
689952,27.7695,39.8721
693404,29.1982,42.7090
696872,28.7451,41.3887
700360,28.5244,42.3418
703864,29.7080,42.5400
707384,29.5322,42.2080
710924,29.2949,41.4033
714480,30.0098,43.2480
718056,28.6563,40.5967
721648,30.0420,43.4092
725260,29.4111,42.4473
728888,28.3926,41.1299
732536,29.6807,43.7168
736200,28.9902,42.4785
739884,28.1211,40.4766
743584,30.9092,44.1572
747304,38.8340,41.8174
751044,29.9102,43.4014
754800,29.3369,42.3096
758576,29.0322,42.7627
762372,30.4307,44.1904
766184,28.5137,43.8555
770016,32.7988,43.2129
773868,28.8564,42.0078
777740,29.5635,42.6904
781632,28.8691,41.0957
785544,29.9141,43.4463
789472,29.6328,42.6035
793420,29.0205,42.7959
797388,28.8613,43.9873
801376,30.4004,43.5361
805384,30.8291,44.5811
809412,28.8105,41.7129
813460,29.6240,41.6230
817528,29.1875,41.8525
821616,30.2686,43.7402
825728,29.9365,42.2598
829860,29.5020,42.7158
834012,29.7607,43.4648
838184,29.8447,41.7070
842376,31.3096,45.0723
846588,28.9697,42.4990
850824,29.6699,43.5518
855080,30.5771,44.2910
859356,29.2500,41.8496
863656,29.7383,43.1045
867976,31.3457,46.9043
872316,30.1563,45.1465
876680,29.0420,41.9082
881064,30.3213,44.7109
885472,28.8574,41.6123
889900,28.4502,41.4521
894352,30.2461,43.8340
898824,30.1572,43.2422
903320,29.4395,44.1836
907840,29.8604,44.0156
912380,29.6514,44.4111
916944,30.5303,45.0000
921532,29.6240,42.3994
926140,29.4834,42.7246
930772,29.5479,43.5449
935428,28.5420,43.0938
940108,29.5020,43.3545
944812,29.1221,70.9961
949540,30.5361,46.0908
954288,28.5605,41.8154
959060,29.4072,42.4287
963856,28.4521,41.5859
968676,30.0967,43.3086
973520,29.9561,43.6035
978388,29.5059,44.1865
983280,29.0771,43.1172
988200,29.7520,43.6582
993144,29.8750,44.1680
998112,30.1201,44.4424
1003104,30.5566,45.3691
1008120,28.2422,42.1797
1013164,29.1719,44.3145
1018232,30.1914,44.5879
1023324,29.3086,43.9395
1028444,29.0938,43.3311
1033588,30.5527,44.6338
1038756,30.1016,43.0371
1043952,30.0449,43.0020
1049172,40.5254,45.8574
1054420,32.1816,43.5322
1059696,34.2236,46.7031
1064996,32.8096,45.0283
1070324,37.4414,44.2891
1075676,34.7607,47.4521
1081056,32.5400,45.0547
1086464,32.1475,44.0938
1091900,31.6982,43.1035
1097360,32.9629,45.2383
1102848,32.3525,44.7246
1108364,32.8281,46.9766
1113908,33.4600,46.2822
1119480,32.4902,45.0400
1125080,33.4189,46.1035
1130708,32.8662,45.2568
1136364,33.1230,119.7373
1142048,32.4883,44.8145
1147760,32.7461,44.9990
1153500,33.2773,46.5361
1159268,32.1309,45.6689
1165068,33.7949,46.4434
1170896,33.1963,46.5234
1176752,32.4570,45.1777
1182636,32.7617,46.7070
1188552,32.4941,44.9355
1194496,32.3975,45.1074
1200472,34.1572,46.3711
1206476,32.4053,43.8311
1212512,33.7100,46.9414
1218576,37.8525,45.8779
1224672,34.0205,46.6357
1230796,34.2969,47.5244
1236952,33.7666,47.3154
1243140,33.8477,47.7031
1249356,33.0059,47.0674
1255604,34.1230,47.1484
1261884,33.8184,46.0020
1268196,32.7002,45.4941
1274540,34.7148,46.9141
1280916,32.6719,44.3330
1287324,31.8105,44.1055
1293764,33.6426,47.2109
1300236,34.8066,47.8203
1306740,33.2920,46.1826
1313276,33.2500,45.6016
1319844,32.6641,44.4277
1326444,33.9941,46.5850
1333080,32.9111,45.1963
1339748,34.9580,50.2100
1346448,34.5977,49.3896
1353184,33.6807,46.5977
1359952,32.1250,45.9482
1366752,34.1631,47.8428
1373588,32.2988,45.5068
1380456,35.6016,53.7959
1387360,32.8174,45.8340
1394300,33.7979,48.0771
1401272,34.8154,47.9756
1408280,33.1074,46.6025
1415324,32.7363,45.5869
1422404,33.3467,46.6807
1429520,34.8076,49.7539
1436668,32.8223,46.3203
1443852,34.0938,45.8760
1451072,34.7861,48.8359
1458328,34.3018,47.2793
1465620,34.3818,48.0166
1472952,34.0693,47.1680
1480320,34.9756,49.1963
1487724,34.1631,47.4180
1495164,33.4355,46.2949
1502640,34.0254,47.1396
1510156,34.8164,49.1240
1517708,34.2822,48.3174
1525300,36.0811,49.2949
1532928,34.6680,49.6191
1540596,33.4258,47.1045
1548300,33.4707,47.2842
1556044,35.1006,50.1152
1563828,34.3340,49.7080
1571648,34.2930,47.4893
1579508,33.1484,45.4297
1587408,33.4482,47.2881
1595348,34.1152,48.3291
1603328,50.2461,50.1309
1611348,33.8848,45.6338
1619408,37.3994,52.3320
1627508,33.5850,46.1230
1635648,35.1816,49.0684
1643828,33.7148,48.0723
1652048,34.8262,48.6592
1660312,35.7285,49.2832
1668616,34.8340,48.2441
1676960,35.7432,49.9336
1685348,33.4434,47.6709
1693776,33.3955,46.2139
1702248,35.6162,49.5244
1710760,35.7490,49.3975
1719316,34.3730,48.3096
1727916,34.6221,48.7402
1736556,34.4951,47.7861
1745240,37.2109,51.3379
1753968,37.4063,52.4307
1762740,33.8242,47.6992
1771556,33.5928,46.5410
1780416,35.7119,49.5996
1789320,33.9404,47.7197
1798268,34.2568,47.9131
1807260,33.7021,47.9766
1816300,35.8242,49.2354
1825384,34.7373,54.9697
1834512,37.5830,48.8613
1843688,35.2490,49.7939
1852908,35.5674,53.9150
1862176,35.2510,48.9746
1871488,34.3486,48.2656
1880848,35.6543,49.8838
1890256,34.2813,48.0020
1899708,34.6572,49.3906
1909208,35.8223,51.2148
1918756,35.8789,50.7930
1928352,34.5410,49.6191
1937996,34.4688,49.3652
1947688,35.1250,50.0381
1957428,36.1865,60.7402
1967216,34.8799,49.0234
1977056,36.2432,52.0059
1986944,35.7705,51.9834
1996880,36.4902,52.0811
2006868,35.4590,50.6113
2016904,36.1250,51.0967
2026992,34.7813,49.7734
2037128,35.7314,51.0479
2047316,35.2871,50.3301
2057556,34.9854,50.0654
2067844,35.8926,51.3896
2078184,35.4707,51.6260
2088576,36.1914,52.9150
2099020,39.3633,53.1787
2109516,38.5391,52.5400
2120064,38.9375,52.0137
2130668,37.9492,51.4023
2141324,38.3545,51.7559
2152032,38.5625,51.9971
2162796,38.4072,52.0938
2173612,39.3574,52.8682
2184484,39.2734,53.0859
2195408,36.7559,49.5098
2206388,39.0693,52.0684
2217420,38.5781,52.7490
2228508,39.2139,53.7559
2239652,39.2402,53.4170
2250852,39.2588,53.5215
2262108,39.9482,54.1729
2273420,38.1436,51.7188
2284788,38.6816,52.4551
2296212,39.4121,52.9463
2307696,49.0400,53.0918
2319236,38.7559,53.6982
2330836,39.2637,52.5068
2342492,39.4863,53.6182
2354208,39.3740,53.2881
2365980,38.2041,51.3320
2377812,38.9463,52.7832
2389704,37.6846,53.0889
2401656,55.9736,57.7490
2413668,39.1553,53.2949
2425740,36.9805,50.3008
2437872,37.5303,51.5137
2450064,36.7402,50.3555
2462316,38.1387,52.2012
2474628,38.3965,51.8252
2487004,37.6016,52.7910
2499440,37.5449,52.5742
2511940,37.7236,52.7969
2524500,40.3730,53.9355
2537124,37.8682,51.9336
2549812,38.4258,52.3232
2562564,40.4209,55.4463
2575380,36.9648,51.1533
2588260,37.7139,53.0205
2601204,38.1543,52.8604
2614212,37.4541,51.6895
2627284,37.9092,51.7471
2640424,36.9277,50.7031
2653628,38.2559,56.8027
2666900,37.7510,52.1113
2680236,39.3857,54.7490
2693640,37.1279,52.1982
2707112,38.4648,53.2822
2720648,40.8408,55.9131
2734252,39.0400,54.7119
2747924,38.2227,53.2227
2761664,38.8945,54.9160
2775476,40.4316,56.4756
2789356,39.1670,53.7539
2803304,38.2129,53.9648
2817324,38.3799,55.3232
2831412,39.3828,53.5273
2845572,40.5605,56.2871
2859800,36.8652,50.8984
2874100,39.1924,54.0654
2888472,39.8584,55.9043
2902916,39.0498,54.5146
2917432,37.6875,53.5791
2932020,37.7969,53.7725
2946684,38.2949,53.9561
2961420,38.6846,54.3262
2976228,38.0586,52.2100
2991112,39.3877,56.2236
3006068,36.7783,51.8936
3021100,39.4531,53.9111
3036208,38.4697,54.2393
3051392,38.6768,54.8438
3066652,38.5889,53.5869
3081988,39.6826,56.4727
3097400,38.0547,53.4814
3112888,38.6016,54.7529
3128456,37.3867,53.2773
3144100,38.6426,53.7988
3159824,38.8936,54.8623
3175624,40.1797,56.4316
3191504,39.1572,56.0400
3207464,38.4863,54.5342
3223504,38.5000,54.2305
3239624,39.2490,55.4883
3255824,38.0449,53.3770
3272104,38.2148,54.6396
3288468,39.1650,54.8945
3304912,38.2275,64.0664
3321440,42.1045,59.4785
3338048,39.2109,54.8027
3354740,40.0381,55.5986
3371516,39.5625,54.4629
3388376,39.5137,56.6680
3405320,38.3174,52.4600
3422348,40.2598,56.2090
3439460,38.5479,55.1357
3456660,40.2148,55.7676
3473944,41.0859,57.9922
3491316,39.8770,56.7363
3508776,39.3867,56.2686
3526320,38.4141,56.1816
3543952,38.8984,58.7070
3561672,40.7109,57.8594
3579484,61.1865,66.9355
3597384,47.3477,57.9277
3615372,41.2178,59.0439
3633452,42.2227,61.2314
3651620,40.8662,59.0078
3669880,42.5830,60.0713
3688232,40.6113,58.1885
3706676,46.5283,57.3281
3725212,40.3506,56.3701
3743840,41.5430,59.9375
3762560,42.2598,57.8057
3781376,41.6289,58.2451
3800284,39.6289,54.5801
3819288,39.8076,56.6533
3838388,41.8525,58.3545
3857580,39.5967,55.5127
3876868,42.5742,58.7246
3896256,42.1533,59.7324
3915740,42.2207,55.9609
3935320,42.8672,57.1533
3955000,44.7510,60.1104
3974776,42.1455,57.2217
3994652,44.3936,57.9141
4014628,43.6992,59.5059
4034704,42.3604,58.2061
4054880,43.3408,57.5850
4075156,47.6289,56.2451
4095532,42.7207,58.8203
4116012,42.5078,56.2598
4136596,43.6016,59.1885
4157280,44.3027,62.0625
4178068,42.2451,99.1582
4198960,47.1113,61.8486
4219956,47.2256,61.5088
4241056,45.4287,60.7002
4262264,44.6123,58.9150
4283576,45.2354,59.4873
4304996,46.4697,58.0518
4326524,45.6572,59.2061
4348160,44.7051,60.4395
4369904,45.7969,60.9277
4391756,44.9893,60.4893
4413716,44.2773,57.9160
4435788,47.5322,62.3750
4457968,44.1719,58.2891
4480260,46.4756,58.7754
4502664,47.4014,60.9189
4525180,47.0850,60.9531
4547808,44.2148,58.4277
4570548,44.6885,58.8965
4593404,49.8564,63.8154
4616372,46.1113,63.6611
4639456,46.2783,61.6953
4662656,46.2100,60.7480
4685972,44.7188,57.6602
4709404,43.1650,57.9424
4732952,45.0068,61.3896
4756620,45.4756,61.0410
4780404,45.7383,59.5469
4804308,43.8574,57.7354
4828332,45.4688,61.1016
4852476,47.6162,62.7578
4876740,45.8359,60.5029
4901124,46.7197,62.2070
4925632,56.1201,61.3730
4950264,47.3389,61.4951
4975016,43.2188,58.2852
4999892,47.5205,62.1846
5024892,46.1719,60.6426
5050020,47.1201,62.0244
5075272,46.7139,62.1689
5100652,46.0352,59.8467
5126156,44.6387,71.0293
5151788,59.9160,62.3203
5177548,46.9521,61.4551
5203436,46.3994,60.7148
5229456,45.9199,70.3623
5255604,46.9736,62.2061
5281884,46.7666,61.5469
5308296,45.7549,60.0664
5334840,48.2959,62.5303
5361516,46.8506,61.2412
5388324,54.5088,60.7139
5415268,52.9473,58.9307
5442348,45.6338,60.0107
5469560,46.9658,62.4639
5496908,46.2461,67.2617
5524396,44.4199,59.5000
5552020,51.6553,60.7334
5579784,44.5928,59.4688
5607684,45.3320,59.2314
5635724,45.4775,60.0615
5663904,52.5137,59.4756
5692224,45.4307,60.5156
5720688,55.9102,64.7529
5749292,43.9805,59.1162
5778040,47.1641,64.3018
5806932,46.4854,63.0078
5835968,46.2461,62.1836
5865148,44.4961,73.7930
5894476,46.3359,59.5381
5923952,44.0820,59.3379
5953572,46.0068,64.2324
5983340,45.0645,59.6455
6013260,45.6924,61.9238
6043328,43.8828,56.7061
6073548,46.4463,60.7588
6103916,45.4453,61.2305
6134436,45.0049,60.4648
6165112,44.0469,58.2754
6195940,44.8730,63.3711
6226920,44.5996,60.6689
6258056,44.1162,58.8643
6289348,47.0479,59.9717
6320796,44.7686,60.9053
6352400,44.7813,60.4316
6384164,45.2246,59.7451
6416088,43.2637,57.8721
6448172,44.0068,59.1738
6480416,44.0225,59.3184
6512820,45.4961,62.7715
6545388,45.2100,60.4121
6578116,45.2959,61.0703
6611008,46.0293,61.3291
6644064,44.0498,61.6494
6677288,46.7363,62.2637
6710676,47.7139,63.5459
6744232,45.1299,62.1211
6777956,44.7363,60.6982
6811848,46.0703,62.4004
6845908,44.6406,59.9365
6880140,44.5527,61.2656
6914544,45.6328,62.3359
6949120,44.9814,60.7109
6983868,46.2402,64.9404
7018788,46.9111,65.5898
7053884,45.3281,62.5137
7089156,46.0176,63.5654
7124604,46.8486,63.2227
7160228,44.1445,61.5088
7196032,44.8047,61.9580
7232016,45.4131,63.3379
7268180,46.4355,63.9883
7304524,44.7705,62.9248
7341048,42.8447,58.0361
7377756,44.6592,60.2930
7414648,47.0068,66.2031
7451724,46.6963,61.9229
7488984,45.8555,62.8818
7526432,45.8037,61.6758
7564068,45.7344,63.2979
7601892,46.0361,62.3369
7639904,46.0557,64.4941
7678104,45.7090,64.0977
7716496,44.5029,61.8643
7755080,46.5889,63.5186
7793856,44.0615,60.5508
7832828,44.0742,62.8525
7871996,46.3369,64.6045
7911356,44.4658,61.4814
7950916,45.7861,63.0508
7990672,46.3223,67.1211
8030628,46.2705,60.5693
8070784,43.9141,60.2842
8111140,82.1143,77.7324
8151696,47.0186,64.1328
8192456,45.7285,64.4590
8233420,45.7031,64.4531
8274588,46.5586,63.2754
8315964,44.5781,62.9688
8357544,45.2539,63.8311
8399332,52.0635,65.2734
8441332,48.6025,64.4619
8483540,49.2012,65.0762
8525960,50.3545,65.7920
8568592,50.2500,64.9756
8611436,49.2646,65.3018
8654496,51.2490,66.8340
8697772,49.3574,113.7646
8741264,50.6709,65.1934
8784972,49.2305,65.5361
8828900,49.7969,70.5000
8873048,47.3750,62.3135
8917416,50.3389,66.0049
8962004,45.5479,59.1973
9006816,47.1172,61.6523
9051852,50.0527,65.2656
9097112,49.7637,64.6650
9142600,50.9150,65.4268
9188316,48.0674,62.9512
9234260,49.5498,64.5547
9280432,49.9756,64.7227
9326836,49.8857,66.3291
9373472,49.1006,65.3770
9420340,48.0986,62.9473
9467444,48.8086,73.6836
9514784,46.9424,62.2979
9562360,47.5469,62.2012
9610172,50.4785,67.7090
9658224,48.1563,63.4668
9706516,49.0020,64.1895
9755052,49.7471,65.1758
9803828,49.5654,65.0566
9852848,48.8867,63.7891
9902116,80.8633,65.1367
9951628,49.1973,65.8594
10001388,47.2900,63.8496
10051396,47.4297,62.6055
10101656,51.6221,66.5078
10152168,47.5596,62.5039
10202932,49.3213,64.2998
10253948,49.5078,65.0117
10305220,49.2363,65.3203
10356748,50.6035,67.9980
10408532,47.8340,62.9199
10460576,49.6748,64.9912
10512880,47.6533,64.1826
10565448,47.8848,61.8291
10618276,48.4492,64.9922
10671368,50.3574,66.0840
10724728,50.4512,67.7451
10778352,53.4756,94.0996
10832244,53.9199,67.4219
10886408,52.4219,66.2061
10940844,56.3262,64.4033
10995552,50.9238,65.8691
11050532,51.3184,67.5283
11105788,52.0635,66.6025
11161320,52.3877,70.1875
11217128,52.9199,69.0205
11273216,50.3174,64.5723
11329584,51.9121,67.6201
11386232,50.7510,64.3594
11443164,48.7725,62.4932
11500380,52.1533,66.0342
11557884,50.8613,66.2480
11615676,57.8652,66.1484
11673756,53.4570,69.7041
11732128,50.0996,64.3320
11790792,50.9189,65.8779
11849748,50.8115,64.7285
11909000,52.6172,67.1328
11968548,51.2139,67.1572
12028392,50.4189,69.4766
12088536,50.9756,67.3398
12148980,90.3652,87.3975
12209728,51.2139,66.1729
12270780,49.5791,65.7256
12332136,47.5654,62.4365
12393800,52.0498,66.5713
12455772,49.7109,65.8555
12518052,49.2793,67.9424
12580644,52.4111,68.5850
12643548,48.5840,65.7109
12706768,51.2822,69.2441
12770304,52.2842,70.9980
12834156,51.8057,68.2402
12898328,49.8750,65.3193
12962820,53.4043,68.2998
13027636,50.0332,67.0088
13092776,50.6680,67.9170
13158240,51.2266,73.5342
13224032,52.4111,66.8906
13290156,53.8125,68.2705
13356608,62.8955,68.2627
13423392,54.1074,70.2881
13490512,51.0801,69.8105
13557968,48.9443,66.8848
13625760,49.4346,67.4746
13693892,49.6475,69.7354
13762364,51.7236,69.3418
13831176,50.2275,66.6953
13900332,50.9209,79.7705
13969836,50.5195,65.9902
14039688,48.8047,65.3438
14109888,57.8828,67.3018
14180440,49.4707,67.1396
14251344,53.0625,80.6045
14322604,50.2227,66.2266
14394220,50.4209,67.9746
14466192,49.1387,66.2188
14538524,48.7158,66.0684
14611220,50.2402,68.8135
14684280,48.9004,67.7754
14757704,50.7637,68.2334
14831496,51.2959,69.4746
14905656,81.1543,67.9844
14980188,51.3867,68.6533
15055092,56.9590,69.4453
15130368,51.7256,67.2988
15206020,49.8125,81.6270
15282052,50.2549,66.8867
15358464,52.4092,68.0850
15435260,50.7715,67.9346
15512440,53.9365,70.8730
15590004,52.5654,67.5859
15667956,54.4150,70.4463
15746296,52.8496,69.5420
15825028,67.4102,73.1436
15904156,52.7949,73.6865
15983680,56.2881,71.0000
16063600,52.9648,70.0303
16143920,58.7695,72.8350
16224640,56.4131,72.3389
16305764,72.9229,71.5703
16387296,56.5547,71.3213
16469236,58.3115,72.7637
16551584,58.8125,73.6045
16634344,58.2490,75.3545
16717516,56.0947,73.6152
16801104,61.1680,74.3086
16885112,63.7246,74.8008
16969540,64.5713,76.8418
17054388,61.5000,71.7568
17139660,61.9951,70.6934
17225360,66.2539,76.5596
17311488,65.8984,77.0400
17398048,63.9297,74.0264
17485040,62.3447,83.1455
17572468,63.2666,73.2920
17660332,67.2383,77.1475
17748636,65.3594,77.2324
17837380,62.5352,72.4326
17926568,65.5615,74.5840
18016204,67.7100,72.0498
18106288,64.3926,80.3115
18196820,64.5508,86.6621
18287808,109.5625,92.4443
18379248,71.9551,69.1729
18471148,64.2842,69.1016
18563504,64.8750,69.5498
18656324,64.4307,72.7930
18749608,53.2871,68.0684
18843360,53.7881,69.8848
18937580,52.7432,68.4551
19032268,52.3086,70.7783
19127432,55.8662,76.4551
19223072,64.5674,79.3916
19319188,61.3652,71.1045
19415784,152.8564,112.7168
19512864,66.0469,78.3389
19610432,74.1807,77.3242
19708488,54.9189,73.2773
19807032,53.8184,69.7500
19906068,59.7314,71.8154
20005600,54.2871,68.8184
20105628,58.3447,71.4746
20206160,56.9082,71.9414
20307192,58.2461,69.7412
20408728,54.4463,71.2168
20510772,56.0361,85.4629
20613328,54.2568,71.0488
20716396,55.6660,71.8340
20819980,57.0977,72.7822
20924080,54.8486,73.5752
21028704,55.5410,69.1777
21133848,59.6270,71.9580
21239520,59.2324,71.3086
21345720,56.2803,72.7207
21452452,56.6084,73.8770
21559716,59.9346,74.2314
21667516,58.8008,71.8643
21775856,57.7139,67.5713
21884736,57.0469,69.8438
21994160,61.4316,73.5576
22104132,61.2559,73.0889
22214656,59.4307,74.4004
22325732,60.2617,83.0693
22437364,84.1240,144.3613
22549552,85.6250,85.7979
22662300,61.1719,80.2881
22775612,61.8311,72.8965
22889492,62.8037,75.0283
23003940,59.2949,74.0918
23118960,57.5146,71.8105
23234556,61.6152,74.4844
23350732,61.5449,77.2217
23467488,59.9658,71.5977
23584828,61.4385,74.2529
23702756,63.5879,82.2197
23821272,64.1826,77.4141
23940380,64.7080,77.0020
24060084,62.9121,77.1836
24180388,69.7148,78.3516
24301292,66.2969,75.9102
24422800,61.6406,74.5762
24544916,61.3604,74.2178
24667644,60.2520,73.9023
24790984,61.6162,73.1875
24914940,65.8145,95.6787
25039516,68.9053,77.3066
25164716,69.5010,92.2764
25290540,63.9854,77.1016
25416996,71.8135,77.2393
25544084,67.7285,76.8467
25671808,65.2363,75.5479
25800168,68.9287,77.4141
25929172,66.3613,75.0293
26058820,69.7031,79.0557
26189116,72.4980,84.5010
26320064,73.8086,80.7754
26451668,70.2930,77.9893
26583928,66.0625,78.1719
26716848,71.0898,82.5850
26850436,68.8623,78.9365
26984692,76.3613,106.7383
27119616,73.2822,79.9150
27255216,74.8096,84.9756
27391496,160.3037,111.5273
27528456,96.6514,115.6357
27666100,99.1055,104.6152
27804432,92.7236,101.4141
27943456,91.7568,100.7568
28083176,109.4346,102.3789
28223592,101.0371,105.7773
28364712,96.6787,109.1357
28506536,97.4004,106.2139
28649072,93.8027,105.6494
28792320,96.6416,103.0967
28936284,95.4551,123.0400
29080968,111.5742,105.7227
29226376,95.3584,105.6973
29372508,94.8096,106.0273
29519372,94.1631,102.0264
29666972,97.6904,117.3174
29815308,101.1602,106.5957
29964388,101.1855,166.5801
30114212,101.4014,108.3027
30264784,113.0391,139.4180
30416108,99.5703,113.9961
30568192,101.3975,118.0752
30721036,106.2500,110.2744
30874644,103.7324,105.6299
31029020,104.8955,114.7988
31184168,109.1387,135.7422
31340092,105.6582,112.7266
31496796,105.8496,119.2227
31654280,108.2236,135.7969
31812552,109.1797,112.3105
31971616,106.0586,120.0205
32131476,114.6543,157.8799
32292136,131.1309,118.4541
32453600,113.6533,117.9307
32615868,114.3350,111.9053
32778948,125.8555,113.1523
32942844,226.5479,120.6592
33107560,106.6201,116.9170
33273100,108.2559,119.4619
33439468,169.1855,126.7432
33606668,119.0146,125.6650
33774704,148.8701,116.9473
33943580,129.6533,114.6074
34113300,123.5752,114.8008
34283868,122.2500,117.8506
34455288,121.3496,125.8965
34627568,124.4736,119.9775
34800708,125.6182,121.5088
34974712,123.7266,132.4023
35149588,120.6270,120.7354
35325336,121.5459,124.9736
35501964,115.4189,115.6270
35679476,114.1143,117.4238
35857876,123.8584,123.8369
36037168,118.5000,119.6641
36217356,118.0313,119.9512
36398444,130.5068,123.1689
36580440,125.5938,127.3516
36763344,120.4668,131.1885
36947164,127.4453,125.8555
37131900,137.9893,120.7178
37317560,126.9502,122.4375
37504148,134.8770,123.7842
37691672,124.6553,125.5195
37880132,199.3867,118.5869
38069536,122.4766,117.2568
38259884,132.2432,138.3867
38451184,127.4990,125.3516
38643440,121.4482,138.4980
38836660,129.0078,125.4346
39030844,126.3477,131.8018
39226000,126.2881,124.5205
39422132,132.1094,139.3145
39619244,132.3682,132.9854
39817344,131.9375,130.0635
40016432,135.0693,128.7119
40216516,139.4395,129.4326
40417600,137.9502,123.8057
40619688,146.6191,130.3496
40822788,136.4629,136.7793
41026904,143.9346,149.5420
41232040,120.6953,115.5439
41438204,153.9932,185.7002
41645396,130.4531,128.0762
41853624,122.9014,124.1357
42062896,121.7871,154.1074
42273212,129.7988,127.4893
42484580,119.3174,117.6611
42697004,126.8584,131.6436
42910492,127.1299,141.6182
43125048,134.0889,129.2900
43340676,143.9131,126.6367
43557380,125.9814,143.8154
43775168,125.5732,122.8438
43994044,148.2939,121.5264
44214016,128.8105,133.0508
44435088,129.9990,131.4541
44657264,156.5117,129.2441
44880552,133.1035,126.0215
45104956,143.3721,129.2227
45330484,132.6475,137.2305
45557140,122.7041,130.7432
45784928,135.8535,133.7842
46013856,119.2500,126.1260
46243928,124.5713,126.6309
46475148,172.8789,126.8076
46707524,129.8633,137.8252
46941064,125.2109,128.6631
47175772,139.3574,134.7031
47411652,125.8867,131.6924
47648712,136.3867,136.4287
47886956,131.5898,132.0586
48126392,130.2422,138.7393
48367024,142.2813,139.3711
48608860,131.8496,132.6865
48851908,124.3984,134.0635
49096168,130.1289,147.6055
49341652,126.3789,139.4258
49588364,131.3174,136.7266
49836308,132.6934,134.2383
50085492,133.8975,144.3672
50335920,133.2158,146.9785
50587600,134.2354,141.1611
50840540,126.8506,130.1494
51094744,144.2236,141.8682
51350220,142.7383,146.9482
51606972,172.9473,161.3223
51865008,165.8916,150.1094
52124336,156.0879,156.5313
52384960,156.4912,153.4248
52646888,151.6846,145.0117
52910124,139.9922,147.3721
53174676,139.4248,145.0068
53440552,151.7803,145.0313
53707756,135.7227,138.5273
53976296,143.1611,140.6133
54246180,144.9180,181.5645
54517412,142.0898,147.6387
54790000,147.0186,152.6768
55063952,158.6348,164.1123
55339272,140.4600,144.5137
55615972,157.0469,145.8896
55894052,138.1045,141.8457
56173524,145.4258,143.2061
56454392,165.0137,161.7656
56736664,163.3623,152.7939
57020348,145.8711,148.9775
57305452,144.4375,148.3594
57591980,139.7197,139.5322
57879940,146.0996,151.3906
58169340,148.5703,150.7676
58460188,143.2266,155.0107
58752492,145.9414,149.9512
59046256,143.7168,148.7803
59341488,144.0801,144.8691
59638196,147.5244,151.5771
59936388,148.5010,155.5967
60236072,150.5684,155.6416
60537256,159.5186,150.5361
60839944,157.9580,162.1865
61144144,186.9307,177.2217
61449868,155.2432,162.7393
61757120,152.0313,166.4512
62065908,178.4053,154.2295
62376240,189.2998,153.0068
62688124,161.2109,165.0947
63001568,156.9268,160.6074
63316576,160.5508,164.9512
63633160,157.7139,179.1328
63951328,144.5762,152.9678
64271088,160.0186,161.0830
64592444,159.8301,163.5039
64915408,165.7490,160.0371
65239988,155.6250,185.8730
65566188,163.0898,182.1396
65894020,226.0273,179.5205
66223492,174.1494,184.6094
66554612,163.1250,167.6543
66887388,155.3086,167.7842
