4,1.0586,1.2510
8,1.7725,5.9395
12,2.2354,7.7207
16,2.2373,8.8652
20,2.8252,10.4629
24,2.8291,13.0557
28,2.8174,12.4541
32,2.8174,13.6250
36,3.3164,13.6006
40,3.2705,14.3398
44,3.2813,15.0361
48,3.2725,15.8428
52,3.2793,16.2754
56,3.2744,17.7402
60,3.2764,17.7627
64,3.2705,18.4482
68,3.7695,18.4561
72,3.7705,18.4893
76,3.7744,28.9141
80,3.7803,18.7969
84,3.8076,18.7822
88,3.7686,18.7871
92,3.8105,19.3848
96,3.7871,20.0127
100,3.8242,21.1123
104,3.7871,21.0391
108,3.7754,21.2803
112,3.7725,21.7314
116,3.7881,23.4805
120,3.7803,22.7158
124,3.7754,22.3701
128,3.7793,22.3232
132,4.3564,22.5459
136,4.3184,22.1426
140,4.3076,22.2100
144,4.2988,22.4004
148,4.3008,23.0000
152,4.3076,22.8311
156,4.2959,22.9180
160,4.3154,22.6563
164,4.3291,22.6494
168,4.2988,22.6367
172,4.2949,22.9639
176,4.2930,23.5039
180,4.3096,22.7256
184,4.2988,22.8545
188,4.3018,23.2100
192,4.3018,23.1826
196,4.3252,23.6924
200,4.2910,23.9502
204,4.2959,24.3916
208,4.3047,25.0674
212,4.2979,25.0400
216,4.3027,26.4893
220,4.3105,25.3877
224,4.2959,25.7051
228,4.3076,26.4736
232,4.3135,26.5645
236,4.2959,26.2539
240,4.3018,26.5889
244,4.3252,26.5674
248,4.3076,27.0449
252,4.2949,26.7705
256,4.3105,26.8340
260,4.9502,26.7539
264,4.9121,26.3389
268,4.9189,26.6904
272,4.8945,26.7168
276,4.9297,26.7295
280,4.9434,26.5742
284,4.9033,26.9541
288,4.9180,26.5332
292,4.9229,24.6338
296,4.9209,24.9023
300,4.9258,24.1064
304,4.9023,24.1680
308,4.9180,25.5967
312,4.9014,24.0537
316,4.9180,23.8438
320,4.9248,23.7598
324,4.9287,24.1758
328,4.9102,24.3428
332,4.9102,23.9258
336,4.9141,24.5234
340,4.9277,24.4150
344,4.9385,24.5195
348,4.8965,24.9092
352,4.9287,24.3262
356,4.9258,24.5938
360,4.9043,25.2871
364,4.9258,25.3047
368,4.9023,25.1260
372,4.9180,25.0684
376,4.9287,24.9258
380,4.9053,25.3359
384,4.9316,25.3818
388,4.9121,25.0078
392,4.9014,25.9072
396,4.9258,25.8027
400,4.9082,26.2773
404,4.9248,26.5762
408,4.9199,26.3477
412,4.9092,27.1035
416,4.9209,26.6318
420,4.9316,26.8877
424,4.9287,26.6602
428,4.8994,26.6533
432,4.9082,26.6963
436,4.9150,27.6211
440,4.9092,27.2949
444,4.9170,27.1865
448,4.9199,27.0674
452,4.9277,27.5908
456,4.9229,28.0635
460,4.9150,27.4375
464,4.9063,32.8896
468,4.9512,28.1084
472,4.8965,28.0781
476,4.9463,28.4805
480,4.9150,28.2002
484,4.9189,28.6602
488,4.9053,30.1738
492,4.9346,28.6660
496,4.9033,28.9795
500,4.9326,29.0898
504,4.9131,28.7197
508,4.9092,28.9834
512,4.9111,29.3955
516,8.0000,29.4531
520,7.9131,29.4561
524,7.7871,29.0107
528,7.6787,36.6211
532,8.0117,29.5752
536,7.8877,29.2861
540,7.7432,29.1299
544,7.8115,29.5156
548,7.7705,29.3008
552,7.5947,29.4434
556,7.9707,29.9727
560,7.8809,29.5557
564,7.7412,29.4199
568,7.7900,31.3643
572,7.7100,29.3242
576,7.9238,29.7578
580,7.7588,30.0303
584,7.8809,29.6270
588,7.8525,30.0947
592,7.7705,29.8232
596,7.7305,29.6025
600,7.9727,29.7285
604,7.9990,30.5713
608,7.8027,29.9209
612,8.0684,30.0068
616,7.8428,29.7656
620,7.8652,29.3447
624,7.8438,30.1455
628,7.7861,30.5938
632,7.7559,29.8574
636,7.8379,29.5078
640,7.8145,30.0283
644,7.7549,29.9688
648,7.8174,30.1133
652,7.8271,30.1270
656,7.8379,29.7480
660,8.0088,30.1133
664,7.9121,29.9277
668,7.9248,30.3691
672,8.0059,30.1260
676,8.1172,30.2461
680,8.1309,30.3857
684,7.7490,30.3115
688,7.7510,30.6836
692,7.7393,30.6670
696,7.8496,29.9814
700,7.7715,29.9688
704,7.7949,30.3506
708,7.8252,36.2080
712,8.9375,30.1006
716,7.9072,30.5322
720,7.9658,30.8340
724,10.6094,65.2383
728,8.1260,31.2354
732,7.8076,30.3203
736,7.9346,29.2930
740,8.1055,29.9648
744,7.8877,30.0088
748,7.9404,29.3584
752,7.9121,29.6689
756,7.8701,29.6689
760,7.6934,29.7148
764,7.8535,29.7275
768,7.7998,29.8096
772,7.7715,29.4648
776,7.8516,29.9756
780,7.7939,29.5781
784,12.5254,30.4580
788,8.0166,29.9746
792,8.0898,29.6885
796,7.9756,31.0303
800,7.8604,30.2061
804,7.7031,29.9922
812,7.8516,30.8320
820,7.7578,30.0645
828,7.9590,30.4932
836,7.9209,30.6670
844,7.7676,30.6104
852,7.8535,30.6777
860,7.7168,30.5000
868,7.9336,31.4443
876,7.8203,30.1709
884,7.7900,31.2656
892,7.9258,31.6230
900,7.9873,30.9492
908,7.8428,31.3857
916,7.9102,31.1963
924,7.7422,31.7227
932,7.7881,30.9668
940,7.9697,32.5537
948,7.9482,31.3496
956,7.7900,32.0596
964,7.8828,32.1826
972,7.8506,31.9912
980,7.8330,31.9990
988,7.8887,31.9883
996,7.6904,31.5283
1004,7.7549,31.9834
1012,8.3975,31.7988
1020,7.9004,32.3789
1028,12.1357,32.5840
1036,11.5547,32.2627
1044,11.3467,31.4277
1052,11.1914,31.4648
1060,11.6963,31.5391
1068,11.5088,31.9766
1076,11.5352,31.1904
1084,12.1260,46.3135
1092,11.8496,33.9424
1100,11.2197,33.2451
1108,11.3350,32.5264
1116,11.0850,33.0439
1124,11.2627,33.3047
1132,11.2109,33.4316
1140,11.2344,33.1846
1148,11.0967,31.9121
1156,11.1113,31.7744
1164,11.0137,31.2656
1172,11.0674,31.4775
1180,11.2988,31.5605
1188,11.1904,31.7949
1196,10.9365,30.6016
1204,11.0957,31.4111
1212,10.8594,30.7559
1220,10.8213,31.6162
1228,11.1123,31.7041
1236,10.9531,30.8193
1244,11.0840,31.4326
1252,11.0713,31.7783
1260,10.9551,32.1914
1268,10.9316,31.1143
1276,10.8721,30.7129
1284,11.0615,31.7725
1292,10.9805,32.5576
1300,11.2129,33.0605
1308,11.0791,32.2539
1316,11.0205,32.0273
1324,10.7949,32.3584
1332,10.6338,31.7178
1340,10.9395,32.3984
1348,11.1543,74.1416
1356,11.2275,32.7764
1364,10.9287,31.9111
1372,11.1230,32.5381
1380,11.0840,32.4863
1388,10.9844,32.9473
1396,12.5117,33.2412
1404,11.0615,32.7598
1412,10.9844,32.5703
1420,10.8936,32.3096
1428,11.0332,32.7119
1436,11.2832,34.2393
1444,11.1406,32.6318
1452,10.9902,32.3213
1460,11.0342,32.3223
1468,11.3740,33.0996
1476,10.9131,32.9707
1484,10.8213,32.4219
1492,10.9785,32.8594
1500,10.6943,32.3252
1508,11.0234,32.9922
1516,11.1064,32.9219
1524,11.0762,32.7021
1532,11.4238,33.0488
1540,11.3350,33.4004
1548,10.8838,33.5742
1556,11.2168,33.2969
1564,11.0430,34.6982
1572,11.4229,33.2197
1580,11.2803,33.0039
1588,11.2578,32.7637
1596,11.2666,33.8564
1604,11.1113,33.1357
1616,10.7607,33.2852
1628,10.9043,33.0420
1640,11.1533,33.6592
1652,10.9785,32.9102
1664,11.0498,33.4922
1676,10.9355,33.3398
1688,10.7139,33.8594
1700,11.0986,32.9160
1712,11.1182,33.4463
1724,10.9639,33.7891
1736,10.9561,33.5967
1748,11.3066,34.7969
1760,11.0977,46.3652
1772,51.1240,34.5205
1784,11.5547,35.0576
1796,11.2227,34.9307
1808,11.4248,35.6553
1820,11.2959,34.9922
1832,11.5586,34.2549
1844,11.1328,34.7754
1856,11.4443,34.6602
1868,11.2998,34.7471
1880,11.0771,34.4609
1892,11.7158,34.7783
1904,11.3857,35.0811
1916,11.3223,34.9443
1928,11.2314,34.9424
1940,11.2070,34.5010
1952,11.3682,35.1650
1964,11.2813,35.4648
1976,11.5586,35.4121
1988,11.2803,35.0439
2000,11.2959,34.4346
2012,11.1973,34.8213
2024,11.0068,35.6914
2036,11.4453,35.4365
2048,11.1279,35.2725
2060,15.0391,35.6992
2072,14.9785,35.7822
2084,14.8330,36.0010
2096,15.0977,35.8613
2108,14.7988,35.5410
2120,14.8594,35.3408
2132,14.9004,36.2734
2144,14.8008,35.5791
2156,14.6572,36.2773
2168,28.1846,45.4414
2180,14.4785,35.2061
2192,14.5547,34.3477
2204,14.7314,35.4424
2216,14.9814,35.2354
2228,14.6787,34.3506
2240,14.9785,35.3057
2252,14.6143,35.4512
2264,14.8818,36.0234
2276,14.3135,113.8291
2288,14.7363,35.2949
2300,14.7510,35.5879
2312,14.7217,35.3018
2324,14.2939,34.8994
2336,14.4580,35.1514
2348,14.5479,35.7969
2360,14.2598,36.5244
2372,14.0430,35.4844
2384,14.3389,35.5732
2396,14.6387,35.3281
2408,14.2793,34.9453
2424,13.9844,35.3506
2440,14.2627,35.5684
2456,14.2930,35.6328
2472,14.1475,36.0264
2488,14.1084,36.2500
2504,13.9658,35.6631
2520,14.2471,35.6826
2536,14.4004,35.6680
2552,13.8730,35.6055
2568,14.2441,35.8730
2584,14.0225,34.7344
2600,14.5176,37.9990
2616,14.8721,36.4951
2632,14.8428,37.4336
2648,14.4971,36.5391
2664,14.3301,36.1318
2680,14.6748,37.3496
2696,14.6299,37.5586
2712,15.0430,36.5430
2728,14.9287,36.5068
2744,14.8350,37.0010
2760,14.8057,36.8750
2776,14.5410,37.3525
2792,14.7871,37.3105
2808,14.8145,37.2832
2824,14.5645,36.7490
2840,14.4980,37.1924
2856,14.1963,37.3760
2872,14.5615,37.1475
2888,14.2842,37.1191
2904,54.4023,37.7930
2920,14.7236,37.7324
2936,14.3994,37.6543
2952,14.6182,37.0645
2968,14.5361,37.8193
2984,15.0361,37.5879
3000,14.2236,37.4238
3016,14.5449,37.4063
3032,14.0625,37.2520
3048,14.4238,37.0742
3064,14.5547,37.4209
3080,14.6182,38.3447
3096,14.1074,36.8486
3112,14.4961,36.7607
3128,14.0771,37.0488
3144,13.8818,36.2607
3160,13.9961,36.5537
3176,14.1621,36.7256
3192,14.0820,63.2783
3208,14.4268,37.5742
3228,14.2900,37.1914
3248,14.0020,37.0146
3268,14.5049,36.8330
3288,14.3418,37.0127
3308,14.2852,37.3223
3328,14.0986,38.1377
3348,14.3809,36.9570
3368,14.2344,37.5674
3388,13.9697,36.8242
3408,14.3232,37.5674
3428,14.1309,37.9834
3448,14.3301,37.7715
3468,14.2412,38.2715
3488,14.1689,37.2910
3508,14.0439,37.9658
3528,14.2314,37.9424
3548,14.1738,37.6807
3568,14.2813,38.5801
3588,14.0869,38.5146
3608,14.2871,76.9248
3628,14.3506,38.6504
3648,14.1865,38.3984
3668,14.4004,38.4434
3688,14.0771,37.9072
3708,14.3447,38.3311
3728,14.1914,38.6357
3748,14.2246,38.6641
3768,14.1670,38.4844
3788,14.2451,38.7969
3808,14.2178,38.0381
3828,14.2559,37.7227
3848,14.2598,38.2666
3868,14.1523,39.1035
3888,14.6357,37.8330
3908,14.0889,38.4346
3928,14.2363,38.3906
3948,14.2080,38.1309
3968,14.2490,38.2402
3988,14.1670,37.9854
4008,14.1494,37.9502
4032,14.0166,38.0518
4056,14.2422,37.9766
4080,13.9697,38.7129
4104,22.0996,39.0781
4128,21.4600,38.6689
4152,21.5469,38.5068
4176,21.4326,39.1230
4200,21.4355,39.2236
4224,21.7393,39.6152
4248,21.4932,38.8389
4272,21.3770,38.7598
4296,21.6465,38.9688
4320,21.6875,39.2881
4344,21.3242,38.5605
4368,21.2783,66.7100
4392,21.7441,41.1045
4416,21.9355,39.1504
4440,93.0400,60.2334
4464,17.7432,39.7773
4488,17.1758,39.2764
4512,17.0420,45.0127
4536,17.7539,39.3926
4560,17.5244,39.3232
4584,17.4805,39.2422
4608,17.4707,39.7725
4632,17.3320,39.7031
4656,17.8838,39.8633
4680,17.2686,39.9570
4704,17.3496,39.7461
4728,17.2822,44.8428
4752,17.6602,41.5313
4776,17.3447,50.2119
4800,17.5049,40.0508
4824,17.3994,39.6758
4852,17.5938,39.8467
4880,17.4053,39.8291
4908,17.6094,40.1201
4936,17.5459,39.9961
4964,17.7852,39.7588
4992,17.5830,41.4033
5020,17.6455,41.5791
5048,17.6465,39.9775
5076,17.3311,40.2871
5104,17.5029,39.5020
5132,17.1982,39.2119
5160,17.3975,40.1621
5188,18.9795,40.2939
5216,17.3916,40.3818
5244,17.3691,39.5674
5272,17.2461,39.2188
5300,17.1465,39.4102
5328,17.2666,39.7275
5356,17.6309,39.7314
5384,17.3672,39.8203
5412,17.2041,39.6572
5440,17.3438,40.0488
5468,17.2334,39.6943
5496,17.2646,40.2051
5524,17.3516,40.1914
5552,17.1064,39.4268
5580,18.2305,39.5078
5608,17.5039,39.3311
5640,17.1846,39.8105
5672,17.5283,39.6465
5704,17.4258,40.3730
5736,17.5527,40.0430
5768,17.2246,39.7627
5800,17.1631,39.8389
5832,17.4990,39.3574
5864,17.3896,39.6035
5896,17.2744,40.0557
5928,17.4111,39.7734
5960,17.6504,40.4063
5992,16.9160,41.1152
6024,17.1934,39.4170
6056,17.2910,40.4502
6088,17.4922,40.0898
6120,17.9014,40.4180
6152,17.3408,40.7832
6184,17.1504,39.9785
6216,17.3740,39.8711
6248,17.4463,40.8828
6280,17.3662,40.9463
6312,17.6807,40.7617
6344,17.1494,40.9590
6376,17.7627,40.5684
6408,17.2637,40.9941
6444,18.5703,40.5596
6480,17.6533,41.7520
6516,17.7471,40.5479
6552,17.4482,40.8135
6588,17.4043,40.6123
6624,17.3672,40.7246
6660,17.2305,40.7422
6696,17.1357,40.5664
6732,17.0332,40.4814
6768,17.5410,41.0859
6804,17.4385,41.0410
6840,17.2881,41.3848
6876,17.5283,41.4326
6912,17.2305,42.7607
6948,17.5791,41.3574
6984,17.4482,40.8291
7020,17.3867,41.8281
7056,17.2080,41.1787
7092,17.4521,41.9453
7128,17.2920,41.2471
7164,17.1367,41.3145
7200,17.3467,41.2998
7236,17.2861,42.0303
7276,17.6084,41.5029
7316,17.3574,42.3779
7356,17.2373,40.9365
7396,17.4141,41.9746
7436,17.5107,41.5732
7476,17.3857,42.3809
7516,17.7715,43.5020
7556,17.0254,41.4492
7596,17.4521,41.4639
7636,17.2021,42.2949
7676,17.4521,41.7910
7716,17.1074,41.2900
7756,17.2383,41.6572
7796,17.6064,41.8887
7836,17.1611,42.5664
7876,17.1191,42.0400
7916,17.2070,41.5508
7956,18.2236,42.1162
7996,17.3398,42.4248
8036,17.5332,41.4775
8080,17.3896,42.0576
8124,17.0176,42.1426
8168,17.4141,41.8789
8212,23.8213,42.2051
8256,20.5488,42.3486
8300,20.7686,42.5156
8344,20.5420,42.7891
8388,20.3760,41.5703
8432,20.3105,42.2725
8476,21.0186,42.8008
8520,21.6025,41.9717
8564,20.6035,42.7646
8608,20.0205,41.9424
8652,20.3096,41.7979
8696,20.7100,42.4600
8740,20.9248,43.1865
8784,20.1504,42.2988
8828,20.3984,42.3535
8876,20.6602,41.4736
8924,20.7295,42.8438
8972,20.4766,41.9688
9020,20.6504,42.3047
9068,20.4180,43.9824
9116,20.7813,52.1699
9164,20.3066,42.5547
9212,20.5586,42.6611
9260,20.7344,43.0566
9308,20.2832,42.1553
9356,20.2119,42.0234
9404,20.2178,42.6387
9452,20.1670,42.8184
9500,20.3682,42.8613
9548,23.8066,43.8652
9596,21.5010,43.1699
9644,20.0088,42.6035
9696,56.4258,51.4482
9748,20.6494,42.8340
9800,20.5107,42.4473
9852,20.5410,42.8447
9904,20.5205,42.8945
9956,20.2402,42.8301
10008,20.6250,43.2314
10060,20.1299,43.0771
10112,20.6719,42.9082
10164,20.5938,42.4229
10216,20.3389,42.9746
10268,19.9414,43.6475
10320,20.3379,43.1094
10372,20.5264,43.5850
10424,20.6787,42.7607
10480,20.6143,43.5293
10536,20.2285,42.8184
10592,20.2910,42.7822
10648,20.2451,42.6250
10704,20.5547,43.2734
10760,20.2324,43.0654
10816,20.5449,42.8252
10872,20.1777,43.7295
10928,20.4316,42.6709
10984,20.5332,43.5576
11040,20.7021,43.4043
11096,20.5781,43.5576
11152,20.5195,42.6572
11208,20.5918,43.1631
11268,20.6465,43.1318
11328,21.0840,43.6895
11388,20.5615,43.6006
11448,20.4189,43.4053
11508,21.0820,43.8701
11568,20.6436,42.7207
11628,20.3135,42.8076
11688,20.2959,44.1084
11748,20.8770,43.9727
11808,20.5273,43.7324
11868,20.7686,43.6201
11928,20.7959,44.0293
11988,20.7617,42.7930
12048,20.7998,43.7383
12112,20.4941,43.4658
12176,20.3721,43.2129
12240,20.5420,43.8779
12304,20.6572,43.2480
12368,20.4629,43.8174
12432,20.6660,43.3789
12496,23.3516,46.8125
12560,20.4678,48.9170
12624,20.5674,44.3057
12688,20.6563,43.9092
12752,20.8350,44.1689
12816,20.3867,44.1572
12884,20.7061,44.8262
12952,20.3662,44.5361
13020,19.7910,43.2529
13088,20.3340,44.7969
13156,20.3525,44.3750
13224,20.8955,43.7051
13292,20.1650,44.0996
13360,20.4336,44.2168
13428,19.7578,43.5313
13496,20.5713,44.3008
13564,20.5957,44.9443
13632,20.2051,44.4893
13704,20.5488,44.7617
13776,20.6924,45.2139
13848,20.4033,45.2617
13920,20.7803,45.2051
13992,20.2432,44.3984
14064,20.4785,45.3135
14136,20.7998,44.7783
14208,20.2559,44.9785
14280,20.5361,44.9473
14352,20.3564,44.1953
14424,20.7314,44.8271
14500,20.8574,45.1211
14576,20.4873,44.5029
14652,20.3369,44.8223
14728,20.4873,44.4707
14804,20.8428,45.1582
14880,20.1016,44.2695
14956,20.5615,44.9814
15032,20.2393,44.8730
15108,20.2949,45.3633
15184,21.0771,44.9834
15260,20.5381,44.4414
15340,20.9502,44.8594
15420,20.7402,44.9922
15500,20.4219,45.9395
15580,20.6914,44.8115
15660,20.5986,44.6680
15740,20.3447,45.2715
15820,20.6025,45.4023
15900,20.1377,44.9307
15980,20.5811,45.0332
16060,20.5039,45.4131
16144,20.4111,44.9131
16228,20.1094,45.6807
16312,20.2725,45.1279
16396,28.7842,45.3867
16480,27.2500,45.9707
16564,23.7656,46.0166
16648,23.6338,45.3340
16732,23.9170,44.7744
16816,23.9414,45.2266
16904,23.7158,45.4023
16992,23.1699,45.2412
17080,23.6084,44.9404
17168,23.7646,45.7021
17256,23.4248,45.9863
17344,23.4639,44.8838
17432,23.5049,46.0996
17520,23.3721,45.7578
17608,23.4678,45.9014
17700,23.5830,61.9443
17792,23.9063,45.9756
17884,23.6465,53.8945
17976,23.1699,45.1143
18068,23.6143,45.6504
18160,24.2383,45.9619
18252,23.9473,46.3848
18344,23.5820,45.4238
18436,23.7803,45.4746
18532,23.6064,45.6953
18628,23.3340,49.9307
18724,23.5625,45.8857
18820,23.6660,46.5244
18916,23.6357,46.1445
19012,23.6592,46.4736
19108,23.9834,46.6162
19204,23.5420,45.3770
19304,23.9932,46.5527
19404,23.8818,46.1006
19504,23.2861,46.1035
19604,23.4902,46.0264
19704,24.6777,46.7598
19804,23.2178,46.0010
19904,23.9121,46.7676
20004,23.5166,45.2275
20108,23.5293,45.8721
20212,23.6201,46.1182
20316,23.7734,46.2451
20420,23.2627,46.4160
20524,23.6143,46.1006
20628,23.5732,47.1797
20732,23.5557,45.7148
20836,23.7549,46.9277
20944,23.5850,47.1279
21052,23.4287,46.2148
21160,23.6709,47.1455
21268,23.5059,46.8945
21376,23.4248,46.9150
21484,23.5029,46.5928
21592,23.2939,45.8672
21700,23.3955,46.4746
21812,23.4717,46.5693
21924,23.7900,46.3584
22036,23.1230,46.4326
22148,23.7246,46.4189
22260,23.4463,46.6289
22372,23.9219,46.6719
22484,23.2207,47.1162
22600,23.8623,47.2607
22716,23.6572,46.2695
22832,23.5088,47.1309
22948,23.8301,47.1484
23064,23.9199,47.1299
23180,23.6035,72.7480
23296,23.4961,46.6885
23416,24.1221,46.9043
23536,23.4443,47.4287
23656,23.3936,47.1836
23776,23.5664,46.5928
23896,23.4717,46.8086
24016,23.7031,47.3633
24140,24.2334,47.5820
24264,23.6826,47.7500
24388,23.4160,47.6953
24512,23.8135,47.9395
24636,23.4219,47.3535
24760,23.4229,47.0908
24884,23.6758,47.1514
25012,23.7246,46.8184
25140,23.6748,47.5146
25268,23.7129,47.6602
25396,23.7744,47.7158
25524,23.9131,47.1943
25652,23.8682,47.4912
25784,23.4707,47.4209
25916,23.4219,47.8164
26048,23.8262,47.2930
26180,23.6357,47.7197
26312,23.5146,47.7568
26444,23.4365,47.3008
26580,23.6113,47.2900
26716,23.8525,47.3457
26852,23.6211,47.2871
26988,23.3730,55.3799
27124,23.9346,48.0967
27260,23.6846,47.9824
27400,23.5088,47.5840
27540,23.5537,47.5381
27680,23.5869,48.5410
27820,23.4746,47.5156
27960,24.1641,48.3320
28100,23.6191,47.8018
28244,23.5713,47.9775
28388,23.3018,47.9990
28532,23.6318,48.2363
28676,23.6650,48.3672
28820,23.3779,47.7734
28968,23.5156,48.4561
29116,23.7900,48.2012
29264,23.5664,48.2998
29412,23.2832,48.4346
29560,23.3262,48.0205
29708,23.6152,48.1982
29860,23.9014,48.0010
30012,23.5010,47.9590
30164,23.8291,48.5830
30316,24.2822,48.7021
30468,23.7031,48.3975
30624,23.7705,48.1943
30780,23.4473,120.5801
30936,28.4824,51.2451
31092,23.6230,54.2402
31248,23.9209,49.1592
31408,23.5957,47.8936
31568,23.4170,48.1348
31728,23.9121,50.4180
31888,23.6963,48.2910
32048,23.4707,49.4814
32212,23.6455,49.1357
32376,23.6992,48.2930
32540,23.3398,48.0859
32704,23.6768,48.2588
32868,31.6270,48.5488
33036,31.0391,47.6475
33204,29.1201,48.7500
33372,27.8467,48.3037
33540,27.2285,48.4395
33708,27.6875,48.9912
33880,27.4697,48.3105
34052,27.5156,48.5586
34224,28.0537,48.2666
34396,27.3135,48.9287
34568,27.1875,48.6768
34744,27.6797,48.1250
34920,27.4619,49.7129
35096,27.3887,48.6973
35272,28.0508,49.1611
35452,27.9326,49.0684
35632,27.3691,49.2285
35812,27.9258,49.1689
35992,27.7002,49.1689
36172,27.6738,49.2412
36356,27.7949,49.0635
36540,27.4238,49.1143
36724,27.7568,49.3945
36908,27.5996,48.3789
37096,27.5410,50.0420
37284,27.6191,49.9375
37472,27.0762,49.1270
37660,26.9287,48.9795
37852,27.0537,49.4023
38044,27.2256,51.0752
38236,27.0107,49.8311
38428,32.3994,49.7354
38624,26.5820,49.3271
38820,26.5674,49.2832
39016,26.7080,49.0654
39212,26.9873,49.6689
39412,26.5244,49.4180
39612,26.5703,48.9453
39812,27.4727,49.5771
40012,27.1436,50.5703
40216,26.8906,49.6025
40420,26.4404,48.9551
40624,26.6748,49.7402
40828,26.3398,49.4648
41036,26.6348,49.4990
41244,26.7021,50.8232
41452,26.3936,49.3389
41660,26.8223,49.9463
41872,26.6973,49.6475
42084,26.5420,50.1660
42296,26.9980,49.6582
42508,26.5908,49.0352
42724,27.0186,50.6602
42940,27.5947,50.0430
43156,27.0020,49.9541
43372,26.8838,50.2480
43592,27.2314,49.5342
43812,26.8164,50.1250
44032,26.7393,49.9375
44256,27.0781,50.5381
44480,26.8486,49.8711
44704,26.7354,49.5596
44928,27.0518,50.6299
45156,27.0254,50.3105
45384,26.8359,50.4150
45612,26.7559,50.3818
45844,26.9814,50.2910
46076,26.8984,50.2842
46308,26.4658,49.5732
46540,27.6279,50.0713
46776,26.7393,50.6826
47012,27.2305,51.0400
47248,26.9902,50.9932
47488,26.8584,50.9785
47728,26.7803,49.7871
47968,26.7148,50.4072
48208,27.8076,51.6045
48452,27.8564,50.6152
48696,26.7402,50.0244
48940,26.4248,49.6904
49188,26.7471,51.3291
49436,27.1309,50.9404
49684,26.7051,50.2480
49936,26.4297,50.6475
50188,27.0918,51.5371
50440,27.3633,50.6094
50696,27.0098,50.5820
50952,26.8516,51.0977
51208,26.9727,51.1650
51468,26.5488,50.8926
51728,26.9131,50.9639
51988,26.9756,51.0820
52248,26.6279,51.2578
52512,26.9043,54.5557
52776,26.8711,51.0127
53040,27.6182,51.0146
53308,26.8418,52.7920
53576,27.8193,51.8955
53844,27.2402,51.6689
54116,26.8135,57.0664
54388,27.0029,52.1553
54660,26.9648,51.1436
54936,26.2920,51.9492
55212,27.3398,51.8428
55492,26.7725,51.1162
55772,26.9883,51.8926
56052,26.6016,51.4541
56336,26.8291,51.3467
56620,26.5576,50.6094
56904,26.9844,51.5010
57192,26.6563,51.5117
57480,26.7412,52.9805
57768,26.4678,51.0693
58060,26.8291,51.1201
58352,26.8887,51.6680
58644,27.0547,52.0078
58940,26.8818,52.8438
59236,26.6992,51.2900
59536,26.9004,51.9727
59836,26.5479,51.9941
60136,26.9844,52.1543
60440,26.4307,51.3174
60744,27.1123,51.9814
61048,27.2969,51.9619
61356,26.5488,52.6563
61664,27.1582,52.9834
61976,27.2207,53.3809
62288,28.2803,52.5488
62600,26.7295,52.2383
62916,26.7393,52.4639
63232,26.4912,52.3008
63552,27.0557,52.0898
63872,27.0713,52.2129
64192,26.7988,53.3896
64516,26.7959,52.5742
64840,26.5264,52.7441
65168,26.4004,52.5615
65496,27.6699,52.2441
65824,33.0703,53.7266
66156,33.3594,52.7539
66488,33.3184,52.8262
66824,33.5156,52.5381
67160,32.8574,53.2793
67496,32.6143,52.6924
67836,32.6553,52.3877
68176,33.0742,52.4385
68520,33.2480,63.2764
68864,33.9102,52.8037
69212,33.0400,52.7412
69560,33.4082,53.0693
69908,33.1611,105.8105
70260,33.7539,53.4678
70612,32.0137,53.9189
70968,32.1396,53.3447
71324,32.3633,54.0273
71684,32.0938,53.6553
72044,32.0107,53.4980
72408,31.7100,53.2666
72772,31.8574,54.0107
73136,32.1270,52.6104
73504,31.9180,53.6416
73872,31.7813,53.0615
74244,31.8828,54.1387
74616,31.6221,75.8984
74992,34.2686,54.1094
75368,32.1553,54.3379
75748,32.2676,54.0391
76128,32.3242,53.4395
76512,32.9375,54.2900
76896,32.5791,54.0527
77284,32.0430,53.6104
77672,32.5293,54.0488
78064,32.0713,54.5947
78456,33.1875,55.6279
78852,32.6611,54.5498
79248,32.5859,54.0459
79648,31.7588,53.7051
80048,32.4707,54.4609
80452,32.3594,54.3945
80856,31.9727,53.3613
81264,32.3379,54.6768
81672,32.5254,53.3359
82084,32.4697,53.7979
82496,32.4717,54.3643
82912,32.5664,55.3369
83328,32.4824,54.1670
83748,32.3984,54.5313
84168,32.9189,54.4727
84592,32.4414,54.2227
85016,37.9014,56.6113
85444,32.5449,54.9395
85872,32.4453,54.6123
86304,32.7920,54.5332
86736,32.6299,56.2783
87172,33.3398,54.9551
87608,31.9248,55.4453
88048,31.4434,54.3789
88492,31.9883,54.8047
88936,32.2666,55.3564
89384,31.5928,54.2695
89832,31.6387,54.3486
90284,31.7197,54.6230
90736,31.6885,55.9805
91192,32.6631,55.3037
91648,32.3047,56.1621
92108,31.7803,54.6904
92572,33.8271,55.8389
93036,33.7051,55.8037
93504,33.3428,54.7803
93972,33.2373,56.0674
94444,32.9189,54.8379
94920,33.2607,55.6133
95396,34.1641,55.5088
95876,32.9512,54.6602
96356,32.9502,55.3721
96840,32.6133,54.5889
97328,32.6865,55.3027
97816,32.4746,54.7295
98308,32.8252,56.5859
98800,34.6641,56.3350
99296,32.0576,54.3672
99796,32.6729,56.5732
100296,32.9863,56.2881
100800,32.3936,55.3682
101304,32.4912,55.7715
101812,32.6992,56.2275
102324,32.8721,55.3447
102836,33.5889,57.5898
103352,33.2988,56.8135
103872,33.0020,55.5352
104392,32.8271,56.6543
104916,33.4209,57.6455
105444,32.3281,55.8594
105972,31.5586,56.2920
106504,32.0664,56.6953
107040,32.0488,56.6279
107576,54.7930,58.6846
108116,33.2744,56.7744
108660,32.9414,56.6475
109204,32.4326,57.0117
109752,32.0146,57.3398
110304,31.9492,55.9648
110856,32.0332,56.4473
111412,32.0361,56.4658
111972,32.4248,57.1738
112532,32.3701,56.5908
113096,32.1523,56.6357
113664,32.3467,57.1934
114236,32.4365,56.6846
114808,32.5254,56.7998
115384,32.3535,57.3818
115964,32.5693,56.9717
116544,34.0664,58.0840
117128,32.0635,56.5420
117716,32.0400,56.2578
118308,32.4043,55.9385
118900,32.1816,57.7822
119496,32.6230,56.9023
120096,32.7207,56.9658
120700,32.7158,57.5859
121304,32.2139,57.0479
121912,32.4053,56.9629
122524,32.5264,57.9502
123140,32.7158,57.3164
123756,32.4268,56.8447
124376,32.9512,57.8193
125000,32.5449,57.0752
125628,32.2773,56.7930
126260,32.5840,57.2900
126892,31.5400,56.6807
127528,32.1279,56.9570
128168,32.2754,56.9316
128812,31.9854,57.7832
129460,32.9043,57.3008
130108,32.9824,57.7305
130760,32.3555,57.5449
131416,39.3086,57.3848
132076,39.2598,62.5098
132740,41.6992,58.1924
133404,37.8076,57.6113
134072,38.2920,58.5967
134744,38.0615,58.4150
135420,38.6475,58.2441
136100,38.6367,59.6865
136784,38.2510,57.5518
137468,38.8232,58.3037
138156,38.6260,58.9346
138848,40.5459,61.3857
139544,38.7666,60.2275
140244,38.9307,61.2910
140948,37.8818,58.8877
141656,38.1553,61.0889
142368,36.5850,58.4932
143080,37.9004,59.6758
143796,37.8887,59.2979
144516,37.5371,59.7764
145240,37.6650,59.3740
145968,36.8447,57.7227
146700,36.8125,58.3271
147436,36.9893,58.0391
148176,36.8740,58.9512
148920,36.7578,58.6035
149668,37.4629,58.8145
150420,37.0645,58.3086
151176,36.8359,59.2129
151932,37.4648,58.4492
152692,36.5703,59.0264
153456,37.1484,59.0410
154224,37.6699,58.5625
154996,37.8330,58.5488
155772,37.6094,57.6992
156552,37.2041,58.7422
157336,37.0820,58.4209
158124,37.3232,59.4678
158916,37.9473,59.9736
159712,37.6396,59.2363
160512,37.7539,60.0479
161316,39.2773,60.0850
162124,37.4385,58.3740
162936,37.3115,58.4990
163752,37.0703,58.5645
164572,37.0713,58.8047
165396,37.4746,59.3086
166224,38.2236,60.3301
167056,37.8125,59.2930
167892,37.2754,59.1406
168732,37.9355,58.9443
169576,37.9971,59.3066
170424,37.5439,59.6826
171280,61.1875,61.2637
172140,38.6982,61.2031
173004,38.1367,59.6162
173872,38.5645,59.9648
174744,62.9512,62.7861
175620,38.1309,59.2012
176500,38.4805,59.9014
177384,38.1172,59.7266
178272,37.5938,58.6123
179164,44.6924,59.5732
180060,37.9063,59.9365
180964,38.2832,60.6602
181872,38.2500,59.9307
182784,38.1133,90.9053
183700,38.1484,60.3418
184620,38.0371,60.4053
185544,38.4033,60.9443
186472,38.1523,60.4375
187408,37.2578,60.2871
188348,37.8281,59.9814
189292,37.5762,60.7236
190240,37.4834,59.9268
191192,38.2256,61.0859
192148,36.5518,60.4033
193112,37.6357,60.7559
194080,37.6582,60.0967
195052,37.0400,59.4785
196028,36.8662,90.5254
197012,37.8379,60.5703
198000,36.8428,63.7051
198992,37.0801,61.0293
199988,36.9258,60.6797
200988,41.1152,60.3896
201996,39.8203,60.8867
203008,39.9307,61.0449
204024,39.3438,62.6533
205048,38.7158,60.1133
206076,39.5557,60.8086
207108,39.0264,60.1445
208144,37.6084,61.7314
209188,38.3027,62.4395
210236,38.3926,61.3311
211288,38.9248,60.0596
212348,37.0703,60.0078
213412,36.8438,59.6885
214480,41.9893,61.4658
215556,38.0664,61.0420
216636,37.9961,62.2568
217720,38.6416,62.0674
218812,38.0088,62.2637
219908,38.4551,62.0352
221008,38.3467,62.7354
222116,38.5801,62.5352
223228,39.3916,61.9150
224348,38.1787,61.7725
225472,37.7197,60.7969
226600,37.8037,61.8486
227736,39.7979,61.6953
228876,38.0010,62.6768
230024,37.7490,60.8926
231176,37.9443,62.2275
232332,37.0420,61.3389
233496,37.7041,61.1377
234664,37.4531,61.6240
235840,36.9277,60.8604
237020,37.4189,61.3115
238208,36.8477,61.4521
239400,37.7373,61.8574
240600,37.5820,62.0566
241804,37.3496,61.1377
243016,37.4883,61.7236
244232,37.2559,61.9736
245456,36.9697,61.6748
246684,38.8418,63.2119
247920,37.2744,63.1338
249160,39.1543,62.8594
250408,37.7822,62.4707
251664,38.3604,62.3057
252924,39.3936,62.5049
254192,39.3457,62.8906
255464,38.8066,61.8896
256744,38.8311,61.9111
258028,38.4072,63.5313
259320,40.2129,64.1836
260620,38.2227,62.0850
261924,40.3281,63.4072
263236,43.3574,64.0352
264556,43.0137,62.6777
265880,42.9043,62.1992
267212,42.8447,62.5859
268552,48.6104,62.4277
269896,41.4277,62.1133
271248,42.3486,62.6777
272608,42.2090,62.0996
273972,41.7207,62.7744
275344,41.9688,62.6328
276724,42.3760,63.2695
278108,42.0205,62.5625
279500,42.2080,63.0293
280900,41.9023,63.3701
282308,41.3477,62.9004
283720,42.2607,62.9863
285140,41.7891,63.0469
286568,42.4326,63.2246
288004,41.9688,63.1924
289448,41.5410,62.5156
290896,45.8965,63.3115
292352,41.4033,62.7090
293816,41.0234,62.7168
295288,40.8828,62.5361
296768,41.6240,63.7930
298252,42.1172,63.9775
299744,42.5420,65.1729
301244,41.5615,63.1289
302752,41.5674,62.6758
304268,41.5068,62.6973
305792,41.9219,63.8145
307324,42.7246,63.5381
308864,43.1191,63.7100
310412,42.5664,64.3525
311968,42.7881,62.9404
313528,42.7158,63.5811
315096,42.9033,63.0811
316672,42.7012,63.0566
318256,42.1328,64.2324
319848,41.5576,64.0703
321448,41.4131,64.0547
323056,41.3027,63.9590
324672,40.7842,64.3662
326296,40.6787,64.2266
327928,40.7715,64.3564
329568,40.9297,64.3096
331216,41.6934,64.5869
332876,41.2080,63.9453
334544,41.1289,64.4268
336220,41.4004,64.7861
337904,41.7100,65.1660
339596,41.4248,64.6367
341296,40.9131,63.6270
343004,41.5029,64.4795
344720,42.9971,87.3916
346444,42.2900,65.1074
348180,41.6787,64.4697
349924,42.2529,65.2227
351676,42.4512,64.4463
353436,41.7891,64.2744
355204,41.7979,64.5684
356984,42.4492,65.6807
358772,43.6963,68.0518
360568,41.2041,65.1250
362372,41.4912,64.5273
364184,41.0078,64.5146
366008,41.7090,64.7363
367840,41.4004,64.4326
369680,41.5049,64.1797
371532,42.0605,65.6875
373392,41.9551,64.6143
375260,41.5215,64.3125
377140,41.5771,64.2295
379028,41.4404,64.2227
380924,41.4775,64.8613
382832,40.7832,77.9834
384748,64.9326,67.4932
386672,42.3945,65.2510
388608,41.8301,64.8008
390552,42.2383,65.0566
392508,42.0742,68.3486
394472,42.5459,65.1514
396448,42.6689,65.4443
398432,42.4688,64.9404
400428,42.5400,66.0469
402432,42.2910,65.1416
404448,42.2930,66.1377
406472,41.8164,65.7549
408508,41.9844,66.7119
410552,41.0977,65.0498
412608,42.1201,65.9541
414672,41.6357,66.7637
416748,44.6797,65.8105
418832,42.0859,65.9697
420928,41.6484,65.7051
423036,41.7412,66.2236
425152,41.0986,66.4355
427280,41.5098,66.1816
429420,41.4541,65.9199
431568,41.3076,66.2529
433728,43.3066,66.5049
435900,42.4346,65.5986
438080,42.7119,65.7461
440272,42.4922,65.9619
442476,42.5596,65.0664
444692,41.8125,66.7695
446916,42.2686,66.4277
449152,42.1641,66.0723
451400,43.1445,65.7119
453660,42.5059,66.6738
455932,42.9707,66.6602
458212,42.3564,93.3809
460504,43.3525,67.1680
462808,42.3857,66.7383
465124,42.8076,65.7188
467452,42.4453,71.2813
469792,42.5664,67.6182
472144,42.7051,66.9883
474508,43.3467,66.3535
476884,42.4336,66.9121
479272,42.0859,65.9619
481672,41.8281,66.8174
484084,42.2168,67.3770
486508,41.2773,66.0039
488944,41.5938,66.5293
491392,41.9492,67.1895
493852,41.6514,66.8340
496324,42.5117,66.4346
498808,41.7725,66.4463
501304,42.4082,67.4209
503812,43.4824,66.5449
506332,43.4727,67.4795
508864,43.1553,67.7305
511412,43.3076,67.6221
513972,42.7891,68.8379
516544,42.9951,67.0918
519128,42.5615,67.8369
521724,43.3301,68.3271
524336,55.0674,74.0264
526960,48.2734,67.9375
529596,47.2129,67.3389
532244,47.8740,68.1602
534908,48.7246,68.0059
537584,49.2344,68.3906
540272,48.7285,69.1250
542976,46.9346,67.5439
545692,47.0820,68.1094
548424,47.4131,68.3750
551168,47.1006,67.9580
553924,47.7246,69.3643
556696,47.6094,68.7354
559480,47.1885,69.0518
562280,46.9180,67.6113
565092,45.8467,67.9795
567920,46.1162,68.4531
570760,47.2637,69.3740
573616,45.9160,69.6514
576488,46.9668,68.4648
579372,46.1289,68.9922
582272,46.0625,72.9209
585184,46.0020,69.0186
588112,45.8760,105.7822
591056,46.6348,69.5947
594012,45.6396,68.9678
596984,46.4658,68.3740
599972,47.2402,68.7549
602972,46.7871,67.8115
605988,46.5967,68.5811
609020,46.3721,68.8877
612068,47.2266,70.0156
615132,47.5049,69.1436
618208,46.8086,69.5088
621300,47.8291,70.1299
624408,46.9316,69.1611
627532,47.2373,69.3682
630672,47.7061,69.7266
633828,46.9717,67.9150
637000,46.7842,69.3779
640188,46.7900,69.5547
643392,47.4873,70.3828
646612,46.9219,78.6611
649848,47.7598,69.7139
653100,46.3994,69.1016
656368,45.6670,70.1865
659652,46.1973,70.5518
662952,46.6240,70.1182
666268,46.5498,70.5332
669600,46.5791,69.9834
672948,47.4980,70.4346
676316,47.6621,68.7910
679700,46.7891,70.6484
683100,45.5771,69.6289
686516,46.9023,70.1387
689952,46.8906,70.9707
693404,48.2178,69.7656
696872,46.8779,71.2813
700360,49.2119,71.0430
703864,48.0674,70.7881
707384,48.3857,70.9561
710924,48.5127,69.8477
714480,47.5723,69.0732
718056,48.4668,70.2158
721648,48.7441,71.1318
725260,47.8506,70.6387
728888,48.3525,70.4932
732536,47.3848,70.6865
736200,48.1475,70.9688
739884,48.0127,77.1904
743584,48.6084,71.5742
747304,48.1182,70.7383
751044,48.1514,70.8359
754800,47.4932,198.7461
758576,88.2021,100.1963
762372,144.3232,88.2744
766184,49.5166,72.5166
770016,50.1152,72.5225
773868,49.0684,73.7725
777740,50.0176,72.4824
781632,49.6260,71.4219
785544,47.8281,76.8271
789472,47.0283,71.2100
793420,48.0908,71.3281
797388,47.7539,71.2510
801376,48.1045,73.0088
805384,47.9492,72.7021
809412,47.2559,72.1914
813460,47.7578,71.9678
817528,47.7129,72.4736
821616,47.8623,72.0488
825728,46.5898,70.4570
829860,47.3184,72.7354
834012,46.9766,72.1094
838184,55.3848,73.0078
842376,47.4521,72.2227
846588,47.4688,72.1885
850824,47.7725,72.5557
855080,47.3037,71.2373
859356,48.2949,72.1172
863656,48.4893,72.1777
867976,48.3828,72.8379
872316,48.6338,72.6270
876680,49.0576,72.4688
881064,48.0859,72.6387
885472,48.2813,72.5420
889900,49.0146,73.3574
894352,48.4775,72.0664
898824,50.3213,75.1650
903320,48.2549,72.6338
907840,86.9463,74.3105
912380,48.1738,72.4844
916944,47.9658,72.8525
921532,47.8926,72.9648
926140,48.2021,72.4814
930772,48.4668,73.6934
935428,49.0176,73.7939
940108,47.7725,72.4932
944812,48.6250,73.2949
949540,48.3584,78.3740
954288,47.7842,72.5986
959060,48.8086,72.8311
963856,48.1270,74.9932
968676,48.6514,73.7646
973520,47.9072,73.4766
978388,47.5918,73.8252
983280,48.4883,73.2666
988200,49.2021,74.7471
993144,48.2666,73.5137
998112,48.8975,74.2363
1003104,48.4365,73.8008
1008120,48.5957,73.5459
1013164,48.0859,74.2969
1018232,47.9102,72.7314
1023324,47.6416,75.2705
1028444,47.3604,73.8115
1033588,49.2236,75.6572
1038756,49.6084,74.0977
1043952,50.0400,83.8750
1049172,56.5830,80.4150
1054420,55.1826,77.3320
1059696,53.6426,74.8057
1064996,52.3564,75.6084
1070324,58.2539,76.0195
1075676,54.6211,73.9014
1081056,54.6260,75.3770
1086464,54.9199,75.9678
1091900,54.8096,74.7373
1097360,54.1738,75.0010
1102848,55.4385,75.8125
1108364,53.7295,75.2471
1113908,55.5752,76.1133
1119480,54.1816,74.7832
1125080,54.4121,76.6934
1130708,53.7627,75.6289
1136364,52.4873,75.9248
1142048,53.2822,75.7432
1147760,52.8467,73.4980
1153500,100.5352,75.7441
1159268,52.3906,74.3896
1165068,52.9102,75.5752
1170896,52.5117,74.5361
1176752,52.7188,75.2295
1182636,58.8506,78.9854
1188552,52.8701,81.6338
1194496,52.6895,74.5781
1200472,53.1992,75.0889
1206476,52.1514,74.8564
1212512,54.1104,74.1963
1218576,52.3789,74.5957
1224672,53.0479,75.3984
1230796,52.0840,74.8984
1236952,51.5850,75.1533
1243140,51.8906,80.3623
1249356,52.5400,75.9883
1255604,51.6943,74.7168
1261884,51.8701,75.6045
1268196,51.7930,74.8691
1274540,52.0605,76.4365
1280916,51.9912,75.0479
1287324,52.3330,76.5723
1293764,52.7861,75.8447
1300236,53.5684,75.7178
1306740,53.4814,76.3145
1313276,53.0088,74.8662
1319844,53.4580,75.4297
1326444,54.3154,76.1680
1333080,52.9863,76.0967
1339748,53.8711,76.9883
1346448,110.4160,76.4141
1353184,62.4678,76.0430
1359952,54.7871,77.5430
1366752,52.8994,76.9111
1373588,52.7471,79.2041
1380456,53.4277,77.1055
1387360,54.1201,89.9717
1394300,57.8750,78.7051
1401272,55.0811,78.4639
1408280,54.8838,77.4326
1415324,58.8096,77.0361
1422404,54.4473,76.4766
1429520,56.1240,77.1611
1436668,54.4375,78.4150
1443852,53.7100,76.1416
1451072,54.5039,77.9082
1458328,54.7910,78.5215
1465620,54.1465,77.4336
1472952,53.4258,76.2070
1480320,54.6455,77.6934
1487724,54.7041,78.3154
1495164,54.6650,78.2715
1502640,57.9248,76.7139
1510156,54.5000,78.2988
1517708,52.9883,78.0176
1525300,56.3018,80.2803
1532928,53.9541,80.8330
1540596,53.8232,77.3232
1548300,54.0469,77.9111
1556044,53.4121,78.1553
1563828,52.7588,78.3320
1571648,54.0703,80.1006
1579508,52.6602,79.3125
1587408,54.3945,79.0449
1595348,53.1191,78.2500
1603328,62.6104,79.8975
1611348,53.9590,80.6367
1619408,52.5635,79.2803
1627508,53.2324,78.7168
1635648,55.2266,78.8789
1643828,53.7148,79.7822
1652048,53.8281,79.4707
1660312,54.0557,79.5039
1668616,53.7695,85.5586
1676960,55.8037,83.4473
1685348,53.5029,80.0645
1693776,54.2441,80.2227
1702248,54.3574,78.8291
1710760,55.8936,79.3271
1719316,55.0752,80.2432
1727916,55.3301,80.0430
1736556,55.6240,81.0674
1745240,54.0137,81.6904
1753968,59.6914,80.2578
1762740,55.0488,81.0234
1771556,54.0566,79.3623
1780416,54.6416,80.3389
1789320,56.8877,81.3818
1798268,55.1631,80.1357
1807260,54.7295,80.2266
1816300,55.5039,81.5264
1825384,55.2734,83.1738
1834512,54.8252,80.5264
1843688,55.2490,80.9014
1852908,56.1963,82.3164
1862176,55.2393,81.4111
1871488,60.5049,81.6006
1880848,55.7246,81.2725
1890256,53.7988,81.2607
1899708,54.9160,81.3438
1909208,55.0771,83.3867
1918756,55.8877,81.9111
1928352,66.3340,81.8779
1937996,56.0586,82.1455
1947688,54.8008,84.6504
1957428,56.6074,82.5078
1967216,55.1670,81.7510
1977056,56.1084,82.1758
1986944,55.7471,84.2627
1996880,54.3428,81.1738
2006868,55.0928,81.8955
2016904,54.8184,81.1719
2026992,54.9814,82.8701
2037128,60.4580,83.6797
2047316,55.7100,83.2412
2057556,55.3691,83.4756
2067844,54.6934,82.1279
2078184,57.5479,83.2979
2088576,55.2109,84.1309
2099020,62.7852,86.2246
2109516,61.4863,84.9414
2120064,66.3164,83.8086
2130668,59.4912,82.3584
2141324,61.9482,85.0293
2152032,60.2217,83.8750
2162796,63.2402,89.1826
2173612,61.0615,83.9453
2184484,62.0498,86.3271
2195408,62.5537,85.3721
2206388,62.1602,84.9297
2217420,61.7295,83.6631
2228508,60.9902,84.1475
2239652,61.3203,86.7354
2250852,62.9102,86.1953
2262108,62.3359,84.8174
2273420,61.4854,84.1377
2284788,63.1172,86.4883
2296212,61.7686,85.4658
2307696,62.4668,288.5938
2319236,67.4541,85.7451
2330836,67.3809,86.7178
2342492,67.6377,92.5215
2354208,65.9365,85.8633
2365980,66.5713,85.7979
2377812,65.0234,86.3613
2389704,68.9619,87.5586
2401656,84.2686,87.8301
2413668,64.4346,84.0098
2425740,62.1357,85.0137
2437872,61.1924,83.7881
2450064,62.3906,88.1934
2462316,63.1250,84.8125
2474628,60.5186,84.9092
2487004,59.4063,84.1406
2499440,59.1914,121.0186
2511940,65.3896,86.4971
2524500,59.5352,86.5947
2537124,59.8945,86.0703
2549812,60.3809,86.9473
2562564,60.9570,88.6025
2575380,59.6602,85.5566
2588260,58.9023,85.8965
2601204,59.3594,86.4893
2614212,59.1709,86.7178
2627284,58.9668,87.2041
2640424,58.9619,85.5449
2653628,58.6621,85.2822
2666900,58.0654,84.8584
2680236,59.8145,91.2656
2693640,60.0078,85.2725
2707112,58.4336,85.3750
2720648,60.0547,85.6953
2734252,69.5205,86.8096
2747924,60.4619,86.7939
2761664,59.9619,85.2764
2775476,59.7930,89.5918
2789356,60.2617,85.8232
2803304,60.5293,87.8760
2817324,62.4473,87.8691
2831412,60.3584,86.2637
2845572,60.7617,87.3955
2859800,60.3740,86.8096
2874100,62.2891,84.9102
2888472,60.7910,87.4766
2902916,59.6514,85.3994
2917432,59.6826,101.5879
2932020,60.9932,88.3711
2946684,60.2617,86.9902
2961420,60.7451,86.7979
2976228,74.1719,94.6738
2991112,62.3643,138.7666
3006068,113.3789,91.1328
3021100,61.9326,90.2930
3036208,63.9121,91.1465
3051392,64.4287,89.8037
3066652,61.4492,90.2725
3081988,61.3232,90.1113
3097400,61.7861,90.5781
3112888,61.3047,89.7031
3128456,60.8906,89.2275
3144100,62.2188,91.4492
3159824,61.2979,90.5508
3175624,60.8887,91.1426
3191504,62.3320,89.9141
3207464,62.1523,90.1592
3223504,61.5684,91.8242
3239624,61.8428,91.3896
3255824,61.9395,123.8125
3272104,61.3604,89.7861
3288468,62.7588,91.6563
3304912,61.5352,91.8496
3321440,61.5889,90.9707
3338048,61.0254,91.0508
3354740,61.2529,91.5732
3371516,61.2402,92.1504
3388376,60.2510,90.3135
3405320,61.5781,91.4541
3422348,65.3389,91.0322
3439460,61.3311,91.6455
3456660,62.0400,91.0908
3473944,61.4219,95.5176
3491316,61.5322,90.8535
3508776,62.5049,92.4961
3526320,62.8574,91.3496
3543952,63.2773,93.3467
3561672,62.6572,97.9932
3579484,61.6934,91.5898
3597384,80.3672,96.0098
3615372,64.6104,101.1309
3633452,64.5645,93.6553
3651620,64.8701,95.2871
3669880,67.7324,102.6240
3688232,63.5254,95.7559
3706676,64.3340,93.4082
3725212,66.7324,97.1465
3743840,65.9463,96.3271
3762560,67.0957,97.3086
3781376,68.2871,97.0137
3800284,65.4248,95.4043
3819288,130.7188,97.2354
3838388,65.1758,96.5449
3857580,64.6514,95.5254
3876868,65.4961,98.3379
3896256,65.8203,96.5645
3915740,65.5459,106.8037
3935320,65.1182,97.1289
3955000,64.9756,96.3047
3974776,66.6270,97.3115
3994652,66.9561,102.4775
4014628,65.3418,98.0635
4034704,73.7471,98.8477
4054880,64.3076,96.4482
4075156,64.9717,96.7666
4095532,64.0586,94.6582
4116012,65.1445,97.8760
4136596,64.7646,98.3193
4157280,64.4199,97.4424
4178068,65.1553,99.3193
4198960,89.2061,100.0195
4219956,73.0283,98.7363
4241056,71.5947,105.7041
4262264,72.7295,99.1035
4283576,75.0195,99.4326
4304996,73.8125,100.1387
4326524,73.6660,98.2568
4348160,73.9590,99.0439
4369904,74.8447,98.6631
4391756,73.2539,99.4502
4413716,73.3340,100.4023
4435788,73.5391,110.7773
4457968,75.0518,98.9180
4480260,76.0840,100.3213
4502664,84.1973,100.7705
4525180,73.1602,98.0967
4547808,73.1455,110.2002
4570548,72.0947,99.7002
4593404,70.5742,98.4014
4616372,97.1172,98.6123
4639456,70.6318,98.2266
4662656,71.3857,110.4453
4685972,71.2852,99.1816
4709404,84.9658,99.2354
4732952,72.6689,98.0215
4756620,73.1797,107.6816
4780404,74.4414,101.7275
4804308,72.5020,100.1396
4828332,73.7275,99.2012
4852476,72.7900,100.7344
4876740,73.9531,99.3789
4901124,72.9453,99.5020
4925632,74.5947,109.9404
4950264,75.8125,100.6445
4975016,82.7051,101.0752
4999892,75.5977,101.4375
5024892,75.6582,100.4150
5050020,74.7832,100.4277
5075272,73.9258,100.9648
5100652,71.9707,106.4863
5126156,74.2705,101.9756
5151788,70.3311,99.5840
5177548,86.6035,100.0527
5203436,70.2178,101.2158
5229456,73.1025,101.2520
5255604,70.9570,99.8154
5281884,70.4424,107.1992
5308296,70.0088,99.7344
5334840,72.0801,100.1094
5361516,73.4219,101.3252
5388324,82.0088,101.7832
5415268,78.8379,111.7500
5442348,71.3037,98.2236
5469560,70.7471,99.3604
5496908,76.8604,106.5264
5524396,71.8857,97.5410
5552020,82.2324,99.7197
5579784,72.2871,97.6162
5607684,70.2500,102.1641
5635724,69.8643,97.6338
5663904,70.0518,98.3652
5692224,70.6016,98.0244
5720688,68.8662,100.9053
5749292,102.3750,97.7949
5778040,68.1865,97.2344
5806932,69.5879,96.9785
5835968,72.3086,100.8818
5865148,76.8008,106.3154
5894476,72.3838,101.3135
5923952,71.7637,104.5693
5953572,70.9375,100.4287
5983340,71.7705,99.4385
6013260,69.2012,97.4922
6043328,71.2119,100.0146
6073548,74.0840,99.9580
6103916,71.6836,99.0625
6134436,71.4971,100.7842
6165112,71.9277,101.6602
6195940,73.6865,103.1318
6226920,68.9014,100.0225
6258056,69.7432,102.6426
6289348,69.6641,100.5557
6320796,68.9150,99.5205
6352400,72.5176,100.1738
6384164,70.8623,106.2490
6416088,70.3535,100.1172
6448172,71.6494,101.3027
6480416,71.4834,102.3066
6512820,70.8779,100.4297
6545388,73.4912,152.6719
6578116,74.5498,101.0361
6611008,74.4150,98.7139
6644064,74.9102,100.9932
6677288,75.0527,101.4766
6710676,76.8193,157.5059
6744232,74.3066,100.4453
6777956,73.9541,100.7969
6811848,68.8320,99.1045
6845908,69.4004,99.7969
6880140,68.9189,99.6855
6914544,70.1221,108.0566
6949120,71.4307,101.2842
6983868,69.1455,108.8535
7018788,71.7734,100.2002
7053884,69.1787,119.6758
7089156,72.2549,102.1416
7124604,72.1631,104.7285
7160228,71.5537,103.3125
7196032,73.2529,104.2959
7232016,83.3564,100.1436
7268180,80.6895,100.1709
7304524,70.2510,101.1768
7341048,77.3096,101.1797
7377756,69.0469,99.1455
7414648,99.9434,103.8350
7451724,70.3076,102.6504
7488984,73.7500,102.6201
7526432,71.9648,111.3848
7564068,70.8105,101.3721
7601892,69.9092,216.8652
7639904,75.7754,104.3965
7678104,74.1348,103.8184
7716496,74.8721,104.8232
7755080,112.3789,111.9219
7793856,74.8682,104.1670
7832828,74.8672,104.1182
7871996,74.3213,104.1758
7911356,71.9424,104.6455
7950916,71.5938,106.2930
7990672,74.1680,114.5801
8030628,73.2363,106.7793
8070784,73.7275,105.0811
8111140,114.8301,109.8926
8151696,71.1260,103.6631
8192456,78.7881,104.6406
8233420,71.2354,104.6084
8274588,73.2988,104.1035
8315964,71.6309,103.6182
8357544,71.0078,103.7910
8399332,81.3350,106.6904
8441332,76.7949,105.7617
8483540,79.8008,105.3438
8525960,78.0645,103.3057
8568592,78.1299,103.5938
8611436,78.9170,174.4180
8654496,76.5117,102.0898
8697772,80.3398,104.6729
8741264,76.7646,101.4785
8784972,76.1504,100.9316
8828900,76.9629,105.6260
8873048,77.4580,102.3193
8917416,78.7090,102.6748
8962004,77.3516,102.5518
9006816,76.5732,101.1260
9051852,77.6260,102.0527
9097112,76.8311,113.3447
9142600,76.1807,102.1494
9188316,83.9678,102.8535
9234260,75.7861,103.2910
9280432,79.3359,104.7598
9326836,77.0039,104.1787
9373472,75.7529,103.0010
9420340,76.1084,103.0137
9467444,77.2656,103.0918
9514784,78.4697,105.7617
9562360,86.4414,104.6406
9610172,77.3174,106.3799
9658224,78.6494,104.8232
9706516,78.1797,106.0615
9755052,78.6699,107.3604
9803828,78.4551,135.8457
9852848,79.3467,106.6318
9902116,79.1006,106.5762
9951628,78.6660,106.0449
10001388,82.2451,105.3750
10051396,83.2139,105.7813
10101656,81.3516,106.9814
10152168,77.1357,105.4219
10202932,78.4170,106.6797
10253948,77.3301,105.8008
10305220,77.9766,105.7178
10356748,77.1279,105.8613
10408532,74.9629,107.4258
10460576,76.3623,106.9727
10512880,76.3555,105.1826
10565448,77.2441,103.1523
10618276,76.9648,105.9844
10671368,78.4199,107.0283
10724728,76.8848,106.0410
10778352,77.7715,106.5098
10832244,80.6133,106.6475
10886408,78.4600,106.6113
10940844,77.5020,106.6973
10995552,75.8223,105.0049
11050532,80.0508,109.0889
11105788,79.1367,107.5615
11161320,78.1650,107.5186
11217128,79.8223,109.0430
11273216,80.7158,109.7305
11329584,78.6729,107.0244
11386232,81.6709,107.2334
11443164,77.2471,119.4639
11500380,78.6592,107.9863
11557884,77.6016,106.6484
11615676,76.5244,106.5918
11673756,81.1377,107.0908
11732128,79.0293,108.9785
11790792,79.9443,109.2129
11849748,81.6768,108.9424
11909000,79.0234,109.8516
11968548,80.2725,109.6533
12028392,80.7021,109.4307
12088536,78.7178,108.0566
12148980,135.0586,123.7080
12209728,77.1914,108.6670
12270780,78.5586,109.2314
12332136,77.7549,109.5791
12393800,77.4209,107.9521
12455772,76.9746,109.0449
12518052,76.6494,109.5068
12580644,79.4473,110.9863
12643548,76.5127,108.9521
12706768,79.2412,111.1680
12770304,77.4180,112.7207
12834156,78.3311,110.5205
12898328,79.3945,117.0605
12962820,80.7998,109.0264
13027636,79.5918,109.2852
13092776,79.0010,108.9688
13158240,79.5615,181.1875
13224032,78.2402,110.6494
13290156,78.4414,108.7607
13356608,81.5400,110.0186
13423392,77.2188,108.9336
13490512,79.4570,110.0762
13557968,75.7402,106.5859
13625760,76.1846,106.4131
13693892,75.7002,105.3047
13762364,76.3057,112.1240
13831176,77.0752,113.2334
13900332,79.6914,109.5391
13969836,80.3301,110.5010
14039688,80.7393,108.4424
14109888,78.8691,106.5479
14180440,76.6152,112.8115
14251344,76.8389,106.7695
14322604,77.2803,110.4980
14394220,76.5527,152.0869
14466192,81.7949,110.4922
14538524,77.1006,108.5742
14611220,79.3359,107.5928
14684280,73.8154,108.3613
14757704,80.8555,108.6943
14831496,75.5586,106.8096
14905656,77.0039,112.4531
14980188,76.3291,107.1855
15055092,81.3320,109.2656
15130368,75.8164,114.7607
15206020,76.9805,111.8652
15282052,83.0186,109.4307
15358464,79.3174,118.8291
15435260,79.7441,110.9326
15512440,77.3818,110.0674
15590004,76.3770,108.3682
15667956,77.5146,111.1875
15746296,77.9238,110.0234
15825028,78.5498,110.0029
15904156,81.7871,110.9316
15983680,78.8789,111.5674
16063600,79.0635,114.5059
16143920,79.5684,112.3457
16224640,77.6748,111.2275
16305764,78.4404,112.4463
16387296,80.0781,110.2793
16469236,77.8848,111.4326
16551584,76.9189,111.7061
16634344,77.9043,110.9980
16717516,77.2725,110.9170
16801104,89.1250,112.4805
16885112,87.8369,111.7402
16969540,100.3975,113.2656
17054388,86.4609,110.9434
17139660,88.3848,112.8545
17225360,89.9521,122.5723
17311488,90.5469,115.0527
17398048,87.3643,113.2207
17485040,88.0850,113.8809
17572468,90.1064,114.8379
17660332,97.1270,120.3691
17748636,87.5508,113.7324
17837380,85.5244,111.5137
17926568,88.9199,112.9014
18016204,89.5830,113.9805
18106288,90.1211,116.8115
18196820,89.1846,113.3486
18287808,162.1436,157.8447
18379248,108.9941,120.0596
18471148,102.2373,119.4121
18563504,101.9805,120.3398
18656324,98.3496,118.2959
18749608,94.5264,118.0039
18843360,95.8125,121.9395
18937580,96.1875,121.8760
19032268,108.5283,118.5586
19127432,95.4590,185.1768
19223072,98.8457,121.1348
19319188,97.1816,120.6641
19415784,97.1475,115.7197
19512864,99.2939,121.5186
19610432,109.1182,119.2197
19708488,100.4014,136.5029
19807032,102.5029,123.9277
19906068,120.3906,128.3066
20005600,96.9414,158.2959
20105628,102.7402,125.9023
20206160,112.3867,122.9746
20307192,109.3809,126.0332
20408728,100.4980,123.5693
20510772,103.8789,127.8350
20613328,102.3477,126.8701
20716396,112.9727,128.7217
20819980,113.2061,133.8389
20924080,99.9854,126.8193
21028704,125.9043,130.9775
21133848,104.1309,133.4131
21239520,107.8857,129.9600
21345720,108.7402,128.6172
21452452,150.3691,130.6572
21559716,112.2383,130.6738
21667516,114.4512,130.9092
21775856,109.6377,239.7881
21884736,132.3594,133.7158
21994160,125.0186,204.2891
22104132,122.7617,170.9941
22214656,117.4805,137.8857
22325732,121.0635,140.6895
22437364,119.5088,135.9541
22549552,116.0352,134.2002
22662300,116.6230,140.9443
22775612,121.2480,136.2178
22889492,133.7773,141.6904
23003940,145.8350,144.4111
23118960,112.3945,138.1689
23234556,116.1875,145.1924
23350732,118.3428,140.0420
23467488,120.0078,139.0752
23584828,126.0273,140.6602
23702756,119.2100,142.2031
23821272,141.5459,147.6826
23940380,126.0918,145.7080
24060084,125.1533,142.8838
24180388,124.5527,147.3467
24301292,123.1475,150.2900
24422800,126.4121,152.5547
24544916,122.0703,144.8018
24667644,123.6338,145.3770
24790984,119.5391,146.0059
24914940,117.4561,147.5869
25039516,117.5459,163.8857
25164716,130.9990,188.2891
25290540,114.4063,143.9922
25416996,124.3467,141.8389
25544084,114.7031,153.0352
25671808,199.5811,147.2441
25800168,116.9561,148.8730
25929172,182.2539,153.4521
26058820,126.3418,156.0225
26189116,134.8418,191.4209
26320064,122.1074,149.2314
26451668,125.3662,148.2637
26583928,125.2500,147.7432
26716848,119.4746,144.3584
26850436,125.1201,147.3965
26984692,131.5869,143.8857
27119616,127.1348,148.1211
27255216,124.7188,150.2852
27391496,205.8672,166.7900
27528456,133.2578,149.1963
27666100,127.5625,149.7959
27804432,131.6406,149.1563
27943456,203.4717,189.5918
28083176,166.8096,147.7207
28223592,129.5234,152.4307
28364712,131.1650,260.0566
28506536,141.2676,164.5762
28649072,130.8506,194.8936
28792320,145.9863,153.0322
28936284,152.2266,156.5869
29080968,133.5938,157.9307
29226376,128.3535,155.0166
29372508,127.8545,156.2451
29519372,131.8086,167.4150
29666972,128.8447,180.8213
29815308,137.0977,162.7676
29964388,148.3066,180.7354
30114212,146.9561,232.1445
30264784,144.4150,165.5498
30416108,134.7666,162.4688
30568192,145.4004,167.7959
30721036,153.4658,221.3203
30874644,152.4219,163.9346
31029020,211.3662,158.2041
31184168,151.5615,168.8301
31340092,139.5117,162.2949
31496796,138.0879,184.0146
31654280,155.8789,164.5654
31812552,168.5918,163.4629
31971616,203.4961,166.6260
32131476,143.8496,161.8076
32292136,145.9531,165.7168
32453600,147.3789,176.3037
32615868,152.8818,173.3496
32778948,144.1436,175.1729
32942844,146.6123,171.5254
33107560,146.0869,202.2285
33273100,149.5186,172.5918
33439468,263.8848,173.8047
33606668,175.3047,172.9111
33774704,161.0381,177.3438
33943580,175.5820,167.4785
34113300,166.6914,174.6377
34283868,173.1807,196.0762
34455288,181.2217,179.6807
34627568,185.9492,184.3887
34800708,171.2334,198.6895
34974712,173.8750,183.7471
35149588,166.7471,179.7520
35325336,178.5811,180.8486
35501964,174.9863,177.0557
35679476,173.9941,179.2344
35857876,177.9160,188.5205
36037168,187.6895,187.2295
36217356,187.7373,180.3311
36398444,177.1992,187.6406
36580440,172.5000,188.2217
36763344,240.9541,179.0225
36947164,182.1514,178.0391
37131900,182.7695,187.3760
37317560,184.4414,191.1826
37504148,180.6631,187.5518
37691672,175.3232,188.4736
37880132,173.3145,202.8887
38069536,178.1152,183.9092
38259884,176.8057,196.3174
38451184,183.0039,195.0088
38643440,214.9678,189.8584
38836660,183.8184,200.5850
39030844,182.8936,193.1855
39226000,183.4111,196.2168
39422132,181.1963,192.8193
39619244,177.2607,190.8271
39817344,185.8887,193.8301
40016432,185.5596,189.8369
40216516,178.1641,195.6377
40417600,185.5830,219.4053
40619688,259.2246,211.9668
40822788,194.5557,200.3594
41026904,207.0215,197.1523
41232040,186.4404,193.7842
41438204,177.2578,184.0361
41645396,215.0674,200.8418
41853624,174.4570,200.9863
42062896,183.0303,198.6387
42273212,182.5918,202.5918
42484580,174.3213,194.1270
42697004,179.7227,188.5498
42910492,183.7461,191.0303
43125048,196.1260,188.6162
43340676,189.8535,194.3057
43557380,195.2422,202.1182
43775168,212.0596,189.1191
43994044,194.8018,201.8789
44214016,251.2920,195.6514
44435088,210.4834,208.3145
44657264,201.5234,204.8457
44880552,201.3457,215.5361
45104956,249.2979,207.7891
45330484,202.5527,211.6758
45557140,221.1465,214.0547
45784928,203.0293,201.5049
46013856,189.4072,206.5234
46243928,190.3447,213.9453
46475148,216.5898,205.4209
46707524,200.5703,201.8662
46941064,210.9424,201.1152
47175772,204.3965,206.5879
47411652,253.0908,236.2266
47648712,327.6621,276.4678
47886956,249.1631,232.6270
48126392,264.2500,220.1035
48367024,224.6992,228.2061
48608860,225.2891,224.0791
48851908,208.8066,235.2666
49096168,270.3271,221.4717
49341652,290.9258,216.9063
49588364,205.5010,236.9092
49836308,214.3809,217.5859
50085492,206.9209,222.0322
50335920,199.2119,233.5400
50587600,205.5635,218.8105
50840540,209.4102,225.0713
51094744,212.1172,231.3291
51350220,211.6494,217.6641
51606972,229.0322,224.2354
51865008,216.5010,225.4092
52124336,221.0781,303.8535
52384960,221.6836,251.0361
52646888,218.1787,270.2021
52910124,215.0254,223.3633
53174676,223.6396,275.1045
53440552,215.6592,238.1914
53707756,204.5605,227.2852
53976296,226.5850,235.8066
54246180,234.9229,223.2256
54517412,224.1475,228.9785
54790000,267.3926,227.4365
55063952,254.6123,273.3125
55339272,234.6523,235.5498
55615972,229.6289,234.1475
55894052,261.9102,243.6533
56173524,241.4404,252.3633
56454392,237.9023,239.8555
56736664,231.2637,239.9541
57020348,220.6436,289.1924
57305452,215.6973,232.8467
57591980,220.0420,243.3467
57879940,220.2246,231.0244
58169340,224.4844,226.3291
58460188,219.1094,226.1953
58752492,225.8848,238.5195
59046256,259.2158,232.2031
59341488,226.6230,245.7324
59638196,244.8467,236.8438
59936388,229.0996,234.4111
60236072,228.1045,246.3691
60537256,226.5566,350.3496
60839944,242.8135,242.1719
61144144,232.1367,245.9268
61449868,244.2119,244.5098
61757120,242.1436,251.1270
62065908,250.0117,260.4424
62376240,252.8174,241.3301
62688124,236.0742,259.2920
63001568,237.7783,242.3008
63316576,242.0391,248.3281
63633160,236.7734,240.4326
63951328,243.8398,261.2500
64271088,232.4707,385.3223
64592444,249.1006,262.6797
64915408,245.2061,271.2891
65239988,265.6445,268.7627
65566188,234.3857,300.1289
65894020,229.7588,252.5771
66223492,237.3291,254.2490
66554612,241.4600,258.0146
66887388,249.6729,252.2793
