4,1.0430,1.2256
8,1.7314,2.9229
12,2.2549,3.2334
16,2.2510,4.6523
20,2.8477,3.6992
24,2.8135,4.0791
28,2.7666,4.1563
32,2.7559,4.5488
36,3.2246,4.6104
40,3.2100,4.3750
44,3.2266,5.7002
48,3.2188,4.6777
52,3.2207,4.7129
56,3.2197,4.9629
60,3.2148,4.7578
64,3.2148,5.5635
68,3.6943,5.4072
72,3.6992,5.3359
76,3.7363,5.8643
80,3.6982,5.5391
84,3.6768,5.1953
88,3.6924,5.6270
92,3.7266,5.5586
96,3.7119,5.7100
100,3.6865,6.0420
104,3.7432,5.5049
108,3.6953,5.3438
112,3.6982,5.7373
116,3.7178,5.5469
120,3.7266,5.8574
124,3.6992,6.0254
128,3.7070,7.5898
132,4.2207,7.0674
136,4.1963,6.2598
140,4.2148,7.2969
144,4.2041,6.4072
148,4.2041,7.5371
152,4.2100,7.0996
156,4.2021,7.2412
160,4.2080,7.5850
164,4.2070,7.2373
168,4.3037,7.1641
172,4.2988,6.7891
176,4.2959,7.2139
180,4.3125,6.6328
184,4.2959,7.2354
188,4.2939,7.7354
192,4.2432,7.0313
196,4.2109,7.1865
200,4.2227,6.4346
204,4.2158,6.3867
208,4.2109,6.6934
212,4.2041,6.8203
216,4.2236,6.2207
220,4.2090,7.0410
224,4.2158,6.7461
228,4.2168,6.0215
232,4.2402,6.7178
236,4.2031,6.0400
240,4.2383,7.3174
244,4.2354,6.6992
248,4.2412,6.5781
252,4.2354,6.4238
256,4.2461,8.3584
260,4.8193,7.6650
264,4.7939,7.3877
268,4.8242,7.6279
272,4.8301,7.3730
276,4.8330,7.1914
280,4.8096,6.6689
284,534.6396,8.2139
288,4.8105,7.3223
292,4.8369,7.5547
296,4.8018,7.5859
300,4.8242,7.3516
304,4.8262,7.2041
308,4.8125,7.0771
312,4.8193,6.8467
316,4.8359,6.8623
320,4.8232,6.5186
324,4.7979,7.1006
328,4.8281,6.6250
332,4.8252,7.0664
336,4.8223,6.9385
340,4.8057,7.1855
344,4.8203,6.8730
348,4.8184,6.8213
352,4.8076,7.5703
356,4.8223,6.4795
360,4.8154,6.7695
364,4.8047,6.8193
368,4.8057,7.1602
372,4.8154,6.5449
376,4.8076,7.0996
380,4.8105,7.0557
384,4.8281,7.4131
388,4.8135,6.7861
392,4.7930,7.0498
396,4.8145,6.9590
400,4.8330,7.2354
404,4.8184,7.4229
408,4.8203,6.9170
412,4.8145,6.8643
416,4.8340,6.8789
420,4.8135,7.4170
424,4.8174,7.0273
428,4.8340,7.4561
432,4.8125,7.3916
436,4.8076,7.3076
440,4.8154,7.0732
444,4.8223,7.0186
448,4.8047,7.7510
452,4.8145,7.3672
456,4.8174,7.0137
460,4.8096,6.9609
464,4.8115,7.4121
468,4.8184,6.5986
472,4.8262,7.1250
476,4.8018,6.9502
480,4.8340,6.8232
484,4.8213,6.5811
488,4.8125,6.2129
492,4.8096,7.4316
496,4.8301,6.6377
500,4.8340,7.5264
504,4.8154,7.2441
508,4.8252,7.1963
512,4.8350,9.0957
516,5.6504,8.8584
520,5.5977,8.3857
524,5.5107,7.7412
528,5.5391,8.0557
532,5.5732,8.3330
536,5.5537,8.0352
540,5.6855,8.5781
544,5.5752,8.5576
548,5.5273,8.4697
552,5.5801,8.5264
556,5.5205,7.4834
560,5.5410,8.5342
564,5.5664,8.5527
568,5.5947,9.0625
572,5.5820,8.2217
576,5.4951,7.8574
580,5.5498,8.1484
584,5.5137,7.4043
588,5.6152,8.5215
592,5.6660,8.9834
596,5.5713,8.2412
600,5.5713,8.2861
604,5.6426,8.4346
608,5.5449,8.1826
612,5.5625,8.2393
616,5.5928,7.5420
620,5.5742,7.7705
624,5.5986,7.9639
628,5.5166,7.3535
632,5.5791,6.9277
636,5.5830,7.7852
640,5.5742,7.7275
644,5.5479,7.4258
648,5.5479,7.0723
652,5.5674,7.6904
656,5.5557,7.7773
660,5.5977,8.1289
664,5.5771,7.1104
668,5.6221,7.8408
672,5.6123,8.0850
676,5.6250,8.1709
680,5.6455,8.1074
684,5.6543,8.2920
688,5.7109,8.5654
692,5.5791,7.6543
696,5.5098,7.2910
700,5.5078,7.0420
704,5.5664,7.5381
708,5.6191,7.5576
712,5.5557,7.4961
716,5.5527,7.5830
720,5.5801,7.5654
724,5.5889,7.2363
728,5.5430,7.3359
732,5.6641,8.0439
736,5.6133,7.9326
740,5.5420,7.3721
744,5.6699,8.0332
748,5.5137,7.2666
752,5.6094,7.7441
756,5.6211,7.8242
760,5.4941,6.8389
764,5.5977,8.1582
768,5.6943,7.6738
772,5.6846,7.7891
776,5.7070,8.2217
780,5.6475,8.1436
784,5.6006,7.8525
788,5.6680,7.8232
792,5.6240,7.7764
796,5.5420,7.4150
800,5.6035,7.8672
804,5.5352,7.8193
812,5.5771,7.8945
820,5.6191,7.8125
828,5.6855,7.7588
836,5.5391,7.4297
844,5.5635,7.8115
852,5.6367,8.0420
860,13.5098,7.3115
868,5.5479,7.1611
876,5.5117,7.7676
884,5.5254,7.6465
892,5.5342,7.2646
900,5.5859,8.1553
908,9.5205,8.3545
916,5.7734,8.9248
924,5.5762,7.6553
932,5.6719,8.2822
940,5.5703,8.1504
948,5.4941,7.7734
956,5.6436,8.5371
964,5.5127,7.8643
972,5.5957,8.3906
980,5.6270,8.7588
988,5.5732,8.3535
996,5.5322,7.9541
1004,5.5732,8.7930
1012,5.6143,8.4072
1020,5.6299,8.2822
1028,6.8477,8.8389
1036,6.7695,8.9844
1044,6.6426,8.8975
1052,6.6152,9.3604
1060,6.5068,8.2295
1068,6.6162,8.8838
1076,6.4688,8.5508
1084,6.3037,7.9570
1092,6.5664,9.0166
1100,6.4648,9.1885
1108,6.4902,8.7451
1116,6.7295,9.7139
1124,6.4658,8.8213
1132,6.4443,8.6768
1140,6.4365,8.7236
1148,6.5977,9.0078
1156,6.6377,9.2295
1164,6.4434,8.8789
1172,6.4805,8.2773
1180,6.4414,9.1475
1188,6.4023,8.7891
1196,6.2920,8.7451
1204,6.4209,8.8711
1212,6.3408,8.3633
1220,6.3340,8.5742
1228,6.4785,8.7734
1236,6.4756,9.2520
1244,6.4873,9.6797
1252,6.4912,8.7725
1260,6.3076,8.4404
1268,6.5146,9.1309
1276,6.5078,9.0527
1284,6.4248,8.4482
1292,6.6172,8.7422
1300,6.4326,8.5674
1308,6.5732,9.3535
1316,6.4600,8.9531
1324,6.3857,9.0273
1332,6.3857,8.3887
1340,6.4854,9.0801
1348,6.6670,9.1631
1356,6.3848,7.9854
1364,6.5273,8.5557
1372,6.4717,8.8008
1380,6.3906,8.5029
1388,6.4150,8.6563
1396,6.3896,8.8984
1404,6.4434,8.8740
1412,6.4980,9.0732
1420,6.4131,8.5801
1428,6.3652,8.4209
1436,6.6172,9.1641
1444,6.4082,8.6104
1452,6.2402,8.0791
1460,6.5889,8.6113
1468,6.6123,9.0674
1476,6.5449,9.0889
1484,6.6035,8.6758
1492,6.4619,8.8965
1500,6.3213,8.3857
1508,6.4795,9.1055
1516,6.2988,8.2773
1524,6.4990,9.0059
1532,6.4688,8.5908
1540,6.5205,9.0986
1548,6.4316,8.6787
1556,6.5166,9.0000
1564,6.4199,8.4580
1572,6.5010,8.4619
1580,6.4189,9.0352
1588,6.3428,8.5000
1596,6.4932,9.0928
1604,6.2676,7.8438
1616,6.3799,8.5332
1628,6.4463,8.8369
1640,6.3320,8.1787
1652,6.5869,9.2520
1664,6.3096,8.5283
1676,6.3887,8.6465
1688,6.7461,9.0508
1700,6.3457,8.6738
1712,6.4570,8.9141
1724,6.5020,9.2949
1736,6.6182,9.4648
1748,6.3896,8.6582
1760,6.5771,9.2373
1772,6.4199,8.7842
1784,6.4082,8.3604
1796,6.4766,9.0098
1808,6.5498,8.9326
1820,6.5518,9.3682
1832,6.4277,9.0928
1844,6.2979,8.3701
1856,6.6094,9.7383
1868,6.5322,9.2783
1880,6.5039,9.1406
1892,6.3604,8.7119
1904,6.5264,9.5313
1916,6.4707,8.9209
1928,6.4951,8.8408
1940,6.4502,9.0342
1952,6.4189,8.9443
1964,6.4746,9.1787
1976,6.3369,7.8369
1988,6.4521,9.1074
2000,6.3906,8.3779
2012,6.5703,8.8750
2024,6.4463,8.4668
2036,6.4063,8.9492
2048,6.4453,11.7100
2060,7.4189,10.7852
2072,7.4688,10.9590
2084,7.1426,9.8682
2096,7.3555,10.7471
2108,7.4541,10.3281
2120,7.4561,10.9365
2132,7.3164,10.8516
2144,7.4082,10.6143
2156,7.3535,10.6250
2168,7.5898,11.2285
2180,7.1973,9.9434
2192,7.2783,10.2334
2204,7.2168,9.8857
2216,7.2666,10.4082
2228,7.3760,10.5215
2240,7.5234,11.1152
2252,7.1289,9.8223
2264,7.1035,9.5137
2276,7.4727,10.4863
2288,7.3770,10.1484
2300,7.2070,9.5586
2312,7.5039,10.3408
2324,7.1680,9.6230
2336,7.2285,9.7734
2348,7.3105,10.1143
2360,7.1504,9.5244
2372,7.1504,9.6670
2384,7.1670,9.1270
2396,7.2881,10.0322
2408,7.4082,10.3994
2424,7.3672,10.0020
2440,7.3408,10.2422
2456,7.2080,9.6563
2472,7.1445,9.9502
2488,7.2480,9.6846
2504,7.2734,10.0098
2520,7.2168,9.9990
2536,7.4912,10.4775
2552,7.4023,9.9854
2568,7.2324,9.4883
2584,7.1797,9.4697
2600,7.2900,9.8652
2616,7.2793,10.4297
2632,7.4043,10.5811
2648,7.3828,11.0283
2664,7.0957,9.6777
2680,7.2285,9.9766
2696,7.2012,9.7979
2712,7.2354,9.9609
2728,7.4209,10.5400
2744,7.2959,10.0029
2760,7.6240,10.9141
2776,7.3623,9.4385
2792,7.5107,11.3193
2808,7.3066,10.6064
2824,7.2881,10.4199
2840,7.2988,10.3311
2856,7.5264,10.9131
2872,7.1211,9.5586
2888,7.2998,10.4043
2904,7.2334,10.3809
2920,7.2529,10.3525
2936,7.5977,11.5215
2952,8.1729,12.6982
2968,7.5400,11.3301
2984,7.1318,9.9727
3000,7.1592,9.9873
3016,7.2490,9.9814
3032,7.1689,10.2871
3048,7.3584,57.8643
3064,7.1816,9.9297
3080,7.3770,10.6221
3096,7.3525,10.7061
3112,7.3086,10.4902
3128,7.3398,10.2695
3144,7.5244,11.4688
3160,7.5244,11.2188
3176,7.2100,9.9248
3192,7.1934,10.4043
3208,7.1729,10.0762
3228,7.2480,10.4102
3248,7.2178,10.2930
3268,7.3555,10.4854
3288,7.0830,10.0830
3308,7.3535,10.6924
3328,7.3867,10.8271
3348,7.3008,10.7070
3368,7.2891,10.4883
3388,7.2100,10.2285
3408,7.1592,9.7949
3428,7.5254,11.1045
3448,7.2871,9.8818
3468,7.5547,11.0498
3488,7.1592,9.9063
3508,7.2256,10.1191
3528,7.4775,11.0449
3548,7.2871,10.7695
3568,7.2881,10.6328
3588,7.4453,10.4678
3608,7.2695,10.5938
3628,7.1641,10.2734
3648,7.3184,10.8984
3668,7.2744,9.9648
3688,7.4014,10.8291
3708,7.4990,11.2832
3728,7.2666,10.1904
3748,7.2617,10.6348
3768,7.3711,11.4854
3788,7.3662,11.7012
3808,7.2656,11.0283
3828,7.4775,11.1328
3848,7.4717,11.3096
3868,7.3721,10.6279
3888,7.3555,10.4297
3908,7.3496,11.1904
3928,7.3311,10.7871
3948,7.4512,11.7070
3968,7.4248,11.0166
3988,7.3086,10.6670
4008,7.3145,10.8525
4032,7.3271,11.3916
4056,7.1006,9.9717
4080,7.1934,10.5488
4104,8.8887,12.7314
4128,8.3633,11.7637
4152,8.2324,11.6963
4176,8.5254,12.0049
4200,8.3252,11.9033
4224,8.5273,12.4238
4248,8.2676,11.4834
4272,8.2119,10.9287
4296,8.2129,11.0469
4320,8.4473,12.0439
4344,8.1816,11.0840
4368,8.5332,12.1406
4392,8.4268,11.4385
4416,8.3955,11.5801
4440,8.1133,10.3408
4464,8.2197,11.3379
4488,8.4473,11.8535
4512,8.5342,12.1162
4536,8.5977,11.2949
4560,8.1807,10.5908
4584,8.3184,10.4990
4608,8.1191,10.7734
4632,8.3848,11.5439
4656,7.9063,9.9248
4680,8.0508,9.9424
4704,8.2197,10.7637
4728,8.4521,12.1055
4752,8.1758,11.2686
4776,8.2949,11.2402
4800,8.1426,11.0947
4824,8.1777,10.7363
4852,7.9492,10.0869
4880,8.0010,10.4141
4908,8.2627,11.3633
4936,8.3799,11.7070
4964,8.0938,10.8262
4992,8.0840,56.3975
5020,8.5039,11.3438
5048,8.1904,11.1963
5076,8.2461,11.0469
5104,8.2559,11.2041
5132,8.1143,10.7178
5160,8.2227,10.7822
5188,8.1250,10.7939
5216,8.3760,11.2539
5244,8.4688,11.4404
5272,8.1094,11.0098
5300,8.2178,10.9082
5328,8.3896,11.2529
5356,8.2949,10.9365
5384,8.1318,10.7393
5412,8.1572,11.2871
5440,8.3037,11.9072
5468,8.1816,11.0234
5496,8.2842,11.5410
5524,8.3496,10.9805
5552,8.3242,11.5430
5580,8.2725,11.0332
5608,8.2061,10.9365
5640,8.3096,12.1094
5672,8.1807,10.8818
5704,8.2627,11.2441
5736,8.4902,12.4297
5768,8.1895,11.3555
5800,8.3027,11.6992
5832,8.0703,10.7520
5864,8.4551,11.9043
5896,8.3672,17.0791
5928,8.3379,11.0762
5960,8.3486,11.6211
5992,8.3877,11.5488
6024,8.6035,12.5898
6056,8.2246,11.4424
6088,8.4180,11.6514
6120,8.4990,11.4404
6152,8.3447,11.5459
6184,8.3564,11.6270
6216,8.0820,10.7539
6248,8.1514,11.0107
6280,8.2432,11.2168
6312,8.2539,11.4043
6344,8.3076,11.8408
6376,8.2266,11.1084
6408,8.0674,10.9629
6444,8.3672,11.3389
6480,8.3105,11.6934
6516,8.1982,15.0391
6552,8.5635,11.8018
6588,8.7100,12.0898
6624,8.1162,10.7275
6660,8.2998,11.5127
6696,8.6094,12.3164
6732,8.4072,11.6729
6768,8.2588,11.5771
6804,8.1846,10.9678
6840,8.2393,11.3760
6876,8.3604,11.4951
6912,8.2510,11.4639
6948,8.2881,11.1182
6984,13.0908,11.7979
7020,8.1152,10.7910
7056,8.2090,11.5791
7092,8.2881,11.8164
7128,8.3799,21.0176
7164,8.4268,12.0244
7200,8.4150,11.3770
7236,8.1338,10.5186
7276,8.3926,11.6709
7316,8.2100,10.9395
7356,8.4434,11.4932
7396,8.1045,11.0391
7436,8.1387,11.1084
7476,8.3545,12.2832
7516,8.3184,11.4756
7556,8.1309,10.7373
7596,8.1982,11.4443
7636,8.2588,11.6582
7676,8.5117,12.5361
7716,8.1416,11.6904
7756,8.0254,11.2188
7796,8.1426,10.9980
7836,8.1582,11.4053
7876,8.4043,12.3574
7916,49.1865,12.0918
7956,8.5801,12.6426
7996,8.1172,11.1289
8036,8.2207,11.0957
8080,8.2119,11.4219
8124,8.3037,11.9355
8168,29.6611,11.6270
8212,9.7393,13.6729
8256,9.1533,12.2305
8300,9.1777,11.9609
8344,8.8848,11.4922
8388,8.8965,11.1904
8432,9.2754,12.7500
8476,8.7168,11.4727
8520,9.0313,12.3594
8564,9.1045,12.2891
8608,9.2500,12.4775
8652,9.1670,12.7334
8696,9.0254,12.0459
8740,9.4346,12.5996
8784,8.9854,12.0195
8828,9.3652,13.1680
8876,9.1328,12.3730
8924,9.0732,12.1338
8972,8.9404,11.2393
9020,8.8730,11.8193
9068,8.5957,11.2139
9116,8.8623,11.5625
9164,9.0400,11.9590
9212,9.0352,11.8896
9260,8.8135,11.3076
9308,8.5957,11.1396
9356,9.0098,12.2402
9404,9.1025,11.8301
9452,9.0674,12.0889
9500,8.7715,16.9863
9548,9.2705,11.9697
9596,9.1738,12.7129
9644,8.9785,11.8643
9696,9.1172,12.0645
9748,9.1582,12.4590
9800,8.9121,12.0635
9852,9.2441,12.7764
9904,8.9941,12.2070
9956,9.2588,12.5273
10008,9.0117,11.9961
10060,9.3027,12.4102
10112,9.2070,12.8623
10164,9.1445,12.4736
10216,8.9092,11.6113
10268,9.6533,13.2988
10320,9.1816,12.2734
10372,9.0957,12.0098
10424,9.1709,12.5938
10480,9.0293,11.6865
10536,8.8623,11.4414
10592,9.0820,11.8711
10648,9.1699,12.3125
10704,9.0088,11.7813
10760,8.5303,10.6992
10816,9.0098,11.9883
10872,8.8760,11.9834
10928,9.0908,12.2227
10984,9.1338,12.6064
11040,8.8330,11.4375
11096,9.4053,18.4150
11152,9.3223,12.0654
11208,9.3164,12.2549
11268,9.2100,12.2070
11328,9.4502,12.7012
11388,8.9473,11.4033
11448,9.4883,12.6836
11508,8.8887,11.7646
11568,9.0449,11.6758
11628,9.2842,12.5078
11688,9.0752,12.3242
11748,9.1289,12.0225
11808,8.9775,11.6816
11868,9.0205,12.0518
11928,8.9209,11.5625
11988,9.1211,12.3164
12048,8.9863,11.4082
12112,9.2773,12.3652
12176,8.9404,11.9990
12240,9.1631,11.9160
12304,9.3057,12.5801
12368,9.3516,13.0254
12432,9.0859,12.2061
12496,8.8955,11.0957
12560,9.0615,11.6553
12624,9.1865,12.5381
12688,9.3340,12.5889
12752,9.0879,12.0059
12816,9.1758,13.0791
12884,16.2988,11.5996
12952,9.3809,12.9785
13020,8.8330,11.3818
13088,9.2090,12.4414
13156,8.8154,11.3379
13224,9.3994,12.9258
13292,9.0488,12.1670
13360,9.0596,12.2578
13428,9.0469,12.1338
13496,8.8652,11.8320
13564,8.8916,11.6748
13632,8.9082,11.9570
13704,8.8936,11.8047
13776,8.8545,11.2334
13848,9.1123,12.0000
13920,9.1230,12.1768
13992,9.1465,12.2559
14064,9.1631,12.7148
14136,9.2158,12.2197
14208,8.7773,11.7666
14280,9.2754,12.9023
14352,9.3115,12.7021
14424,8.9844,12.2412
14500,9.3887,13.2578
14576,8.8877,11.4268
14652,8.5889,10.9043
14728,9.4824,13.5898
14804,9.1582,12.2705
14880,9.0342,12.5986
14956,9.2998,13.0049
15032,16.6230,13.0361
15108,8.9912,11.5615
15184,9.1279,12.6436
15260,9.3037,13.1162
15340,9.0557,12.0488
15420,9.3018,12.5264
15500,9.2129,12.9111
15580,9.1611,12.0869
15660,9.0039,12.7754
15740,8.7900,11.7783
15820,9.0293,11.7412
15900,9.0566,12.3965
15980,9.3789,13.1328
16060,9.2471,12.1963
16144,9.4561,12.9180
16228,9.3574,12.4063
16312,9.4033,13.1445
16396,11.8086,14.3330
16480,10.2979,11.5908
16564,10.4346,12.8672
16648,10.8389,13.9482
16732,10.5879,13.1611
16816,10.6191,13.5693
16904,9.9746,12.6055
16992,10.0098,12.6133
17080,9.9873,12.5459
17168,9.6855,11.8096
17256,9.7832,12.1357
17344,10.1426,12.9756
17432,9.9727,13.0752
17520,10.0205,13.1289
17608,10.2158,13.3701
17700,10.3242,13.3125
17792,9.9512,12.8164
17884,10.1387,13.1572
17976,9.5547,11.6758
18068,9.7988,12.0146
18160,9.8252,12.7832
18252,52.2129,13.2646
18344,10.6709,14.4971
18436,10.0107,12.5371
18532,9.6133,11.8643
18628,10.0859,12.9014
18724,9.9219,13.1943
18820,9.8926,12.5049
18916,9.8906,13.1465
19012,9.9893,12.7803
19108,10.0400,13.1230
19204,10.1094,13.5293
19304,9.8701,12.5664
19404,9.9199,12.8682
19504,9.8242,12.5391
19604,9.9414,12.7129
19704,10.3301,13.9766
19804,9.6104,12.2588
19904,9.6563,12.0859
20004,15.6641,12.1240
20108,10.2451,12.9629
20212,10.2393,13.5986
20316,9.9785,12.6377
20420,9.7119,12.5947
20524,9.9414,12.6826
20628,9.6357,12.0059
20732,9.8203,12.3486
20836,9.6416,11.5781
20944,9.7119,12.2813
21052,9.6992,12.1455
21160,10.1025,13.3789
21268,9.7920,12.5146
21376,10.1943,13.3271
21484,9.8633,12.9219
21592,10.1855,13.0479
21700,10.0762,13.0303
21812,9.5361,11.9746
21924,9.9219,12.0254
22036,10.1729,13.4717
22148,9.5898,11.5068
22260,10.2051,13.6025
22372,10.0879,13.3896
22484,9.7705,12.5586
22600,10.1494,13.2861
22716,10.1299,13.3994
22832,9.7764,12.5020
22948,9.5693,11.7617
23064,15.0879,12.5264
23180,9.8350,12.2246
23296,10.0781,13.2637
23416,9.9229,12.8535
23536,10.2324,13.4893
23656,9.7510,12.6826
23776,9.9404,12.7080
23896,9.4346,11.6123
24016,9.6377,12.0459
24140,9.7305,12.6270
24264,9.7363,12.4590
24388,9.7686,12.1885
24512,9.5078,12.3037
24636,10.0469,13.4082
24760,10.2119,14.0361
24884,9.8516,12.6660
25012,9.6680,12.4619
25140,9.8105,12.9199
25268,10.0830,13.6895
25396,9.6357,12.3447
25524,9.6797,12.6533
25652,10.0635,13.1816
25784,9.9854,12.8750
25916,10.1826,12.9902
26048,10.1377,13.4268
26180,9.7920,12.5068
26312,10.0322,13.0107
26444,9.8545,13.0723
26580,10.0020,13.5195
26716,10.1660,13.6953
26852,9.9756,13.0010
26988,49.3594,12.9443
27124,9.9746,12.9355
27260,9.9326,12.8203
27400,9.9854,13.3828
27540,9.8730,12.6123
27680,9.7617,12.2002
27820,9.8262,12.9805
27960,9.7354,13.0107
28100,9.8281,12.7207
28244,9.7275,12.9658
28388,9.7197,12.7490
28532,9.8311,13.1191
28676,10.0684,13.3076
28820,9.8496,12.7090
28968,9.9834,12.7559
29116,9.9863,12.4277
29264,9.7607,12.6494
29412,10.0527,13.8594
29560,9.9951,13.2568
29708,10.1182,13.5869
29860,10.1943,14.0313
30012,9.9248,13.2402
30164,9.9414,12.9082
30316,9.6621,12.6084
30468,15.2861,15.0840
30624,10.3652,13.8691
30780,10.0830,13.7490
30936,9.9043,13.0889
31092,10.0264,13.3555
31248,9.6436,12.1836
31408,10.0322,13.2080
31568,9.8359,12.4131
31728,9.8945,13.0898
31888,10.3818,14.1729
32048,9.9424,13.6201
32212,9.9609,12.8096
32376,9.7217,12.8311
32540,9.8525,12.4658
32704,9.7656,12.5059
32868,11.5273,14.4873
33036,11.2578,13.7422
33204,11.1406,13.4072
33372,11.2119,13.3281
33540,10.9668,13.3262
33708,11.0127,13.0879
33880,11.0967,14.1777
34052,11.0664,13.3906
34224,10.9805,12.7012
34396,11.3516,13.7139
34568,10.8867,13.2139
34744,11.5820,14.6191
34920,10.9043,59.7725
35096,10.9414,13.7764
35272,10.9805,14.2666
35452,11.0557,13.8691
35632,10.5996,13.0186
35812,10.7021,13.2295
35992,10.8770,13.5645
36172,10.2109,12.4971
36356,10.7900,13.2949
36540,11.1982,14.2256
36724,10.3848,12.7773
36908,10.8955,13.8555
37096,10.9648,13.9785
37284,10.6670,13.0615
37472,15.0498,14.4102
37660,10.7256,13.1250
37852,10.8271,13.7090
38044,10.5283,12.7930
38236,10.8330,13.8350
38428,11.0264,13.8652
38624,10.5898,13.1904
38820,10.6836,12.9893
39016,10.4551,60.1162
39212,23.3428,14.5488
39412,10.8848,13.4365
39612,10.8291,12.9971
39812,10.8477,13.2900
40012,10.7656,13.4414
40216,10.6045,13.2568
40420,10.5811,13.7607
40624,10.8125,13.7900
40828,10.7295,13.7451
41036,10.3057,12.3633
41244,10.8633,13.6494
41452,10.8926,14.1084
41660,10.8271,12.8994
41872,10.7412,13.0078
42084,10.3447,12.6543
42296,10.7168,13.5352
42508,10.4590,12.8428
42724,10.6807,12.8789
42940,10.4619,12.4902
43156,10.1240,12.8359
43372,10.8506,13.8604
43592,11.0146,13.6289
43812,10.4375,12.7773
44032,10.6006,13.1289
44256,10.8711,13.5889
44480,11.0576,14.3896
44704,10.5391,13.3965
44928,10.6152,13.0410
45156,10.4443,13.0078
45384,10.7480,13.1084
45612,11.0195,13.8408
45844,10.6855,13.5273
46076,10.6172,13.2529
46308,10.7559,13.5459
46540,10.4189,12.7607
46776,10.3389,12.6387
47012,10.6680,13.1709
47248,10.2578,12.3877
47488,10.9639,13.5107
47728,9.8438,11.6484
47968,10.3945,13.1484
48208,10.4365,13.0137
48452,10.4336,12.9502
48696,10.3662,12.6885
48940,10.7314,13.0928
49188,10.1709,12.4980
49436,10.6230,12.9961
49684,10.5664,13.7334
49936,10.2500,12.7119
50188,10.5947,13.9268
50440,10.8223,13.6924
50696,10.5898,13.1475
50952,10.4648,13.3477
51208,10.7422,13.4854
51468,11.2080,14.6865
51728,10.5039,12.9766
51988,11.1279,14.0742
52248,12.1445,14.1826
52512,11.0703,14.2822
52776,10.9736,14.1689
53040,10.3369,12.8184
53308,11.0029,14.1172
53576,10.4795,12.9775
53844,10.9043,14.0146
54116,10.4365,13.2822
54388,10.5479,13.4199
54660,10.6162,13.3281
54936,11.3232,15.1504
55212,10.6719,13.5820
55492,11.0020,13.6230
55772,10.7930,13.7930
56052,11.3008,14.4980
56336,10.9492,14.2813
56620,10.3154,12.4385
56904,10.4189,12.8428
57192,10.4609,13.0254
57480,10.7578,14.2422
57768,10.3252,12.8428
58060,10.9014,14.2559
58352,10.7598,13.4922
58644,10.5469,13.2441
58940,10.6104,13.5557
59236,10.5938,13.7969
59536,10.5225,13.1885
59836,10.5166,13.5879
60136,10.9727,14.1670
60440,10.4229,13.3496
60744,10.7568,14.3711
61048,10.6514,12.7686
61356,10.7090,13.7627
61664,10.5547,13.4619
61976,10.7070,13.7402
62288,10.4727,13.4023
62600,10.5244,13.6025
62916,10.8848,13.7422
63232,10.3867,12.7148
63552,10.9766,14.5361
63872,10.8633,13.1338
64192,11.8301,14.2969
64516,10.6982,13.4502
64840,10.5664,13.5537
65168,10.4395,12.9365
65496,10.6104,13.7178
65824,13.0322,15.5020
66156,11.7842,14.4902
66488,11.9121,15.0879
66824,12.0996,15.3398
67160,11.4414,13.4688
67496,11.3623,13.7051
67836,11.8164,14.6367
68176,11.2334,13.3145
68520,11.6289,14.2910
68864,11.4443,13.6943
69212,11.7979,14.4541
69560,11.6328,14.6113
69908,11.6689,14.1338
70260,11.8721,14.6895
70612,11.6650,14.0566
70968,11.5537,14.2207
71324,11.3965,14.0215
71684,10.9902,13.1299
72044,11.5049,14.0479
72408,11.7188,14.1045
72772,12.0264,40.7139
73136,13.6973,15.5869
73504,11.1201,13.6523
73872,11.7705,14.5820
74244,11.5137,14.0713
74616,11.6973,14.6621
74992,11.7988,14.5439
75368,11.3125,13.2793
75748,11.7666,14.6396
76128,11.7432,14.3740
76512,11.7129,18.8799
76896,11.8320,14.3184
77284,12.0186,14.9482
77672,12.4434,15.7520
78064,11.6572,14.7754
78456,11.9248,15.0410
78852,11.0801,13.3008
79248,11.6348,14.5967
79648,11.3682,13.8242
80048,11.5938,14.8301
80452,11.6396,14.3838
80856,12.0801,14.5508
81264,12.4854,16.0684
81672,12.0605,15.1309
82084,11.4717,14.8047
82496,11.7695,14.8760
82912,11.7529,14.9707
83328,11.7246,14.7480
83748,11.7656,15.3535
84168,11.8867,14.3770
84592,12.1572,15.2197
85016,11.6885,14.3896
85444,11.5166,13.5557
85872,11.9531,14.6836
86304,11.3447,13.8086
86736,11.7979,14.2246
87172,11.4961,13.8018
87608,12.0059,15.5732
88048,12.3301,15.8057
88492,11.5684,14.2520
88936,11.6035,14.4111
89384,11.6885,14.1006
89832,11.8477,14.5742
90284,12.0898,15.1133
90736,10.6260,12.3574
91192,11.6406,14.2930
91648,11.9951,14.9326
92108,11.8311,14.7129
92572,11.5010,14.2871
93036,11.6973,14.2764
93504,11.4170,14.0146
93972,11.6572,13.9121
94444,11.5986,14.1973
94920,10.9326,13.5166
95396,12.1621,15.8613
95876,11.5381,14.1533
96356,12.0000,14.9424
96840,11.7002,14.5273
97328,11.6621,15.0107
97816,11.9590,15.2734
98308,11.1895,13.7607
98800,11.4268,14.1201
99296,11.3242,13.8418
99796,11.6299,14.4082
100296,11.3682,13.8555
100800,11.6084,14.6621
101304,11.5215,14.6396
101812,11.5771,14.4492
102324,11.9785,14.7939
102836,11.5801,15.1582
103352,11.9814,15.3223
103872,11.5127,14.6094
104392,11.8047,14.8701
104916,11.5957,14.2344
105444,11.7383,14.6826
105972,11.6357,14.5527
106504,11.6143,14.9189
107040,11.5254,14.2549
107576,11.7646,15.1133
108116,11.6855,14.7695
108660,11.9805,15.1465
109204,11.4824,14.0811
109752,11.6475,14.4199
110304,11.4990,14.0264
110856,12.2686,15.7578
111412,11.4629,14.2705
111972,12.0283,15.4346
112532,11.8516,14.7139
113096,12.1729,15.7588
113664,12.3047,16.0273
114236,12.7070,14.7012
114808,12.4990,16.3682
115384,11.9219,15.4844
115964,12.0547,15.6094
116544,12.0039,14.3896
117128,11.8711,15.6953
117716,11.6016,14.2637
118308,13.0400,15.0967
118900,11.6426,14.7031
119496,11.7510,14.6729
120096,11.1426,13.1572
120700,11.3271,13.7080
121304,11.5215,14.6631
121912,11.9189,14.7900
122524,11.3047,14.0830
123140,11.9209,15.1514
123756,11.7354,15.5654
124376,11.9502,15.5820
125000,11.8486,14.8730
125628,12.0635,16.0176
126260,11.5957,14.2764
126892,11.5820,14.5859
127528,11.9600,15.3135
128168,11.3730,13.8857
128812,11.3223,14.3223
129460,11.8457,15.1084
130108,12.1416,15.3467
130760,11.8096,15.2715
131416,14.1865,17.3262
132076,19.8818,15.4229
132740,14.1973,15.9824
133404,12.8105,15.6533
134072,12.2373,14.7041
134744,12.7842,15.2666
135420,12.8633,15.6279
136100,12.6133,15.1660
136784,12.8389,15.4229
137468,13.2871,16.4961
138156,12.5459,15.2813
138848,12.9805,15.4248
139544,12.6816,15.9258
140244,12.5352,15.5166
140948,12.5684,15.0215
141656,12.8125,15.2002
142368,12.5264,14.8857
143080,12.8242,14.8945
143796,12.6953,14.3818
144516,12.9160,15.9111
145240,12.6982,15.9893
145968,13.2471,15.5762
146700,12.6816,15.8477
147436,12.8213,22.6797
148176,12.8896,16.5088
148920,12.5381,15.4570
149668,12.4688,15.1602
150420,12.6006,15.1445
151176,13.0586,16.2324
151932,12.6299,15.2793
152692,12.7275,15.3320
153456,13.1338,16.4990
154224,12.9521,15.7129
154996,12.7861,15.4023
155772,12.4766,14.8799
156552,13.1016,15.6924
157336,13.1943,15.9570
158124,12.7529,14.9453
158916,12.9580,16.0029
159712,12.7852,16.1523
160512,13.0020,16.1230
161316,13.3145,16.5186
162124,12.7705,15.5732
162936,12.2900,15.3857
163752,12.3691,15.3496
164572,12.8809,15.3291
165396,12.5996,15.0508
166224,12.6680,15.5459
167056,12.7129,15.4355
167892,12.3477,14.9717
168732,11.7861,13.6582
169576,12.9023,15.1055
170424,12.7559,15.7539
171280,12.4785,15.6357
172140,12.6699,15.4785
173004,12.7344,15.2588
173872,13.1592,16.2852
174744,12.4424,15.0283
175620,12.6582,15.5918
176500,12.6348,14.8945
177384,13.1426,16.9082
178272,12.7568,15.4844
179164,13.0918,16.0771
180060,12.3350,14.6152
180964,12.9434,16.0781
181872,12.5146,14.7656
182784,13.5283,15.2227
183700,12.5771,14.6611
184620,13.6875,16.2256
185544,12.1914,14.4482
186472,12.8711,15.3975
187408,12.6162,15.4014
188348,12.3730,14.5166
189292,12.7363,15.5752
190240,12.6797,15.4395
191192,12.3584,14.9697
192148,12.7383,15.1758
193112,12.6299,15.0010
194080,12.8242,15.5107
195052,13.0830,15.8945
196028,13.0244,16.6484
197012,13.0605,16.1035
198000,12.2598,14.6113
198992,12.4570,15.4492
199988,12.7842,15.7412
200988,12.1240,14.6816
201996,12.5967,14.9531
203008,13.7432,16.5811
204024,13.3828,17.0088
205048,14.0898,17.3311
206076,12.7402,15.9941
207108,12.7051,15.5488
208144,13.0107,15.9365
209188,13.3027,16.4941
210236,12.7705,15.2861
211288,12.9785,16.0664
212348,13.3604,17.0879
213412,12.7432,16.5020
214480,12.3242,14.8760
215556,12.3975,15.2920
216636,13.0967,16.3213
217720,12.8037,15.5156
218812,11.9668,13.9229
219908,12.9023,16.0576
221008,13.0049,16.0684
222116,12.5205,14.6572
223228,13.3652,17.1162
224348,13.8076,15.6035
225472,13.7129,17.2979
226600,12.9229,14.9658
227736,13.0459,16.9854
228876,12.9717,16.2773
230024,12.4189,14.7676
231176,12.6299,15.7500
232332,12.9414,16.1309
233496,12.4658,16.2490
234664,12.5479,15.3711
235840,13.0967,16.2090
237020,12.9658,15.7744
238208,12.8398,16.1006
239400,12.8281,16.0371
240600,12.4346,15.5527
241804,12.8965,16.3135
243016,13.8906,16.0742
244232,12.3037,15.3789
245456,12.2568,15.0566
246684,13.0928,16.2705
247920,12.5752,15.7090
249160,12.8545,16.2041
250408,12.2197,14.7451
251664,13.2031,16.5791
252924,13.3467,17.5166
254192,12.8154,15.8447
255464,12.8057,15.9170
256744,12.6104,15.3008
258028,12.8613,15.7979
259320,12.8984,16.3945
260620,12.7939,15.9824
261924,13.5283,16.8789
263236,13.9668,16.4697
264556,13.9316,15.8877
265880,14.0020,15.8008
267212,15.0020,18.0615
268552,14.6162,16.9678
269896,15.6289,18.2666
271248,13.7539,15.3906
272608,14.4512,16.8193
273972,13.9756,16.4023
275344,14.4521,17.0547
276724,13.8271,16.0166
278108,13.8984,16.6123
279500,13.6719,16.1816
280900,13.7881,16.3213
282308,14.1641,17.1563
283720,13.3594,15.5996
285140,13.4697,15.4766
286568,14.4170,17.5332
288004,14.2871,17.6396
289448,13.8535,16.7188
290896,13.8086,16.8604
292352,14.0283,16.8027
293816,14.3740,17.4824
295288,14.1055,17.3066
296768,14.1563,17.4482
298252,14.1182,16.9795
299744,13.8896,16.5244
301244,14.0264,17.5264
302752,14.2236,16.6904
304268,14.3379,17.2197
305792,14.0010,16.6240
307324,13.2334,15.4297
308864,13.4395,16.0176
310412,13.8203,17.2266
311968,13.2393,15.7998
313528,14.5479,16.7363
315096,14.1953,17.2803
316672,14.4424,17.4824
318256,13.4307,15.8271
319848,14.0117,16.7490
321448,13.7881,16.6953
323056,13.3418,16.0410
324672,13.5459,16.5020
326296,14.0762,16.5117
327928,13.0742,15.5273
329568,13.8242,16.6250
331216,14.2529,30.4551
332876,13.7266,16.4844
334544,13.7178,16.5469
336220,14.9941,18.5430
337904,13.9756,16.1797
339596,14.5732,17.4775
341296,14.3398,16.7705
343004,13.2920,15.5420
344720,13.8945,16.4912
346444,14.5205,17.9668
348180,17.5830,17.4053
349924,14.8877,18.2207
351676,14.0518,16.9688
353436,13.7324,16.2842
355204,14.2627,17.7178
356984,13.7461,16.3701
358772,14.1533,17.1025
360568,13.9658,16.4141
362372,14.4404,17.6045
364184,14.9355,18.6201
366008,14.1094,17.0254
367840,13.7676,16.3330
369680,14.7715,18.5527
371532,14.2090,17.4277
373392,14.2832,17.4404
375260,14.4551,17.9941
377140,13.9150,16.5645
379028,13.8721,16.5781
380924,13.6299,16.0596
382832,14.5547,18.2363
384748,14.5166,17.6797
386672,14.4502,17.3848
388608,14.2627,17.0557
390552,14.4766,18.0723
392508,14.6182,18.7852
394472,14.0791,17.0830
396448,14.1377,16.9727
398432,14.3281,16.8848
400428,15.0332,18.0645
402432,13.4697,16.3506
404448,13.8945,16.3350
406472,14.5771,17.0342
408508,14.6191,17.5205
410552,13.9463,16.4482
412608,13.8027,15.9619
414672,13.7979,15.7031
416748,13.9629,16.7217
418832,14.9658,19.0449
420928,13.5342,16.2695
423036,14.1553,17.4902
425152,13.7773,16.8486
427280,13.2813,16.0977
429420,13.8779,17.7637
431568,14.3428,18.1094
433728,14.3184,22.0156
435900,14.1934,16.9766
438080,13.7090,16.7734
440272,14.4629,18.1455
442476,14.0117,16.8867
444692,14.7783,18.9453
446916,13.4092,16.6943
449152,14.2881,17.9893
451400,14.3760,17.3486
453660,13.7119,16.4346
455932,15.1006,18.3789
458212,14.1904,16.9375
460504,13.8770,16.8311
462808,14.1816,17.0000
465124,13.7793,16.4043
467452,13.8027,16.9980
469792,13.9424,16.7432
472144,14.3652,17.9258
474508,15.3477,16.9824
476884,14.5078,17.6143
479272,13.2881,15.8877
481672,14.2607,17.6787
484084,14.6465,18.1709
486508,14.1387,17.2783
488944,14.6055,18.6826
491392,14.3906,17.4609
493852,14.4980,17.6641
496324,13.9141,17.5205
498808,14.2031,16.9170
501304,14.0039,16.9775
503812,14.6563,17.7842
506332,14.1621,16.7881
508864,13.7373,16.8438
511412,13.6094,15.9551
513972,14.8320,18.4512
516544,14.4561,17.4004
519128,14.5264,17.8486
521724,14.2861,17.5527
524336,15.7783,18.6758
526960,14.8252,17.4189
529596,15.4717,18.1357
532244,15.2480,17.7148
534908,15.5381,18.4473
537584,15.8350,19.3955
540272,15.8857,19.2803
542976,15.7803,18.7744
545692,15.6094,18.3916
548424,15.1436,17.6475
551168,15.7617,18.6533
553924,14.6016,16.4258
556696,15.6846,18.5400
559480,15.3242,17.8008
562280,14.7480,16.9971
565092,15.0947,17.7988
567920,15.0371,17.6543
570760,15.4971,18.6992
573616,14.2900,15.8643
576488,15.3301,18.2314
579372,14.8799,18.0615
582272,16.0615,19.1514
585184,14.8604,17.0566
588112,15.3027,18.1074
591056,14.9492,17.2656
594012,14.8242,16.9980
596984,14.1572,16.0498
599972,15.5605,18.4756
602972,14.8242,17.8818
605988,15.4395,18.5127
609020,14.8896,17.3057
612068,15.3652,18.5254
615132,14.7490,17.2373
618208,15.9502,18.7461
621300,14.6934,17.1309
624408,15.3291,17.7012
627532,14.9063,17.6514
630672,22.8193,17.7900
633828,15.6602,19.0596
637000,15.6533,18.7021
640188,15.1738,18.1455
643392,16.3887,19.8818
646612,15.5791,18.8555
649848,15.1260,17.6709
653100,15.0518,17.1650
656368,15.2041,17.8057
659652,15.0303,17.8115
662952,14.9883,17.9424
666268,15.0576,17.4336
669600,15.5596,18.6807
672948,14.9785,17.5811
676316,16.1719,20.1064
679700,15.3877,17.7539
683100,15.4492,17.9209
686516,15.2168,18.0830
689952,15.2188,17.8193
693404,15.3105,18.3965
696872,15.4180,18.1543
700360,16.0713,19.2646
703864,15.2168,17.8887
707384,15.3291,18.5088
710924,15.8740,18.2852
714480,15.7314,18.8535
718056,15.5938,18.7178
721648,15.3906,18.4629
725260,15.3271,18.3555
728888,15.8564,19.0684
732536,15.0361,18.1475
736200,15.5400,18.4434
739884,15.1572,18.3740
743584,16.0010,19.9463
747304,15.7285,19.2139
751044,15.5947,19.3750
754800,15.3965,18.1016
758576,15.2822,18.2598
762372,15.5742,18.2939
766184,15.7607,18.2363
770016,15.4092,18.3086
773868,15.9033,19.0137
777740,15.2598,17.1729
781632,15.3545,17.2949
785544,15.0059,17.6992
789472,14.6133,17.2383
793420,14.7754,16.9434
797388,15.6143,18.4990
801376,14.9814,17.5869
805384,15.4893,18.6611
809412,15.8535,19.1426
813460,15.2188,18.3809
817528,15.3887,82.0010
821616,17.3135,20.9707
825728,15.9736,19.4600
829860,16.6865,20.7402
834012,16.2627,18.9287
838184,16.0293,18.9707
842376,16.4990,19.6367
846588,15.5088,17.8281
850824,16.6035,20.6865
855080,16.7744,26.8389
859356,16.9873,20.4736
863656,16.5107,19.0078
867976,16.0996,20.0771
872316,15.9346,18.8789
876680,15.2529,18.3145
881064,15.5020,17.8262
885472,16.8057,20.7480
889900,14.9307,17.2656
894352,15.4287,17.9307
898824,15.9785,19.0664
903320,15.1680,17.6035
907840,15.0508,17.7539
912380,21.8672,18.1992
916944,15.9824,18.9941
921532,16.3506,20.2441
926140,16.5391,19.5010
930772,15.8281,18.9170
935428,15.4785,18.0195
940108,15.7852,18.1338
944812,15.6074,18.7998
949540,16.7119,20.4648
954288,16.4863,19.7305
959060,15.8945,19.2158
963856,15.5557,18.8047
968676,15.4834,18.0703
973520,15.0049,17.6113
978388,16.3105,19.6934
983280,16.8896,20.5039
988200,16.5840,20.0273
993144,16.2441,20.1055
998112,16.1963,19.2813
1003104,16.0420,19.0742
1008120,16.0977,18.8467
1013164,16.5479,20.2275
1018232,149.6855,19.5996
1023324,15.9697,19.2256
1028444,16.9697,18.5586
1033588,16.1035,19.2617
1038756,15.9883,18.4229
1043952,16.8115,19.7666
1049172,18.2236,20.9170
1054420,15.3555,17.4141
1059696,18.0586,21.7686
1064996,17.0322,19.9238
1070324,21.8330,19.5576
1075676,16.5059,19.3223
1081056,17.4297,21.3789
1086464,16.0508,18.2568
1091900,17.2021,19.6973
1097360,17.3457,20.3135
1102848,16.2744,18.6602
1108364,15.6377,17.4258
1113908,17.4951,20.2969
1119480,18.6514,22.1436
1125080,16.4258,19.7637
1130708,17.1299,20.0625
1136364,16.3896,19.3281
1142048,17.0000,19.4561
1147760,17.4805,20.3545
1153500,16.4912,18.7012
1159268,16.5830,19.1523
1165068,17.0303,19.6641
1170896,17.4609,20.2656
1176752,17.2627,20.1084
1182636,16.8613,19.5107
1188552,18.6328,21.8301
1194496,16.0020,18.6240
1200472,16.7510,19.7129
1206476,17.4990,20.7441
1212512,17.0244,20.2764
1218576,16.6221,19.0850
1224672,17.6807,20.8369
1230796,16.9668,19.5186
1236952,16.7715,20.2490
1243140,17.2920,19.7988
1249356,16.6816,19.1914
1255604,17.6602,20.5508
1261884,22.6465,20.4863
1268196,28.7295,19.4219
1274540,16.9990,19.7041
1280916,18.1045,21.8027
1287324,17.5059,20.7861
1293764,18.2227,21.3203
1300236,17.6787,20.7676
1306740,16.5420,19.0547
1313276,17.9902,21.3213
1319844,17.1201,19.0537
1326444,17.8789,33.0537
1333080,17.5508,20.1016
1339748,17.3730,20.6309
1346448,18.0020,21.0527
1353184,18.3223,22.0537
1359952,18.0410,21.1787
1366752,17.6172,20.4297
1373588,25.0215,20.9385
1380456,16.6211,18.8047
1387360,17.1406,20.7129
1394300,17.8242,21.0576
1401272,18.5342,22.2793
1408280,17.4541,20.5146
1415324,16.6738,19.0088
1422404,17.2676,20.1855
1429520,17.5176,20.3818
1436668,17.1172,19.8828
1443852,17.4063,19.2305
1451072,16.5850,19.1279
1458328,17.3037,19.5605
1465620,18.1035,21.0361
1472952,17.0869,19.5840
1480320,17.4600,19.8662
1487724,18.1982,21.7246
1495164,18.0566,22.0400
1502640,17.4805,20.6650
1510156,18.0938,21.6406
1517708,17.3574,19.8633
1525300,17.8730,20.7471
1532928,17.5811,19.9639
1540596,18.2852,21.6396
1548300,17.6006,20.8311
1556044,18.4883,21.8311
1563828,17.3145,20.1143
1571648,17.7617,19.7627
1579508,17.2188,20.0195
1587408,18.2568,20.7695
1595348,17.6748,20.5283
1603328,21.5107,20.1865
1611348,17.3232,19.6172
1619408,17.1357,18.9473
1627508,17.5537,20.2334
1635648,18.4023,20.6680
1643828,16.8076,19.7783
1652048,17.8584,20.5977
1660312,18.7363,22.4961
1668616,17.8887,20.5928
1676960,17.7461,20.9805
1685348,18.0889,21.8955
1693776,18.3135,21.9775
1702248,16.9395,20.1650
1710760,18.1250,21.7764
1719316,17.0801,19.5264
1727916,17.4785,20.0449
1736556,17.8477,21.0771
1745240,17.3350,20.1641
1753968,17.6885,20.7275
1762740,18.2969,21.2666
1771556,17.3906,20.2500
1780416,18.8730,22.2754
1789320,19.2686,22.2217
1798268,18.9746,21.9512
1807260,17.8320,20.7432
1816300,17.9199,21.1602
1825384,17.5928,20.9287
1834512,19.6113,23.6855
1843688,18.6318,21.9570
1852908,18.8955,22.1943
1862176,18.9473,22.5352
1871488,17.6895,20.7080
1880848,17.4834,21.1738
1890256,17.8164,20.6836
1899708,18.3877,21.8135
1909208,18.6973,21.4971
1918756,18.6973,22.5654
1928352,18.7783,22.8291
1937996,16.9834,19.5693
1947688,18.6729,22.6230
1957428,18.7461,21.4902
1967216,19.2217,21.9092
1977056,26.2529,22.8613
1986944,18.7451,22.1475
1996880,18.1621,20.9600
2006868,18.0156,20.4912
2016904,17.9385,21.0742
2026992,18.9561,27.7334
2037128,18.5107,21.8906
2047316,17.9326,21.9990
2057556,18.9453,22.6914
2067844,16.8164,19.0693
2078184,18.1436,22.2012
2088576,19.6230,24.1963
2099020,21.1270,25.4248
2109516,19.1533,22.4688
2120064,20.9727,25.8057
2130668,20.0449,23.2646
2141324,20.1934,23.9463
2152032,20.0195,24.1084
2162796,19.7373,23.4609
2173612,18.6602,21.7070
2184484,20.3057,23.8545
2195408,19.6348,23.6367
2206388,20.0352,23.6602
2217420,19.3057,22.3633
2228508,19.7480,23.8838
2239652,18.4805,21.8223
2250852,18.7520,21.9346
2262108,19.5674,22.3125
2273420,19.8760,23.8037
2284788,19.9229,22.8525
2296212,20.3633,24.0742
2307696,19.8877,24.2568
2319236,20.6768,24.2402
2330836,19.6904,22.9248
2342492,20.1416,24.0273
2354208,18.8018,22.0586
2365980,20.2939,24.0781
2377812,19.6475,22.7305
2389704,39.2832,22.9248
2401656,27.3408,24.1631
2413668,18.8369,22.7568
2425740,19.3643,23.6709
2437872,19.0000,23.1387
2450064,18.0859,21.0293
2462316,19.1836,22.2520
2474628,18.4248,21.2129
2487004,18.5752,22.0557
2499440,19.1367,23.5391
2511940,18.4150,21.3936
2524500,19.2471,23.0098
2537124,19.2217,22.4355
2549812,18.9512,23.2480
2562564,19.1445,22.3867
2575380,19.6777,27.6318
2588260,19.3408,23.0938
2601204,19.7607,23.4238
2614212,18.2891,22.5957
2627284,19.3623,22.8379
2640424,19.6211,23.7480
2653628,21.3291,24.3359
2666900,18.9629,34.7568
2680236,22.9502,22.8457
2693640,19.7666,23.8213
2707112,18.7266,21.8301
2720648,19.5283,26.2061
2734252,18.6396,24.2578
2747924,19.9951,23.0957
2761664,18.8984,22.0205
2775476,18.5566,21.7314
2789356,18.6133,21.4629
2803304,24.0576,24.2217
2817324,18.8145,22.4736
2831412,18.8994,21.8926
2845572,20.4512,24.4766
2859800,18.5635,21.5205
2874100,18.9824,23.4541
2888472,19.4063,22.6533
2902916,18.3623,21.8096
2917432,19.6660,35.8574
2932020,18.8359,22.7793
2946684,19.0410,22.8135
2961420,18.5273,21.4248
2976228,18.5361,21.8779
2991112,20.1113,24.4902
3006068,20.1748,24.8877
3021100,19.8828,23.3135
3036208,22.3838,21.4375
3051392,18.3770,21.4170
3066652,19.9111,23.4111
3081988,20.9004,25.4063
3097400,18.8945,22.2139
3112888,24.5508,24.9980
3128456,19.3721,22.5361
3144100,19.9795,23.6738
3159824,19.1201,23.1982
3175624,18.7021,22.2002
3191504,20.1230,24.4258
3207464,19.5850,23.5000
3223504,19.2725,23.1504
3239624,18.9434,21.0400
3255824,19.0977,24.7637
3272104,20.3516,24.1504
3288468,19.5049,23.6406
3304912,19.3867,22.5918
3321440,20.0059,23.0703
3338048,19.6289,23.0977
3354740,19.7451,23.3516
3371516,20.2832,24.3115
3388376,20.4375,24.0029
3405320,19.0664,23.0361
3422348,20.3652,27.9023
3439460,21.1914,25.1973
3456660,19.6055,23.6367
3473944,19.9766,23.2285
3491316,19.1602,22.9756
3508776,19.7266,27.0889
3526320,20.0010,23.2412
3543952,19.5508,23.5938
3561672,19.3516,23.0234
3579484,29.3760,25.0176
3597384,26.2090,26.9658
3615372,20.4258,24.4277
3633452,19.3555,22.6777
3651620,20.9189,25.3965
3669880,19.2021,22.2861
3688232,20.4141,24.4609
3706676,21.3818,27.0254
3725212,21.3115,25.5586
3743840,21.1582,25.9639
3762560,21.5283,26.2236
3781376,21.3467,25.6943
3800284,21.6084,26.0889
3819288,21.5811,25.3945
3838388,20.3945,23.9512
3857580,21.4443,26.5869
3876868,20.6338,24.2969
3896256,21.2930,24.6279
3915740,21.3115,24.6309
3935320,19.9131,23.4766
3955000,22.2813,27.2891
3974776,21.3291,25.7422
3994652,20.8936,26.0381
4014628,19.1260,23.4238
4034704,21.4590,25.0850
4054880,22.5635,27.6934
4075156,22.1035,27.1602
4095532,21.4160,26.1113
4116012,21.5234,25.6738
4136596,21.7021,25.2959
4157280,22.6846,26.7783
4178068,22.5566,27.0098
4198960,23.1064,28.3613
4219956,21.6494,24.8945
4241056,22.5352,26.0898
4262264,22.1963,24.6162
4283576,23.7520,27.8613
4304996,21.6523,25.4648
4326524,23.2832,27.1592
4348160,22.0186,24.7813
4369904,22.2842,25.8281
4391756,23.1104,27.2217
4413716,22.3672,25.5869
4435788,22.0293,25.3271
4457968,23.4990,27.4102
4480260,23.0098,26.4189
4502664,22.9824,26.9346
4525180,20.5527,24.0566
4547808,20.5371,23.6748
4570548,21.4043,24.7012
4593404,21.3340,25.1836
4616372,22.8496,26.7549
4639456,22.7656,26.7559
4662656,22.3291,26.0410
4685972,22.5605,25.5908
4709404,22.2646,26.2637
4732952,22.8398,26.3779
4756620,21.9746,25.7510
4780404,22.2568,25.9082
4804308,21.3730,25.0469
4828332,22.0488,24.3916
4852476,22.0352,25.2920
4876740,22.7803,26.4414
4901124,22.1943,25.2891
4925632,24.9639,25.5889
4950264,23.1572,25.4463
4975016,22.3203,33.6973
4999892,22.8184,25.9521
5024892,24.1338,26.8262
5050020,24.0313,29.2656
5075272,23.6523,27.1885
5100652,22.2969,27.8467
5126156,22.5059,26.6055
5151788,27.1406,27.5986
5177548,23.4639,26.1494
5203436,24.7227,29.1416
5229456,21.9082,25.0020
5255604,24.3008,28.4199
5281884,22.8643,26.3213
5308296,23.3965,27.0352
5334840,22.2725,26.2373
5361516,21.3408,25.2090
5388324,29.7607,27.9717
5415268,24.8877,25.5439
5442348,22.9424,28.1064
5469560,22.4092,26.0293
5496908,23.6123,27.5420
5524396,23.8252,28.7139
5552020,22.1357,26.6123
5579784,22.8408,26.0898
5607684,23.6592,27.5273
5635724,23.0654,26.5352
5663904,24.0479,28.8291
5692224,23.2529,27.7100
5720688,22.4160,25.7842
5749292,22.7695,27.3740
5778040,22.8906,26.7676
5806932,22.2178,25.5996
5835968,22.7158,25.6680
5865148,22.7129,26.1670
5894476,22.8516,25.3721
5923952,23.3691,27.6348
5953572,21.2969,25.0986
5983340,22.4160,27.2646
6013260,22.9551,27.1621
6043328,22.7793,25.6484
6073548,22.4697,26.2930
6103916,21.3516,25.0986
6134436,23.2217,27.2373
6165112,21.9492,25.9102
6195940,22.8955,26.7959
6226920,22.6025,26.9766
6258056,22.1182,25.7334
6289348,23.7656,28.8584
6320796,22.1826,25.4668
6352400,22.4941,27.2188
6384164,24.3848,28.6973
6416088,23.6309,27.6367
6448172,23.2402,27.2578
6480416,24.1641,27.5713
6512820,22.3945,25.5234
6545388,24.9590,28.9033
6578116,23.8359,27.8848
6611008,21.7793,25.7441
6644064,22.8350,26.8154
6677288,21.8555,25.6328
6710676,22.2979,25.8359
6744232,21.8164,26.0684
6777956,25.9307,31.6182
6811848,24.6592,28.5283
6845908,23.7568,27.6377
6880140,22.9180,29.9844
6914544,23.0918,28.7637
6949120,24.2480,28.4336
6983868,22.7725,26.6758
7018788,21.4023,24.2158
7053884,24.0898,28.3887
7089156,24.0098,34.8291
7124604,24.7627,28.3770
7160228,23.3955,27.5859
7196032,22.8135,25.7813
7232016,23.1621,26.9912
7268180,23.7314,27.6006
7304524,23.4551,27.3672
7341048,24.1064,28.5420
7377756,23.3643,27.9980
7414648,23.0068,25.6699
7451724,23.1475,25.4805
7488984,24.5332,28.1875
7526432,22.9297,26.8604
7564068,23.8105,27.2715
7601892,24.7441,28.3232
7639904,24.1328,28.6953
7678104,23.2627,27.7324
7716496,24.5781,28.5322
7755080,23.6855,27.2852
7793856,22.8271,26.4961
7832828,23.9033,55.6895
7871996,22.5693,27.5771
7911356,24.5410,40.5391
7950916,23.0889,27.2529
7990672,24.1836,29.8184
8030628,24.8262,29.9473
8070784,25.2354,30.7578
8111140,40.1357,32.7334
8151696,23.4170,28.2168
8192456,25.0586,29.7480
8233420,24.4111,30.7773
8274588,22.3604,27.4717
8315964,23.4404,28.8926
8357544,23.1191,27.1787
8399332,25.5898,31.6826
8441332,24.9424,29.0205
8483540,24.3369,29.0195
8525960,24.2520,27.8184
8568592,24.1035,28.9473
8611436,24.4199,28.7461
8654496,25.8730,30.0479
8697772,25.0322,29.8525
8741264,26.2148,31.4531
8784972,24.0449,28.0527
8828900,23.1367,27.0771
8873048,25.3105,29.1719
8917416,24.6133,27.5332
8962004,26.0693,30.6270
9006816,26.0557,30.3311
9051852,24.1396,27.2402
9097112,24.8037,28.1826
9142600,23.6553,26.7822
9188316,26.0303,30.4961
9234260,25.4277,29.6201
9280432,25.3809,29.5752
9326836,24.2754,27.5596
9373472,24.0742,27.5244
9420340,24.4756,28.3604
9467444,25.8682,29.9932
9514784,25.3232,29.2588
9562360,25.0049,29.7695
9610172,25.3398,29.7119
9658224,23.7695,27.9375
9706516,24.7139,28.3887
9755052,26.7051,33.2402
9803828,26.5898,31.4502
9852848,23.6826,27.9004
9902116,24.7715,29.1338
9951628,27.1279,31.8994
10001388,23.9971,28.5518
10051396,26.1387,31.1279
10101656,24.7656,29.3994
10152168,24.2158,27.5977
10202932,25.8984,28.4434
10253948,25.2852,28.9990
10305220,25.0898,30.6904
10356748,22.7832,26.4697
10408532,23.8730,28.1143
10460576,24.6543,29.6563
10512880,24.0156,28.0430
10565448,24.2773,34.0791
10618276,24.7422,28.7559
10671368,23.8506,29.0107
10724728,24.2002,28.6572
10778352,24.0801,28.2051
10832244,24.4678,28.0313
10886408,23.9072,27.3457
10940844,26.3584,31.0547
10995552,23.7920,26.6348
11050532,24.7744,28.2197
11105788,24.3486,29.6816
11161320,25.6807,29.5918
11217128,23.6055,27.1914
11273216,24.6641,28.7051
11329584,23.4570,26.9902
11386232,24.0850,26.6523
11443164,25.8496,30.1035
11500380,25.5410,30.2139
11557884,25.5537,29.8672
11615676,25.1396,29.2881
11673756,25.8467,29.9307
11732128,26.5352,31.4521
11790792,26.9287,32.4297
11849748,26.6680,30.7949
11909000,26.0000,31.6611
11968548,26.5986,30.8955
12028392,24.3701,28.3779
12088536,26.8447,31.3232
12148980,47.5938,38.9717
12209728,26.4414,28.3672
12270780,25.9492,31.4033
12332136,25.0957,29.5781
12393800,25.7139,30.6504
12455772,23.8887,27.9443
12518052,24.8887,27.8848
12580644,27.4785,31.8633
12643548,25.6436,30.5361
12706768,26.5107,31.0156
12770304,24.7783,29.8682
12834156,24.5078,29.0068
12898328,25.7891,29.1875
12962820,26.7363,30.7188
13027636,26.4707,87.3008
13092776,24.0635,28.7588
13158240,25.9023,44.0947
13224032,34.0664,29.6250
13290156,28.3809,33.5723
13356608,23.5215,27.4131
13423392,23.8506,26.5703
13490512,26.2979,30.6865
13557968,33.4873,31.3223
13625760,25.7090,31.1250
13693892,23.6318,27.4111
13762364,25.3086,29.5430
13831176,26.0303,31.2461
13900332,24.5127,30.9063
13969836,26.0625,28.6787
14039688,26.7227,31.4561
14109888,25.1807,28.2637
14180440,26.2666,31.2764
14251344,24.8535,29.5537
14322604,24.1084,33.9170
14394220,25.2480,36.5234
14466192,24.5674,29.6709
14538524,24.3984,29.1152
14611220,25.2539,30.4229
14684280,27.5527,31.4746
14757704,25.0117,30.0283
14831496,26.1279,31.7842
14905656,26.3252,31.6328
14980188,25.3379,30.4795
15055092,27.4248,30.9775
15130368,24.8369,28.8320
15206020,24.3809,27.9775
15282052,25.3242,29.2939
15358464,26.1592,30.7324
15435260,28.2959,31.4023
15512440,29.0557,32.4736
15590004,26.7178,32.9424
15667956,28.3076,35.5371
15746296,27.1963,32.0635
15825028,26.2119,31.0498
15904156,26.0020,30.9746
15983680,24.6133,29.9092
16063600,26.9775,31.5986
16143920,27.8545,32.1680
16224640,28.8691,32.2686
16305764,27.5322,31.7803
16387296,41.6143,31.2012
16469236,27.3203,32.5029
16551584,28.3516,32.8711
16634344,25.7607,29.5547
16717516,26.2500,29.6025
16801104,30.5498,34.4580
16885112,31.2930,31.8037
16969540,30.4521,32.4414
17054388,36.6992,30.9287
17139660,28.9639,32.7305
17225360,28.9014,31.8369
17311488,28.0889,32.0879
17398048,30.8438,32.0811
17485040,29.6318,31.8223
17572468,39.9707,30.4756
17660332,29.0176,31.9717
17748636,32.1602,34.3086
17837380,28.4639,32.0098
17926568,29.9072,32.6377
18016204,29.7432,30.8203
18106288,30.4365,32.9014
18196820,31.6348,35.2021
18287808,54.1768,44.6934
18379248,30.4229,32.1494
18471148,26.0723,28.3311
18563504,27.3486,31.4043
18656324,26.2236,30.8818
18749608,35.2236,29.2598
18843360,26.5078,30.3154
18937580,24.1104,28.7285
19032268,27.4463,30.6016
19127432,26.7236,29.5869
19223072,25.3477,28.1680
19319188,28.6631,32.7100
19415784,26.2744,28.9238
19512864,27.9619,31.2617
19610432,26.4922,28.4736
19708488,28.3809,30.8877
19807032,27.7666,30.7715
19906068,30.5244,31.6602
20005600,29.6123,33.5098
20105628,29.6729,32.5967
20206160,26.4707,30.9863
20307192,28.9102,31.7129
20408728,27.4922,30.7930
20510772,27.0869,29.7881
20613328,26.4883,29.6191
20716396,27.2178,31.0947
20819980,28.0049,31.9102
20924080,26.7959,29.3926
21028704,62.3701,32.0576
21133848,27.0889,32.1230
21239520,29.3594,34.4053
21345720,28.1436,31.5322
21452452,26.8301,30.0449
21559716,27.4375,29.7715
21667516,29.0723,32.2852
21775856,28.9629,32.2080
21884736,26.0566,29.9150
21994160,27.1816,29.1729
22104132,27.6328,31.1377
22214656,31.3887,34.5693
22325732,31.5186,35.0547
22437364,30.3545,32.8574
22549552,27.6230,31.8867
22662300,29.6680,31.2188
22775612,29.0664,34.7656
22889492,28.2617,30.9063
23003940,28.3096,29.8496
23118960,30.2041,31.2080
23234556,30.2207,29.5967
23350732,29.6250,30.8838
23467488,27.4063,30.2139
23584828,32.7178,36.0928
23702756,27.5234,29.2305
23821272,31.0869,34.9150
23940380,31.8760,34.8838
24060084,30.2246,77.3457
24180388,74.2012,45.9971
24301292,39.0010,44.0098
24422800,32.8887,32.3086
24544916,32.4004,35.9756
24667644,28.2441,31.2070
24790984,106.2559,38.2109
24914940,31.3857,32.5176
25039516,32.1670,33.0410
25164716,33.2266,37.4727
25290540,31.9990,36.5537
25416996,33.3584,34.7783
25544084,31.7803,34.0303
25671808,34.8105,35.9229
25800168,35.9199,35.8428
25929172,34.9102,40.7246
26058820,36.4717,37.7178
26189116,36.7598,34.9639
26320064,37.6074,40.2061
26451668,34.8047,38.0947
26583928,34.9434,50.9756
26716848,38.6895,38.3916
26850436,34.3428,33.7900
26984692,37.6592,37.0068
27119616,36.4375,38.2295
27255216,35.0166,33.4590
27391496,63.7314,42.3115
27528456,42.6904,45.3535
27666100,41.9023,40.9717
27804432,41.5264,40.0986
27943456,45.2080,42.9600
28083176,36.8916,35.3154
28223592,42.7900,43.5986
28364712,41.8711,41.3486
28506536,40.4512,39.4648
28649072,43.5342,45.3652
28792320,38.3418,40.0605
28936284,41.0215,40.5723
29080968,44.0713,42.8965
29226376,37.3711,38.8115
29372508,72.5547,44.9561
29519372,45.6973,43.0947
29666972,52.1006,40.1465
29815308,42.3242,43.5762
29964388,41.2080,42.6553
30114212,43.9570,41.1191
30264784,40.0469,37.9375
30416108,45.4092,46.4414
30568192,43.1602,43.6299
30721036,45.5918,42.3486
30874644,42.3379,42.3945
31029020,46.9365,43.9053
31184168,55.3115,104.6758
31340092,59.2100,50.9023
31496796,50.0781,44.8467
31654280,47.0020,43.5977
31812552,43.2881,45.9727
31971616,43.3008,47.5205
32131476,44.9414,45.9189
32292136,47.2100,46.1953
32453600,54.6963,46.8916
32615868,49.2305,48.4268
32778948,51.6523,52.2109
32942844,46.6543,43.2090
33107560,41.6133,46.1289
33273100,43.4590,46.9863
33439468,50.2764,50.0576
33606668,46.5010,48.5391
33774704,49.7490,114.8906
33943580,52.2109,47.3340
34113300,50.4697,44.1484
34283868,43.6309,41.4727
34455288,51.0625,46.3467
34627568,52.0625,47.5684
34800708,57.6328,49.6895
34974712,54.5947,48.9385
35149588,57.2305,54.2295
35325336,52.8164,49.6738
35501964,55.7656,49.9365
35679476,53.7578,47.8857
35857876,49.9561,51.9834
36037168,46.3877,45.1035
36217356,52.3184,48.5566
36398444,51.1016,50.1094
36580440,52.4463,62.6807
36763344,55.9131,48.7656
36947164,54.9766,52.4014
37131900,48.7891,46.7627
37317560,54.4424,54.3779
37504148,51.7852,50.0400
37691672,52.2500,49.2227
37880132,57.9443,57.6543
38069536,52.6563,68.9102
38259884,49.2715,45.8242
38451184,51.8760,52.3301
38643440,57.8916,55.5430
38836660,57.8154,52.6289
39030844,57.5488,55.1143
39226000,56.4131,57.2871
39422132,52.1865,58.3311
39619244,59.8262,54.6973
39817344,51.5742,62.5996
40016432,67.8145,62.9170
40216516,63.5391,56.1885
40417600,58.1973,59.7100
40619688,63.3633,61.5352
40822788,58.7930,58.5742
41026904,64.1309,57.7236
41232040,55.1445,52.3906
41438204,52.8730,53.0781
41645396,55.6953,53.9688
41853624,59.1885,61.0908
42062896,60.6084,61.5654
42273212,58.7734,53.1670
42484580,53.8311,53.8320
42697004,54.1143,54.1377
42910492,51.5518,49.8438
43125048,56.3584,52.7480
43340676,65.5967,62.7480
43557380,63.3691,65.7773
43775168,91.5654,63.8828
43994044,57.3193,55.6631
44214016,54.0703,65.7158
44435088,57.6289,53.9336
44657264,60.2119,58.1221
44880552,58.9785,55.8633
45104956,59.9805,63.0654
45330484,60.7969,48.9648
45557140,62.9424,58.5928
45784928,73.5635,65.1279
46013856,66.9463,63.6768
46243928,57.1016,67.8164
46475148,76.7832,64.8047
46707524,64.1035,65.0039
46941064,71.0186,67.8955
47175772,128.5420,61.3506
47411652,59.0254,60.2129
47648712,87.0869,59.0498
47886956,81.9316,60.6221
48126392,66.6758,59.6133
48367024,57.9209,62.2236
48608860,69.1045,62.6563
48851908,72.5254,58.3506
49096168,60.6729,59.2070
49341652,65.5498,65.1221
49588364,68.7539,77.0322
49836308,60.7520,56.9170
50085492,64.8369,65.3506
50335920,58.7695,57.9941
50587600,60.6729,63.1992
50840540,60.4883,57.1807
51094744,63.3770,64.6455
51350220,67.7012,66.6328
51606972,60.3037,61.8555
51865008,69.5361,71.1660
52124336,68.3789,64.8311
52384960,62.9414,65.2715
52646888,66.7617,64.7881
52910124,70.7959,71.5859
53174676,61.1895,63.8340
53440552,64.1914,62.1113
53707756,64.8262,64.5732
53976296,66.0928,67.2178
54246180,63.7441,66.9795
54517412,63.4385,61.0049
54790000,69.3105,69.9150
55063952,65.7822,63.8428
55339272,68.9395,70.4551
55615972,68.4102,70.3818
55894052,66.5264,70.1885
56173524,62.3584,69.3701
56454392,61.5947,58.9004
56736664,74.0166,72.8291
57020348,61.7520,56.3467
57305452,68.7861,67.7402
57591980,65.1270,64.4766
57879940,134.2422,65.6660
58169340,68.0752,70.2314
58460188,63.5107,65.7334
58752492,64.5332,67.9482
59046256,64.7773,75.9932
59341488,73.2373,112.6699
59638196,75.2744,70.6182
59936388,60.7803,63.4727
60236072,69.7363,71.6758
60537256,60.8232,62.1406
60839944,74.9639,76.4346
61144144,74.1719,76.8223
61449868,68.4629,68.5283
61757120,64.5781,68.2393
62065908,75.6689,79.4844
62376240,68.0586,70.3477
62688124,69.8408,70.5088
63001568,67.6133,66.4424
63316576,69.4492,71.0273
63633160,71.8896,70.6846
63951328,68.4141,68.7080
64271088,74.5518,76.6631
64592444,76.6777,75.7959
64915408,126.1377,67.0244
65239988,78.9229,68.7012
65566188,80.6074,80.2725
65894020,74.0420,72.2178
66223492,71.0020,70.5889
66554612,79.3369,77.5811
66887388,76.6201,79.0508
