4,1.0381,1.2188
8,1.7617,3.3750
12,2.2451,12.1484
16,2.2051,15.3135
20,2.7822,5.3936
24,2.7754,7.3906
28,2.7656,7.2500
32,2.7178,7.6602
36,3.2168,7.2256
40,3.2090,7.7969
44,3.2246,7.5967
48,3.2324,8.0840
52,3.2148,7.8428
56,3.2109,8.6006
60,3.2148,8.7285
64,3.2188,11.3135
68,3.7236,10.8613
72,3.7031,10.3262
76,3.7354,10.2578
80,3.7441,10.8242
84,3.6924,10.9766
88,3.7148,10.7305
92,3.7012,11.3740
96,3.6992,11.2363
100,3.6914,11.1563
104,3.6934,10.8193
108,3.6953,11.0791
112,3.7676,11.1270
116,3.8223,9.7168
120,3.7900,9.0645
124,3.7930,8.8496
128,3.6914,10.1113
132,4.2012,10.9082
136,4.2002,10.5781
140,4.2119,10.2129
144,4.2285,10.1260
148,4.2109,10.0117
152,4.2158,9.7949
156,4.2256,21.6172
160,4.2139,9.9941
164,4.2383,10.1484
168,4.2266,10.3975
172,4.2334,10.1074
176,4.1992,10.4629
180,4.2090,10.3545
184,4.1982,9.8691
188,4.2148,10.1885
192,4.2090,10.2002
196,4.1963,10.8984
200,4.1992,10.5449
204,4.2373,10.7207
208,4.2383,10.6680
212,4.2451,10.3584
216,4.2217,10.9492
220,4.2334,10.3662
224,4.2021,10.7197
228,4.2031,10.7363
232,4.2285,11.6846
236,4.2324,11.0439
240,4.2119,11.4424
244,4.2383,11.5313
248,4.2236,11.3594
252,4.2227,11.3809
256,4.2402,14.1426
260,4.8330,14.0498
264,4.8184,13.5420
268,4.8145,13.0127
272,4.8145,13.0234
276,4.8242,12.6357
280,4.8145,12.8975
284,4.8154,12.7598
288,4.8242,14.0020
292,4.8027,13.2021
296,4.8086,13.7695
300,4.8242,13.0693
304,4.8184,13.6465
308,4.8184,13.1328
312,4.8232,14.3018
316,4.8125,13.0664
320,4.8135,12.8643
324,4.8066,13.4463
328,4.8076,12.8037
332,4.8018,13.4365
336,4.8086,13.6943
340,4.7988,13.7783
344,4.7930,13.0254
348,4.8018,13.5498
352,4.8047,13.3594
356,4.8174,13.7324
360,4.8047,13.9805
364,4.7949,12.7656
368,4.8174,11.3730
372,4.8096,12.0947
376,4.8242,11.3555
380,4.8203,11.4844
384,4.8223,10.8057
388,4.8350,11.1035
392,4.8174,11.0078
396,4.8164,11.5898
400,4.8096,11.6572
404,4.8057,11.0566
408,4.8115,10.8125
412,4.8066,11.6582
416,4.8066,11.2236
420,4.8154,11.4863
424,4.8164,11.0264
428,4.8242,11.1807
432,4.8242,11.8457
436,4.8291,11.8770
440,4.8242,10.8389
444,4.8154,12.0264
448,4.8145,11.4512
452,4.7959,11.4570
456,4.7988,12.1445
460,4.8242,11.8926
464,4.8145,11.7979
468,4.8125,11.3242
472,4.8096,11.4941
476,4.8311,12.2012
480,4.8154,12.2793
484,4.8262,11.7715
488,4.8281,12.6270
492,4.8096,12.2295
496,4.8213,12.7158
500,4.8193,12.1533
504,4.8154,12.4951
508,4.8213,11.6064
512,4.8066,14.6533
516,6.1406,13.4863
520,6.0977,14.7891
524,6.2383,15.1270
528,6.0352,13.8740
532,6.0234,13.7627
536,6.0488,14.1025
540,6.0361,14.2461
544,6.2344,14.7051
548,5.9648,13.5479
552,38.1758,14.1855
556,6.1084,14.5869
560,6.0205,13.4873
564,6.0078,14.0020
568,5.9170,14.0684
572,6.0605,14.5234
576,6.1113,14.5869
580,6.0986,12.9473
584,6.1709,13.5088
588,6.0742,12.5498
592,6.1553,12.7373
596,6.0010,12.6270
600,6.1787,12.8213
604,6.2285,12.5371
608,6.0908,12.5898
612,6.1836,13.1084
616,5.9346,11.8750
620,5.9648,11.9541
624,6.0488,11.9766
628,6.1436,12.3350
632,6.1709,12.6309
636,5.9990,12.2363
640,6.1787,12.2197
644,6.0303,12.1406
648,6.0898,12.4883
652,6.0498,12.2871
656,5.9844,11.8984
660,6.0898,12.3066
664,6.0762,12.5469
668,6.0527,12.2832
672,6.1387,12.5332
676,43.9834,11.8252
680,6.1611,13.0352
684,6.1914,12.3008
688,6.1943,13.0703
692,6.3311,13.5684
696,6.1348,12.5645
700,6.1328,12.8281
704,6.0537,11.7910
708,6.1045,12.9150
712,6.0869,12.8076
716,6.1152,12.9307
720,6.1758,12.6602
724,5.9902,12.2744
728,6.0273,12.1475
732,6.1211,12.9297
736,6.0664,12.8057
740,6.0000,12.0850
744,6.0098,12.3848
748,6.2295,12.8008
752,6.0547,12.6289
756,6.0664,12.6104
760,6.2422,13.2002
764,6.1416,13.2832
768,6.0859,12.6699
772,6.0771,12.7285
776,6.1025,12.2002
780,6.1104,13.3887
784,6.0332,12.7959
788,6.2275,13.1934
792,5.9854,12.9678
796,6.0869,12.8867
800,6.0840,13.6641
804,5.9707,13.0127
812,6.0430,12.7998
820,6.1582,13.7773
828,6.1191,13.3838
836,5.9951,13.2549
844,6.2002,13.5752
852,6.1963,13.3652
860,6.2461,13.0479
868,6.0703,13.5859
876,6.1523,13.7627
884,6.1104,13.5020
892,6.0723,13.3828
900,6.3047,14.6436
908,6.1475,13.8271
916,6.2725,13.9385
924,6.0449,14.4121
932,6.1689,14.4775
940,5.9990,13.2979
948,5.9824,13.7900
956,5.9893,13.4424
964,6.1025,13.8643
972,6.0742,13.5615
980,6.0713,13.8271
988,6.0430,13.2627
996,6.1123,12.9863
1004,6.1631,13.9463
1012,6.0615,14.8643
1020,6.1719,14.1572
1028,8.2998,15.9990
1036,7.5996,14.8848
1044,7.4609,14.0742
1052,7.5469,14.4463
1060,8.2441,15.3164
1068,7.5430,14.9648
1076,7.9141,15.2090
1084,7.5430,14.0498
1092,7.7305,14.9121
1100,7.6191,15.1924
1108,8.0850,15.2549
1116,7.5684,14.1182
1124,7.6436,14.9814
1132,7.5791,15.0049
1140,7.8730,14.9980
1148,7.6299,14.8633
1156,8.1689,15.5098
1164,7.5781,14.8789
1172,7.9756,14.2646
1180,7.9121,15.0791
1188,7.8193,14.8115
1196,7.4707,14.2441
1204,7.4150,13.6572
1212,7.5156,15.4277
1220,7.6855,15.1279
1228,7.7188,15.4238
1236,7.8594,15.4971
1244,7.6250,14.9961
1252,7.5703,15.3955
1260,7.7637,15.1338
1268,7.7236,14.9619
1276,7.5508,15.4619
1284,7.3545,14.3301
1292,7.6240,14.3896
1300,7.3633,13.9609
1308,7.5420,13.8350
1316,7.4873,14.0762
1324,7.7031,14.0293
1332,7.6279,14.6367
1340,7.5137,13.9971
1348,7.3838,14.0615
1356,7.4277,13.7119
1364,7.6631,14.8516
1372,7.4805,12.8379
1380,7.5557,14.7998
1388,7.6992,13.9854
1396,7.9619,14.3506
1404,8.1475,14.9756
1412,8.0322,14.8408
1420,7.4248,14.1221
1428,8.0166,13.6797
1436,7.3369,13.4551
1444,7.3623,13.2451
1452,7.9688,14.7188
1460,7.5166,14.2666
1468,7.5078,14.5859
1476,7.3330,13.2744
1484,7.4199,14.7207
1492,7.4053,14.9453
1500,7.6768,15.1621
1508,7.3838,14.2354
1516,7.5693,14.5996
1524,7.3545,13.6357
1532,7.7998,15.0576
1540,7.3682,14.7676
1548,7.3223,14.3672
1556,7.2617,13.5273
1564,7.5361,14.4570
1572,7.2070,13.9561
1580,7.4863,14.3223
1588,7.5566,14.8320
1596,7.5498,14.4678
1604,7.3730,14.0391
1616,7.5010,14.1201
1628,7.4434,14.6719
1640,7.4326,14.7217
1652,7.2930,14.5605
1664,7.5195,14.7441
1676,7.5615,14.8447
1688,7.4805,14.1104
1700,7.7002,15.1543
1712,7.6045,14.5020
1724,7.5029,13.9004
1736,7.2773,14.9395
1748,7.8174,14.6895
1760,7.8711,15.9541
1772,7.5967,15.2188
1784,7.4482,14.6377
1796,7.5586,14.5342
1808,7.5469,14.6533
1820,7.6396,14.5254
1832,7.3779,15.0205
1844,7.5293,14.4893
1856,7.6299,14.9355
1868,7.6338,14.6758
1880,7.7705,14.6045
1892,7.3115,14.3262
1904,7.6572,14.5078
1916,7.9004,16.4297
1928,7.6631,15.1348
1940,7.4756,14.4873
1952,7.5049,15.6143
1964,7.3418,14.1279
1976,7.6104,15.2676
1988,7.7002,15.2236
2000,7.5625,15.6416
2012,7.3848,15.0508
2024,7.3184,14.1211
2036,7.4805,14.6943
2048,7.8408,18.1563
2060,9.9668,17.9316
2072,9.7754,18.1553
2084,9.5664,17.2197
2096,9.6680,17.2900
2108,9.6396,17.4600
2120,9.6826,17.7500
2132,9.7090,17.7207
2144,9.6230,17.8730
2156,9.4629,17.5557
2168,9.7754,22.4629
2180,9.3311,18.0664
2192,9.3750,17.2070
2204,9.2080,17.0840
2216,9.3389,17.0625
2228,9.6084,18.3564
2240,9.5605,17.9297
2252,9.0459,16.8691
2264,9.1143,17.7363
2276,9.4717,18.3516
2288,9.0693,17.3525
2300,8.7119,16.0244
2312,8.8887,16.4033
2324,9.0615,17.3271
2336,8.9404,16.5889
2348,8.9268,16.3555
2360,8.9971,17.2578
2372,8.9424,16.6543
2384,9.2227,17.2402
2396,8.9844,16.7910
2408,9.2813,17.9375
2424,8.9863,16.4863
2440,9.1260,17.2100
2456,8.8340,16.4326
2472,8.9746,16.5498
2488,8.9941,17.3027
2504,8.8643,16.7842
2520,8.9766,16.8877
2536,9.1201,17.7227
2552,9.0635,17.1592
2568,8.7930,16.7041
2584,9.1514,17.4766
2600,8.9512,16.4561
2616,9.3887,17.7295
2632,8.9170,16.7305
2648,9.1084,17.6328
2664,8.9434,17.2461
2680,8.7832,17.0781
2696,9.0479,17.8643
2712,9.5254,18.0488
2728,8.9814,17.7754
2744,9.0322,17.4063
2760,8.8145,17.7627
2776,8.9600,17.0498
2792,8.8281,16.5479
2808,9.2363,17.9951
2824,8.5713,15.3691
2840,8.8799,16.6484
2856,8.9951,16.9082
2872,8.9229,17.1807
2888,9.0371,17.2227
2904,8.9229,16.3594
2920,9.3662,18.0605
2936,9.0557,17.0596
2952,9.1299,17.6172
2968,8.9492,17.2354
2984,9.2080,18.0674
3000,9.1387,17.3174
3016,9.0811,16.7100
3032,9.1689,17.5283
3048,8.9941,17.1113
3064,9.0088,17.6826
3080,9.0830,17.7930
3096,8.9531,17.5928
3112,9.0537,17.6299
3128,9.4873,18.5059
3144,9.2676,18.1484
3160,8.8789,17.5186
3176,8.9746,17.0322
3192,9.1973,17.8008
3208,9.1006,17.5059
3228,9.1299,18.1816
3248,9.2129,18.2764
3268,9.2549,17.6709
3288,8.9717,17.3486
3308,8.8975,17.4180
3328,8.9746,18.1318
3348,8.9688,17.4932
3368,9.2236,18.5371
3388,8.7021,16.6611
3408,8.9346,16.9297
3428,8.9941,16.7295
3448,9.2354,17.8076
3468,8.9287,17.0205
3488,9.1055,17.5283
3508,9.1064,17.9736
3528,8.9531,17.5625
3548,8.7930,17.3545
3568,8.7002,16.7188
3588,8.9189,16.9365
3608,8.8066,17.4629
3628,8.7021,16.9648
3648,8.8105,17.6914
3668,9.0293,17.8359
3688,8.8799,17.2168
3708,9.3379,18.5439
3728,8.9922,17.6445
3748,9.2207,18.1328
3768,8.8975,16.9150
3788,8.7500,17.4609
3808,9.1191,17.8242
3828,9.2607,18.1699
3848,9.1123,18.0244
3868,8.8164,17.1543
3888,9.0195,18.7295
3908,9.1572,18.1729
3928,8.8750,17.8477
3948,9.0059,17.6787
3968,9.2920,18.0566
3988,9.0576,18.5566
4008,9.0264,17.9160
4032,9.3408,18.0469
4056,8.9932,18.3164
4080,8.7500,17.1494
4104,11.6553,21.6807
4128,11.1836,20.2813
4152,11.5518,20.7080
4176,10.7207,19.7588
4200,10.3730,17.9014
4224,10.2734,18.5107
4248,10.3193,18.2324
4272,10.4785,18.8096
4296,10.4473,18.6299
4320,10.1465,17.7139
4344,10.3857,18.3594
4368,10.6543,19.5361
4392,10.8770,20.1201
4416,10.5283,18.9414
4440,10.5234,19.9121
4464,10.8965,19.2031
4488,10.3135,18.6895
4512,10.4766,18.7393
4536,10.5537,19.1650
4560,10.3135,18.8730
4584,10.2803,18.4600
4608,10.3682,18.9551
4632,10.4980,19.0029
4656,10.5459,19.4316
4680,10.2021,18.2402
4704,10.3828,18.6064
4728,10.9336,19.2900
4752,10.3135,18.7939
4776,10.5127,19.4561
4800,10.8545,20.2930
4824,10.4795,18.3809
4852,10.3545,18.7275
4880,10.3750,18.7012
4908,10.2822,18.6289
4936,10.6982,18.7793
4964,10.5137,19.3477
4992,10.3496,18.6123
5020,10.3867,18.8691
5048,10.0342,18.2432
5076,10.1465,18.2402
5104,10.2422,18.5313
5132,10.6797,19.1172
5160,10.4736,18.3262
5188,10.3477,18.4473
5216,10.1748,18.0723
5244,10.2998,18.8887
5272,10.1572,18.7373
5300,11.3389,18.6318
5328,10.1836,18.7607
5356,10.3779,18.9805
5384,10.4160,19.2891
5412,10.1787,19.1797
5440,10.5342,19.8301
5468,10.3135,18.4004
5496,10.3887,18.6553
5524,10.4678,18.6641
5552,10.3525,18.4912
5580,10.5313,19.5049
5608,10.5010,19.6240
5640,10.1826,17.8867
5672,10.3447,18.2656
5704,10.1777,17.8740
5736,10.5273,19.2109
5768,10.3945,18.9717
5800,10.5146,20.8027
5832,10.5654,19.1055
5864,10.5938,19.8828
5896,10.2666,18.2490
5928,10.3867,19.1406
5960,11.0820,19.1299
5992,10.6885,19.4434
6024,10.4072,19.5137
6056,10.6299,19.1543
6088,10.7871,20.0625
6120,10.1152,18.7324
6152,10.5342,19.5498
6184,10.5762,19.5723
6216,10.2627,18.5566
6248,10.6592,19.7744
6280,10.3398,18.4277
6312,10.3926,19.6807
6344,10.1025,18.9473
6376,10.2314,18.8838
6408,10.2227,19.6611
6444,10.5781,18.7842
6480,10.0938,18.3203
6516,10.4492,19.8965
6552,10.3164,19.3760
6588,10.2959,46.5576
6624,11.6426,21.8789
6660,10.2744,19.7617
6696,10.1855,20.0410
6732,10.2773,18.9219
6768,9.9951,18.3584
6804,10.7051,102.2178
6840,10.4668,19.4932
6876,10.3398,20.0283
6912,10.1748,19.0342
6948,10.7354,20.0547
6984,10.3262,20.1436
7020,10.3926,19.3682
7056,10.5635,20.3975
7092,10.4365,19.5244
7128,10.6074,20.0537
7164,10.8408,20.9248
7200,10.2666,19.0127
7236,10.1855,18.8662
7276,10.3066,19.7422
7316,10.6074,19.7959
7356,10.6992,20.4746
7396,10.2441,19.3008
7436,10.3223,19.4697
7476,10.5498,19.6807
7516,10.5713,19.9795
7556,10.2178,19.4092
7596,10.8193,20.8457
7636,10.5352,20.4404
7676,10.2852,67.3311
7716,10.3564,19.8965
7756,10.5088,20.2539
7796,10.4189,19.6436
7836,10.6260,20.5479
7876,10.4121,19.9307
7916,10.6523,20.6025
7956,10.4492,19.6787
7996,10.4561,20.3389
8036,10.6924,20.7490
8080,10.3438,20.4551
8124,10.6973,20.7471
8168,10.3936,19.8408
8212,13.8965,21.8975
8256,12.8242,20.6299
8300,13.2490,21.9668
8344,13.1699,21.2490
8388,12.4336,20.1592
8432,18.2080,21.5068
8476,12.4648,19.9980
8520,13.0762,21.6504
8564,13.2734,21.9199
8608,12.8379,21.0625
8652,12.9834,21.4375
8696,13.4893,20.8096
8740,13.4824,20.4932
8784,13.3018,22.1826
8828,12.7432,21.1367
8876,13.1299,20.9980
8924,12.8438,21.7158
8972,13.1104,21.0127
9020,12.9629,21.1846
9068,12.6367,20.3242
9116,12.4775,20.1904
9164,13.0303,20.8213
9212,13.1787,21.6113
9260,13.0420,21.2051
9308,12.4443,19.9961
9356,13.0762,26.8955
9404,13.6465,21.6943
9452,12.6758,21.1543
9500,12.4756,20.9219
9548,12.2695,21.5654
9596,12.0488,20.4463
9644,12.0967,20.8477
9696,11.8535,20.5078
9748,11.6357,20.0342
9800,12.0283,21.0596
9852,11.9395,20.4033
9904,12.0391,21.0674
9956,11.9053,20.7012
10008,11.3018,19.2139
10060,11.5186,19.6631
10112,11.7852,20.2578
10164,12.1260,20.8057
10216,11.8154,20.6611
10268,12.0195,20.8291
10320,11.3340,63.1943
10372,11.7432,24.8223
10424,11.8555,20.3008
10480,11.5898,19.4395
10536,12.2051,21.0898
10592,11.5693,19.4580
10648,11.7217,19.9141
10704,12.0801,20.6768
10760,12.4570,22.0391
10816,11.4854,19.9785
10872,11.6094,19.7627
10928,11.8848,20.7178
10984,11.7236,20.0908
11040,12.2373,21.6514
11096,11.8809,20.6416
11152,11.8076,20.6084
11208,11.2197,18.9980
11268,11.7373,20.6504
11328,11.9521,20.6582
11388,12.0234,21.2051
11448,12.2031,21.4297
11508,12.1455,22.0322
11568,11.7041,20.3906
11628,17.9404,20.8604
11688,11.5254,19.3613
11748,11.8135,20.2656
11808,11.6133,19.5303
11868,11.7109,20.1514
11928,12.0371,21.7637
11988,11.9971,20.9629
12048,11.4365,18.9004
12112,12.0273,21.8643
12176,11.8457,19.6123
12240,12.3564,21.5967
12304,11.7256,20.3613
12368,11.5049,19.3633
12432,12.0518,29.1309
12496,12.0049,20.4287
12560,12.0332,20.7490
12624,11.4053,18.7100
12688,11.9834,21.2578
12752,12.3281,21.6318
12816,11.7227,20.4268
12884,11.8115,27.8486
12952,12.3662,21.3994
13020,11.9229,21.4287
13088,11.7529,20.1289
13156,11.7334,19.9932
13224,11.8047,20.2334
13292,11.5332,19.8350
13360,11.9893,21.0732
13428,11.5010,20.0215
13496,11.7910,20.7109
13564,11.5186,20.2891
13632,11.4775,19.9063
13704,11.8271,20.3154
13776,11.4609,19.8740
13848,11.6523,20.3848
13920,55.7920,31.6416
13992,14.1494,22.7178
14064,14.0283,22.8350
14136,13.6660,22.2568
14208,14.0107,28.6123
14280,11.8486,20.9053
14352,12.1689,21.8682
14424,12.4033,20.7520
14500,11.5391,21.0215
14576,11.8750,21.3408
14652,11.6543,19.9727
14728,11.9043,21.3232
14804,11.7451,21.0811
14880,12.2041,20.7168
14956,11.7871,20.8252
15032,11.6816,20.3965
15108,11.6025,21.0557
15184,11.6025,20.4434
15260,11.9551,20.7764
15340,11.3691,19.9092
15420,11.5674,20.1318
15500,11.8281,20.7588
15580,12.5000,22.9531
15660,11.4170,20.1660
15740,11.8496,21.5820
15820,11.5635,20.4033
15900,11.8887,21.3643
15980,11.7402,21.0049
16060,12.2539,21.2988
16144,11.8242,20.4443
16228,11.7891,21.2930
16312,11.5752,20.5098
16396,16.6553,22.8887
16480,16.6875,23.7578
16564,16.6768,24.1680
16648,13.7988,22.1143
16732,13.1201,20.5381
16816,13.2793,21.5781
16904,13.2705,21.2832
16992,12.8613,20.1201
17080,13.2324,20.8115
17168,12.8643,21.4961
17256,13.2334,21.1660
17344,13.2764,21.3545
17432,13.3389,20.2373
17520,13.5850,21.2764
17608,13.2988,21.3545
17700,13.2236,21.2588
17792,13.5908,22.2041
17884,13.0107,20.9697
17976,13.1826,20.8955
18068,12.7627,20.0244
18160,12.9111,20.1553
18252,13.2773,21.6279
18344,13.0596,21.0479
18436,13.3477,22.2021
18532,13.3555,21.6152
18628,12.9980,19.8779
18724,12.5723,20.1729
18820,13.1543,21.0762
18916,13.5029,21.8496
19012,13.1621,21.5381
19108,13.2939,20.8096
19204,13.0078,20.9180
19304,12.5098,19.3604
19404,12.9727,20.2676
19504,12.9385,20.3936
19604,12.9229,20.8945
19704,12.8672,20.3984
19804,13.1602,21.1006
19904,13.1240,21.4727
20004,12.9209,20.0898
20108,13.0264,21.0293
20212,12.6279,20.8057
20316,13.0586,21.4707
20420,13.4297,21.8555
20524,13.3584,22.0879
20628,13.1914,21.4053
20732,13.1553,21.4785
20836,13.1182,21.6504
20944,13.8672,21.2520
21052,13.3398,21.1377
21160,13.2227,21.6406
21268,12.6094,20.0986
21376,13.2637,21.7148
21484,12.5664,20.2295
21592,13.4297,21.6299
21700,12.9609,21.0000
21812,12.8525,20.4492
21924,12.8965,20.7236
22036,13.2051,21.3818
22148,14.4170,19.9785
22260,13.1660,20.7246
22372,13.5996,23.0557
22484,12.7158,20.5410
22600,13.0947,22.0234
22716,13.2021,21.9297
22832,13.3545,22.4170
22948,12.8008,21.0801
23064,13.3887,26.1406
23180,12.9971,20.4512
23296,13.2832,21.6416
23416,12.9189,20.8438
23536,12.9980,21.2363
23656,12.7266,20.7705
23776,13.2734,20.8154
23896,12.8945,21.1777
24016,13.2158,21.4258
24140,12.9512,21.3711
24264,13.8154,23.2471
24388,13.3193,22.4658
24512,12.8311,20.5293
24636,13.2676,22.0283
24760,13.4854,21.9268
24884,13.3154,22.0869
25012,12.5205,20.4531
25140,12.8789,20.7002
25268,12.6982,21.0186
25396,13.4238,22.1475
25524,12.9941,21.5898
25652,13.0420,21.6270
25784,13.0654,21.3896
25916,13.4404,22.4053
26048,13.1270,20.7822
26180,13.3203,21.5869
26312,14.0947,23.1172
26444,13.7539,22.3203
26580,13.1377,21.3916
26716,13.1973,22.1377
26852,13.1465,22.3877
26988,13.0049,21.4443
27124,12.9453,21.2607
27260,13.3486,22.4131
27400,13.1885,21.9912
27540,12.8486,21.8105
27680,13.2930,22.4424
27820,12.4795,20.8467
27960,13.3496,22.1357
28100,12.7109,21.2246
28244,13.0605,21.7197
28388,12.9355,20.9453
28532,13.2734,22.4053
28676,13.5967,22.1191
28820,12.7578,21.0000
28968,12.5664,20.8193
29116,13.0205,21.2412
29264,12.6738,21.1328
29412,12.8828,20.8076
29560,13.1240,21.1025
29708,12.9219,22.0820
29860,13.2246,22.6377
30012,15.0293,23.0352
30164,12.4727,21.0391
30316,13.5762,22.7578
30468,13.2549,22.6504
30624,13.1738,22.3232
30780,12.4531,20.7832
30936,13.2402,59.1836
31092,13.8936,22.4424
31248,12.7705,21.0439
31408,13.0371,21.8232
31568,13.5430,22.9004
31728,13.5527,22.6406
31888,13.7197,23.7129
32048,14.3047,23.3955
32212,13.2148,21.9111
32376,23.4160,23.3740
32540,13.8223,22.6885
32704,13.2930,20.9932
32868,16.1943,25.2422
33036,15.5879,22.7119
33204,15.1895,23.0674
33372,15.2412,22.6309
33540,15.5449,23.3652
33708,15.6826,24.0596
33880,15.4756,23.2080
34052,15.8135,23.3955
34224,15.6299,23.9932
34396,15.5762,23.6602
34568,15.6191,31.6152
34744,15.5713,23.4863
34920,15.2686,22.7852
35096,16.0938,24.2578
35272,14.9492,22.5830
35452,15.3955,23.3076
35632,15.1904,23.1367
35812,14.9570,22.0869
35992,15.4814,23.3418
36172,15.5996,24.3330
36356,15.6484,23.6201
36540,22.5879,22.9766
36724,15.3506,23.2754
36908,15.2578,23.5273
37096,14.5752,21.9414
37284,15.2725,22.5869
37472,15.2998,23.0049
37660,15.6494,23.9482
37852,15.5977,23.8545
38044,15.4492,23.5273
38236,15.0078,22.3438
38428,16.1289,23.9043
38624,14.8955,22.8154
38820,15.8428,24.0928
39016,15.6387,23.6357
39212,15.3281,23.2881
39412,15.3193,23.2773
39612,15.6104,23.5928
39812,15.7773,24.0576
40012,15.8740,24.5234
40216,14.7119,21.7852
40420,14.6523,22.3223
40624,14.6465,22.6895
40828,14.7109,22.4053
41036,15.5156,24.0391
41244,14.2578,21.8262
41452,14.2861,21.7686
41660,14.6563,22.3350
41872,15.4131,24.1982
42084,14.8730,22.8301
42296,15.4941,24.2695
42508,14.5234,23.0215
42724,14.7207,22.4229
42940,14.8066,22.5293
43156,14.9063,22.6055
43372,15.2803,23.8721
43592,14.8975,22.6748
43812,14.5732,22.0371
44032,14.4541,21.8594
44256,14.3623,21.5508
44480,15.4141,23.4980
44704,15.2910,22.7461
44928,14.5791,22.2773
45156,14.8408,23.5264
45384,14.3545,21.8652
45612,14.8330,22.9570
45844,15.0459,22.8965
46076,15.4336,23.9268
46308,14.7842,23.0859
46540,14.7598,22.9736
46776,15.0342,22.8965
47012,14.7920,23.1777
47248,14.8018,22.5811
47488,14.7480,22.4492
47728,15.0225,23.5869
47968,14.6025,22.5693
48208,14.8213,22.9365
48452,15.3369,23.9990
48696,14.1367,21.9746
48940,14.5986,22.2158
49188,14.0771,21.5127
49436,15.2158,23.8477
49684,14.2666,21.4609
49936,15.4043,24.3369
50188,20.5918,24.2939
50440,14.8320,23.7461
50696,14.4883,22.4795
50952,14.6084,23.0400
51208,14.6465,22.1602
51468,14.8271,22.8984
51728,14.4473,22.1201
51988,15.1240,23.4795
52248,13.9395,21.4268
52512,14.5791,22.8076
52776,14.9355,23.5068
53040,15.0234,23.8213
53308,14.4443,21.9531
53576,14.5371,22.6094
53844,14.3945,22.1914
54116,14.8701,36.0107
54388,15.4658,23.8379
54660,15.0596,23.3955
54936,14.7930,23.4961
55212,14.7832,23.1006
55492,15.2100,24.1689
55772,15.2451,24.2803
56052,14.4590,23.4512
56336,19.0146,23.6475
56620,14.7158,22.7930
56904,14.4316,21.9453
57192,14.7988,23.5049
57480,14.2344,22.5459
57768,14.3525,22.3701
58060,14.9219,23.0293
58352,14.7246,23.6172
58644,14.7021,22.7422
58940,14.2188,22.4941
59236,15.0244,24.0264
59536,15.1914,24.4453
59836,14.8535,24.2520
60136,14.8721,23.1768
60440,15.0000,24.1055
60744,15.1680,24.0039
61048,13.8984,21.1885
61356,14.8467,24.1348
61664,14.6855,23.5732
61976,14.7295,22.7480
62288,14.9355,23.3330
62600,14.1963,22.0938
62916,15.1621,23.3730
63232,15.1777,23.8535
63552,15.1475,24.9854
63872,14.2139,22.0947
64192,14.8301,23.4258
64516,14.8125,23.0586
64840,14.5166,23.0996
65168,14.7656,23.6025
65496,14.5381,23.4355
65824,18.4941,26.9404
66156,18.8975,27.2695
66488,17.6064,25.0352
66824,17.5156,24.8906
67160,18.1064,26.4414
67496,18.2979,26.8926
67836,17.5264,25.8340
68176,17.4805,25.3584
68520,18.2158,26.0000
68864,16.8955,24.5215
69212,18.4170,27.2295
69560,17.1094,25.7256
69908,18.6064,26.4844
70260,21.7236,24.9736
70612,17.2988,24.7402
70968,17.9346,26.2637
71324,17.4795,25.5977
71684,17.8320,26.4658
72044,18.0908,26.7529
72408,17.0273,24.5840
72772,16.8418,24.4102
73136,15.9346,22.9209
73504,17.5732,25.3066
73872,17.1709,24.8350
74244,16.9932,24.5752
74616,16.7236,23.6377
74992,16.6074,23.9434
75368,16.4482,23.6221
75748,16.4355,23.8564
76128,17.3174,31.9570
76512,16.4570,23.5264
76896,17.3018,25.2344
77284,16.7295,24.5605
77672,16.3516,23.5361
78064,17.2412,25.3438
78456,16.7334,25.0518
78852,16.4766,23.6475
79248,17.2383,25.7188
79648,17.5088,25.7998
80048,16.0488,23.3477
80452,16.8262,24.8906
80856,16.5977,23.3242
81264,16.1943,23.1133
81672,16.9834,24.7441
82084,16.2930,23.3291
82496,16.7461,24.8467
82912,16.6641,29.7373
83328,16.7275,24.1104
83748,17.4678,25.9248
84168,16.7383,23.9277
84592,16.1289,23.7178
85016,24.7100,24.0215
85444,17.2754,25.5254
85872,17.1582,25.2627
86304,15.5410,22.3701
86736,16.1533,23.5781
87172,17.2227,25.7441
87608,16.5625,24.3457
88048,17.3115,26.1777
88492,17.2813,25.2764
88936,17.0059,25.1240
89384,16.2500,24.0615
89832,16.4639,24.3682
90284,17.9814,26.9219
90736,16.2207,23.8604
91192,17.3965,26.0039
91648,16.3281,24.1357
92108,16.6904,24.8857
92572,16.6064,24.3594
93036,17.4775,26.2588
93504,16.9561,25.4248
93972,16.9844,25.6768
94444,16.5078,24.6963
94920,16.4131,25.1885
95396,16.1543,24.3203
95876,16.0088,23.5693
96356,16.0693,23.9473
96840,16.3311,24.7305
97328,16.7988,24.8457
97816,16.6768,32.5215
98308,16.3076,24.0703
98800,16.6973,25.0068
99296,16.1543,24.5127
99796,16.5000,23.3633
100296,16.5361,24.9512
100800,17.1016,26.0020
101304,15.6465,23.0957
101812,17.2568,25.8271
102324,17.5156,27.7383
102836,17.1895,26.1143
103352,16.8057,25.4551
103872,16.9463,26.0586
104392,17.2021,25.7461
104916,17.2754,25.9121
105444,16.7598,24.7383
105972,16.9580,26.0303
106504,15.9580,23.7012
107040,16.0400,24.4639
107576,16.8799,25.7734
108116,16.6494,25.9160
108660,16.2529,24.7070
109204,16.3379,24.3584
109752,16.3438,24.0869
110304,16.5449,25.0293
110856,16.7734,32.5947
111412,16.6318,24.9873
111972,16.5195,25.8184
112532,16.3887,24.9395
113096,17.0547,25.7539
113664,16.6650,25.8525
114236,16.4775,24.9121
114808,16.7178,26.3213
115384,16.5518,25.3613
115964,16.2334,24.2930
116544,17.1152,26.5283
117128,16.7764,29.4707
117716,16.3799,24.6123
118308,16.9414,26.3477
118900,16.0869,24.5840
119496,16.0039,24.8281
120096,16.6172,25.0850
120700,15.9053,23.9805
121304,16.5420,25.2500
121912,16.9121,25.9570
122524,16.4121,25.0156
123140,16.9990,25.9619
123756,17.5723,28.3301
124376,16.1230,24.0762
125000,16.9424,26.1543
125628,16.2715,25.5146
126260,16.8623,25.9102
126892,16.6885,25.9707
127528,16.5430,25.7578
128168,16.0879,25.6406
128812,16.8564,26.3271
129460,16.1221,24.0508
130108,16.1670,53.1748
130760,17.1201,27.6221
131416,19.6055,37.3535
132076,19.1143,26.4990
132740,18.3379,25.6299
133404,18.5547,26.2783
134072,17.7295,25.2705
134744,18.4082,25.7012
135420,18.9141,26.1172
136100,18.6621,26.4424
136784,18.2803,25.7178
137468,17.8857,24.9678
138156,17.6846,25.4199
138848,18.2061,26.2285
139544,18.7256,26.4932
140244,18.2627,26.6309
140948,18.2871,26.9072
141656,18.8525,26.8545
142368,18.0586,25.5947
143080,18.8428,26.7412
143796,19.1279,27.2334
144516,18.4072,26.8555
145240,17.6709,25.8389
145968,19.2432,28.1230
146700,18.5605,26.9375
147436,17.9453,25.7314
148176,17.5049,25.7354
148920,18.7832,26.1689
149668,18.6777,25.9658
150420,18.1162,25.3613
151176,18.5137,26.2930
151932,18.7520,26.7627
152692,18.0605,25.3828
153456,17.6348,24.3262
154224,18.5000,25.9160
154996,17.0791,24.5869
155772,18.1396,25.9492
156552,17.8525,25.0557
157336,18.9375,26.4004
158124,18.3613,26.2070
158916,17.6416,25.2939
159712,18.1631,25.1514
160512,18.2188,25.0625
161316,19.1289,26.9883
162124,17.5186,25.2979
162936,18.3232,25.5283
163752,18.8330,27.4951
164572,18.3486,26.0107
165396,18.5000,27.0996
166224,17.9287,26.2021
167056,18.1699,27.0352
167892,18.1494,25.1201
168732,18.6465,25.2041
169576,18.3438,25.8418
170424,19.0000,26.8926
171280,18.7783,26.6846
172140,18.1387,33.2832
173004,18.3486,26.0625
173872,18.8955,27.1807
174744,19.1240,27.6113
175620,18.4297,26.2988
176500,18.1113,26.3027
177384,18.6953,27.0430
178272,17.8770,25.1152
179164,18.2676,25.7900
180060,18.6875,26.6660
180964,18.8281,26.9287
181872,18.4336,26.8125
182784,18.5000,26.2979
183700,18.5742,26.0703
184620,18.5498,26.7539
185544,19.4248,27.6611
186472,19.0156,27.8750
187408,26.9287,26.7656
188348,18.2539,25.8486
189292,18.9180,26.5107
190240,18.2764,26.4707
191192,18.5547,26.3506
192148,18.5020,26.1152
193112,18.2910,25.9277
194080,18.9746,27.2520
195052,18.3398,25.7979
196028,17.7793,24.8926
197012,19.1162,27.4922
198000,18.3438,25.8828
198992,18.9434,27.9795
199988,18.8838,26.8779
200988,18.5508,27.2188
201996,18.5381,27.1055
203008,18.7305,26.6563
204024,18.4668,26.4033
205048,18.6484,26.7461
206076,19.0127,28.0059
207108,19.1182,27.7344
208144,17.9492,25.4727
209188,19.6787,28.3887
210236,18.7373,27.3955
211288,18.3896,27.2314
212348,18.7256,27.5596
213412,18.7773,28.9072
214480,18.1221,26.2754
215556,18.4277,26.6123
216636,18.1543,27.0576
217720,19.2285,28.6709
218812,18.2090,26.6699
219908,18.4375,27.2236
221008,19.0469,28.8672
222116,18.9814,27.6338
223228,18.3467,26.8662
224348,18.9707,28.2686
225472,18.4170,26.7969
226600,18.3838,27.7471
227736,18.5811,27.3242
228876,17.9092,26.4473
230024,18.1006,26.8135
231176,17.7402,26.1260
232332,18.8740,27.8760
233496,18.8232,28.1572
234664,19.5977,28.0947
235840,17.9160,26.4355
237020,18.1123,26.6426
238208,18.2158,26.9209
239400,17.9297,26.4521
240600,19.0342,28.9287
241804,18.7178,27.2725
243016,19.6357,30.6396
244232,19.0459,28.3701
245456,18.6436,7583.8467
246684,18.5068,26.9209
247920,17.9531,26.1748
249160,18.6064,28.3496
250408,19.0273,28.6963
251664,17.3818,25.0684
252924,18.9854,28.2744
254192,19.0254,27.7490
255464,18.8018,28.1797
256744,17.7627,26.0781
258028,18.3887,27.2793
259320,18.7256,27.5859
260620,17.8262,26.4053
261924,19.4258,28.6973
263236,21.0322,28.9316
264556,20.7334,27.0947
265880,20.5713,26.9824
267212,21.4492,28.1309
268552,22.0303,29.4844
269896,21.3027,26.7676
271248,20.6455,27.6025
272608,22.2793,28.2754
273972,21.0879,28.5576
275344,20.9297,28.0137
276724,20.9209,28.0576
278108,21.4131,28.9922
279500,22.4111,30.5078
280900,20.0186,26.2197
282308,20.6426,27.8076
283720,21.4600,28.8584
285140,22.0830,34.6504
286568,20.9424,29.0049
288004,19.9238,26.5439
289448,20.4180,28.4961
290896,20.3242,27.3936
292352,20.2529,27.8213
293816,19.8379,27.0107
295288,20.0908,28.5068
296768,20.0811,27.6553
298252,20.2461,27.8018
299744,20.0176,27.4072
301244,20.2773,28.0078
302752,20.5225,28.3652
304268,20.2090,27.6221
305792,20.7803,28.6924
307324,20.4395,28.5430
308864,20.6875,27.8613
310412,19.9268,27.5557
311968,20.6602,28.7568
313528,19.7920,27.4541
315096,19.6641,27.5986
316672,20.7568,29.4277
318256,20.3896,28.7295
319848,20.7695,28.0801
321448,19.9248,27.1855
323056,20.7754,29.0508
324672,20.5576,28.4561
326296,20.4609,28.4570
327928,18.9688,26.2461
329568,20.7314,28.9287
331216,20.7285,28.6709
332876,20.0723,27.6240
334544,20.1416,28.1699
336220,19.5537,27.4297
337904,20.4531,28.5957
339596,20.1719,28.1885
341296,19.8848,28.4346
343004,19.4619,27.3086
344720,20.3828,28.6348
346444,19.8340,28.0723
348180,21.1045,29.9404
349924,21.1299,29.4580
351676,21.2607,30.6445
353436,19.7217,27.9404
355204,20.9443,29.7500
356984,20.0127,28.0898
358772,20.6484,28.7861
360568,20.2656,30.1982
362372,20.2578,29.1963
364184,20.3936,29.0068
366008,19.4063,26.7959
367840,21.3711,29.7363
369680,21.0410,29.5078
371532,20.4648,28.9883
373392,19.3955,27.2920
375260,19.3779,26.9736
377140,20.4844,28.9277
379028,20.2275,28.2021
380924,20.2148,27.9873
382832,20.1475,28.6709
384748,19.9072,28.1006
386672,29.0488,29.1943
388608,20.3223,29.3682
390552,21.3379,29.7539
392508,20.4814,29.4082
394472,19.8496,28.5049
396448,20.0547,27.3105
398432,20.0801,28.9092
400428,21.0059,29.1514
402432,20.1836,28.1621
404448,20.3682,28.7363
406472,20.3164,28.6943
408508,20.4307,28.0479
410552,19.5098,27.2998
412608,21.1240,29.4600
414672,20.6357,29.0859
416748,20.7295,29.3262
418832,19.4814,26.8496
420928,21.1924,29.8330
423036,20.8965,29.9609
425152,21.2324,29.7412
427280,20.3086,28.6338
429420,20.5586,28.9512
431568,20.4268,28.7842
433728,20.3066,29.0781
435900,20.3330,28.8877
438080,20.8330,28.9170
440272,19.7930,27.8770
442476,21.0098,30.2881
444692,21.6035,30.8506
446916,20.3066,28.6152
449152,20.2197,28.9053
451400,20.4922,29.4580
453660,21.9521,30.1465
455932,20.6650,29.9580
458212,19.8330,28.4736
460504,19.3809,27.0098
462808,20.6592,29.1699
465124,21.3848,30.4102
467452,20.8789,29.4316
469792,20.5137,29.0410
472144,20.3672,29.8730
474508,20.9512,29.8047
476884,21.2393,30.1787
479272,21.1094,30.3359
481672,21.0459,30.6777
484084,21.4844,30.3389
486508,20.7715,28.9736
488944,20.3320,28.3506
491392,20.5889,29.1338
493852,20.3584,29.2656
496324,21.2783,30.7129
498808,20.5508,29.4111
501304,20.7197,29.1396
503812,20.6035,28.6992
506332,20.3730,28.8457
508864,19.7324,27.2393
511412,20.9053,29.8350
513972,20.7656,30.0166
516544,21.4268,29.9443
519128,20.6748,29.9053
521724,21.1699,29.9961
524336,27.3789,35.9199
526960,23.8418,31.7998
529596,22.8604,31.2402
532244,22.9570,55.9111
534908,22.9014,31.2559
537584,22.0088,28.9805
540272,22.2168,29.2891
542976,22.2568,30.4063
545692,21.3018,29.1055
548424,23.0488,31.1807
551168,21.9854,29.9580
553924,22.7627,30.7900
556696,22.9111,31.3271
559480,21.6934,29.3887
562280,22.7051,30.2998
565092,22.8691,31.2734
567920,22.3945,30.2441
570760,21.5176,31.9775
573616,22.9170,31.4834
576488,22.4668,30.7178
579372,22.0625,30.0801
582272,21.3779,29.3525
585184,21.2275,28.5596
588112,22.0625,29.8223
591056,22.3916,30.6924
594012,49.7168,32.2471
596984,22.3223,32.4092
599972,22.3965,30.6240
602972,22.6768,32.2207
605988,22.1992,30.8301
609020,21.8760,30.2998
612068,22.4834,32.4346
615132,22.1748,31.0635
618208,22.3643,31.1631
621300,22.8516,32.0635
624408,22.7490,32.0508
627532,23.2002,32.8281
630672,21.6729,30.8643
633828,23.0381,32.2441
637000,23.7686,34.1680
640188,21.7285,30.6426
643392,21.9629,30.3477
646612,23.3682,32.2070
649848,22.8174,31.7168
653100,22.7529,31.1816
656368,22.9258,31.2822
659652,27.6680,43.4424
662952,23.0645,31.2842
666268,22.8760,31.5791
669600,21.5684,29.3193
672948,22.7373,31.2412
676316,21.6953,30.2070
679700,21.7441,29.0811
683100,22.2676,30.2061
686516,23.1914,31.2432
689952,22.2480,29.0332
693404,22.8867,30.3994
696872,22.7783,38.9902
700360,22.7793,30.7451
703864,22.9746,30.4365
707384,22.5371,30.7168
710924,22.8965,31.1279
714480,22.9932,30.5762
718056,22.5928,31.1699
721648,23.1104,31.4453
725260,23.2910,31.8135
728888,22.8721,31.0234
732536,22.9258,30.4551
736200,32.8809,30.8721
739884,21.9316,29.8066
743584,23.5742,32.9834
747304,22.1357,30.5273
751044,22.1816,29.9541
754800,21.2363,35.7617
758576,23.0508,31.4521
762372,22.8008,31.5762
766184,22.1787,30.9199
770016,22.4482,32.5850
773868,23.3252,32.1592
777740,23.0752,31.0781
781632,22.1592,30.0166
785544,23.8135,32.5508
789472,23.2070,31.4717
793420,22.1113,29.8643
797388,28.6162,30.8740
801376,23.0146,31.7744
805384,23.0508,31.3477
809412,23.4355,31.7930
813460,23.0645,30.7686
817528,24.2266,32.9209
821616,24.3359,33.4902
825728,23.8750,32.5117
829860,23.4785,31.9268
834012,22.0771,30.3975
838184,23.0947,37.8740
842376,23.7646,31.9482
846588,23.0537,32.1514
850824,23.4473,32.1748
855080,23.0264,30.9531
859356,22.6035,30.9395
863656,23.0303,31.7832
867976,23.2969,32.4053
872316,23.4121,32.2031
876680,24.3154,32.9980
881064,22.4043,30.5703
885472,29.9971,32.8438
889900,23.1602,31.5264
894352,23.4209,32.2529
898824,22.7061,30.3740
903320,24.0029,33.2188
907840,22.9492,31.9648
912380,23.4756,36.6992
916944,23.7988,32.0313
921532,23.4258,32.4219
926140,24.6670,34.1553
930772,21.3281,29.8242
935428,23.3203,31.4932
940108,23.4258,32.0322
944812,22.9180,31.5059
949540,23.6465,33.3193
954288,23.7461,32.8496
959060,24.0986,33.7256
963856,23.3047,32.4199
968676,23.5781,32.6553
973520,22.7490,36.9043
978388,24.4463,33.0059
983280,24.3281,32.5146
988200,22.9805,31.3252
993144,22.8838,31.9121
998112,23.2158,32.4785
1003104,23.6846,32.8770
1008120,23.6592,32.2793
1013164,23.5537,32.4180
1018232,25.0566,35.3672
1023324,23.6055,33.2158
1028444,22.7666,30.7070
1033588,23.3027,32.0078
1038756,24.3945,32.2959
1043952,22.2939,30.8252
1049172,25.9580,34.5039
1054420,24.9072,33.1162
1059696,24.4023,32.2012
1064996,24.6543,32.9678
1070324,30.0801,33.9404
1075676,25.0459,33.6055
1081056,24.7959,32.4336
1086464,24.5127,32.9180
1091900,24.7354,31.4824
1097360,25.2236,33.1719
1102848,23.9092,31.9414
1108364,24.9531,42.3574
1113908,25.8477,34.4570
1119480,27.0459,35.8506
1125080,25.3105,32.9854
1130708,24.2432,31.8945
1136364,25.2861,33.1738
1142048,25.8340,34.3105
1147760,26.2119,34.3613
1153500,26.4844,34.5264
1159268,25.2529,67.1338
1165068,24.7607,32.1816
1170896,25.5889,34.3701
1176752,25.6016,34.5410
1182636,25.7178,34.2979
1188552,23.8262,31.5977
1194496,24.7480,32.9268
1200472,27.4697,35.9141
1206476,24.7275,32.6631
1212512,24.6377,31.6006
1218576,25.2109,32.9814
1224672,25.2900,33.6377
1230796,26.3262,34.6855
1236952,26.9688,35.8281
1243140,25.9473,33.1406
1249356,26.6982,34.7725
1255604,24.6758,33.3076
1261884,24.9521,34.0488
1268196,26.1621,34.5889
1274540,24.8398,32.8115
1280916,25.9932,34.8574
1287324,25.7246,33.8330
1293764,24.7646,33.0518
1300236,26.2383,34.5156
1306740,25.8633,33.8457
1313276,25.5977,35.5098
1319844,25.8701,34.2793
1326444,25.9297,34.5391
1333080,25.7500,33.4863
1339748,26.3809,34.5000
1346448,25.7021,34.1396
1353184,24.9990,33.5879
1359952,26.3008,35.4990
1366752,25.5674,34.7588
1373588,26.6660,35.5449
1380456,26.7363,35.8535
1387360,26.7490,35.2402
1394300,26.8047,37.0986
1401272,25.3896,37.3213
1408280,26.2354,34.1855
1415324,24.4863,32.6328
1422404,26.6885,35.9063
1429520,25.9111,35.0928
1436668,24.6436,32.6387
1443852,27.2559,36.2627
1451072,26.4551,35.1113
1458328,27.0010,35.7871
1465620,26.7881,35.5039
1472952,26.8809,35.9365
1480320,27.3916,36.1484
1487724,25.7422,34.9111
1495164,26.3457,35.6719
1502640,26.7578,35.2803
1510156,27.1719,70.7412
1517708,24.6436,31.9365
1525300,27.0293,36.1416
1532928,30.1445,37.6563
1540596,25.2158,32.9082
1548300,26.3672,34.6104
1556044,26.9268,36.2178
1563828,26.7773,36.0098
1571648,27.5332,36.4326
1579508,26.8203,36.4873
1587408,27.3311,36.1025
1595348,27.0742,35.6592
1603328,32.7393,39.8271
1611348,25.3174,34.5918
1619408,26.3633,39.0625
1627508,25.8242,35.2412
1635648,26.6250,36.8076
1643828,26.1904,35.4141
1652048,24.9688,33.1094
1660312,27.4082,37.2012
1668616,26.4844,35.8203
1676960,26.8154,39.7041
1685348,26.3555,35.7871
1693776,26.4902,35.1396
1702248,25.4209,34.4209
1710760,25.8711,36.0293
1719316,25.7412,35.0527
1727916,26.1592,34.6328
1736556,27.1953,39.4004
1745240,30.2900,51.9502
1753968,26.5967,36.3008
1762740,26.8770,36.2930
1771556,27.7500,36.0254
1780416,26.6377,35.8906
1789320,27.4482,36.6807
1798268,26.3584,35.2725
1807260,26.2734,34.9570
1816300,28.0469,38.7197
1825384,26.8516,36.3105
1834512,26.9502,36.8193
1843688,29.1240,38.9814
1852908,26.4697,36.0547
1862176,27.3564,36.0137
1871488,27.8213,39.6992
1880848,26.3555,35.7139
1890256,26.3652,35.1777
1899708,26.1768,34.5264
1909208,26.7109,35.4482
1918756,25.8770,35.1377
1928352,27.1836,37.0771
1937996,56.9668,36.9248
1947688,26.6084,35.7314
1957428,28.1348,37.5684
1967216,31.0059,36.7236
1977056,27.1387,35.9219
1986944,26.0908,35.8828
1996880,29.9209,39.8213
2006868,25.4258,33.6641
2016904,26.0410,34.4375
2026992,27.2227,37.8545
2037128,27.6348,37.7578
2047316,25.7139,35.2471
2057556,26.5605,36.2910
2067844,25.5293,34.4893
2078184,26.1377,35.4463
2088576,26.9961,36.5684
2099020,30.5947,37.7646
2109516,30.3652,38.7324
2120064,28.6592,37.9326
2130668,28.1631,36.8594
2141324,29.1699,38.0498
2152032,29.5869,38.7305
2162796,32.6641,40.4121
2173612,28.5088,37.5371
2184484,30.1758,39.9688
2195408,28.0928,37.0273
2206388,30.7793,40.7461
2217420,29.5381,38.4453
2228508,30.0283,39.7266
2239652,28.3018,36.7939
2250852,27.9961,36.7686
2262108,28.4697,36.6182
2273420,28.4658,37.5762
2284788,27.6025,38.8682
2296212,31.4824,41.5840
2307696,29.3975,38.7246
2319236,29.5977,38.8477
2330836,29.2920,38.4844
2342492,30.1729,39.8818
2354208,30.3359,37.6582
2365980,32.8174,37.9717
2377812,29.4365,39.5586
2389704,29.9219,37.5078
2401656,46.1133,38.5527
2413668,28.3467,37.9131
2425740,29.1201,38.5234
2437872,32.1973,39.9629
2450064,27.7002,36.8643
2462316,31.0313,40.5361
2474628,28.6504,38.8555
2487004,29.5791,40.0000
2499440,26.9883,57.6289
2511940,30.8877,40.3428
2524500,29.3203,37.6621
2537124,29.9922,39.8340
2549812,31.4014,49.9717
2562564,38.6348,40.8877
2575380,30.1279,40.1699
2588260,29.7441,40.0430
2601204,29.7734,39.8486
2614212,29.2080,39.4033
2627284,29.9199,40.7432
2640424,30.9834,42.2588
2653628,29.6182,39.8838
2666900,29.4814,38.9326
2680236,30.4287,40.9170
2693640,30.7217,41.1709
2707112,30.9248,41.3965
2720648,30.8848,40.7354
2734252,29.3838,39.0586
2747924,30.0918,39.5859
2761664,28.0957,37.2178
2775476,30.5645,40.4053
2789356,30.1582,39.7334
2803304,30.4248,41.2725
2817324,29.4014,39.4902
2831412,29.6006,39.2012
2845572,29.3613,39.5762
2859800,31.4404,41.6104
2874100,30.7969,42.1689
2888472,64.9238,39.7568
2902916,29.0049,38.2588
2917432,31.0840,41.3984
2932020,29.4824,38.2539
2946684,31.2852,42.2588
2961420,31.8887,42.1016
2976228,31.1387,41.5869
2991112,41.8584,41.8428
3006068,31.7930,42.9492
3021100,30.1553,41.6279
3036208,30.7295,41.4893
3051392,29.9443,40.2549
3066652,30.0889,41.0313
3081988,30.4258,40.8750
3097400,30.5479,40.7139
3112888,30.4375,41.6436
3128456,31.3203,42.2744
3144100,30.2900,41.5938
3159824,30.6924,40.9033
3175624,30.6797,41.3467
3191504,31.3779,42.2041
3207464,33.0977,38.9199
3223504,31.2998,42.4609
3239624,31.8545,73.7373
3255824,33.9336,43.0342
3272104,29.5283,48.8701
3288468,33.6123,42.9854
3304912,30.2617,55.7266
3321440,34.8906,43.2939
3338048,30.5859,48.0430
3354740,31.9580,42.1680
3371516,30.5137,42.5176
3388376,33.2373,42.6299
3405320,31.0654,41.7656
3422348,30.0947,45.2021
3439460,31.7246,41.5811
3456660,32.3135,43.1436
3473944,31.2891,40.4951
3491316,30.1836,41.1641
3508776,31.8096,52.4453
3526320,31.3115,42.6270
3543952,31.8691,43.1289
3561672,47.7119,53.0029
3579484,33.1035,43.1426
3597384,50.1973,45.8008
3615372,33.3184,92.7256
3633452,33.3848,44.9521
3651620,32.6729,44.6826
3669880,33.2969,43.5488
3688232,34.2568,44.2080
3706676,32.4277,43.3838
3725212,33.8887,45.3457
3743840,33.9570,43.7041
3762560,36.3975,45.5586
3781376,33.3359,69.0586
3800284,36.4766,58.7676
3819288,31.1436,42.1338
3838388,56.5078,52.5303
3857580,34.2285,43.9746
3876868,32.5820,41.5908
3896256,33.6035,43.5859
3915740,34.2871,52.5400
3935320,35.5820,44.4443
3955000,32.8369,45.3682
3974776,36.4131,47.7402
3994652,36.3887,47.8311
4014628,35.2256,46.9053
4034704,33.3535,44.0205
4054880,35.5801,46.2813
4075156,33.8359,45.9678
4095532,35.2725,47.2480
4116012,33.8262,44.2998
4136596,35.4854,48.1104
4157280,33.6572,44.6299
4178068,33.6855,45.5254
4198960,36.1484,45.5576
4219956,37.0811,47.4688
4241056,37.6904,47.2246
4262264,36.0938,46.7178
4283576,33.7402,42.0244
4304996,34.5723,45.4854
4326524,35.2666,45.3213
4348160,36.2510,45.2822
4369904,36.5693,45.6523
4391756,36.6162,46.3682
4413716,36.6367,48.1016
4435788,36.2246,46.1787
4457968,34.3652,43.6445
4480260,36.3418,46.1016
4502664,37.9727,47.8418
4525180,37.6348,50.6182
4547808,37.2354,48.2285
4570548,36.0557,45.5176
4593404,35.3984,45.4980
4616372,36.7754,46.5938
4639456,34.3730,43.5732
4662656,35.3125,44.7871
4685972,36.5898,45.9180
4709404,35.9473,45.8545
4732952,36.5137,46.8643
4756620,33.7275,42.5254
4780404,35.8379,46.3193
4804308,35.8418,45.2998
4828332,35.0459,44.7031
4852476,36.3271,45.6221
4876740,35.3994,44.9697
4901124,35.2598,47.0107
4925632,42.0352,45.8691
4950264,34.7988,45.1709
4975016,34.1621,43.7939
4999892,35.5039,44.1133
5024892,34.1553,43.2676
5050020,36.8730,46.4336
5075272,36.5996,47.8320
5100652,34.3945,43.4551
5126156,37.1221,46.9873
5151788,35.7373,44.7832
5177548,36.4004,47.2627
5203436,47.5449,47.5654
5229456,35.3311,46.8418
5255604,36.3838,55.4277
5281884,34.9092,44.8955
5308296,34.5410,43.7598
5334840,37.0645,47.1113
5361516,35.4346,45.3975
5388324,37.4463,47.8369
5415268,57.9297,52.2383
5442348,35.3623,45.8672
5469560,35.5752,46.5283
5496908,37.1719,49.2109
5524396,34.5127,44.4092
5552020,35.6797,45.3721
5579784,36.5469,46.3779
5607684,35.8906,46.0313
5635724,34.4707,44.1152
5663904,35.7197,46.2188
5692224,37.5322,46.8477
5720688,34.2813,46.0557
5749292,50.1318,49.8994
5778040,36.5273,50.4697
5806932,37.8047,46.7773
5835968,38.1738,48.1904
5865148,37.7588,48.7549
5894476,38.9424,48.8877
5923952,37.0850,48.9629
5953572,39.0752,50.3975
5983340,65.1006,52.6738
6013260,37.5127,48.3135
6043328,37.4648,47.3506
6073548,39.3027,49.2500
6103916,37.3799,45.4980
6134436,46.1230,47.8330
6165112,38.2100,49.1104
6195940,38.6592,48.7480
6226920,37.5557,49.3193
6258056,37.9121,50.4336
6289348,39.0322,52.3545
6320796,37.2129,49.8359
6352400,37.1953,47.8535
6384164,36.4082,46.6738
6416088,35.9375,49.1377
6448172,36.9648,46.4766
6480416,38.1387,47.6504
6512820,34.5781,43.5752
6545388,36.3643,46.6191
6578116,37.0127,46.4834
6611008,38.8066,49.7520
6644064,37.8047,47.2412
6677288,36.5146,46.0732
6710676,37.8506,53.9004
6744232,36.5234,45.0967
6777956,35.9658,46.4531
6811848,37.0264,47.9219
6845908,35.3701,43.7969
6880140,37.8203,45.9307
6914544,38.2334,48.0605
6949120,38.3604,48.2471
6983868,35.0654,43.3760
7018788,49.8096,48.2422
7053884,36.0244,46.0537
7089156,36.5527,46.5781
7124604,38.2549,48.6094
7160228,35.2344,44.7441
7196032,37.7910,48.2773
7232016,36.4805,46.6270
7268180,37.0176,46.0693
7304524,36.0566,45.4170
7341048,36.8799,47.3506
7377756,35.3633,46.1328
7414648,36.4385,46.3525
7451724,36.0010,45.0996
7488984,35.0313,45.0518
7526432,36.5957,47.3604
7564068,36.1924,45.6123
7601892,37.2422,62.5518
7639904,35.8516,46.6162
7678104,36.2061,45.6396
7716496,35.5957,50.2197
7755080,36.9658,46.9980
7793856,36.6494,49.0088
7832828,35.9434,46.5127
7871996,36.1211,47.0801
7911356,36.9824,47.2920
7950916,36.6768,48.6045
7990672,35.7998,45.1641
8030628,37.0908,46.9922
8070784,38.8828,52.0322
8111140,62.4238,49.2441
8151696,37.6064,50.0742
8192456,35.4316,46.6660
8233420,35.7148,47.1982
8274588,37.1621,47.8154
8315964,35.1240,45.6484
8357544,36.6621,49.5400
8399332,39.2822,50.0830
8441332,37.2354,47.8125
8483540,39.6934,50.8555
8525960,37.7715,48.4678
8568592,38.2988,48.0176
8611436,39.0342,48.6914
8654496,36.7354,47.3389
8697772,38.9863,49.1475
8741264,38.5498,48.3223
8784972,46.4854,46.8223
8828900,37.8389,46.6748
8873048,45.2803,48.6826
8917416,38.7217,50.1162
8962004,43.2080,49.1016
9006816,37.5088,47.3545
9051852,38.4697,51.0430
9097112,37.3721,47.9551
9142600,35.5127,44.5811
9188316,39.9727,50.7432
9234260,38.4824,47.7930
9280432,38.0078,49.1738
9326836,38.1943,46.3320
9373472,36.8076,46.8213
9420340,36.9219,48.4639
9467444,37.0479,47.0215
9514784,36.3770,46.3174
9562360,36.1465,45.3047
9610172,37.1699,49.4639
9658224,38.4043,45.5205
9706516,36.7559,45.8008
9755052,36.9404,47.5635
9803828,37.1846,47.6299
9852848,38.4170,48.9414
9902116,37.5244,49.9658
9951628,36.8535,46.1543
10001388,37.9424,49.2510
10051396,37.4590,47.1807
10101656,36.7021,46.2861
10152168,38.8037,48.8037
10202932,38.5869,48.1777
10253948,37.9248,49.0430
10305220,39.9111,49.9756
10356748,38.0605,51.9004
10408532,39.6816,49.6504
10460576,37.1836,47.0723
10512880,39.3477,48.1035
10565448,39.9854,50.8213
10618276,38.5625,47.5371
10671368,38.3525,47.9160
10724728,38.2324,48.5664
10778352,38.6865,48.3467
10832244,39.9473,50.1211
10886408,40.1680,49.6914
10940844,40.1680,49.9453
10995552,39.6279,83.3350
11050532,37.8350,46.9980
11105788,39.3672,50.0830
11161320,39.4121,49.0830
11217128,37.4043,47.3047
11273216,38.2783,48.2822
11329584,37.3184,47.1719
11386232,38.0381,47.5605
11443164,38.0742,54.5371
11500380,38.8428,48.6309
11557884,39.7441,50.6367
11615676,39.4775,49.8125
11673756,37.7061,48.3730
11732128,38.6973,146.0391
11790792,38.1641,48.0459
11849748,37.2734,47.2178
11909000,46.7578,49.4404
11968548,37.8545,49.8545
12028392,39.2480,49.9209
12088536,37.2236,48.8604
12148980,71.4951,65.4844
12209728,50.2529,47.8223
12270780,38.5293,49.0313
12332136,38.7832,50.5840
12393800,39.0977,50.9297
12455772,41.1289,53.8252
12518052,38.8359,51.5488
12580644,45.8662,50.6709
12643548,40.2168,52.7852
12706768,38.0537,48.8271
12770304,40.8477,53.8760
12834156,39.4600,51.4111
12898328,37.6641,85.9893
12962820,41.7803,51.5283
13027636,39.4639,64.1641
13092776,40.2568,50.5186
13158240,41.8359,51.1309
13224032,42.1182,58.7744
13290156,40.6191,51.2861
13356608,39.0488,50.7256
13423392,38.1699,50.4639
13490512,37.8174,48.3760
13557968,41.1211,52.2734
13625760,39.7705,51.3408
13693892,37.1104,47.1279
13762364,40.3955,51.8965
13831176,38.1670,48.8818
13900332,37.7998,50.1104
13969836,40.3633,52.1074
14039688,38.5156,50.5986
14109888,39.7451,50.5166
14180440,39.0244,51.6357
14251344,40.2422,52.0088
14322604,44.3789,49.0322
14394220,39.3350,49.6621
14466192,39.5566,49.6084
14538524,37.9795,49.8262
14611220,43.3623,52.6523
14684280,50.7168,51.3486
14757704,38.9541,51.9707
14831496,42.4336,53.9189
14905656,38.9199,49.5596
14980188,40.2520,52.5615
15055092,39.2891,48.2734
15130368,39.7734,50.5498
15206020,37.9922,49.2559
15282052,41.3789,53.4033
15358464,38.0645,49.3252
15435260,39.8203,51.2637
15512440,40.5771,54.2188
15590004,38.6895,60.0400
15667956,45.3486,52.5625
15746296,40.7139,64.3037
15825028,40.1738,55.5068
15904156,38.8857,49.6992
15983680,38.2119,49.2246
16063600,39.5811,52.8164
16143920,40.6543,52.1260
16224640,40.8623,52.9580
16305764,50.7188,55.1270
16387296,41.7041,52.8359
16469236,40.5322,52.8154
16551584,42.6563,55.5029
16634344,41.0225,65.3369
16717516,42.0654,52.9365
16801104,46.8555,58.1641
16885112,48.2178,59.6719
16969540,44.2588,54.8730
17054388,44.5635,55.9678
17139660,44.9824,65.4434
17225360,43.0254,51.1182
17311488,44.2910,55.0020
17398048,47.7197,60.1992
17485040,48.8027,61.0479
17572468,44.9512,54.9619
17660332,47.7676,59.8359
17748636,39.8838,50.2607
17837380,42.5430,52.2803
17926568,44.2969,54.4072
18016204,43.3857,53.3320
18106288,43.3965,54.0625
18196820,43.4619,54.6709
18287808,87.6709,71.3037
18379248,47.7070,56.2959
18471148,48.3359,55.6152
18563504,44.1924,55.0713
18656324,43.1436,52.6533
18749608,40.8613,51.6250
18843360,42.6641,53.7900
18937580,43.2432,54.7842
19032268,44.4814,54.6885
19127432,54.9277,54.0693
19223072,41.7617,51.6592
19319188,39.4111,47.4648
19415784,57.0332,60.1396
19512864,47.8789,73.5459
19610432,48.6279,56.2314
19708488,44.4941,55.6416
19807032,49.9795,52.1680
19906068,51.1445,56.6738
20005600,43.7363,54.9980
20105628,45.8516,53.6689
20206160,45.2178,54.1582
20307192,47.1582,57.1270
20408728,44.4912,52.2256
20510772,45.5039,56.9375
20613328,45.4609,56.1895
20716396,51.0137,59.6279
20819980,46.6680,52.4180
20924080,45.7998,56.7666
21028704,46.2832,57.1582
21133848,46.0068,56.5176
21239520,45.3828,53.9063
21345720,46.4336,56.1572
21452452,43.7764,58.3281
21559716,51.1211,57.9004
21667516,48.4824,53.3594
21775856,51.0469,57.0430
21884736,52.3154,58.5479
21994160,52.8135,58.4414
22104132,63.7275,63.5820
22214656,70.9258,72.2207
22325732,53.2725,57.4102
22437364,50.4648,57.3623
22549552,154.4883,52.8379
22662300,48.5674,56.7305
22775612,50.5430,54.5039
22889492,51.6904,60.7432
23003940,47.5098,59.8105
23118960,50.5859,58.2236
23234556,51.3066,54.6797
23350732,52.3896,60.1836
23467488,61.2412,88.8799
23584828,54.2832,60.7178
23702756,52.0166,58.4668
23821272,54.6494,61.7568
23940380,56.2939,64.5332
24060084,50.7539,58.4092
24180388,60.9717,66.3086
24301292,55.9180,61.5918
24422800,54.9795,62.2949
24544916,55.7891,61.5791
24667644,54.0654,62.6475
24790984,56.4092,62.5313
24914940,53.1621,57.7773
25039516,52.1768,57.2510
25164716,55.9512,65.0488
25290540,55.2939,61.7930
25416996,56.2402,62.0752
25544084,56.3330,59.0498
25671808,53.1963,59.1689
25800168,52.6436,62.5938
25929172,53.8760,62.3389
26058820,54.6670,63.0430
26189116,69.4902,69.8896
26320064,57.9990,63.6182
26451668,60.2031,65.0615
26583928,56.5391,61.1563
26716848,58.1494,69.9063
26850436,55.3613,60.2529
26984692,58.4453,64.1006
27119616,59.2764,61.7842
27255216,61.0439,65.5098
27391496,123.0098,96.6621
27528456,63.4746,66.9082
27666100,68.1289,74.5498
27804432,68.4570,70.1230
27943456,72.7969,74.8975
28083176,73.9385,90.0566
28223592,87.7002,144.7598
28364712,72.6768,74.4297
28506536,66.6377,72.7139
28649072,66.1523,74.5684
28792320,67.1182,69.0693
28936284,70.0410,108.5381
29080968,73.7666,74.8740
29226376,71.8281,78.6660
29372508,70.9316,76.4766
29519372,75.4160,82.6387
29666972,74.0684,90.7588
29815308,77.9873,85.6543
29964388,74.1006,80.7842
30114212,78.7432,81.6992
30264784,76.6611,79.9883
30416108,78.9199,83.4170
30568192,82.9434,94.7891
30721036,74.7686,80.1836
30874644,77.4609,90.6494
31029020,85.6299,82.7773
31184168,74.5869,73.4209
31340092,79.5264,86.9600
31496796,81.7080,79.2461
31654280,80.3564,81.3066
31812552,76.2334,71.5049
31971616,85.8730,84.3252
32131476,81.1865,84.7686
32292136,80.6689,80.5645
32453600,79.6113,87.9600
32615868,84.3506,89.5049
32778948,82.8740,89.8340
32942844,81.8252,88.8623
33107560,85.3125,91.6592
33273100,85.4414,92.3662
33439468,84.1592,95.3828
33606668,89.5430,95.8662
33774704,85.9248,88.5303
33943580,87.5166,87.2900
34113300,86.2412,93.2842
34283868,91.0068,90.5313
34455288,89.9658,96.3027
34627568,90.4453,90.3555
34800708,89.0820,92.1084
34974712,87.7432,89.2725
35149588,92.4316,88.3066
35325336,95.7041,97.4824
35501964,90.0459,90.7559
35679476,95.2705,92.6201
35857876,89.7422,92.4785
36037168,86.0186,92.8271
36217356,192.2061,93.7686
36398444,94.8623,95.3604
36580440,97.4023,97.2734
36763344,95.8838,100.4736
36947164,85.6885,91.3213
37131900,97.6289,93.5117
37317560,89.6299,87.5850
37504148,86.0898,82.7813
37691672,90.0625,91.7441
37880132,92.5156,96.5244
38069536,89.9365,98.6387
38259884,89.1572,90.4229
38451184,95.5928,92.9463
38643440,96.3242,97.3428
38836660,94.7061,100.0205
39030844,89.9785,95.1660
39226000,92.9209,94.3398
39422132,94.2539,93.9395
39619244,99.6016,90.4766
39817344,92.6377,95.3291
40016432,101.4863,126.1055
40216516,94.3174,92.7900
40417600,98.2734,94.2998
40619688,102.5225,95.8115
40822788,107.3779,96.4834
41026904,104.3887,100.5947
41232040,92.8535,94.4424
41438204,89.1709,90.0918
41645396,95.5186,96.0361
41853624,91.0830,90.2061
42062896,94.8213,98.2891
42273212,93.5068,92.8047
42484580,92.9463,87.5781
42697004,95.1074,95.5479
42910492,99.4307,99.0859
43125048,106.8770,97.2451
43340676,90.3730,91.5410
43557380,92.4375,128.3945
43775168,94.8945,99.3096
43994044,119.5693,105.0635
44214016,93.3262,90.5293
44435088,96.1270,128.0264
44657264,98.9697,86.7500
44880552,96.7705,96.0146
45104956,119.6416,110.7207
45330484,104.0820,99.1719
45557140,97.8359,105.7783
45784928,99.1279,106.7334
46013856,99.5430,100.0615
46243928,98.3477,111.6553
46475148,97.2139,95.1836
46707524,97.4424,97.9775
46941064,109.0430,109.0439
47175772,106.0391,104.4238
47411652,102.5381,103.6904
47648712,102.2207,99.2861
47886956,130.1328,104.9590
48126392,108.5938,105.5322
48367024,106.2939,112.2373
48608860,111.1797,107.0693
48851908,105.8545,102.8379
49096168,105.4043,108.4023
49341652,108.1133,97.7510
49588364,105.0820,184.3662
49836308,100.8789,97.2744
50085492,100.6221,104.0078
50335920,101.1904,105.3193
50587600,113.4463,120.3135
50840540,111.8145,112.6162
51094744,94.6377,158.5596
51350220,106.7959,105.6650
51606972,110.4551,109.9912
51865008,112.2041,107.5127
52124336,113.6943,109.5703
52384960,102.2900,104.4238
52646888,107.5654,107.4473
52910124,106.2617,106.1953
53174676,109.7109,111.2256
53440552,107.7041,176.1006
53707756,131.3369,129.3418
53976296,126.6602,121.6680
54246180,117.3848,120.1533
54517412,113.6953,114.9639
54790000,137.4600,122.9365
55063952,129.9814,120.2412
55339272,119.1055,116.2549
55615972,123.4824,137.6455
55894052,111.0186,109.3350
56173524,120.9082,115.2490
56454392,167.0322,120.5625
56736664,116.6289,115.8604
57020348,101.8340,104.6074
57305452,122.4160,121.3447
57591980,107.0000,107.8604
57879940,106.9805,205.3096
58169340,105.5117,105.9189
58460188,113.5879,119.3623
58752492,127.9541,126.7646
59046256,116.1436,122.7197
59341488,120.2324,132.7012
59638196,115.0127,118.9277
59936388,111.2842,123.7793
60236072,109.7422,108.9258
60537256,118.5918,125.5928
60839944,125.8848,122.9688
61144144,120.9150,118.4834
61449868,132.3203,128.3721
61757120,122.2100,119.5801
62065908,151.5547,113.7705
62376240,127.4365,119.4863
62688124,117.7617,124.1260
63001568,126.1914,132.7949
63316576,129.1855,124.2266
63633160,115.6670,117.0859
63951328,123.3701,120.0938
64271088,118.3281,121.4395
64592444,168.6396,128.2764
64915408,126.9775,126.9961
65239988,153.3789,136.8496
65566188,116.5313,115.5498
65894020,124.5732,156.4805
66223492,132.0674,193.9033
66554612,167.3379,153.2588
66887388,120.4326,123.6953
