4,1.1172,1.3145
8,1.8535,6.0132
12,2.3564,7.6943
16,2.5649,9.7266
20,2.8735,10.6333
24,2.9639,12.1436
28,2.9761,13.0776
32,2.9268,13.9888
36,3.5591,14.5503
40,3.4731,15.3442
44,3.4927,15.9839
48,3.4824,17.2456
52,3.4829,17.8760
56,3.5005,18.5547
60,3.4922,18.4390
64,5.9717,16.4033
68,3.9736,16.3389
72,3.9863,16.8975
76,3.9771,17.1162
80,3.9761,17.3877
84,3.9756,17.4434
88,3.9937,17.9727
92,3.9678,18.6499
96,3.9648,19.0791
100,3.9746,19.5205
104,4.0073,21.4141
108,4.9478,21.8545
112,3.9507,20.7407
116,9.0776,20.7515
120,3.9829,21.1660
124,3.9858,21.5063
128,3.9785,22.2578
132,4.5869,21.7944
136,4.5454,22.3403
140,4.5444,21.8291
144,4.5493,22.3442
148,4.5532,22.5811
152,4.5776,22.4033
156,4.5664,22.6855
160,4.5615,22.7310
164,4.5469,22.8696
168,4.5396,22.6260
172,4.4883,22.9614
176,4.5610,23.1919
180,4.5381,23.1113
184,4.5557,23.4771
188,4.5430,23.5493
192,4.5576,23.7520
196,4.5332,24.4355
200,4.5615,24.6650
204,4.5225,24.9751
208,4.5337,25.0435
212,4.5522,25.1733
216,4.4590,25.9277
220,4.4756,30.3555
224,4.5278,25.4966
228,4.5298,25.5977
232,4.4683,26.6074
236,4.5977,26.9233
240,4.5547,26.9097
244,4.5498,26.9829
248,4.4702,27.3091
252,4.4741,27.3906
256,4.4683,27.9966
260,5.1621,27.0557
264,5.2285,25.8960
268,5.1895,26.2456
272,5.1631,26.4458
276,5.1709,26.2124
280,5.1738,26.1812
284,5.1729,26.4321
288,5.1709,26.3945
292,5.1616,26.4639
296,5.1738,26.3594
300,5.1763,26.4346
304,5.1763,26.8506
308,5.1938,26.7871
312,5.1699,32.0190
316,5.1914,27.1860
320,5.1782,26.8789
324,5.1831,27.0991
328,5.2002,27.3433
332,5.1763,27.1118
336,5.1768,27.2568
340,5.2251,28.0786
344,5.1782,27.7227
348,5.1816,27.7788
352,5.2480,27.5190
356,5.1934,27.8706
360,5.1948,27.8037
364,6.2554,31.4639
368,5.1719,27.7153
372,5.1709,28.0518
376,5.1650,28.2598
380,5.1782,28.3677
384,5.1812,28.7856
388,5.1875,28.4219
392,5.1748,28.0552
396,5.1743,28.0278
400,5.1875,28.2471
404,5.1748,28.3286
408,5.1860,28.6099
412,5.1563,28.6411
416,5.1763,28.8638
420,5.1509,28.8926
424,5.1592,29.0430
428,5.1558,29.1875
432,5.1807,29.1753
436,5.1699,29.2754
440,5.1729,29.1997
444,5.1821,29.4707
448,5.1646,29.9858
452,5.1841,30.1040
456,5.1943,30.2007
460,5.1606,30.0171
464,5.1567,30.5806
468,5.1875,30.1904
472,5.1660,30.5898
476,5.1758,30.4141
480,5.1841,30.7168
484,5.1831,30.9883
488,5.1709,31.1162
492,5.1367,30.6133
496,5.1743,30.6113
500,5.1836,31.2349
504,5.1895,31.1689
508,5.1890,31.2930
512,5.1392,31.2969
516,9.5420,36.0454
520,9.4468,31.7358
524,9.4087,31.2852
528,9.5352,31.5405
532,9.4243,31.4917
536,9.5869,31.2915
540,9.5317,31.7012
544,9.5879,31.8989
548,9.4253,31.8081
552,9.5806,31.9038
556,9.4180,32.0859
560,9.5420,31.5332
564,9.3687,31.9946
568,9.3926,32.1064
572,9.2949,31.7104
576,9.4253,32.0625
580,9.4282,32.2134
584,9.3296,31.1274
588,9.4409,30.7485
592,9.3555,30.8325
596,9.5103,30.9492
600,9.3081,30.6836
604,9.5669,37.8467
608,11.6724,31.4219
612,9.4458,31.0874
616,9.6089,30.8335
620,9.5161,31.1216
624,9.5366,31.3325
628,9.4155,31.2720
632,9.5278,30.9844
636,9.3887,31.3413
640,9.2856,30.9331
644,9.1777,31.4634
648,9.2222,31.6582
652,9.5122,31.7729
656,9.4233,31.4355
660,9.4590,31.4292
664,9.5718,31.6606
668,9.6128,31.9370
672,9.3960,32.0332
676,9.4204,31.8843
680,9.4370,31.7905
684,9.2866,31.8237
688,9.4546,31.5190
692,9.6265,32.5386
696,9.5244,32.1177
700,9.5229,32.2881
704,9.4399,32.7759
708,9.6094,32.2808
712,9.5068,32.4243
716,9.4824,32.3311
720,9.4160,32.2065
724,9.4395,32.2808
728,9.7017,32.2764
732,9.6650,32.2061
736,9.4058,32.4434
740,9.4814,32.6558
744,9.7324,32.8418
748,9.4771,33.0820
752,9.4971,33.0859
756,9.3555,33.0371
760,9.3062,32.8965
764,9.4878,32.9106
768,9.5376,32.7349
772,9.5649,32.7817
776,9.3921,32.4019
780,9.3511,32.9229
784,9.3892,33.0542
788,9.4512,32.7285
792,9.3999,32.7417
796,9.2813,33.2354
800,9.4072,32.9634
804,9.5493,33.2759
808,9.4033,32.9150
812,9.5654,32.6968
816,9.3701,33.1157
820,9.5513,33.1831
824,9.4834,33.5762
828,9.5356,33.1641
832,9.4019,33.2817
836,9.5708,33.2603
840,9.3687,33.4014
844,9.4937,33.5625
848,9.3770,33.5093
852,9.3276,33.3579
856,9.4043,33.6455
860,13.2549,34.0815
864,9.8164,33.8232
868,9.6675,33.8008
872,9.5874,33.9043
876,9.7319,33.9990
880,9.5845,33.9634
884,9.6045,34.1323
888,9.3711,34.2192
892,9.3984,34.1885
896,9.5078,34.3403
900,9.5532,34.1113
904,9.4590,34.0181
908,9.5000,34.1362
912,9.6841,34.1987
916,9.5942,38.8325
920,9.7251,34.1069
924,9.5386,34.5024
928,9.4082,34.3042
932,9.4805,34.5259
936,9.5063,34.6221
940,9.4800,34.5591
944,9.5776,34.8472
948,9.4302,33.8403
952,9.3726,33.8696
956,9.5811,34.2505
960,9.4609,34.2490
964,9.3877,34.0205
968,9.5391,34.2803
972,9.4766,33.9604
976,9.4443,33.9951
980,9.3472,33.9692
984,9.5083,34.1563
988,9.4648,33.9829
992,9.5962,34.5962
996,9.5107,34.3608
1000,9.4702,38.6948
1004,9.4487,34.1128
1008,9.4575,34.4922
1012,9.4531,34.6074
1016,9.4619,34.3232
1020,9.4380,34.4546
1024,9.7222,34.6367
1028,13.0571,34.5659
1032,13.0298,34.6860
1036,13.1509,34.6157
1040,13.0386,35.1812
1044,13.0210,34.9834
1048,13.2109,34.6172
1052,13.1475,34.6523
1056,12.9517,34.7495
1060,13.0005,34.7007
1064,12.9443,34.4111
1068,12.9722,34.8750
1072,12.9873,34.8906
1076,12.9697,34.6323
1080,12.9678,34.6494
1084,12.9937,34.6890
1088,12.9063,34.8320
1092,12.9878,34.6797
1096,13.0176,34.9932
1100,12.9614,34.9644
1104,13.0049,34.9434
1108,12.8232,35.0698
1112,12.8989,34.6641
1116,13.2529,35.0381
1120,13.1152,35.5195
1124,13.1528,34.9463
1128,13.2007,35.5229
1132,13.0547,35.0469
1136,13.0962,35.0244
1140,13.1670,34.8906
1144,12.9409,34.8198
1148,12.9912,34.9961
1152,13.0977,35.5645
1156,13.0713,34.7734
1160,13.0068,35.1646
1164,12.9702,35.2397
1168,12.9395,38.3960
1172,13.1470,35.3794
1176,12.9160,35.2695
1180,12.7563,53.2051
1184,13.0508,35.5605
1188,13.1563,35.6919
1192,13.0298,35.4712
1196,12.9307,35.3457
1200,14.3892,35.8970
1204,13.0142,35.4336
1212,12.9722,35.5830
1220,13.0146,35.2173
1228,12.9033,35.4312
1236,13.1147,35.7393
1244,12.9492,35.6851
1252,12.9727,35.2588
1260,13.4077,39.1382
1268,13.0122,35.7310
1276,12.9697,36.0093
1284,13.1406,35.4639
1292,13.1113,36.3623
1300,13.0083,36.1206
1308,13.0938,35.7090
1316,13.0049,35.8828
1324,13.1357,51.1914
1332,13.0234,36.3301
1340,13.0933,35.8286
1348,12.8706,36.2070
1356,12.9712,35.9521
1364,12.9985,36.2808
1372,12.8867,36.1738
1380,13.1655,36.1934
1388,13.0537,36.1221
1396,13.0532,36.4189
1404,14.5259,36.2852
1412,13.0010,36.4600
1420,16.0762,37.0771
1428,12.9824,36.0552
1436,13.0483,36.6284
1444,13.0649,36.5024
1452,15.3135,38.7744
1460,13.1035,37.0161
1468,13.1851,37.0449
1476,12.9326,38.1816
1484,13.5015,36.8354
1492,13.2524,37.1348
1500,13.0034,42.3413
1508,14.7417,36.8999
1516,12.9443,37.1333
1524,13.0176,37.2017
1532,13.1929,37.2178
1540,13.2012,37.4155
1548,12.8687,36.9727
1556,13.0591,37.2852
1564,12.9819,37.0981
1572,13.0762,37.1787
1580,13.0728,37.3408
1588,13.0630,37.4727
1596,13.0142,36.6997
1604,12.9199,37.7148
1612,13.0601,37.2944
1620,13.0444,37.4883
1628,13.0815,37.4326
1636,13.1196,39.6577
1644,14.2441,37.9595
1652,12.7539,37.5132
1660,13.2339,37.6533
1668,13.0396,37.2900
1676,12.9082,38.0234
1684,12.7412,39.4751
1692,12.9692,37.6895
1700,12.9790,37.3857
1708,12.8848,37.7856
1716,13.0742,37.8745
1724,13.0713,37.7979
1732,13.0176,37.4941
1740,13.1035,37.5483
1748,12.9287,37.7017
1756,13.1616,38.1514
1764,13.0332,38.0732
1772,13.1333,38.0420
1780,13.0962,38.5942
1788,13.3369,37.9165
1796,13.0308,38.2573
1804,13.0977,37.8521
1812,13.0195,38.4473
1820,13.1743,38.1958
1828,14.2832,40.7583
1836,12.9834,37.9639
1844,12.9688,38.4263
1852,12.9873,38.4424
1860,13.0605,39.5078
1868,12.9585,38.4141
1876,13.1099,38.3877
1884,13.0928,38.3257
1892,13.0557,38.4961
1900,12.9902,38.4380
1908,12.8638,38.9897
1916,13.0098,38.8887
1924,13.0522,38.2051
1932,13.1348,42.7856
1940,13.2139,39.1821
1948,12.9297,39.0488
1956,12.8989,38.5601
1964,13.0444,38.7720
1972,13.0093,38.4956
1980,12.9429,38.8979
1988,13.0957,38.3071
1996,12.7539,38.3799
2004,12.9219,38.1724
2012,13.0161,42.1094
2020,13.1509,38.6455
2028,12.9692,38.7715
2036,13.1406,38.8184
2044,13.1431,38.5850
2052,16.7461,38.9053
2060,16.8838,38.8760
2068,16.7930,39.7158
2076,16.8447,39.0786
2084,17.0073,39.0923
2092,16.6216,38.9063
2100,16.8364,39.0654
2108,16.8936,38.8394
2116,16.6899,38.8838
2124,16.6816,39.6904
2132,16.7847,38.9663
2140,16.8682,39.6665
2148,16.5933,39.5005
2156,16.6719,39.1484
2164,22.7324,39.4199
2172,16.8711,39.5020
2180,16.7651,39.3740
2188,19.9185,41.1104
2196,16.4648,39.2329
2204,16.7832,39.2500
2212,16.8179,38.8936
2220,16.7725,52.4023
2228,18.0288,40.2222
2236,16.9258,39.2505
2244,16.9141,39.5889
2252,17.0415,39.7524
2260,17.0332,39.7969
2268,16.6914,39.7056
2276,16.7002,39.8594
2284,16.5176,39.5469
2292,16.9902,39.4771
2300,16.6807,39.8677
2308,16.8257,58.7471
2316,16.8525,39.5493
2324,16.8740,39.4043
2332,16.8398,39.3994
2340,16.7095,40.1396
2348,16.8594,40.1787
2356,16.6333,39.6997
2364,17.0806,39.4868
2372,16.6509,39.5698
2380,16.7563,39.6187
2388,16.6035,39.5928
2396,16.7183,40.0747
2404,16.5840,39.6748
2416,16.7900,40.4014
2428,16.7715,39.6123
2440,16.7847,39.7769
2452,16.8213,39.9819
2464,16.6924,39.8101
2476,16.8560,39.9692
2488,16.9277,40.1011
2500,16.8955,39.8862
2512,16.5986,40.0913
2524,16.7554,39.8477
2536,16.7217,39.7461
2548,16.7749,40.7876
2560,16.8198,39.9697
2572,16.7852,40.1563
2584,18.9609,40.2559
2596,16.6968,40.2197
2608,16.8916,40.1870
2620,16.8760,40.0093
2632,16.7461,39.9111
2644,16.9160,39.7280
2656,16.6816,40.1841
2668,16.5874,40.4575
2680,16.8145,40.5693
2692,16.5425,40.1855
2704,16.9067,40.1450
2716,16.9014,40.0386
2728,16.7285,39.9771
2740,16.5981,40.3428
2752,16.6465,40.4155
2764,16.8994,40.6650
2776,16.6836,40.5103
2788,16.8452,40.4609
2800,16.7544,40.6489
2812,16.7832,40.7769
2824,16.8369,45.3467
2836,17.2036,40.6504
2848,16.8955,41.2266
2860,20.6118,43.3560
2872,16.7300,40.8604
2884,16.7505,41.0190
2896,16.8589,40.7134
2908,16.6382,40.3872
2920,16.8989,41.1245
2932,16.7642,40.7896
2944,16.7847,58.2915
2956,17.0200,41.4634
2968,17.1240,40.9766
2980,16.6021,41.4609
2992,16.8394,41.4800
3004,16.6724,41.1553
3016,16.7871,41.2710
3028,16.6729,41.1367
3040,16.7891,40.8901
3052,16.9121,41.6704
3064,16.7642,41.0293
3076,16.7871,41.0977
3088,16.8345,41.3516
3100,16.9526,41.3853
3112,16.7344,41.3457
3124,16.6943,41.0776
3136,16.8818,41.4155
3148,16.8569,41.7866
3160,16.8154,41.5371
3172,16.6943,41.7832
3184,16.8042,41.5596
3196,16.6626,41.6602
3208,16.5586,41.2725
3220,16.6768,41.9058
3232,19.3691,42.0845
3244,16.8267,41.8838
3256,17.0039,41.6533
3268,16.7598,41.4756
3280,16.8032,41.5234
3292,16.7427,41.6851
3304,17.0181,41.7031
3316,16.8984,41.4697
3328,17.0874,42.0986
3340,16.6450,41.4541
3352,16.8281,41.8872
3364,16.6426,41.7383
3376,16.7603,41.4775
3388,16.7368,41.8740
3400,16.7329,41.8979
3412,17.0059,41.8657
3424,16.7451,41.6978
3436,16.8721,42.0664
3448,16.7290,42.0186
3460,16.8301,42.0762
3472,16.6714,42.3086
3484,18.8574,42.9033
3496,16.6943,42.3257
3508,16.8105,41.7646
3520,16.9312,42.0317
3532,16.7007,42.2261
3544,16.8154,42.5605
3556,16.8823,41.9351
3568,16.9531,48.1396
3580,17.1660,42.3687
3592,16.8696,42.3242
3604,16.9258,42.2979
3620,17.1895,42.5991
3636,20.8042,42.6470
3652,16.9370,42.2075
3668,16.4663,42.6997
3684,16.7109,42.4424
3700,16.7402,43.0513
3716,17.0620,42.5820
3732,16.8037,42.8193
3748,16.5967,42.2988
3764,16.4365,42.8271
3780,16.7036,42.4995
3796,16.7744,43.0923
3812,16.7930,42.6323
3828,16.6587,42.6421
3844,16.7603,42.6040
3860,16.7979,42.5415
3876,16.8862,42.7241
3892,16.7153,42.6929
3908,24.2036,42.5488
3924,16.5493,42.6167
3940,16.8311,42.9165
3956,16.6406,42.7935
3972,16.7959,43.3389
3988,16.7700,43.1313
4004,16.8979,42.6953
4020,16.7139,43.2275
4036,16.7280,42.9775
4052,16.7915,42.8408
4068,16.6606,42.3999
4084,16.6021,43.0313
4100,24.5190,43.3828
4116,20.5835,42.8638
4132,20.4321,42.9746
4148,20.4819,43.2158
4164,20.4766,43.3486
4180,20.4199,43.1396
4196,20.3203,43.2651
4212,20.4277,43.4907
4228,20.7251,43.3262
4244,20.3145,43.2783
4260,20.4307,43.0239
4276,20.4663,43.2046
4292,20.5103,43.0991
4308,20.8306,43.5322
4324,20.5303,43.6465
4340,20.7041,43.2012
4356,20.4727,43.9580
4372,20.3525,43.6450
4388,20.3901,43.6206
4404,20.3213,43.4399
4420,20.4526,43.4170
4436,20.5908,43.5171
4452,20.4927,43.6885
4468,20.3745,43.4756
4484,20.3530,43.4531
4500,20.5508,43.8555
4516,20.4419,43.6821
4532,20.3325,48.5034
4548,20.6694,44.0435
4564,20.4287,44.1343
4580,20.6255,44.0947
4596,20.2861,43.5337
4612,20.4321,43.8384
4628,20.5225,43.7866
4644,20.4307,43.9165
4660,20.4561,43.4888
4676,20.2817,44.1074
4692,20.1606,43.5703
4708,20.5283,43.6987
4724,20.2153,43.6265
4740,20.3379,43.3701
4756,20.5107,43.5527
4772,20.1841,43.3350
4788,20.3540,43.9028
4804,20.5645,44.1724
4824,20.4614,43.7700
4844,20.5229,44.0977
4864,20.4043,43.8813
4884,20.7119,44.2285
4904,20.4004,43.9229
4924,21.8540,44.5039
4944,20.4272,43.8589
4964,20.4282,43.8042
4984,20.4136,43.8657
5004,20.4556,48.3013
5024,20.8940,43.7686
5044,20.3252,44.3921
5064,23.0811,44.2993
5084,20.5220,44.1504
5104,20.4448,44.0923
5124,20.3921,43.8589
5144,20.3550,44.0830
5164,20.4375,44.0239
5184,20.2998,44.3682
5204,20.3970,44.1968
5224,20.4941,44.2222
5244,20.5146,44.0308
5264,20.4648,43.9141
5284,20.3989,44.4268
5304,20.3735,43.8472
5324,20.5146,45.8940
5344,20.2993,44.8018
5364,20.5322,44.0757
5384,20.2886,55.6606
5404,20.6807,44.9453
5424,20.1445,44.6099
5444,20.2378,44.5977
5464,24.1538,44.3735
5484,20.6548,44.4893
5504,20.1523,44.7734
5524,20.4888,44.9468
5544,25.0591,44.7520
5564,20.6807,44.8081
5584,20.4951,44.7397
5604,20.4409,44.7554
5624,20.4277,44.9712
5644,20.4087,44.1929
5664,20.4912,44.0352
5684,20.6782,44.4063
5704,20.5234,44.2798
5724,20.5483,44.3604
5744,20.6426,44.4033
5764,20.3457,44.6772
5784,20.4775,44.2397
5804,20.2900,44.9141
5824,20.4741,44.8042
5844,20.6089,44.6182
5864,20.4082,44.6431
5884,20.5557,44.7744
5904,20.3696,44.7144
5924,20.2759,44.7910
5944,20.3496,44.6826
5964,20.3687,45.0098
5984,20.6426,44.7646
6004,20.3696,49.2578
6028,20.7227,44.7056
6052,20.4268,45.1274
6076,20.3970,44.9609
6100,20.5186,45.1167
6124,20.4082,44.7427
6148,20.2881,44.7769
6172,20.5122,45.1655
6196,20.3667,45.1499
6220,20.3823,45.8408
6244,20.3306,45.1572
6268,20.2852,45.0957
6292,20.4629,45.2036
6316,20.6211,45.3037
6340,20.6465,45.4321
6364,22.0518,44.8193
6388,20.3672,45.2500
6412,20.3428,45.5718
6436,20.3638,45.5718
6460,20.3477,45.2144
6484,22.7222,45.6758
6508,20.5190,45.3730
6532,20.3135,45.1382
6556,20.1597,45.5073
6580,23.0234,45.9380
6604,20.5815,45.5396
6628,20.2734,45.8003
6652,20.3374,45.7202
6676,20.5825,45.9785
6700,20.4395,45.7861
6724,20.6572,46.4561
6748,20.5264,46.0596
6772,20.1665,45.9277
6796,20.4033,45.8462
6820,20.4277,46.1924
6844,20.5073,46.0015
6868,20.2886,46.2612
6892,20.5171,45.7329
6916,20.5562,46.3770
6940,20.6167,46.0801
6964,20.4326,46.0957
6988,20.4937,45.9497
7012,20.4609,46.1855
7036,20.5532,46.5933
7060,20.7041,45.9243
7084,20.4961,46.0796
7108,20.3906,45.8389
7132,20.2466,49.3584
7156,20.7397,46.4106
7180,20.6357,46.3516
7204,20.5239,46.3540
7232,20.4824,45.5020
7260,20.6064,45.9712
7288,20.5283,46.2515
7316,20.3867,45.9272
7344,20.2744,46.4063
7372,20.6060,46.6069
7400,20.2520,46.4780
7428,20.1260,45.7969
7456,20.4668,46.2051
7484,20.3042,46.4199
7512,20.4492,46.9971
7540,20.6040,46.2437
7568,20.3984,46.6270
7596,20.3564,46.5811
7624,20.4160,46.2510
7652,20.3506,46.6128
7680,20.4585,46.8604
7708,20.4517,46.3252
7736,20.5107,54.4697
7764,20.8921,49.0791
7792,20.7563,46.6870
7820,20.4917,46.5742
7848,20.4697,46.8213
7876,20.3135,46.8936
7904,20.3076,46.7944
7932,20.4761,47.1450
7960,20.4004,46.5479
7988,20.4683,46.8887
8016,25.0732,47.1670
8044,20.7720,47.3218
8072,20.3931,47.0522
8100,20.4263,47.1841
8128,20.3066,46.8472
8156,20.5615,46.9277
8184,20.4717,49.7578
8212,26.4585,47.3433
8240,23.9409,46.9648
8268,24.0190,46.8418
8296,24.0308,47.0317
8324,24.0181,46.4731
8352,24.0068,47.2158
8380,24.1934,47.4814
8408,24.0459,47.2427
8440,24.2583,46.9316
8472,23.9805,47.1353
8504,24.0669,47.5840
8536,24.1064,47.6309
8568,24.2471,47.2168
8600,24.0093,46.8022
8632,24.1177,47.5801
8664,23.5283,47.3398
8696,24.0786,47.0781
8728,23.8516,47.3105
8760,23.9473,47.2764
8792,24.0366,47.8208
8824,23.8716,47.3467
8856,24.0752,47.4175
8888,24.0156,47.3413
8920,24.0825,47.2368
8952,24.0098,47.7588
8984,23.8110,47.6255
9016,24.0059,47.7051
9048,25.3799,47.4746
9080,24.1953,47.5825
9112,24.0313,48.0063
9144,23.8296,47.6279
9176,23.9922,50.8691
9208,24.1167,48.1191
9240,23.9072,47.7456
9272,24.1514,47.5122
9304,24.1826,47.7690
9336,23.9331,47.3936
9368,23.7920,47.3271
9400,23.9951,47.4648
9432,23.7397,47.8687
9464,24.3013,47.9692
9496,23.6768,47.8750
9528,23.7930,47.5483
9560,23.9702,47.5767
9592,24.2139,47.9370
9624,23.9951,47.7612
9660,24.0620,47.8052
9696,23.9644,48.2539
9732,24.1235,47.9712
9768,23.9077,47.7070
9804,23.9932,48.3237
9840,24.1162,47.7231
9876,24.2476,47.9189
9912,24.1431,47.7681
9948,24.3740,47.3882
9984,24.2500,48.3652
10020,27.6934,47.9756
10056,23.9868,48.3130
10092,23.8672,48.0757
10128,24.0654,47.8276
10164,23.9033,48.2666
10200,24.1812,48.0415
10236,24.0566,48.2266
10272,23.8291,47.9736
10308,24.0273,48.2007
10344,23.9829,48.0874
10380,23.9048,48.0405
10416,24.1260,48.3521
10452,24.0234,48.2354
10488,23.9321,48.6499
10524,23.9492,48.5586
10560,24.1543,48.0913
10596,24.0024,48.3467
10632,23.9922,48.1187
10668,23.8828,48.4209
10704,24.0229,48.1689
10740,24.0063,61.7139
10776,24.2534,48.4570
10812,23.9980,48.1431
10852,23.9253,48.3936
10892,23.8975,50.8398
10932,24.3872,48.8311
10972,24.2422,49.4238
11012,24.1816,48.4785
11052,24.0508,48.6182
11092,23.9419,48.5283
11132,24.0522,48.2266
11172,24.2861,48.0352
11212,24.2153,48.4922
11252,24.0137,48.3330
11292,24.0142,48.4980
11332,28.3159,49.1499
11372,24.1221,48.4487
11412,24.1016,48.2241
11452,24.1182,48.4541
11492,23.8823,48.7251
11532,24.0693,48.3921
11572,24.0654,49.0317
11612,23.7466,48.9561
11652,23.9980,48.6714
11692,23.9063,48.7251
11732,23.9380,49.1196
11772,23.9380,49.2373
11812,23.9731,48.8662
11852,24.0430,51.1274
11892,24.5903,49.7319
11932,24.0181,48.6782
11972,24.0127,48.8379
12012,24.1362,48.8677
12056,24.1016,48.8525
12100,23.9097,49.0908
12144,24.0923,48.6592
12188,23.7759,48.6255
12232,25.5967,49.1313
12276,23.8071,48.6934
12320,23.8535,48.8193
12364,24.0923,48.9702
12408,24.0200,49.1616
12452,23.6680,48.9849
12496,24.0415,49.5405
12540,23.6704,49.5366
12584,23.9351,51.4463
12628,23.8091,49.1582
12672,24.1641,49.6016
12716,25.7949,49.1338
12760,24.1064,50.0532
12804,23.8652,49.2998
12848,24.3091,48.8403
12892,23.9321,49.4551
12936,23.7534,49.6719
12980,23.8813,49.2710
13024,24.0635,49.1846
13068,28.5273,49.7017
13112,24.4746,49.3770
13156,24.1299,49.8374
13200,23.8584,49.5645
13244,23.9272,49.6367
13292,24.1689,49.0884
13340,24.0850,49.7427
13388,23.8848,49.9023
13436,23.8071,49.6802
13484,24.0952,49.7153
13532,23.6719,49.5068
13580,23.9932,50.1357
13628,24.1494,49.7627
13676,23.7930,49.4727
13724,23.8540,49.2505
13772,24.1309,49.6567
13820,24.0435,49.5615
13868,24.1758,50.0820
13916,23.9805,49.6826
13964,23.8330,50.0190
14012,24.0884,50.2822
14060,24.1152,50.2925
14108,24.0874,49.7549
14156,23.6421,49.6958
14204,24.0591,50.0205
14252,23.9380,50.0161
14300,24.3569,50.1763
14348,27.0938,50.5991
14396,24.2690,50.3950
14444,24.0356,49.9536
14496,23.9922,50.2725
14548,25.4824,50.2261
14600,24.0459,49.8467
14652,24.0361,50.7358
14704,23.9502,61.3564
14756,24.1162,50.2090
14808,24.0327,50.3623
14860,24.1826,50.4072
14912,23.7681,51.1069
14964,23.7666,50.6533
15016,24.2192,50.7969
15068,23.9897,50.4102
15120,24.0288,50.8760
15172,25.4941,50.3496
15224,23.9839,50.3730
15276,23.8203,50.6152
15328,24.1631,50.5645
15380,24.0088,50.4854
15432,24.0522,53.7227
15484,24.1631,50.3979
15536,24.0430,50.5293
15588,23.9258,50.7510
15640,23.9819,50.4951
15696,23.7407,51.2065
15752,24.2988,54.6055
15808,23.7363,50.5195
15864,23.9292,50.5215
15920,24.0957,51.0864
15976,24.0176,50.4072
16032,23.7510,50.5742
16088,23.8481,50.8330
16144,23.6484,50.5381
16200,23.8818,50.8682
16256,24.0625,50.4487
16312,23.8911,50.3687
16368,23.9248,50.8569
16424,30.9453,50.6689
16480,29.2466,50.6973
16536,27.9019,50.7876
16592,27.9414,51.0410
16648,28.1953,50.5552
16704,28.0879,51.1611
16760,28.4351,51.1284
16816,28.0205,50.6016
16876,27.9453,50.8604
16936,28.1050,50.8921
16996,27.9204,51.4536
17056,28.0361,50.7266
17116,27.9858,54.7505
17176,27.9600,51.6147
17236,27.9297,51.1543
17296,27.9209,51.2974
17356,27.9131,51.3027
17416,28.0718,51.2402
17476,28.2217,51.0142
17536,27.9946,50.9478
17596,27.9204,51.1694
17656,28.0527,51.1812
17716,27.5591,50.8833
17776,27.8032,51.0771
17836,28.0205,50.9321
17896,28.7461,50.9482
17956,28.4175,51.3281
18016,28.5918,51.4014
18080,28.8140,51.0747
18144,28.3218,51.3350
18208,28.3291,51.5176
18272,28.4336,51.5742
18336,28.6045,51.5640
18400,28.5728,51.5801
18464,28.5938,51.7847
18528,28.6636,51.7749
18592,28.6899,57.5293
18656,28.4551,51.0913
18720,28.3672,51.7549
18784,28.3242,54.7026
18848,28.4775,51.8413
18912,28.6299,51.2871
18976,28.4688,51.9688
19040,28.3228,51.5542
19104,28.5620,51.6958
19168,28.3325,51.6821
19232,28.4238,51.9189
19300,28.3838,51.5645
19368,28.6309,51.9116
19436,28.5396,52.1055
19504,27.9126,51.9268
19572,27.8779,51.0415
19640,28.2520,51.4189
19708,27.8833,62.3320
19776,28.1318,52.2813
19844,27.8354,52.4932
19912,28.0674,52.3467
19980,28.3096,51.9614
20048,28.3848,52.0449
20116,28.1978,51.8667
20184,30.0381,52.2607
20252,27.8896,52.2319
20320,27.9175,52.1304
20388,27.8066,51.8657
20456,27.9087,53.0693
20528,28.0518,52.1519
20600,27.9570,52.0518
20672,29.5361,52.0532
20744,28.3633,51.9771
20816,28.0586,52.3809
20888,27.7588,52.2153
20960,27.2661,51.8853
21032,27.9761,52.3145
21104,27.9067,51.7637
21176,27.8179,51.1997
21248,27.8940,52.5117
21320,27.7954,52.6890
21392,27.8560,52.5742
21464,32.3594,52.2871
21536,27.8374,52.0806
21608,27.8613,52.3018
21684,27.8501,52.7305
21760,27.9917,52.5654
21836,27.8916,55.6772
21912,28.0308,52.3667
21988,27.7329,52.3203
22064,27.8931,52.0425
22140,27.9258,52.5483
22216,27.9409,52.0439
22292,27.8564,52.2563
22368,27.9961,52.2407
22444,28.0161,52.3442
22520,27.7642,52.4692
22596,27.8672,52.6147
22672,27.9111,62.6001
22748,27.7563,52.2773
22824,28.0835,52.3159
22904,28.0630,52.5005
22984,27.8340,52.4233
23064,27.9155,52.2441
23144,27.8218,52.4473
23224,28.2207,52.7598
23304,27.9302,52.6938
23384,27.5737,53.1846
23464,27.7524,52.8545
23544,27.8809,52.2495
23624,30.1470,53.0938
23704,27.8311,52.4819
23784,28.3926,52.7847
23864,28.2061,52.8579
23944,27.8408,52.9238
24024,29.0200,53.1440
24108,27.8428,52.9253
24192,27.8828,53.3706
24276,27.5786,52.7197
24360,28.0928,52.7769
24444,29.4253,52.8574
24528,27.6592,53.4111
24612,29.4155,53.0591
24696,27.6440,53.2900
24780,27.7720,53.3052
24864,27.9370,53.2383
24948,28.7764,53.4585
25032,27.8159,53.0127
25116,28.1704,53.1235
25200,27.6528,53.5273
25284,28.0313,53.6909
25372,27.9253,53.1064
25460,27.9463,58.7231
25548,27.6963,53.5112
25636,27.8218,53.4126
25724,28.0503,53.1147
25812,27.9912,52.8647
25900,27.6523,53.2710
25988,27.9736,52.9790
26076,29.4253,63.7900
26164,27.9819,53.8701
26252,28.0283,53.4692
26340,27.8809,53.4087
26428,28.0239,53.3804
26520,27.7534,53.3706
26612,27.7129,53.7451
26704,27.7090,53.6040
26796,27.7246,53.7109
26888,29.3931,53.4102
26980,27.7656,53.5439
27072,27.9238,53.5874
27164,27.8159,53.9087
27256,28.0361,56.4116
27348,29.2666,53.1445
27440,27.9702,56.0337
27532,27.7905,53.6699
27624,28.2720,54.0361
27720,27.6538,53.5703
27816,28.0010,53.4321
27912,27.9399,53.9468
28008,27.7075,53.8506
28104,28.1455,54.2017
28200,27.8345,53.9126
28296,27.7603,53.2715
28392,27.8384,53.9536
28488,27.8462,53.5923
28584,27.9419,53.6523
28680,28.3076,53.8735
28776,27.7852,54.2534
28872,35.2485,55.0869
28972,27.9561,54.4697
29072,28.3013,53.9136
29172,27.6772,53.9521
29272,27.8813,54.1089
29372,29.7495,53.8267
29472,29.4829,54.1851
29572,29.5464,53.8521
29672,28.3521,54.6294
29772,27.8721,54.1792
29872,27.7031,54.1802
29972,27.9712,53.8003
30072,29.4795,54.1021
30176,29.3369,53.8394
30280,28.0073,54.4209
30384,27.9668,54.1348
30488,29.4546,54.2471
30592,28.0874,54.3457
30696,27.8228,54.1025
30800,28.0479,53.8682
30904,28.0522,53.8486
31008,28.1362,53.9507
31112,28.7920,54.9023
31216,28.0342,54.3750
31324,28.4961,54.0850
31432,27.8613,54.9219
31540,28.1045,55.3872
31648,28.2114,54.5962
31756,28.0659,54.5381
31864,27.9399,53.8179
31972,27.7876,57.7974
32080,28.2173,54.4199
32188,28.0103,54.8506
32296,27.9658,54.0283
32404,27.8882,54.3730
32516,27.7749,54.4453
32628,28.0010,54.3970
32740,27.9541,58.0132
32852,34.3623,54.4609
32964,32.7412,55.0195
33076,32.6958,54.6260
33188,32.6201,54.6938
33300,32.4507,55.1655
33412,32.4614,54.9082
33524,32.6431,54.4707
33636,32.7217,54.0869
33752,32.4360,54.7368
33868,32.3726,54.7554
33984,32.6494,55.2549
34100,32.4697,54.7197
34216,34.4150,66.0996
34332,32.8057,55.0054
34448,32.5737,59.4058
34564,32.2427,54.5020
34680,32.4390,54.9297
34796,32.2622,55.1313
34912,32.3911,54.9355
35032,32.4214,54.8096
35152,32.3906,54.9419
35272,32.4751,55.1396
35392,32.7168,54.8730
35512,32.0161,54.3477
35632,32.6987,54.7148
35752,32.1592,55.3364
35872,31.9731,54.8755
35992,32.0581,57.0991
36112,32.0229,55.1665
36236,33.8984,55.0854
36360,32.3857,55.0640
36484,32.1968,54.9072
36608,32.2515,55.0815
36732,32.4268,54.8267
36856,32.1699,55.6333
36980,32.5356,55.0313
37104,35.7939,55.5176
37228,32.2939,55.9551
37356,32.2119,55.1016
37484,32.2197,55.3027
37612,32.4482,55.3062
37740,32.2637,55.4795
37868,33.9551,55.0444
37996,33.9727,54.9854
38124,32.2163,55.5063
38252,36.3315,55.6543
38380,32.2344,55.6689
38508,32.2329,55.4927
38640,33.6333,55.4434
38772,33.7515,58.2295
38904,32.3398,55.4658
39036,32.0791,56.0825
39168,32.1602,55.7295
39300,31.9341,55.7354
39432,32.1289,55.3262
39564,32.2852,55.6484
39696,32.2266,55.9565
39832,32.0361,58.3052
39968,32.0815,56.3032
40104,32.2080,55.4717
40240,32.2339,56.3062
40376,32.0303,55.6680
40512,32.2764,55.9663
40648,32.0815,55.7813
40784,31.9165,55.9102
40920,32.1558,55.7354
41060,32.1416,55.4023
41200,31.8403,55.9272
41340,32.2754,55.8091
41480,32.4976,56.0513
41620,32.3403,56.2866
41760,32.0225,55.9258
41900,32.3628,55.6631
42040,32.5610,55.6050
42184,32.3853,55.7676
42328,32.1274,55.3730
42472,31.9116,55.9795
42616,31.9258,56.1841
42760,36.1001,56.3315
42904,32.2490,55.6943
43048,32.1216,56.0938
43192,32.3086,55.6641
43336,32.5815,55.9995
43484,32.2710,56.3652
43632,32.0093,55.9868
43780,32.2813,56.2886
43928,32.0874,57.5635
44076,31.8477,56.3672
44224,40.5728,58.0439
44372,32.2017,56.6338
44520,32.1587,56.4668
44672,32.2441,56.4292
44824,32.1016,56.5854
44976,32.1660,56.5811
45128,31.8145,55.8604
45280,31.9380,56.1812
45432,31.8457,56.4355
45584,31.9858,56.5820
45736,32.0522,61.5869
45892,32.9761,56.8940
46048,32.8940,56.6768
46204,33.1045,56.6826
46360,33.0166,56.6187
46516,32.8301,56.8003
46672,32.6973,56.7646
46828,32.5117,63.1812
46988,32.4727,57.8066
47148,32.8979,57.8018
47308,32.3965,56.9600
47468,32.6504,57.4966
47628,32.6738,56.8740
47788,32.5352,56.7349
47948,32.7456,56.7900
48108,32.4980,61.9917
48272,32.5410,56.9121
48436,34.9048,60.1436
48600,32.6987,56.6602
48764,32.7324,57.1792
48928,34.6187,60.7515
49092,32.6807,56.8237
49256,32.8374,56.4922
49424,32.7559,56.9644
49592,32.7026,57.2866
49760,32.7783,57.0811
49928,32.3652,62.0938
50096,32.5767,57.5210
50264,32.4331,57.1553
50432,32.2856,57.0933
50604,32.1616,57.2051
50776,31.9658,57.1836
50948,32.2148,56.9780
51120,37.3848,57.6636
51292,32.4824,57.3345
51464,32.1104,57.6577
51636,31.9214,57.4673
51812,31.9058,57.4595
51988,32.1963,57.7026
52164,36.3696,57.4932
52340,33.7568,60.2354
52516,32.3008,59.5552
52692,32.3491,57.5767
52868,32.2422,57.3296
53048,31.7344,57.6694
53228,32.2529,57.6318
53408,32.0708,57.3374
53588,32.4214,57.4312
53768,32.0928,57.9102
53948,32.9009,58.1445
54128,32.8389,57.5557
54312,32.4121,57.1230
54496,32.2646,57.8867
54680,32.3623,57.8506
54864,32.5425,58.1592
55048,32.6294,57.7793
55232,32.0352,57.8706
55420,32.3613,57.6025
55608,32.5464,57.7798
55796,32.3955,58.4746
55984,35.0322,57.9160
56172,32.3638,57.8984
56360,32.4990,57.8711
56548,32.3047,57.9775
56740,32.6094,57.7524
56932,32.2676,59.9009
57124,32.4873,57.6724
57316,32.2427,57.8647
57508,32.6172,58.2739
57700,32.1738,58.0508
57896,32.1772,58.3267
58092,34.0596,58.6187
58288,33.3667,58.6143
58484,33.1968,58.0654
58680,33.1450,58.4771
58876,32.3696,58.4355
59076,32.3140,58.4536
59276,32.4668,58.4165
59476,32.3462,58.2148
59676,32.6069,62.9043
59876,32.5928,58.3711
60076,32.9775,58.4126
60280,32.5967,58.6250
60484,32.7935,59.6274
60688,32.8408,58.5278
60892,32.5098,58.9082
61096,32.5708,58.2925
61300,32.5708,60.5566
61508,33.0527,58.8662
61716,32.6323,58.6831
61924,32.7642,59.0737
62132,32.6299,58.5449
62340,32.3872,58.6167
62548,32.5000,58.6812
62760,32.8018,59.2617
62972,32.1670,58.6104
63184,32.5684,58.7671
63396,32.7163,59.1177
63608,32.4863,58.6392
63824,36.5063,62.9014
64040,32.1841,59.0156
64256,32.5864,58.9668
64472,32.3198,59.0317
64688,32.8442,59.2534
64904,32.5771,62.9951
65124,32.5449,59.3970
65344,32.3848,59.2627
65564,40.3486,60.9795
65784,38.3540,59.2031
66004,38.2432,63.1108
66228,37.8867,58.9746
66452,38.0894,59.7412
66676,37.7798,59.6777
66900,38.3198,59.8252
67124,38.4072,59.2671
67348,39.1582,59.3496
67576,38.0269,59.8193
67804,37.7656,62.7461
68032,37.7642,59.5142
68260,38.1797,59.6201
68488,37.4512,59.7109
68720,36.8003,59.8076
68952,37.1255,59.8477
69184,36.4961,60.0269
69416,36.5249,59.9087
69648,36.8462,60.1641
69884,37.4370,60.3599
70120,36.8628,60.0337
70356,36.7671,60.0938
70592,36.7700,60.1484
70828,36.6665,59.7920
71068,36.4448,60.0254
71308,37.4561,59.6899
71548,37.3164,60.5381
71788,36.6553,67.9780
72028,37.3916,63.0869
72272,37.3091,60.1899
72516,37.4561,59.8599
72760,36.7231,59.8564
73004,37.2910,60.3110
73248,37.3135,60.1904
73496,37.3491,59.7886
73744,37.4849,60.5732
73992,37.3555,60.2578
74240,37.1909,60.6484
74488,39.9497,60.8721
74740,37.6558,60.2129
74992,37.5176,60.2217
75244,37.1890,60.5161
75496,37.4526,60.7212
75748,37.0195,60.5313
76004,36.8613,60.5044
76260,37.2231,60.4941
76516,40.7212,60.7266
76772,37.3169,76.6929
77028,41.4561,60.8247
77288,37.2822,61.4097
77548,36.4844,61.1553
77808,37.0449,61.2764
78068,37.9897,61.4028
78332,37.3589,60.9956
78596,36.9077,62.5200
78860,36.6543,60.9502
79124,36.7432,61.8237
79388,37.1763,60.8945
79656,36.9038,62.1924
79924,37.1187,61.3940
80192,37.9312,60.7217
80460,38.6436,60.6909
80732,38.2275,62.2144
81004,37.5659,66.7852
81276,37.5850,60.9668
81548,37.3901,61.7061
81820,37.6411,61.2939
82096,37.8872,62.6147
82372,38.4712,61.8301
82648,39.1440,64.1001
82924,38.1938,61.5542
83204,37.7231,61.7241
83484,38.8809,61.1904
83764,37.6987,61.4966
84044,37.4946,62.0708
84328,37.9111,61.4331
84612,37.9487,62.5923
84896,37.3740,61.5635
85180,37.5986,62.1167
85464,37.2197,61.4468
85752,37.1313,61.1436
86040,38.4858,61.7471
86328,37.4839,67.5122
86616,38.2554,61.4883
86908,37.3818,61.3159
87200,37.2290,62.3730
87492,37.6167,61.2915
87784,37.1553,62.9902
88080,38.6289,62.2036
88376,37.0737,63.0220
88672,38.8203,73.9819
88968,39.1743,63.4595
89268,46.8359,62.4707
89568,37.2734,61.6826
89868,38.6733,61.8774
90168,37.2192,61.8389
90472,37.4443,62.5703
90776,37.1084,64.9502
91080,37.3359,63.8877
91384,37.8042,62.2480
91692,37.3667,62.7490
92000,37.4761,61.6519
92308,37.1680,63.2979
92616,37.5918,61.5923
92928,36.7256,61.9058
93240,38.2739,62.0171
93552,37.5239,62.2305
93864,38.1362,62.0610
94180,37.5332,62.0698
94496,38.0195,63.1763
94812,37.5981,62.8032
95132,37.8271,64.0283
95452,38.3003,65.0620
95772,38.9185,63.7847
96092,37.5908,62.2886
96416,37.8394,61.8755
96740,42.9624,63.5098
97064,37.6719,69.5854
97388,38.1187,62.6289
97716,37.5508,62.3052
98044,38.4355,62.7192
98372,37.5522,62.0464
98700,37.1714,63.9575
99032,37.3130,62.1650
99364,37.2808,64.8486
99696,37.1567,62.6143
100032,36.7378,62.8979
100368,37.0112,62.3882
100704,37.1733,62.6792
101040,38.4932,62.9517
101380,36.8418,62.0273
101720,38.1577,65.8037
102060,37.4082,63.1558
102404,36.8901,64.4585
102748,37.1870,63.0933
103092,37.8047,66.8745
103436,37.7007,63.3843
103784,37.9165,63.4116
104132,37.9731,62.5586
104480,37.6030,62.7896
104832,40.3936,64.9883
105184,37.5659,62.9604
105536,38.6875,62.5547
105888,37.6260,62.5557
106244,37.5684,62.9590
106600,37.3071,62.9927
106956,37.4063,64.1729
107316,37.5752,63.1606
107676,37.7402,64.1240
108036,37.8848,63.3389
108400,37.7148,63.1572
108764,38.5137,63.1367
109128,37.2446,62.9741
109492,37.9590,63.0874
109860,37.1685,65.1079
110228,37.1797,64.6104
110596,37.8618,62.8999
110968,36.9458,81.7358
111340,37.3887,63.1074
111712,37.0054,65.0195
112088,36.8467,63.5259
112464,36.9722,64.3813
112840,37.1641,63.6206
113220,36.9419,63.3315
113600,37.7954,63.5132
113980,37.2012,67.8940
114360,37.7227,63.8613
114744,37.1670,63.4873
115128,37.9336,64.1113
115512,37.0327,66.0576
115900,37.5034,64.8984
116288,37.6763,63.7837
116676,37.6045,64.4912
117068,37.4004,63.5044
117460,37.5737,64.6172
117852,37.3101,63.8315
118248,37.3022,63.7939
118644,37.5039,63.5146
119040,37.1973,63.5635
119440,38.9526,64.1636
119840,37.3120,64.4238
120240,37.4126,64.6836
120644,37.5029,64.0742
121048,37.3896,68.6646
121452,37.0688,63.7349
121860,37.7324,65.0127
122268,36.9355,64.6431
122676,37.1943,71.0220
123088,37.3428,64.6802
123500,37.2749,64.3696
123912,37.0972,63.8882
124328,37.2461,64.0757
124744,38.2642,64.6572
125160,37.0425,64.1504
125580,38.0786,63.6616
126000,39.9146,64.2358
126420,37.6069,66.0825
126844,36.6865,64.3755
127268,37.4609,64.5259
127696,37.1772,64.4346
128124,37.1309,66.4048
128552,38.7593,64.0376
128984,37.0474,64.6509
129416,38.1309,64.1523
129848,37.7344,63.7646
130284,38.4272,64.2568
130720,38.1221,65.2441
131156,45.9932,66.1265
131596,42.9751,64.2769
132036,43.4507,64.8594
132480,42.6724,64.9316
132924,43.9502,63.9165
133368,42.9189,80.1685
133816,43.5454,64.4800
134264,42.0596,64.5356
134712,42.9927,64.3667
135164,41.8472,64.7988
135616,42.2046,65.8501
136072,42.1992,65.4946
136528,42.1621,65.0962
136984,42.7051,65.0049
137444,42.0840,78.7773
137904,42.4951,65.2422
138364,41.8730,68.5938
138828,42.6729,65.4966
139292,42.0571,66.0142
139760,43.5308,66.6982
140228,43.6177,65.6768
140696,42.3657,64.8262
141168,42.0898,66.5044
141640,42.3833,65.5449
142116,41.6318,66.7148
142592,41.9438,65.4609
143068,42.0605,66.6738
143548,42.1353,65.1313
144028,41.6948,66.6582
144512,41.8984,65.5767
144996,42.3569,66.4048
145480,43.3062,65.8667
145968,42.9937,71.7822
146456,42.5835,67.2637
146948,44.0571,68.9541
147440,42.6704,65.8950
147932,42.7256,67.3467
148428,42.2417,65.6333
148924,42.2915,66.1162
149424,42.3662,65.8750
149924,42.6006,69.1030
150424,42.8174,66.8418
150928,41.8623,66.4580
151432,42.5381,72.6929
151940,42.2598,67.5425
152448,42.3564,69.8892
152960,49.0298,67.5337
153472,42.8423,66.5503
153984,42.6470,67.6299
154500,42.2378,66.6167
155016,42.0737,67.7402
155536,42.6123,66.6719
156056,42.6875,66.8081
156580,41.7910,65.5786
157104,42.0693,69.3115
157628,42.1001,66.0879
158156,41.9844,67.1626
158684,42.2021,66.4897
159216,41.8608,67.2988
159748,42.1445,66.1157
160284,42.6401,67.6826
160820,42.5181,66.2964
161360,43.7783,68.2827
161900,41.9570,66.3662
162440,42.5156,71.4639
162984,42.6685,66.2588
163528,42.3892,67.5317
164076,43.0269,67.0527
164624,42.6191,68.5107
165176,42.4224,66.4854
165728,42.4966,67.0103
166284,42.5298,66.6304
166840,42.3857,67.6138
167400,42.5132,66.3066
167960,42.6816,88.8438
168520,42.0674,66.4790
169084,43.7236,66.1455
169648,42.0962,66.2539
170216,41.9268,67.2251
170784,42.3086,66.3555
171356,43.0781,66.8569
171928,42.3174,67.1831
172504,42.3931,66.5225
173080,42.4619,67.3140
173660,42.5674,66.7100
174240,45.9907,71.1553
174824,45.7246,68.7002
175408,41.7217,66.7129
175996,43.0005,67.1177
176584,42.2075,67.2197
177176,42.9478,66.9639
177768,41.9771,67.3027
178364,42.3984,67.0718
178960,42.0981,67.3940
179560,44.1563,67.2456
180160,42.5581,67.4961
180764,43.4775,67.5269
181368,42.3291,67.3359
181976,42.9004,66.7339
182584,42.1621,67.3359
183196,44.2388,67.6055
183808,42.5288,67.8682
184424,45.7388,67.0605
185040,42.9258,67.6382
185660,43.2847,67.4614
186280,42.8291,66.7827
186904,43.4233,74.6362
187528,42.3730,67.7012
188156,43.0024,67.2710
188784,42.3208,77.8770
189416,46.1362,67.4590
190048,42.1035,72.9531
190684,52.0205,70.2427
191320,43.9634,69.8101
191960,42.2168,67.4116
192600,42.6172,68.8423
193244,42.3589,67.8384
193892,43.4297,68.3408
194540,42.4717,67.3403
195192,42.4375,68.9443
195844,42.4932,67.5020
196500,42.1631,68.9868
197156,42.3359,67.8262
197816,42.3999,68.7964
198476,42.7397,73.5352
199140,42.5645,67.4253
199804,43.2192,68.4580
200472,43.2280,67.6660
201144,43.5732,68.0483
201816,43.9258,71.2886
202492,42.6807,68.3350
203168,43.0400,68.8418
203848,42.9502,68.2969
204528,46.9395,94.3486
205212,43.4736,69.6260
205900,42.4077,67.8071
206588,42.7573,69.4243
207280,43.0415,67.9492
207972,42.8198,69.9004
208668,42.5874,67.8232
209364,43.6016,68.5938
210064,42.7759,68.2124
210768,42.9136,73.7310
211472,43.1182,68.8735
212180,42.8872,68.8926
212888,43.1450,68.4995
213600,44.1040,69.2710
214312,42.5693,70.0454
215028,48.1162,69.4624
215748,42.9385,71.3101
216468,52.9370,72.0698
217192,43.9038,69.5591
217916,44.9561,69.6646
218644,42.9683,69.8789
219376,43.5645,68.7764
220108,43.0928,70.6201
220844,43.2822,68.9238
221584,43.3120,69.4224
222324,42.8647,68.9043
223068,42.6479,69.0078
223812,43.0049,69.4561
224560,43.0879,74.6787
225312,47.3125,68.9463
226064,42.6274,69.9839
226820,42.1768,69.1777
227580,42.4478,70.4502
228340,42.6475,68.8574
229104,43.1255,68.5908
229868,42.2461,69.2412
230636,42.4053,71.5562
231408,42.5146,75.7954
232180,42.8477,70.2817
232956,44.1758,70.2153
233736,42.3394,68.7373
234516,42.7148,69.1948
235300,43.3291,69.2515
236088,42.5024,68.9839
236876,43.4951,69.0674
237668,42.5034,68.6187
238464,43.1475,69.6694
239260,42.3379,69.3428
240060,43.3276,69.2563
240864,42.2759,68.8188
241668,43.2734,68.7427
242476,42.5322,69.6978
243288,42.3652,69.5557
244100,42.4639,70.2603
244916,43.2505,69.1704
245736,42.7100,71.4175
246556,42.6602,69.1729
247380,42.5981,79.6978
248208,42.8877,70.0244
249036,42.8779,70.7104
249868,42.9297,69.4785
250704,43.0908,73.5488
251540,42.5732,69.9419
252380,43.0493,69.6641
253224,42.8647,69.6577
254072,42.8672,69.1255
254920,42.8257,69.9360
255772,43.8540,74.2524
256628,42.4531,70.0322
257484,42.9312,69.7715
258344,42.7598,69.7856
259208,43.0068,70.3545
260076,42.2876,69.5229
260944,42.4448,69.9795
261816,43.1631,73.3184
262692,49.2441,70.0835
263568,47.4990,71.3623
264448,47.9561,74.0669
265332,47.7388,71.2690
266220,47.7783,69.9536
267108,48.3364,69.8091
268000,47.6709,69.9185
268896,48.3472,70.5737
269796,47.6304,70.0459
270696,48.0122,69.8101
271600,47.9126,70.5127
272508,47.9819,70.6558
273420,47.3862,76.0986
274332,47.8945,70.4204
275248,47.6182,72.3403
276168,48.1387,70.2451
277092,47.9644,72.4585
278016,47.2119,70.3657
278944,48.7588,70.6758
279876,47.2935,70.7749
280812,48.6934,70.4272
281752,47.6772,71.6782
282692,47.2832,75.7637
283636,47.2563,71.4873
284584,47.7231,70.4077
285536,47.3257,72.1143
286488,47.8730,70.7012
287444,48.1733,70.1274
288404,47.4712,70.4155
289368,51.9985,71.0562
290336,47.5015,71.4443
291304,47.7583,71.6001
292276,47.8105,73.8540
293252,54.4180,71.1792
294232,47.8911,70.8394
295216,47.4814,70.5508
296204,48.5947,71.8716
297192,47.7983,71.6626
298184,57.3140,70.7271
299180,48.0122,72.6919
300180,47.9175,71.4004
301184,47.9106,71.7134
302188,48.1191,70.8770
303196,48.1514,72.4771
304208,47.7397,70.8706
305224,48.5547,71.3721
306244,47.3696,70.6768
307268,48.4106,74.2354
308296,48.1182,72.3140
309324,48.0977,71.4297
310356,48.0156,73.0459
311392,47.5776,71.9800
312432,48.2524,72.2720
313476,47.9585,71.6431
314524,50.1313,73.0859
315576,48.0537,72.8843
316628,47.6094,71.8179
317684,48.0342,73.1792
318744,47.9604,71.9834
319808,47.4126,73.3149
320876,47.5205,72.3149
321948,48.4946,77.5376
323024,48.3721,72.0332
324104,48.4580,72.1934
325188,48.3408,78.8218
326272,48.7163,73.7739
327360,48.3911,74.3662
328452,53.0347,73.1934
329548,51.2764,107.6128
330648,47.9390,73.1133
331752,47.8877,71.9839
332860,48.3086,75.2554
333972,48.6064,72.9165
335088,47.8379,73.3066
336208,48.1890,72.6816
337332,50.8643,75.5439
338460,48.1299,73.2319
339592,47.5757,73.0610
340724,47.9385,74.7397
341860,47.5811,78.0742
343000,48.0181,74.0059
344144,48.1792,72.5645
345292,49.1343,72.4731
346444,47.9204,73.2383
347600,49.6240,72.9819
348760,48.0547,74.4360
349924,48.5229,73.4976
351092,47.6558,73.7344
352264,47.9238,72.9668
353440,48.2534,72.9683
354620,54.9663,73.4458
355804,57.6240,73.6772
356992,48.1465,74.3535
358184,48.2578,73.3447
359380,48.1699,73.6050
360580,47.9243,73.0410
361784,48.0269,73.9858
362992,48.4023,72.9170
364204,48.7168,72.8223
365420,48.3525,73.4785
366640,53.7153,73.4536
367864,48.7744,74.4312
369092,47.8550,73.4502
370324,48.0254,74.2759
371560,48.4468,78.4399
372800,48.3149,73.6768
374044,47.8677,73.8716
375292,50.4771,73.7456
376544,52.8501,73.6338
377800,48.0581,73.7456
379060,47.9541,75.6138
380324,47.6890,73.5859
381592,49.4316,73.9707
382864,48.0723,73.4248
384144,49.5410,73.6035
385428,47.7393,74.5776
386716,48.0410,73.3540
388008,47.7188,75.1782
389304,48.1616,73.5132
390604,47.8320,79.4976
391908,48.3071,74.0864
393216,53.0078,76.9141
394528,47.9487,78.2056
395844,47.4302,73.7935
397164,47.5747,74.4844
398488,47.8608,73.3140
399820,48.6343,73.9844
401156,48.0127,73.7261
402496,49.8896,73.7036
403840,48.1050,73.7939
405188,47.8306,73.1772
406540,47.9404,75.8965
407896,48.0161,74.4604
409256,48.6694,73.9565
410624,53.0005,74.2280
411996,54.9219,79.1787
413372,47.9253,74.6538
414752,47.8750,79.5068
416136,59.3623,74.8960
417524,48.4624,74.4307
418916,49.0073,74.4961
420316,48.3779,76.2471
421720,48.0967,74.0483
423128,48.3140,85.8540
424540,48.6826,74.8228
425956,49.5732,74.7871
427376,48.4961,74.2734
428804,49.7354,74.9844
430236,48.6392,76.4551
431672,48.7583,75.1499
433112,48.4321,75.6689
434556,48.0024,74.2393
436008,49.5322,74.7153
437464,48.3867,74.2705
438924,48.6807,74.4458
440388,48.2598,76.1045
441856,48.2061,74.4502
443332,48.5347,76.3799
444812,48.5215,75.6924
446296,50.3232,75.3267
447784,48.6318,76.1733
449280,49.1030,75.5254
450780,47.9497,80.4351
452284,48.2764,75.0537
453792,49.3501,75.4253
455308,48.1641,75.1895
456828,49.3877,74.8208
458352,49.0127,76.2974
459880,48.2588,75.1157
461416,48.4004,81.1470
462956,48.6919,75.8589
464500,49.8594,75.0938
466052,52.2344,79.5845
467608,48.4463,75.3784
469168,48.7637,76.0845
470732,48.5879,75.6284
472304,49.7983,85.1841
473880,49.7720,74.4424
475460,48.8955,75.1997
477048,54.0557,77.7808
478640,50.1279,76.3828
480236,52.1479,76.7241
481840,49.4810,75.8555
483448,49.3438,75.9614
485060,49.3472,84.0151
486680,50.9570,78.5371
488304,50.0815,76.6704
489932,50.0562,78.1387
491568,50.6743,75.0767
493208,48.5596,94.0903
494856,48.9995,75.8882
496508,50.0522,76.1655
498164,49.6123,76.4937
499828,48.7173,75.6934
501496,49.2998,86.4648
503168,48.7856,75.5371
504848,50.0420,76.0835
506532,48.8003,75.9692
508224,48.5518,75.5967
509920,48.6689,76.7534
511620,48.7305,75.5977
513328,49.5439,76.3896
515040,48.9375,81.4370
516760,48.6782,76.0723
518484,49.1831,84.6733
520216,52.7051,76.1108
521952,52.1274,77.0112
523692,49.6201,77.3452
525440,59.2207,76.3828
527192,56.2158,76.2393
528952,54.4087,77.6992
530716,58.1118,76.1943
532488,53.4858,77.4873
534264,53.6245,76.3608
536048,54.6733,76.0000
537836,53.6157,77.5762
539632,53.6499,77.1187
541432,54.9741,76.3115
543240,53.4409,75.7505
545052,58.5459,76.4644
546872,54.2700,106.7822
548696,87.9067,87.8418
550528,54.6826,77.3447
552364,58.8101,76.7964
554208,53.9854,81.6860
556056,54.2998,76.7427
557912,88.2939,76.9517
559772,55.0742,82.9385
561640,54.2246,77.6235
563516,57.9995,85.3496
565396,58.5249,81.6572
567284,55.3564,77.3994
569176,58.9448,80.4570
571076,55.1694,84.6201
572980,54.5991,76.9390
574892,59.8105,89.1685
576812,56.7363,87.3101
578736,54.8193,77.6602
580668,55.0469,76.8687
582604,55.1436,89.7793
584548,54.8115,76.7671
586500,55.8101,77.1831
588456,56.7490,83.9937
590420,54.3662,78.4321
592392,59.2354,77.0190
594368,54.5801,80.3696
596352,54.3848,77.2349
598340,59.6699,78.1338
600336,54.0640,82.0986
602340,54.0142,78.1411
604348,53.9116,77.9980
606364,54.6245,77.5928
608388,54.1289,77.9204
610416,53.9326,84.1953
612452,54.1606,77.5693
614496,57.6855,78.0796
616548,54.2583,83.2319
618604,54.2866,77.8940
620668,57.0508,77.8784
622740,54.2437,83.1245
624816,53.8213,78.0034
626900,57.4102,77.4175
628992,54.9775,83.8149
631092,53.9956,78.4468
633196,63.5107,78.7578
635308,54.2690,83.0566
637428,54.1787,77.8315
639556,57.6074,77.4561
641688,53.7168,78.8149
643828,54.0830,78.3950
645976,54.4336,81.6963
648132,53.5469,77.9722
650296,54.2632,78.4995
652464,54.7466,96.6313
654640,54.2993,83.3428
656824,54.6362,77.9814
659016,54.8350,83.4429
661216,53.9824,78.2285
663424,54.0894,78.9434
665636,54.0313,81.7041
667856,54.1729,78.2769
670084,60.1445,78.7427
672320,54.0132,83.6250
674564,54.4868,78.8032
676816,58.5649,78.6641
679076,54.6250,81.6729
681340,53.9570,79.6284
683612,72.6270,79.4946
685892,54.2388,84.4790
688180,54.2515,78.3936
690476,59.5879,79.3169
692780,54.0352,79.5415
695092,54.7803,79.3325
697412,66.5552,93.3516
699740,57.3857,81.5879
702076,57.1436,81.0210
704420,57.0674,86.3701
706772,56.3257,80.9810
709128,56.4409,81.1421
711492,58.8716,81.3911
713864,56.4321,79.7422
716244,55.7886,80.4575
718632,56.0688,81.3740
721028,56.8057,81.2954
723432,56.0664,80.7383
725844,58.7012,82.0552
728264,56.3491,80.9717
730692,55.8110,81.4409
733128,68.1929,81.8418
735572,57.0962,84.0015
738024,56.3828,81.4341
740488,55.5928,81.4980
742960,54.7881,80.2017
745440,55.0161,81.1328
747928,54.7012,80.7974
750424,55.1055,80.3398
752928,54.6909,80.5513
755440,54.5991,80.3472
757960,54.8521,80.3486
760488,54.5605,83.4800
763024,65.2373,82.1719
765568,54.8027,81.5806
768120,55.7173,81.0674
770684,55.0166,92.1060
773256,57.0732,82.8457
775836,55.3857,81.5342
778424,55.4463,81.4600
781020,55.0269,81.5146
783624,54.5142,81.1626
786240,57.0815,82.6816
788864,74.8906,80.9980
791496,54.8989,81.4731
794136,54.9180,80.9609
796784,55.7495,81.6621
799440,54.9561,81.8320
802108,54.8672,81.6416
804784,55.6772,81.6553
807468,54.7632,88.2466
810160,61.2935,85.8296
812864,55.5415,81.7549
815576,56.4282,82.6191
818296,62.0454,82.6875
821024,54.6675,82.2275
823764,56.1602,85.3916
826512,55.6519,82.2012
829268,55.1113,82.2744
832036,55.5356,82.2764
834812,54.8369,82.8452
837596,55.8867,83.0771
840388,55.8804,82.6021
843192,55.4448,82.6494
846004,55.3096,82.1748
848828,55.9419,83.2324
851660,58.1563,92.2632
854500,55.5918,83.1245
857352,59.5728,83.0581
860212,55.7251,83.1504
863080,55.4648,83.4956
865960,55.8066,82.6943
868848,55.8892,83.2036
871748,55.9683,83.3403
874656,56.2173,83.8867
877572,55.4961,83.8252
880500,55.5356,83.1758
883436,55.1880,83.3477
886384,55.5098,82.9556
889340,55.8315,88.0859
892308,55.1948,82.6138
895284,56.3657,82.9653
898272,55.9683,83.2427
901268,55.4800,84.0059
904276,56.6309,83.6353
907292,55.3145,83.7368
910320,55.3130,83.6226
913356,55.4629,83.9888
916404,55.3291,83.6216
919460,55.6958,84.1074
922528,56.2397,83.5537
925604,62.9707,84.2124
928692,56.1016,83.6543
931788,55.8315,84.1299
934896,58.0024,84.5630
938016,55.6387,85.3594
941144,55.4502,83.3516
944284,55.6099,83.6250
947432,55.8257,84.4814
950592,55.1841,83.3398
953764,55.7388,90.8315
956944,56.1323,84.6968
960136,55.9199,88.1123
963340,56.9277,85.0903
966552,55.5142,84.2114
969776,56.3564,84.1626
973012,55.4209,84.3604
976256,55.8394,85.0859
979512,56.4463,84.5513
982780,72.9067,89.1377
986056,55.5728,84.7051
989344,56.1421,84.3823
992644,56.0264,84.5127
995956,55.7539,89.9668
999276,55.8311,84.3662
1002608,55.5186,84.7393
1005952,56.5576,85.0703
1009308,56.1558,84.6855
1012676,55.6846,85.1006
1016052,55.9619,85.2373
1019440,56.3711,85.8223
1022840,56.5435,87.8892
1026252,57.7744,85.9014
1029676,90.0215,119.5195
1033112,57.3691,91.3921
1036556,56.6763,96.0552
1040012,56.8735,92.0356
1043480,57.0264,87.3652
1046960,57.5820,86.5366
1050452,64.2617,114.8804
1053956,63.0493,94.2734
1057472,62.7002,86.8076
1061000,68.6978,86.6240
1064540,61.9829,91.3765
1068092,77.9136,85.6758
1071656,63.9106,92.7705
1075232,61.1450,94.4966
1078820,62.2549,85.5972
1082420,62.6606,85.4580
1086032,64.7988,84.5259
1089656,61.0747,92.2080
1093292,61.4229,88.5122
1096940,66.0308,85.5601
1100600,60.7495,85.4565
1104272,62.0669,90.6260
1107956,61.0889,85.7827
1111652,66.9629,85.5298
1115360,62.0449,86.6665
1119080,61.3984,96.5688
1122812,61.7163,94.2295
1126556,61.4243,85.0947
1130312,68.1377,86.2998
1134080,61.5479,90.2002
1137864,61.2563,85.1226
1141660,60.9663,85.1040
1145468,61.4150,97.7217
1149288,61.4756,91.7334
1153120,61.9941,85.9243
1156964,67.6323,86.2495
1160824,67.6543,87.1411
1164696,61.2593,90.8184
1168580,61.3281,85.8530
1172476,67.9492,85.9072
1176388,60.6641,97.3706
1180312,61.0967,92.3906
1184248,61.5688,85.2559
1188196,61.2246,86.5103
1192160,67.8525,85.4277
1196136,62.1587,108.1455
1200124,61.8086,91.7241
1204128,61.5063,86.0522
1208144,65.5479,86.5015
1212172,61.3433,92.4243
1216216,61.4819,112.1758
1220272,90.7534,94.5347
1224340,68.9824,92.3076
1228424,65.0122,87.4258
1232520,67.7510,87.2544
1236632,61.6021,87.7568
1240756,61.7827,87.1606
1244892,61.9785,86.4316
1249044,72.6890,86.7793
1253208,61.6357,87.0088
1257388,62.1978,98.1499
1261580,61.5537,87.4692
1265788,63.0698,90.6245
1270008,65.4458,88.4834
1274244,62.9419,93.8413
1278492,61.9385,92.4175
1282756,61.6470,87.3418
1287032,69.8262,86.7173
1291324,62.2959,93.3828
1295632,60.9424,92.4224
1299952,61.5859,86.8096
1304288,66.4712,86.7607
1308636,61.9990,88.0103
1313000,61.6782,91.7910
1317380,61.7148,87.1743
1321772,61.4790,87.6938
1326180,67.6489,88.6626
1330604,61.3257,93.9150
1335040,67.7852,94.8701
1339492,61.3882,88.2222
1343960,96.4517,94.8384
1348440,66.0967,88.3179
1352936,61.6772,88.1006
1357448,61.3809,115.6309
1361976,62.3291,87.6582
1366516,62.5845,88.1006
1371072,68.6777,87.6680
1375644,61.9595,95.2837
1380232,62.0674,94.2749
1384836,65.4692,89.0654
1389456,68.6973,88.8281
1394088,63.0752,89.6670
1398736,63.3188,95.7036
1403400,62.7119,93.7397
1408080,65.2427,89.1074
1412776,67.1006,88.5713
1417488,61.7446,94.6206
1422216,62.3032,94.2275
1426960,61.6304,88.8403
1431720,62.4980,89.6006
1436496,70.7363,89.6191
1441288,61.9546,113.7188
1446096,63.8877,89.8481
1450920,68.7705,90.0005
1455760,62.0913,88.8320
1460616,61.8462,89.0913
1465488,75.7085,93.0645
1470376,65.2842,91.9111
1475280,61.9126,89.5815
1480200,69.2090,90.3345
1485136,67.7153,90.5024
1490088,62.2583,94.7134
1495056,62.5820,91.4189
1500040,68.2891,90.7622
1505044,63.2617,90.6079
1510064,63.1113,90.5308
1515100,62.1597,89.7231
1520152,63.0566,90.6646
1525220,72.2793,94.8335
1530308,69.6089,91.1538
1535412,62.7344,94.3604
1540532,85.7544,90.6885
1545668,62.3857,90.4614
1550824,62.8311,97.6958
1555996,62.1924,90.6353
1561184,63.8647,91.0088
1566388,66.7520,91.6631
1571612,63.2300,98.3857
1576852,62.7422,90.8232
1582112,62.4590,91.1528
1587388,65.4058,91.1577
1592680,62.2529,91.3633
1597992,62.7583,91.1299
1603320,61.8442,90.1133
1608668,62.6069,89.7651
1614032,62.1768,103.9653
1619416,70.7124,91.1802
1624816,64.6123,89.8164
1630236,65.2686,90.8540
1635672,63.1494,91.1533
1641128,71.7515,111.1919
1646600,71.4634,92.8501
1652092,63.7866,101.0791
1657600,63.6143,98.5137
1663128,62.6768,95.5415
1668672,62.0728,89.9731
1674236,68.1548,90.9814
1679820,63.8936,100.5669
1685420,63.7256,109.5762
1691040,63.7900,91.0049
1696680,62.1753,105.2139
1702336,70.2896,90.9663
1708012,63.6982,91.6782
1713708,70.9321,91.6353
1719424,69.1064,91.8101
1725156,63.2876,91.6255
1730908,63.1128,159.5454
1736680,63.5303,98.6138
1742472,62.8013,91.6855
1748284,71.6484,96.7935
1754112,63.7354,110.8042
1759960,80.2114,92.1416
1765828,69.3936,94.4814
1771716,62.8999,98.4072
1777624,62.5859,98.4858
1783552,63.5747,96.4478
1789500,63.0913,93.3315
1795468,70.2549,93.3286
1801456,67.8955,92.8193
1807464,62.9761,94.2861
1813492,62.9189,99.8975
1819540,62.9985,100.4126
1825608,63.2598,92.5830
1831696,62.7725,92.3887
1837804,68.0054,92.5596
1843932,67.1689,92.5703
1850080,62.8027,101.5361
1856248,62.8247,93.1602
1862436,63.0933,104.3833
1868648,63.1196,93.1943
1874880,63.9302,93.5952
1881132,68.3164,93.7744
1887404,74.1045,111.5171
1893696,69.9644,95.7119
1900012,62.2207,94.6802
1906348,64.1084,101.5806
1912704,63.2729,98.8320
1919080,62.7490,93.4009
1925480,63.2705,92.6924
1931900,67.3662,93.8477
1938340,69.9487,94.6890
1944804,62.8770,94.3652
1951288,63.4614,122.7744
1957796,66.9775,101.7964
1964324,64.2598,109.2261
1970872,64.1240,100.1650
1977444,64.8623,101.5830
1984036,63.8955,94.1626
1990652,63.6685,95.1021
1997288,73.2778,95.5430
2003948,64.3003,93.9751
2010628,64.1069,95.2627
2017332,63.5942,101.2725
2024060,63.9922,95.5820
2030808,63.8491,105.9199
2037580,67.0264,95.4897
2044372,63.9141,95.4023
2051188,68.6509,94.1694
2058028,68.9146,94.5815
2064892,72.3042,98.7026
2071776,63.6660,94.8921
2078684,64.2817,102.1782
2085616,64.2876,101.7451
2092572,64.7661,103.4873
2099548,73.2783,102.3774
2106548,70.7681,96.2217
2113572,91.3081,119.9551
2120620,69.6455,100.4141
2127692,70.6074,95.1680
2134788,78.3887,95.7139
2141904,70.5303,96.1963
2149044,78.1846,95.9678
2156208,71.2568,96.6372
2163396,82.3984,95.6431
2170608,93.8477,96.7070
2177844,77.0703,98.7710
2185104,98.0840,118.4917
2192388,82.3291,97.7041
2199696,75.3105,97.0361
2207032,77.5015,96.3188
2214392,75.0444,96.7769
2221776,71.1733,97.2378
2229184,71.0225,97.6797
2236616,70.5669,103.7500
2244072,70.8018,103.3638
2251556,70.3105,105.6333
2259064,71.0962,104.6895
2266596,71.6738,102.2983
2274152,70.8037,108.8110
2281736,71.1753,111.1504
2289344,72.0063,102.8696
2296976,70.3818,105.4097
2304636,70.7544,98.5020
2312320,71.7002,97.9004
2320028,70.9321,98.0557
2327764,77.3975,97.9941
2335524,81.0054,97.5913
2343312,92.0513,97.6914
2351124,80.2813,99.0259
2358964,77.5112,99.3394
2366828,77.2080,98.9883
2374720,75.2856,98.8120
2382636,78.1973,98.6353
2390580,75.6807,98.9180
2398552,85.0161,131.0498
2406548,75.2339,118.4800
2414572,93.6880,116.4375
2422624,73.8501,104.2163
2430700,72.7104,110.8916
2438804,72.9902,104.4707
2446936,73.1826,108.8550
2455096,72.2407,98.4639
2463280,71.3403,113.1631
2471492,71.8696,103.7725
2479732,74.1455,121.4780
2488000,71.4980,117.0034
2496296,72.3804,108.2363
2504620,71.3701,99.3110
2512972,71.5195,100.2813
2521352,71.1250,100.5859
2529760,70.7266,100.4038
2538196,75.8540,100.2334
2546660,78.0425,100.8960
2555152,75.7007,100.8965
2563672,78.4424,100.4238
2572220,81.0195,101.4414
2580796,80.7798,100.6167
2589400,71.9268,99.4243
2598032,71.7383,99.9375
2606696,70.9565,100.1094
2615388,71.1069,100.8394
2624108,71.6528,111.7500
2632856,70.0889,123.7954
2641636,71.6343,108.4204
2650444,88.7891,112.6914
2659280,71.8940,102.1069
2668148,70.9453,101.0161
2677044,77.9448,100.7939
2685968,77.4014,100.8193
2694924,77.7563,100.5220
2703908,75.0483,101.3320
2712924,72.6694,101.5708
2721968,72.4312,102.5776
2731044,100.2266,108.7344
2740148,72.0225,113.1177
2749284,71.6206,101.1250
2758452,76.8403,101.8403
2767648,78.6621,102.8276
2776876,72.9468,102.5322
2786136,73.0596,103.2090
2795424,88.5205,104.0962
2804744,73.1548,106.0732
2814096,92.8257,120.7539
2823480,73.3340,113.7363
2832892,72.5742,102.9810
2842336,70.8765,101.3145
2851812,76.8208,101.8804
2861320,78.1191,102.5864
2870860,78.6006,104.8037
2880432,78.4502,103.1519
2890036,73.8467,112.3838
2899672,71.6987,107.9331
2909340,73.0977,111.4854
2919040,72.4385,102.0083
2928772,73.5405,105.3188
2938536,80.3887,104.2813
2948332,80.5366,103.0952
2958160,72.8379,103.6665
2968024,85.5532,104.5889
2977920,72.7710,124.8047
2987848,89.7861,140.0576
2997808,79.5332,104.1738
3007804,78.5444,103.6157
3017832,81.0991,102.8169
3027892,72.5059,102.7446
3037988,72.4976,108.8672
3048116,72.6636,111.0400
3058280,83.4077,112.5103
3068476,89.9692,114.7295
3078708,73.6851,103.3105
3088972,79.0298,102.3564
3099272,72.0381,112.3770
3109604,72.2402,108.8066
3119972,72.7773,111.0210
3130372,73.5933,104.7656
3140808,74.9980,118.6172
3151280,73.8208,114.7192
3161788,80.2480,104.7402
3172328,72.5254,103.5454
3182904,73.0903,108.6411
3193516,72.4883,110.4248
3204164,72.9521,136.7197
3214848,82.2910,107.8599
3225568,80.4858,105.8877
3236320,73.3560,107.5742
3247108,77.2324,112.6455
3257932,75.0278,112.9980
3268792,73.5010,105.8916
3279688,73.3149,104.2583
3290624,78.0601,104.3584
3301596,78.8999,105.8042
3312604,72.8413,105.9346
3323648,73.5918,126.8037
3334728,75.4497,124.4702
3345844,79.8413,107.1167
3357000,83.9976,107.5039
3368192,73.5181,105.1343
3379420,72.7485,109.5742
3390688,73.9507,118.4092
3401992,73.2896,105.9663
3413332,73.8228,107.3374
3424712,79.7212,158.2349
3436128,75.2407,109.8081
3447584,74.8379,107.5439
3459076,74.7891,109.2793
3470608,74.4536,114.9609
3482180,75.4878,105.9580
3493788,76.1367,110.5269
3505436,74.8789,107.5518
3517124,75.0576,112.6694
3528848,101.7197,107.4766
3540612,74.7212,107.3521
3552416,75.0249,106.7246
3564260,76.3931,117.6968
3576144,73.7700,106.4917
3588068,74.1821,106.3281
3600032,112.7793,114.8452
3612036,76.0503,107.7236
3624080,137.6719,111.3750
3636164,73.7002,107.1802
3648288,72.9868,115.5088
3660452,73.8965,107.0474
3672656,73.7544,107.6309
3684900,73.1880,108.5557
3697184,73.5840,108.1646
3709508,108.0742,117.7012
3721876,75.0176,110.3384
3734284,73.2461,115.7700
3746732,73.4453,107.4136
3759224,74.0903,109.5732
3771756,73.9585,107.9673
3784332,73.9556,109.4819
3796948,74.2251,123.4321
3809608,89.1606,112.6094
3822308,103.7153,113.2939
3835052,76.2056,121.1118
3847836,80.4438,110.6187
3860664,75.7568,116.5649
3873536,75.5532,109.5137
3886448,75.0454,110.5332
3899404,76.5459,111.8564
3912404,101.7617,173.3618
3925448,79.7373,112.2314
3938536,76.1606,119.5864
3951668,75.7100,121.0303
3964844,75.4302,110.4453
3978064,78.0806,111.5771
3991328,77.1753,131.2568
4004636,76.6782,177.5269
4017988,158.2510,115.7485
4031384,78.4150,110.9053
4044824,75.2070,113.9976
4058308,86.2861,112.4541
4071836,76.3257,111.2808
4085412,76.6255,112.1572
4099032,76.9858,132.1025
4112696,91.4609,114.6743
4126408,76.9917,109.3022
4140164,75.1411,110.6001
4153968,74.9341,111.4902
4167816,74.4028,110.9629
4181712,77.6118,113.6348
4195652,88.4795,120.2559
4209640,106.1372,126.3677
4223676,82.8037,114.2241
4237756,84.5415,112.7031
4251884,81.8237,109.4810
4266060,84.7144,116.3584
4280284,82.5703,112.3970
4294552,84.4189,117.3408
4308868,86.1533,124.9888
4323232,84.8159,114.9307
4337644,83.4785,112.6636
4352104,88.1216,113.4653
4366612,82.9424,113.5781
4381168,83.5547,111.5615
4395772,88.1797,114.5024
4410428,85.2266,117.9478
4425132,123.3301,120.0640
4439884,85.1841,113.1182
4454684,84.8892,110.5229
4469536,86.8784,122.5811
4484436,92.1582,113.7339
4499388,85.0771,114.0293
4514388,92.5664,114.4775
4529436,95.3872,117.7920
4544536,87.5254,116.1582
4559688,84.3911,118.0835
4574888,83.3418,113.3179
4590140,86.6577,126.6514
4605444,82.7905,116.4155
4620796,83.5205,117.1611
4636200,110.2236,141.9785
4651656,84.7598,115.3716
4667164,84.6367,110.8472
4682724,82.9385,114.7188
4698336,82.7349,117.9243
4714000,84.7764,116.7056
4729716,83.1948,118.6182
4745484,85.2095,117.1646
4761304,85.9868,114.4063
4777176,84.2544,119.4902
4793100,90.7930,115.3931
4809080,83.5615,115.1836
4825112,83.8384,114.0576
4841196,97.6157,118.3560
4857336,93.5146,121.3340
4873528,87.9385,115.7388
4889776,83.7212,116.5825
4906076,84.5654,116.2466
4922432,85.2627,116.4336
4938844,84.0366,115.6069
4955308,96.6919,129.1060
4971828,84.6104,165.9814
4988404,116.4487,116.2051
5005036,86.4917,113.4878
5021720,89.0122,114.6201
5038460,84.6226,115.1943
5055256,83.1172,115.5801
5072108,92.2549,127.9829
5089016,129.4736,119.7046
5105980,83.3511,115.9575
5123000,83.7202,114.6367
5140080,98.7554,118.3193
5157216,89.8901,122.6655
5174408,88.9351,118.8970
5191660,84.5649,117.3594
5208968,129.7666,120.6113
5226332,84.4185,116.1479
5243756,85.6494,120.2217
5261236,83.4844,116.2773
5278776,83.9277,118.2627
5296372,84.3262,116.6074
5314028,86.2637,168.8784
5331744,85.0620,116.4375
5349520,83.4336,118.7251
5367352,83.6313,114.8853
5385244,83.2798,124.9863
5403196,184.3828,159.4502
5421208,165.8828,120.6563
5439280,83.2861,115.2046
5457412,98.3877,116.1748
5475604,88.1084,118.2744
5493860,83.8472,116.4453
5512176,91.4663,120.7002
5530552,94.8652,120.2334
5548988,87.9990,119.2104
5567488,92.8179,116.1377
5586048,88.9233,118.9312
5604672,86.3281,125.8281
5623356,86.9229,119.3657
5642104,91.3726,147.5601
5660912,91.5176,128.1777
5679784,87.9619,119.2119
5698720,86.7397,116.6719
5717716,83.6929,117.7617
5736776,84.0928,118.6626
5755900,86.7412,120.0898
5775088,84.5430,135.0332
5794340,87.9595,116.4067
5813656,84.9629,121.0190
5833036,87.4087,117.6147
5852480,86.6172,117.8120
5871992,91.2500,126.9639
5891568,99.8926,138.1904
5911208,88.7603,140.4888
5930916,86.7720,118.4233
5950688,86.5273,118.7905
5970524,87.2314,124.1323
5990428,86.3892,119.9683
6010400,86.9209,122.1411
6030436,86.0366,149.4434
6050540,150.9434,119.2842
6070712,85.0220,143.9482
6090948,92.4814,127.8730
6111252,85.0103,122.0020
6131624,92.2925,119.6528
6152064,92.8247,132.8638
6172572,86.7549,120.3813
6193148,86.2100,131.4570
6213792,87.7480,118.0566
6234508,83.9614,120.0923
6255292,85.9658,120.1934
6276144,86.8608,127.1001
6297068,91.3711,155.0493
6318060,87.2241,120.7036
6339124,85.5562,119.5620
6360256,84.2563,117.2642
6381460,86.3169,118.9067
6402732,84.4346,122.6602
6424076,118.1860,127.5981
6445492,89.2573,120.6938
6466980,86.6904,145.3433
6488540,90.4375,119.6816
6510172,136.5420,120.0664
6531876,85.5688,128.8008
6553652,103.4312,163.9370
6575500,90.4419,121.2471
6597420,89.4268,141.7109
6619412,98.1133,131.6055
6641480,124.6719,120.7173
6663620,87.0625,123.9976
6685836,88.5376,176.8003
6708124,88.4927,122.0396
6730488,95.7813,150.3042
6752924,89.1162,130.7222
6775436,96.4590,129.7100
6798024,86.6641,123.6724
6820688,88.4653,134.3301
6843424,94.5156,122.7813
6866236,86.3818,121.6499
6889124,95.8540,126.3384
6912088,87.2676,122.6230
6935132,90.0210,130.6025
6958252,113.6987,177.0527
6981448,88.3618,133.4453
7004720,88.7744,120.1206
7028072,93.4404,125.4209
7051500,85.5889,120.1567
7075008,87.8687,143.0449
7098592,117.4634,132.7407
7122256,104.8999,121.1421
7146000,87.2773,124.4419
7169820,95.7402,124.8457
7193720,87.8125,121.9263
7217700,87.6104,143.3496
7241760,91.2817,123.0649
7265900,85.3726,121.1763
7290120,85.9570,141.1938
7314424,85.0444,123.1821
7338808,85.7007,121.6719
7363272,83.5664,123.2500
7387820,89.3193,124.7305
7412448,86.4136,120.9409
7437160,90.0010,121.5244
7461952,86.5942,125.3950
7486828,87.0259,123.3472
7511788,86.5645,134.4087
7536828,92.4575,126.9941
7561952,87.1895,124.6406
7587160,86.4639,124.4082
7612452,87.0244,122.5537
7637828,87.4180,122.3315
7663288,101.6953,141.5166
7688836,108.2456,136.7705
7714468,88.7720,122.3218
7740184,109.6294,123.8403
7765988,88.4409,123.4043
7791876,88.3091,125.6904
7817852,90.6489,139.1104
7843912,91.0693,123.0513
7870060,87.0581,123.1021
7896296,88.6294,124.4443
7922620,91.4570,127.2256
7949032,87.9409,128.9473
7975532,92.3901,134.7754
8002120,91.6177,125.5776
8028796,88.5977,123.8076
8055560,89.0254,128.6890
8082412,88.4053,128.7114
8109356,167.3350,182.3696
8136388,92.7041,137.6426
8163512,89.6084,125.7866
8190724,88.3994,131.1582
8218028,90.0522,137.0620
8245424,109.0181,129.9272
8272912,89.2612,130.7695
8300492,88.9580,128.0615
8328164,87.4282,125.1157
8355928,99.9390,145.2607
8383784,117.8804,138.5737
8411732,100.8989,126.9438
8439772,99.8115,133.1709
8467908,108.1348,136.5283
8496136,101.2080,130.3306
8524460,112.9521,184.7544
8552876,103.0381,126.6733
8581388,100.0293,129.1714
8609996,112.7593,127.4316
8638696,101.3608,134.7900
8667492,119.3545,133.1567
8696384,102.1470,126.2158
8725372,99.4810,137.9277
8754460,100.2788,131.3643
8783644,103.6123,132.4199
8812924,109.5474,135.2744
8842304,100.8726,142.0640
8871780,100.6548,127.9956
8901356,100.0688,131.2397
8931028,101.2080,149.6396
8960800,134.3613,145.7163
8990672,102.3174,131.0186
9020644,104.2197,149.0542
9050716,100.8770,131.6606
9080888,102.1333,140.8232
9111160,135.4927,131.4155
9141532,100.3066,129.7461
9172004,104.5771,130.0972
9202580,100.2056,139.9922
9233256,109.0874,156.8286
9264036,104.9121,129.4214
9294920,99.1602,128.9082
9325904,100.9502,139.0576
9356992,100.5918,134.3071
9388184,134.8965,146.4214
9419480,111.9751,136.0439
9450880,101.2168,142.6455
9482384,101.3867,131.6919
9513992,104.7910,141.8193
9545708,118.2534,149.2568
9577528,103.3545,138.2207
9609456,102.6084,134.7256
9641488,102.4663,138.5562
9673628,108.6709,155.5923
9705876,178.1982,137.4629
9738232,105.3989,139.9014
9770696,106.5132,133.3003
9803268,106.2925,137.9453
9835948,138.5859,165.1226
9868736,104.8423,134.7417
9901632,101.4741,167.5205
9934640,104.6387,139.5015
9967756,109.1074,149.1577
10000984,123.6011,141.9741
10034324,104.3428,134.7744
10067772,112.6851,136.1133
10101332,106.7266,143.1650
10135004,120.2036,152.2378
10168788,105.1152,137.1450
10202684,101.0908,132.9321
10236696,100.7529,137.1626
10270820,112.3560,167.1201
10305060,124.7993,142.1367
10339412,111.2271,136.6318
10373880,126.5000,140.2031
10408460,106.7661,157.5322
10443156,125.2842,137.8184
10477968,103.2407,138.3120
10512896,104.7905,134.1152
10547940,104.6484,148.0645
10583100,160.7510,146.4014
10618380,105.8960,139.1934
10653776,104.2778,141.1929
10689292,108.0781,145.9795
10724924,130.8853,155.3091
10760676,114.9600,160.7554
10796548,106.1123,155.8462
10832540,105.5093,140.4902
10868652,124.9673,167.0029
10904884,109.1343,141.3125
10941236,112.2739,137.0498
10977708,107.8018,141.3452
11014304,131.5200,182.1982
11051020,109.5112,143.1899
11087860,108.1211,137.6060
11124820,105.0664,143.0991
11161904,124.1553,201.6235
11199112,113.8604,135.3755
11236444,112.5742,143.1699
11273900,112.9775,145.5269
11311480,124.2104,159.9746
11349188,125.6245,135.8799
11387020,104.8784,135.8809
11424980,110.2100,140.6841
11463064,129.7017,155.8525
11501276,110.8765,137.1489
11539616,102.9053,135.3896
11578084,104.0532,145.3105
11616680,141.2769,155.2490
11655404,105.3755,136.8511
11694256,108.4839,138.1465
11733240,105.3408,168.6641
11772352,146.1646,203.3403
11811596,113.1885,139.2778
11850968,110.7446,137.0142
11890472,110.1436,147.4219
11930108,137.1680,151.4717
11969876,112.5835,137.5049
12009776,107.5039,145.2300
12049812,112.3569,149.2808
12089980,135.2212,143.0249
12130280,112.5654,138.7344
12170716,227.4717,261.9272
12211288,126.2729,141.5801
12251996,105.8672,138.5898
12292836,107.1084,178.9648
12333816,138.3755,140.5488
12374932,104.4849,142.6499
12416184,105.9321,142.3071
12457572,110.9873,155.5371
12499100,120.6045,141.1230
12540764,103.4116,138.3335
12582568,117.7769,151.2856
12624512,119.9004,185.2432
12666596,128.4292,140.7393
12708820,107.0293,139.1372
12751184,108.8843,144.5405
12793688,152.5771,156.4399
12836336,108.8779,149.9063
12879124,107.4814,141.3594
12922056,109.6924,171.4580
12965132,189.5762,151.7998
13008352,106.7798,151.9736
13051716,110.5220,149.9780
13095224,109.9941,175.9355
13138876,193.1299,146.6084
13182676,116.8486,164.8784
13226620,114.1172,148.1558
13270712,132.0400,197.5522
13314948,111.2002,143.3760
13359332,110.2559,150.7598
13403864,118.5229,443.4131
13448544,730.2031,644.9248
13493376,529.9985,293.7183
13538356,180.4204,216.4355
13583484,182.3086,148.8511
13628764,110.9170,142.2744
13674196,111.9785,169.1104
13719780,183.8564,150.0645
13765516,113.9575,169.4932
13811404,118.6548,156.5283
13857444,148.2744,159.9663
13903636,113.5693,155.3301
13949984,113.7837,156.6265
13996484,134.5825,252.1284
14043140,122.4858,144.3120
14089952,107.3735,143.5542
14136920,137.9180,202.6606
14184044,168.8052,150.6021
14231328,110.3301,145.9976
14278768,126.4648,306.1318
14326364,132.3687,146.8823
14374120,112.5513,160.0737
14422036,125.9727,199.3833
14470112,157.7456,149.1719
14518348,106.0698,153.9922
14566744,115.2349,190.5542
14615300,156.4565,149.9043
14664020,107.0298,144.8662
14712904,113.4302,176.6030
14761948,234.1553,166.5747
14811156,116.0161,157.4194
14860528,116.3228,198.5254
14910064,279.3389,152.3843
14959768,113.0166,152.2280
15009636,116.6636,192.4829
15059672,173.1768,150.4521
15109872,110.1592,177.9048
15160240,120.1196,201.5029
15210776,159.8613,178.0298
15261480,110.6724,150.9468
15312352,122.7026,271.9072
15363396,145.5586,159.8208
15414608,111.9619,155.3408
15465992,165.0132,216.1782
15517548,118.4697,155.2104
15569276,115.8701,155.3091
15621176,184.3677,268.0698
15673248,126.5503,160.6943
15725496,117.6089,190.3052
15777916,189.1387,151.8267
15830512,111.2246,164.2256
15883284,167.2510,239.4058
15936232,128.6880,149.3081
15989356,113.4189,182.9722
16042656,207.1206,185.0688
16096132,123.4775,158.0723
16149788,133.4561,205.1304
16203624,242.5713,193.6182
16257640,120.7983,167.4526
16311836,187.2900,198.8916
16366212,123.9932,167.8682
16420768,127.8315,210.6626
16475504,226.0010,164.9580
16530424,118.9878,169.8472
16585528,153.3726,203.0518
16640816,133.8003,161.7178
16696288,118.2070,185.4980
16751944,191.2754,236.1279
16807784,154.9053,165.6914
16863812,205.8354,263.2065
16920028,179.7476,173.5537
16976432,140.1851,264.3809
17033024,185.1509,159.4077
17089804,142.9849,169.9829
17146772,161.0586,216.3213
17203928,149.9966,153.0542
17261276,127.8462,232.5264
17318816,216.4170,178.0806
17376548,128.9561,162.2070
17434472,169.8076,212.2715
17492588,136.5137,166.5903
17550900,140.7114,178.6875
17609404,214.7847,171.0854
17668104,125.4482,169.4424
17727000,140.2627,241.5669
17786092,165.8486,173.0083
17845380,125.5103,175.4873
17904868,204.1489,178.3984
17964552,133.6377,154.4546
18024436,144.2227,207.8354
18084520,175.9771,177.2227
18144804,131.7056,165.9497
18205288,211.9844,203.8784
18265976,272.6416,188.0498
18326864,130.5405,199.0928
18387956,249.6719,195.4526
18449252,134.9839,170.8374
18510752,180.7944,222.9873
18572456,145.5605,158.2598
18634368,150.0195,271.9429
18696484,164.7275,175.3789
18758808,137.8765,187.6001
18821340,204.7119,164.4194
18884080,139.0850,170.8975
18947028,268.1631,184.2300
19010188,134.0547,165.0269
19073556,205.1108,222.8008
19137136,161.2783,162.8848
19200928,224.1465,245.1294
19264932,152.4468,162.0005
19329152,173.3018,324.1416
19393584,157.0996,185.1899
19458232,152.3223,267.0078
19523096,169.7671,164.2100
19588176,148.1631,199.7192
19653472,205.9229,212.2295
19718984,252.5435,360.8618
19784716,258.8218,334.1421
19850668,260.3281,348.6128
19916840,269.1514,334.2402
19983232,178.0005,182.4468
20049844,177.7764,228.1313
20116680,163.3828,177.3384
20183736,270.6807,190.0889
20251016,175.5928,214.1284
20318520,292.3066,249.2568
20386252,379.4316,250.5977
20454208,291.0483,201.1382
20522392,164.4658,225.4824
20590800,178.0049,179.8115
20659436,136.9912,258.9531
20728304,169.1196,196.2749
20797400,197.0410,249.1396
20866728,149.8203,195.0835
20936284,249.5850,216.7891
21006072,151.8486,224.9629
21076096,183.8413,174.9805
21146352,154.7861,270.9941
21216840,177.4448,180.5757
21287564,182.4751,267.5786
21358524,157.5264,197.1548
21429720,445.3750,196.9854
21501156,150.0542,208.0464
21572828,239.9102,198.4595
21644740,159.0034,255.9473
21716892,192.9766,188.4873
21789284,268.2559,210.1382
21861916,146.6753,232.3491
21934792,211.6958,195.8096
22007908,172.3813,275.8335
22081268,187.3223,197.3130
22154876,269.3032,202.7671
22228728,153.0205,235.4766
22302824,186.7817,184.7158
22377168,193.8589,272.4272
22451760,250.2422,232.9053
22526600,219.8281,204.0366
22601692,267.1758,210.7603
22677032,160.2744,284.2798
22752624,190.4893,240.4980
22828468,287.1890,240.2422
22904564,270.3428,202.0400
22980916,174.0659,332.9995
23057520,242.6792,342.8066
23134380,212.5991,313.0264
23211496,221.1377,219.4902
23288868,227.4390,313.0615
23366500,289.7559,269.4355
23444392,347.2832,222.0029
23522540,306.9160,216.2329
23600952,191.4502,256.8457
23679624,180.6201,257.6001
23758560,195.8076,201.9819
23837756,300.5889,227.0273
23917216,164.4746,279.0781
23996944,189.7476,225.1440
24076936,255.2607,199.7803
24157196,257.2554,255.8066
24237720,201.0181,336.9443
24318516,223.9399,266.7866
24399580,215.2729,284.4634
24480912,189.0762,272.5371
24562516,235.8564,221.9976
24644392,241.6509,208.4536
24726540,279.5830,238.4487
24808964,232.4619,238.9951
24891664,179.1367,272.0464
24974640,190.7993,308.8193
25057892,224.5073,207.7739
25141420,228.6279,206.9219
25225228,310.7666,212.1294
25309316,247.5054,229.3008
25393684,235.3394,238.8809
25478332,200.5615,284.6895
25563260,281.3643,258.1392
25648472,197.9668,334.0000
25733968,201.4561,433.8472
25819748,226.0645,304.9263
25905816,231.9829,325.2495
25992172,214.4033,263.4717
26078816,208.0063,234.2393
26165748,249.1304,245.7090
26252968,236.9463,210.1768
26340480,375.8652,216.0313
26428284,350.4268,221.9028
26516380,306.2891,224.6250
26604768,338.4668,223.2012
26693452,418.8193,275.1318
26782432,236.2729,261.5737
26871708,233.7852,290.5210
26961284,227.1895,421.1714
27051156,238.0107,272.4951
27141328,240.5654,278.5771
27231800,286.1558,251.7764
27322576,426.2310,264.1055
27413652,240.5854,259.4897
27505032,224.6426,232.3799
27596716,228.9878,230.9712
27688708,233.5508,235.1284
27781004,234.8535,221.4902
27873608,225.3071,232.8555
27966524,240.2539,266.2813
28059748,222.0547,278.8027
28153284,219.3579,299.0571
28247132,271.3872,380.0620
28341292,351.2642,315.4790
28435764,413.3726,414.8892
28530552,271.1250,286.0801
28625656,265.4126,263.3672
28721076,315.4448,248.9194
28816816,266.5308,230.3159
28912876,283.9419,346.3960
29009256,408.4971,287.4092
29105956,246.5615,291.7563
29202976,226.0181,283.5000
29300320,222.0195,280.4722
29397988,202.2397,318.9028
29495984,254.7695,298.9194
29594304,289.9263,271.6665
29692952,334.1460,276.8218
29791932,221.7690,304.2891
29891240,210.5059,328.1909
29990880,212.4458,319.6431
30090852,234.7261,275.5850
30191156,386.9272,269.1401
30291796,280.8721,251.4922
30392772,228.1450,280.5439
30494084,224.9502,362.8472
30595732,213.8892,304.3721
30697720,237.5957,281.0605
30800048,348.2661,304.5044
30902716,321.8325,260.1494
31005728,280.7729,308.4141
31109084,232.3696,330.2529
31212784,259.3052,281.4570
31316828,351.3208,263.4639
31421220,289.2622,287.3145
31525960,261.2456,346.8105
31631048,240.6846,295.4009
31736488,302.9385,299.2021
31842280,305.0020,260.2715
31948424,233.9072,297.8975
32054920,236.7983,337.7974
32161772,300.4556,307.6816
32268980,342.7993,293.1489
32376544,253.7314,411.6973
32484468,273.6675,276.3008
32592752,323.2524,263.9409
32701396,235.0747,318.0747
32810404,237.9468,340.6118
32919776,290.5659,298.4028
33029512,281.8208,286.6611
33139612,234.3745,350.9595
33250080,268.4102,287.5869
33360916,315.3936,258.4072
33472120,265.8896,327.7715
33583696,281.5229,306.8237
33695644,401.8257,354.1079
33807964,297.4502,300.9819
33920660,358.6445,331.7231
34033732,276.8521,383.8862
34147180,311.8066,300.8623
34261004,447.0220,370.5400
34375208,363.6904,282.5293
34489796,269.4067,371.8848
34604764,284.1855,291.0093
34720116,416.9707,297.6201
34835852,278.7466,343.7534
34951972,378.1626,316.6958
35068480,298.4873,361.8555
35185376,290.3828,328.9990
35302664,314.3716,285.8936
35420340,258.3716,336.8325
35538408,354.9067,289.2583
35656872,284.1621,343.3960
35775732,335.9873,298.9521
35894988,296.8613,318.8984
36014640,256.6353,311.3257
36134692,345.5049,289.9751
36255144,270.4795,372.6094
36375996,443.2998,288.4448
36497252,282.1553,341.8423
36618912,401.3672,306.3506
36740976,287.1348,319.1650
36863448,388.9321,307.3198
36986328,276.6870,369.9048
37109616,322.4385,315.4590
37233316,301.7280,313.7783
37357428,341.5728,335.7207
37481956,267.5078,324.9448
37606896,342.5229,338.3159
37732256,332.8110,297.1045
37858032,298.7295,339.0386
37984228,324.9897,319.0786
38110844,324.8999,405.0352
38237884,359.1665,422.5659
38365344,359.3594,362.7061
38493232,430.8228,396.9150
38621544,379.0850,388.0303
38750284,363.2197,383.2026
38879452,338.0332,342.3340
39009052,335.0356,372.1143
39139084,378.2310,459.7905
39269548,354.8052,332.3003
39400448,399.2891,315.0381
39531784,277.8262,309.2744
39663560,339.6533,365.0430
39795772,309.8101,318.2817
39928428,322.8364,386.5103
40061524,325.8687,377.5615
40195064,423.1582,419.8618
40329048,370.9390,310.4482
40463480,280.6934,315.4780
40598360,304.1313,357.3530
40733688,422.3438,312.2974
40869468,284.5684,328.4946
41005700,352.7427,302.7954
41142388,299.9126,309.6812
41279532,262.7627,316.0127
41417132,386.0610,297.8418
41555192,286.5186,330.2832
41693712,265.8511,331.8052
41832692,335.5757,372.7720
41972136,370.5879,330.1494
42112044,258.0981,368.8135
42252420,302.4771,335.6719
42393264,472.1450,362.3125
42534576,401.2607,329.6646
42676360,304.3721,300.5234
42818616,268.4668,395.5581
42961348,300.9077,344.7847
43104556,381.8682,349.8022
43248240,295.1719,318.1030
43392404,305.4609,314.9419
43537048,299.7256,332.5322
43682172,318.4043,341.7769
43827780,338.8896,375.5190
43973876,354.0830,367.2549
44120456,441.8677,385.4014
44267528,362.8687,341.1982
44415088,333.7920,327.9844
44563140,326.9521,333.6973
44711684,306.5967,333.4351
44860724,400.1724,444.0078
45010260,398.9780,462.0303
45160296,446.1572,384.5601
45310832,496.9263,446.2822
45461872,355.1465,368.7720
45613412,429.7705,367.3516
45765460,433.7939,449.0024
45918012,409.1802,452.9849
46071076,413.3647,368.5825
46224648,327.6694,347.1704
46378732,291.8662,391.8511
46533328,284.7861,339.4741
46688440,306.6138,332.8872
46844072,314.0347,336.0034
47000220,307.9844,316.8740
47156888,293.3745,370.2529
47314080,298.2773,326.8696
47471796,304.8350,346.4512
47630036,351.3354,365.1543
47788804,317.8740,322.6836
47948104,317.3887,374.8965
48107932,311.8345,328.1313
48268292,313.7334,353.1924
48429188,351.4927,382.4399
48590620,336.5254,327.8740
48752592,347.8667,369.0952
48915104,357.1421,384.2520
49078156,349.9443,371.7817
49241752,419.0376,403.8716
49405892,398.5674,401.8022
49570580,315.4219,340.6924
49735816,328.8164,339.4048
49901604,338.7466,352.5811
50067944,299.6479,342.9341
50234840,351.9458,386.6348
50402292,406.9087,417.4160
50570300,391.6519,379.0669
50738868,354.6865,375.5239
50908000,386.4849,426.1611
51077696,321.5933,324.5737
51247956,283.4263,323.7119
51418784,286.0327,373.0137
51590180,354.6099,397.5244
51762148,411.5234,405.7212
51934692,380.5605,377.3481
52107808,348.3027,440.2925
52281504,335.2183,335.7690
52455776,355.0176,392.9209
52630632,374.1924,416.0127
52806068,365.7441,348.6475
52982092,314.8086,323.4414
53158700,320.1958,358.6895
53335896,336.0410,413.7705
53513684,425.0249,347.6748
53692064,373.7461,364.5723
53871040,318.2676,434.9229
54050612,385.7134,369.9727
54230784,371.2036,469.4141
54411556,394.7290,356.8398
54592928,341.2549,450.4180
54774908,477.9980,406.4810
54957492,339.5059,372.7378
55140684,417.1948,488.3154
55324488,371.3091,354.0049
55508904,340.4131,472.1025
55693936,346.3530,493.6260
55879584,516.5386,383.7642
56065852,311.0327,349.6860
56252740,496.6060,407.5952
56440252,337.9863,359.0107
56628388,307.4429,388.7554
56817152,441.3447,361.3442
57006544,375.0752,396.0063
57196568,419.7861,381.0366
57387224,291.6592,337.7251
57578516,316.0469,450.2148
57770448,376.6294,343.9004
57963020,289.9697,447.5957
58156232,384.9351,394.7725
58350088,391.0747,430.9927
58544592,350.3428,360.1294
58739744,319.9312,467.2925
58935544,373.5112,371.6504
59131996,293.1880,415.1880
59329104,358.7246,345.8198
59526868,404.5405,431.3643
59725292,356.2905,354.2612
59924380,323.3608,430.2100
60124128,395.0073,356.6611
60324544,332.7437,450.8926
60525628,353.1631,354.5171
60727384,439.4868,442.5586
60929812,330.2749,565.2383
61132912,471.6406,602.4844
61336692,323.8511,450.7056
61541148,366.1885,510.5391
61746288,324.2769,454.9229
61952112,372.3359,368.8149
62158620,433.2383,380.7939
62365816,333.5908,425.2085
62573704,373.1763,376.9136
62782284,441.8618,419.7520
62991560,323.3125,481.0361
63201532,370.9448,367.7856
63412204,454.4263,375.1821
63623580,417.4971,425.5781
63835660,347.0015,435.5737
64048448,381.9614,366.7305
64261944,440.4385,413.9912
64476152,344.3999,459.0146
64691076,316.1348,378.8774
64906716,415.1782,378.4106
65123072,419.6104,393.9307
65340152,367.6865,432.3174
65557956,391.7378,498.6919
65776484,371.8755,399.0767
65995740,407.4092,368.1543
66215728,424.4531,415.6938
66436448,314.4058,520.9702
66657904,372.2646,522.0977
66880100,324.3369,480.2163
67103036,350.8208,515.0322
